Zone, Tile_no, Seg_no, Reso, Seg_d_size, Seg_d_time, Bitrate, Bitrate1, Buf_lev, Buf_limit, Elapsed, Ref_vp, Local_avg
Z1, 0, 1, 720, 9960.000000, 0.174842, 56965.717619, 57240.000000, 1.000000, 2, 0.000067, 56965.717619, 56965.717619
Z2, 0, 1, 720, 8952.000000, 0.173910, 51474.900811, 51744.000000, 1.000000, 2, 0.000067, 25737.450405, 25737.450405
Z2, 1, 1, 720, 5424.000000, 0.050937, 106484.480829, 108480.000000, 1.000000, 2, 0.000067, 35494.826943, 35494.826943
Z2, 2, 1, 720, 7080.000000, 0.050981, 138875.267256, 141600.000000, 1.000000, 2, 0.000067, 34718.816814, 34718.816814
Z2, 3, 1, 720, 18976.000000, 0.050993, 372129.507972, 379520.000000, 1.000000, 2, 0.000067, 74425.901594, 74425.901594
Z2, 4, 1, 720, 8720.000000, 0.050890, 171349.970525, 174400.000000, 1.000000, 2, 0.000067, 34269.994105, 34269.994105
Z2, 5, 1, 720, 8336.000000, 0.051016, 163399.717736, 163448.000000, 1.000000, 2, 0.000067, 32679.943547, 32679.943547
Z2, 6, 1, 720, 6376.000000, 0.050963, 125110.374193, 127520.000000, 1.000000, 2, 0.000067, 25022.074839, 25022.074839
Z2, 7, 1, 720, 6872.000000, 0.050887, 135044.313872, 137440.000000, 1.000000, 2, 0.000067, 27008.862774, 27008.862774
Z3, 0, 1, 720, 7080.000000, 0.172236, 41106.388908, 41160.000000, 1.000000, 2, 0.000067, 8221.277782, 8221.277782
Z3, 1, 1, 720, 7080.000000, 0.050878, 139156.413381, 141600.000000, 1.000000, 2, 0.000067, 27831.282676, 27831.282676
Z3, 2, 1, 720, 5664.000000, 0.050912, 111250.785669, 113280.000000, 1.000000, 2, 0.000067, 22250.157134, 22250.157134
Z3, 3, 1, 720, 7080.000000, 0.050765, 139466.167635, 141600.000000, 1.000000, 2, 0.000067, 27893.233527, 27893.233527
Z3, 4, 1, 720, 7080.000000, 0.050851, 139230.300289, 141600.000000, 1.000000, 2, 0.000067, 27846.060058, 27846.060058
Z3, 5, 1, 720, 5664.000000, 0.050883, 111314.191380, 113280.000000, 1.000000, 2, 0.000067, 22262.838276, 22262.838276
Z3, 6, 1, 720, 7080.000000, 0.050848, 139238.514789, 141600.000000, 1.000000, 2, 0.000067, 27847.702958, 27847.702958
Z3, 7, 1, 720, 7080.000000, 0.050926, 139025.252327, 141600.000000, 1.000000, 2, 0.000067, 27805.050465, 27805.050465
Z3, 8, 1, 720, 5664.000000, 0.050924, 111224.569947, 113280.000000, 1.000000, 2, 0.000067, 22244.913989, 22244.913989
Z3, 9, 1, 720, 7080.000000, 0.050869, 139181.033635, 141600.000000, 1.000000, 2, 0.000067, 27836.206727, 27836.206727
Z3, 10, 1, 720, 12904.000000, 0.051019, 252925.380741, 253016.000000, 1.000000, 2, 0.000067, 50585.076148, 50585.076148
Z3, 11, 1, 720, 17344.000000, 0.050981, 340205.174477, 346880.000000, 1.000000, 2, 0.000067, 68041.034895, 68041.034895
Z3, 12, 1, 720, 16912.000000, 0.050882, 332376.871978, 338240.000000, 1.000000, 2, 0.000067, 66475.374396, 66475.374396
Z3, 13, 1, 720, 13240.000000, 0.050852, 260363.407536, 264800.000000, 1.000000, 2, 0.000067, 52072.681507, 52072.681507
Z3, 14, 1, 720, 28328.000000, 0.051077, 554613.622570, 555448.000000, 1.000000, 2, 0.000067, 110922.724514, 110922.724514
Z3, 15, 1, 720, 30528.000000, 0.051027, 598271.503322, 598584.000000, 1.000000, 2, 0.000067, 119654.300664, 119654.300664
Z3, 16, 1, 720, 16360.000000, 0.050934, 321199.984293, 327200.000000, 1.000000, 2, 0.000067, 64239.996859, 64239.996859
Z3, 17, 1, 720, 33216.000000, 0.050942, 652035.648384, 664320.000000, 1.000000, 2, 0.000067, 130407.129677, 130407.129677
Z3, 18, 1, 720, 28000.000000, 0.051050, 548481.880509, 549016.000000, 1.000000, 2, 0.000067, 109696.376102, 109696.376102
Z3, 19, 1, 720, 15744.000000, 0.051015, 308615.113202, 308704.000000, 1.000000, 2, 0.000067, 61723.022640, 61723.022640
Z3, 20, 1, 720, 16024.000000, 0.050903, 314794.805807, 320480.000000, 1.000000, 2, 0.000067, 62958.961161, 62958.961161
Z3, 21, 1, 720, 11576.000000, 0.050956, 227176.387472, 231520.000000, 1.000000, 2, 0.000067, 45435.277494, 45435.277494
Z3, 22, 1, 720, 10816.000000, 0.050974, 212186.604936, 216320.000000, 1.000000, 2, 0.000067, 42437.320987, 42437.320987
Z3, 23, 1, 720, 13224.000000, 0.051050, 259040.156709, 259288.000000, 1.000000, 2, 0.000067, 51808.031342, 51808.031342
Z3, 24, 1, 720, 17528.000000, 0.051083, 343127.850753, 343680.000000, 1.000000, 2, 0.000067, 68625.570151, 68625.570151
Z3, 25, 1, 720, 23824.000000, 0.050985, 467274.688634, 476480.000000, 1.000000, 2, 0.000067, 93454.937727, 93454.937727
Z3, 26, 1, 720, 11024.000000, 0.050869, 216713.519039, 220480.000000, 1.000000, 2, 0.000067, 43342.703808, 43342.703808
Z3, 27, 1, 720, 15112.000000, 0.050994, 296348.590030, 302240.000000, 1.000000, 2, 0.000067, 59269.718006, 59269.718006
Z3, 28, 1, 720, 24552.000000, 0.051071, 480742.495741, 481408.000000, 1.000000, 2, 0.000067, 96148.499148, 96148.499148
Z3, 29, 1, 720, 10824.000000, 0.050978, 212326.886108, 216480.000000, 1.000000, 2, 0.000067, 42465.377222, 42465.377222
Z3, 30, 1, 720, 6872.000000, 0.050825, 135209.050664, 137440.000000, 1.000000, 2, 0.000067, 27041.810133, 27041.810133
Z3, 31, 1, 720, 6872.000000, 0.050927, 134938.244939, 137440.000000, 1.000000, 2, 0.000067, 26987.648988, 26987.648988
Z3, 32, 1, 720, 6376.000000, 0.050938, 125171.777455, 127520.000000, 1.000000, 2, 0.000067, 25034.355491, 25034.355491
Z3, 33, 1, 720, 6872.000000, 0.050935, 134917.051144, 137440.000000, 1.000000, 2, 0.000067, 26983.410229, 26983.410229
Z3, 34, 1, 720, 6872.000000, 0.050815, 135235.658762, 137440.000000, 1.000000, 2, 0.000067, 27047.131752, 27047.131752
Z3, 35, 1, 720, 6376.000000, 0.050938, 125171.777455, 127520.000000, 1.000000, 2, 0.000067, 25034.355491, 25034.355491
Z3, 36, 1, 720, 6872.000000, 0.050902, 135004.518487, 137440.000000, 1.000000, 2, 0.000067, 27000.903697, 27000.903697
Z3, 37, 1, 720, 6872.000000, 0.050941, 134901.160166, 137440.000000, 1.000000, 2, 0.000067, 26980.232033, 26980.232033
Z3, 38, 1, 720, 6376.000000, 0.050902, 125260.304114, 127520.000000, 1.000000, 2, 0.000067, 25052.060823, 25052.060823
Z1, 0, 2, 720, 18392.000000, 0.171165, 107451.873923, 107552.000000, 1.000000, 2, 2.820212, 46542.435607, 46542.435607
Z2, 0, 2, 720, 7080.000000, 0.173321, 40849.060414, 40920.000000, 1.000000, 2, 2.820212, 33221.872906, 33221.872906
Z2, 1, 2, 720, 12648.000000, 0.051050, 247757.100881, 248000.000000, 1.000000, 2, 2.820212, 74603.480999, 74603.480999
Z2, 2, 2, 720, 15344.000000, 0.051018, 300756.595711, 300856.000000, 1.000000, 2, 2.820212, 85203.379965, 85203.379965
Z2, 3, 2, 720, 9160.000000, 0.050939, 179822.925460, 183200.000000, 1.000000, 2, 2.820212, 61016.645915, 61016.645915
Z2, 4, 2, 720, 8048.000000, 0.050864, 158225.857188, 160960.000000, 1.000000, 2, 2.820212, 56697.232260, 56697.232260
Z2, 5, 2, 720, 9320.000000, 0.051019, 182677.041886, 182744.000000, 1.000000, 2, 2.820212, 61587.469200, 61587.469200
Z2, 6, 2, 720, 6376.000000, 0.051023, 124963.251867, 125016.000000, 1.000000, 2, 2.820212, 50044.711196, 50044.711196
Z2, 7, 2, 720, 6872.000000, 0.050927, 134938.244939, 137440.000000, 1.000000, 2, 2.820212, 52039.709811, 52039.709811
Z3, 0, 2, 720, 6624.000000, 0.173625, 38151.187905, 38288.000000, 1.000000, 2, 2.820212, 32682.298404, 32682.298404
Z3, 1, 2, 720, 5424.000000, 0.050948, 106461.490147, 108480.000000, 1.000000, 2, 2.820212, 46344.358852, 46344.358852
Z3, 2, 2, 720, 7080.000000, 0.051023, 138760.950944, 138816.000000, 1.000000, 2, 2.820212, 52804.251011, 52804.251011
Z3, 3, 2, 720, 7080.000000, 0.051008, 138801.756587, 138816.000000, 1.000000, 2, 2.820212, 52812.412140, 52812.412140
Z3, 4, 2, 720, 5664.000000, 0.050996, 111067.534709, 113280.000000, 1.000000, 2, 2.820212, 47265.567764, 47265.567764
Z3, 5, 2, 720, 7080.000000, 0.051017, 138777.270322, 138816.000000, 1.000000, 2, 2.820212, 52807.514887, 52807.514887
Z3, 6, 2, 720, 7080.000000, 0.050971, 138902.513194, 141600.000000, 1.000000, 2, 2.820212, 52832.563462, 52832.563462
Z3, 7, 2, 720, 5664.000000, 0.050946, 111176.539866, 113280.000000, 1.000000, 2, 2.820212, 47287.368796, 47287.368796
Z3, 8, 2, 720, 7080.000000, 0.050927, 139022.522434, 141600.000000, 1.000000, 2, 2.820212, 52856.565310, 52856.565310
Z3, 9, 2, 720, 7080.000000, 0.050913, 139060.750692, 141600.000000, 1.000000, 2, 2.820212, 52864.210961, 52864.210961
Z3, 10, 2, 720, 5664.000000, 0.050944, 111180.904523, 113280.000000, 1.000000, 2, 2.820212, 47288.241727, 47288.241727
Z3, 11, 2, 720, 7080.000000, 0.050944, 138976.130653, 141600.000000, 1.000000, 2, 2.820212, 52847.286953, 52847.286953
Z3, 12, 2, 720, 17112.000000, 0.051010, 335463.634581, 335528.000000, 1.000000, 2, 2.820212, 92144.787739, 92144.787739
Z3, 13, 2, 720, 15320.000000, 0.051023, 300256.746957, 300392.000000, 1.000000, 2, 2.820212, 85103.410214, 85103.410214
Z3, 14, 2, 720, 10704.000000, 0.051018, 209808.302952, 209880.000000, 1.000000, 2, 2.820212, 67013.721413, 67013.721413
Z3, 15, 2, 720, 18776.000000, 0.051046, 367825.098930, 368152.000000, 1.000000, 2, 2.820212, 98617.080609, 98617.080609
Z3, 16, 2, 720, 21848.000000, 0.051034, 428106.752361, 428392.000000, 1.000000, 2, 2.820212, 110673.411295, 110673.411295
Z3, 17, 2, 720, 12752.000000, 0.051031, 249887.323392, 250032.000000, 1.000000, 2, 2.820212, 75029.525501, 75029.525501
Z3, 18, 2, 720, 21856.000000, 0.051106, 427660.157320, 428544.000000, 1.000000, 2, 2.820212, 110584.092287, 110584.092287
Z3, 19, 2, 720, 16880.000000, 0.051086, 330423.207924, 330976.000000, 1.000000, 2, 2.820212, 91136.702408, 91136.702408
Z3, 20, 2, 720, 12128.000000, 0.050943, 238069.999804, 242560.000000, 1.000000, 2, 2.820212, 72666.060783, 72666.060783
Z3, 21, 2, 720, 11592.000000, 0.050963, 227459.137021, 231840.000000, 1.000000, 2, 2.820212, 70543.888227, 70543.888227
Z3, 22, 2, 720, 9952.000000, 0.051034, 195007.250069, 195136.000000, 1.000000, 2, 2.820212, 64053.510836, 64053.510836
Z3, 23, 2, 720, 11064.000000, 0.050990, 216983.722298, 221280.000000, 1.000000, 2, 2.820212, 68448.805282, 68448.805282
Z3, 24, 2, 720, 14728.000000, 0.050976, 288920.276208, 294560.000000, 1.000000, 2, 2.820212, 82836.116064, 82836.116064
Z3, 25, 2, 720, 16264.000000, 0.050989, 318970.758399, 325280.000000, 1.000000, 2, 2.820212, 88846.212503, 88846.212503
Z3, 26, 2, 720, 9504.000000, 0.050978, 186433.363412, 190080.000000, 1.000000, 2, 2.820212, 62338.733505, 62338.733505
Z3, 27, 2, 720, 12688.000000, 0.051040, 248589.341693, 248784.000000, 1.000000, 2, 2.820212, 74769.929161, 74769.929161
Z3, 28, 2, 720, 17320.000000, 0.050939, 340014.527180, 346400.000000, 1.000000, 2, 2.820212, 93054.966259, 93054.966259
Z3, 29, 2, 720, 10632.000000, 0.050994, 208495.117073, 212640.000000, 1.000000, 2, 2.820212, 66751.084237, 66751.084237
Z3, 30, 2, 720, 6872.000000, 0.050924, 134946.194329, 137440.000000, 1.000000, 2, 2.820212, 52041.299689, 52041.299689
Z3, 31, 2, 720, 6872.000000, 0.050956, 134861.449093, 137440.000000, 1.000000, 2, 2.820212, 52024.350641, 52024.350641
Z3, 32, 2, 720, 6376.000000, 0.050898, 125270.148139, 127520.000000, 1.000000, 2, 2.820212, 50106.090451, 50106.090451
Z3, 33, 2, 720, 6872.000000, 0.050884, 135052.275764, 137440.000000, 1.000000, 2, 2.820212, 52062.515976, 52062.515976
Z3, 34, 2, 720, 6872.000000, 0.050958, 134856.156050, 137440.000000, 1.000000, 2, 2.820212, 52023.292033, 52023.292033
Z3, 35, 2, 720, 6376.000000, 0.050905, 125252.922110, 127520.000000, 1.000000, 2, 2.820212, 50102.645245, 50102.645245
Z3, 36, 2, 720, 6872.000000, 0.050917, 134964.746548, 137440.000000, 1.000000, 2, 2.820212, 52045.010132, 52045.010132
Z3, 37, 2, 720, 6872.000000, 0.050926, 134940.894631, 137440.000000, 1.000000, 2, 2.820212, 52040.239749, 52040.239749
Z3, 38, 2, 720, 6376.000000, 0.050930, 125191.439230, 127520.000000, 1.000000, 2, 2.820212, 50090.348669, 50090.348669
Z1, 0, 3, 720, 9896.000000, 0.168248, 58817.935429, 58904.000000, 1.000000, 2, 5.639519, 61853.935755, 61853.935755
Z2, 0, 3, 720, 6624.000000, 0.172656, 38365.304420, 38504.000000, 1.000000, 2, 5.639519, 57763.409553, 57763.409553
Z2, 1, 3, 720, 5424.000000, 0.050968, 106419.714331, 108480.000000, 1.000000, 2, 5.639519, 71374.291535, 71374.291535
Z2, 2, 3, 720, 7080.000000, 0.050903, 139088.069465, 141600.000000, 1.000000, 2, 5.639519, 77907.962562, 77907.962562
Z2, 3, 3, 720, 18632.000000, 0.050999, 365340.496872, 372640.000000, 1.000000, 2, 5.639519, 123158.448043, 123158.448043
Z2, 4, 3, 720, 9664.000000, 0.050956, 189653.818981, 193280.000000, 1.000000, 2, 5.639519, 88021.112465, 88021.112465
Z2, 5, 3, 720, 8424.000000, 0.050908, 165474.974464, 168480.000000, 1.000000, 2, 5.639519, 83185.343562, 83185.343562
Z2, 6, 3, 720, 6376.000000, 0.050985, 125056.389134, 127520.000000, 1.000000, 2, 5.639519, 75101.626496, 75101.626496
Z2, 7, 3, 720, 6872.000000, 0.050902, 135004.518487, 137440.000000, 1.000000, 2, 5.639519, 77091.252366, 77091.252366
Z3, 0, 3, 720, 7080.000000, 0.172166, 41123.102122, 41160.000000, 1.000000, 2, 5.639519, 58314.969093, 58314.969093
Z3, 1, 3, 720, 7080.000000, 0.050771, 139449.685844, 141600.000000, 1.000000, 2, 5.639519, 77980.285838, 77980.285838
Z3, 2, 3, 720, 5664.000000, 0.051089, 110865.352620, 111056.000000, 1.000000, 2, 5.639519, 72263.419193, 72263.419193
Z3, 3, 3, 720, 7080.000000, 0.051010, 138796.314448, 138816.000000, 1.000000, 2, 5.639519, 77849.611558, 77849.611558
Z3, 4, 3, 720, 7080.000000, 0.051057, 138668.546918, 138816.000000, 1.000000, 2, 5.639519, 77824.058052, 77824.058052
Z3, 5, 3, 720, 5664.000000, 0.051016, 111023.992473, 111056.000000, 1.000000, 2, 5.639519, 72295.147163, 72295.147163
Z3, 6, 3, 720, 7080.000000, 0.050948, 138965.219439, 141600.000000, 1.000000, 2, 5.639519, 77883.392557, 77883.392557
Z3, 7, 3, 720, 7080.000000, 0.051037, 138722.887317, 138816.000000, 1.000000, 2, 5.639519, 77834.926132, 77834.926132
Z3, 8, 3, 720, 5664.000000, 0.051018, 111019.640127, 111056.000000, 1.000000, 2, 5.639519, 72294.276694, 72294.276694
Z3, 9, 3, 720, 7080.000000, 0.051029, 138744.635403, 138816.000000, 1.000000, 2, 5.639519, 77839.275750, 77839.275750
Z3, 10, 3, 720, 14120.000000, 0.051092, 276364.205746, 276856.000000, 1.000000, 2, 5.639519, 105363.189818, 105363.189818
Z3, 11, 3, 720, 17536.000000, 0.051098, 343183.686250, 343840.000000, 1.000000, 2, 5.639519, 118727.085919, 118727.085919
Z3, 12, 3, 720, 16008.000000, 0.051067, 313470.538704, 313880.000000, 1.000000, 2, 5.639519, 112784.456410, 112784.456410
Z3, 13, 3, 720, 10896.000000, 0.051122, 213137.201205, 213640.000000, 1.000000, 2, 5.639519, 92717.788910, 92717.788910
Z3, 14, 3, 720, 19720.000000, 0.051067, 386159.359273, 386664.000000, 1.000000, 2, 5.639519, 127322.220523, 127322.220523
Z3, 15, 3, 720, 20104.000000, 0.051163, 392940.210699, 394192.000000, 1.000000, 2, 5.639519, 128678.390809, 128678.390809
Z3, 16, 3, 720, 12504.000000, 0.051090, 244744.568409, 245176.000000, 1.000000, 2, 5.639519, 99039.262351, 99039.262351
Z3, 17, 3, 720, 23072.000000, 0.051049, 451957.922780, 452392.000000, 1.000000, 2, 5.639519, 140481.933225, 140481.933225
Z3, 18, 3, 720, 18112.000000, 0.051001, 355130.291563, 355136.000000, 1.000000, 2, 5.639519, 121116.406981, 121116.406981
Z3, 19, 3, 720, 12544.000000, 0.051028, 245825.821118, 245960.000000, 1.000000, 2, 5.639519, 99255.512892, 99255.512892
Z3, 20, 3, 720, 15304.000000, 0.051012, 300007.841292, 300072.000000, 1.000000, 2, 5.639519, 110091.916927, 110091.916927
Z3, 21, 3, 720, 12280.000000, 0.051002, 240774.871574, 240784.000000, 1.000000, 2, 5.639519, 98245.322984, 98245.322984
Z3, 22, 3, 720, 10368.000000, 0.050954, 203477.646505, 207360.000000, 1.000000, 2, 5.639519, 90785.877970, 90785.877970
Z3, 23, 3, 720, 10520.000000, 0.051074, 205975.643184, 206272.000000, 1.000000, 2, 5.639519, 91285.477306, 91285.477306
Z3, 24, 3, 720, 15288.000000, 0.051045, 299500.440788, 299760.000000, 1.000000, 2, 5.639519, 109990.436826, 109990.436826
Z3, 25, 3, 720, 16344.000000, 0.051092, 319893.525405, 320464.000000, 1.000000, 2, 5.639519, 114069.053750, 114069.053750
Z3, 26, 3, 720, 9016.000000, 0.050950, 176957.801766, 180320.000000, 1.000000, 2, 5.639519, 85481.909022, 85481.909022
Z3, 27, 3, 720, 13800.000000, 0.050962, 270790.000392, 276000.000000, 1.000000, 2, 5.639519, 104248.348747, 104248.348747
Z3, 28, 3, 720, 17664.000000, 0.051015, 346251.102617, 346352.000000, 1.000000, 2, 5.639519, 119340.569192, 119340.569192
Z3, 29, 3, 720, 10240.000000, 0.051011, 200741.016643, 200784.000000, 1.000000, 2, 5.639519, 90238.551998, 90238.551998
Z3, 30, 3, 720, 6872.000000, 0.050887, 135044.313872, 137440.000000, 1.000000, 2, 5.639519, 77099.211443, 77099.211443
Z3, 31, 3, 720, 6872.000000, 0.050940, 134903.808402, 137440.000000, 1.000000, 2, 5.639519, 77071.110349, 77071.110349
Z3, 32, 3, 720, 6376.000000, 0.050797, 125519.223576, 127520.000000, 1.000000, 2, 5.639519, 75194.193384, 75194.193384
Z3, 33, 3, 720, 6872.000000, 0.050956, 134861.449093, 137440.000000, 1.000000, 2, 5.639519, 77062.638487, 77062.638487
Z3, 34, 3, 720, 6872.000000, 0.050906, 134993.910345, 137440.000000, 1.000000, 2, 5.639519, 77089.130738, 77089.130738
Z3, 35, 3, 720, 6376.000000, 0.050779, 125563.717285, 127520.000000, 1.000000, 2, 5.639519, 75203.092126, 75203.092126
Z3, 36, 3, 720, 6872.000000, 0.050858, 135121.318180, 137440.000000, 1.000000, 2, 5.639519, 77114.612305, 77114.612305
Z3, 37, 3, 720, 6872.000000, 0.050864, 135105.379050, 137440.000000, 1.000000, 2, 5.639519, 77111.424479, 77111.424479
Z3, 38, 3, 720, 6376.000000, 0.050849, 125390.863144, 127520.000000, 1.000000, 2, 5.639519, 75168.521298, 75168.521298
Z1, 0, 4, 720, 22592.000000, 0.169799, 133051.431398, 133680.000000, 1.000000, 2, 8.454003, 101778.807577, 101778.807577
Z2, 0, 4, 720, 6624.000000, 0.172088, 38491.934359, 38504.000000, 1.000000, 2, 8.454003, 82866.908169, 82866.908169
Z2, 1, 4, 720, 6648.000000, 0.050991, 130375.948697, 132960.000000, 1.000000, 2, 8.454003, 101243.711037, 101243.711037
Z2, 2, 4, 720, 7200.000000, 0.050966, 141270.651022, 144000.000000, 1.000000, 2, 8.454003, 103422.651502, 103422.651502
Z2, 3, 4, 720, 7296.000000, 0.050994, 143075.655960, 145920.000000, 1.000000, 2, 8.454003, 103783.652489, 103783.652489
Z2, 4, 4, 720, 17272.000000, 0.051094, 338043.605903, 338664.000000, 1.000000, 2, 8.454003, 142777.242478, 142777.242478
Z2, 5, 4, 720, 26240.000000, 0.051133, 513171.533061, 514504.000000, 1.000000, 2, 8.454003, 177802.827910, 177802.827910
Z2, 6, 4, 720, 12720.000000, 0.050964, 249587.944431, 254400.000000, 1.000000, 2, 8.454003, 125086.110184, 125086.110184
Z2, 7, 4, 720, 11496.000000, 0.050847, 226090.034810, 229920.000000, 1.000000, 2, 8.454003, 120386.528260, 120386.528260
Z3, 0, 4, 720, 6448.000000, 0.170546, 37807.981424, 37928.000000, 1.000000, 2, 8.454003, 82730.117582, 82730.117582
Z3, 1, 4, 720, 7448.000000, 0.050984, 146085.046289, 148960.000000, 1.000000, 2, 8.454003, 104385.530555, 104385.530555
Z3, 2, 4, 720, 7424.000000, 0.051037, 145463.095401, 145568.000000, 1.000000, 2, 8.454003, 104261.140378, 104261.140378
Z3, 3, 4, 720, 6648.000000, 0.050997, 130360.609448, 132960.000000, 1.000000, 2, 8.454003, 101240.643187, 101240.643187
Z3, 4, 4, 720, 7224.000000, 0.050938, 141819.466803, 144480.000000, 1.000000, 2, 8.454003, 103532.414658, 103532.414658
Z3, 5, 4, 720, 7240.000000, 0.050934, 142144.736325, 144800.000000, 1.000000, 2, 8.454003, 103597.468563, 103597.468563
Z3, 6, 4, 720, 6648.000000, 0.050949, 130483.424601, 132960.000000, 1.000000, 2, 8.454003, 101265.206218, 101265.206218
Z3, 7, 4, 720, 7232.000000, 0.050901, 142079.723385, 144640.000000, 1.000000, 2, 8.454003, 103584.465975, 103584.465975
Z3, 8, 4, 720, 7296.000000, 0.050905, 143325.802966, 145920.000000, 1.000000, 2, 8.454003, 103833.681891, 103833.681891
Z3, 9, 4, 720, 16456.000000, 0.051014, 322578.115811, 322664.000000, 1.000000, 2, 8.454003, 139684.144460, 139684.144460
Z3, 10, 4, 720, 25392.000000, 0.051091, 496995.556947, 497880.000000, 1.000000, 2, 8.454003, 174567.632687, 174567.632687
Z3, 11, 4, 720, 21592.000000, 0.051014, 423256.360999, 423368.000000, 1.000000, 2, 8.454003, 159819.793497, 159819.793497
Z3, 12, 4, 720, 13528.000000, 0.050989, 265312.126145, 270560.000000, 1.000000, 2, 8.454003, 128230.946527, 128230.946527
Z3, 13, 4, 720, 29512.000000, 0.051064, 577941.406862, 578664.000000, 1.000000, 2, 8.454003, 190756.802670, 190756.802670
Z3, 14, 4, 720, 29688.000000, 0.051083, 581171.818413, 582112.000000, 1.000000, 2, 8.454003, 191402.884980, 191402.884980
Z3, 15, 4, 720, 16760.000000, 0.051028, 328447.127067, 328624.000000, 1.000000, 2, 8.454003, 140857.946711, 140857.946711
Z3, 16, 4, 720, 33128.000000, 0.051023, 649275.816789, 649568.000000, 1.000000, 2, 8.454003, 205023.684655, 205023.684655
Z3, 17, 4, 720, 26248.000000, 0.051042, 514243.172289, 514664.000000, 1.000000, 2, 8.454003, 178017.155755, 178017.155755
Z3, 18, 4, 720, 14624.000000, 0.051036, 286542.832510, 286744.000000, 1.000000, 2, 8.454003, 132477.087800, 132477.087800
Z3, 19, 4, 720, 26816.000000, 0.051070, 525083.219111, 525800.000000, 1.000000, 2, 8.454003, 180185.165120, 180185.165120
Z3, 20, 4, 720, 23128.000000, 0.051089, 452700.189865, 453488.000000, 1.000000, 2, 8.454003, 165708.559271, 165708.559271
Z3, 21, 4, 720, 19440.000000, 0.050992, 381236.272356, 388800.000000, 1.000000, 2, 8.454003, 151415.775769, 151415.775769
Z3, 22, 4, 720, 29088.000000, 0.051097, 569270.211558, 570352.000000, 1.000000, 2, 8.454003, 189022.563609, 189022.563609
Z3, 23, 4, 720, 29840.000000, 0.051161, 583256.777624, 585096.000000, 1.000000, 2, 8.454003, 191819.876822, 191819.876822
Z3, 24, 4, 720, 17200.000000, 0.050961, 337513.000137, 344000.000000, 1.000000, 2, 8.454003, 142671.121325, 142671.121325
Z3, 25, 4, 720, 25664.000000, 0.051109, 502142.479798, 503208.000000, 1.000000, 2, 8.454003, 175597.017257, 175597.017257
Z3, 26, 4, 720, 26808.000000, 0.051091, 524710.810123, 525640.000000, 1.000000, 2, 8.454003, 180110.683322, 180110.683322
Z3, 27, 4, 720, 17472.000000, 0.050895, 343295.019157, 349440.000000, 1.000000, 2, 8.454003, 143827.525129, 143827.525129
Z3, 28, 4, 720, 6448.000000, 0.050966, 126515.716360, 128960.000000, 1.000000, 2, 8.454003, 100471.664570, 100471.664570
Z3, 29, 4, 720, 7200.000000, 0.050878, 141514.996659, 144000.000000, 1.000000, 2, 8.454003, 103471.520629, 103471.520629
Z3, 30, 4, 720, 7520.000000, 0.050948, 147601.476015, 150400.000000, 1.000000, 2, 8.454003, 104688.816501, 104688.816501
Z3, 31, 4, 720, 6728.000000, 0.050933, 132095.105334, 134560.000000, 1.000000, 2, 8.454003, 101587.542364, 101587.542364
Z3, 32, 4, 720, 7224.000000, 0.050925, 141855.670103, 144480.000000, 1.000000, 2, 8.454003, 103539.655318, 103539.655318
Z3, 33, 4, 720, 7256.000000, 0.050936, 142453.274698, 145120.000000, 1.000000, 2, 8.454003, 103659.176237, 103659.176237
Z3, 34, 4, 720, 6544.000000, 0.050938, 128469.904590, 130880.000000, 1.000000, 2, 8.454003, 100862.502216, 100862.502216
Z3, 35, 4, 720, 12272.000000, 0.050992, 240665.202385, 245440.000000, 1.000000, 2, 8.454003, 123301.561775, 123301.561775
Z3, 36, 4, 720, 8544.000000, 0.050896, 167871.738447, 170880.000000, 1.000000, 2, 8.454003, 108742.868987, 108742.868987
Z3, 37, 4, 720, 6424.000000, 0.050936, 126119.051359, 128480.000000, 1.000000, 2, 8.454003, 100392.331569, 100392.331569
Z3, 38, 4, 720, 6872.000000, 0.050946, 134887.920543, 137440.000000, 1.000000, 2, 8.454003, 102146.105406, 102146.105406
Z1, 0, 5, 720, 20272.000000, 0.170967, 118572.590032, 119240.000000, 1.000000, 2, 11.268832, 125860.623413, 125860.623413
Z2, 0, 5, 720, 6624.000000, 0.172499, 38400.222610, 38504.000000, 1.000000, 2, 11.268832, 109826.149928, 109826.149928
Z2, 1, 5, 720, 7616.000000, 0.050904, 149614.961496, 152320.000000, 1.000000, 2, 11.268832, 132069.097705, 132069.097705
Z2, 2, 5, 720, 8792.000000, 0.050947, 172571.495868, 175840.000000, 1.000000, 2, 11.268832, 136660.404580, 136660.404580
Z2, 3, 5, 720, 8816.000000, 0.050940, 173066.352572, 176320.000000, 1.000000, 2, 11.268832, 136759.375921, 136759.375921
Z2, 4, 5, 720, 14976.000000, 0.051012, 293577.981651, 293640.000000, 1.000000, 2, 11.268832, 160861.701737, 160861.701737
Z2, 5, 5, 720, 25312.000000, 0.051158, 494780.874936, 496312.000000, 1.000000, 2, 11.268832, 201102.280394, 201102.280394
Z2, 6, 5, 720, 13208.000000, 0.050977, 259097.239932, 264160.000000, 1.000000, 2, 11.268832, 153965.553393, 153965.553393
Z2, 7, 5, 720, 16320.000000, 0.050876, 320779.935530, 326400.000000, 1.000000, 2, 11.268832, 166302.092512, 166302.092512
Z3, 0, 5, 720, 7712.000000, 0.173527, 44442.651576, 44576.000000, 1.000000, 2, 11.268832, 111034.635721, 111034.635721
Z3, 1, 5, 720, 9624.000000, 0.050939, 188931.859675, 192480.000000, 1.000000, 2, 11.268832, 139932.477341, 139932.477341
Z3, 2, 5, 720, 9096.000000, 0.050960, 178492.935636, 181920.000000, 1.000000, 2, 11.268832, 137844.692533, 137844.692533
Z3, 3, 5, 720, 7632.000000, 0.050889, 149973.471674, 152640.000000, 1.000000, 2, 11.268832, 132140.799741, 132140.799741
Z3, 4, 5, 720, 8304.000000, 0.050917, 163088.948681, 166080.000000, 1.000000, 2, 11.268832, 134763.895142, 134763.895142
Z3, 5, 5, 720, 8504.000000, 0.050935, 166957.887504, 170080.000000, 1.000000, 2, 11.268832, 135537.682907, 135537.682907
Z3, 6, 5, 720, 7384.000000, 0.051004, 144772.958984, 144784.000000, 1.000000, 2, 11.268832, 131100.697203, 131100.697203
Z3, 7, 5, 720, 8968.000000, 0.050985, 175894.871041, 179360.000000, 1.000000, 2, 11.268832, 137325.079614, 137325.079614
Z3, 8, 5, 720, 8912.000000, 0.051000, 174745.098039, 174744.000000, 1.000000, 2, 11.268832, 137095.125014, 137095.125014
Z3, 9, 5, 720, 16688.000000, 0.051044, 326933.625891, 327208.000000, 1.000000, 2, 11.268832, 167532.830585, 167532.830585
Z3, 10, 5, 720, 23832.000000, 0.051122, 466178.944486, 467288.000000, 1.000000, 2, 11.268832, 195381.894303, 195381.894303
Z3, 11, 5, 720, 21144.000000, 0.050953, 414970.659235, 422880.000000, 1.000000, 2, 11.268832, 185140.237253, 185140.237253
Z3, 12, 5, 720, 14272.000000, 0.050882, 280492.119020, 285440.000000, 1.000000, 2, 11.268832, 158244.529210, 158244.529210
Z3, 13, 5, 720, 27640.000000, 0.051053, 541398.154859, 541960.000000, 1.000000, 2, 11.268832, 210425.736378, 210425.736378
Z3, 14, 5, 720, 33288.000000, 0.051145, 650855.411086, 652704.000000, 1.000000, 2, 11.268832, 232317.187623, 232317.187623
Z3, 15, 5, 720, 17576.000000, 0.051029, 344431.597719, 344624.000000, 1.000000, 2, 11.268832, 171032.424950, 171032.424950
Z3, 16, 5, 720, 34872.000000, 0.051107, 682333.144188, 683760.000000, 1.000000, 2, 11.268832, 238612.734244, 238612.734244
Z3, 17, 5, 720, 27336.000000, 0.051099, 534961.545236, 536000.000000, 1.000000, 2, 11.268832, 209138.414453, 209138.414453
Z3, 18, 5, 720, 18312.000000, 0.051070, 358566.673194, 359056.000000, 1.000000, 2, 11.268832, 173859.440045, 173859.440045
Z3, 19, 5, 720, 41432.000000, 0.051196, 809281.975154, 812392.000000, 1.000000, 2, 11.268832, 264002.500437, 264002.500437
Z3, 20, 5, 720, 36760.000000, 0.051110, 719233.026805, 720784.000000, 1.000000, 2, 11.268832, 245992.710767, 245992.710767
Z3, 21, 5, 720, 21272.000000, 0.051038, 416787.491673, 417096.000000, 1.000000, 2, 11.268832, 185503.603741, 185503.603741
Z3, 22, 5, 720, 43464.000000, 0.051210, 848740.480375, 852232.000000, 1.000000, 2, 11.268832, 271894.201481, 271894.201481
Z3, 23, 5, 720, 42000.000000, 0.051165, 820873.644093, 823528.000000, 1.000000, 2, 11.268832, 266320.834225, 266320.834225
Z3, 24, 5, 720, 20304.000000, 0.051087, 397439.661753, 398112.000000, 1.000000, 2, 11.268832, 181634.037757, 181634.037757
Z3, 25, 5, 720, 32736.000000, 0.051057, 641165.755920, 641880.000000, 1.000000, 2, 11.268832, 230379.256590, 230379.256590
Z3, 26, 5, 720, 34608.000000, 0.051139, 676743.776765, 678584.000000, 1.000000, 2, 11.268832, 237494.860759, 237494.860759
Z3, 27, 5, 720, 21272.000000, 0.051111, 416192.209113, 417096.000000, 1.000000, 2, 11.268832, 185384.547229, 185384.547229
Z3, 28, 5, 720, 8752.000000, 0.051004, 171594.384754, 171600.000000, 1.000000, 2, 11.268832, 136464.982357, 136464.982357
Z3, 29, 5, 720, 12760.000000, 0.051057, 249916.759700, 250192.000000, 1.000000, 2, 11.268832, 152129.457346, 152129.457346
Z3, 30, 5, 720, 15440.000000, 0.051035, 302537.474282, 302744.000000, 1.000000, 2, 11.268832, 162653.600263, 162653.600263
Z3, 31, 5, 720, 10000.000000, 0.051111, 195652.599245, 196072.000000, 1.000000, 2, 11.268832, 141276.625255, 141276.625255
Z3, 32, 5, 720, 15200.000000, 0.051227, 296718.527339, 298032.000000, 1.000000, 2, 11.268832, 161489.810874, 161489.810874
Z3, 33, 5, 720, 18352.000000, 0.051048, 359504.779815, 359840.000000, 1.000000, 2, 11.268832, 174047.061369, 174047.061369
Z3, 34, 5, 720, 11224.000000, 0.051045, 219884.415712, 220072.000000, 1.000000, 2, 11.268832, 146122.988549, 146122.988549
Z3, 35, 5, 720, 23240.000000, 0.050990, 455775.642283, 464800.000000, 1.000000, 2, 11.268832, 193301.233863, 193301.233863
Z3, 36, 5, 720, 16824.000000, 0.051006, 329843.547818, 329880.000000, 1.000000, 2, 11.268832, 168114.814970, 168114.814970
Z3, 37, 5, 720, 9680.000000, 0.050993, 189829.976663, 193600.000000, 1.000000, 2, 11.268832, 140112.100739, 140112.100739
Z3, 38, 5, 720, 12888.000000, 0.050959, 252909.201515, 257760.000000, 1.000000, 2, 11.268832, 152727.945709, 152727.945709
Z1, 0, 6, 720, 14912.000000, 0.176189, 84636.384791, 84720.000000, 1.000000, 2, 14.089767, 144603.161845, 144603.161845
Z2, 0, 6, 720, 6624.000000, 0.177791, 37257.228994, 37416.000000, 1.000000, 2, 14.089767, 135127.330685, 135127.330685
Z2, 1, 6, 720, 6768.000000, 0.050684, 133533.264936, 135360.000000, 1.000000, 2, 14.089767, 154382.537874, 154382.537874
Z2, 2, 6, 720, 7488.000000, 0.050856, 147239.263804, 149760.000000, 1.000000, 2, 14.089767, 157123.737647, 157123.737647
Z2, 3, 6, 720, 7752.000000, 0.050866, 152400.424645, 155040.000000, 1.000000, 2, 14.089767, 158155.969816, 158155.969816
Z2, 4, 6, 720, 10768.000000, 0.050927, 211439.904177, 215360.000000, 1.000000, 2, 14.089767, 169963.865722, 169963.865722
Z2, 5, 6, 720, 17456.000000, 0.050959, 342549.893051, 349120.000000, 1.000000, 2, 14.089767, 196185.863497, 196185.863497
Z2, 6, 6, 720, 9568.000000, 0.050882, 188042.922841, 191360.000000, 1.000000, 2, 14.089767, 165284.469455, 165284.469455
Z2, 7, 6, 720, 12800.000000, 0.050813, 251904.040305, 256000.000000, 1.000000, 2, 14.089767, 178056.692947, 178056.692947
Z3, 0, 6, 720, 6760.000000, 0.173508, 38960.739562, 39072.000000, 1.000000, 2, 14.089767, 135468.032799, 135468.032799
Z3, 1, 6, 720, 8320.000000, 0.050895, 163473.818646, 166400.000000, 1.000000, 2, 14.089767, 160370.648616, 160370.648616
Z3, 2, 6, 720, 7800.000000, 0.050924, 153169.428953, 156000.000000, 1.000000, 2, 14.089767, 158309.770677, 158309.770677
Z3, 3, 6, 720, 6928.000000, 0.050881, 136160.845895, 138560.000000, 1.000000, 2, 14.089767, 154908.054066, 154908.054066
Z3, 4, 6, 720, 7472.000000, 0.050952, 146647.825404, 149440.000000, 1.000000, 2, 14.089767, 157005.449967, 157005.449967
Z3, 5, 6, 720, 7416.000000, 0.050904, 145685.997171, 148320.000000, 1.000000, 2, 14.089767, 156813.084321, 156813.084321
Z3, 6, 6, 720, 6760.000000, 0.050881, 132859.023997, 135200.000000, 1.000000, 2, 14.089767, 154247.689686, 154247.689686
Z3, 7, 6, 720, 7600.000000, 0.050939, 149198.060425, 152000.000000, 1.000000, 2, 14.089767, 157515.496972, 157515.496972
Z3, 8, 6, 720, 7600.000000, 0.050907, 149291.845915, 152000.000000, 1.000000, 2, 14.089767, 157534.254069, 157534.254069
Z3, 9, 6, 720, 12912.000000, 0.050955, 253400.058875, 258240.000000, 1.000000, 2, 14.089767, 178355.896662, 178355.896662
Z3, 10, 6, 720, 17552.000000, 0.051012, 344075.903709, 344152.000000, 1.000000, 2, 14.089767, 196491.065628, 196491.065628
Z3, 11, 6, 720, 14968.000000, 0.051008, 293444.165621, 293488.000000, 1.000000, 2, 14.089767, 186364.718011, 186364.718011
Z3, 12, 6, 720, 10336.000000, 0.050918, 202993.047645, 206720.000000, 1.000000, 2, 14.089767, 168274.494416, 168274.494416
Z3, 13, 6, 720, 18344.000000, 0.050863, 360655.093093, 366880.000000, 1.000000, 2, 14.089767, 199806.903505, 199806.903505
Z3, 14, 6, 720, 20456.000000, 0.051027, 400885.805554, 401096.000000, 1.000000, 2, 14.089767, 207853.045997, 207853.045997
Z3, 15, 6, 720, 12480.000000, 0.050972, 244840.304481, 249600.000000, 1.000000, 2, 14.089767, 176643.945783, 176643.945783
Z3, 16, 6, 720, 18912.000000, 0.051050, 370460.333007, 370816.000000, 1.000000, 2, 14.089767, 201767.951488, 201767.951488
Z3, 17, 6, 720, 16112.000000, 0.050960, 316169.544741, 322240.000000, 1.000000, 2, 14.089767, 190909.793835, 190909.793835
Z3, 18, 6, 720, 16088.000000, 0.051000, 315450.980392, 315448.000000, 1.000000, 2, 14.089767, 190766.080965, 190766.080965
Z3, 19, 6, 720, 31984.000000, 0.051099, 625922.229398, 627136.000000, 1.000000, 2, 14.089767, 252860.330766, 252860.330766
Z3, 20, 6, 720, 21472.000000, 0.051006, 420970.081951, 421016.000000, 1.000000, 2, 14.089767, 211869.901277, 211869.901277
Z3, 21, 6, 720, 19320.000000, 0.051050, 378452.497551, 378816.000000, 1.000000, 2, 14.089767, 203366.384397, 203366.384397
Z3, 22, 6, 720, 33040.000000, 0.051026, 647513.032572, 647840.000000, 1.000000, 2, 14.089767, 257178.491401, 257178.491401
Z3, 23, 6, 720, 26472.000000, 0.051073, 518316.918920, 519056.000000, 1.000000, 2, 14.089767, 231339.268670, 231339.268670
Z3, 24, 6, 720, 12984.000000, 0.050979, 254693.108927, 259680.000000, 1.000000, 2, 14.089767, 178614.506672, 178614.506672
Z3, 25, 6, 720, 21128.000000, 0.051023, 414087.764342, 414272.000000, 1.000000, 2, 14.089767, 210493.437755, 210493.437755
Z3, 26, 6, 720, 21576.000000, 0.051006, 423009.057758, 423056.000000, 1.000000, 2, 14.089767, 212277.696438, 212277.696438
Z3, 27, 6, 720, 14376.000000, 0.051022, 281760.809063, 281880.000000, 1.000000, 2, 14.089767, 184028.046699, 184028.046699
Z3, 28, 6, 720, 7048.000000, 0.050910, 138440.384993, 140960.000000, 1.000000, 2, 14.089767, 155363.961885, 155363.961885
Z3, 29, 6, 720, 8656.000000, 0.050948, 169898.720264, 173120.000000, 1.000000, 2, 14.089767, 161655.628939, 161655.628939
Z3, 30, 6, 720, 9488.000000, 0.050953, 186210.821738, 189760.000000, 1.000000, 2, 14.089767, 164918.049234, 164918.049234
Z3, 31, 6, 720, 8424.000000, 0.050888, 165540.009432, 168480.000000, 1.000000, 2, 14.089767, 160783.886773, 160783.886773
Z3, 32, 6, 720, 9328.000000, 0.051005, 182884.030977, 182896.000000, 1.000000, 2, 14.089767, 164252.691082, 164252.691082
Z3, 33, 6, 720, 8680.000000, 0.050946, 170376.477054, 173600.000000, 1.000000, 2, 14.089767, 161751.180297, 161751.180297
Z3, 34, 6, 720, 7160.000000, 0.050935, 140571.316384, 143200.000000, 1.000000, 2, 14.089767, 155790.148163, 155790.148163
Z3, 35, 6, 720, 10360.000000, 0.050947, 203348.577934, 207200.000000, 1.000000, 2, 14.089767, 168345.600473, 168345.600473
Z3, 36, 6, 720, 9048.000000, 0.050981, 177477.883918, 180960.000000, 1.000000, 2, 14.089767, 163171.461670, 163171.461670
Z3, 37, 6, 720, 7176.000000, 0.050888, 141015.563591, 143520.000000, 1.000000, 2, 14.089767, 155878.997605, 155878.997605
Z3, 38, 6, 720, 8768.000000, 0.050900, 172259.332024, 175360.000000, 1.000000, 2, 14.089767, 162127.751291, 162127.751291
Z1, 0, 7, 720, 7408.000000, 0.173249, 42759.265566, 42816.000000, 1.000000, 2, 16.916681, 145641.316558, 145641.316558
Z2, 0, 7, 720, 6624.000000, 0.172566, 38385.313445, 38504.000000, 1.000000, 2, 16.916681, 144766.526134, 144766.526134
Z2, 1, 7, 720, 6792.000000, 0.050986, 133213.038873, 135840.000000, 1.000000, 2, 16.916681, 163732.071220, 163732.071220
Z2, 2, 7, 720, 7464.000000, 0.050963, 146459.195887, 149280.000000, 1.000000, 2, 16.916681, 166381.302623, 166381.302623
Z2, 3, 7, 720, 10144.000000, 0.050958, 199065.897406, 202880.000000, 1.000000, 2, 16.916681, 176902.642926, 176902.642926
Z2, 4, 7, 720, 14352.000000, 0.050950, 281687.929342, 287040.000000, 1.000000, 2, 16.916681, 193427.049314, 193427.049314
Z2, 5, 7, 720, 15008.000000, 0.050929, 294684.757211, 300160.000000, 1.000000, 2, 16.916681, 196026.414887, 196026.414887
Z2, 6, 7, 720, 7168.000000, 0.050931, 140739.431780, 143360.000000, 1.000000, 2, 16.916681, 165237.349801, 165237.349801
Z2, 7, 7, 720, 8160.000000, 0.050945, 160172.735303, 163200.000000, 1.000000, 2, 16.916681, 169124.010506, 169124.010506
Z3, 0, 7, 720, 6656.000000, 0.174059, 38239.907158, 38248.000000, 1.000000, 2, 16.916681, 144737.444877, 144737.444877
Z3, 1, 7, 720, 7664.000000, 0.050885, 150614.129901, 153280.000000, 1.000000, 2, 16.916681, 167212.289425, 167212.289425
Z3, 2, 7, 720, 7664.000000, 0.050914, 150528.341910, 153280.000000, 1.000000, 2, 16.916681, 167195.131827, 167195.131827
Z3, 3, 7, 720, 6920.000000, 0.050932, 135867.431085, 138400.000000, 1.000000, 2, 16.916681, 164262.949662, 164262.949662
Z3, 4, 7, 720, 7504.000000, 0.050952, 147275.867483, 150080.000000, 1.000000, 2, 16.916681, 166544.636942, 166544.636942
Z3, 5, 7, 720, 7480.000000, 0.050873, 147032.807187, 149600.000000, 1.000000, 2, 16.916681, 166496.024882, 166496.024882
Z3, 6, 7, 720, 6728.000000, 0.050878, 132237.902433, 134560.000000, 1.000000, 2, 16.916681, 163537.043932, 163537.043932
Z3, 7, 7, 720, 7632.000000, 0.050961, 149761.582387, 152640.000000, 1.000000, 2, 16.916681, 167041.779922, 167041.779922
Z3, 8, 7, 720, 7392.000000, 0.050957, 145063.484899, 147840.000000, 1.000000, 2, 16.916681, 166102.160425, 166102.160425
Z3, 9, 7, 720, 12800.000000, 0.050993, 251014.845175, 256000.000000, 1.000000, 2, 16.916681, 187292.432480, 187292.432480
Z3, 10, 7, 720, 16760.000000, 0.051008, 328575.909661, 328624.000000, 1.000000, 2, 16.916681, 202804.645377, 202804.645377
Z3, 11, 7, 720, 14104.000000, 0.051012, 276483.964557, 276544.000000, 1.000000, 2, 16.916681, 192386.256357, 192386.256357
Z3, 12, 7, 720, 9704.000000, 0.050990, 190311.825848, 194080.000000, 1.000000, 2, 16.916681, 175151.828615, 175151.828615
Z3, 13, 7, 720, 17248.000000, 0.051042, 337917.793190, 338192.000000, 1.000000, 2, 16.916681, 204673.022083, 204673.022083
Z3, 14, 7, 720, 21552.000000, 0.051025, 422381.185693, 422584.000000, 1.000000, 2, 16.916681, 221565.700584, 221565.700584
Z3, 15, 7, 720, 16688.000000, 0.050969, 327414.703055, 333760.000000, 1.000000, 2, 16.916681, 202572.404056, 202572.404056
Z3, 16, 7, 720, 23312.000000, 0.050998, 457115.965332, 466240.000000, 1.000000, 2, 16.916681, 228512.656512, 228512.656512
Z3, 17, 7, 720, 14952.000000, 0.050990, 293233.967445, 299040.000000, 1.000000, 2, 16.916681, 195736.256934, 195736.256934
Z3, 18, 7, 720, 16856.000000, 0.051027, 330334.920728, 330504.000000, 1.000000, 2, 16.916681, 203156.447591, 203156.447591
Z3, 19, 7, 720, 23928.000000, 0.051036, 468845.520809, 469176.000000, 1.000000, 2, 16.916681, 230858.567607, 230858.567607
Z3, 20, 7, 720, 29544.000000, 0.051044, 578794.765301, 579288.000000, 1.000000, 2, 16.916681, 252848.416505, 252848.416505
Z3, 21, 7, 720, 31920.000000, 0.051090, 624779.800352, 625880.000000, 1.000000, 2, 16.916681, 262045.423516, 262045.423516
Z3, 22, 7, 720, 15096.000000, 0.050966, 296197.464977, 301920.000000, 1.000000, 2, 16.916681, 196328.956440, 196328.956440
Z3, 23, 7, 720, 22296.000000, 0.051076, 436525.961313, 437176.000000, 1.000000, 2, 16.916681, 224394.655708, 224394.655708
Z3, 24, 7, 720, 24272.000000, 0.051010, 475828.268967, 475920.000000, 1.000000, 2, 16.916681, 232255.117239, 232255.117239
Z3, 25, 7, 720, 13368.000000, 0.050995, 262143.347387, 267360.000000, 1.000000, 2, 16.916681, 189518.132923, 189518.132923
Z3, 26, 7, 720, 21768.000000, 0.051025, 426614.404704, 426816.000000, 1.000000, 2, 16.916681, 222412.344386, 222412.344386
Z3, 27, 7, 720, 21680.000000, 0.051009, 425023.035151, 425096.000000, 1.000000, 2, 16.916681, 222094.070475, 222094.070475
Z3, 28, 7, 720, 9672.000000, 0.051004, 189632.185711, 189640.000000, 1.000000, 2, 16.916681, 175015.900587, 175015.900587
Z3, 29, 7, 720, 13368.000000, 0.051002, 262107.368338, 262112.000000, 1.000000, 2, 16.916681, 189510.937113, 189510.937113
Z3, 30, 7, 720, 13424.000000, 0.051007, 263179.563589, 263208.000000, 1.000000, 2, 16.916681, 189725.376163, 189725.376163
Z3, 31, 7, 720, 8064.000000, 0.050861, 158549.772910, 161280.000000, 1.000000, 2, 16.916681, 168799.418027, 168799.418027
Z3, 32, 7, 720, 9424.000000, 0.050977, 184867.685427, 188480.000000, 1.000000, 2, 16.916681, 174063.000530, 174063.000530
Z3, 33, 7, 720, 7368.000000, 0.050958, 144589.662075, 147360.000000, 1.000000, 2, 16.916681, 166007.395860, 166007.395860
Z3, 34, 7, 720, 8792.000000, 0.050851, 172897.288156, 175840.000000, 1.000000, 2, 16.916681, 171668.921076, 171668.921076
Z3, 35, 7, 720, 8568.000000, 0.051004, 167986.824563, 168000.000000, 1.000000, 2, 16.916681, 170686.828358, 170686.828358
Z3, 36, 7, 720, 7064.000000, 0.050935, 138686.561304, 141280.000000, 1.000000, 2, 16.916681, 164826.775706, 164826.775706
Z3, 37, 7, 720, 10104.000000, 0.051012, 198071.042108, 198112.000000, 1.000000, 2, 16.916681, 176703.671867, 176703.671867
Z3, 38, 7, 720, 8640.000000, 0.050953, 169568.033286, 172800.000000, 1.000000, 2, 16.916681, 171003.070102, 171003.070102
Z1, 0, 8, 720, 7744.000000, 0.175177, 44206.716635, 44248.000000, 1.000000, 2, 19.737748, 154766.240801, 154766.240801
Z2, 0, 8, 720, 6624.000000, 0.172661, 38364.193419, 38504.000000, 1.000000, 2, 19.737748, 153597.736157, 153597.736157
Z2, 1, 8, 720, 6968.000000, 0.050907, 136877.050307, 139360.000000, 1.000000, 2, 19.737748, 173300.307535, 173300.307535
Z2, 2, 8, 720, 7968.000000, 0.050893, 156563.771049, 159360.000000, 1.000000, 2, 19.737748, 177237.651683, 177237.651683
Z2, 3, 8, 720, 12752.000000, 0.050971, 250181.475741, 255040.000000, 1.000000, 2, 19.737748, 195961.192622, 195961.192622
Z2, 4, 8, 720, 18720.000000, 0.051029, 366850.222423, 367056.000000, 1.000000, 2, 19.737748, 219294.941958, 219294.941958
Z2, 5, 8, 720, 25648.000000, 0.051055, 502360.199785, 502896.000000, 1.000000, 2, 19.737748, 246396.937430, 246396.937430
Z2, 6, 8, 720, 9784.000000, 0.051029, 191734.111976, 191840.000000, 1.000000, 2, 19.737748, 184271.719869, 184271.719869
Z2, 7, 8, 720, 13192.000000, 0.050896, 259195.221628, 263840.000000, 1.000000, 2, 19.737748, 197763.941799, 197763.941799
Z3, 0, 8, 720, 6768.000000, 0.174338, 38821.140543, 38896.000000, 1.000000, 2, 19.737748, 153689.125582, 153689.125582
Z3, 1, 8, 720, 8032.000000, 0.050977, 157561.253114, 160640.000000, 1.000000, 2, 19.737748, 177437.148096, 177437.148096
Z3, 2, 8, 720, 7872.000000, 0.051020, 154292.434339, 154352.000000, 1.000000, 2, 19.737748, 176783.384341, 176783.384341
Z3, 3, 8, 720, 7024.000000, 0.050980, 137779.521381, 140480.000000, 1.000000, 2, 19.737748, 173480.801750, 173480.801750
Z3, 4, 8, 720, 7816.000000, 0.050992, 153278.945717, 156320.000000, 1.000000, 2, 19.737748, 176580.686617, 176580.686617
Z3, 5, 8, 720, 7936.000000, 0.051003, 155598.690273, 155600.000000, 1.000000, 2, 19.737748, 177044.635528, 177044.635528
Z3, 6, 8, 720, 6928.000000, 0.051000, 135843.137255, 135840.000000, 1.000000, 2, 19.737748, 173093.524924, 173093.524924
Z3, 7, 8, 720, 8048.000000, 0.051018, 157748.245717, 157800.000000, 1.000000, 2, 19.737748, 177474.546617, 177474.546617
Z3, 8, 8, 720, 7664.000000, 0.050996, 150286.296964, 153280.000000, 1.000000, 2, 19.737748, 175982.156866, 175982.156866
Z3, 9, 8, 720, 14248.000000, 0.051033, 279191.895440, 279368.000000, 1.000000, 2, 19.737748, 201763.276562, 201763.276562
Z3, 10, 8, 720, 19448.000000, 0.051061, 380877.773643, 381328.000000, 1.000000, 2, 19.737748, 222100.452202, 222100.452202
Z3, 11, 8, 720, 17344.000000, 0.050976, 340238.543628, 346880.000000, 1.000000, 2, 19.737748, 213972.606199, 213972.606199
Z3, 12, 8, 720, 11952.000000, 0.051042, 234160.103444, 234352.000000, 1.000000, 2, 19.737748, 192756.918162, 192756.918162
Z3, 13, 8, 720, 25224.000000, 0.051096, 493658.994833, 494584.000000, 1.000000, 2, 19.737748, 244656.696440, 244656.696440
Z3, 14, 8, 720, 35992.000000, 0.051137, 703834.796723, 705720.000000, 1.000000, 2, 19.737748, 286691.856818, 286691.856818
Z3, 15, 8, 720, 20016.000000, 0.050994, 392516.766678, 400320.000000, 1.000000, 2, 19.737748, 224428.250809, 224428.250809
Z3, 16, 8, 720, 36432.000000, 0.051119, 712689.997848, 714352.000000, 1.000000, 2, 19.737748, 288462.897043, 288462.897043
Z3, 17, 8, 720, 22472.000000, 0.051076, 439971.806719, 440624.000000, 1.000000, 2, 19.737748, 233919.258817, 233919.258817
Z3, 18, 8, 720, 21736.000000, 0.051040, 425862.068966, 426192.000000, 1.000000, 2, 19.737748, 231097.311267, 231097.311267
Z3, 19, 8, 720, 16848.000000, 0.051006, 330314.080696, 330352.000000, 1.000000, 2, 19.737748, 211987.713613, 211987.713613
Z3, 20, 8, 720, 47160.000000, 0.051269, 919854.102869, 924704.000000, 1.000000, 2, 19.737748, 329895.718047, 329895.718047
Z3, 21, 8, 720, 39472.000000, 0.051109, 772310.160637, 773960.000000, 1.000000, 2, 19.737748, 300386.929601, 300386.929601
Z3, 22, 8, 720, 26968.000000, 0.051020, 528577.028616, 528784.000000, 1.000000, 2, 19.737748, 251640.303197, 251640.303197
Z3, 23, 8, 720, 39776.000000, 0.051131, 777923.373296, 779920.000000, 1.000000, 2, 19.737748, 301509.572133, 301509.572133
Z3, 24, 8, 720, 34992.000000, 0.051085, 684976.020358, 686112.000000, 1.000000, 2, 19.737748, 282920.101545, 282920.101545
Z3, 25, 8, 720, 22464.000000, 0.051043, 440099.523931, 440464.000000, 1.000000, 2, 19.737748, 233944.802260, 233944.802260
Z3, 26, 8, 720, 43144.000000, 0.051145, 843562.420569, 845960.000000, 1.000000, 2, 19.737748, 314637.381587, 314637.381587
Z3, 27, 8, 720, 43672.000000, 0.051103, 854587.793280, 856312.000000, 1.000000, 2, 19.737748, 316842.456130, 316842.456130
Z3, 28, 8, 720, 18320.000000, 0.051016, 359103.026501, 359208.000000, 1.000000, 2, 19.737748, 217745.502774, 217745.502774
Z3, 29, 8, 720, 24560.000000, 0.051075, 480861.478218, 481568.000000, 1.000000, 2, 19.737748, 242097.193117, 242097.193117
Z3, 30, 8, 720, 19040.000000, 0.051076, 372777.821286, 373328.000000, 1.000000, 2, 19.737748, 220480.461731, 220480.461731
Z3, 31, 8, 720, 20160.000000, 0.051020, 395139.161113, 395288.000000, 1.000000, 2, 19.737748, 224952.729696, 224952.729696
Z3, 32, 8, 720, 16496.000000, 0.051043, 323178.496562, 323448.000000, 1.000000, 2, 19.737748, 210560.596786, 210560.596786
Z3, 33, 8, 720, 11624.000000, 0.051064, 227635.907880, 227920.000000, 1.000000, 2, 19.737748, 191452.079050, 191452.079050
Z3, 34, 8, 720, 21024.000000, 0.051109, 411356.121231, 412232.000000, 1.000000, 2, 19.737748, 228196.121720, 228196.121720
Z3, 35, 8, 720, 28496.000000, 0.051077, 557902.774243, 558744.000000, 1.000000, 2, 19.737748, 257505.452322, 257505.452322
Z3, 36, 8, 720, 12416.000000, 0.051051, 243207.772620, 243448.000000, 1.000000, 2, 19.737748, 194566.451997, 194566.451997
Z3, 37, 8, 720, 17312.000000, 0.051038, 339198.244445, 339448.000000, 1.000000, 2, 19.737748, 213764.546363, 213764.546363
Z3, 38, 8, 720, 14664.000000, 0.051005, 287501.225370, 287528.000000, 1.000000, 2, 19.737748, 203425.142547, 203425.142547
Z1, 0, 9, 720, 7696.000000, 0.174052, 44216.670880, 44224.000000, 1.000000, 2, 22.564319, 185290.892615, 185290.892615
Z2, 0, 9, 720, 6624.000000, 0.174021, 38064.371541, 38064.000000, 1.000000, 2, 22.564319, 184060.432747, 184060.432747
Z2, 1, 9, 720, 6776.000000, 0.050920, 133071.484682, 135520.000000, 1.000000, 2, 22.564319, 203061.855375, 203061.855375
Z2, 2, 9, 720, 7496.000000, 0.050962, 147089.988619, 149920.000000, 1.000000, 2, 22.564319, 205865.556163, 205865.556163
Z2, 3, 9, 720, 16056.000000, 0.051018, 314712.454428, 314816.000000, 1.000000, 2, 22.564319, 239390.049324, 239390.049324
Z2, 4, 9, 720, 24464.000000, 0.051030, 479404.271997, 479680.000000, 1.000000, 2, 22.564319, 272328.412838, 272328.412838
Z2, 5, 9, 720, 36648.000000, 0.051105, 717111.828588, 718584.000000, 1.000000, 2, 22.564319, 319869.924156, 319869.924156
Z2, 6, 9, 720, 11344.000000, 0.050879, 222960.356925, 226880.000000, 1.000000, 2, 22.564319, 221039.629824, 221039.629824
Z2, 7, 9, 720, 15808.000000, 0.050987, 310039.814070, 316160.000000, 1.000000, 2, 22.564319, 238455.521253, 238455.521253
Z3, 0, 9, 720, 6752.000000, 0.171456, 39380.365808, 39480.000000, 1.000000, 2, 22.564319, 184323.631600, 184323.631600
Z3, 1, 9, 720, 9824.000000, 0.051014, 192574.587368, 192624.000000, 1.000000, 2, 22.564319, 214962.475912, 214962.475912
Z3, 2, 9, 720, 8640.000000, 0.051027, 169322.123582, 169408.000000, 1.000000, 2, 22.564319, 210311.983155, 210311.983155
Z3, 3, 9, 720, 7248.000000, 0.051024, 142050.799624, 142112.000000, 1.000000, 2, 22.564319, 204857.718364, 204857.718364
Z3, 4, 9, 720, 8336.000000, 0.051007, 163428.549023, 163448.000000, 1.000000, 2, 22.564319, 209133.268243, 209133.268243
Z3, 5, 9, 720, 9640.000000, 0.051042, 188864.072724, 189016.000000, 1.000000, 2, 22.564319, 214220.372984, 214220.372984
Z3, 6, 9, 720, 10312.000000, 0.050941, 202430.262460, 206240.000000, 1.000000, 2, 22.564319, 216933.610931, 216933.610931
Z3, 7, 9, 720, 21208.000000, 0.051003, 415818.677333, 415840.000000, 1.000000, 2, 22.564319, 259611.293905, 259611.293905
Z3, 8, 9, 720, 8000.000000, 0.050948, 157022.846824, 160000.000000, 1.000000, 2, 22.564319, 207852.127804, 207852.127804
Z3, 9, 9, 720, 16880.000000, 0.051022, 330837.677864, 330976.000000, 1.000000, 2, 22.564319, 242615.094012, 242615.094012
Z3, 10, 9, 720, 23240.000000, 0.050948, 456151.370024, 464800.000000, 1.000000, 2, 22.564319, 267677.832444, 267677.832444
Z3, 11, 9, 720, 21680.000000, 0.050923, 425740.824382, 433600.000000, 1.000000, 2, 22.564319, 261595.723315, 261595.723315
Z3, 12, 9, 720, 16096.000000, 0.050990, 315669.739165, 321920.000000, 1.000000, 2, 22.564319, 239581.506272, 239581.506272
Z3, 13, 9, 720, 39872.000000, 0.050932, 782847.718527, 797440.000000, 1.000000, 2, 22.564319, 333017.102144, 333017.102144
Z3, 14, 9, 720, 46392.000000, 0.050947, 910593.361729, 927840.000000, 1.000000, 2, 22.564319, 358566.230785, 358566.230785
Z3, 15, 9, 720, 26168.000000, 0.050963, 513470.557071, 523360.000000, 1.000000, 2, 22.564319, 279141.669853, 279141.669853
Z3, 16, 9, 720, 48816.000000, 0.053326, 915425.871057, 921056.000000, 1.000000, 2, 22.564319, 359532.732650, 359532.732650
Z3, 17, 9, 720, 38664.000000, 0.051099, 756648.858099, 758112.000000, 1.000000, 2, 22.564319, 327777.330059, 327777.330059
Z3, 18, 9, 720, 26344.000000, 0.051066, 515881.408373, 516544.000000, 1.000000, 2, 22.564319, 279623.840114, 279623.840114
Z3, 19, 9, 720, 19912.000000, 0.051002, 390416.062115, 390424.000000, 1.000000, 2, 22.564319, 254530.770862, 254530.770862
Z3, 20, 9, 720, 61688.000000, 0.051162, 1205738.634143, 1209568.000000, 1.000000, 2, 22.564319, 417595.285267, 417595.285267
Z3, 21, 9, 720, 59200.000000, 0.051117, 1158127.433144, 1160784.000000, 1.000000, 2, 22.564319, 408073.045068, 408073.045068
Z3, 22, 9, 720, 41064.000000, 0.051023, 804813.515473, 805176.000000, 1.000000, 2, 22.564319, 337410.261534, 337410.261534
Z3, 23, 9, 720, 55576.000000, 0.051098, 1087635.523895, 1089720.000000, 1.000000, 2, 22.564319, 393974.663218, 393974.663218
Z3, 24, 9, 720, 50200.000000, 0.051073, 982906.819650, 984312.000000, 1.000000, 2, 22.564319, 373028.922369, 373028.922369
Z3, 25, 9, 720, 30056.000000, 0.050953, 589876.945420, 601120.000000, 1.000000, 2, 22.564319, 294422.947523, 294422.947523
Z3, 26, 9, 720, 59504.000000, 0.051186, 1162505.372563, 1166744.000000, 1.000000, 2, 22.564319, 408948.632951, 408948.632951
Z3, 27, 9, 720, 65232.000000, 0.051057, 1277630.883131, 1279056.000000, 1.000000, 2, 22.564319, 431973.735065, 431973.735065
Z3, 28, 9, 720, 23952.000000, 0.050972, 469905.045908, 479040.000000, 1.000000, 2, 22.564319, 270428.567620, 270428.567620
Z3, 29, 9, 720, 32816.000000, 0.050959, 643968.680704, 656320.000000, 1.000000, 2, 22.564319, 305241.294580, 305241.294580
Z3, 30, 9, 720, 8856.000000, 0.050900, 173988.212181, 177120.000000, 1.000000, 2, 22.564319, 211245.200875, 211245.200875
Z3, 31, 9, 720, 14088.000000, 0.051033, 276056.669214, 276232.000000, 1.000000, 2, 22.564319, 231658.892282, 231658.892282
Z3, 32, 9, 720, 15104.000000, 0.050939, 296511.513771, 302080.000000, 1.000000, 2, 22.564319, 235749.861193, 235749.861193
Z3, 33, 9, 720, 11784.000000, 0.051025, 230945.614895, 231056.000000, 1.000000, 2, 22.564319, 222636.681418, 222636.681418
Z3, 34, 9, 720, 18496.000000, 0.051018, 362538.711827, 362664.000000, 1.000000, 2, 22.564319, 248955.300804, 248955.300804
Z3, 35, 9, 720, 22376.000000, 0.051047, 438341.136600, 438744.000000, 1.000000, 2, 22.564319, 264115.785759, 264115.785759
Z3, 36, 9, 720, 8792.000000, 0.050852, 172893.888146, 175840.000000, 1.000000, 2, 22.564319, 211026.336068, 211026.336068
Z3, 37, 9, 720, 19464.000000, 0.051014, 381542.321716, 381640.000000, 1.000000, 2, 22.564319, 252756.022782, 252756.022782
Z3, 38, 9, 720, 20360.000000, 0.051154, 398013.840560, 399208.000000, 1.000000, 2, 22.564319, 256050.326551, 256050.326551
Z1, 0, 10, 720, 7480.000000, 0.172959, 43247.243566, 43488.000000, 1.000000, 2, 25.389522, 214117.934961, 214117.934961
Z2, 0, 10, 720, 6624.000000, 0.173827, 38106.853366, 38288.000000, 1.000000, 2, 25.389522, 213089.856921, 213089.856921
Z2, 1, 10, 720, 7008.000000, 0.050964, 137508.829762, 140160.000000, 1.000000, 2, 25.389522, 232970.252200, 232970.252200
Z2, 2, 10, 720, 7832.000000, 0.050926, 153791.776303, 156640.000000, 1.000000, 2, 25.389522, 236226.841508, 236226.841508
Z2, 3, 10, 720, 29728.000000, 0.051114, 581601.909457, 582896.000000, 1.000000, 2, 25.389522, 321788.868139, 321788.868139
Z2, 4, 10, 720, 35840.000000, 0.051026, 702387.018383, 702744.000000, 1.000000, 2, 25.389522, 345945.889924, 345945.889924
Z2, 5, 10, 720, 43888.000000, 0.051139, 858209.976730, 860544.000000, 1.000000, 2, 25.389522, 377110.481594, 377110.481594
Z2, 6, 10, 720, 17936.000000, 0.050974, 351865.657002, 358720.000000, 1.000000, 2, 25.389522, 275841.617648, 275841.617648
Z2, 7, 10, 720, 24920.000000, 0.050961, 489001.393222, 498400.000000, 1.000000, 2, 25.389522, 303268.764892, 303268.764892
Z3, 0, 10, 720, 6840.000000, 0.172219, 39716.872122, 39760.000000, 1.000000, 2, 25.389522, 213411.860672, 213411.860672
Z3, 1, 10, 720, 22064.000000, 0.051154, 431325.018571, 432624.000000, 1.000000, 2, 25.389522, 291733.489962, 291733.489962
Z3, 2, 10, 720, 15312.000000, 0.051117, 299548.095546, 300232.000000, 1.000000, 2, 25.389522, 265378.105357, 265378.105357
Z3, 3, 10, 720, 7752.000000, 0.051025, 151925.526703, 152000.000000, 1.000000, 2, 25.389522, 235853.591588, 235853.591588
Z3, 4, 10, 720, 11432.000000, 0.051060, 223893.458676, 224152.000000, 1.000000, 2, 25.389522, 250247.177983, 250247.177983
Z3, 5, 10, 720, 17232.000000, 0.050982, 338001.647640, 344640.000000, 1.000000, 2, 25.389522, 273068.815776, 273068.815776
Z3, 6, 10, 720, 23328.000000, 0.051045, 457008.521892, 457408.000000, 1.000000, 2, 25.389522, 296870.190626, 296870.190626
Z3, 7, 10, 720, 18496.000000, 0.051022, 362510.289679, 362664.000000, 1.000000, 2, 25.389522, 277970.544184, 277970.544184
Z3, 8, 10, 720, 7968.000000, 0.050945, 156403.965060, 159360.000000, 1.000000, 2, 25.389522, 236749.279260, 236749.279260
Z3, 9, 10, 720, 19568.000000, 0.051033, 383438.167460, 383680.000000, 1.000000, 2, 25.389522, 282156.119740, 282156.119740
Z3, 10, 10, 720, 36064.000000, 0.051079, 706043.579553, 707136.000000, 1.000000, 2, 25.389522, 346677.202158, 346677.202158
Z3, 11, 10, 720, 29248.000000, 0.051064, 572771.424095, 573488.000000, 1.000000, 2, 25.389522, 320022.771067, 320022.771067
Z3, 12, 10, 720, 24216.000000, 0.051045, 474404.936820, 474816.000000, 1.000000, 2, 25.389522, 300349.473612, 300349.473612
Z3, 13, 10, 720, 54424.000000, 0.051113, 1064778.040812, 1067136.000000, 1.000000, 2, 25.389522, 418424.094410, 418424.094410
Z3, 14, 10, 720, 56832.000000, 0.051200, 1110000.000000, 1114352.000000, 1.000000, 2, 25.389522, 427468.486248, 427468.486248
Z3, 15, 10, 720, 29576.000000, 0.050989, 580046.676734, 591520.000000, 1.000000, 2, 25.389522, 321477.821595, 321477.821595
Z3, 16, 10, 720, 52328.000000, 0.051138, 1023270.366459, 1026032.000000, 1.000000, 2, 25.389522, 410122.559540, 410122.559540
Z3, 17, 10, 720, 52840.000000, 0.051104, 1033969.943644, 1036072.000000, 1.000000, 2, 25.389522, 412262.474977, 412262.474977
Z3, 18, 10, 720, 35136.000000, 0.051081, 687848.710871, 688936.000000, 1.000000, 2, 25.389522, 343038.228422, 343038.228422
Z3, 19, 10, 720, 23160.000000, 0.051024, 453904.045155, 454112.000000, 1.000000, 2, 25.389522, 296249.295279, 296249.295279
Z3, 20, 10, 720, 77048.000000, 0.051256, 1503199.625410, 1510744.000000, 1.000000, 2, 25.389522, 506108.411330, 506108.411330
Z3, 21, 10, 720, 68968.000000, 0.051229, 1346268.714986, 1352312.000000, 1.000000, 2, 25.389522, 474722.229245, 474722.229245
Z3, 22, 10, 720, 52224.000000, 0.051138, 1021236.653760, 1024000.000000, 1.000000, 2, 25.389522, 409715.817000, 409715.817000
Z3, 23, 10, 720, 76384.000000, 0.051304, 1488850.771870, 1497720.000000, 1.000000, 2, 25.389522, 503238.640622, 503238.640622
Z3, 24, 10, 720, 57512.000000, 0.051162, 1124115.554513, 1127680.000000, 1.000000, 2, 25.389522, 430291.597150, 430291.597150
Z3, 25, 10, 720, 35600.000000, 0.051021, 697751.906078, 698032.000000, 1.000000, 2, 25.389522, 345018.867463, 345018.867463
Z3, 26, 10, 720, 72816.000000, 0.051174, 1422910.071521, 1427760.000000, 1.000000, 2, 25.389522, 490050.500552, 490050.500552
Z3, 27, 10, 720, 93600.000000, 0.051392, 1821295.143213, 1835288.000000, 1.000000, 2, 25.389522, 569727.514890, 569727.514890
Z3, 28, 10, 720, 23040.000000, 0.050963, 452092.694700, 460800.000000, 1.000000, 2, 25.389522, 295887.025188, 295887.025188
Z3, 29, 10, 720, 35840.000000, 0.050991, 702869.133769, 716800.000000, 1.000000, 2, 25.389522, 346042.313002, 346042.313002
Z3, 30, 10, 720, 13072.000000, 0.050852, 257059.702667, 261440.000000, 1.000000, 2, 25.389522, 256880.426781, 256880.426781
Z3, 31, 10, 720, 20608.000000, 0.050914, 404760.969478, 412160.000000, 1.000000, 2, 25.389522, 286420.680143, 286420.680143
Z3, 32, 10, 720, 22584.000000, 0.051026, 442597.891271, 442816.000000, 1.000000, 2, 25.389522, 293988.064502, 293988.064502
Z3, 33, 10, 720, 14712.000000, 0.050920, 288923.802042, 294240.000000, 1.000000, 2, 25.389522, 263253.246656, 263253.246656
Z3, 34, 10, 720, 20512.000000, 0.050961, 402503.875513, 410240.000000, 1.000000, 2, 25.389522, 285969.261350, 285969.261350
Z3, 35, 10, 720, 17992.000000, 0.051000, 352784.313725, 352784.000000, 1.000000, 2, 25.389522, 276025.348993, 276025.348993
Z3, 36, 10, 720, 11464.000000, 0.051033, 224638.959105, 224784.000000, 1.000000, 2, 25.389522, 250396.278069, 250396.278069
Z3, 37, 10, 720, 22376.000000, 0.051008, 438676.286073, 438744.000000, 1.000000, 2, 25.389522, 293203.743462, 293203.743462
Z3, 38, 10, 720, 29088.000000, 0.051035, 569961.790928, 570352.000000, 1.000000, 2, 25.389522, 319460.844433, 319460.844433
Z1, 0, 11, 720, 36680.000000, 0.172772, 212302.919455, 213248.000000, 1.000000, 2, 28.213454, 327469.561920, 327469.561920
Z2, 0, 11, 720, 6624.000000, 0.173943, 38081.440472, 38288.000000, 1.000000, 2, 28.213454, 292625.266123, 292625.266123
Z2, 1, 11, 720, 8224.000000, 0.050825, 161810.132809, 164480.000000, 1.000000, 2, 28.213454, 317371.004590, 317371.004590
Z2, 2, 11, 720, 8720.000000, 0.050875, 171400.491400, 174400.000000, 1.000000, 2, 28.213454, 319289.076309, 319289.076309
Z2, 3, 11, 720, 10080.000000, 0.050944, 197864.321608, 201600.000000, 1.000000, 2, 28.213454, 324581.842350, 324581.842350
Z2, 4, 11, 720, 36112.000000, 0.051073, 707066.356000, 708072.000000, 1.000000, 2, 28.213454, 426422.249229, 426422.249229
Z2, 5, 11, 720, 39392.000000, 0.051061, 771469.418930, 772392.000000, 1.000000, 2, 28.213454, 439302.861815, 439302.861815
Z2, 6, 11, 720, 43216.000000, 0.051056, 846443.121279, 847368.000000, 1.000000, 2, 28.213454, 454297.602284, 454297.602284
Z2, 7, 11, 720, 41864.000000, 0.051120, 818935.837246, 820856.000000, 1.000000, 2, 28.213454, 448796.145478, 448796.145478
Z3, 0, 11, 720, 11320.000000, 0.171602, 65966.597126, 66192.000000, 1.000000, 2, 28.213454, 298202.297454, 298202.297454
Z3, 1, 11, 720, 16208.000000, 0.050951, 318109.556240, 324160.000000, 1.000000, 2, 28.213454, 348630.889277, 348630.889277
Z3, 2, 11, 720, 12920.000000, 0.050974, 253462.549535, 258400.000000, 1.000000, 2, 28.213454, 335701.487936, 335701.487936
Z3, 3, 11, 720, 8968.000000, 0.050946, 176029.521454, 179360.000000, 1.000000, 2, 28.213454, 320214.882319, 320214.882319
Z3, 4, 11, 720, 12016.000000, 0.050899, 236075.364938, 240320.000000, 1.000000, 2, 28.213454, 332224.051016, 332224.051016
Z3, 5, 11, 720, 21880.000000, 0.050971, 429263.698966, 437600.000000, 1.000000, 2, 28.213454, 370861.717822, 370861.717822
Z3, 6, 11, 720, 13408.000000, 0.050980, 263005.100039, 268160.000000, 1.000000, 2, 28.213454, 337609.998037, 337609.998037
Z3, 7, 11, 720, 14528.000000, 0.050906, 285388.755746, 290560.000000, 1.000000, 2, 28.213454, 342086.729178, 342086.729178
Z3, 8, 11, 720, 15928.000000, 0.050886, 313013.402508, 318560.000000, 1.000000, 2, 28.213454, 347611.658530, 347611.658530
Z3, 9, 11, 720, 23504.000000, 0.050941, 461396.517540, 470080.000000, 1.000000, 2, 28.213454, 377288.281537, 377288.281537
Z3, 10, 11, 720, 50640.000000, 0.051065, 991677.274062, 992936.000000, 1.000000, 2, 28.213454, 483344.432841, 483344.432841
Z3, 11, 11, 720, 47296.000000, 0.051081, 925901.998786, 927368.000000, 1.000000, 2, 28.213454, 470189.377786, 470189.377786
Z3, 12, 11, 720, 34344.000000, 0.050972, 673781.684062, 686880.000000, 1.000000, 2, 28.213454, 419765.314841, 419765.314841
Z3, 13, 11, 720, 73648.000000, 0.051134, 1440294.129151, 1444072.000000, 1.000000, 2, 28.213454, 573067.803859, 573067.803859
Z3, 14, 11, 720, 59920.000000, 0.051256, 1169033.869206, 1174896.000000, 1.000000, 2, 28.213454, 518815.751870, 518815.751870
Z3, 15, 11, 720, 40664.000000, 0.050978, 797677.429479, 813280.000000, 1.000000, 2, 28.213454, 444544.463925, 444544.463925
Z3, 16, 11, 720, 56880.000000, 0.052669, 1079952.154018, 1093840.000000, 1.000000, 2, 28.213454, 500999.408832, 500999.408832
Z3, 17, 11, 720, 57216.000000, 0.051173, 1118089.617572, 1121880.000000, 1.000000, 2, 28.213454, 508626.901543, 508626.901543
Z3, 18, 11, 720, 28160.000000, 0.051083, 551259.714582, 552152.000000, 1.000000, 2, 28.213454, 395260.920945, 395260.920945
Z3, 19, 11, 720, 76696.000000, 0.051239, 1496828.587599, 1503840.000000, 1.000000, 2, 28.213454, 584374.695549, 584374.695549
Z3, 20, 11, 720, 80520.000000, 0.051400, 1566536.964981, 1578816.000000, 1.000000, 2, 28.213454, 598316.371025, 598316.371025
Z3, 21, 11, 720, 66560.000000, 0.051317, 1297036.069918, 1305096.000000, 1.000000, 2, 28.213454, 544416.192012, 544416.192012
Z3, 22, 11, 720, 77808.000000, 0.051200, 1519687.500000, 1525640.000000, 1.000000, 2, 28.213454, 588946.478029, 588946.478029
Z3, 23, 11, 720, 55056.000000, 0.051141, 1076553.059189, 1079528.000000, 1.000000, 2, 28.213454, 500319.589867, 500319.589867
Z3, 24, 11, 720, 36552.000000, 0.051009, 716579.427160, 716704.000000, 1.000000, 2, 28.213454, 428324.863461, 428324.863461
Z3, 25, 11, 720, 100304.000000, 0.051568, 1945082.221533, 1966744.000000, 1.000000, 2, 28.213454, 674025.422335, 674025.422335
Z3, 26, 11, 720, 133264.000000, 0.051717, 2576792.930758, 2613016.000000, 1.000000, 2, 28.213454, 800367.564180, 800367.564180
Z3, 27, 11, 720, 50760.000000, 0.051106, 993229.757758, 995288.000000, 1.000000, 2, 28.213454, 483654.929580, 483654.929580
Z3, 28, 11, 720, 14528.000000, 0.050931, 285248.669769, 290560.000000, 1.000000, 2, 28.213454, 342058.711982, 342058.711982
Z3, 29, 11, 720, 24392.000000, 0.051015, 478133.882192, 478272.000000, 1.000000, 2, 28.213454, 380635.754467, 380635.754467
Z3, 30, 11, 720, 22216.000000, 0.051052, 435164.146361, 435600.000000, 1.000000, 2, 28.213454, 372041.807301, 372041.807301
Z3, 31, 11, 720, 14368.000000, 0.050922, 282157.024469, 287360.000000, 1.000000, 2, 28.213454, 341440.382922, 341440.382922
Z3, 32, 11, 720, 21288.000000, 0.050989, 417501.814117, 425760.000000, 1.000000, 2, 28.213454, 368509.340852, 368509.340852
Z3, 33, 11, 720, 18544.000000, 0.050879, 364472.572181, 370880.000000, 1.000000, 2, 28.213454, 357903.492465, 357903.492465
Z3, 34, 11, 720, 12272.000000, 0.050972, 240759.632740, 245440.000000, 1.000000, 2, 28.213454, 333160.904577, 333160.904577
Z3, 35, 11, 720, 21736.000000, 0.050860, 427369.248919, 434720.000000, 1.000000, 2, 28.213454, 370482.827812, 370482.827812
Z3, 36, 11, 720, 22688.000000, 0.051008, 444792.973651, 444856.000000, 1.000000, 2, 28.213454, 373967.572759, 373967.572759
Z3, 37, 11, 720, 17768.000000, 0.050944, 348775.125628, 355360.000000, 1.000000, 2, 28.213454, 354764.003154, 354764.003154
Z3, 38, 11, 720, 33352.000000, 0.051010, 653832.581847, 653960.000000, 1.000000, 2, 28.213454, 415775.494398, 415775.494398
Z1, 0, 12, 4K, 11144.000000, 0.172477, 64611.513419, 64784.000000, 1.000000, 2, 31.038066, 394784.190425, 394784.190425
Z2, 0, 12, 1080, 6624.000000, 0.171928, 38527.755805, 38736.000000, 1.000000, 2, 31.038066, 389567.438902, 389567.438902
Z2, 1, 12, 1080, 8352.000000, 0.050961, 163890.033555, 167040.000000, 1.000000, 2, 31.038066, 414639.894452, 414639.894452
Z2, 2, 12, 1080, 8680.000000, 0.050947, 170373.132864, 173600.000000, 1.000000, 2, 31.038066, 415936.514314, 415936.514314
Z2, 3, 12, 1080, 33456.000000, 0.051109, 654600.950909, 656000.000000, 1.000000, 2, 31.038066, 512782.077923, 512782.077923
Z2, 4, 12, 1080, 13120.000000, 0.051036, 257073.438357, 257248.000000, 1.000000, 2, 31.038066, 433276.575412, 433276.575412
Z2, 5, 12, 1080, 110384.000000, 0.102031, 1081867.275632, 1082192.000000, 1.000000, 2, 31.038066, 598235.342867, 598235.342867
Z2, 6, 12, 1080, 52208.000000, 0.051378, 1016154.774417, 1023680.000000, 1.000000, 2, 31.038066, 585092.842624, 585092.842624
Z2, 7, 12, 1080, 36216.000000, 0.051160, 707896.794371, 710112.000000, 1.000000, 2, 31.038066, 523441.246615, 523441.246615
Z3, 0, 12, 720, 7896.000000, 0.172972, 45649.006776, 45904.000000, 1.000000, 2, 31.038066, 390991.689096, 390991.689096
Z3, 1, 12, 720, 10520.000000, 0.051042, 206104.776459, 206272.000000, 1.000000, 2, 31.038066, 423082.843033, 423082.843033
Z3, 2, 12, 720, 20088.000000, 0.051147, 392750.307936, 393880.000000, 1.000000, 2, 31.038066, 460411.949328, 460411.949328
Z3, 3, 12, 720, 10320.000000, 0.051034, 202218.129090, 202352.000000, 1.000000, 2, 31.038066, 422305.513559, 422305.513559
Z3, 4, 12, 720, 12664.000000, 0.051034, 248148.293295, 248312.000000, 1.000000, 2, 31.038066, 431491.546400, 431491.546400
Z3, 5, 12, 720, 15440.000000, 0.051035, 302537.474282, 302744.000000, 1.000000, 2, 31.038066, 442369.382597, 442369.382597
Z3, 6, 12, 720, 7712.000000, 0.050981, 151272.042526, 154240.000000, 1.000000, 2, 31.038066, 412116.296246, 412116.296246
Z3, 7, 12, 720, 10120.000000, 0.051048, 198244.789218, 198424.000000, 1.000000, 2, 31.038066, 421510.845584, 421510.845584
Z3, 8, 12, 720, 7576.000000, 0.051003, 148540.281944, 148544.000000, 1.000000, 2, 31.038066, 411569.944130, 411569.944130
Z3, 9, 12, 720, 24720.000000, 0.051104, 483719.474014, 484704.000000, 1.000000, 2, 31.038066, 478605.782544, 478605.782544
Z3, 10, 12, 720, 60536.000000, 0.051272, 1180683.413949, 1186976.000000, 1.000000, 2, 31.038066, 617998.570531, 617998.570531
Z3, 11, 12, 720, 65616.000000, 0.051270, 1279812.755998, 1286584.000000, 1.000000, 2, 31.038066, 637824.438940, 637824.438940
Z3, 12, 12, 720, 38936.000000, 0.051145, 761286.538274, 763448.000000, 1.000000, 2, 31.038066, 534119.195396, 534119.195396
Z3, 13, 12, 720, 87896.000000, 0.051435, 1708875.279479, 1723448.000000, 1.000000, 2, 31.038066, 723636.943637, 723636.943637
Z3, 14, 12, 720, 78296.000000, 0.051294, 1526416.344992, 1535208.000000, 1.000000, 2, 31.038066, 687145.156739, 687145.156739
Z3, 15, 12, 720, 45720.000000, 0.051186, 893212.987926, 896464.000000, 1.000000, 2, 31.038066, 560504.485326, 560504.485326
Z3, 16, 12, 720, 82616.000000, 0.051383, 1607846.953272, 1619920.000000, 1.000000, 2, 31.038066, 703431.278395, 703431.278395
Z3, 17, 12, 720, 109704.000000, 0.051373, 2135440.795749, 2151056.000000, 1.000000, 2, 31.038066, 808950.046891, 808950.046891
Z3, 18, 12, 720, 36544.000000, 0.051125, 714797.066015, 716544.000000, 1.000000, 2, 31.038066, 524821.300944, 524821.300944
Z3, 19, 12, 720, 28840.000000, 0.051063, 564792.511212, 565488.000000, 1.000000, 2, 31.038066, 494820.389983, 494820.389983
Z3, 20, 12, 720, 75104.000000, 0.051272, 1464815.103760, 1472624.000000, 1.000000, 2, 31.038066, 674824.908493, 674824.908493
Z3, 21, 12, 720, 96504.000000, 0.051546, 1872191.828658, 1892232.000000, 1.000000, 2, 31.038066, 756300.253472, 756300.253472
Z3, 22, 12, 720, 42960.000000, 0.051176, 839455.994998, 842352.000000, 1.000000, 2, 31.038066, 549753.086740, 549753.086740
Z3, 23, 12, 720, 68064.000000, 0.051537, 1320682.228302, 1334584.000000, 1.000000, 2, 31.038066, 645998.333401, 645998.333401
Z3, 24, 12, 720, 50352.000000, 0.051202, 983399.085973, 987288.000000, 1.000000, 2, 31.038066, 578541.704936, 578541.704936
Z3, 25, 12, 720, 31856.000000, 0.051154, 622746.999257, 624624.000000, 1.000000, 2, 31.038066, 506411.287592, 506411.287592
Z3, 26, 12, 720, 130312.000000, 0.051538, 2528464.434010, 2555136.000000, 1.000000, 2, 31.038066, 887554.774543, 887554.774543
Z3, 27, 12, 720, 138080.000000, 0.051526, 2679812.133680, 2707448.000000, 1.000000, 2, 31.038066, 917824.314477, 917824.314477
Z3, 28, 12, 720, 62000.000000, 0.051212, 1210653.753027, 1215680.000000, 1.000000, 2, 31.038066, 623992.638346, 623992.638346
Z3, 29, 12, 720, 77544.000000, 0.051311, 1511254.896611, 1520464.000000, 1.000000, 2, 31.038066, 684112.867063, 684112.867063
Z3, 30, 12, 720, 14080.000000, 0.051061, 275748.614402, 276072.000000, 1.000000, 2, 31.038066, 437011.610621, 437011.610621
Z3, 31, 12, 720, 21056.000000, 0.051134, 411780.811202, 412856.000000, 1.000000, 2, 31.038066, 464218.049981, 464218.049981
Z3, 32, 12, 720, 21064.000000, 0.051081, 412364.675711, 413016.000000, 1.000000, 2, 31.038066, 464334.822883, 464334.822883
Z3, 33, 12, 720, 16432.000000, 0.050931, 322632.581336, 328640.000000, 1.000000, 2, 31.038066, 446388.404008, 446388.404008
Z3, 34, 12, 720, 26024.000000, 0.050957, 510705.104304, 520480.000000, 1.000000, 2, 31.038066, 484002.908602, 484002.908602
Z3, 35, 12, 720, 25696.000000, 0.051044, 503408.823760, 503840.000000, 1.000000, 2, 31.038066, 482543.652493, 482543.652493
Z3, 36, 12, 720, 13400.000000, 0.051036, 262559.761737, 262744.000000, 1.000000, 2, 31.038066, 434373.840088, 434373.840088
Z3, 37, 12, 720, 31112.000000, 0.051112, 608702.457349, 610032.000000, 1.000000, 2, 31.038066, 503602.379211, 503602.379211
Z3, 38, 12, 720, 34872.000000, 0.051148, 681786.189098, 683760.000000, 1.000000, 2, 31.038066, 518219.125561, 518219.125561
