Zone, Tile_no, Seg_no, Reso, Seg_d_size, Seg_d_time, Bitrate, Bitrate1, Buf_lev, Buf_limit, Elapsed, Ref_vp, Local_avg
Z1, 0, 1, 720, 9960.000000, 0.050878, 195762.412044, 199200.000000, 1.000000, 2, 0.000062, 195762.412044, 195762.412044
Z2, 0, 1, 720, 8952.000000, 0.090776, 98616.374372, 99464.000000, 1.000000, 2, 0.000062, 49308.187186, 49308.187186
Z2, 1, 1, 720, 5424.000000, 0.021749, 249390.776587, 258280.000000, 1.000000, 2, 0.000062, 83130.258862, 83130.258862
Z2, 2, 1, 720, 7080.000000, 0.003770, 1877984.084881, 2360000.000000, 1.000000, 2, 0.000062, 469496.021220, 469496.021220
Z2, 3, 1, 720, 18976.000000, 0.000864, 21962962.962963, 18976000.000000, 1.000000, 2, 0.000062, 4392592.592593, 4392592.592593
Z2, 4, 1, 720, 8720.000000, 0.021014, 414961.454269, 415232.000000, 1.000000, 2, 0.000062, 82992.290854, 82992.290854
Z2, 5, 1, 720, 8336.000000, 0.009315, 894900.697799, 926216.000000, 1.000000, 2, 0.000062, 178980.139560, 178980.139560
Z2, 6, 1, 720, 6376.000000, 0.000882, 7229024.943311, 6376000.000000, 1.000000, 2, 0.000062, 1445804.988662, 1445804.988662
Z2, 7, 1, 720, 6872.000000, 0.000820, 8380487.804878, 6872000.000000, 1.000000, 2, 0.000062, 1676097.560976, 1676097.560976
Z3, 0, 1, 720, 7080.000000, 0.023676, 299036.999493, 307824.000000, 1.000000, 2, 0.000062, 59807.399899, 59807.399899
Z3, 1, 1, 720, 7080.000000, 0.000879, 8054607.508532, 7080000.000000, 1.000000, 2, 0.000062, 1610921.501706, 1610921.501706
Z3, 2, 1, 720, 5664.000000, 0.000776, 7298969.072165, 5664000.000000, 1.000000, 2, 0.000062, 1459793.814433, 1459793.814433
Z3, 3, 1, 720, 7080.000000, 0.235425, 30073.271743, 30120.000000, 1.000000, 2, 0.000062, 6014.654349, 6014.654349
Z3, 4, 1, 720, 7080.000000, 0.005960, 1187919.463087, 1416000.000000, 1.000000, 2, 0.000062, 237583.892617, 237583.892617
Z3, 5, 1, 720, 5664.000000, 0.000897, 6314381.270903, 5664000.000000, 1.000000, 2, 0.000062, 1262876.254181, 1262876.254181
Z3, 6, 1, 720, 7080.000000, 0.011568, 612033.195021, 643632.000000, 1.000000, 2, 0.000062, 122406.639004, 122406.639004
Z3, 7, 1, 720, 7080.000000, 0.009757, 725632.878959, 786664.000000, 1.000000, 2, 0.000062, 145126.575792, 145126.575792
Z3, 8, 1, 720, 5664.000000, 0.000803, 7053549.190535, 5664000.000000, 1.000000, 2, 0.000062, 1410709.838107, 1410709.838107
Z3, 9, 1, 720, 7080.000000, 0.020413, 346837.799442, 354000.000000, 1.000000, 2, 0.000062, 69367.559888, 69367.559888
Z3, 10, 1, 720, 12904.000000, 0.021447, 601669.231128, 614472.000000, 1.000000, 2, 0.000062, 120333.846226, 120333.846226
Z3, 11, 1, 720, 17344.000000, 0.006507, 2665437.221454, 2890664.000000, 1.000000, 2, 0.000062, 533087.444291, 533087.444291
Z3, 12, 1, 720, 16912.000000, 0.000942, 17953290.870488, 16912000.000000, 1.000000, 2, 0.000062, 3590658.174098, 3590658.174098
Z3, 13, 1, 720, 13240.000000, 0.000845, 15668639.053254, 13240000.000000, 1.000000, 2, 0.000062, 3133727.810651, 3133727.810651
Z3, 14, 1, 720, 28328.000000, 0.021365, 1325906.857009, 1348952.000000, 1.000000, 2, 0.000062, 265181.371402, 265181.371402
Z3, 15, 1, 720, 30528.000000, 0.000904, 33769911.504425, 30528000.000000, 1.000000, 2, 0.000062, 6753982.300885, 6753982.300885
Z3, 16, 1, 720, 16360.000000, 0.000835, 19592814.371257, 16360000.000000, 1.000000, 2, 0.000062, 3918562.874251, 3918562.874251
Z3, 17, 1, 720, 33216.000000, 0.010252, 3239953.179867, 3321600.000000, 1.000000, 2, 0.000062, 647990.635973, 647990.635973
Z3, 18, 1, 720, 28000.000000, 0.013360, 2095808.383234, 2153840.000000, 1.000000, 2, 0.000062, 419161.676647, 419161.676647
Z3, 19, 1, 720, 15744.000000, 0.012701, 1239587.434060, 1312000.000000, 1.000000, 2, 0.000062, 247917.486812, 247917.486812
Z3, 20, 1, 720, 16024.000000, 0.000871, 18397244.546498, 16024000.000000, 1.000000, 2, 0.000062, 3679448.909300, 3679448.909300
Z3, 21, 1, 720, 11576.000000, 0.001012, 11438735.177866, 11576000.000000, 1.000000, 2, 0.000062, 2287747.035573, 2287747.035573
Z3, 22, 1, 720, 10816.000000, 0.000945, 11445502.645503, 10816000.000000, 1.000000, 2, 0.000062, 2289100.529101, 2289100.529101
Z3, 23, 1, 720, 13224.000000, 0.000908, 14563876.651982, 13224000.000000, 1.000000, 2, 0.000062, 2912775.330396, 2912775.330396
Z3, 24, 1, 720, 17528.000000, 0.000983, 17831129.196338, 17528000.000000, 1.000000, 2, 0.000062, 3566225.839268, 3566225.839268
Z3, 25, 1, 720, 23824.000000, 0.000975, 24434871.794872, 23824000.000000, 1.000000, 2, 0.000062, 4886974.358974, 4886974.358974
Z3, 26, 1, 720, 11024.000000, 0.001769, 6231769.361221, 11024000.000000, 1.000000, 2, 0.000062, 1246353.872244, 1246353.872244
Z3, 27, 1, 720, 15112.000000, 0.005384, 2806835.066865, 3022400.000000, 1.000000, 2, 0.000062, 561367.013373, 561367.013373
Z3, 28, 1, 720, 24552.000000, 0.020336, 1207317.073171, 1227600.000000, 1.000000, 2, 0.000062, 241463.414634, 241463.414634
Z3, 29, 1, 720, 10824.000000, 0.000852, 12704225.352113, 10824000.000000, 1.000000, 2, 0.000062, 2540845.070423, 2540845.070423
Z3, 30, 1, 720, 6872.000000, 0.019813, 346842.981881, 361680.000000, 1.000000, 2, 0.000062, 69368.596376, 69368.596376
Z3, 31, 1, 720, 6872.000000, 0.007630, 900655.307995, 981712.000000, 1.000000, 2, 0.000062, 180131.061599, 180131.061599
Z3, 32, 1, 720, 6376.000000, 0.000898, 7100222.717149, 6376000.000000, 1.000000, 2, 0.000062, 1420044.543430, 1420044.543430
Z3, 33, 1, 720, 6872.000000, 0.018370, 374088.187262, 381776.000000, 1.000000, 2, 0.000062, 74817.637452, 74817.637452
Z3, 34, 1, 720, 6872.000000, 0.011853, 579768.834894, 624720.000000, 1.000000, 2, 0.000062, 115953.766979, 115953.766979
Z3, 35, 1, 720, 6376.000000, 0.025425, 250776.794494, 255040.000000, 1.000000, 2, 0.000062, 50155.358899, 50155.358899
Z3, 36, 1, 720, 6872.000000, 0.014828, 463447.531697, 490856.000000, 1.000000, 2, 0.000062, 92689.506339, 92689.506339
Z3, 37, 1, 720, 6872.000000, 0.025045, 274386.105011, 274880.000000, 1.000000, 2, 0.000062, 54877.221002, 54877.221002
Z3, 38, 1, 720, 6376.000000, 0.000820, 7775609.756098, 6376000.000000, 1.000000, 2, 0.000062, 1555121.951220, 1555121.951220
Z1, 0, 2, 4K, 33112.000000, 0.039635, 835423.237038, 849024.000000, 1.235780, 2, 0.764282, 1722206.598627, 1722206.598627
Z2, 0, 2, 4K, 6624.000000, 0.024363, 271887.698559, 276000.000000, 1.235780, 2, 0.764282, 1609499.490931, 1609499.490931
Z2, 1, 2, 4K, 9736.000000, 0.000836, 11645933.014354, 9736000.000000, 1.235780, 2, 0.764282, 3884308.554090, 3884308.554090
Z2, 2, 2, 4K, 9976.000000, 0.015341, 650283.553875, 665064.000000, 1.235780, 2, 0.764282, 1685178.661995, 1685178.661995
Z2, 3, 2, 4K, 38152.000000, 0.001038, 36755298.651252, 38152000.000000, 1.235780, 2, 0.764282, 8906181.681470, 8906181.681470
Z2, 4, 2, 4K, 53912.000000, 0.021908, 2460836.224210, 2567232.000000, 1.235780, 2, 0.764282, 2047289.196062, 2047289.196062
Z2, 5, 2, 4K, 24608.000000, 0.016880, 1457819.905213, 1538000.000000, 1.235780, 2, 0.764282, 1846685.932262, 1846685.932262
Z2, 6, 2, 4K, 10280.000000, 0.000996, 10321285.140562, 10280000.000000, 1.235780, 2, 0.764282, 3619378.979332, 3619378.979332
Z2, 7, 2, 4K, 10280.000000, 0.000916, 11222707.423581, 10280000.000000, 1.235780, 2, 0.764282, 3799663.435936, 3799663.435936
Z3, 0, 2, 4K, 9976.000000, 0.058888, 169406.330662, 172000.000000, 1.235780, 2, 0.764282, 1589003.217352, 1589003.217352
Z3, 1, 2, 4K, 9976.000000, 0.011276, 884710.890387, 906904.000000, 1.235780, 2, 0.764282, 1732064.129297, 1732064.129297
Z3, 2, 2, 4K, 9976.000000, 0.002112, 4723484.848485, 4988000.000000, 1.235780, 2, 0.764282, 2499818.920916, 2499818.920916
Z3, 3, 2, 4K, 9976.000000, 0.000950, 10501052.631579, 9976000.000000, 1.235780, 2, 0.764282, 3655332.477535, 3655332.477535
Z3, 4, 2, 4K, 9976.000000, 0.025886, 385382.059801, 399040.000000, 1.235780, 2, 0.764282, 1632198.363180, 1632198.363180
Z3, 5, 2, 4K, 9976.000000, 0.000926, 10773218.142549, 9976000.000000, 1.235780, 2, 0.764282, 3709765.579729, 3709765.579729
Z3, 6, 2, 4K, 9976.000000, 0.019389, 514518.541441, 525048.000000, 1.235780, 2, 0.764282, 1658025.659508, 1658025.659508
Z3, 7, 2, 4K, 9976.000000, 0.005651, 1765351.265263, 1995200.000000, 1.235780, 2, 0.764282, 1908192.204272, 1908192.204272
Z3, 8, 2, 4K, 9976.000000, 0.000987, 10107396.149949, 9976000.000000, 1.235780, 2, 0.764282, 3576601.181209, 3576601.181209
Z3, 9, 2, 4K, 9976.000000, 0.007407, 1346834.075874, 1425136.000000, 1.235780, 2, 0.764282, 1824488.766394, 1824488.766394
Z3, 10, 2, 4K, 40320.000000, 0.018679, 2158573.799454, 2240000.000000, 1.235780, 2, 0.764282, 1986836.711110, 1986836.711110
Z3, 11, 2, 4K, 25056.000000, 0.001872, 13384615.384615, 25056000.000000, 1.235780, 2, 0.764282, 4232045.028143, 4232045.028143
Z3, 12, 2, 4K, 28696.000000, 0.024480, 1172222.222222, 1195664.000000, 1.235780, 2, 0.764282, 1789566.395664, 1789566.395664
Z3, 13, 2, 4K, 25792.000000, 0.017430, 1479747.561675, 1517176.000000, 1.235780, 2, 0.764282, 1851071.463555, 1851071.463555
Z3, 14, 2, 4K, 40168.000000, 0.001161, 34597760.551249, 40168000.000000, 1.235780, 2, 0.764282, 8474674.061469, 8474674.061469
Z3, 15, 2, 4K, 41448.000000, 0.001017, 40755162.241888, 41448000.000000, 1.235780, 2, 0.764282, 9706154.399597, 9706154.399597
Z3, 16, 2, 4K, 44560.000000, 0.025782, 1728337.599876, 1782400.000000, 1.235780, 2, 0.764282, 1900789.471195, 1900789.471195
Z3, 17, 2, 4K, 39312.000000, 0.012214, 3218601.604716, 3276000.000000, 1.235780, 2, 0.764282, 2198842.272163, 2198842.272163
Z3, 18, 2, 4K, 31560.000000, 0.000954, 33081761.006289, 31560000.000000, 1.235780, 2, 0.764282, 8171474.152477, 8171474.152477
Z3, 19, 2, 4K, 29312.000000, 0.021515, 1362398.326749, 1395808.000000, 1.235780, 2, 0.764282, 1827601.616569, 1827601.616569
Z3, 20, 2, 4K, 35968.000000, 0.000982, 36627291.242363, 35968000.000000, 1.235780, 2, 0.764282, 8880580.199692, 8880580.199692
Z3, 21, 2, 4K, 35592.000000, 0.001037, 34322082.931533, 35592000.000000, 1.235780, 2, 0.764282, 8419538.537526, 8419538.537526
Z3, 22, 2, 4K, 42440.000000, 0.014481, 2930736.827567, 3031424.000000, 1.235780, 2, 0.764282, 2141269.316733, 2141269.316733
Z3, 23, 2, 4K, 61624.000000, 0.009608, 6413821.815154, 6847104.000000, 1.235780, 2, 0.764282, 2837886.314250, 2837886.314250
Z3, 24, 2, 4K, 64952.000000, 0.009056, 7172261.484099, 7216888.000000, 1.235780, 2, 0.764282, 2989574.248039, 2989574.248039
Z3, 25, 2, 4K, 73400.000000, 0.013091, 5606905.507601, 5646152.000000, 1.235780, 2, 0.764282, 2676503.052740, 2676503.052740
Z3, 26, 2, 4K, 52792.000000, 0.012670, 4166692.975533, 4399328.000000, 1.235780, 2, 0.764282, 2388460.546326, 2388460.546326
Z3, 27, 2, 4K, 67272.000000, 0.024566, 2738418.953025, 2803000.000000, 1.235780, 2, 0.764282, 2102805.741824, 2102805.741824
Z3, 28, 2, 4K, 64968.000000, 0.001140, 56989473.684211, 64968000.000000, 1.235780, 2, 0.764282, 12953016.688062, 12953016.688062
Z3, 29, 2, 4K, 52408.000000, 0.046745, 1121146.646700, 1139304.000000, 1.235780, 2, 0.764282, 1779351.280560, 1779351.280560
Z3, 30, 2, 4K, 10280.000000, 0.015848, 648662.291772, 685328.000000, 1.235780, 2, 0.764282, 1684854.409574, 1684854.409574
Z3, 31, 2, 4K, 10280.000000, 0.000896, 11473214.285714, 10280000.000000, 1.235780, 2, 0.764282, 3849764.808362, 3849764.808362
Z3, 32, 2, 4K, 10280.000000, 0.000911, 11284302.963776, 10280000.000000, 1.235780, 2, 0.764282, 3811982.543975, 3811982.543975
Z3, 33, 2, 4K, 10280.000000, 0.018212, 564462.991434, 571104.000000, 1.235780, 2, 0.764282, 1668014.549506, 1668014.549506
Z3, 34, 2, 4K, 10280.000000, 0.046180, 222607.189259, 223472.000000, 1.235780, 2, 0.764282, 1599643.389071, 1599643.389071
Z3, 35, 2, 4K, 10280.000000, 0.020842, 493234.814317, 514000.000000, 1.235780, 2, 0.764282, 1653768.914083, 1653768.914083
Z3, 36, 2, 4K, 10280.000000, 0.001072, 9589552.238806, 10280000.000000, 1.235780, 2, 0.764282, 3473032.398981, 3473032.398981
Z3, 37, 2, 4K, 10280.000000, 0.009518, 1080058.835890, 1142216.000000, 1.235780, 2, 0.764282, 1771133.718397, 1771133.718397
Z3, 38, 2, 4K, 10280.000000, 0.023579, 435981.169685, 446952.000000, 1.235780, 2, 0.764282, 1642318.185156, 1642318.185156
Z1, 0, 3, 4K, 37368.000000, 0.062740, 595600.892573, 602704.000000, 1.578956, 2, 1.421106, 1761438.363671, 1761438.363671
Z2, 0, 3, 4K, 6624.000000, 0.022794, 290602.790208, 301088.000000, 1.578956, 2, 1.421106, 1700438.743198, 1700438.743198
Z2, 1, 3, 4K, 9736.000000, 0.008182, 1189929.112686, 1217000.000000, 1.578956, 2, 1.421106, 1880304.007694, 1880304.007694
Z2, 2, 3, 4K, 9976.000000, 0.006524, 1529123.237278, 1662664.000000, 1.578956, 2, 1.421106, 1948142.832612, 1948142.832612
Z2, 3, 3, 4K, 41472.000000, 0.011565, 3585992.217899, 3770176.000000, 1.578956, 2, 1.421106, 2359516.628736, 2359516.628736
Z2, 4, 3, 4K, 64608.000000, 0.014780, 4371312.584574, 4614856.000000, 1.578956, 2, 1.421106, 2516580.702071, 2516580.702071
Z2, 5, 3, 4K, 26312.000000, 0.025794, 1020082.189657, 1052480.000000, 1.578956, 2, 1.421106, 1846334.623088, 1846334.623088
Z2, 6, 3, 4K, 10280.000000, 0.021739, 472882.837297, 489520.000000, 1.578956, 2, 1.421106, 1736894.752616, 1736894.752616
Z2, 7, 3, 4K, 10280.000000, 0.010791, 952645.723288, 1028000.000000, 1.578956, 2, 1.421106, 1832847.329814, 1832847.329814
Z3, 0, 3, 4K, 9976.000000, 0.037935, 262976.143403, 269616.000000, 1.578956, 2, 1.421106, 1694913.413837, 1694913.413837
Z3, 1, 3, 4K, 9976.000000, 0.001011, 9867457.962413, 9976000.000000, 1.578956, 2, 1.421106, 3615809.777639, 3615809.777639
Z3, 2, 3, 4K, 9976.000000, 0.000965, 10337823.834197, 9976000.000000, 1.578956, 2, 1.421106, 3709882.951996, 3709882.951996
Z3, 3, 3, 4K, 9976.000000, 0.000958, 10413361.169102, 9976000.000000, 1.578956, 2, 1.421106, 3724990.418977, 3724990.418977
Z3, 4, 3, 4K, 9976.000000, 0.018196, 548252.363157, 554216.000000, 1.578956, 2, 1.421106, 1751968.657788, 1751968.657788
Z3, 5, 3, 4K, 9976.000000, 0.001021, 9770812.928501, 9976000.000000, 1.578956, 2, 1.421106, 3596480.770857, 3596480.770857
Z3, 6, 3, 4K, 9976.000000, 0.008803, 1133250.028399, 1247000.000000, 1.578956, 2, 1.421106, 1868968.190836, 1868968.190836
Z3, 7, 3, 4K, 9976.000000, 0.001067, 9349578.256795, 9976000.000000, 1.578956, 2, 1.421106, 3512233.836515, 3512233.836515
Z3, 8, 3, 4K, 9976.000000, 0.025301, 394292.715703, 399040.000000, 1.578956, 2, 1.421106, 1721176.728297, 1721176.728297
Z3, 9, 3, 4K, 9976.000000, 0.000918, 10867102.396514, 9976000.000000, 1.578956, 2, 1.421106, 3815738.664459, 3815738.664459
Z3, 10, 3, 4K, 46944.000000, 0.001039, 45181905.678537, 46944000.000000, 1.578956, 2, 1.421106, 10678699.320864, 10678699.320864
Z3, 11, 3, 4K, 25776.000000, 0.015168, 1699367.088608, 1718400.000000, 1.578956, 2, 1.421106, 1982191.602878, 1982191.602878
Z3, 12, 3, 4K, 29160.000000, 0.018496, 1576557.093426, 1620000.000000, 1.578956, 2, 1.421106, 1957629.603842, 1957629.603842
Z3, 13, 3, 4K, 27488.000000, 0.001100, 24989090.909091, 27488000.000000, 1.578956, 2, 1.421106, 6640136.366975, 6640136.366975
Z3, 14, 3, 4K, 44488.000000, 0.017385, 2558987.633017, 2616936.000000, 1.578956, 2, 1.421106, 2154115.711760, 2154115.711760
Z3, 15, 3, 4K, 39320.000000, 0.000991, 39677093.844601, 39320000.000000, 1.578956, 2, 1.421106, 9577736.954077, 9577736.954077
Z3, 16, 3, 4K, 43888.000000, 0.010745, 4084504.420661, 4388800.000000, 1.578956, 2, 1.421106, 2459219.069289, 2459219.069289
Z3, 17, 3, 4K, 44080.000000, 0.017751, 2483240.380824, 2592936.000000, 1.578956, 2, 1.421106, 2138966.261321, 2138966.261321
Z3, 18, 3, 4K, 34432.000000, 0.003946, 8725798.276736, 11477328.000000, 1.578956, 2, 1.421106, 3387477.840504, 3387477.840504
Z3, 19, 3, 4K, 31336.000000, 0.012079, 2594254.491266, 2611328.000000, 1.578956, 2, 1.421106, 2161169.083410, 2161169.083410
Z3, 20, 3, 4K, 37168.000000, 0.025895, 1435335.006758, 1486720.000000, 1.578956, 2, 1.421106, 1929385.186508, 1929385.186508
Z3, 21, 3, 4K, 36888.000000, 0.015109, 2441458.733205, 2459200.000000, 1.578956, 2, 1.421106, 2130609.931798, 2130609.931798
Z3, 22, 3, 4K, 45448.000000, 0.012957, 3507602.068380, 3787328.000000, 1.578956, 2, 1.421106, 2343838.598832, 2343838.598832
Z3, 23, 3, 4K, 60880.000000, 0.022488, 2707221.629313, 2767272.000000, 1.578956, 2, 1.421106, 2183762.511019, 2183762.511019
Z3, 24, 3, 4K, 64936.000000, 0.022757, 2853451.685196, 2951632.000000, 1.578956, 2, 1.421106, 2213008.522196, 2213008.522196
Z3, 25, 3, 4K, 68152.000000, 0.022684, 3004408.393581, 3097816.000000, 1.578956, 2, 1.421106, 2243199.863873, 2243199.863873
Z3, 26, 3, 4K, 51256.000000, 0.007584, 6758438.818565, 7322280.000000, 1.578956, 2, 1.421106, 2994005.948870, 2994005.948870
Z3, 27, 3, 4K, 77296.000000, 0.002317, 33360379.801467, 38648000.000000, 1.578956, 2, 1.421106, 8314394.145450, 8314394.145450
Z3, 28, 3, 4K, 69656.000000, 0.028970, 2404418.363825, 2487712.000000, 1.578956, 2, 1.421106, 2123201.857921, 2123201.857921
Z3, 29, 3, 4K, 53752.000000, 0.001733, 31016733.987305, 53752000.000000, 1.578956, 2, 1.421106, 7845664.982618, 7845664.982618
Z3, 30, 3, 4K, 10280.000000, 0.000978, 10511247.443763, 10280000.000000, 1.578956, 2, 1.421106, 3744567.673909, 3744567.673909
Z3, 31, 3, 4K, 10280.000000, 0.019880, 517102.615694, 541048.000000, 1.578956, 2, 1.421106, 1745738.708295, 1745738.708295
Z3, 32, 3, 4K, 10280.000000, 0.005748, 1788448.155880, 2056000.000000, 1.578956, 2, 1.421106, 2000007.816333, 2000007.816333
Z3, 33, 3, 4K, 10280.000000, 0.000925, 11113513.513514, 10280000.000000, 1.578956, 2, 1.421106, 3865020.887859, 3865020.887859
Z3, 34, 3, 4K, 10280.000000, 0.001034, 9941972.920696, 10280000.000000, 1.578956, 2, 1.421106, 3630712.769296, 3630712.769296
Z3, 35, 3, 4K, 10280.000000, 0.000811, 12675709.001233, 10280000.000000, 1.578956, 2, 1.421106, 4177459.985403, 4177459.985403
Z3, 36, 3, 4K, 10288.000000, 0.012051, 853705.086715, 857328.000000, 1.578956, 2, 1.421106, 1813059.202499, 1813059.202499
Z3, 37, 3, 4K, 10280.000000, 0.004115, 2498177.399757, 2570000.000000, 1.578956, 2, 1.421106, 2141953.665108, 2141953.665108
Z3, 38, 3, 4K, 10280.000000, 0.003659, 2809510.795299, 3426664.000000, 1.578956, 2, 1.421106, 2204220.344216, 2204220.344216
Z1, 0, 4, 4K, 78920.000000, 0.043846, 1799936.140127, 1835344.000000, 1.981593, 2, 2.018469, 2564207.572242, 2564207.572242
Z2, 0, 4, 4K, 6624.000000, 0.053276, 124333.658683, 124976.000000, 1.981593, 2, 2.018469, 2229087.075953, 2229087.075953
Z2, 1, 4, 4K, 9856.000000, 0.010956, 899598.393574, 985600.000000, 1.981593, 2, 2.018469, 2384140.022931, 2384140.022931
Z2, 2, 4, 4K, 10000.000000, 0.021461, 465961.511579, 476184.000000, 1.981593, 2, 2.018469, 2297412.646532, 2297412.646532
Z2, 3, 4, 4K, 61192.000000, 0.005926, 10326020.924738, 12238400.000000, 1.981593, 2, 2.018469, 4269424.529164, 4269424.529164
Z2, 4, 4, 4K, 105968.000000, 0.021973, 4822645.974605, 5046088.000000, 1.981593, 2, 2.018469, 3168749.539137, 3168749.539137
Z2, 5, 4, 4K, 53008.000000, 0.024396, 2172815.215609, 2208664.000000, 1.981593, 2, 2.018469, 2638783.387338, 2638783.387338
Z2, 6, 4, 4K, 17976.000000, 0.027868, 645040.907134, 665776.000000, 1.981593, 2, 2.018469, 2333228.525643, 2333228.525643
Z2, 7, 4, 4K, 11688.000000, 0.000960, 12175000.000000, 11688000.000000, 1.981593, 2, 2.018469, 4639220.344216, 4639220.344216
Z3, 0, 4, 4K, 10160.000000, 0.024983, 406676.540047, 423328.000000, 1.981593, 2, 2.018469, 2285555.652226, 2285555.652226
Z3, 1, 4, 4K, 10112.000000, 0.030100, 335946.843854, 337064.000000, 1.981593, 2, 2.018469, 2271409.712987, 2271409.712987
Z3, 2, 4, 4K, 10000.000000, 0.000821, 12180267.965895, 10000000.000000, 1.981593, 2, 2.018469, 4640273.937395, 4640273.937395
Z3, 3, 4, 4K, 10000.000000, 0.007181, 1392563.709790, 1428568.000000, 1.981593, 2, 2.018469, 2482733.086174, 2482733.086174
Z3, 4, 4, 4K, 10000.000000, 0.002117, 4723665.564478, 5000000.000000, 1.981593, 2, 2.018469, 3148953.457112, 3148953.457112
Z3, 5, 4, 4K, 10000.000000, 0.000987, 10131712.259372, 10000000.000000, 1.981593, 2, 2.018469, 4230562.796091, 4230562.796091
Z3, 6, 4, 4K, 10400.000000, 0.022981, 452547.756843, 472720.000000, 1.981593, 2, 2.018469, 2294729.895585, 2294729.895585
Z3, 7, 4, 4K, 10000.000000, 0.002243, 4458314.757022, 5000000.000000, 1.981593, 2, 2.018469, 3095883.295621, 3095883.295621
Z3, 8, 4, 4K, 10000.000000, 0.000855, 11695906.432749, 10000000.000000, 1.981593, 2, 2.018469, 4543401.630766, 4543401.630766
Z3, 9, 4, 4K, 10016.000000, 0.000926, 10816414.686825, 10016000.000000, 1.981593, 2, 2.018469, 4367503.281581, 4367503.281581
Z3, 10, 4, 4K, 69528.000000, 0.002804, 24796005.706134, 34764000.000000, 1.981593, 2, 2.018469, 7163421.485443, 7163421.485443
Z3, 11, 4, 4K, 50216.000000, 0.024865, 2019545.545948, 2092328.000000, 1.981593, 2, 2.018469, 2608129.453406, 2608129.453406
Z3, 12, 4, 4K, 53360.000000, 0.460778, 115804.139955, 116000.000000, 1.981593, 2, 2.018469, 2227381.172207, 2227381.172207
Z3, 13, 4, 4K, 45608.000000, 0.028223, 1615986.960989, 1628856.000000, 1.981593, 2, 2.018469, 2527417.736414, 2527417.736414
Z3, 14, 4, 4K, 88024.000000, 0.027113, 3246560.690444, 3260144.000000, 1.981593, 2, 2.018469, 2853532.482305, 2853532.482305
Z3, 15, 4, 4K, 65880.000000, 0.010587, 6222725.984698, 6588000.000000, 1.981593, 2, 2.018469, 3448765.541156, 3448765.541156
Z3, 16, 4, 4K, 81544.000000, 0.011864, 6873229.939312, 7413088.000000, 1.981593, 2, 2.018469, 3578866.332079, 3578866.332079
Z3, 17, 4, 4K, 79088.000000, 0.008551, 9248976.727868, 9886000.000000, 1.981593, 2, 2.018469, 4054015.689790, 4054015.689790
Z3, 18, 4, 4K, 60616.000000, 0.024393, 2484975.197803, 2525664.000000, 1.981593, 2, 2.018469, 2701215.383777, 2701215.383777
Z3, 19, 4, 4K, 55928.000000, 0.025597, 2184943.548072, 2237120.000000, 1.981593, 2, 2.018469, 2641209.053831, 2641209.053831
Z3, 20, 4, 4K, 60512.000000, 0.003994, 15150726.089134, 20170664.000000, 1.981593, 2, 2.018469, 5234365.562043, 5234365.562043
Z3, 21, 4, 4K, 116408.000000, 0.047224, 2465017.787566, 2476760.000000, 1.981593, 2, 2.018469, 2697223.901729, 2697223.901729
Z3, 22, 4, 4K, 104248.000000, 0.035838, 2908867.682348, 2978512.000000, 1.981593, 2, 2.018469, 2785993.880686, 2785993.880686
Z3, 23, 4, 4K, 138368.000000, 0.070562, 1960942.150166, 1976680.000000, 1.981593, 2, 2.018469, 2596408.774250, 2596408.774250
Z3, 24, 4, 4K, 139408.000000, 0.040549, 3438013.267898, 3485200.000000, 1.981593, 2, 2.018469, 2891822.997796, 2891822.997796
Z3, 25, 4, 4K, 141032.000000, 0.048406, 2913523.116969, 2938160.000000, 1.981593, 2, 2.018469, 2786924.967610, 2786924.967610
Z3, 26, 4, 4K, 125672.000000, 0.039971, 3144079.457607, 3222352.000000, 1.981593, 2, 2.018469, 2833036.235738, 2833036.235738
Z3, 27, 4, 4K, 147320.000000, 0.058811, 2504973.559368, 2540000.000000, 1.981593, 2, 2.018469, 2705215.056090, 2705215.056090
Z3, 28, 4, 4K, 120984.000000, 0.062123, 1947491.267325, 1951352.000000, 1.981593, 2, 2.018469, 2593718.597681, 2593718.597681
Z3, 29, 4, 4K, 87456.000000, 0.037739, 2317390.497893, 2363672.000000, 1.981593, 2, 2.018469, 2667698.443795, 2667698.443795
Z3, 30, 4, 4K, 19872.000000, 0.249968, 79498.175766, 79800.000000, 1.981593, 2, 2.018469, 2220119.979370, 2220119.979370
Z3, 31, 4, 4K, 17320.000000, 0.020196, 857595.563478, 866000.000000, 1.981593, 2, 2.018469, 2375739.456912, 2375739.456912
Z3, 32, 4, 4K, 20880.000000, 0.002578, 8099301.784329, 10440000.000000, 1.981593, 2, 2.018469, 3824080.701082, 3824080.701082
Z3, 33, 4, 4K, 18648.000000, 0.014932, 1248861.505492, 1332000.000000, 1.981593, 2, 2.018469, 2453992.645315, 2453992.645315
Z3, 34, 4, 4K, 15368.000000, 0.009353, 1643109.162835, 1707552.000000, 1.981593, 2, 2.018469, 2532842.176783, 2532842.176783
Z3, 35, 4, 4K, 17240.000000, 0.018452, 934316.063299, 957776.000000, 1.981593, 2, 2.018469, 2391083.556876, 2391083.556876
Z3, 36, 4, 4K, 34944.000000, 0.006002, 5822059.313562, 5824000.000000, 1.981593, 2, 2.018469, 3368632.206929, 3368632.206929
Z3, 37, 4, 4K, 16344.000000, 0.008058, 2028294.862249, 2043000.000000, 1.981593, 2, 2.018469, 2609879.316666, 2609879.316666
Z3, 38, 4, 4K, 11896.000000, 0.020614, 577083.535461, 594800.000000, 1.981593, 2, 2.018469, 2319637.051309, 2319637.051309
Z1, 0, 5, 4K, 14200.000000, 0.034926, 406573.899101, 417640.000000, 1.250871, 2, 3.749191, 2400951.831129, 2400951.831129
Z2, 0, 5, 4K, 6624.000000, 0.022308, 296933.835395, 301088.000000, 1.250871, 2, 3.749191, 2379023.818388, 2379023.818388
Z2, 1, 5, 4K, 15440.000000, 0.001500, 10293333.333333, 15440000.000000, 1.250871, 2, 3.749191, 4378303.717975, 4378303.717975
Z2, 2, 5, 4K, 14656.000000, 0.001025, 14298536.585366, 14656000.000000, 1.250871, 2, 3.749191, 5179344.368382, 5179344.368382
Z2, 3, 5, 4K, 67288.000000, 0.018249, 3687215.737849, 3738216.000000, 1.250871, 2, 3.749191, 3057080.198878, 3057080.198878
Z2, 4, 5, 4K, 54872.000000, 0.002175, 25228505.747126, 27436000.000000, 1.250871, 2, 3.749191, 7365338.200734, 7365338.200734
Z2, 5, 5, 4K, 59096.000000, 0.015097, 3914420.083460, 3939728.000000, 1.250871, 2, 3.749191, 3102521.068001, 3102521.068001
Z2, 6, 5, 4K, 117640.000000, 0.003853, 30532052.945757, 39213328.000000, 1.250871, 2, 3.749191, 8426047.640460, 8426047.640460
Z2, 7, 5, 4K, 68288.000000, 0.020527, 3326740.390705, 3414400.000000, 1.250871, 2, 3.749191, 2984985.129450, 2984985.129450
Z3, 0, 5, 4K, 16504.000000, 0.040853, 403985.019460, 412600.000000, 1.250871, 2, 3.749191, 2400434.055201, 2400434.055201
Z3, 1, 5, 4K, 16120.000000, 0.020836, 773660.971396, 806000.000000, 1.250871, 2, 3.749191, 2474369.245588, 2474369.245588
Z3, 2, 5, 4K, 15008.000000, 0.042233, 355361.920773, 357328.000000, 1.250871, 2, 3.749191, 2390709.435463, 2390709.435463
Z3, 3, 5, 4K, 15032.000000, 0.000860, 17479069.767442, 15032000.000000, 1.250871, 2, 3.749191, 5815451.004797, 5815451.004797
Z3, 4, 5, 4K, 12928.000000, 0.004122, 3136341.581756, 3232000.000000, 1.250871, 2, 3.749191, 2946905.367660, 2946905.367660
Z3, 5, 5, 4K, 13640.000000, 0.001004, 13585657.370518, 13640000.000000, 1.250871, 2, 3.749191, 5036768.525412, 5036768.525412
Z3, 6, 5, 4K, 14648.000000, 0.000870, 16836781.609195, 14648000.000000, 1.250871, 2, 3.749191, 5686993.373148, 5686993.373148
Z3, 7, 5, 4K, 15008.000000, 0.031377, 478312.139465, 484128.000000, 1.250871, 2, 3.749191, 2415299.479202, 2415299.479202
Z3, 8, 5, 4K, 14312.000000, 0.000954, 15002096.436059, 14312000.000000, 1.250871, 2, 3.749191, 5320056.338520, 5320056.338520
Z3, 9, 5, 4K, 52536.000000, 0.021416, 2453119.163242, 2501712.000000, 1.250871, 2, 3.749191, 2810260.883957, 2810260.883957
Z3, 10, 5, 4K, 52032.000000, 0.208390, 249685.685494, 250152.000000, 1.250871, 2, 3.749191, 2369574.188407, 2369574.188407
Z3, 11, 5, 4K, 44632.000000, 0.021290, 2096383.278535, 2125328.000000, 1.250871, 2, 3.749191, 2738913.707016, 2738913.707016
Z3, 12, 5, 4K, 76304.000000, 0.045919, 1661708.660903, 1695640.000000, 1.250871, 2, 3.749191, 2651978.783489, 2651978.783489
Z3, 13, 5, 4K, 71856.000000, 0.232705, 308785.801766, 309720.000000, 1.250871, 2, 3.749191, 2381394.211662, 2381394.211662
Z3, 14, 5, 4K, 82648.000000, 0.047822, 1728242.231609, 1758464.000000, 1.250871, 2, 3.749191, 2665285.497630, 2665285.497630
Z3, 15, 5, 4K, 76072.000000, 0.021024, 3618340.943683, 3622472.000000, 1.250871, 2, 3.749191, 3043305.240045, 3043305.240045
Z3, 16, 5, 4K, 59304.000000, 0.033907, 1749019.376530, 1797088.000000, 1.250871, 2, 3.749191, 2669440.926615, 2669440.926615
Z3, 17, 5, 4K, 43064.000000, 0.002076, 20743737.957611, 21532000.000000, 1.250871, 2, 3.749191, 6468384.642831, 6468384.642831
Z3, 18, 5, 4K, 135784.000000, 0.079060, 1717480.394637, 1718784.000000, 1.250871, 2, 3.749191, 2663133.130236, 2663133.130236
Z3, 19, 5, 4K, 118304.000000, 0.043143, 2742136.615442, 2751248.000000, 1.250871, 2, 3.749191, 2868064.374397, 2868064.374397
Z3, 20, 5, 4K, 147040.000000, 0.275978, 532796.092442, 534688.000000, 1.250871, 2, 3.749191, 2426196.269797, 2426196.269797
Z3, 21, 5, 4K, 179520.000000, 0.101866, 1762315.198398, 1777424.000000, 1.250871, 2, 3.749191, 2672100.090988, 2672100.090988
Z3, 22, 5, 4K, 172688.000000, 0.051992, 3321434.066780, 3386032.000000, 1.250871, 2, 3.749191, 2983923.864665, 2983923.864665
Z3, 23, 5, 4K, 145128.000000, 0.077857, 1864032.778042, 1884776.000000, 1.250871, 2, 3.749191, 2692443.606917, 2692443.606917
Z3, 24, 5, 4K, 179592.000000, 0.034019, 5279167.524031, 5282112.000000, 1.250871, 2, 3.749191, 3375470.556115, 3375470.556115
Z3, 25, 5, 4K, 140720.000000, 0.047232, 2979336.043360, 2994040.000000, 1.250871, 2, 3.749191, 2915504.259981, 2915504.259981
Z3, 26, 5, 4K, 83928.000000, 0.042794, 1961209.515353, 1998280.000000, 1.250871, 2, 3.749191, 2711878.954379, 2711878.954379
Z3, 27, 5, 4K, 86352.000000, 0.021983, 3928126.279398, 4112000.000000, 1.250871, 2, 3.749191, 3105262.307188, 3105262.307188
Z3, 28, 5, 4K, 47432.000000, 0.019347, 2451646.250065, 2496416.000000, 1.250871, 2, 3.749191, 2809966.301322, 2809966.301322
Z3, 29, 5, 4K, 82192.000000, 0.038652, 2126461.761358, 2162944.000000, 1.250871, 2, 3.749191, 2744929.403580, 2744929.403580
Z3, 30, 5, 4K, 68504.000000, 0.021321, 3212982.505511, 3262088.000000, 1.250871, 2, 3.749191, 2962233.552411, 2962233.552411
Z3, 31, 5, 4K, 53776.000000, 0.023575, 2281060.445387, 2338080.000000, 1.250871, 2, 3.749191, 2775849.140386, 2775849.140386
Z3, 32, 5, 4K, 72968.000000, 0.033956, 2148898.574626, 2211144.000000, 1.250871, 2, 3.749191, 2749416.766234, 2749416.766234
Z3, 33, 5, 4K, 78200.000000, 0.019077, 4099177.019448, 4115784.000000, 1.250871, 2, 3.749191, 3139472.455198, 3139472.455198
Z3, 34, 5, 4K, 63936.000000, 0.025899, 2468666.743890, 2557440.000000, 1.250871, 2, 3.749191, 2813370.400087, 2813370.400087
Z3, 35, 5, 4K, 86888.000000, 0.021196, 4099264.012078, 4137520.000000, 1.250871, 2, 3.749191, 3139489.853724, 3139489.853724
Z3, 36, 5, 4K, 53856.000000, 0.020332, 2648829.431438, 2692800.000000, 1.250871, 2, 3.749191, 2849402.937596, 2849402.937596
Z3, 37, 5, 4K, 42888.000000, 0.011189, 3833050.317276, 3898904.000000, 1.250871, 2, 3.749191, 3086247.114764, 3086247.114764
Z3, 38, 5, 4K, 40216.000000, 0.017795, 2259960.663108, 2365640.000000, 1.250871, 2, 3.749191, 2771629.183930, 2771629.183930
Z1, 0, 6, 4K, 44392.000000, 0.022624, 1962164.073550, 2017816.000000, 1.000000, 2, 5.681504, 1608940.047421, 1608940.047421
Z2, 0, 6, 4K, 6624.000000, 0.048887, 135496.144169, 138000.000000, 1.000000, 2, 5.681504, 1243606.461544, 1243606.461544
Z2, 1, 6, 4K, 12000.000000, 0.005084, 2360346.184107, 2400000.000000, 1.000000, 2, 5.681504, 1688576.469532, 1688576.469532
Z2, 2, 6, 4K, 11456.000000, 0.000938, 12213219.616205, 11456000.000000, 1.000000, 2, 5.681504, 3659151.155952, 3659151.155952
Z2, 3, 6, 4K, 32384.000000, 0.001057, 30637653.736991, 32384000.000000, 1.000000, 2, 5.681504, 7344037.980109, 7344037.980109
Z2, 4, 6, 4K, 89424.000000, 0.025177, 3551813.162807, 3576960.000000, 1.000000, 2, 5.681504, 1926869.865272, 1926869.865272
Z2, 5, 6, 4K, 37976.000000, 0.001038, 36585741.811175, 37976000.000000, 1.000000, 2, 5.681504, 8533655.594946, 8533655.594946
Z2, 6, 6, 4K, 23176.000000, 0.065913, 351615.007662, 356552.000000, 1.000000, 2, 5.681504, 1286830.234243, 1286830.234243
Z2, 7, 6, 4K, 20712.000000, 0.004185, 4949103.942652, 5178000.000000, 1.000000, 2, 5.681504, 2206328.021241, 2206328.021241
Z3, 0, 6, 4K, 12312.000000, 0.041427, 297197.479904, 300288.000000, 1.000000, 2, 5.681504, 1275946.728692, 1275946.728692
Z3, 1, 6, 4K, 11800.000000, 0.005110, 2309197.651663, 2360000.000000, 1.000000, 2, 5.681504, 1678346.763043, 1678346.763043
Z3, 2, 6, 4K, 11672.000000, 0.017866, 653307.959252, 686584.000000, 1.000000, 2, 5.681504, 1347168.824561, 1347168.824561
Z3, 3, 6, 4K, 11856.000000, 0.000893, 13276595.744681, 11856000.000000, 1.000000, 2, 5.681504, 3871826.381647, 3871826.381647
Z3, 4, 6, 4K, 11392.000000, 0.009757, 1167571.999590, 1265776.000000, 1.000000, 2, 5.681504, 1450021.632629, 1450021.632629
Z3, 5, 6, 4K, 11608.000000, 0.000919, 12631120.783460, 11608000.000000, 1.000000, 2, 5.681504, 3742731.389403, 3742731.389403
Z3, 6, 6, 4K, 11808.000000, 0.000899, 13134593.993326, 11808000.000000, 1.000000, 2, 5.681504, 3843426.031376, 3843426.031376
Z3, 7, 6, 4K, 11616.000000, 0.000840, 13828571.428571, 11616000.000000, 1.000000, 2, 5.681504, 3982221.518425, 3982221.518425
Z3, 8, 6, 4K, 11320.000000, 0.000866, 13071593.533487, 11320000.000000, 1.000000, 2, 5.681504, 3830825.939408, 3830825.939408
Z3, 9, 6, 4K, 11672.000000, 0.008495, 1373984.696881, 1459000.000000, 1.000000, 2, 5.681504, 1491304.172087, 1491304.172087
Z3, 10, 6, 4K, 36784.000000, 0.000943, 39007423.117709, 36784000.000000, 1.000000, 2, 5.681504, 9017991.856253, 9017991.856253
Z3, 11, 6, 4K, 30472.000000, 0.000980, 31093877.551020, 30472000.000000, 1.000000, 2, 5.681504, 7435282.742915, 7435282.742915
Z3, 12, 6, 4K, 27608.000000, 0.021292, 1296637.234642, 1314664.000000, 1.000000, 2, 5.681504, 1475834.679639, 1475834.679639
Z3, 13, 6, 4K, 24088.000000, 0.000987, 24405268.490375, 24088000.000000, 1.000000, 2, 5.681504, 6097560.930786, 6097560.930786
Z3, 14, 6, 4K, 38328.000000, 0.000879, 43604095.563140, 38328000.000000, 1.000000, 2, 5.681504, 9937326.345339, 9937326.345339
Z3, 15, 6, 4K, 32072.000000, 0.005270, 6085768.500949, 6414400.000000, 1.000000, 2, 5.681504, 2433660.932900, 2433660.932900
Z3, 16, 6, 4K, 42136.000000, 0.011820, 3564805.414552, 3830544.000000, 1.000000, 2, 5.681504, 1929468.315621, 1929468.315621
Z3, 17, 6, 4K, 36072.000000, 0.228216, 158060.784520, 158208.000000, 1.000000, 2, 5.681504, 1248119.389615, 1248119.389615
Z3, 18, 6, 4K, 27192.000000, 0.002547, 10676089.517079, 13596000.000000, 1.000000, 2, 5.681504, 3351725.136126, 3351725.136126
Z3, 19, 6, 4K, 23688.000000, 0.030217, 783929.576066, 789600.000000, 1.000000, 2, 5.681504, 1373293.147924, 1373293.147924
Z3, 20, 6, 4K, 30448.000000, 0.021068, 1445224.985760, 1449904.000000, 1.000000, 2, 5.681504, 1505552.229863, 1505552.229863
Z3, 21, 6, 4K, 86000.000000, 0.013000, 6615384.615385, 6615384.000000, 1.000000, 2, 5.681504, 2539584.155788, 2539584.155788
Z3, 22, 6, 4K, 62728.000000, 0.017015, 3686629.444608, 3689880.000000, 1.000000, 2, 5.681504, 1953833.121632, 1953833.121632
Z3, 23, 6, 4K, 65864.000000, 0.033860, 1945186.060248, 1995872.000000, 1.000000, 2, 5.681504, 1605544.444760, 1605544.444760
Z3, 24, 6, 4K, 82512.000000, 0.013035, 6330034.522440, 6347072.000000, 1.000000, 2, 5.681504, 2482514.137199, 2482514.137199
Z3, 25, 6, 4K, 102240.000000, 0.043788, 2334886.270211, 2377672.000000, 1.000000, 2, 5.681504, 1683484.486753, 1683484.486753
Z3, 26, 6, 4K, 69304.000000, 0.004773, 14520008.380473, 17326000.000000, 1.000000, 2, 5.681504, 4120508.908805, 4120508.908805
Z3, 27, 6, 4K, 73800.000000, 0.002165, 34087759.815242, 36900000.000000, 1.000000, 2, 5.681504, 8034059.195759, 8034059.195759
Z3, 28, 6, 4K, 59424.000000, 0.034543, 1720290.652231, 1747760.000000, 1.000000, 2, 5.681504, 1560565.363157, 1560565.363157
Z3, 29, 6, 4K, 38896.000000, 0.014966, 2598957.637311, 2778280.000000, 1.000000, 2, 5.681504, 1736298.760173, 1736298.760173
Z3, 30, 6, 4K, 30224.000000, 0.020735, 1457632.023149, 1511200.000000, 1.000000, 2, 5.681504, 1508033.637340, 1508033.637340
Z3, 31, 6, 4K, 34568.000000, 0.003234, 10688930.117502, 11522664.000000, 1.000000, 2, 5.681504, 3354293.256211, 3354293.256211
Z3, 32, 6, 4K, 62896.000000, 0.018796, 3346243.881677, 3494216.000000, 1.000000, 2, 5.681504, 1885756.009046, 1885756.009046
Z3, 33, 6, 4K, 50288.000000, 0.028915, 1739166.522566, 1796000.000000, 1.000000, 2, 5.681504, 1564340.537224, 1564340.537224
Z3, 34, 6, 4K, 37280.000000, 0.026372, 1413620.506598, 1433840.000000, 1.000000, 2, 5.681504, 1499231.334030, 1499231.334030
Z3, 35, 6, 4K, 26840.000000, 0.027652, 970635.035440, 994072.000000, 1.000000, 2, 5.681504, 1410634.239799, 1410634.239799
Z3, 36, 6, 4K, 30408.000000, 0.001700, 17887058.823529, 30408000.000000, 1.000000, 2, 5.681504, 4793918.997417, 4793918.997417
Z3, 37, 6, 4K, 24136.000000, 0.025309, 953652.850765, 965440.000000, 1.000000, 2, 5.681504, 1407237.802864, 1407237.802864
Z3, 38, 6, 4K, 21376.000000, 0.019765, 1081507.715659, 1125048.000000, 1.000000, 2, 5.681504, 1432808.775842, 1432808.775842
Z1, 0, 7, 4K, 11528.000000, 0.041949, 274809.888198, 281168.000000, 1.057791, 2, 6.623713, 1400574.519545, 1400574.519545
Z2, 0, 7, 4K, 6624.000000, 1.075357, 6159.814834, 6160.000000, 1.057791, 2, 6.623713, 1346844.504872, 1346844.504872
Z2, 1, 7, 4K, 11584.000000, 0.000888, 13045045.045045, 11584000.000000, 1.057791, 2, 6.623713, 3954621.550914, 3954621.550914
Z2, 2, 7, 4K, 11888.000000, 0.000904, 13150442.477876, 11888000.000000, 1.057791, 2, 6.623713, 3975701.037481, 3975701.037481
Z2, 3, 7, 4K, 23856.000000, 0.003457, 6900781.024009, 7952000.000000, 1.057791, 2, 6.623713, 2725768.746707, 2725768.746707
Z2, 4, 7, 4K, 30824.000000, 0.005998, 5139046.348783, 6164800.000000, 1.057791, 2, 6.623713, 2373421.811662, 2373421.811662
Z2, 5, 7, 4K, 46048.000000, 0.001094, 42091407.678245, 46048000.000000, 1.057791, 2, 6.623713, 9763894.077554, 9763894.077554
Z2, 6, 7, 4K, 21912.000000, 0.008966, 2443899.174660, 2739000.000000, 1.057791, 2, 6.623713, 1834392.376837, 1834392.376837
Z2, 7, 7, 4K, 21440.000000, 0.026361, 813322.711582, 824608.000000, 1.057791, 2, 6.623713, 1508277.084222, 1508277.084222
Z3, 0, 7, 4K, 12288.000000, 0.034150, 359824.304539, 361408.000000, 1.057791, 2, 6.623713, 1417577.402813, 1417577.402813
Z3, 1, 7, 4K, 12288.000000, 0.007007, 1753674.896532, 1755424.000000, 1.057791, 2, 6.623713, 1696347.521212, 1696347.521212
Z3, 2, 7, 4K, 12304.000000, 0.057866, 212629.177756, 215856.000000, 1.057791, 2, 6.623713, 1388138.377457, 1388138.377457
Z3, 3, 7, 4K, 11832.000000, 0.000938, 12614072.494670, 11832000.000000, 1.057791, 2, 6.623713, 3868427.040839, 3868427.040839
Z3, 4, 7, 4K, 12664.000000, 0.011066, 1144406.289536, 1151272.000000, 1.057791, 2, 6.623713, 1574493.799813, 1574493.799813
Z3, 5, 7, 4K, 11360.000000, 0.013173, 862369.999241, 873840.000000, 1.057791, 2, 6.623713, 1518086.541754, 1518086.541754
Z3, 6, 7, 4K, 11624.000000, 0.000820, 14175609.756098, 11624000.000000, 1.057791, 2, 6.623713, 4180734.493125, 4180734.493125
Z3, 7, 7, 4K, 12008.000000, 0.013518, 888297.085368, 923688.000000, 1.057791, 2, 6.623713, 1523271.958979, 1523271.958979
Z3, 8, 7, 4K, 11744.000000, 0.013341, 880293.831047, 903384.000000, 1.057791, 2, 6.623713, 1521671.308115, 1521671.308115
Z3, 9, 7, 4K, 40440.000000, 0.001063, 38043273.753528, 40440000.000000, 1.057791, 2, 6.623713, 8954267.292611, 8954267.292611
Z3, 10, 7, 4K, 32448.000000, 0.061033, 531646.814019, 531928.000000, 1.057791, 2, 6.623713, 1451941.904709, 1451941.904709
Z3, 11, 7, 4K, 29808.000000, 0.000889, 33529808.773903, 29808000.000000, 1.057791, 2, 6.623713, 8051574.296686, 8051574.296686
Z3, 12, 7, 4K, 26008.000000, 0.232952, 111645.317490, 112096.000000, 1.057791, 2, 6.623713, 1367941.605404, 1367941.605404
Z3, 13, 7, 4K, 43712.000000, 0.006734, 6491238.491238, 7285328.000000, 1.057791, 2, 6.623713, 2643860.240153, 2643860.240153
Z3, 14, 7, 4K, 42976.000000, 0.002775, 15486846.846847, 21488000.000000, 1.057791, 2, 6.623713, 4442981.911275, 4442981.911275
Z3, 15, 7, 4K, 80888.000000, 0.024557, 3293887.689864, 3370328.000000, 1.057791, 2, 6.623713, 2004390.079878, 2004390.079878
Z3, 16, 7, 4K, 51248.000000, 0.018018, 2844266.844267, 2847104.000000, 1.057791, 2, 6.623713, 1914465.910759, 1914465.910759
Z3, 17, 7, 4K, 29472.000000, 0.020317, 1450607.865334, 1473600.000000, 1.057791, 2, 6.623713, 1635734.114972, 1635734.114972
Z3, 18, 7, 4K, 33008.000000, 0.029439, 1121233.737559, 1138200.000000, 1.057791, 2, 6.623713, 1569859.289417, 1569859.289417
Z3, 19, 7, 4K, 76304.000000, 0.043280, 1763031.423290, 1774504.000000, 1.057791, 2, 6.623713, 1698218.826563, 1698218.826563
Z3, 20, 7, 4K, 78816.000000, 0.025236, 3123157.394199, 3152640.000000, 1.057791, 2, 6.623713, 1970244.020745, 1970244.020745
Z3, 21, 7, 4K, 66288.000000, 0.002806, 23623663.578047, 33144000.000000, 1.057791, 2, 6.623713, 6070345.257515, 6070345.257515
Z3, 22, 7, 4K, 69920.000000, 0.024318, 2875236.450366, 2913328.000000, 1.057791, 2, 6.623713, 1920659.831979, 1920659.831979
Z3, 23, 7, 4K, 81944.000000, 0.026249, 3121795.116004, 3151688.000000, 1.057791, 2, 6.623713, 1969971.565106, 1969971.565106
Z3, 24, 7, 4K, 102376.000000, 0.015494, 6607460.952627, 6825064.000000, 1.057791, 2, 6.623713, 2667104.732431, 2667104.732431
Z3, 25, 7, 4K, 76792.000000, 0.026271, 2923071.066956, 2953536.000000, 1.057791, 2, 6.623713, 1930226.755297, 1930226.755297
Z3, 26, 7, 4K, 81072.000000, 0.009344, 8676369.863014, 9008000.000000, 1.057791, 2, 6.623713, 3080886.514508, 3080886.514508
Z3, 27, 7, 4K, 62656.000000, 0.051541, 1215653.557362, 1228544.000000, 1.057791, 2, 6.623713, 1588743.253378, 1588743.253378
Z3, 28, 7, 4K, 41248.000000, 0.028139, 1465865.880095, 1473136.000000, 1.057791, 2, 6.623713, 1638785.717924, 1638785.717924
Z3, 29, 7, 4K, 40368.000000, 0.005437, 7424682.729446, 8073600.000000, 1.057791, 2, 6.623713, 2830549.087795, 2830549.087795
Z3, 30, 7, 4K, 66864.000000, 0.012770, 5236021.926390, 5572000.000000, 1.057791, 2, 6.623713, 2392816.927183, 2392816.927183
Z3, 31, 7, 4K, 51888.000000, 0.022943, 2261604.846794, 2358544.000000, 1.057791, 2, 6.623713, 1797933.511264, 1797933.511264
Z3, 32, 7, 4K, 60864.000000, 0.012964, 4694847.269361, 5072000.000000, 1.057791, 2, 6.623713, 2284581.995778, 2284581.995778
Z3, 33, 7, 4K, 30224.000000, 0.001046, 28894837.476099, 30224000.000000, 1.057791, 2, 6.623713, 7124580.037125, 7124580.037125
Z3, 34, 7, 4K, 29312.000000, 0.018940, 1547624.076030, 1628440.000000, 1.057791, 2, 6.623713, 1655137.357111, 1655137.357111
Z3, 35, 7, 4K, 25728.000000, 0.008254, 3117034.165253, 3216000.000000, 1.057791, 2, 6.623713, 1969019.374956, 1969019.374956
Z3, 36, 7, 4K, 27640.000000, 0.016799, 1645336.031907, 1727496.000000, 1.057791, 2, 6.623713, 1674679.748287, 1674679.748287
Z3, 37, 7, 4K, 32608.000000, 0.011778, 2768551.536763, 2964360.000000, 1.057791, 2, 6.623713, 1899322.849258, 1899322.849258
Z3, 38, 7, 4K, 25080.000000, 0.020117, 1246706.765422, 1254000.000000, 1.057791, 2, 6.623713, 1594953.894990, 1594953.894990
Z1, 0, 8, 4K, 47048.000000, 0.027237, 1727356.169916, 1742512.000000, 1.000000, 2, 8.729646, 1378522.969913, 1378522.969913
Z2, 0, 8, 4K, 6624.000000, 0.043557, 152076.589297, 154040.000000, 1.000000, 2, 8.729646, 1063467.053789, 1063467.053789
Z2, 1, 8, 4K, 12296.000000, 0.000981, 12534148.827727, 12296000.000000, 1.000000, 2, 8.729646, 3539881.501475, 3539881.501475
Z2, 2, 8, 4K, 12272.000000, 0.014705, 834546.072764, 876568.000000, 1.000000, 2, 8.729646, 1199960.950483, 1199960.950483
Z2, 3, 8, 4K, 12368.000000, 0.000929, 13313240.043057, 12368000.000000, 1.000000, 2, 8.729646, 3695699.744541, 3695699.744541
Z2, 4, 8, 4K, 33024.000000, 0.019603, 1684640.106106, 1738104.000000, 1.000000, 2, 8.729646, 1369979.757151, 1369979.757151
Z2, 5, 8, 4K, 46672.000000, 0.015042, 3102778.885786, 3111464.000000, 1.000000, 2, 8.729646, 1653607.513087, 1653607.513087
Z2, 6, 8, 4K, 105600.000000, 0.054916, 1922936.849006, 1955552.000000, 1.000000, 2, 8.729646, 1417639.105731, 1417639.105731
Z2, 7, 8, 4K, 109880.000000, 0.244652, 449127.740628, 450320.000000, 1.000000, 2, 8.729646, 1122877.284056, 1122877.284056
Z3, 0, 8, 4K, 12736.000000, 0.027852, 457274.163435, 471696.000000, 1.000000, 2, 8.729646, 1124506.568617, 1124506.568617
Z3, 1, 8, 4K, 13168.000000, 0.015029, 876172.732717, 877864.000000, 1.000000, 2, 8.729646, 1208286.282473, 1208286.282473
Z3, 2, 8, 4K, 12440.000000, 0.001025, 12136585.365854, 12440000.000000, 1.000000, 2, 8.729646, 3460368.809101, 3460368.809101
Z3, 3, 8, 4K, 12288.000000, 0.000886, 13869074.492099, 12288000.000000, 1.000000, 2, 8.729646, 3806866.634350, 3806866.634350
Z3, 4, 8, 4K, 13040.000000, 0.000829, 15729794.933655, 13040000.000000, 1.000000, 2, 8.729646, 4179010.722661, 4179010.722661
Z3, 5, 8, 4K, 11984.000000, 0.000845, 14182248.520710, 11984000.000000, 1.000000, 2, 8.729646, 3869501.440072, 3869501.440072
Z3, 6, 8, 4K, 12736.000000, 0.000828, 15381642.512077, 12736000.000000, 1.000000, 2, 8.729646, 4109380.238346, 4109380.238346
Z3, 7, 8, 4K, 12728.000000, 0.000878, 14496583.143508, 12728000.000000, 1.000000, 2, 8.729646, 3932368.364632, 3932368.364632
Z3, 8, 8, 4K, 13416.000000, 0.010923, 1228234.001648, 1341600.000000, 1.000000, 2, 8.729646, 1278698.536260, 1278698.536260
Z3, 9, 8, 4K, 47728.000000, 0.004128, 11562015.503876, 11932000.000000, 1.000000, 2, 8.729646, 3345454.836705, 3345454.836705
Z3, 10, 8, 4K, 36848.000000, 0.002174, 16949402.023919, 18424000.000000, 1.000000, 2, 8.729646, 4422932.140714, 4422932.140714
Z3, 11, 8, 4K, 37200.000000, 0.000972, 38271604.938272, 37200000.000000, 1.000000, 2, 8.729646, 8687372.723584, 8687372.723584
Z3, 12, 8, 4K, 36304.000000, 0.000998, 36376753.507014, 36304000.000000, 1.000000, 2, 8.729646, 8308402.437333, 8308402.437333
Z3, 13, 8, 4K, 72440.000000, 0.010028, 7223773.434384, 7244000.000000, 1.000000, 2, 8.729646, 2477806.422807, 2477806.422807
Z3, 14, 8, 4K, 94656.000000, 0.015921, 5945355.191257, 6310400.000000, 1.000000, 2, 8.729646, 2222122.774181, 2222122.774181
Z3, 15, 8, 4K, 126944.000000, 0.025512, 4975854.499843, 5077760.000000, 1.000000, 2, 8.729646, 2028222.635899, 2028222.635899
Z3, 16, 8, 4K, 91896.000000, 0.041408, 2219281.298300, 2241360.000000, 1.000000, 2, 8.729646, 1476907.995590, 1476907.995590
Z3, 17, 8, 4K, 51968.000000, 0.012191, 4262816.832089, 4330664.000000, 1.000000, 2, 8.729646, 1885615.102348, 1885615.102348
Z3, 18, 8, 4K, 116120.000000, 0.062962, 1844287.030272, 1872896.000000, 1.000000, 2, 8.729646, 1401909.141984, 1401909.141984
Z3, 19, 8, 4K, 183840.000000, 0.050252, 3658361.856245, 3676800.000000, 1.000000, 2, 8.729646, 1764724.107179, 1764724.107179
Z3, 20, 8, 4K, 154184.000000, 0.039053, 3948070.570763, 3953432.000000, 1.000000, 2, 8.729646, 1822665.850083, 1822665.850083
Z3, 21, 8, 4K, 155104.000000, 0.023254, 6669992.259396, 6743648.000000, 1.000000, 2, 8.729646, 2367050.187809, 2367050.187809
Z3, 22, 8, 4K, 164936.000000, 0.040700, 4052481.572482, 4123400.000000, 1.000000, 2, 8.729646, 1843548.050426, 1843548.050426
Z3, 23, 8, 4K, 148008.000000, 0.257440, 574922.311995, 575904.000000, 1.000000, 2, 8.729646, 1148036.198329, 1148036.198329
Z3, 24, 8, 4K, 158128.000000, 0.038357, 4122533.044816, 4161256.000000, 1.000000, 2, 8.729646, 1857558.344893, 1857558.344893
Z3, 25, 8, 4K, 212408.000000, 0.062813, 3381592.982344, 3425928.000000, 1.000000, 2, 8.729646, 1709370.332399, 1709370.332399
Z3, 26, 8, 4K, 148464.000000, 0.090195, 1646033.593880, 1649600.000000, 1.000000, 2, 8.729646, 1362258.454706, 1362258.454706
Z3, 27, 8, 4K, 99296.000000, 0.057419, 1729323.046378, 1742032.000000, 1.000000, 2, 8.729646, 1378916.345206, 1378916.345206
Z3, 28, 8, 4K, 81552.000000, 0.014193, 5745931.092792, 5825136.000000, 1.000000, 2, 8.729646, 2182237.954488, 2182237.954488
Z3, 29, 8, 4K, 74800.000000, 0.040113, 1864732.131728, 1870000.000000, 1.000000, 2, 8.729646, 1405998.162276, 1405998.162276
Z3, 30, 8, 4K, 60904.000000, 0.005190, 11734874.759152, 12180800.000000, 1.000000, 2, 8.729646, 3380026.687760, 3380026.687760
Z3, 31, 8, 4K, 56704.000000, 0.033691, 1683060.758066, 1718296.000000, 1.000000, 2, 8.729646, 1369663.887543, 1369663.887543
Z3, 32, 8, 4K, 77872.000000, 0.057384, 1357033.319392, 1366168.000000, 1.000000, 2, 8.729646, 1304458.399808, 1304458.399808
Z3, 33, 8, 4K, 87632.000000, 0.040554, 2160871.923855, 2190800.000000, 1.000000, 2, 8.729646, 1465226.120701, 1465226.120701
Z3, 34, 8, 4K, 57472.000000, 0.257561, 223139.372809, 223624.000000, 1.000000, 2, 8.729646, 1077679.610492, 1077679.610492
Z3, 35, 8, 4K, 71616.000000, 0.053766, 1331994.197076, 1351240.000000, 1.000000, 2, 8.729646, 1299450.575345, 1299450.575345
Z3, 36, 8, 4K, 59800.000000, 0.014523, 4117606.555119, 4271424.000000, 1.000000, 2, 8.729646, 1856573.046954, 1856573.046954
Z3, 37, 8, 4K, 54240.000000, 0.018951, 2862118.094032, 3013328.000000, 1.000000, 2, 8.729646, 1605475.354736, 1605475.354736
Z3, 38, 8, 4K, 48376.000000, 0.005921, 8170241.513258, 9675200.000000, 1.000000, 2, 8.729646, 2667100.038582, 2667100.038582
Z1, 0, 9, 4K, 65080.000000, 0.038705, 1681436.506911, 1712624.000000, 1.000000, 2, 10.594798, 2887970.632872, 2887970.632872
Z2, 0, 9, 4K, 6624.000000, 0.050792, 130414.238463, 132480.000000, 1.000000, 2, 10.594798, 2577766.179182, 2577766.179182
Z2, 1, 9, 4K, 12720.000000, 0.011089, 1147082.694562, 1156360.000000, 1.000000, 2, 10.594798, 2781099.870402, 2781099.870402
Z2, 2, 9, 4K, 12808.000000, 0.011858, 1080114.690504, 1164360.000000, 1.000000, 2, 10.594798, 2767706.269590, 2767706.269590
Z2, 3, 9, 4K, 11704.000000, 0.045195, 258966.699856, 260088.000000, 1.000000, 2, 10.594798, 2603476.671461, 2603476.671461
Z2, 4, 9, 4K, 46808.000000, 0.019265, 2429691.149753, 2463576.000000, 1.000000, 2, 10.594798, 3037621.561440, 3037621.561440
Z2, 5, 9, 4K, 62864.000000, 0.015292, 4110907.664138, 4190928.000000, 1.000000, 2, 10.594798, 3373864.864317, 3373864.864317
Z2, 6, 9, 4K, 144400.000000, 0.012614, 11447597.907087, 12033328.000000, 1.000000, 2, 10.594798, 4841202.912907, 4841202.912907
Z2, 7, 9, 4K, 143784.000000, 0.231841, 620183.660353, 622440.000000, 1.000000, 2, 10.594798, 2675720.063560, 2675720.063560
Z3, 0, 9, 4K, 13352.000000, 0.056275, 237263.438472, 238424.000000, 1.000000, 2, 10.594798, 2599136.019184, 2599136.019184
Z3, 1, 9, 4K, 19152.000000, 0.000894, 21422818.791946, 19152000.000000, 1.000000, 2, 10.594798, 6836247.089879, 6836247.089879
Z3, 2, 9, 4K, 15048.000000, 0.001009, 14913776.015857, 15048000.000000, 1.000000, 2, 10.594798, 5534438.534661, 5534438.534661
Z3, 3, 9, 4K, 13656.000000, 0.014459, 944463.655854, 975424.000000, 1.000000, 2, 10.594798, 2740576.062660, 2740576.062660
Z3, 4, 9, 4K, 15568.000000, 0.000840, 18533333.333333, 15568000.000000, 1.000000, 2, 10.594798, 6258349.998156, 6258349.998156
Z3, 5, 9, 4K, 19992.000000, 0.023279, 858799.776623, 869216.000000, 1.000000, 2, 10.594798, 2723443.286814, 2723443.286814
Z3, 6, 9, 4K, 43816.000000, 0.024170, 1812825.817129, 1825664.000000, 1.000000, 2, 10.594798, 2914248.494915, 2914248.494915
Z3, 7, 9, 4K, 32640.000000, 0.001055, 30938388.625592, 32640000.000000, 1.000000, 2, 10.594798, 8739361.056608, 8739361.056608
Z3, 8, 9, 4K, 13112.000000, 0.000998, 13138276.553106, 13112000.000000, 1.000000, 2, 10.594798, 5179338.642111, 5179338.642111
Z3, 9, 9, 4K, 56456.000000, 0.011783, 4791309.513706, 5132360.000000, 1.000000, 2, 10.594798, 3509945.234231, 3509945.234231
Z3, 10, 9, 4K, 42936.000000, 0.007338, 5851185.609158, 6133712.000000, 1.000000, 2, 10.594798, 3721920.453321, 3721920.453321
Z3, 11, 9, 4K, 49664.000000, 0.016053, 3093751.946677, 3104000.000000, 1.000000, 2, 10.594798, 3170433.720825, 3170433.720825
Z3, 12, 9, 4K, 55832.000000, 0.024013, 2325073.918294, 2326328.000000, 1.000000, 2, 10.594798, 3016698.115148, 3016698.115148
Z3, 13, 9, 4K, 101440.000000, 0.021040, 4821292.775665, 4830472.000000, 1.000000, 2, 10.594798, 3515941.886622, 3515941.886622
Z3, 14, 9, 4K, 127064.000000, 0.020232, 6280347.963622, 6353200.000000, 1.000000, 2, 10.594798, 3807752.924214, 3807752.924214
Z3, 15, 9, 4K, 186256.000000, 0.031486, 5915518.008004, 6008256.000000, 1.000000, 2, 10.594798, 3734786.933090, 3734786.933090
Z3, 16, 9, 4K, 117264.000000, 0.229304, 511390.991871, 512064.000000, 1.000000, 2, 10.594798, 2653961.529864, 2653961.529864
Z3, 17, 9, 4K, 90064.000000, 0.038806, 2320878.214709, 2370104.000000, 1.000000, 2, 10.594798, 3015858.974431, 3015858.974431
Z3, 18, 9, 4K, 158280.000000, 0.015328, 10326200.417537, 10552000.000000, 1.000000, 2, 10.594798, 4616923.414997, 4616923.414997
Z3, 19, 9, 4K, 210712.000000, 0.068215, 3088939.382834, 3098704.000000, 1.000000, 2, 10.594798, 3169471.208056, 3169471.208056
Z3, 20, 9, 4K, 212696.000000, 0.075983, 2799257.728702, 2835944.000000, 1.000000, 2, 10.594798, 3111534.877230, 3111534.877230
Z3, 21, 9, 4K, 204264.000000, 0.045844, 4455632.143792, 4539200.000000, 1.000000, 2, 10.594798, 3442809.760248, 3442809.760248
Z3, 22, 9, 4K, 225960.000000, 0.082663, 2733508.341096, 2755608.000000, 1.000000, 2, 10.594798, 3098384.999709, 3098384.999709
Z3, 23, 9, 4K, 199056.000000, 0.079248, 2511811.023622, 2519696.000000, 1.000000, 2, 10.594798, 3054045.536214, 3054045.536214
Z3, 24, 9, 4K, 204104.000000, 0.060977, 3347229.283172, 3401728.000000, 1.000000, 2, 10.594798, 3221129.188124, 3221129.188124
Z3, 25, 9, 4K, 264656.000000, 0.054943, 4816919.352784, 4901032.000000, 1.000000, 2, 10.594798, 3515067.202046, 3515067.202046
Z3, 26, 9, 4K, 229440.000000, 0.040172, 5711440.804540, 5736000.000000, 1.000000, 2, 10.594798, 3693971.492397, 3693971.492397
Z3, 27, 9, 4K, 143136.000000, 0.067008, 2136103.151862, 2136352.000000, 1.000000, 2, 10.594798, 2978903.961862, 2978903.961862
Z3, 28, 9, 4K, 59784.000000, 0.043049, 1388743.060234, 1390320.000000, 1.000000, 2, 10.594798, 2829431.943536, 2829431.943536
Z3, 29, 9, 4K, 71424.000000, 0.021505, 3321274.122297, 3401136.000000, 1.000000, 2, 10.594798, 3215938.155949, 3215938.155949
Z3, 30, 9, 4K, 71768.000000, 0.028960, 2478176.795580, 2563136.000000, 1.000000, 2, 10.594798, 3047318.690605, 3047318.690605
Z3, 31, 9, 4K, 78016.000000, 0.018152, 4297928.602909, 4334216.000000, 1.000000, 2, 10.594798, 3411269.052071, 3411269.052071
Z3, 32, 9, 4K, 85112.000000, 0.050718, 1678141.882566, 1702240.000000, 1.000000, 2, 10.594798, 2887311.708003, 2887311.708003
Z3, 33, 9, 4K, 105792.000000, 0.044463, 2379326.631132, 2404360.000000, 1.000000, 2, 10.594798, 3027548.657716, 3027548.657716
Z3, 34, 9, 4K, 59104.000000, 0.022263, 2654808.426537, 2686544.000000, 1.000000, 2, 10.594798, 3082645.016797, 3082645.016797
Z3, 35, 9, 4K, 89744.000000, 0.012026, 7462497.921171, 7478664.000000, 1.000000, 2, 10.594798, 4044182.915724, 4044182.915724
Z3, 36, 9, 4K, 82576.000000, 0.016855, 4899199.050727, 5161000.000000, 1.000000, 2, 10.594798, 3531523.141635, 3531523.141635
Z3, 37, 9, 4K, 72616.000000, 0.013338, 5444294.496926, 5585840.000000, 1.000000, 2, 10.594798, 3640542.230875, 3640542.230875
Z3, 38, 9, 4K, 59624.000000, 0.025228, 2363405.739654, 2384960.000000, 1.000000, 2, 10.594798, 3024364.479420, 3024364.479420
Z1, 0, 10, 4K, 99416.000000, 0.093946, 1058224.937730, 1068984.000000, 1.000000, 2, 12.448809, 2784017.334345, 2784017.334345
Z2, 0, 10, 4K, 6624.000000, 0.038251, 173171.943217, 174312.000000, 1.000000, 2, 12.448809, 2607006.735442, 2607006.735442
Z2, 1, 10, 4K, 11896.000000, 0.010194, 1166960.957426, 1189600.000000, 1.000000, 2, 12.448809, 2805764.538284, 2805764.538284
Z2, 2, 10, 4K, 11408.000000, 0.000943, 12097560.975610, 11408000.000000, 1.000000, 2, 12.448809, 4991884.541921, 4991884.541921
Z2, 3, 10, 4K, 11528.000000, 0.007253, 1589411.278092, 1646856.000000, 1.000000, 2, 12.448809, 2890254.602417, 2890254.602417
Z2, 4, 10, 4K, 96624.000000, 0.019876, 4861340.309922, 5085472.000000, 1.000000, 2, 12.448809, 3544640.408783, 3544640.408783
Z2, 5, 10, 4K, 91896.000000, 0.014257, 6445675.808375, 6564000.000000, 1.000000, 2, 12.448809, 3861507.508474, 3861507.508474
Z2, 6, 10, 4K, 172656.000000, 0.018229, 9471501.453728, 9592000.000000, 1.000000, 2, 12.448809, 4466672.637544, 4466672.637544
Z2, 7, 10, 4K, 150256.000000, 0.007602, 19765324.914496, 21465136.000000, 1.000000, 2, 12.448809, 6525437.329698, 6525437.329698
Z3, 0, 10, 4K, 21424.000000, 0.038273, 559767.982651, 563784.000000, 1.000000, 2, 12.448809, 2684325.943329, 2684325.943329
Z3, 1, 10, 4K, 61888.000000, 0.015028, 4118179.398456, 4125864.000000, 1.000000, 2, 12.448809, 3396008.226490, 3396008.226490
Z3, 2, 10, 4K, 32688.000000, 0.001026, 31859649.122807, 32688000.000000, 1.000000, 2, 12.448809, 8944302.171360, 8944302.171360
Z3, 3, 10, 4K, 21168.000000, 0.001036, 20432432.432432, 21168000.000000, 1.000000, 2, 12.448809, 6658858.833285, 6658858.833285
Z3, 4, 10, 4K, 28472.000000, 0.239196, 119032.090838, 119128.000000, 1.000000, 2, 12.448809, 2596178.764966, 2596178.764966
Z3, 5, 10, 4K, 45352.000000, 0.016162, 2806088.355402, 2834496.000000, 1.000000, 2, 12.448809, 3133590.017879, 3133590.017879
Z3, 6, 10, 4K, 72936.000000, 0.017385, 4195340.811044, 4290352.000000, 1.000000, 2, 12.448809, 3411440.509008, 3411440.509008
Z3, 7, 10, 4K, 27848.000000, 0.018015, 1545822.925340, 1547104.000000, 1.000000, 2, 12.448809, 2881536.931867, 2881536.931867
Z3, 8, 10, 4K, 13192.000000, 0.025537, 516583.780397, 527680.000000, 1.000000, 2, 12.448809, 2675689.102878, 2675689.102878
Z3, 9, 10, 4K, 75360.000000, 0.024401, 3088398.016475, 3140000.000000, 1.000000, 2, 12.448809, 3190051.950094, 3190051.950094
Z3, 10, 10, 4K, 100176.000000, 0.034951, 2866184.086292, 2946352.000000, 1.000000, 2, 12.448809, 3145609.164057, 3145609.164057
Z3, 11, 10, 4K, 71264.000000, 0.020823, 3422369.495270, 3563200.000000, 1.000000, 2, 12.448809, 3256846.245853, 3256846.245853
Z3, 12, 10, 4K, 87864.000000, 0.046512, 1889060.887513, 1910080.000000, 1.000000, 2, 12.448809, 2950184.524301, 2950184.524301
Z3, 13, 10, 4K, 125616.000000, 0.026801, 4686989.291444, 4831384.000000, 1.000000, 2, 12.448809, 3509770.205088, 3509770.205088
Z3, 14, 10, 4K, 148008.000000, 0.028395, 5212466.983624, 5286000.000000, 1.000000, 2, 12.448809, 3614865.743523, 3614865.743523
Z3, 15, 10, 4K, 196960.000000, 0.060662, 3246843.163760, 3282664.000000, 1.000000, 2, 12.448809, 3221740.979551, 3221740.979551
Z3, 16, 10, 4K, 128568.000000, 0.057558, 2233712.081726, 2255576.000000, 1.000000, 2, 12.448809, 3019114.763144, 3019114.763144
Z3, 17, 10, 4K, 101392.000000, 0.020994, 4829570.353434, 5069600.000000, 1.000000, 2, 12.448809, 3538286.417486, 3538286.417486
Z3, 18, 10, 4K, 176696.000000, 0.066479, 2657922.050572, 2677208.000000, 1.000000, 2, 12.448809, 3103956.756913, 3103956.756913
Z3, 19, 10, 4K, 235888.000000, 0.046739, 5046920.130940, 5128000.000000, 1.000000, 2, 12.448809, 3581756.372987, 3581756.372987
Z3, 20, 10, 4K, 238056.000000, 0.032647, 7291818.543817, 7439248.000000, 1.000000, 2, 12.448809, 4030736.055562, 4030736.055562
Z3, 21, 10, 4K, 231240.000000, 0.045889, 5039116.128048, 5138664.000000, 1.000000, 2, 12.448809, 3580195.572408, 3580195.572408
Z3, 22, 10, 4K, 299680.000000, 0.115282, 2599538.522926, 2605912.000000, 1.000000, 2, 12.448809, 3092280.051384, 3092280.051384
Z3, 23, 10, 4K, 228120.000000, 0.088525, 2576899.181022, 2592272.000000, 1.000000, 2, 12.448809, 3087752.183003, 3087752.183003
Z3, 24, 10, 4K, 227320.000000, 0.082779, 2746107.104459, 2772192.000000, 1.000000, 2, 12.448809, 3121593.767690, 3121593.767690
Z3, 25, 10, 4K, 304072.000000, 0.312534, 972924.545809, 974584.000000, 1.000000, 2, 12.448809, 2766957.255961, 2766957.255961
Z3, 26, 10, 4K, 353400.000000, 0.110457, 3199435.074282, 3212720.000000, 1.000000, 2, 12.448809, 3212259.361655, 3212259.361655
Z3, 27, 10, 4K, 171632.000000, 0.020297, 8456027.984431, 8581600.000000, 1.000000, 2, 12.448809, 4263577.943685, 4263577.943685
Z3, 28, 10, 4K, 75936.000000, 0.029014, 2617219.273454, 2618480.000000, 1.000000, 2, 12.448809, 3095816.201490, 3095816.201490
Z3, 29, 10, 4K, 98848.000000, 0.039814, 2482744.763149, 2534560.000000, 1.000000, 2, 12.448809, 3068921.299428, 3068921.299428
Z3, 30, 10, 4K, 91496.000000, 0.077995, 1173100.839797, 1188256.000000, 1.000000, 2, 12.448809, 2806992.514758, 2806992.514758
Z3, 31, 10, 4K, 97576.000000, 0.033256, 2934087.082030, 2956848.000000, 1.000000, 2, 12.448809, 3159189.763205, 3159189.763205
Z3, 32, 10, 4K, 97704.000000, 0.049033, 1992617.216976, 1993952.000000, 1.000000, 2, 12.448809, 2970895.790194, 2970895.790194
Z3, 33, 10, 4K, 88320.000000, 0.037854, 2333174.829608, 2387024.000000, 1.000000, 2, 12.448809, 3039007.312720, 3039007.312720
Z3, 34, 10, 4K, 87440.000000, 0.007319, 11946987.293346, 12491424.000000, 1.000000, 2, 12.448809, 4961769.805468, 4961769.805468
Z3, 35, 10, 4K, 104440.000000, 0.076303, 1368753.522142, 1374208.000000, 1.000000, 2, 12.448809, 2846123.051227, 2846123.051227
Z3, 36, 10, 4K, 121960.000000, 0.027818, 4384211.661514, 4517032.000000, 1.000000, 2, 12.448809, 3449214.679102, 3449214.679102
Z3, 37, 10, 4K, 101328.000000, 0.044541, 2274937.697851, 2302904.000000, 1.000000, 2, 12.448809, 3027359.886369, 3027359.886369
Z3, 38, 10, 4K, 96152.000000, 0.259954, 369880.825069, 371240.000000, 1.000000, 2, 12.448809, 2646348.511813, 2646348.511813
Z1, 0, 11, 4K, 89648.000000, 0.075285, 1190781.696221, 1195304.000000, 1.000000, 2, 14.963540, 2668203.307925, 2668203.307925
Z2, 0, 11, 4K, 6624.000000, 0.036043, 183780.484421, 184000.000000, 1.000000, 2, 14.963540, 2466803.065565, 2466803.065565
Z2, 1, 11, 4K, 21080.000000, 0.006609, 3189589.953094, 3513328.000000, 1.000000, 2, 14.963540, 3067964.959300, 3067964.959300
Z2, 2, 11, 4K, 15416.000000, 0.012781, 1206165.401768, 1284664.000000, 1.000000, 2, 14.963540, 2671280.049034, 2671280.049034
Z2, 3, 11, 4K, 20560.000000, 0.000999, 20580580.580581, 20560000.000000, 1.000000, 2, 14.963540, 6546163.084797, 6546163.084797
Z2, 4, 11, 4K, 90224.000000, 0.008170, 11043329.253366, 11278000.000000, 1.000000, 2, 14.963540, 4638712.819354, 4638712.819354
Z2, 5, 11, 4K, 106528.000000, 0.018798, 5666985.849558, 5918216.000000, 1.000000, 2, 14.963540, 3563444.138592, 3563444.138592
Z2, 6, 11, 4K, 265808.000000, 0.042960, 6187337.057728, 6328760.000000, 1.000000, 2, 14.963540, 3667514.380226, 3667514.380226
Z2, 7, 11, 4K, 144872.000000, 0.054521, 2657177.968122, 2682808.000000, 1.000000, 2, 14.963540, 2961482.562305, 2961482.562305
Z3, 0, 11, 4K, 30984.000000, 0.023430, 1322407.170294, 1347128.000000, 1.000000, 2, 14.963540, 2694528.402740, 2694528.402740
Z3, 1, 11, 4K, 34936.000000, 0.019928, 1753111.200321, 1838736.000000, 1.000000, 2, 14.963540, 2780669.208745, 2780669.208745
Z3, 2, 11, 4K, 27632.000000, 0.008675, 3185244.956772, 3454000.000000, 1.000000, 2, 14.963540, 3067095.960035, 3067095.960035
Z3, 3, 11, 4K, 23520.000000, 0.022196, 1059650.387457, 1069088.000000, 1.000000, 2, 14.963540, 2641977.046172, 2641977.046172
Z3, 4, 11, 4K, 31368.000000, 0.012993, 2414223.043177, 2614000.000000, 1.000000, 2, 14.963540, 2912891.577316, 2912891.577316
Z3, 5, 11, 4K, 54312.000000, 0.001157, 46942091.616249, 54312000.000000, 1.000000, 2, 14.963540, 11818465.291931, 11818465.291931
Z3, 6, 11, 4K, 40752.000000, 0.026041, 1564916.861872, 1567384.000000, 1.000000, 2, 14.963540, 2743030.341055, 2743030.341055
Z3, 7, 11, 4K, 38360.000000, 0.001472, 26059782.608696, 38360000.000000, 1.000000, 2, 14.963540, 7642003.490420, 7642003.490420
Z3, 8, 11, 4K, 36560.000000, 0.026046, 1403670.429241, 1406152.000000, 1.000000, 2, 14.963540, 2710781.054529, 2710781.054529
Z3, 9, 11, 4K, 91920.000000, 0.017893, 5137204.493377, 5407056.000000, 1.000000, 2, 14.963540, 3457487.867356, 3457487.867356
Z3, 10, 11, 4K, 138720.000000, 0.021572, 6430558.130910, 6605712.000000, 1.000000, 2, 14.963540, 3716158.594863, 3716158.594863
Z3, 11, 11, 4K, 120856.000000, 0.235449, 513300.120196, 514280.000000, 1.000000, 2, 14.963540, 2532706.992720, 2532706.992720
Z3, 12, 11, 4K, 114584.000000, 0.049057, 2335731.903704, 2338448.000000, 1.000000, 2, 14.963540, 2897193.349421, 2897193.349421
Z3, 13, 11, 4K, 144272.000000, 0.279627, 515944.454577, 517096.000000, 1.000000, 2, 14.963540, 2533235.859596, 2533235.859596
Z3, 14, 11, 4K, 138616.000000, 0.067737, 2046385.284261, 2068888.000000, 1.000000, 2, 14.963540, 2839324.025533, 2839324.025533
Z3, 15, 11, 4K, 211528.000000, 0.324396, 652067.226476, 652864.000000, 1.000000, 2, 14.963540, 2560460.413976, 2560460.413976
Z3, 16, 11, 4K, 135616.000000, 0.040643, 3336761.557956, 3390400.000000, 1.000000, 2, 14.963540, 3097399.280272, 3097399.280272
Z3, 17, 11, 4K, 99488.000000, 0.052458, 1896526.745206, 1913224.000000, 1.000000, 2, 14.963540, 2809352.317722, 2809352.317722
Z3, 18, 11, 4K, 207096.000000, 0.023530, 8801359.966001, 9004168.000000, 1.000000, 2, 14.963540, 4190318.961881, 4190318.961881
Z3, 19, 11, 4K, 254456.000000, 0.044968, 5658601.672300, 5783088.000000, 1.000000, 2, 14.963540, 3561767.303141, 3561767.303141
Z3, 20, 11, 4K, 295200.000000, 0.109598, 2693479.808026, 2708256.000000, 1.000000, 2, 14.963540, 2968742.930286, 2968742.930286
Z3, 21, 11, 4K, 337696.000000, 0.106273, 3177627.431238, 3185808.000000, 1.000000, 2, 14.963540, 3065572.454928, 3065572.454928
Z3, 22, 11, 4K, 372720.000000, 0.044187, 8435060.085546, 8470904.000000, 1.000000, 2, 14.963540, 4117058.985790, 4117058.985790
Z3, 23, 11, 4K, 225672.000000, 0.098219, 2297640.985960, 2302768.000000, 1.000000, 2, 14.963540, 2889575.165873, 2889575.165873
Z3, 24, 11, 4K, 265312.000000, 0.126468, 2097858.746877, 2105648.000000, 1.000000, 2, 14.963540, 2849618.718056, 2849618.718056
Z3, 25, 11, 4K, 373248.000000, 0.144234, 2587794.833396, 2592000.000000, 1.000000, 2, 14.963540, 2947605.935360, 2947605.935360
Z3, 26, 11, 4K, 513952.000000, 0.141946, 3620757.189354, 3645048.000000, 1.000000, 2, 14.963540, 3154198.406551, 3154198.406551
Z3, 27, 11, 4K, 187144.000000, 0.066368, 2819792.671167, 2835512.000000, 1.000000, 2, 14.963540, 2994005.502914, 2994005.502914
Z3, 28, 11, 4K, 96736.000000, 0.035282, 2741794.682841, 2763880.000000, 1.000000, 2, 14.963540, 2978405.905249, 2978405.905249
Z3, 29, 11, 4K, 102392.000000, 0.050613, 2023037.559520, 2047840.000000, 1.000000, 2, 14.963540, 2834654.480585, 2834654.480585
Z3, 30, 11, 4K, 91552.000000, 0.230974, 396373.617810, 398048.000000, 1.000000, 2, 14.963540, 2509321.692243, 2509321.692243
Z3, 31, 11, 4K, 101968.000000, 0.041105, 2480671.451162, 2487024.000000, 1.000000, 2, 14.963540, 2926181.258913, 2926181.258913
Z3, 32, 11, 4K, 107392.000000, 0.068783, 1561316.022854, 1579288.000000, 1.000000, 2, 14.963540, 2742310.173252, 2742310.173252
Z3, 33, 11, 4K, 80560.000000, 0.047577, 1693255.144292, 1714040.000000, 1.000000, 2, 14.963540, 2768697.997539, 2768697.997539
Z3, 34, 11, 4K, 93112.000000, 0.017054, 5459833.470154, 5477176.000000, 1.000000, 2, 14.963540, 3522013.662711, 3522013.662711
Z3, 35, 11, 4K, 90024.000000, 0.040325, 2232461.252325, 2250600.000000, 1.000000, 2, 14.963540, 2876539.219146, 2876539.219146
Z3, 36, 11, 4K, 76112.000000, 0.018700, 4070160.427807, 4228440.000000, 1.000000, 2, 14.963540, 3244079.054242, 3244079.054242
Z3, 37, 11, 4K, 104384.000000, 0.034964, 2985470.769935, 3070112.000000, 1.000000, 2, 14.963540, 3027141.122668, 3027141.122668
Z3, 38, 11, 4K, 148752.000000, 0.039747, 3742471.129897, 3814152.000000, 1.000000, 2, 14.963540, 3178541.194660, 3178541.194660
Z1, 0, 12, 4K, 115864.000000, 0.035826, 3234075.810864, 3310400.000000, 1.000000, 2, 17.988738, 3576015.003748, 3576015.003748
Z2, 0, 12, 4K, 6624.000000, 0.061070, 108465.695104, 108584.000000, 1.000000, 2, 17.988738, 2950892.980596, 2950892.980596
Z2, 1, 12, 4K, 11424.000000, 0.006200, 1842580.645161, 1904000.000000, 1.000000, 2, 17.988738, 3297715.970608, 3297715.970608
Z2, 2, 12, 4K, 11144.000000, 0.011588, 961684.501208, 1013088.000000, 1.000000, 2, 17.988738, 3121536.741817, 3121536.741817
Z2, 3, 12, 4K, 12184.000000, 0.001110, 10976576.576577, 12184000.000000, 1.000000, 2, 17.988738, 5124515.156891, 5124515.156891
Z2, 4, 12, 4K, 141952.000000, 0.020748, 6841719.683825, 7097600.000000, 1.000000, 2, 17.988738, 4297543.778341, 4297543.778341
Z2, 5, 12, 4K, 104480.000000, 0.004775, 21880628.272251, 26120000.000000, 1.000000, 2, 17.988738, 7305325.496026, 7305325.496026
Z2, 6, 12, 4K, 439328.000000, 0.098701, 4451099.786223, 4482936.000000, 1.000000, 2, 17.988738, 3819419.798820, 3819419.798820
Z2, 7, 12, 4K, 256424.000000, 0.255057, 1005359.586289, 1005584.000000, 1.000000, 2, 17.988738, 3130271.758833, 3130271.758833
Z3, 0, 12, 4K, 20480.000000, 0.026561, 771055.306653, 787688.000000, 1.000000, 2, 17.988738, 3083410.902906, 3083410.902906
Z3, 1, 12, 4K, 19496.000000, 0.001365, 14282783.882784, 19496000.000000, 1.000000, 2, 17.988738, 5785756.618132, 5785756.618132
Z3, 2, 12, 4K, 41600.000000, 0.022025, 1888762.769580, 1890904.000000, 1.000000, 2, 17.988738, 3306952.395492, 3306952.395492
Z3, 3, 12, 4K, 26232.000000, 0.001064, 24654135.338346, 26232000.000000, 1.000000, 2, 17.988738, 7860026.909245, 7860026.909245
Z3, 4, 12, 4K, 35912.000000, 0.001808, 19862831.858407, 35912000.000000, 1.000000, 2, 17.988738, 6901766.213257, 6901766.213257
Z3, 5, 12, 4K, 31912.000000, 0.022408, 1424134.237772, 1450544.000000, 1.000000, 2, 17.988738, 3214026.689130, 3214026.689130
Z3, 6, 12, 4K, 19240.000000, 0.023496, 818862.785155, 836520.000000, 1.000000, 2, 17.988738, 3092972.398607, 3092972.398607
Z3, 7, 12, 4K, 15136.000000, 0.004034, 3752107.089737, 3784000.000000, 1.000000, 2, 17.988738, 3679621.259523, 3679621.259523
Z3, 8, 12, 4K, 11880.000000, 0.001016, 11692913.385827, 11880000.000000, 1.000000, 2, 17.988738, 5267782.518741, 5267782.518741
Z3, 9, 12, 4K, 110704.000000, 0.015046, 7357703.043998, 7380264.000000, 1.000000, 2, 17.988738, 4400740.450375, 4400740.450375
Z3, 10, 12, 4K, 129784.000000, 0.011570, 11217286.084702, 11798544.000000, 1.000000, 2, 17.988738, 5172657.058516, 5172657.058516
Z3, 11, 12, 4K, 166568.000000, 0.047757, 3487823.774525, 3544000.000000, 1.000000, 2, 17.988738, 3626764.596481, 3626764.596481
Z3, 12, 12, 4K, 122960.000000, 0.209457, 587041.731716, 588320.000000, 1.000000, 2, 17.988738, 3046608.187919, 3046608.187919
Z3, 13, 12, 4K, 171640.000000, 0.070207, 2444770.464484, 2452000.000000, 1.000000, 2, 17.988738, 3418153.934472, 3418153.934472
Z3, 14, 12, 4K, 164560.000000, 0.058181, 2828414.774583, 2837240.000000, 1.000000, 2, 17.988738, 3494882.796492, 3494882.796492
Z3, 15, 12, 4K, 200832.000000, 0.036785, 5459616.691586, 5578664.000000, 1.000000, 2, 17.988738, 4021123.179893, 4021123.179893
Z3, 16, 12, 4K, 163440.000000, 0.037304, 4381299.592537, 4417296.000000, 1.000000, 2, 17.988738, 3805459.760083, 3805459.760083
Z3, 17, 12, 4K, 195408.000000, 0.093711, 2085219.451292, 2101160.000000, 1.000000, 2, 17.988738, 3346243.731834, 3346243.731834
Z3, 18, 12, 4K, 214760.000000, 0.067895, 3163119.522793, 3205368.000000, 1.000000, 2, 17.988738, 3561823.746134, 3561823.746134
Z3, 19, 12, 4K, 248576.000000, 0.071735, 3465198.299296, 3501064.000000, 1.000000, 2, 17.988738, 3622239.501435, 3622239.501435
Z3, 20, 12, 4K, 345040.000000, 0.124915, 2762198.294840, 2782576.000000, 1.000000, 2, 17.988738, 3481639.500544, 3481639.500544
Z3, 21, 12, 4K, 295296.000000, 0.107465, 2747834.178570, 2759768.000000, 1.000000, 2, 17.988738, 3478766.677290, 3478766.677290
Z3, 22, 12, 4K, 385520.000000, 0.325788, 1183346.225153, 1186208.000000, 1.000000, 2, 17.988738, 3165869.086606, 3165869.086606
Z3, 23, 12, 4K, 219952.000000, 0.063441, 3467032.360776, 3491296.000000, 1.000000, 2, 17.988738, 3622606.313731, 3622606.313731
Z3, 24, 12, 4K, 323240.000000, 0.094314, 3427274.847849, 3438720.000000, 1.000000, 2, 17.988738, 3614654.811145, 3614654.811145
Z3, 25, 12, 4K, 481656.000000, 0.163258, 2950275.024807, 2954944.000000, 1.000000, 2, 17.988738, 3519254.846537, 3519254.846537
Z3, 26, 12, 4K, 552784.000000, 0.138007, 4005477.983001, 4005680.000000, 1.000000, 2, 17.988738, 3730295.438176, 3730295.438176
Z3, 27, 12, 4K, 177168.000000, 0.041705, 4248123.726172, 4321168.000000, 1.000000, 2, 17.988738, 3778824.586810, 3778824.586810
Z3, 28, 12, 4K, 80536.000000, 0.027494, 2929220.920928, 2982808.000000, 1.000000, 2, 17.988738, 3515044.025761, 3515044.025761
Z3, 29, 12, 4K, 78928.000000, 0.012359, 6386277.206894, 6577328.000000, 1.000000, 2, 17.988738, 4206455.282954, 4206455.282954
Z3, 30, 12, 4K, 90936.000000, 0.038644, 2353172.549426, 2393048.000000, 1.000000, 2, 17.988738, 3399834.351461, 3399834.351461
Z3, 31, 12, 4K, 108688.000000, 0.022762, 4774975.836921, 4940360.000000, 1.000000, 2, 17.988738, 3884195.008960, 3884195.008960
Z3, 32, 12, 4K, 106656.000000, 0.017138, 6223363.286264, 6273880.000000, 1.000000, 2, 17.988738, 4173872.498828, 4173872.498828
Z3, 33, 12, 4K, 105120.000000, 0.031394, 3348410.524304, 3390960.000000, 1.000000, 2, 17.988738, 3598881.946436, 3598881.946436
Z3, 34, 12, 4K, 114168.000000, 0.072473, 1575317.704524, 1585664.000000, 1.000000, 2, 17.988738, 3244263.382480, 3244263.382480
Z3, 35, 12, 4K, 172408.000000, 0.061696, 2794476.141079, 2826360.000000, 1.000000, 2, 17.988738, 3488095.069791, 3488095.069791
Z3, 36, 12, 4K, 121920.000000, 0.043289, 2816419.875719, 2835344.000000, 1.000000, 2, 17.988738, 3492483.816719, 3492483.816719
Z3, 37, 12, 4K, 90808.000000, 0.047398, 1915861.428752, 1932080.000000, 1.000000, 2, 17.988738, 3312372.127326, 3312372.127326
Z3, 38, 12, 4K, 97728.000000, 0.042979, 2273854.673212, 2326856.000000, 1.000000, 2, 17.988738, 3383970.776218, 3383970.776218
Z1, 0, 13, 4K, 12072.000000, 0.045619, 264626.581030, 268264.000000, 1.000000, 2, 20.790678, 1802847.789772, 1802847.789772
Z2, 0, 13, 4K, 6624.000000, 0.257056, 25768.704096, 25768.000000, 1.000000, 2, 20.790678, 1755076.214386, 1755076.214386
Z2, 1, 13, 4K, 14096.000000, 0.017568, 802367.941712, 829176.000000, 1.000000, 2, 20.790678, 1910396.061909, 1910396.061909
Z2, 2, 13, 4K, 11568.000000, 0.018135, 637882.547560, 642664.000000, 1.000000, 2, 20.790678, 1877498.983078, 1877498.983078
Z2, 3, 13, 4K, 265632.000000, 0.027788, 9559234.201814, 9838216.000000, 1.000000, 2, 20.790678, 3661769.313929, 3661769.313929
Z2, 4, 13, 4K, 231376.000000, 0.028819, 8028592.248170, 8263424.000000, 1.000000, 2, 20.790678, 3355640.923200, 3355640.923200
Z2, 5, 13, 4K, 217208.000000, 0.085749, 2533067.441020, 2555384.000000, 1.000000, 2, 20.790678, 2256535.961770, 2256535.961770
Z2, 6, 13, 4K, 162672.000000, 0.020093, 8095953.814761, 8133600.000000, 1.000000, 2, 20.790678, 3369113.236519, 3369113.236519
Z2, 7, 13, 4K, 176832.000000, 0.037851, 4671792.026631, 4779240.000000, 1.000000, 2, 20.790678, 2684280.878893, 2684280.878893
Z3, 0, 13, 4K, 18240.000000, 0.035061, 520236.159836, 521136.000000, 1.000000, 2, 20.790678, 1853969.705534, 1853969.705534
Z3, 1, 13, 4K, 19120.000000, 0.019807, 965315.292573, 1006312.000000, 1.000000, 2, 20.790678, 1942985.532081, 1942985.532081
Z3, 2, 13, 4K, 17576.000000, 0.000992, 17717741.935484, 17576000.000000, 1.000000, 2, 20.790678, 5293470.860663, 5293470.860663
Z3, 3, 13, 4K, 13752.000000, 0.000997, 13793380.140421, 13752000.000000, 1.000000, 2, 20.790678, 4508598.501651, 4508598.501651
Z3, 4, 13, 4K, 20424.000000, 0.000954, 21408805.031447, 20424000.000000, 1.000000, 2, 20.790678, 6031683.479856, 6031683.479856
Z3, 5, 13, 4K, 31888.000000, 0.013973, 2282115.508481, 2452920.000000, 1.000000, 2, 20.790678, 2206345.575263, 2206345.575263
Z3, 6, 13, 4K, 34824.000000, 0.000944, 36889830.508475, 34824000.000000, 1.000000, 2, 20.790678, 9127888.575261, 9127888.575261
Z3, 7, 13, 4K, 27304.000000, 0.252072, 108318.258275, 108344.000000, 1.000000, 2, 20.790678, 1771586.125222, 1771586.125222
Z3, 8, 13, 4K, 24832.000000, 0.009664, 2569536.423841, 2759104.000000, 1.000000, 2, 20.790678, 2263829.758335, 2263829.758335
Z3, 9, 13, 4K, 102416.000000, 0.003487, 29370805.850301, 34138664.000000, 1.000000, 2, 20.790678, 7624083.643627, 7624083.643627
Z3, 10, 13, 4K, 123344.000000, 0.028571, 4317104.756571, 4405136.000000, 1.000000, 2, 20.790678, 2613343.424881, 2613343.424881
Z3, 11, 13, 4K, 125056.000000, 0.034419, 3633342.049449, 3678112.000000, 1.000000, 2, 20.790678, 2476590.883456, 2476590.883456
Z3, 12, 13, 4K, 117608.000000, 0.019998, 5880988.098810, 6189888.000000, 1.000000, 2, 20.790678, 2926120.093328, 2926120.093328
Z3, 13, 13, 4K, 166128.000000, 0.054590, 3043194.724308, 3076440.000000, 1.000000, 2, 20.790678, 2358561.418428, 2358561.418428
Z3, 14, 13, 4K, 184040.000000, 0.271461, 677961.106752, 679112.000000, 1.000000, 2, 20.790678, 1885514.694917, 1885514.694917
Z3, 15, 13, 4K, 326472.000000, 0.108269, 3015378.363151, 3022888.000000, 1.000000, 2, 20.790678, 2352998.146197, 2352998.146197
Z3, 16, 13, 4K, 315832.000000, 0.081519, 3874336.044358, 3899160.000000, 1.000000, 2, 20.790678, 2524789.682438, 2524789.682438
Z3, 17, 13, 4K, 278216.000000, 0.075735, 3673545.916683, 3709544.000000, 1.000000, 2, 20.790678, 2484631.656903, 2484631.656903
Z3, 18, 13, 4K, 183344.000000, 0.067624, 2711226.783391, 2736472.000000, 1.000000, 2, 20.790678, 2292167.830245, 2292167.830245
Z3, 19, 13, 4K, 213632.000000, 0.052374, 4078970.481537, 4108304.000000, 1.000000, 2, 20.790678, 2565716.569874, 2565716.569874
Z3, 20, 13, 4K, 248704.000000, 0.067216, 3700071.411569, 3712000.000000, 1.000000, 2, 20.790678, 2489936.755880, 2489936.755880
Z3, 21, 13, 4K, 291920.000000, 0.286951, 1017316.545334, 1020696.000000, 1.000000, 2, 20.790678, 1953385.782633, 1953385.782633
Z3, 22, 13, 4K, 272896.000000, 0.112714, 2421136.682222, 2436568.000000, 1.000000, 2, 20.790678, 2234149.810011, 2234149.810011
Z3, 23, 13, 4K, 353984.000000, 0.237529, 1490276.976706, 1493600.000000, 1.000000, 2, 20.790678, 2047977.868908, 2047977.868908
Z3, 24, 13, 4K, 187896.000000, 0.052912, 3551103.719383, 3613384.000000, 1.000000, 2, 20.790678, 2460143.217443, 2460143.217443
Z3, 25, 13, 4K, 267712.000000, 0.045266, 5914196.085362, 5949152.000000, 1.000000, 2, 20.790678, 2932761.690639, 2932761.690639
Z3, 26, 13, 4K, 360608.000000, 0.089900, 4011212.458287, 4051768.000000, 1.000000, 2, 20.790678, 2552164.965224, 2552164.965224
Z3, 27, 13, 4K, 316984.000000, 0.057285, 5533455.529371, 5561120.000000, 1.000000, 2, 20.790678, 2856613.579441, 2856613.579441
Z3, 28, 13, 4K, 344104.000000, 0.054185, 6350539.817293, 6372296.000000, 1.000000, 2, 20.790678, 3020030.437025, 3020030.437025
Z3, 29, 13, 4K, 316392.000000, 0.103959, 3043430.583211, 3071760.000000, 1.000000, 2, 20.790678, 2358608.590209, 2358608.590209
Z3, 30, 13, 4K, 94808.000000, 0.014706, 6446892.424861, 6772000.000000, 1.000000, 2, 20.790678, 3039300.958539, 3039300.958539
Z3, 31, 13, 4K, 89856.000000, 0.041361, 2172481.322985, 2191608.000000, 1.000000, 2, 20.790678, 2184418.738164, 2184418.738164
Z3, 32, 13, 4K, 76680.000000, 0.013052, 5874961.691695, 5898456.000000, 1.000000, 2, 20.790678, 2924914.811905, 2924914.811905
Z3, 33, 13, 4K, 75464.000000, 0.036951, 2042272.198317, 2096216.000000, 1.000000, 2, 20.790678, 2158376.913230, 2158376.913230
Z3, 34, 13, 4K, 75568.000000, 0.013177, 5734841.010852, 5812920.000000, 1.000000, 2, 20.790678, 2896890.675737, 2896890.675737
Z3, 35, 13, 4K, 53048.000000, 0.040604, 1306472.268742, 1326200.000000, 1.000000, 2, 20.790678, 2011216.927315, 2011216.927315
Z3, 36, 13, 4K, 71632.000000, 0.252055, 284191.942235, 284248.000000, 1.000000, 2, 20.790678, 1806760.862013, 1806760.862013
Z3, 37, 13, 4K, 124120.000000, 0.067823, 1830057.650060, 1852536.000000, 1.000000, 2, 20.790678, 2115934.003578, 2115934.003578
Z3, 38, 13, 4K, 159576.000000, 0.065489, 2436684.023271, 2455008.000000, 1.000000, 2, 20.790678, 2237259.278221, 2237259.278221
Z1, 0, 14, 4K, 36464.000000, 0.028073, 1298899.298258, 1302280.000000, 1.000000, 2, 24.121508, 2024357.989941, 2024357.989941
Z2, 0, 14, 4K, 6624.000000, 0.029303, 226051.940074, 228408.000000, 1.000000, 2, 24.121508, 1809788.518305, 1809788.518305
Z2, 1, 14, 4K, 65528.000000, 0.001125, 58247111.111111, 65528000.000000, 1.000000, 2, 24.121508, 13414000.352512, 13414000.352512
Z2, 2, 14, 4K, 26120.000000, 0.008775, 2976638.176638, 3265000.000000, 1.000000, 2, 24.121508, 2359905.765617, 2359905.765617
Z2, 3, 14, 4K, 276584.000000, 0.019591, 14117911.285794, 14557048.000000, 1.000000, 2, 24.121508, 4588160.387449, 4588160.387449
Z2, 4, 14, 4K, 310648.000000, 0.104191, 2981524.315920, 2987000.000000, 1.000000, 2, 24.121508, 2360882.993474, 2360882.993474
Z2, 5, 14, 4K, 211048.000000, 0.087570, 2410049.103574, 2425832.000000, 1.000000, 2, 24.121508, 2246587.951005, 2246587.951005
Z2, 6, 14, 4K, 102528.000000, 0.035729, 2869601.724090, 2929368.000000, 1.000000, 2, 24.121508, 2338498.475108, 2338498.475108
Z2, 7, 14, 4K, 101856.000000, 0.005152, 19770186.335404, 20371200.000000, 1.000000, 2, 24.121508, 5718615.397371, 5718615.397371
Z3, 0, 14, 4K, 19944.000000, 0.087605, 227658.238685, 229240.000000, 1.000000, 2, 24.121508, 1810109.778027, 1810109.778027
Z3, 1, 14, 4K, 27688.000000, 0.000978, 28310838.445808, 27688000.000000, 1.000000, 2, 24.121508, 7426745.819451, 7426745.819451
Z3, 2, 14, 4K, 29160.000000, 0.006871, 4243923.737447, 4860000.000000, 1.000000, 2, 24.121508, 2613362.877779, 2613362.877779
Z3, 3, 14, 4K, 17040.000000, 0.001014, 16804733.727811, 17040000.000000, 1.000000, 2, 24.121508, 5125524.875852, 5125524.875852
Z3, 4, 14, 4K, 29288.000000, 0.000986, 29703853.955375, 29288000.000000, 1.000000, 2, 24.121508, 7705348.921365, 7705348.921365
Z3, 5, 14, 4K, 29392.000000, 0.001038, 28315992.292871, 29392000.000000, 1.000000, 2, 24.121508, 7427776.588864, 7427776.588864
Z3, 6, 14, 4K, 19864.000000, 0.001002, 19824351.297405, 19864000.000000, 1.000000, 2, 24.121508, 5729448.389771, 5729448.389771
Z3, 7, 14, 4K, 46568.000000, 0.010790, 4315848.007414, 4656800.000000, 1.000000, 2, 24.121508, 2627747.731773, 2627747.731773
Z3, 8, 14, 4K, 77848.000000, 0.001720, 45260465.116279, 77848000.000000, 1.000000, 2, 24.121508, 10816671.153546, 10816671.153546
Z3, 9, 14, 4K, 121432.000000, 0.025961, 4677477.755094, 4857280.000000, 1.000000, 2, 24.121508, 2700073.681309, 2700073.681309
Z3, 10, 14, 4K, 178104.000000, 0.008653, 20582919.218768, 22263000.000000, 1.000000, 2, 24.121508, 5881161.974043, 5881161.974043
Z3, 11, 14, 4K, 144672.000000, 0.241884, 598104.876718, 600296.000000, 1.000000, 2, 24.121508, 1884199.105633, 1884199.105633
Z3, 12, 14, 4K, 153792.000000, 0.061443, 2503002.783067, 2521176.000000, 1.000000, 2, 24.121508, 2265178.686903, 2265178.686903
Z3, 13, 14, 4K, 193616.000000, 0.050345, 3845784.089781, 3872320.000000, 1.000000, 2, 24.121508, 2533734.948246, 2533734.948246
Z3, 14, 14, 4K, 215184.000000, 0.052733, 4080632.620939, 4138152.000000, 1.000000, 2, 24.121508, 2580704.654478, 2580704.654478
Z3, 15, 14, 4K, 391928.000000, 0.231843, 1690488.822177, 1696656.000000, 1.000000, 2, 24.121508, 2102675.894725, 2102675.894725
Z3, 16, 14, 4K, 320024.000000, 0.066724, 4796235.237696, 4848848.000000, 1.000000, 2, 24.121508, 2723825.177829, 2723825.177829
Z3, 17, 14, 4K, 268840.000000, 0.023086, 11645152.906523, 11688688.000000, 1.000000, 2, 24.121508, 4093608.711595, 4093608.711595
Z3, 18, 14, 4K, 275832.000000, 0.035810, 7702652.890254, 7880912.000000, 1.000000, 2, 24.121508, 3305108.708341, 3305108.708341
Z3, 19, 14, 4K, 163384.000000, 0.041220, 3963706.938379, 3984968.000000, 1.000000, 2, 24.121508, 2557319.517966, 2557319.517966
Z3, 20, 14, 4K, 193688.000000, 0.069963, 2768434.744079, 2807072.000000, 1.000000, 2, 24.121508, 2318265.079106, 2318265.079106
Z3, 21, 14, 4K, 225432.000000, 0.074998, 3005840.155737, 3046376.000000, 1.000000, 2, 24.121508, 2365746.161437, 2365746.161437
Z3, 22, 14, 4K, 248896.000000, 0.104959, 2371364.056441, 2393224.000000, 1.000000, 2, 24.121508, 2238850.941578, 2238850.941578
Z3, 23, 14, 4K, 266808.000000, 0.115754, 2304957.064119, 2320064.000000, 1.000000, 2, 24.121508, 2225569.543114, 2225569.543114
Z3, 24, 14, 4K, 164848.000000, 0.059314, 2779242.674579, 2794032.000000, 1.000000, 2, 24.121508, 2320426.665206, 2320426.665206
Z3, 25, 14, 4K, 188952.000000, 0.049206, 3840019.509816, 3856160.000000, 1.000000, 2, 24.121508, 2532582.032253, 2532582.032253
Z3, 26, 14, 4K, 335320.000000, 0.148608, 2256406.115418, 2265672.000000, 1.000000, 2, 24.121508, 2215859.353373, 2215859.353373
Z3, 27, 14, 4K, 365224.000000, 0.123149, 2965708.207131, 2969296.000000, 1.000000, 2, 24.121508, 2357719.771716, 2357719.771716
Z3, 28, 14, 4K, 392736.000000, 0.123726, 3174239.852577, 3192968.000000, 1.000000, 2, 24.121508, 2399426.100805, 2399426.100805
Z3, 29, 14, 4K, 324128.000000, 0.100713, 3218333.283687, 3241280.000000, 1.000000, 2, 24.121508, 2408244.787027, 2408244.787027
Z3, 30, 14, 4K, 37424.000000, 0.001026, 36475633.528265, 37424000.000000, 1.000000, 2, 24.121508, 9059704.835943, 9059704.835943
Z3, 31, 14, 4K, 36240.000000, 0.025907, 1398849.731733, 1449600.000000, 1.000000, 2, 24.121508, 2044348.076636, 2044348.076636
Z3, 32, 14, 4K, 32904.000000, 0.028487, 1155053.182153, 1175136.000000, 1.000000, 2, 24.121508, 1995588.766720, 1995588.766720
Z3, 33, 14, 4K, 33208.000000, 0.014645, 2267531.580744, 2372000.000000, 1.000000, 2, 24.121508, 2218084.446439, 2218084.446439
Z3, 34, 14, 4K, 27104.000000, 0.014425, 1878960.138648, 1936000.000000, 1.000000, 2, 24.121508, 2140370.158019, 2140370.158019
Z3, 35, 14, 4K, 27712.000000, 0.009007, 3076718.108138, 3079104.000000, 1.000000, 2, 24.121508, 2379921.751917, 2379921.751917
Z3, 36, 14, 4K, 69480.000000, 0.019728, 3521897.810219, 3656840.000000, 1.000000, 2, 24.121508, 2468957.692334, 2468957.692334
Z3, 37, 14, 4K, 104904.000000, 0.027001, 3885189.437428, 3885328.000000, 1.000000, 2, 24.121508, 2541616.017775, 2541616.017775
Z3, 38, 14, 4K, 111104.000000, 0.023718, 4684374.736487, 4830608.000000, 1.000000, 2, 24.121508, 2701453.077587, 2701453.077587
Z1, 0, 15, 4K, 97816.000000, 1.108706, 88225.372642, 88280.000000, 1.000000, 2, 26.534466, 2645121.987102, 2645121.987102
Z2, 0, 15, 4K, 6624.000000, 1.248039, 5307.526447, 5304.000000, 1.000000, 2, 26.534466, 2628538.417863, 2628538.417863
Z2, 1, 15, 4K, 92296.000000, 0.019603, 4708258.939958, 4857680.000000, 1.000000, 2, 26.534466, 3569128.700565, 3569128.700565
Z2, 2, 15, 4K, 40600.000000, 0.001035, 39227053.140097, 40600000.000000, 1.000000, 2, 26.534466, 10472887.540593, 10472887.540593
Z2, 3, 15, 4K, 232152.000000, 0.047853, 4851357.281675, 4939400.000000, 1.000000, 2, 26.534466, 3597748.368908, 3597748.368908
Z2, 4, 15, 4K, 278440.000000, 0.050607, 5502005.651392, 5568800.000000, 1.000000, 2, 26.534466, 3727878.042852, 3727878.042852
Z2, 5, 15, 4K, 207528.000000, 0.067752, 3063053.489196, 3097432.000000, 1.000000, 2, 26.534466, 3240087.610413, 3240087.610413
Z2, 6, 15, 4K, 78136.000000, 0.233074, 335241.168041, 335344.000000, 1.000000, 2, 26.534466, 2694525.146182, 2694525.146182
Z2, 7, 15, 4K, 85200.000000, 0.016114, 5287327.789500, 5325000.000000, 1.000000, 2, 26.534466, 3684942.470473, 3684942.470473
Z3, 0, 15, 4K, 12608.000000, 0.030428, 414355.199159, 420264.000000, 1.000000, 2, 26.534466, 2710347.952405, 2710347.952405
Z3, 1, 15, 4K, 14232.000000, 0.017291, 823087.155167, 837176.000000, 1.000000, 2, 26.534466, 2792094.343607, 2792094.343607
Z3, 2, 15, 4K, 18288.000000, 0.022073, 828523.535541, 831272.000000, 1.000000, 2, 26.534466, 2793181.619682, 2793181.619682
Z3, 3, 15, 4K, 17960.000000, 0.020660, 869312.681510, 898000.000000, 1.000000, 2, 26.534466, 2801339.448875, 2801339.448875
Z3, 4, 15, 4K, 30136.000000, 0.023782, 1267176.856446, 1310256.000000, 1.000000, 2, 26.534466, 2880912.283863, 2880912.283863
Z3, 5, 15, 4K, 38832.000000, 0.000978, 39705521.472393, 38832000.000000, 1.000000, 2, 26.534466, 10568581.207052, 10568581.207052
Z3, 6, 15, 4K, 80120.000000, 0.020860, 3840843.720038, 4006000.000000, 1.000000, 2, 26.534466, 3395645.656581, 3395645.656581
Z3, 7, 15, 4K, 115624.000000, 0.026214, 4410772.869459, 4447072.000000, 1.000000, 2, 26.534466, 3509631.486465, 3509631.486465
Z3, 8, 15, 4K, 91976.000000, 0.018024, 5102973.812694, 5109776.000000, 1.000000, 2, 26.534466, 3648071.675112, 3648071.675112
Z3, 9, 15, 4K, 131496.000000, 0.034216, 3843114.332476, 3867528.000000, 1.000000, 2, 26.534466, 3396099.779069, 3396099.779069
Z3, 10, 15, 4K, 151608.000000, 0.055711, 2721329.719445, 2756504.000000, 1.000000, 2, 26.534466, 3171742.856462, 3171742.856462
Z3, 11, 15, 4K, 133200.000000, 0.037598, 3542741.635193, 3600000.000000, 1.000000, 2, 26.534466, 3336025.239612, 3336025.239612
Z3, 12, 15, 4K, 197848.000000, 0.070572, 2803491.469705, 2826400.000000, 1.000000, 2, 26.534466, 3188175.206514, 3188175.206514
Z3, 13, 15, 4K, 216432.000000, 0.050630, 4274777.799723, 4328640.000000, 1.000000, 2, 26.534466, 3482432.472518, 3482432.472518
Z3, 14, 15, 4K, 250032.000000, 0.229152, 1091118.558860, 1091840.000000, 1.000000, 2, 26.534466, 2845700.624346, 2845700.624346
Z3, 15, 15, 4K, 238656.000000, 0.056554, 4219966.757435, 4261712.000000, 1.000000, 2, 26.534466, 3471470.264061, 3471470.264061
Z3, 16, 15, 4K, 165160.000000, 0.038376, 4303731.498853, 4346312.000000, 1.000000, 2, 26.534466, 3488223.212344, 3488223.212344
Z3, 17, 15, 4K, 167848.000000, 0.035762, 4693473.519378, 4795656.000000, 1.000000, 2, 26.534466, 3566171.616449, 3566171.616449
Z3, 18, 15, 4K, 255400.000000, 0.107783, 2369575.907147, 2386912.000000, 1.000000, 2, 26.534466, 3101392.094003, 3101392.094003
Z3, 19, 15, 4K, 132104.000000, 0.043314, 3049914.577273, 3072184.000000, 1.000000, 2, 26.534466, 3237459.828028, 3237459.828028
Z3, 20, 15, 4K, 143824.000000, 0.094375, 1523962.913907, 1530040.000000, 1.000000, 2, 26.534466, 2932269.495355, 2932269.495355
Z3, 21, 15, 4K, 175072.000000, 0.063680, 2749246.231156, 2778920.000000, 1.000000, 2, 26.534466, 3177326.158805, 3177326.158805
Z3, 22, 15, 4K, 170296.000000, 0.048869, 3484744.930324, 3547832.000000, 1.000000, 2, 26.534466, 3324425.898638, 3324425.898638
Z3, 23, 15, 4K, 193376.000000, 0.033683, 5741056.319211, 5859872.000000, 1.000000, 2, 26.534466, 3775688.176416, 3775688.176416
Z3, 24, 15, 4K, 150872.000000, 0.034112, 4422842.401501, 4437408.000000, 1.000000, 2, 26.534466, 3512045.392874, 3512045.392874
Z3, 25, 15, 4K, 172416.000000, 0.052709, 3271092.223339, 3315688.000000, 1.000000, 2, 26.534466, 3281695.357241, 3281695.357241
Z3, 26, 15, 4K, 210512.000000, 0.114113, 1844767.905497, 1846592.000000, 1.000000, 2, 26.534466, 2996430.493673, 2996430.493673
Z3, 27, 15, 4K, 202256.000000, 0.060713, 3331345.840265, 3370928.000000, 1.000000, 2, 26.534466, 3293746.080626, 3293746.080626
Z3, 28, 15, 4K, 249784.000000, 0.083067, 3007018.430905, 3009440.000000, 1.000000, 2, 26.534466, 3228880.598754, 3228880.598754
Z3, 29, 15, 4K, 288648.000000, 0.064441, 4479260.098385, 4510120.000000, 1.000000, 2, 26.534466, 3523328.932250, 3523328.932250
Z3, 30, 15, 4K, 46288.000000, 0.027073, 1709747.719130, 1714368.000000, 1.000000, 2, 26.534466, 2969426.456399, 2969426.456399
Z3, 31, 15, 4K, 38120.000000, 0.021513, 1771951.843072, 1815232.000000, 1.000000, 2, 26.534466, 2981867.281188, 2981867.281188
Z3, 32, 15, 4K, 29864.000000, 0.000960, 31108333.333333, 29864000.000000, 1.000000, 2, 26.534466, 8849143.579240, 8849143.579240
Z3, 33, 15, 4K, 29864.000000, 0.020657, 1445708.476545, 1493200.000000, 1.000000, 2, 26.534466, 2916618.607883, 2916618.607883
Z3, 34, 15, 4K, 42832.000000, 0.001630, 26277300.613497, 42832000.000000, 1.000000, 2, 26.534466, 7882937.035273, 7882937.035273
Z3, 35, 15, 4K, 53400.000000, 0.016360, 3264058.679707, 3337496.000000, 1.000000, 2, 26.534466, 3280288.648515, 3280288.648515
Z3, 36, 15, 4K, 54248.000000, 0.026812, 2023273.161271, 2086456.000000, 1.000000, 2, 26.534466, 3032131.544828, 3032131.544828
Z3, 37, 15, 4K, 56416.000000, 0.013785, 4092564.381574, 4339688.000000, 1.000000, 2, 26.534466, 3445989.788888, 3445989.788888
Z3, 38, 15, 4K, 63392.000000, 0.016778, 3778281.082370, 3962000.000000, 1.000000, 2, 26.534466, 3383133.129047, 3383133.129047
