Zone, Tile_no, Seg_no, Reso, Seg_d_size, Seg_d_time, Bitrate, Bitrate1, Buf_lev, Buf_limit, Elapsed, Ref_vp, Local_avg,QoE,QoE1,Z1,Z2,Z3,delay,jitter,loss
Z1,0,1,720,9960.0,0.452669,22002.832091,22032.0,1.0,2,6.1e-05,22002.832091,22002.832091,487025.62837489997,1344283.7018955,74612.6093156,1449322.6728466,10021903.408052599,0,0,0
Z2,0,1,720,8952.0,0.582475,15368.899953,15376.0,1.0,2,6.1e-05,7684.449976,7684.449976,487025.62837489997,1344283.7018955,74612.6093156,1449322.6728466,10021903.408052599,0,0,0
Z2,1,1,720,5424.0,0.115087,47129.562852,47160.0,1.0,2,6.1e-05,15709.854284,15709.854284,487025.62837489997,1344283.7018955,74612.6093156,1449322.6728466,10021903.408052599,0,0,0
Z2,2,1,720,7080.0,0.115048,61539.531326,61560.0,1.0,2,6.1e-05,15384.882832,15384.882832,487025.62837489997,1344283.7018955,74612.6093156,1449322.6728466,10021903.408052599,0,0,0
Z2,3,1,720,18976.0,0.1152,164722.222222,165008.0,1.0,2,6.1e-05,32944.444444,32944.444444,487025.62837489997,1344283.7018955,74612.6093156,1449322.6728466,10021903.408052599,0,0,0
Z2,4,1,720,8720.0,0.115203,75692.473286,75824.0,1.0,2,6.1e-05,15138.494657,15138.494657,487025.62837489997,1344283.7018955,74612.6093156,1449322.6728466,10021903.408052599,0,0,0
Z2,5,1,720,8336.0,0.115094,72427.754705,72480.0,1.0,2,6.1e-05,14485.550941,14485.550941,487025.62837489997,1344283.7018955,74612.6093156,1449322.6728466,10021903.408052599,0,0,0
Z2,6,1,720,6376.0,0.115023,55432.391783,55440.0,1.0,2,6.1e-05,11086.478357,11086.478357,487025.62837489997,1344283.7018955,74612.6093156,1449322.6728466,10021903.408052599,0,0,0
Z2,7,1,720,6872.0,0.115113,59697.862101,59752.0,1.0,2,6.1e-05,11939.57242,11939.57242,487025.62837489997,1344283.7018955,74612.6093156,1449322.6728466,10021903.408052599,0,0,0
Z3,0,1,720,0.0,1.045744,0.0,0.0,1.0,2,6.1e-05,0.0,0.0,487025.62837489997,1344283.7018955,74612.6093156,1449322.6728466,10021903.408052599,0,0,0
Z3,1,1,720,0.0,1.315042,0.0,0.0,1.0,2,6.1e-05,0.0,0.0,487025.62837489997,1344283.7018955,74612.6093156,1449322.6728466,10021903.408052599,0,0,0
Z3,2,1,720,5664.0,0.709865,7978.981919,7984.0,1.0,2,6.1e-05,1595.796384,1595.796384,487025.62837489997,1344283.7018955,74612.6093156,1449322.6728466,10021903.408052599,0,0,0
Z3,3,1,720,7080.0,0.229967,30787.025965,30912.0,1.0,2,6.1e-05,6157.405193,6157.405193,487025.62837489997,1344283.7018955,74612.6093156,1449322.6728466,10021903.408052599,0,0,0
Z3,4,1,720,7080.0,0.229929,30792.114087,30912.0,1.0,2,6.1e-05,6158.422817,6158.422817,487025.62837489997,1344283.7018955,74612.6093156,1449322.6728466,10021903.408052599,0,0,0
Z3,5,1,720,5664.0,0.230143,24610.785468,24624.0,1.0,2,6.1e-05,4922.157094,4922.157094,487025.62837489997,1344283.7018955,74612.6093156,1449322.6728466,10021903.408052599,0,0,0
Z3,6,1,720,7080.0,0.230357,30734.902781,30776.0,1.0,2,6.1e-05,6146.980556,6146.980556,487025.62837489997,1344283.7018955,74612.6093156,1449322.6728466,10021903.408052599,0,0,0
Z3,7,1,720,7080.0,0.230099,30769.364491,30776.0,1.0,2,6.1e-05,6153.872898,6153.872898,487025.62837489997,1344283.7018955,74612.6093156,1449322.6728466,10021903.408052599,0,0,0
Z3,8,1,720,5664.0,0.230208,24603.83653,24624.0,1.0,2,6.1e-05,4920.767306,4920.767306,487025.62837489997,1344283.7018955,74612.6093156,1449322.6728466,10021903.408052599,0,0,0
Z3,9,1,720,7080.0,0.230037,30777.657507,30776.0,1.0,2,6.1e-05,6155.531501,6155.531501,487025.62837489997,1344283.7018955,74612.6093156,1449322.6728466,10021903.408052599,0,0,0
Z3,10,1,720,12904.0,0.230252,56042.944252,56104.0,1.0,2,6.1e-05,11208.58885,11208.58885,487025.62837489997,1344283.7018955,74612.6093156,1449322.6728466,10021903.408052599,0,0,0
Z3,11,1,720,17344.0,0.230109,75372.975416,75408.0,1.0,2,6.1e-05,15074.595083,15074.595083,487025.62837489997,1344283.7018955,74612.6093156,1449322.6728466,10021903.408052599,0,0,0
Z3,12,1,720,16912.0,0.485108,34862.339933,34864.0,1.0,2,6.1e-05,6972.467987,6972.467987,487025.62837489997,1344283.7018955,74612.6093156,1449322.6728466,10021903.408052599,0,0,0
Z3,13,1,720,13240.0,0.229985,57568.971889,57816.0,1.0,2,6.1e-05,11513.794378,11513.794378,487025.62837489997,1344283.7018955,74612.6093156,1449322.6728466,10021903.408052599,0,0,0
Z3,14,1,720,28328.0,0.230139,123090.827717,123160.0,1.0,2,6.1e-05,24618.165543,24618.165543,487025.62837489997,1344283.7018955,74612.6093156,1449322.6728466,10021903.408052599,0,0,0
Z3,15,1,720,30528.0,0.236781,128929.26375,129352.0,1.0,2,6.1e-05,25785.85275,25785.85275,487025.62837489997,1344283.7018955,74612.6093156,1449322.6728466,10021903.408052599,0,0,0
Z3,16,1,720,16360.0,0.230138,71087.782113,71128.0,1.0,2,6.1e-05,14217.556423,14217.556423,487025.62837489997,1344283.7018955,74612.6093156,1449322.6728466,10021903.408052599,0,0,0
Z3,17,1,720,33216.0,0.269852,123089.69361,123472.0,1.0,2,6.1e-05,24617.938722,24617.938722,487025.62837489997,1344283.7018955,74612.6093156,1449322.6728466,10021903.408052599,0,0,0
Z3,18,1,720,28000.0,0.230126,121672.475079,121736.0,1.0,2,6.1e-05,24334.495016,24334.495016,487025.62837489997,1344283.7018955,74612.6093156,1449322.6728466,10021903.408052599,0,0,0
Z3,19,1,720,15744.0,0.230079,68428.670152,68448.0,1.0,2,6.1e-05,13685.73403,13685.73403,487025.62837489997,1344283.7018955,74612.6093156,1449322.6728466,10021903.408052599,0,0,0
Z3,20,1,720,16024.0,0.229993,69671.68566,69968.0,1.0,2,6.1e-05,13934.337132,13934.337132,487025.62837489997,1344283.7018955,74612.6093156,1449322.6728466,10021903.408052599,0,0,0
Z3,21,1,720,11576.0,0.230046,50320.370708,50328.0,1.0,2,6.1e-05,10064.074142,10064.074142,487025.62837489997,1344283.7018955,74612.6093156,1449322.6728466,10021903.408052599,0,0,0
Z3,22,1,720,10816.0,0.230035,47018.931902,47024.0,1.0,2,6.1e-05,9403.78638,9403.78638,487025.62837489997,1344283.7018955,74612.6093156,1449322.6728466,10021903.408052599,0,0,0
Z3,23,1,720,13224.0,0.229999,57495.902156,57744.0,1.0,2,6.1e-05,11499.180431,11499.180431,487025.62837489997,1344283.7018955,74612.6093156,1449322.6728466,10021903.408052599,0,0,0
Z3,24,1,720,17528.0,0.230057,76189.813829,76208.0,1.0,2,6.1e-05,15237.962766,15237.962766,487025.62837489997,1344283.7018955,74612.6093156,1449322.6728466,10021903.408052599,0,0,0
Z3,25,1,720,23824.0,0.230091,103541.64222,103576.0,1.0,2,6.1e-05,20708.328444,20708.328444,487025.62837489997,1344283.7018955,74612.6093156,1449322.6728466,10021903.408052599,0,0,0
Z3,26,1,720,11024.0,0.359453,30668.821793,30704.0,1.0,2,6.1e-05,6133.764359,6133.764359,487025.62837489997,1344283.7018955,74612.6093156,1449322.6728466,10021903.408052599,0,0,0
Z3,27,1,720,15112.0,0.230103,65674.936876,65704.0,1.0,2,6.1e-05,13134.987375,13134.987375,487025.62837489997,1344283.7018955,74612.6093156,1449322.6728466,10021903.408052599,0,0,0
Z3,28,1,720,24552.0,0.230071,106714.883666,106744.0,1.0,2,6.1e-05,21342.976733,21342.976733,487025.62837489997,1344283.7018955,74612.6093156,1449322.6728466,10021903.408052599,0,0,0
Z3,29,1,720,10824.0,0.230069,47046.755539,47056.0,1.0,2,6.1e-05,9409.351108,9409.351108,487025.62837489997,1344283.7018955,74612.6093156,1449322.6728466,10021903.408052599,0,0,0
Z3,30,1,720,6872.0,0.229993,29879.170236,30008.0,1.0,2,6.1e-05,5975.834047,5975.834047,487025.62837489997,1344283.7018955,74612.6093156,1449322.6728466,10021903.408052599,0,0,0
Z3,31,1,720,6872.0,0.23021,29851.005604,29872.0,1.0,2,6.1e-05,5970.201121,5970.201121,487025.62837489997,1344283.7018955,74612.6093156,1449322.6728466,10021903.408052599,0,0,0
Z3,32,1,720,6376.0,0.249378,25567.612219,25600.0,1.0,2,6.1e-05,5113.522444,5113.522444,487025.62837489997,1344283.7018955,74612.6093156,1449322.6728466,10021903.408052599,0,0,0
Z3,33,1,720,6872.0,0.23007,29869.170253,29872.0,1.0,2,6.1e-05,5973.834051,5973.834051,487025.62837489997,1344283.7018955,74612.6093156,1449322.6728466,10021903.408052599,0,0,0
Z3,34,1,720,6872.0,0.269734,25476.951367,25544.0,1.0,2,6.1e-05,5095.390273,5095.390273,487025.62837489997,1344283.7018955,74612.6093156,1449322.6728466,10021903.408052599,0,0,0
Z3,35,1,720,6376.0,0.229992,27722.703398,27840.0,1.0,2,6.1e-05,5544.54068,5544.54068,487025.62837489997,1344283.7018955,74612.6093156,1449322.6728466,10021903.408052599,0,0,0
Z3,36,1,720,6872.0,0.230155,29858.13908,29872.0,1.0,2,6.1e-05,5971.627816,5971.627816,487025.62837489997,1344283.7018955,74612.6093156,1449322.6728466,10021903.408052599,0,0,0
Z3,37,1,720,6872.0,0.230113,29863.588759,29872.0,1.0,2,6.1e-05,5972.717752,5972.717752,487025.62837489997,1344283.7018955,74612.6093156,1449322.6728466,10021903.408052599,0,0,0
Z3,38,1,720,6376.0,0.312032,20433.801661,20432.0,1.0,2,6.1e-05,4086.760332,4086.760332,487025.62837489997,1344283.7018955,74612.6093156,1449322.6728466,10021903.408052599,0,0,0
Z1,0,2,720,15344.0,0.743461,20638.607809,20648.0,1.0,2,13.775336,8214.481894,8214.481894,487025.62837489997,1344283.7018955,74612.6093156,1449322.6728466,10021903.408052599,0,0,0
Z2,0,2,720,6624.0,0.782152,8468.942098,8464.0,1.0,2,13.775336,5780.548752,5780.548752,487025.62837489997,1344283.7018955,74612.6093156,1449322.6728466,10021903.408052599,0,0,0
Z2,1,2,720,5664.0,0.230109,24614.421861,24624.0,1.0,2,13.775336,9009.644704,9009.644704,487025.62837489997,1344283.7018955,74612.6093156,1449322.6728466,10021903.408052599,0,0,0
Z2,2,2,720,7080.0,0.230047,30776.319622,30776.0,1.0,2,13.775336,10242.024257,10242.024257,487025.62837489997,1344283.7018955,74612.6093156,1449322.6728466,10021903.408052599,0,0,0
Z2,3,2,720,7080.0,0.230139,30764.016529,30776.0,1.0,2,13.775336,10239.563638,10239.563638,487025.62837489997,1344283.7018955,74612.6093156,1449322.6728466,10021903.408052599,0,0,0
Z2,4,2,720,12128.0,0.230157,52694.465083,52728.0,1.0,2,13.775336,14625.653349,14625.653349,487025.62837489997,1344283.7018955,74612.6093156,1449322.6728466,10021903.408052599,0,0,0
Z2,5,2,720,18392.0,0.230127,79921.087052,79960.0,1.0,2,13.775336,20070.977743,20070.977743,487025.62837489997,1344283.7018955,74612.6093156,1449322.6728466,10021903.408052599,0,0,0
Z2,6,2,720,10632.0,0.230036,46218.852701,46224.0,1.0,2,13.775336,13330.530873,13330.530873,487025.62837489997,1344283.7018955,74612.6093156,1449322.6728466,10021903.408052599,0,0,0
Z2,7,2,720,8048.0,1.852318,4344.82632,4344.0,1.0,2,13.775336,4955.725596,4955.725596,487025.62837489997,1344283.7018955,74612.6093156,1449322.6728466,10021903.408052599,0,0,0
Z3,0,2,720,5424.0,0.729134,7438.961837,7440.0,1.0,2,13.775336,5574.5527,5574.5527,487025.62837489997,1344283.7018955,74612.6093156,1449322.6728466,10021903.408052599,0,0,0
Z3,1,2,720,7080.0,0.236134,29982.975768,30000.0,1.0,2,13.775336,10083.355486,10083.355486,487025.62837489997,1344283.7018955,74612.6093156,1449322.6728466,10021903.408052599,0,0,0
Z3,2,2,720,7080.0,0.236097,29987.674557,30000.0,1.0,2,13.775336,10084.295244,10084.295244,487025.62837489997,1344283.7018955,74612.6093156,1449322.6728466,10021903.408052599,0,0,0
Z3,3,2,720,5664.0,0.490387,11550.061482,11552.0,1.0,2,13.775336,6396.772629,6396.772629,487025.62837489997,1344283.7018955,74612.6093156,1449322.6728466,10021903.408052599,0,0,0
Z3,4,2,720,7080.0,0.236096,29987.801572,30000.0,1.0,2,13.775336,10084.320647,10084.320647,487025.62837489997,1344283.7018955,74612.6093156,1449322.6728466,10021903.408052599,0,0,0
Z3,5,2,720,7080.0,0.236102,29987.0395,30000.0,1.0,2,13.775336,10084.168232,10084.168232,487025.62837489997,1344283.7018955,74612.6093156,1449322.6728466,10021903.408052599,0,0,0
Z3,6,2,720,5664.0,0.236117,23988.107591,24000.0,1.0,2,13.775336,8884.38185,8884.38185,487025.62837489997,1344283.7018955,74612.6093156,1449322.6728466,10021903.408052599,0,0,0
Z3,7,2,720,7080.0,0.236115,29985.388476,30000.0,1.0,2,13.775336,10083.838027,10083.838027,487025.62837489997,1344283.7018955,74612.6093156,1449322.6728466,10021903.408052599,0,0,0
Z3,8,2,720,7080.0,0.236066,29991.612515,30000.0,1.0,2,13.775336,10085.082835,10085.082835,487025.62837489997,1344283.7018955,74612.6093156,1449322.6728466,10021903.408052599,0,0,0
Z3,9,2,720,12648.0,0.236067,53578.009633,53592.0,1.0,2,13.775336,14802.362259,14802.362259,487025.62837489997,1344283.7018955,74612.6093156,1449322.6728466,10021903.408052599,0,0,0
Z3,10,2,720,17112.0,0.236201,72446.772029,72504.0,1.0,2,13.775336,18576.114738,18576.114738,487025.62837489997,1344283.7018955,74612.6093156,1449322.6728466,10021903.408052599,0,0,0
Z3,11,2,720,15320.0,0.236071,64895.730522,64912.0,1.0,2,13.775336,17065.906437,17065.906437,487025.62837489997,1344283.7018955,74612.6093156,1449322.6728466,10021903.408052599,0,0,0
Z3,12,2,720,10704.0,0.236078,45340.946636,45352.0,1.0,2,13.775336,13154.94966,13154.94966,487025.62837489997,1344283.7018955,74612.6093156,1449322.6728466,10021903.408052599,0,0,0
Z3,13,2,720,18776.0,0.375111,50054.517196,50064.0,1.0,2,13.775336,14097.663772,14097.663772,487025.62837489997,1344283.7018955,74612.6093156,1449322.6728466,10021903.408052599,0,0,0
Z3,14,2,720,21848.0,0.248263,88003.447956,88096.0,1.0,2,13.775336,21687.449924,21687.449924,487025.62837489997,1344283.7018955,74612.6093156,1449322.6728466,10021903.408052599,0,0,0
Z3,15,2,720,12752.0,0.23607,54017.876054,54032.0,1.0,2,13.775336,14890.335543,14890.335543,487025.62837489997,1344283.7018955,74612.6093156,1449322.6728466,10021903.408052599,0,0,0
Z3,16,2,720,21856.0,0.2363,92492.59416,92608.0,1.0,2,13.775336,22585.279164,22585.279164,487025.62837489997,1344283.7018955,74612.6093156,1449322.6728466,10021903.408052599,0,0,0
Z3,17,2,720,16880.0,0.236105,71493.615129,71520.0,1.0,2,13.775336,18385.483358,18385.483358,487025.62837489997,1344283.7018955,74612.6093156,1449322.6728466,10021903.408052599,0,0,0
Z3,18,2,720,9160.0,0.235997,38814.052721,38976.0,1.0,2,13.775336,11849.570876,11849.570876,487025.62837489997,1344283.7018955,74612.6093156,1449322.6728466,10021903.408052599,0,0,0
Z3,19,2,720,11592.0,0.236063,49105.535387,49112.0,1.0,2,13.775336,13907.86741,13907.86741,487025.62837489997,1344283.7018955,74612.6093156,1449322.6728466,10021903.408052599,0,0,0
Z3,20,2,720,9952.0,0.235958,42176.997601,42344.0,1.0,2,13.775336,12522.159853,12522.159853,487025.62837489997,1344283.7018955,74612.6093156,1449322.6728466,10021903.408052599,0,0,0
Z3,21,2,720,11064.0,0.235984,46884.534545,47080.0,1.0,2,13.775336,13463.667241,13463.667241,487025.62837489997,1344283.7018955,74612.6093156,1449322.6728466,10021903.408052599,0,0,0
Z3,22,2,720,14728.0,0.236063,62390.12467,62400.0,1.0,2,13.775336,16564.785266,16564.785266,487025.62837489997,1344283.7018955,74612.6093156,1449322.6728466,10021903.408052599,0,0,0
Z3,23,2,720,16264.0,0.235953,68928.981619,69208.0,1.0,2,13.775336,17872.556656,17872.556656,487025.62837489997,1344283.7018955,74612.6093156,1449322.6728466,10021903.408052599,0,0,0
Z3,24,2,720,9504.0,0.243447,39039.298081,39104.0,1.0,2,13.775336,11894.619949,11894.619949,487025.62837489997,1344283.7018955,74612.6093156,1449322.6728466,10021903.408052599,0,0,0
Z3,25,2,720,12688.0,0.236039,53753.828816,53760.0,1.0,2,13.775336,14837.526096,14837.526096,487025.62837489997,1344283.7018955,74612.6093156,1449322.6728466,10021903.408052599,0,0,0
Z3,26,2,720,17320.0,0.235972,73398.53881,73696.0,1.0,2,13.775336,18766.468094,18766.468094,487025.62837489997,1344283.7018955,74612.6093156,1449322.6728466,10021903.408052599,0,0,0
Z3,27,2,720,9320.0,0.23614,39468.112137,39488.0,1.0,2,13.775336,11980.38276,11980.38276,487025.62837489997,1344283.7018955,74612.6093156,1449322.6728466,10021903.408052599,0,0,0
Z3,28,2,720,6376.0,0.236042,27012.141907,27016.0,1.0,2,13.775336,9489.188714,9489.188714,487025.62837489997,1344283.7018955,74612.6093156,1449322.6728466,10021903.408052599,0,0,0
Z3,29,2,720,6872.0,0.236037,29114.079572,29112.0,1.0,2,13.775336,9909.576247,9909.576247,487025.62837489997,1344283.7018955,74612.6093156,1449322.6728466,10021903.408052599,0,0,0
Z3,30,2,720,6872.0,0.235995,29119.261001,29240.0,1.0,2,13.775336,9910.612533,9910.612533,487025.62837489997,1344283.7018955,74612.6093156,1449322.6728466,10021903.408052599,0,0,0
Z3,31,2,720,6376.0,0.236097,27005.849291,27016.0,1.0,2,13.775336,9487.93019,9487.93019,487025.62837489997,1344283.7018955,74612.6093156,1449322.6728466,10021903.408052599,0,0,0
Z3,32,2,720,6872.0,0.236123,29103.475731,29112.0,1.0,2,13.775336,9907.455478,9907.455478,487025.62837489997,1344283.7018955,74612.6093156,1449322.6728466,10021903.408052599,0,0,0
Z3,33,2,720,6872.0,0.236043,29113.339519,29112.0,1.0,2,13.775336,9909.428236,9909.428236,487025.62837489997,1344283.7018955,74612.6093156,1449322.6728466,10021903.408052599,0,0,0
Z3,34,2,720,6376.0,0.23599,27018.093987,27128.0,1.0,2,13.775336,9490.37913,9490.37913,487025.62837489997,1344283.7018955,74612.6093156,1449322.6728466,10021903.408052599,0,0,0
Z3,35,2,720,6872.0,0.235927,29127.653893,29240.0,1.0,2,13.775336,9912.291111,9912.291111,487025.62837489997,1344283.7018955,74612.6093156,1449322.6728466,10021903.408052599,0,0,0
Z3,36,2,720,6872.0,0.236121,29103.722244,29112.0,1.0,2,13.775336,9907.504781,9907.504781,487025.62837489997,1344283.7018955,74612.6093156,1449322.6728466,10021903.408052599,0,0,0
Z3,37,2,720,6376.0,0.236034,27013.057441,27016.0,1.0,2,13.775336,9489.37182,9489.37182,487025.62837489997,1344283.7018955,74612.6093156,1449322.6728466,10021903.408052599,0,0,0
Z3,38,2,720,6872.0,0.236001,29118.520684,29112.0,1.0,2,13.775336,9910.464469,9910.464469,487025.62837489997,1344283.7018955,74612.6093156,1449322.6728466,10021903.408052599,0,0,0
Z1,0,3,720,15304.0,1.475079,10375.03754,10368.0,1.0,2,28.654098,11985.471977,11985.471977,487025.62837489997,1344283.7018955,74612.6093156,1449322.6728466,10021903.408052599,0,0,0
Z2,0,3,720,6624.0,1.430739,4629.775242,4632.0,1.0,2,28.654098,10836.419518,10836.419518,487025.62837489997,1344283.7018955,74612.6093156,1449322.6728466,10021903.408052599,0,0,0
Z2,1,3,720,5664.0,0.235943,24005.798011,24096.0,1.0,2,28.654098,14711.624071,14711.624071,487025.62837489997,1344283.7018955,74612.6093156,1449322.6728466,10021903.408052599,0,0,0
Z2,2,3,720,7080.0,0.235902,30012.462802,30120.0,1.0,2,28.654098,15912.95703,15912.95703,487025.62837489997,1344283.7018955,74612.6093156,1449322.6728466,10021903.408052599,0,0,0
Z2,3,3,720,7080.0,0.236101,29987.166509,30000.0,1.0,2,28.654098,15907.897771,15907.897771,487025.62837489997,1344283.7018955,74612.6093156,1449322.6728466,10021903.408052599,0,0,0
Z2,4,3,720,12544.0,0.236078,53134.980811,53152.0,1.0,2,28.654098,20537.460631,20537.460631,487025.62837489997,1344283.7018955,74612.6093156,1449322.6728466,10021903.408052599,0,0,0
Z2,5,3,720,18632.0,0.236055,78930.757662,78944.0,1.0,2,28.654098,25696.616002,25696.616002,487025.62837489997,1344283.7018955,74612.6093156,1449322.6728466,10021903.408052599,0,0,0
Z2,6,3,720,10240.0,0.236047,43381.191034,43384.0,1.0,2,28.654098,18586.702676,18586.702676,487025.62837489997,1344283.7018955,74612.6093156,1449322.6728466,10021903.408052599,0,0,0
Z2,7,3,720,8424.0,0.267214,31525.294333,31544.0,1.0,2,28.654098,16215.523336,16215.523336,487025.62837489997,1344283.7018955,74612.6093156,1449322.6728466,10021903.408052599,0,0,0
Z3,0,3,720,5424.0,0.98198,5523.534084,5528.0,1.0,2,28.654098,11015.171286,11015.171286,487025.62837489997,1344283.7018955,74612.6093156,1449322.6728466,10021903.408052599,0,0,0
Z3,1,3,720,7080.0,0.236156,29980.182591,30000.0,1.0,2,28.654098,15906.500987,15906.500987,487025.62837489997,1344283.7018955,74612.6093156,1449322.6728466,10021903.408052599,0,0,0
Z3,2,3,720,7080.0,0.236129,29983.610653,30000.0,1.0,2,28.654098,15907.1866,15907.1866,487025.62837489997,1344283.7018955,74612.6093156,1449322.6728466,10021903.408052599,0,0,0
Z3,3,3,720,5664.0,0.236067,23993.188374,24000.0,1.0,2,28.654098,14709.102144,14709.102144,487025.62837489997,1344283.7018955,74612.6093156,1449322.6728466,10021903.408052599,0,0,0
Z3,4,3,720,7080.0,0.236085,29989.198806,30000.0,1.0,2,28.654098,15908.30423,15908.30423,487025.62837489997,1344283.7018955,74612.6093156,1449322.6728466,10021903.408052599,0,0,0
Z3,5,3,720,7080.0,0.236159,29979.801744,30000.0,1.0,2,28.654098,15906.424818,15906.424818,487025.62837489997,1344283.7018955,74612.6093156,1449322.6728466,10021903.408052599,0,0,0
Z3,6,3,720,5664.0,0.23609,23990.850947,24000.0,1.0,2,28.654098,14708.634658,14708.634658,487025.62837489997,1344283.7018955,74612.6093156,1449322.6728466,10021903.408052599,0,0,0
Z3,7,3,720,7080.0,0.236125,29984.118581,30000.0,1.0,2,28.654098,15907.288185,15907.288185,487025.62837489997,1344283.7018955,74612.6093156,1449322.6728466,10021903.408052599,0,0,0
Z3,8,3,720,7080.0,0.247164,28644.948293,28656.0,1.0,2,28.654098,15639.454128,15639.454128,487025.62837489997,1344283.7018955,74612.6093156,1449322.6728466,10021903.408052599,0,0,0
Z3,9,3,720,14120.0,0.236081,59809.980473,59824.0,1.0,2,28.654098,21872.460564,21872.460564,487025.62837489997,1344283.7018955,74612.6093156,1449322.6728466,10021903.408052599,0,0,0
Z3,10,3,720,17536.0,0.236077,74280.849045,74304.0,1.0,2,28.654098,24766.634278,24766.634278,487025.62837489997,1344283.7018955,74612.6093156,1449322.6728466,10021903.408052599,0,0,0
Z3,11,3,720,16008.0,0.236212,67769.630671,67824.0,1.0,2,28.654098,23464.390603,23464.390603,487025.62837489997,1344283.7018955,74612.6093156,1449322.6728466,10021903.408052599,0,0,0
Z3,12,3,720,10896.0,0.291587,37367.921066,37440.0,1.0,2,28.654098,17384.048682,17384.048682,487025.62837489997,1344283.7018955,74612.6093156,1449322.6728466,10021903.408052599,0,0,0
Z3,13,3,720,19720.0,0.236119,83517.209543,83552.0,1.0,2,28.654098,26613.906378,26613.906378,487025.62837489997,1344283.7018955,74612.6093156,1449322.6728466,10021903.408052599,0,0,0
Z3,14,3,720,20104.0,0.236156,85130.168194,85184.0,1.0,2,28.654098,26936.498108,26936.498108,487025.62837489997,1344283.7018955,74612.6093156,1449322.6728466,10021903.408052599,0,0,0
Z3,15,3,720,12504.0,0.235877,53010.679295,53208.0,1.0,2,28.654098,20512.600328,20512.600328,487025.62837489997,1344283.7018955,74612.6093156,1449322.6728466,10021903.408052599,0,0,0
Z3,16,3,720,23072.0,0.236119,97713.441104,97760.0,1.0,2,28.654098,29453.15269,29453.15269,487025.62837489997,1344283.7018955,74612.6093156,1449322.6728466,10021903.408052599,0,0,0
Z3,17,3,720,18112.0,0.236134,76702.211456,76744.0,1.0,2,28.654098,25250.90676,25250.90676,487025.62837489997,1344283.7018955,74612.6093156,1449322.6728466,10021903.408052599,0,0,0
Z3,18,3,720,9664.0,0.236162,40921.06266,40944.0,1.0,2,28.654098,18094.677001,18094.677001,487025.62837489997,1344283.7018955,74612.6093156,1449322.6728466,10021903.408052599,0,0,0
Z3,19,3,720,12280.0,0.23612,52007.453837,52032.0,1.0,2,28.654098,20311.955237,20311.955237,487025.62837489997,1344283.7018955,74612.6093156,1449322.6728466,10021903.408052599,0,0,0
Z3,20,3,720,10368.0,0.23619,43896.862695,43928.0,1.0,2,28.654098,18689.837008,18689.837008,487025.62837489997,1344283.7018955,74612.6093156,1449322.6728466,10021903.408052599,0,0,0
Z3,21,3,720,10520.0,0.236115,44554.560278,44576.0,1.0,2,28.654098,18821.376525,18821.376525,487025.62837489997,1344283.7018955,74612.6093156,1449322.6728466,10021903.408052599,0,0,0
Z3,22,3,720,15288.0,0.236054,64764.841943,64776.0,1.0,2,28.654098,22863.432858,22863.432858,487025.62837489997,1344283.7018955,74612.6093156,1449322.6728466,10021903.408052599,0,0,0
Z3,23,3,720,16344.0,0.236137,69214.057941,69248.0,1.0,2,28.654098,23753.276057,23753.276057,487025.62837489997,1344283.7018955,74612.6093156,1449322.6728466,10021903.408052599,0,0,0
Z3,24,3,720,9016.0,0.236151,38178.961766,38200.0,1.0,2,28.654098,17546.256822,17546.256822,487025.62837489997,1344283.7018955,74612.6093156,1449322.6728466,10021903.408052599,0,0,0
Z3,25,3,720,13800.0,0.236115,58446.096182,58472.0,1.0,2,28.654098,21599.683706,21599.683706,487025.62837489997,1344283.7018955,74612.6093156,1449322.6728466,10021903.408052599,0,0,0
Z3,26,3,720,17664.0,0.236116,74810.686273,74840.0,1.0,2,28.654098,24872.601724,24872.601724,487025.62837489997,1344283.7018955,74612.6093156,1449322.6728466,10021903.408052599,0,0,0
Z3,27,3,720,9896.0,0.236044,41924.386979,41928.0,1.0,2,28.654098,18295.341865,18295.341865,487025.62837489997,1344283.7018955,74612.6093156,1449322.6728466,10021903.408052599,0,0,0
Z3,28,3,720,6376.0,0.235993,27017.750526,27128.0,1.0,2,28.654098,15314.014574,15314.014574,487025.62837489997,1344283.7018955,74612.6093156,1449322.6728466,10021903.408052599,0,0,0
Z3,29,3,720,6872.0,0.322001,21341.548629,21336.0,1.0,2,28.654098,14178.774195,14178.774195,487025.62837489997,1344283.7018955,74612.6093156,1449322.6728466,10021903.408052599,0,0,0
Z3,30,3,720,6872.0,0.236053,29112.10618,29112.0,1.0,2,28.654098,15732.885705,15732.885705,487025.62837489997,1344283.7018955,74612.6093156,1449322.6728466,10021903.408052599,0,0,0
Z3,31,3,720,6376.0,0.263977,24153.619444,24240.0,1.0,2,28.654098,14741.188358,14741.188358,487025.62837489997,1344283.7018955,74612.6093156,1449322.6728466,10021903.408052599,0,0,0
Z3,32,3,720,6872.0,0.247755,27737.078969,27816.0,1.0,2,28.654098,15457.880263,15457.880263,487025.62837489997,1344283.7018955,74612.6093156,1449322.6728466,10021903.408052599,0,0,0
Z3,33,3,720,6872.0,0.236117,29104.215283,29112.0,1.0,2,28.654098,15731.307526,15731.307526,487025.62837489997,1344283.7018955,74612.6093156,1449322.6728466,10021903.408052599,0,0,0
Z3,34,3,720,6376.0,0.236064,27009.624509,27016.0,1.0,2,28.654098,15312.389371,15312.389371,487025.62837489997,1344283.7018955,74612.6093156,1449322.6728466,10021903.408052599,0,0,0
Z3,35,3,720,6872.0,0.236179,29096.575055,29112.0,1.0,2,28.654098,15729.77948,15729.77948,487025.62837489997,1344283.7018955,74612.6093156,1449322.6728466,10021903.408052599,0,0,0
Z3,36,3,720,6872.0,0.23618,29096.451859,29112.0,1.0,2,28.654098,15729.754841,15729.754841,487025.62837489997,1344283.7018955,74612.6093156,1449322.6728466,10021903.408052599,0,0,0
Z3,37,3,720,6376.0,0.236094,27006.192449,27016.0,1.0,2,28.654098,15311.702959,15311.702959,487025.62837489997,1344283.7018955,74612.6093156,1449322.6728466,10021903.408052599,0,0,0
Z3,38,3,720,6872.0,0.236127,29102.982717,29112.0,1.0,2,28.654098,15731.061013,15731.061013,487025.62837489997,1344283.7018955,74612.6093156,1449322.6728466,10021903.408052599,0,0,0
Z1,0,4,720,22592.0,1.037766,21769.840214,21784.0,1.0,2,43.397288,20085.029055,20085.029055,487025.62837489997,1344283.7018955,74612.6093156,1449322.6728466,10021903.408052599,0,0,0
Z2,0,4,720,0.0,0.235802,0.0,0.0,1.0,2,43.397288,15731.061013,15731.061013,487025.62837489997,1344283.7018955,74612.6093156,1449322.6728466,10021903.408052599,0,0,0
Z2,1,4,720,0.0,0.114792,0.0,0.0,1.0,2,43.397288,15731.061013,15731.061013,487025.62837489997,1344283.7018955,74612.6093156,1449322.6728466,10021903.408052599,0,0,0
Z2,2,4,720,7200.0,1.178685,6108.502272,6112.0,1.0,2,43.397288,16952.761467,16952.761467,487025.62837489997,1344283.7018955,74612.6093156,1449322.6728466,10021903.408052599,0,0,0
Z2,3,4,720,7296.0,0.235906,30927.572847,31040.0,1.0,2,43.397288,21916.575582,21916.575582,487025.62837489997,1344283.7018955,74612.6093156,1449322.6728466,10021903.408052599,0,0,0
Z2,4,4,720,17272.0,0.235919,73211.568377,73496.0,1.0,2,43.397288,30373.374688,30373.374688,487025.62837489997,1344283.7018955,74612.6093156,1449322.6728466,10021903.408052599,0,0,0
Z2,5,4,720,26240.0,0.236035,111169.953609,111184.0,1.0,2,43.397288,37965.051734,37965.051734,487025.62837489997,1344283.7018955,74612.6093156,1449322.6728466,10021903.408052599,0,0,0
Z2,6,4,720,12720.0,0.23596,53907.441939,54120.0,1.0,2,43.397288,26512.5494,26512.5494,487025.62837489997,1344283.7018955,74612.6093156,1449322.6728466,10021903.408052599,0,0,0
Z2,7,4,720,11496.0,0.235814,48750.286243,48912.0,1.0,2,43.397288,25481.118261,25481.118261,487025.62837489997,1344283.7018955,74612.6093156,1449322.6728466,10021903.408052599,0,0,0
Z3,0,4,720,0.0,0.768198,0.0,0.0,1.0,2,43.397288,15731.061013,15731.061013,487025.62837489997,1344283.7018955,74612.6093156,1449322.6728466,10021903.408052599,0,0,0
Z3,1,4,720,7448.0,0.439923,16930.235518,16960.0,1.0,2,43.397288,19117.108116,19117.108116,487025.62837489997,1344283.7018955,74612.6093156,1449322.6728466,10021903.408052599,0,0,0
Z3,2,4,720,7424.0,0.177534,41817.34203,41936.0,1.0,2,43.397288,24094.529419,24094.529419,487025.62837489997,1344283.7018955,74612.6093156,1449322.6728466,10021903.408052599,0,0,0
Z3,3,4,720,6648.0,0.114947,57835.350205,58312.0,1.0,2,43.397288,27298.131053,27298.131053,487025.62837489997,1344283.7018955,74612.6093156,1449322.6728466,10021903.408052599,0,0,0
Z3,4,4,720,7224.0,0.119048,60681.40582,60704.0,1.0,2,43.397288,27867.342176,27867.342176,487025.62837489997,1344283.7018955,74612.6093156,1449322.6728466,10021903.408052599,0,0,0
Z3,5,4,720,7240.0,0.115089,62907.836544,62952.0,1.0,2,43.397288,28312.628321,28312.628321,487025.62837489997,1344283.7018955,74612.6093156,1449322.6728466,10021903.408052599,0,0,0
Z3,6,4,720,6648.0,0.115038,57789.599958,57808.0,1.0,2,43.397288,27288.981004,27288.981004,487025.62837489997,1344283.7018955,74612.6093156,1449322.6728466,10021903.408052599,0,0,0
Z3,7,4,720,7232.0,0.135749,53274.793921,53568.0,1.0,2,43.397288,26386.019797,26386.019797,487025.62837489997,1344283.7018955,74612.6093156,1449322.6728466,10021903.408052599,0,0,0
Z3,8,4,720,7296.0,0.199971,36485.290367,36656.0,1.0,2,43.397288,23028.119086,23028.119086,487025.62837489997,1344283.7018955,74612.6093156,1449322.6728466,10021903.408052599,0,0,0
Z3,9,4,720,16456.0,0.11512,142946.490618,143088.0,1.0,2,43.397288,44320.359136,44320.359136,487025.62837489997,1344283.7018955,74612.6093156,1449322.6728466,10021903.408052599,0,0,0
Z3,10,4,720,25392.0,0.115183,220449.198232,220800.0,1.0,2,43.397288,59820.900659,59820.900659,487025.62837489997,1344283.7018955,74612.6093156,1449322.6728466,10021903.408052599,0,0,0
Z3,11,4,720,21592.0,0.117995,182990.804695,184544.0,1.0,2,43.397288,52329.221952,52329.221952,487025.62837489997,1344283.7018955,74612.6093156,1449322.6728466,10021903.408052599,0,0,0
Z3,12,4,720,13528.0,0.15364,88049.986983,88416.0,1.0,2,43.397288,33341.058409,33341.058409,487025.62837489997,1344283.7018955,74612.6093156,1449322.6728466,10021903.408052599,0,0,0
Z3,13,4,720,29512.0,0.115098,256407.583103,256624.0,1.0,2,43.397288,67012.577633,67012.577633,487025.62837489997,1344283.7018955,74612.6093156,1449322.6728466,10021903.408052599,0,0,0
Z3,14,4,720,29688.0,0.11519,257730.70579,258152.0,1.0,2,43.397288,67277.202171,67277.202171,487025.62837489997,1344283.7018955,74612.6093156,1449322.6728466,10021903.408052599,0,0,0
Z3,15,4,720,16760.0,0.115115,145593.536898,145736.0,1.0,2,43.397288,44849.768392,44849.768392,487025.62837489997,1344283.7018955,74612.6093156,1449322.6728466,10021903.408052599,0,0,0
Z3,16,4,720,33128.0,0.115223,287512.041867,288064.0,1.0,2,43.397288,73233.469386,73233.469386,487025.62837489997,1344283.7018955,74612.6093156,1449322.6728466,10021903.408052599,0,0,0
Z3,17,4,720,26248.0,0.137424,191000.116428,191584.0,1.0,2,43.397288,53931.084298,53931.084298,487025.62837489997,1344283.7018955,74612.6093156,1449322.6728466,10021903.408052599,0,0,0
Z3,18,4,720,14624.0,0.114935,127237.134032,128280.0,1.0,2,43.397288,41178.487819,41178.487819,487025.62837489997,1344283.7018955,74612.6093156,1449322.6728466,10021903.408052599,0,0,0
Z3,19,4,720,26816.0,0.115227,232723.23327,233176.0,1.0,2,43.397288,62275.707667,62275.707667,487025.62837489997,1344283.7018955,74612.6093156,1449322.6728466,10021903.408052599,0,0,0
Z3,20,4,720,23128.0,0.115076,200980.221766,201112.0,1.0,2,43.397288,55927.105366,55927.105366,487025.62837489997,1344283.7018955,74612.6093156,1449322.6728466,10021903.408052599,0,0,0
Z3,21,4,720,19440.0,0.254511,76381.767389,76528.0,1.0,2,43.397288,31007.41449,31007.41449,487025.62837489997,1344283.7018955,74612.6093156,1449322.6728466,10021903.408052599,0,0,0
Z3,22,4,720,29088.0,0.115169,252567.965338,252936.0,1.0,2,43.397288,66244.65408,66244.65408,487025.62837489997,1344283.7018955,74612.6093156,1449322.6728466,10021903.408052599,0,0,0
Z3,23,4,720,29840.0,0.115222,258978.320112,259472.0,1.0,2,43.397288,67526.725035,67526.725035,487025.62837489997,1344283.7018955,74612.6093156,1449322.6728466,10021903.408052599,0,0,0
Z3,24,4,720,17200.0,0.115158,149360.009726,149560.0,1.0,2,43.397288,45603.062958,45603.062958,487025.62837489997,1344283.7018955,74612.6093156,1449322.6728466,10021903.408052599,0,0,0
Z3,25,4,720,25664.0,0.115373,222443.726002,223160.0,1.0,2,43.397288,60219.806213,60219.806213,487025.62837489997,1344283.7018955,74612.6093156,1449322.6728466,10021903.408052599,0,0,0
Z3,26,4,720,26808.0,0.114983,233147.508762,235152.0,1.0,2,43.397288,62360.562765,62360.562765,487025.62837489997,1344283.7018955,74612.6093156,1449322.6728466,10021903.408052599,0,0,0
Z3,27,4,720,17472.0,0.124172,140708.050124,140896.0,1.0,2,43.397288,43872.671037,43872.671037,487025.62837489997,1344283.7018955,74612.6093156,1449322.6728466,10021903.408052599,0,0,0
Z3,28,4,720,6448.0,0.114993,56072.978355,56560.0,1.0,2,43.397288,26945.656684,26945.656684,487025.62837489997,1344283.7018955,74612.6093156,1449322.6728466,10021903.408052599,0,0,0
Z3,29,4,720,7200.0,0.184885,38943.126809,39128.0,1.0,2,43.397288,23519.686374,23519.686374,487025.62837489997,1344283.7018955,74612.6093156,1449322.6728466,10021903.408052599,0,0,0
Z3,30,4,720,7520.0,0.115014,65383.344636,65384.0,1.0,2,43.397288,28807.72994,28807.72994,487025.62837489997,1344283.7018955,74612.6093156,1449322.6728466,10021903.408052599,0,0,0
Z3,31,4,720,6728.0,0.11483,58590.96055,59016.0,1.0,2,43.397288,27449.253123,27449.253123,487025.62837489997,1344283.7018955,74612.6093156,1449322.6728466,10021903.408052599,0,0,0
Z3,32,4,720,7224.0,0.172015,41996.337529,42000.0,1.0,2,43.397288,24130.328518,24130.328518,487025.62837489997,1344283.7018955,74612.6093156,1449322.6728466,10021903.408052599,0,0,0
Z3,33,4,720,7256.0,0.114939,63129.138065,63648.0,1.0,2,43.397288,28356.888625,28356.888625,487025.62837489997,1344283.7018955,74612.6093156,1449322.6728466,10021903.408052599,0,0,0
Z3,34,4,720,6544.0,0.183419,35677.874157,35752.0,1.0,2,43.397288,22866.635844,22866.635844,487025.62837489997,1344283.7018955,74612.6093156,1449322.6728466,10021903.408052599,0,0,0
Z3,35,4,720,12272.0,0.115023,106691.705137,106712.0,1.0,2,43.397288,37069.40204,37069.40204,487025.62837489997,1344283.7018955,74612.6093156,1449322.6728466,10021903.408052599,0,0,0
Z3,36,4,720,8544.0,0.115061,74256.264069,74288.0,1.0,2,43.397288,30582.313826,30582.313826,487025.62837489997,1344283.7018955,74612.6093156,1449322.6728466,10021903.408052599,0,0,0
Z3,37,4,720,6424.0,0.115238,55745.500616,55856.0,1.0,2,43.397288,26880.161136,26880.161136,487025.62837489997,1344283.7018955,74612.6093156,1449322.6728466,10021903.408052599,0,0,0
Z3,38,4,720,6872.0,0.115124,59692.158021,59752.0,1.0,2,43.397288,27669.492617,27669.492617,487025.62837489997,1344283.7018955,74612.6093156,1449322.6728466,10021903.408052599,0,0,0
