Zone, Tile_no, Seg_no, Reso, Seg_d_size, Seg_d_time, Bitrate, Bitrate1, Buf_lev, Buf_limit, Elapsed, Ref_vp, Local_avg,QoE,QoE1,Z1,Z2,Z3,delay,jitter,loss
Z1,0,1, 720,9960.0,0.171059,58225.524527,58240.0,1.0,2,6.6e-05,58225.524527,58225.524527,8453284.2184727,25539528.337299403,1004988.6662225,25832640.5070565,196695081.6953235,50,0,0
Z2,0,1, 720,8952.0,0.171823,52100.126293,52344.0,1.0,2,6.6e-05,26050.063146,26050.063146,8453284.2184727,25539528.337299403,1004988.6662225,25832640.5070565,196695081.6953235,50,0,0
Z2,1,1, 720,5424.0,0.050853,106660.374019,108480.0,1.0,2,6.6e-05,35553.458006,35553.458006,8453284.2184727,25539528.337299403,1004988.6662225,25832640.5070565,196695081.6953235,50,0,0
Z2,2,1, 720,7080.0,0.050874,139167.354641,141600.0,1.0,2,6.6e-05,34791.83866,34791.83866,8453284.2184727,25539528.337299403,1004988.6662225,25832640.5070565,196695081.6953235,50,0,0
Z2,3,1, 720,18976.0,0.051018,371947.155906,372072.0,1.0,2,6.6e-05,74389.431181,74389.431181,8453284.2184727,25539528.337299403,1004988.6662225,25832640.5070565,196695081.6953235,50,0,0
Z2,4,1, 720,8720.0,0.050959,171117.957574,174400.0,1.0,2,6.6e-05,34223.591515,34223.591515,8453284.2184727,25539528.337299403,1004988.6662225,25832640.5070565,196695081.6953235,50,0,0
Z2,5,1, 720,8336.0,0.050952,163604.961532,166720.0,1.0,2,6.6e-05,32720.992306,32720.992306,8453284.2184727,25539528.337299403,1004988.6662225,25832640.5070565,196695081.6953235,50,0,0
Z2,6,1, 720,6376.0,0.050883,125307.07702,127520.0,1.0,2,6.6e-05,25061.415404,25061.415404,8453284.2184727,25539528.337299403,1004988.6662225,25832640.5070565,196695081.6953235,50,0,0
Z2,7,1, 720,6872.0,0.050862,135110.691676,137440.0,1.0,2,6.6e-05,27022.138335,27022.138335,8453284.2184727,25539528.337299403,1004988.6662225,25832640.5070565,196695081.6953235,50,0,0
Z3,0,1, 720,7080.0,0.172431,41059.902222,41160.0,1.0,2,6.6e-05,8211.980444,8211.980444,8453284.2184727,25539528.337299403,1004988.6662225,25832640.5070565,196695081.6953235,50,0,0
Z3,1,1, 720,7080.0,0.050867,139186.505986,141600.0,1.0,2,6.6e-05,27837.301197,27837.301197,8453284.2184727,25539528.337299403,1004988.6662225,25832640.5070565,196695081.6953235,50,0,0
Z3,2,1, 720,5664.0,0.050933,111204.916263,113280.0,1.0,2,6.6e-05,22240.983253,22240.983253,8453284.2184727,25539528.337299403,1004988.6662225,25832640.5070565,196695081.6953235,50,0,0
Z3,3,1, 720,7080.0,0.050947,138967.947082,141600.0,1.0,2,6.6e-05,27793.589416,27793.589416,8453284.2184727,25539528.337299403,1004988.6662225,25832640.5070565,196695081.6953235,50,0,0
Z3,4,1, 720,7080.0,0.051011,138793.593539,138816.0,1.0,2,6.6e-05,27758.718708,27758.718708,8453284.2184727,25539528.337299403,1004988.6662225,25832640.5070565,196695081.6953235,50,0,0
Z3,5,1, 720,5664.0,0.051008,111041.40527,111056.0,1.0,2,6.6e-05,22208.281054,22208.281054,8453284.2184727,25539528.337299403,1004988.6662225,25832640.5070565,196695081.6953235,50,0,0
Z3,6,1, 720,7080.0,0.050966,138916.140172,141600.0,1.0,2,6.6e-05,27783.228034,27783.228034,8453284.2184727,25539528.337299403,1004988.6662225,25832640.5070565,196695081.6953235,50,0,0
Z3,7,1, 720,7080.0,0.051,138823.529412,138816.0,1.0,2,6.6e-05,27764.705882,27764.705882,8453284.2184727,25539528.337299403,1004988.6662225,25832640.5070565,196695081.6953235,50,0,0
Z3,8,1, 720,5664.0,0.05099,111080.60404,113280.0,1.0,2,6.6e-05,22216.120808,22216.120808,8453284.2184727,25539528.337299403,1004988.6662225,25832640.5070565,196695081.6953235,50,0,0
Z3,9,1, 720,7080.0,0.051017,138777.270322,138816.0,1.0,2,6.6e-05,27755.454064,27755.454064,8453284.2184727,25539528.337299403,1004988.6662225,25832640.5070565,196695081.6953235,50,0,0
Z3,10,1, 720,12904.0,0.051028,252880.771341,253016.0,1.0,2,6.6e-05,50576.154268,50576.154268,8453284.2184727,25539528.337299403,1004988.6662225,25832640.5070565,196695081.6953235,50,0,0
Z3,11,1, 720,17344.0,0.051025,339911.807937,340072.0,1.0,2,6.6e-05,67982.361587,67982.361587,8453284.2184727,25539528.337299403,1004988.6662225,25832640.5070565,196695081.6953235,50,0,0
Z3,12,1, 720,16912.0,0.051024,331451.865789,331600.0,1.0,2,6.6e-05,66290.373158,66290.373158,8453284.2184727,25539528.337299403,1004988.6662225,25832640.5070565,196695081.6953235,50,0,0
Z3,13,1, 720,13240.0,0.051047,259368.816973,259600.0,1.0,2,6.6e-05,51873.763395,51873.763395,8453284.2184727,25539528.337299403,1004988.6662225,25832640.5070565,196695081.6953235,50,0,0
Z3,14,1, 720,28328.0,0.051057,554830.875296,555448.0,1.0,2,6.6e-05,110966.175059,110966.175059,8453284.2184727,25539528.337299403,1004988.6662225,25832640.5070565,196695081.6953235,50,0,0
Z3,15,1, 720,30528.0,0.050995,598646.926169,610560.0,1.0,2,6.6e-05,119729.385234,119729.385234,8453284.2184727,25539528.337299403,1004988.6662225,25832640.5070565,196695081.6953235,50,0,0
Z3,16,1, 720,16360.0,0.051046,320495.239588,320784.0,1.0,2,6.6e-05,64099.047918,64099.047918,8453284.2184727,25539528.337299403,1004988.6662225,25832640.5070565,196695081.6953235,50,0,0
Z3,17,1, 720,33216.0,0.051142,649485.745571,651288.0,1.0,2,6.6e-05,129897.149114,129897.149114,8453284.2184727,25539528.337299403,1004988.6662225,25832640.5070565,196695081.6953235,50,0,0
Z3,18,1, 720,28000.0,0.051097,547977.376363,549016.0,1.0,2,6.6e-05,109595.475273,109595.475273,8453284.2184727,25539528.337299403,1004988.6662225,25832640.5070565,196695081.6953235,50,0,0
Z3,19,1, 720,15744.0,0.051003,308687.724252,308704.0,1.0,2,6.6e-05,61737.54485,61737.54485,8453284.2184727,25539528.337299403,1004988.6662225,25832640.5070565,196695081.6953235,50,0,0
Z3,20,1, 720,16024.0,0.051087,313661.00965,314192.0,1.0,2,6.6e-05,62732.20193,62732.20193,8453284.2184727,25539528.337299403,1004988.6662225,25832640.5070565,196695081.6953235,50,0,0
Z3,21,1, 720,11576.0,0.051072,226660.401003,226976.0,1.0,2,6.6e-05,45332.080201,45332.080201,8453284.2184727,25539528.337299403,1004988.6662225,25832640.5070565,196695081.6953235,50,0,0
Z3,22,1, 720,10816.0,0.05103,211953.752694,212072.0,1.0,2,6.6e-05,42390.750539,42390.750539,8453284.2184727,25539528.337299403,1004988.6662225,25832640.5070565,196695081.6953235,50,0,0
Z3,23,1, 720,13224.0,0.051081,258882.950608,259288.0,1.0,2,6.6e-05,51776.590122,51776.590122,8453284.2184727,25539528.337299403,1004988.6662225,25832640.5070565,196695081.6953235,50,0,0
Z3,24,1, 720,17528.0,0.051031,343477.494072,343680.0,1.0,2,6.6e-05,68695.498814,68695.498814,8453284.2184727,25539528.337299403,1004988.6662225,25832640.5070565,196695081.6953235,50,0,0
Z3,25,1, 720,23824.0,0.051134,465913.091094,467136.0,1.0,2,6.6e-05,93182.618219,93182.618219,8453284.2184727,25539528.337299403,1004988.6662225,25832640.5070565,196695081.6953235,50,0,0
Z3,26,1, 720,11024.0,0.051059,215907.087879,216152.0,1.0,2,6.6e-05,43181.417576,43181.417576,8453284.2184727,25539528.337299403,1004988.6662225,25832640.5070565,196695081.6953235,50,0,0
Z3,27,1, 720,15112.0,0.051095,295762.794794,296312.0,1.0,2,6.6e-05,59152.558959,59152.558959,8453284.2184727,25539528.337299403,1004988.6662225,25832640.5070565,196695081.6953235,50,0,0
Z3,28,1, 720,24552.0,0.051112,480356.863359,481408.0,1.0,2,6.6e-05,96071.372672,96071.372672,8453284.2184727,25539528.337299403,1004988.6662225,25832640.5070565,196695081.6953235,50,0,0
Z3,29,1, 720,10824.0,0.051009,212197.847439,212232.0,1.0,2,6.6e-05,42439.569488,42439.569488,8453284.2184727,25539528.337299403,1004988.6662225,25832640.5070565,196695081.6953235,50,0,0
Z3,30,1, 720,6872.0,0.051079,134536.698056,134744.0,1.0,2,6.6e-05,26907.339611,26907.339611,8453284.2184727,25539528.337299403,1004988.6662225,25832640.5070565,196695081.6953235,50,0,0
Z3,31,1, 720,6872.0,0.050974,134813.826657,137440.0,1.0,2,6.6e-05,26962.765331,26962.765331,8453284.2184727,25539528.337299403,1004988.6662225,25832640.5070565,196695081.6953235,50,0,0
Z3,32,1, 720,6376.0,0.051006,125004.901384,125016.0,1.0,2,6.6e-05,25000.980277,25000.980277,8453284.2184727,25539528.337299403,1004988.6662225,25832640.5070565,196695081.6953235,50,0,0
Z3,33,1, 720,6872.0,0.051017,134700.197973,134744.0,1.0,2,6.6e-05,26940.039595,26940.039595,8453284.2184727,25539528.337299403,1004988.6662225,25832640.5070565,196695081.6953235,50,0,0
Z3,34,1, 720,6872.0,0.050974,134813.826657,137440.0,1.0,2,6.6e-05,26962.765331,26962.765331,8453284.2184727,25539528.337299403,1004988.6662225,25832640.5070565,196695081.6953235,50,0,0
Z3,35,1, 720,6376.0,0.050931,125188.981171,127520.0,1.0,2,6.6e-05,25037.796234,25037.796234,8453284.2184727,25539528.337299403,1004988.6662225,25832640.5070565,196695081.6953235,50,0,0
Z3,36,1, 720,6872.0,0.050977,134805.892854,137440.0,1.0,2,6.6e-05,26961.178571,26961.178571,8453284.2184727,25539528.337299403,1004988.6662225,25832640.5070565,196695081.6953235,50,0,0
Z3,37,1, 720,6872.0,0.050987,134779.453586,137440.0,1.0,2,6.6e-05,26955.890717,26955.890717,8453284.2184727,25539528.337299403,1004988.6662225,25832640.5070565,196695081.6953235,50,0,0
Z3,38,1, 720,6376.0,0.050997,125026.96237,127520.0,1.0,2,6.6e-05,25005.392474,25005.392474,8453284.2184727,25539528.337299403,1004988.6662225,25832640.5070565,196695081.6953235,50,0,0
Z1,0,2, 720,18392.0,0.17165,107148.266822,107552.0,1.0,2,2.816961,46435.045838,46435.045838,8453284.2184727,25539528.337299403,1004988.6662225,25832640.5070565,196695081.6953235,50,0,0
Z2,0,2, 720,7080.0,0.172987,40927.931001,41160.0,1.0,2,2.816961,33190.978674,33190.978674,8453284.2184727,25539528.337299403,1004988.6662225,25832640.5070565,196695081.6953235,50,0,0
Z2,1,2, 720,12648.0,0.0509,248487.229862,252960.0,1.0,2,2.816961,74702.838447,74702.838447,8453284.2184727,25539528.337299403,1004988.6662225,25832640.5070565,196695081.6953235,50,0,0
Z2,2,2, 720,15344.0,0.050952,301146.176794,306880.0,1.0,2,2.816961,85234.627833,85234.627833,8453284.2184727,25539528.337299403,1004988.6662225,25832640.5070565,196695081.6953235,50,0,0
Z2,3,2, 720,9160.0,0.050769,180425.062538,183200.0,1.0,2,2.816961,61090.404982,61090.404982,8453284.2184727,25539528.337299403,1004988.6662225,25832640.5070565,196695081.6953235,50,0,0
Z2,4,2, 720,8048.0,0.050794,158443.910698,160960.0,1.0,2,2.816961,56694.174614,56694.174614,8453284.2184727,25539528.337299403,1004988.6662225,25832640.5070565,196695081.6953235,50,0,0
Z2,5,2, 720,9320.0,0.050914,183053.776957,186400.0,1.0,2,2.816961,61616.147866,61616.147866,8453284.2184727,25539528.337299403,1004988.6662225,25832640.5070565,196695081.6953235,50,0,0
Z2,6,2, 720,6376.0,0.050829,125440.20146,127520.0,1.0,2,2.816961,50093.432766,50093.432766,8453284.2184727,25539528.337299403,1004988.6662225,25832640.5070565,196695081.6953235,50,0,0
Z2,7,2, 720,6872.0,0.050826,135206.39043,137440.0,1.0,2,2.816961,52046.67056,52046.67056,8453284.2184727,25539528.337299403,1004988.6662225,25832640.5070565,196695081.6953235,50,0,0
Z3,0,2, 720,6624.0,0.1718,38556.461001,38736.0,1.0,2,2.816961,32716.684674,32716.684674,8453284.2184727,25539528.337299403,1004988.6662225,25832640.5070565,196695081.6953235,50,0,0
Z3,1,2, 720,5424.0,0.050923,106513.756063,108480.0,1.0,2,2.816961,46308.143687,46308.143687,8453284.2184727,25539528.337299403,1004988.6662225,25832640.5070565,196695081.6953235,50,0,0
Z3,2,2, 720,7080.0,0.050878,139156.413381,141600.0,1.0,2,2.816961,52836.67515,52836.67515,8453284.2184727,25539528.337299403,1004988.6662225,25832640.5070565,196695081.6953235,50,0,0
Z3,3,2, 720,7080.0,0.050945,138973.402689,141600.0,1.0,2,2.816961,52800.073012,52800.073012,8453284.2184727,25539528.337299403,1004988.6662225,25832640.5070565,196695081.6953235,50,0,0
Z3,4,2, 720,5664.0,0.050767,111568.538618,113280.0,1.0,2,2.816961,47319.100198,47319.100198,8453284.2184727,25539528.337299403,1004988.6662225,25832640.5070565,196695081.6953235,50,0,0
Z3,5,2, 720,7080.0,0.050782,139419.479343,141600.0,1.0,2,2.816961,52889.288343,52889.288343,8453284.2184727,25539528.337299403,1004988.6662225,25832640.5070565,196695081.6953235,50,0,0
Z3,6,2, 720,7080.0,0.050781,139422.224848,141600.0,1.0,2,2.816961,52889.837444,52889.837444,8453284.2184727,25539528.337299403,1004988.6662225,25832640.5070565,196695081.6953235,50,0,0
Z3,7,2, 720,5664.0,0.050829,111432.449979,113280.0,1.0,2,2.816961,47291.88247,47291.88247,8453284.2184727,25539528.337299403,1004988.6662225,25832640.5070565,196695081.6953235,50,0,0
Z3,8,2, 720,7080.0,0.050856,139216.611609,141600.0,1.0,2,2.816961,52848.714796,52848.714796,8453284.2184727,25539528.337299403,1004988.6662225,25832640.5070565,196695081.6953235,50,0,0
Z3,9,2, 720,7080.0,0.050823,139307.00667,141600.0,1.0,2,2.816961,52866.793808,52866.793808,8453284.2184727,25539528.337299403,1004988.6662225,25832640.5070565,196695081.6953235,50,0,0
Z3,10,2, 720,5664.0,0.050841,111406.148581,113280.0,1.0,2,2.816961,47286.62219,47286.62219,8453284.2184727,25539528.337299403,1004988.6662225,25832640.5070565,196695081.6953235,50,0,0
Z3,11,2, 720,7080.0,0.050806,139353.619651,141600.0,1.0,2,2.816961,52876.116404,52876.116404,8453284.2184727,25539528.337299403,1004988.6662225,25832640.5070565,196695081.6953235,50,0,0
Z3,12,2, 720,17112.0,0.050898,336201.815395,342240.0,1.0,2,2.816961,92245.755553,92245.755553,8453284.2184727,25539528.337299403,1004988.6662225,25832640.5070565,196695081.6953235,50,0,0
Z3,13,2, 720,15320.0,0.050811,301509.515656,306400.0,1.0,2,2.816961,85307.295605,85307.295605,8453284.2184727,25539528.337299403,1004988.6662225,25832640.5070565,196695081.6953235,50,0,0
Z3,14,2, 720,10704.0,0.050879,210381.493347,214080.0,1.0,2,2.816961,67081.691143,67081.691143,8453284.2184727,25539528.337299403,1004988.6662225,25832640.5070565,196695081.6953235,50,0,0
Z3,15,2, 720,18776.0,0.050827,369409.959274,375520.0,1.0,2,2.816961,98887.384329,98887.384329,8453284.2184727,25539528.337299403,1004988.6662225,25832640.5070565,196695081.6953235,50,0,0
Z3,16,2, 720,21848.0,0.050965,428686.35338,436960.0,1.0,2,2.816961,110742.66315,110742.66315,8453284.2184727,25539528.337299403,1004988.6662225,25832640.5070565,196695081.6953235,50,0,0
Z3,17,2, 720,12752.0,0.050898,250540.296279,255040.0,1.0,2,2.816961,75113.45173,75113.45173,8453284.2184727,25539528.337299403,1004988.6662225,25832640.5070565,196695081.6953235,50,0,0
Z3,18,2, 720,21856.0,0.050907,429331.91899,437120.0,1.0,2,2.816961,110871.776272,110871.776272,8453284.2184727,25539528.337299403,1004988.6662225,25832640.5070565,196695081.6953235,50,0,0
Z3,19,2, 720,16880.0,0.050909,331572.020664,337600.0,1.0,2,2.816961,91319.796607,91319.796607,8453284.2184727,25539528.337299403,1004988.6662225,25832640.5070565,196695081.6953235,50,0,0
Z3,20,2, 720,12128.0,0.050799,238744.857182,242560.0,1.0,2,2.816961,72754.363911,72754.363911,8453284.2184727,25539528.337299403,1004988.6662225,25832640.5070565,196695081.6953235,50,0,0
Z3,21,2, 720,11592.0,0.050852,227955.635963,231840.0,1.0,2,2.816961,70596.519667,70596.519667,8453284.2184727,25539528.337299403,1004988.6662225,25832640.5070565,196695081.6953235,50,0,0
Z3,22,2, 720,9952.0,0.050933,195393.948913,199040.0,1.0,2,2.816961,64084.182257,64084.182257,8453284.2184727,25539528.337299403,1004988.6662225,25832640.5070565,196695081.6953235,50,0,0
Z3,23,2, 720,11064.0,0.050835,217645.323104,221280.0,1.0,2,2.816961,68534.457095,68534.457095,8453284.2184727,25539528.337299403,1004988.6662225,25832640.5070565,196695081.6953235,50,0,0
Z3,24,2, 720,14728.0,0.05077,290092.574355,294560.0,1.0,2,2.816961,83023.907345,83023.907345,8453284.2184727,25539528.337299403,1004988.6662225,25832640.5070565,196695081.6953235,50,0,0
Z3,25,2, 720,16264.0,0.050856,319804.939437,325280.0,1.0,2,2.816961,88966.380361,88966.380361,8453284.2184727,25539528.337299403,1004988.6662225,25832640.5070565,196695081.6953235,50,0,0
Z3,26,2, 720,9504.0,0.050877,186803.467186,190080.0,1.0,2,2.816961,62366.085911,62366.085911,8453284.2184727,25539528.337299403,1004988.6662225,25832640.5070565,196695081.6953235,50,0,0
Z3,27,2, 720,12688.0,0.050918,249184.96406,253760.0,1.0,2,2.816961,74842.385286,74842.385286,8453284.2184727,25539528.337299403,1004988.6662225,25832640.5070565,196695081.6953235,50,0,0
Z3,28,2, 720,17320.0,0.050848,340623.033354,346400.0,1.0,2,2.816961,93129.999145,93129.999145,8453284.2184727,25539528.337299403,1004988.6662225,25832640.5070565,196695081.6953235,50,0,0
Z3,29,2, 720,10632.0,0.050866,209019.777454,212640.0,1.0,2,2.816961,66809.347965,66809.347965,8453284.2184727,25539528.337299403,1004988.6662225,25832640.5070565,196695081.6953235,50,0,0
Z3,30,2, 720,6872.0,0.050883,135054.929937,137440.0,1.0,2,2.816961,52016.378462,52016.378462,8453284.2184727,25539528.337299403,1004988.6662225,25832640.5070565,196695081.6953235,50,0,0
Z3,31,2, 720,6872.0,0.050844,135158.524113,137440.0,1.0,2,2.816961,52037.097297,52037.097297,8453284.2184727,25539528.337299403,1004988.6662225,25832640.5070565,196695081.6953235,50,0,0
Z3,32,2, 720,6376.0,0.050729,125687.476591,127520.0,1.0,2,2.816961,50142.887792,50142.887792,8453284.2184727,25539528.337299403,1004988.6662225,25832640.5070565,196695081.6953235,50,0,0
Z3,33,2, 720,6872.0,0.050846,135153.207725,137440.0,1.0,2,2.816961,52036.034019,52036.034019,8453284.2184727,25539528.337299403,1004988.6662225,25832640.5070565,196695081.6953235,50,0,0
Z3,34,2, 720,6872.0,0.050892,135031.046137,137440.0,1.0,2,2.816961,52011.601701,52011.601701,8453284.2184727,25539528.337299403,1004988.6662225,25832640.5070565,196695081.6953235,50,0,0
Z3,35,2, 720,6376.0,0.050856,125373.603901,127520.0,1.0,2,2.816961,50080.113254,50080.113254,8453284.2184727,25539528.337299403,1004988.6662225,25832640.5070565,196695081.6953235,50,0,0
Z3,36,2, 720,6872.0,0.050947,134885.272931,137440.0,1.0,2,2.816961,51982.44706,51982.44706,8453284.2184727,25539528.337299403,1004988.6662225,25832640.5070565,196695081.6953235,50,0,0
Z3,37,2, 720,6872.0,0.050922,134951.494442,137440.0,1.0,2,2.816961,51995.691363,51995.691363,8453284.2184727,25539528.337299403,1004988.6662225,25832640.5070565,196695081.6953235,50,0,0
Z3,38,2, 720,6376.0,0.050982,125063.747989,127520.0,1.0,2,2.816961,50018.142072,50018.142072,8453284.2184727,25539528.337299403,1004988.6662225,25832640.5070565,196695081.6953235,50,0,0
Z1,0,3, 720,9896.0,0.173126,57160.68066,57200.0,1.0,2,5.629022,61450.278204,61450.278204,8453284.2184727,25539528.337299403,1004988.6662225,25832640.5070565,196695081.6953235,50,0,0
Z2,0,3, 720,6624.0,0.173788,38115.404976,38288.0,1.0,2,5.629022,57641.223067,57641.223067,8453284.2184727,25539528.337299403,1004988.6662225,25832640.5070565,196695081.6953235,50,0,0
Z2,1,3, 720,5424.0,0.051052,106244.613335,106352.0,1.0,2,5.629022,71267.064739,71267.064739,8453284.2184727,25539528.337299403,1004988.6662225,25832640.5070565,196695081.6953235,50,0,0
Z2,2,3, 720,7080.0,0.051158,138394.776965,138816.0,1.0,2,5.629022,77697.097465,77697.097465,8453284.2184727,25539528.337299403,1004988.6662225,25832640.5070565,196695081.6953235,50,0,0
Z2,3,3, 720,18632.0,0.051101,364611.260054,365328.0,1.0,2,5.629022,122940.394083,122940.394083,8453284.2184727,25539528.337299403,1004988.6662225,25832640.5070565,196695081.6953235,50,0,0
Z2,4,3, 720,9664.0,0.050889,189903.515495,193280.0,1.0,2,5.629022,87998.845171,87998.845171,8453284.2184727,25539528.337299403,1004988.6662225,25832640.5070565,196695081.6953235,50,0,0
Z2,5,3, 720,8424.0,0.050942,165364.532213,168480.0,1.0,2,5.629022,83091.048515,83091.048515,8453284.2184727,25539528.337299403,1004988.6662225,25832640.5070565,196695081.6953235,50,0,0
Z2,6,3, 720,6376.0,0.050908,125245.540976,127520.0,1.0,2,5.629022,75067.250267,75067.250267,8453284.2184727,25539528.337299403,1004988.6662225,25832640.5070565,196695081.6953235,50,0,0
Z2,7,3, 720,6872.0,0.050894,135025.739773,137440.0,1.0,2,5.629022,77023.290027,77023.290027,8453284.2184727,25539528.337299403,1004988.6662225,25832640.5070565,196695081.6953235,50,0,0
Z3,0,3, 720,7080.0,0.171569,41266.196108,41400.0,1.0,2,5.629022,58271.381294,58271.381294,8453284.2184727,25539528.337299403,1004988.6662225,25832640.5070565,196695081.6953235,50,0,0
Z3,1,3, 720,7080.0,0.050941,138984.315188,141600.0,1.0,2,5.629022,77815.00511,77815.00511,8453284.2184727,25539528.337299403,1004988.6662225,25832640.5070565,196695081.6953235,50,0,0
Z3,2,3, 720,5664.0,0.050927,111218.017947,113280.0,1.0,2,5.629022,72261.745661,72261.745661,8453284.2184727,25539528.337299403,1004988.6662225,25832640.5070565,196695081.6953235,50,0,0
Z3,3,3, 720,7080.0,0.05088,139150.943396,141600.0,1.0,2,5.629022,77848.330751,77848.330751,8453284.2184727,25539528.337299403,1004988.6662225,25832640.5070565,196695081.6953235,50,0,0
Z3,4,3, 720,7080.0,0.050939,138989.77208,141600.0,1.0,2,5.629022,77816.096488,77816.096488,8453284.2184727,25539528.337299403,1004988.6662225,25832640.5070565,196695081.6953235,50,0,0
Z3,5,3, 720,5664.0,0.050875,111331.695332,113280.0,1.0,2,5.629022,72284.481138,72284.481138,8453284.2184727,25539528.337299403,1004988.6662225,25832640.5070565,196695081.6953235,50,0,0
Z3,6,3, 720,7080.0,0.050944,138976.130653,141600.0,1.0,2,5.629022,77813.368203,77813.368203,8453284.2184727,25539528.337299403,1004988.6662225,25832640.5070565,196695081.6953235,50,0,0
Z3,7,3, 720,7080.0,0.05094,138987.043581,141600.0,1.0,2,5.629022,77815.550788,77815.550788,8453284.2184727,25539528.337299403,1004988.6662225,25832640.5070565,196695081.6953235,50,0,0
Z3,8,3, 720,5664.0,0.050839,111410.531285,113280.0,1.0,2,5.629022,72300.248329,72300.248329,8453284.2184727,25539528.337299403,1004988.6662225,25832640.5070565,196695081.6953235,50,0,0
Z3,9,3, 720,7080.0,0.050955,138946.128937,141600.0,1.0,2,5.629022,77807.367859,77807.367859,8453284.2184727,25539528.337299403,1004988.6662225,25832640.5070565,196695081.6953235,50,0,0
Z3,10,3, 720,14120.0,0.05093,277243.275083,282400.0,1.0,2,5.629022,105466.797089,105466.797089,8453284.2184727,25539528.337299403,1004988.6662225,25832640.5070565,196695081.6953235,50,0,0
Z3,11,3, 720,17536.0,0.050951,344173.814057,350720.0,1.0,2,5.629022,118852.904883,118852.904883,8453284.2184727,25539528.337299403,1004988.6662225,25832640.5070565,196695081.6953235,50,0,0
Z3,12,3, 720,16008.0,0.051001,313876.198506,313880.0,1.0,2,5.629022,112793.381773,112793.381773,8453284.2184727,25539528.337299403,1004988.6662225,25832640.5070565,196695081.6953235,50,0,0
Z3,13,3, 720,10896.0,0.050995,213668.006667,217920.0,1.0,2,5.629022,92751.743405,92751.743405,8453284.2184727,25539528.337299403,1004988.6662225,25832640.5070565,196695081.6953235,50,0,0
Z3,14,3, 720,19720.0,0.051086,386015.738167,386664.0,1.0,2,5.629022,127221.289705,127221.289705,8453284.2184727,25539528.337299403,1004988.6662225,25832640.5070565,196695081.6953235,50,0,0
Z3,15,3, 720,20104.0,0.050972,394412.618693,402080.0,1.0,2,5.629022,128900.66581,128900.66581,8453284.2184727,25539528.337299403,1004988.6662225,25832640.5070565,196695081.6953235,50,0,0
Z3,16,3, 720,12504.0,0.050848,245909.376967,250080.0,1.0,2,5.629022,99200.017465,99200.017465,8453284.2184727,25539528.337299403,1004988.6662225,25832640.5070565,196695081.6953235,50,0,0
Z3,17,3, 720,23072.0,0.050929,453022.835712,461440.0,1.0,2,5.629022,140622.709214,140622.709214,8453284.2184727,25539528.337299403,1004988.6662225,25832640.5070565,196695081.6953235,50,0,0
Z3,18,3, 720,18112.0,0.050945,355520.659535,362240.0,1.0,2,5.629022,121122.273979,121122.273979,8453284.2184727,25539528.337299403,1004988.6662225,25832640.5070565,196695081.6953235,50,0,0
Z3,19,3, 720,12544.0,0.052772,237701.811567,241224.0,1.0,2,5.629022,97558.504385,97558.504385,8453284.2184727,25539528.337299403,1004988.6662225,25832640.5070565,196695081.6953235,50,0,0
Z3,20,3, 720,15304.0,0.050938,300443.676626,306080.0,1.0,2,5.629022,110106.877397,110106.877397,8453284.2184727,25539528.337299403,1004988.6662225,25832640.5070565,196695081.6953235,50,0,0
Z3,21,3, 720,12280.0,0.050786,241798.920962,245600.0,1.0,2,5.629022,98377.926264,98377.926264,8453284.2184727,25539528.337299403,1004988.6662225,25832640.5070565,196695081.6953235,50,0,0
Z3,22,3, 720,10368.0,0.050903,203681.511895,207360.0,1.0,2,5.629022,90754.444451,90754.444451,8453284.2184727,25539528.337299403,1004988.6662225,25832640.5070565,196695081.6953235,50,0,0
Z3,23,3, 720,10520.0,0.050875,206781.326781,210400.0,1.0,2,5.629022,91374.407428,91374.407428,8453284.2184727,25539528.337299403,1004988.6662225,25832640.5070565,196695081.6953235,50,0,0
Z3,24,3, 720,15288.0,0.050991,299817.614873,305760.0,1.0,2,5.629022,109981.665047,109981.665047,8453284.2184727,25539528.337299403,1004988.6662225,25832640.5070565,196695081.6953235,50,0,0
Z3,25,3, 720,16344.0,0.050918,320986.684473,326880.0,1.0,2,5.629022,114215.478967,114215.478967,8453284.2184727,25539528.337299403,1004988.6662225,25832640.5070565,196695081.6953235,50,0,0
Z3,26,3, 720,9016.0,0.050974,176874.485032,180320.0,1.0,2,5.629022,85393.039078,85393.039078,8453284.2184727,25539528.337299403,1004988.6662225,25832640.5070565,196695081.6953235,50,0,0
Z3,27,3, 720,13800.0,0.05084,271439.811172,276000.0,1.0,2,5.629022,104306.104306,104306.104306,8453284.2184727,25539528.337299403,1004988.6662225,25832640.5070565,196695081.6953235,50,0,0
Z3,28,3, 720,17664.0,0.050981,346482.022714,353280.0,1.0,2,5.629022,119314.546615,119314.546615,8453284.2184727,25539528.337299403,1004988.6662225,25832640.5070565,196695081.6953235,50,0,0
Z3,29,3, 720,10240.0,0.050925,201080.019637,204800.0,1.0,2,5.629022,90234.145999,90234.145999,8453284.2184727,25539528.337299403,1004988.6662225,25832640.5070565,196695081.6953235,50,0,0
Z3,30,3, 720,6872.0,0.050874,135078.822188,137440.0,1.0,2,5.629022,77033.90651,77033.90651,8453284.2184727,25539528.337299403,1004988.6662225,25832640.5070565,196695081.6953235,50,0,0
Z3,31,3, 720,6872.0,0.050951,134874.683519,137440.0,1.0,2,5.629022,76993.078776,76993.078776,8453284.2184727,25539528.337299403,1004988.6662225,25832640.5070565,196695081.6953235,50,0,0
Z3,32,3, 720,6376.0,0.050928,125196.355639,127520.0,1.0,2,5.629022,75057.4132,75057.4132,8453284.2184727,25539528.337299403,1004988.6662225,25832640.5070565,196695081.6953235,50,0,0
Z3,33,3, 720,6872.0,0.050827,135203.730301,137440.0,1.0,2,5.629022,77058.888132,77058.888132,8453284.2184727,25539528.337299403,1004988.6662225,25832640.5070565,196695081.6953235,50,0,0
Z3,34,3, 720,6872.0,0.050977,134805.892854,137440.0,1.0,2,5.629022,76979.320643,76979.320643,8453284.2184727,25539528.337299403,1004988.6662225,25832640.5070565,196695081.6953235,50,0,0
Z3,35,3, 720,6376.0,0.050798,125516.752628,127520.0,1.0,2,5.629022,75121.492598,75121.492598,8453284.2184727,25539528.337299403,1004988.6662225,25832640.5070565,196695081.6953235,50,0,0
Z3,36,3, 720,6872.0,0.050903,135001.866295,137440.0,1.0,2,5.629022,77018.515331,77018.515331,8453284.2184727,25539528.337299403,1004988.6662225,25832640.5070565,196695081.6953235,50,0,0
Z3,37,3, 720,6872.0,0.050926,134940.894631,137440.0,1.0,2,5.629022,77006.320998,77006.320998,8453284.2184727,25539528.337299403,1004988.6662225,25832640.5070565,196695081.6953235,50,0,0
Z3,38,3, 720,6376.0,0.050898,125270.148139,127520.0,1.0,2,5.629022,75072.1717,75072.1717,8453284.2184727,25539528.337299403,1004988.6662225,25832640.5070565,196695081.6953235,50,0,0
Z1,0,4, 720,22592.0,0.171707,131572.970234,132112.0,1.0,2,8.448745,101386.765747,101386.765747,8453284.2184727,25539528.337299403,1004988.6662225,25832640.5070565,196695081.6953235,50,0,0
Z2,0,4, 720,6624.0,0.173815,38109.484222,38288.0,1.0,2,8.448745,82694.068544,82694.068544,8453284.2184727,25539528.337299403,1004988.6662225,25832640.5070565,196695081.6953235,50,0,0
Z2,1,4, 720,6648.0,0.050826,130799.197261,132960.0,1.0,2,8.448745,101232.011152,101232.011152,8453284.2184727,25539528.337299403,1004988.6662225,25832640.5070565,196695081.6953235,50,0,0
Z2,2,4, 720,7200.0,0.050956,141298.375069,144000.0,1.0,2,8.448745,103331.846714,103331.846714,8453284.2184727,25539528.337299403,1004988.6662225,25832640.5070565,196695081.6953235,50,0,0
Z2,3,4, 720,7296.0,0.0509,143339.882122,145920.0,1.0,2,8.448745,103740.148124,103740.148124,8453284.2184727,25539528.337299403,1004988.6662225,25832640.5070565,196695081.6953235,50,0,0
Z2,4,4, 720,17272.0,0.050979,338806.175092,345440.0,1.0,2,8.448745,142833.406718,142833.406718,8453284.2184727,25539528.337299403,1004988.6662225,25832640.5070565,196695081.6953235,50,0,0
Z2,5,4, 720,26240.0,0.050995,514560.251005,524800.0,1.0,2,8.448745,177984.221901,177984.221901,8453284.2184727,25539528.337299403,1004988.6662225,25832640.5070565,196695081.6953235,50,0,0
Z2,6,4, 720,12720.0,0.051006,249382.425597,249408.0,1.0,2,8.448745,124948.656819,124948.656819,8453284.2184727,25539528.337299403,1004988.6662225,25832640.5070565,196695081.6953235,50,0,0
Z2,7,4, 720,11496.0,0.050948,225641.830886,229920.0,1.0,2,8.448745,120200.537877,120200.537877,8453284.2184727,25539528.337299403,1004988.6662225,25832640.5070565,196695081.6953235,50,0,0
Z3,0,4, 720,6448.0,0.172702,37335.989161,37488.0,1.0,2,8.448745,82539.369532,82539.369532,8453284.2184727,25539528.337299403,1004988.6662225,25832640.5070565,196695081.6953235,50,0,0
Z3,1,4, 720,7448.0,0.050947,146191.139812,148960.0,1.0,2,8.448745,104310.399662,104310.399662,8453284.2184727,25539528.337299403,1004988.6662225,25832640.5070565,196695081.6953235,50,0,0
Z3,2,4, 720,7424.0,0.05102,145511.564093,145568.0,1.0,2,8.448745,104174.484518,104174.484518,8453284.2184727,25539528.337299403,1004988.6662225,25832640.5070565,196695081.6953235,50,0,0
Z3,3,4, 720,6648.0,0.050969,130432.223508,132960.0,1.0,2,8.448745,101158.616402,101158.616402,8453284.2184727,25539528.337299403,1004988.6662225,25832640.5070565,196695081.6953235,50,0,0
Z3,4,4, 720,7224.0,0.051004,141635.950122,141640.0,1.0,2,8.448745,103399.361724,103399.361724,8453284.2184727,25539528.337299403,1004988.6662225,25832640.5070565,196695081.6953235,50,0,0
Z3,5,4, 720,7240.0,0.051,141960.784314,141960.0,1.0,2,8.448745,103464.328563,103464.328563,8453284.2184727,25539528.337299403,1004988.6662225,25832640.5070565,196695081.6953235,50,0,0
Z3,6,4, 720,6648.0,0.051011,130324.831899,130352.0,1.0,2,8.448745,101137.13808,101137.13808,8453284.2184727,25539528.337299403,1004988.6662225,25832640.5070565,196695081.6953235,50,0,0
Z3,7,4, 720,7232.0,0.05104,141692.789969,141800.0,1.0,2,8.448745,103410.729694,103410.729694,8453284.2184727,25539528.337299403,1004988.6662225,25832640.5070565,196695081.6953235,50,0,0
Z3,8,4, 720,7296.0,0.050995,143072.850279,145920.0,1.0,2,8.448745,103686.741756,103686.741756,8453284.2184727,25539528.337299403,1004988.6662225,25832640.5070565,196695081.6953235,50,0,0
Z3,9,4, 720,16456.0,0.051081,322155.008712,322664.0,1.0,2,8.448745,139503.173442,139503.173442,8453284.2184727,25539528.337299403,1004988.6662225,25832640.5070565,196695081.6953235,50,0,0
Z3,10,4, 720,25392.0,0.05108,497102.584182,497880.0,1.0,2,8.448745,174492.688536,174492.688536,8453284.2184727,25539528.337299403,1004988.6662225,25832640.5070565,196695081.6953235,50,0,0
Z3,11,4, 720,21592.0,0.051086,422659.828524,423368.0,1.0,2,8.448745,159604.137405,159604.137405,8453284.2184727,25539528.337299403,1004988.6662225,25832640.5070565,196695081.6953235,50,0,0
Z3,12,4, 720,13528.0,0.051046,265015.868041,265248.0,1.0,2,8.448745,128075.345308,128075.345308,8453284.2184727,25539528.337299403,1004988.6662225,25832640.5070565,196695081.6953235,50,0,0
Z3,13,4, 720,29512.0,0.051089,577658.595784,578664.0,1.0,2,8.448745,190603.890857,190603.890857,8453284.2184727,25539528.337299403,1004988.6662225,25832640.5070565,196695081.6953235,50,0,0
Z3,14,4, 720,29688.0,0.051122,580728.453503,582112.0,1.0,2,8.448745,191217.862401,191217.862401,8453284.2184727,25539528.337299403,1004988.6662225,25832640.5070565,196695081.6953235,50,0,0
Z3,15,4, 720,16760.0,0.051029,328440.690588,328624.0,1.0,2,8.448745,140760.309817,140760.309817,8453284.2184727,25539528.337299403,1004988.6662225,25832640.5070565,196695081.6953235,50,0,0
Z3,16,4, 720,33128.0,0.051104,648246.712586,649568.0,1.0,2,8.448745,204721.514217,204721.514217,8453284.2184727,25539528.337299403,1004988.6662225,25832640.5070565,196695081.6953235,50,0,0
Z3,17,4, 720,26248.0,0.051121,513448.484967,514664.0,1.0,2,8.448745,177761.868693,177761.868693,8453284.2184727,25539528.337299403,1004988.6662225,25832640.5070565,196695081.6953235,50,0,0
Z3,18,4, 720,14624.0,0.050986,286823.833994,292480.0,1.0,2,8.448745,132436.938499,132436.938499,8453284.2184727,25539528.337299403,1004988.6662225,25832640.5070565,196695081.6953235,50,0,0
Z3,19,4, 720,26816.0,0.051024,525556.600815,525800.0,1.0,2,8.448745,180183.491863,180183.491863,8453284.2184727,25539528.337299403,1004988.6662225,25832640.5070565,196695081.6953235,50,0,0
Z3,20,4, 720,23128.0,0.051091,452682.468537,453488.0,1.0,2,8.448745,165608.665407,165608.665407,8453284.2184727,25539528.337299403,1004988.6662225,25832640.5070565,196695081.6953235,50,0,0
Z3,21,4, 720,19440.0,0.05114,380132.968322,381176.0,1.0,2,8.448745,151098.765364,151098.765364,8453284.2184727,25539528.337299403,1004988.6662225,25832640.5070565,196695081.6953235,50,0,0
Z3,22,4, 720,29088.0,0.051081,569448.522934,570352.0,1.0,2,8.448745,188961.876287,188961.876287,8453284.2184727,25539528.337299403,1004988.6662225,25832640.5070565,196695081.6953235,50,0,0
Z3,23,4, 720,29840.0,0.051111,583827.356146,585096.0,1.0,2,8.448745,191837.642929,191837.642929,8453284.2184727,25539528.337299403,1004988.6662225,25832640.5070565,196695081.6953235,50,0,0
Z3,24,4, 720,17200.0,0.051031,337050.028414,337248.0,1.0,2,8.448745,142482.177383,142482.177383,8453284.2184727,25539528.337299403,1004988.6662225,25832640.5070565,196695081.6953235,50,0,0
Z3,25,4, 720,25664.0,0.051126,501975.511481,503208.0,1.0,2,8.448745,175467.273996,175467.273996,8453284.2184727,25539528.337299403,1004988.6662225,25832640.5070565,196695081.6953235,50,0,0
Z3,26,4, 720,26808.0,0.051053,525101.365248,525640.0,1.0,2,8.448745,180092.444749,180092.444749,8453284.2184727,25539528.337299403,1004988.6662225,25832640.5070565,196695081.6953235,50,0,0
Z3,27,4, 720,17472.0,0.050968,342803.327578,349440.0,1.0,2,8.448745,143632.837215,143632.837215,8453284.2184727,25539528.337299403,1004988.6662225,25832640.5070565,196695081.6953235,50,0,0
Z3,28,4, 720,6448.0,0.050923,126622.547768,128960.0,1.0,2,8.448745,100396.681253,100396.681253,8453284.2184727,25539528.337299403,1004988.6662225,25832640.5070565,196695081.6953235,50,0,0
Z3,29,4, 720,7200.0,0.051001,141173.702476,141176.0,1.0,2,8.448745,103306.912195,103306.912195,8453284.2184727,25539528.337299403,1004988.6662225,25832640.5070565,196695081.6953235,50,0,0
Z3,30,4, 720,7520.0,0.050958,147572.510695,150400.0,1.0,2,8.448745,104586.673839,104586.673839,8453284.2184727,25539528.337299403,1004988.6662225,25832640.5070565,196695081.6953235,50,0,0
Z3,31,4, 720,6728.0,0.050916,132139.209679,134560.0,1.0,2,8.448745,101500.013636,101500.013636,8453284.2184727,25539528.337299403,1004988.6662225,25832640.5070565,196695081.6953235,50,0,0
Z3,32,4, 720,7224.0,0.050819,142151.557488,144480.0,1.0,2,8.448745,103502.483198,103502.483198,8453284.2184727,25539528.337299403,1004988.6662225,25832640.5070565,196695081.6953235,50,0,0
Z3,33,4, 720,7256.0,0.050837,142730.688278,145120.0,1.0,2,8.448745,103618.309355,103618.309355,8453284.2184727,25539528.337299403,1004988.6662225,25832640.5070565,196695081.6953235,50,0,0
Z3,34,4, 720,6544.0,0.051194,127827.479783,128312.0,1.0,2,8.448745,100637.667656,100637.667656,8453284.2184727,25539528.337299403,1004988.6662225,25832640.5070565,196695081.6953235,50,0,0
Z3,35,4, 720,12272.0,0.05102,240533.124265,240624.0,1.0,2,8.448745,123178.796553,123178.796553,8453284.2184727,25539528.337299403,1004988.6662225,25832640.5070565,196695081.6953235,50,0,0
Z3,36,4, 720,8544.0,0.05089,167891.530753,170880.0,1.0,2,8.448745,108650.47785,108650.47785,8453284.2184727,25539528.337299403,1004988.6662225,25832640.5070565,196695081.6953235,50,0,0
Z3,37,4, 720,6424.0,0.050901,126205.771989,128480.0,1.0,2,8.448745,100313.326098,100313.326098,8453284.2184727,25539528.337299403,1004988.6662225,25832640.5070565,196695081.6953235,50,0,0
Z3,38,4, 720,6872.0,0.050956,134861.449093,137440.0,1.0,2,8.448745,102044.461519,102044.461519,8453284.2184727,25539528.337299403,1004988.6662225,25832640.5070565,196695081.6953235,50,0,0
Z1,0,5, 720,20272.0,0.175747,115347.630401,115840.0,1.0,2,11.268945,125113.987599,125113.987599,8453284.2184727,25539528.337299403,1004988.6662225,25832640.5070565,196695081.6953235,50,0,0
Z2,0,5, 720,6624.0,0.172215,38463.548471,38504.0,1.0,2,11.268945,109737.171213,109737.171213,8453284.2184727,25539528.337299403,1004988.6662225,25832640.5070565,196695081.6953235,50,0,0
Z2,1,5, 720,7616.0,0.050807,149900.604247,152320.0,1.0,2,11.268945,132024.582368,132024.582368,8453284.2184727,25539528.337299403,1004988.6662225,25832640.5070565,196695081.6953235,50,0,0
Z2,2,5, 720,8792.0,0.050875,172815.724816,175840.0,1.0,2,11.268945,136607.606482,136607.606482,8453284.2184727,25539528.337299403,1004988.6662225,25832640.5070565,196695081.6953235,50,0,0
Z2,3,5, 720,8816.0,0.050879,173273.845791,176320.0,1.0,2,11.268945,136699.230677,136699.230677,8453284.2184727,25539528.337299403,1004988.6662225,25832640.5070565,196695081.6953235,50,0,0
Z2,4,5, 720,14976.0,0.05102,293531.948256,293640.0,1.0,2,11.268945,160750.85117,160750.85117,8453284.2184727,25539528.337299403,1004988.6662225,25832640.5070565,196695081.6953235,50,0,0
Z2,5,5, 720,25312.0,0.051003,496284.532282,496312.0,1.0,2,11.268945,201301.367975,201301.367975,8453284.2184727,25539528.337299403,1004988.6662225,25832640.5070565,196695081.6953235,50,0,0
Z2,6,5, 720,13208.0,0.050953,259219.280513,264160.0,1.0,2,11.268945,153888.317621,153888.317621,8453284.2184727,25539528.337299403,1004988.6662225,25832640.5070565,196695081.6953235,50,0,0
Z2,7,5, 720,16320.0,0.050976,320150.659134,326400.0,1.0,2,11.268945,166074.593345,166074.593345,8453284.2184727,25539528.337299403,1004988.6662225,25832640.5070565,196695081.6953235,50,0,0
Z3,0,5, 720,7712.0,0.172864,44613.106257,44832.0,1.0,2,11.268945,110967.08277,110967.08277,8453284.2184727,25539528.337299403,1004988.6662225,25832640.5070565,196695081.6953235,50,0,0
Z3,1,5, 720,9624.0,0.051079,188414.025333,188704.0,1.0,2,11.268945,139727.266585,139727.266585,8453284.2184727,25539528.337299403,1004988.6662225,25832640.5070565,196695081.6953235,50,0,0
Z3,2,5, 720,9096.0,0.051035,178230.626041,178352.0,1.0,2,11.268945,137690.586727,137690.586727,8453284.2184727,25539528.337299403,1004988.6662225,25832640.5070565,196695081.6953235,50,0,0
Z3,3,5, 720,7632.0,0.051018,149594.260849,149640.0,1.0,2,11.268945,131963.313688,131963.313688,8453284.2184727,25539528.337299403,1004988.6662225,25832640.5070565,196695081.6953235,50,0,0
Z3,4,5, 720,8304.0,0.050936,163028.113711,166080.0,1.0,2,11.268945,134650.084261,134650.084261,8453284.2184727,25539528.337299403,1004988.6662225,25832640.5070565,196695081.6953235,50,0,0
Z3,5,5, 720,8504.0,0.051012,166705.873128,166744.0,1.0,2,11.268945,135385.636144,135385.636144,8453284.2184727,25539528.337299403,1004988.6662225,25832640.5070565,196695081.6953235,50,0,0
Z3,6,5, 720,7384.0,0.050934,144971.924451,147680.0,1.0,2,11.268945,131038.846409,131038.846409,8453284.2184727,25539528.337299403,1004988.6662225,25832640.5070565,196695081.6953235,50,0,0
Z3,7,5, 720,8968.0,0.050936,176064.080415,179360.0,1.0,2,11.268945,137257.277601,137257.277601,8453284.2184727,25539528.337299403,1004988.6662225,25832640.5070565,196695081.6953235,50,0,0
Z3,8,5, 720,8912.0,0.050975,174830.799411,178240.0,1.0,2,11.268945,137010.621401,137010.621401,8453284.2184727,25539528.337299403,1004988.6662225,25832640.5070565,196695081.6953235,50,0,0
Z3,9,5, 720,16688.0,0.051039,326965.653716,327208.0,1.0,2,11.268945,167437.592262,167437.592262,8453284.2184727,25539528.337299403,1004988.6662225,25832640.5070565,196695081.6953235,50,0,0
Z3,10,5, 720,23832.0,0.051057,466772.430813,467288.0,1.0,2,11.268945,195398.947681,195398.947681,8453284.2184727,25539528.337299403,1004988.6662225,25832640.5070565,196695081.6953235,50,0,0
Z3,11,5, 720,21144.0,0.050976,414783.427495,422880.0,1.0,2,11.268945,185001.147018,185001.147018,8453284.2184727,25539528.337299403,1004988.6662225,25832640.5070565,196695081.6953235,50,0,0
Z3,12,5, 720,14272.0,0.050957,280079.282532,285440.0,1.0,2,11.268945,158060.318025,158060.318025,8453284.2184727,25539528.337299403,1004988.6662225,25832640.5070565,196695081.6953235,50,0,0
Z3,13,5, 720,27640.0,0.051025,541695.247428,541960.0,1.0,2,11.268945,210383.511004,210383.511004,8453284.2184727,25539528.337299403,1004988.6662225,25832640.5070565,196695081.6953235,50,0,0
Z3,14,5, 720,33288.0,0.051189,650295.962023,652704.0,1.0,2,11.268945,232103.653923,232103.653923,8453284.2184727,25539528.337299403,1004988.6662225,25832640.5070565,196695081.6953235,50,0,0
Z3,15,5, 720,17576.0,0.050997,344647.724376,351520.0,1.0,2,11.268945,170974.006394,170974.006394,8453284.2184727,25539528.337299403,1004988.6662225,25832640.5070565,196695081.6953235,50,0,0
Z3,16,5, 720,34872.0,0.051041,683215.454243,683760.0,1.0,2,11.268945,238687.552367,238687.552367,8453284.2184727,25539528.337299403,1004988.6662225,25832640.5070565,196695081.6953235,50,0,0
Z3,17,5, 720,27336.0,0.051036,535621.913943,536000.0,1.0,2,11.268945,209168.844307,209168.844307,8453284.2184727,25539528.337299403,1004988.6662225,25832640.5070565,196695081.6953235,50,0,0
Z3,18,5, 720,18312.0,0.051014,358960.285412,359056.0,1.0,2,11.268945,173836.518601,173836.518601,8453284.2184727,25539528.337299403,1004988.6662225,25832640.5070565,196695081.6953235,50,0,0
Z3,19,5, 720,41432.0,0.05112,810485.13302,812392.0,1.0,2,11.268945,264141.488123,264141.488123,8453284.2184727,25539528.337299403,1004988.6662225,25832640.5070565,196695081.6953235,50,0,0
Z3,20,5, 720,36760.0,0.051188,718137.063374,720784.0,1.0,2,11.268945,245671.874193,245671.874193,8453284.2184727,25539528.337299403,1004988.6662225,25832640.5070565,196695081.6953235,50,0,0
Z3,21,5, 720,21272.0,0.051137,415980.60113,417096.0,1.0,2,11.268945,185240.581745,185240.581745,8453284.2184727,25539528.337299403,1004988.6662225,25832640.5070565,196695081.6953235,50,0,0
Z3,22,5, 720,43464.0,0.051116,850301.27553,852232.0,1.0,2,11.268945,272104.716625,272104.716625,8453284.2184727,25539528.337299403,1004988.6662225,25832640.5070565,196695081.6953235,50,0,0
Z3,23,5, 720,42000.0,0.051176,820697.201813,823528.0,1.0,2,11.268945,266183.901881,266183.901881,8453284.2184727,25539528.337299403,1004988.6662225,25832640.5070565,196695081.6953235,50,0,0
Z3,24,5, 720,20304.0,0.051152,396934.626212,398112.0,1.0,2,11.268945,181431.386761,181431.386761,8453284.2184727,25539528.337299403,1004988.6662225,25832640.5070565,196695081.6953235,50,0,0
Z3,25,5, 720,32736.0,0.051038,641404.443748,641880.0,1.0,2,11.268945,230325.350268,230325.350268,8453284.2184727,25539528.337299403,1004988.6662225,25832640.5070565,196695081.6953235,50,0,0
Z3,26,5, 720,34608.0,0.051034,678136.144531,678584.0,1.0,2,11.268945,237671.690425,237671.690425,8453284.2184727,25539528.337299403,1004988.6662225,25832640.5070565,196695081.6953235,50,0,0
Z3,27,5, 720,21272.0,0.050966,417376.290076,425440.0,1.0,2,11.268945,185519.719534,185519.719534,8453284.2184727,25539528.337299403,1004988.6662225,25832640.5070565,196695081.6953235,50,0,0
Z3,28,5, 720,8752.0,0.050917,171887.581751,175040.0,1.0,2,11.268945,136421.977869,136421.977869,8453284.2184727,25539528.337299403,1004988.6662225,25832640.5070565,196695081.6953235,50,0,0
Z3,29,5, 720,12760.0,0.05099,250245.146107,255200.0,1.0,2,11.268945,152093.49074,152093.49074,8453284.2184727,25539528.337299403,1004988.6662225,25832640.5070565,196695081.6953235,50,0,0
Z3,30,5, 720,15440.0,0.050916,303244.559667,308800.0,1.0,2,11.268945,162693.373452,162693.373452,8453284.2184727,25539528.337299403,1004988.6662225,25832640.5070565,196695081.6953235,50,0,0
Z3,31,5, 720,10000.0,0.050983,196143.812643,200000.0,1.0,2,11.268945,141273.224047,141273.224047,8453284.2184727,25539528.337299403,1004988.6662225,25832640.5070565,196695081.6953235,50,0,0
Z3,32,5, 720,15200.0,0.050996,298062.593145,304000.0,1.0,2,11.268945,161656.980147,161656.980147,8453284.2184727,25539528.337299403,1004988.6662225,25832640.5070565,196695081.6953235,50,0,0
Z3,33,5, 720,18352.0,0.050911,360472.196578,367040.0,1.0,2,11.268945,174138.900834,174138.900834,8453284.2184727,25539528.337299403,1004988.6662225,25832640.5070565,196695081.6953235,50,0,0
Z3,34,5, 720,11224.0,0.050956,220268.466913,224480.0,1.0,2,11.268945,146098.154901,146098.154901,8453284.2184727,25539528.337299403,1004988.6662225,25832640.5070565,196695081.6953235,50,0,0
Z3,35,5, 720,23240.0,0.050969,455963.428751,464800.0,1.0,2,11.268945,193237.147269,193237.147269,8453284.2184727,25539528.337299403,1004988.6662225,25832640.5070565,196695081.6953235,50,0,0
Z3,36,5, 720,16824.0,0.050948,330219.046871,336480.0,1.0,2,11.268945,168088.270893,168088.270893,8453284.2184727,25539528.337299403,1004988.6662225,25832640.5070565,196695081.6953235,50,0,0
Z3,37,5, 720,9680.0,0.050901,190173.081079,193600.0,1.0,2,11.268945,140079.077734,140079.077734,8453284.2184727,25539528.337299403,1004988.6662225,25832640.5070565,196695081.6953235,50,0,0
Z3,38,5, 720,12888.0,0.050923,253087.995601,257760.0,1.0,2,11.268945,152662.060639,152662.060639,8453284.2184727,25539528.337299403,1004988.6662225,25832640.5070565,196695081.6953235,50,0,0
Z1,0,6, 720,14912.0,0.178855,83374.800816,83768.0,1.0,2,14.092335,144331.628328,144331.628328,8453284.2184727,25539528.337299403,1004988.6662225,25832640.5070565,196695081.6953235,50,0,0
Z2,0,6, 720,6624.0,0.172093,38490.816012,38504.0,1.0,2,14.092335,135354.831367,135354.831367,8453284.2184727,25539528.337299403,1004988.6662225,25832640.5070565,196695081.6953235,50,0,0
Z2,1,6, 720,6768.0,0.050798,133233.591874,135360.0,1.0,2,14.092335,154303.386539,154303.386539,8453284.2184727,25539528.337299403,1004988.6662225,25832640.5070565,196695081.6953235,50,0,0
Z2,2,6, 720,7488.0,0.050907,147091.755554,149760.0,1.0,2,14.092335,157075.019276,157075.019276,8453284.2184727,25539528.337299403,1004988.6662225,25832640.5070565,196695081.6953235,50,0,0
Z2,3,6, 720,7752.0,0.050993,152020.865609,155040.0,1.0,2,14.092335,158060.841286,158060.841286,8453284.2184727,25539528.337299403,1004988.6662225,25832640.5070565,196695081.6953235,50,0,0
Z2,4,6, 720,10768.0,0.050964,211286.398242,215360.0,1.0,2,14.092335,169913.947813,169913.947813,8453284.2184727,25539528.337299403,1004988.6662225,25832640.5070565,196695081.6953235,50,0,0
Z2,5,6, 720,17456.0,0.050999,342281.2212,349120.0,1.0,2,14.092335,196112.912405,196112.912405,8453284.2184727,25539528.337299403,1004988.6662225,25832640.5070565,196695081.6953235,50,0,0
Z2,6,6, 720,9568.0,0.051083,187303.016659,187600.0,1.0,2,14.092335,165117.271497,165117.271497,8453284.2184727,25539528.337299403,1004988.6662225,25832640.5070565,196695081.6953235,50,0,0
Z2,7,6, 720,12800.0,0.050967,251142.896384,256000.0,1.0,2,14.092335,177885.247441,177885.247441,8453284.2184727,25539528.337299403,1004988.6662225,25832640.5070565,196695081.6953235,50,0,0
Z3,0,6, 720,6760.0,0.171754,39358.617558,39528.0,1.0,2,14.092335,135528.391676,135528.391676,8453284.2184727,25539528.337299403,1004988.6662225,25832640.5070565,196695081.6953235,50,0,0
Z3,1,6, 720,8320.0,0.050994,163156.449778,166400.0,1.0,2,14.092335,160287.95812,160287.95812,8453284.2184727,25539528.337299403,1004988.6662225,25832640.5070565,196695081.6953235,50,0,0
Z3,2,6, 720,7800.0,0.050982,152995.174768,156000.0,1.0,2,14.092335,158255.703118,158255.703118,8453284.2184727,25539528.337299403,1004988.6662225,25832640.5070565,196695081.6953235,50,0,0
Z3,3,6, 720,6928.0,0.051006,135827.157589,135840.0,1.0,2,14.092335,154822.099683,154822.099683,8453284.2184727,25539528.337299403,1004988.6662225,25832640.5070565,196695081.6953235,50,0,0
Z3,4,6, 720,7472.0,0.050935,146696.770394,149440.0,1.0,2,14.092335,156996.022243,156996.022243,8453284.2184727,25539528.337299403,1004988.6662225,25832640.5070565,196695081.6953235,50,0,0
Z3,5,6, 720,7416.0,0.050941,145580.180994,148320.0,1.0,2,14.092335,156772.704363,156772.704363,8453284.2184727,25539528.337299403,1004988.6662225,25832640.5070565,196695081.6953235,50,0,0
Z3,6,6, 720,6760.0,0.050959,132655.664358,135200.0,1.0,2,14.092335,154187.801036,154187.801036,8453284.2184727,25539528.337299403,1004988.6662225,25832640.5070565,196695081.6953235,50,0,0
Z3,7,6, 720,7600.0,0.050944,149183.417085,152000.0,1.0,2,14.092335,157493.351582,157493.351582,8453284.2184727,25539528.337299403,1004988.6662225,25832640.5070565,196695081.6953235,50,0,0
Z3,8,6, 720,7600.0,0.050914,149271.320266,152000.0,1.0,2,14.092335,157510.932218,157510.932218,8453284.2184727,25539528.337299403,1004988.6662225,25832640.5070565,196695081.6953235,50,0,0
Z3,9,6, 720,12912.0,0.05096,253375.196232,258240.0,1.0,2,14.092335,178331.707411,178331.707411,8453284.2184727,25539528.337299403,1004988.6662225,25832640.5070565,196695081.6953235,50,0,0
Z3,10,6, 720,17552.0,0.051002,344143.366927,344152.0,1.0,2,14.092335,196485.34155,196485.34155,8453284.2184727,25539528.337299403,1004988.6662225,25832640.5070565,196695081.6953235,50,0,0
Z3,11,6, 720,14968.0,0.050985,293576.54212,299360.0,1.0,2,14.092335,186371.976589,186371.976589,8453284.2184727,25539528.337299403,1004988.6662225,25832640.5070565,196695081.6953235,50,0,0
Z3,12,6, 720,10336.0,0.050961,202821.765664,206720.0,1.0,2,14.092335,168221.021297,168221.021297,8453284.2184727,25539528.337299403,1004988.6662225,25832640.5070565,196695081.6953235,50,0,0
Z3,13,6, 720,18344.0,0.051004,359658.066034,359680.0,1.0,2,14.092335,199588.281371,199588.281371,8453284.2184727,25539528.337299403,1004988.6662225,25832640.5070565,196695081.6953235,50,0,0
Z3,14,6, 720,20456.0,0.051006,401050.856762,401096.0,1.0,2,14.092335,207866.839517,207866.839517,8453284.2184727,25539528.337299403,1004988.6662225,25832640.5070565,196695081.6953235,50,0,0
Z3,15,6, 720,12480.0,0.050969,244854.715611,249600.0,1.0,2,14.092335,176627.611287,176627.611287,8453284.2184727,25539528.337299403,1004988.6662225,25832640.5070565,196695081.6953235,50,0,0
Z3,16,6, 720,18912.0,0.051044,370503.879006,370816.0,1.0,2,14.092335,201757.443966,201757.443966,8453284.2184727,25539528.337299403,1004988.6662225,25832640.5070565,196695081.6953235,50,0,0
Z3,17,6, 720,16112.0,0.054387,296247.264971,298368.0,1.0,2,14.092335,186906.121159,186906.121159,8453284.2184727,25539528.337299403,1004988.6662225,25832640.5070565,196695081.6953235,50,0,0
Z3,18,6, 720,16088.0,0.051037,315222.289711,315448.0,1.0,2,14.092335,190701.126107,190701.126107,8453284.2184727,25539528.337299403,1004988.6662225,25832640.5070565,196695081.6953235,50,0,0
Z3,19,6, 720,31984.0,0.051222,624419.194877,627136.0,1.0,2,14.092335,252540.50714,252540.50714,8453284.2184727,25539528.337299403,1004988.6662225,25832640.5070565,196695081.6953235,50,0,0
Z3,20,6, 720,21472.0,0.051061,420516.636964,421016.0,1.0,2,14.092335,211759.995557,211759.995557,8453284.2184727,25539528.337299403,1004988.6662225,25832640.5070565,196695081.6953235,50,0,0
Z3,21,6, 720,19320.0,0.051019,378682.451636,378816.0,1.0,2,14.092335,203393.158492,203393.158492,8453284.2184727,25539528.337299403,1004988.6662225,25832640.5070565,196695081.6953235,50,0,0
Z3,22,6, 720,33040.0,0.051025,647525.722685,647840.0,1.0,2,14.092335,257161.812702,257161.812702,8453284.2184727,25539528.337299403,1004988.6662225,25832640.5070565,196695081.6953235,50,0,0
Z3,23,6, 720,26472.0,0.050986,519201.34939,529440.0,1.0,2,14.092335,231496.938043,231496.938043,8453284.2184727,25539528.337299403,1004988.6662225,25832640.5070565,196695081.6953235,50,0,0
Z3,24,6, 720,12984.0,0.050918,254998.232452,259680.0,1.0,2,14.092335,178656.314655,178656.314655,8453284.2184727,25539528.337299403,1004988.6662225,25832640.5070565,196695081.6953235,50,0,0
Z3,25,6, 720,21128.0,0.051043,413925.513782,414272.0,1.0,2,14.092335,210441.770921,210441.770921,8453284.2184727,25539528.337299403,1004988.6662225,25832640.5070565,196695081.6953235,50,0,0
Z3,26,6, 720,21576.0,0.050973,423282.914484,431520.0,1.0,2,14.092335,212313.251062,212313.251062,8453284.2184727,25539528.337299403,1004988.6662225,25832640.5070565,196695081.6953235,50,0,0
Z3,27,6, 720,14376.0,0.050952,282147.90391,287520.0,1.0,2,14.092335,184086.248947,184086.248947,8453284.2184727,25539528.337299403,1004988.6662225,25832640.5070565,196695081.6953235,50,0,0
Z3,28,6, 720,7048.0,0.050921,138410.478977,140960.0,1.0,2,14.092335,155338.76396,155338.76396,8453284.2184727,25539528.337299403,1004988.6662225,25832640.5070565,196695081.6953235,50,0,0
Z3,29,6, 720,8656.0,0.050969,169828.719418,173120.0,1.0,2,14.092335,161622.412048,161622.412048,8453284.2184727,25539528.337299403,1004988.6662225,25832640.5070565,196695081.6953235,50,0,0
Z3,30,6, 720,9488.0,0.050989,186079.350448,189760.0,1.0,2,14.092335,164872.538254,164872.538254,8453284.2184727,25539528.337299403,1004988.6662225,25832640.5070565,196695081.6953235,50,0,0
Z3,31,6, 720,8424.0,0.050899,165504.233875,168480.0,1.0,2,14.092335,160757.51494,160757.51494,8453284.2184727,25539528.337299403,1004988.6662225,25832640.5070565,196695081.6953235,50,0,0
Z3,32,6, 720,9328.0,0.050971,183006.023033,186560.0,1.0,2,14.092335,164257.872771,164257.872771,8453284.2184727,25539528.337299403,1004988.6662225,25832640.5070565,196695081.6953235,50,0,0
Z3,33,6, 720,8680.0,0.050832,170758.577274,173600.0,1.0,2,14.092335,161808.38362,161808.38362,8453284.2184727,25539528.337299403,1004988.6662225,25832640.5070565,196695081.6953235,50,0,0
Z3,34,6, 720,7160.0,0.050948,140535.447908,143200.0,1.0,2,14.092335,155763.757746,155763.757746,8453284.2184727,25539528.337299403,1004988.6662225,25832640.5070565,196695081.6953235,50,0,0
Z3,35,6, 720,10360.0,0.050959,203300.692714,207200.0,1.0,2,14.092335,168316.806707,168316.806707,8453284.2184727,25539528.337299403,1004988.6662225,25832640.5070565,196695081.6953235,50,0,0
Z3,36,6, 720,9048.0,0.050891,177791.750997,180960.0,1.0,2,14.092335,163215.018364,163215.018364,8453284.2184727,25539528.337299403,1004988.6662225,25832640.5070565,196695081.6953235,50,0,0
Z3,37,6, 720,7176.0,0.050863,141084.875057,143520.0,1.0,2,14.092335,155873.643176,155873.643176,8453284.2184727,25539528.337299403,1004988.6662225,25832640.5070565,196695081.6953235,50,0,0
Z3,38,6, 720,8768.0,0.050913,172215.34775,175360.0,1.0,2,14.092335,162099.737715,162099.737715,8453284.2184727,25539528.337299403,1004988.6662225,25832640.5070565,196695081.6953235,50,0,0
Z1,0,7, 720,7408.0,0.171791,43122.165888,43320.0,1.0,2,16.919612,145711.421294,145711.421294,8453284.2184727,25539528.337299403,1004988.6662225,25832640.5070565,196695081.6953235,50,0,0
Z2,0,7, 720,6624.0,0.173673,38140.643623,38288.0,1.0,2,16.919612,144715.116841,144715.116841,8453284.2184727,25539528.337299403,1004988.6662225,25832640.5070565,196695081.6953235,50,0,0
Z2,1,7, 720,6792.0,0.050785,133740.277641,135840.0,1.0,2,16.919612,163835.043645,163835.043645,8453284.2184727,25539528.337299403,1004988.6662225,25832640.5070565,196695081.6953235,50,0,0
Z2,2,7, 720,7464.0,0.050883,146689.464065,149280.0,1.0,2,16.919612,166424.88093,166424.88093,8453284.2184727,25539528.337299403,1004988.6662225,25832640.5070565,196695081.6953235,50,0,0
Z2,3,7, 720,10144.0,0.050961,199054.178686,202880.0,1.0,2,16.919612,176897.823854,176897.823854,8453284.2184727,25539528.337299403,1004988.6662225,25832640.5070565,196695081.6953235,50,0,0
Z2,4,7, 720,14352.0,0.050986,281489.036206,287040.0,1.0,2,16.919612,193384.795358,193384.795358,8453284.2184727,25539528.337299403,1004988.6662225,25832640.5070565,196695081.6953235,50,0,0
Z2,5,7, 720,15008.0,0.050944,294597.98995,300160.0,1.0,2,16.919612,196006.586107,196006.586107,8453284.2184727,25539528.337299403,1004988.6662225,25832640.5070565,196695081.6953235,50,0,0
Z2,6,7, 720,7168.0,0.050885,140866.660116,143360.0,1.0,2,16.919612,165260.32014,165260.32014,8453284.2184727,25539528.337299403,1004988.6662225,25832640.5070565,196695081.6953235,50,0,0
Z2,7,7, 720,8160.0,0.05092,160251.374705,163200.0,1.0,2,16.919612,169137.263058,169137.263058,8453284.2184727,25539528.337299403,1004988.6662225,25832640.5070565,196695081.6953235,50,0,0
Z3,0,7, 720,6656.0,0.174751,38088.48018,38248.0,1.0,2,16.919612,144704.684153,144704.684153,8453284.2184727,25539528.337299403,1004988.6662225,25832640.5070565,196695081.6953235,50,0,0
Z3,1,7, 720,7664.0,0.050987,150312.824838,153280.0,1.0,2,16.919612,167149.553084,167149.553084,8453284.2184727,25539528.337299403,1004988.6662225,25832640.5070565,196695081.6953235,50,0,0
Z3,2,7, 720,7664.0,0.050973,150354.109038,153280.0,1.0,2,16.919612,167157.809924,167157.809924,8453284.2184727,25539528.337299403,1004988.6662225,25832640.5070565,196695081.6953235,50,0,0
Z3,3,7, 720,6920.0,0.050957,135800.773201,138400.0,1.0,2,16.919612,164247.142757,164247.142757,8453284.2184727,25539528.337299403,1004988.6662225,25832640.5070565,196695081.6953235,50,0,0
Z3,4,7, 720,7504.0,0.051005,147122.831095,147136.0,1.0,2,16.919612,166511.554336,166511.554336,8453284.2184727,25539528.337299403,1004988.6662225,25832640.5070565,196695081.6953235,50,0,0
Z3,5,7, 720,7480.0,0.050965,146767.389385,149600.0,1.0,2,16.919612,166440.465994,166440.465994,8453284.2184727,25539528.337299403,1004988.6662225,25832640.5070565,196695081.6953235,50,0,0
Z3,6,7, 720,6728.0,0.050981,131970.734195,134560.0,1.0,2,16.919612,163481.134956,163481.134956,8453284.2184727,25539528.337299403,1004988.6662225,25832640.5070565,196695081.6953235,50,0,0
Z3,7,7, 720,7632.0,0.050989,149679.342603,152640.0,1.0,2,16.919612,167022.856637,167022.856637,8453284.2184727,25539528.337299403,1004988.6662225,25832640.5070565,196695081.6953235,50,0,0
Z3,8,7, 720,7392.0,0.050893,145245.908082,147840.0,1.0,2,16.919612,166136.169733,166136.169733,8453284.2184727,25539528.337299403,1004988.6662225,25832640.5070565,196695081.6953235,50,0,0
Z3,9,7, 720,12800.0,0.051033,250818.098093,250976.0,1.0,2,16.919612,187250.607735,187250.607735,8453284.2184727,25539528.337299403,1004988.6662225,25832640.5070565,196695081.6953235,50,0,0
Z3,10,7, 720,16760.0,0.050967,328840.229953,335200.0,1.0,2,16.919612,202855.034107,202855.034107,8453284.2184727,25539528.337299403,1004988.6662225,25832640.5070565,196695081.6953235,50,0,0
Z3,11,7, 720,14104.0,0.050932,276918.243933,282080.0,1.0,2,16.919612,192470.636903,192470.636903,8453284.2184727,25539528.337299403,1004988.6662225,25832640.5070565,196695081.6953235,50,0,0
Z3,12,7, 720,9704.0,0.050957,190435.072708,194080.0,1.0,2,16.919612,175174.002658,175174.002658,8453284.2184727,25539528.337299403,1004988.6662225,25832640.5070565,196695081.6953235,50,0,0
Z3,13,7, 720,17248.0,0.051117,337421.992683,338192.0,1.0,2,16.919612,204571.386653,204571.386653,8453284.2184727,25539528.337299403,1004988.6662225,25832640.5070565,196695081.6953235,50,0,0
Z3,14,7, 720,21552.0,0.050956,422953.136039,431040.0,1.0,2,16.919612,221677.615325,221677.615325,8453284.2184727,25539528.337299403,1004988.6662225,25832640.5070565,196695081.6953235,50,0,0
Z3,15,7, 720,16688.0,0.050995,327247.769389,333760.0,1.0,2,16.919612,202536.541995,202536.541995,8453284.2184727,25539528.337299403,1004988.6662225,25832640.5070565,196695081.6953235,50,0,0
Z3,16,7, 720,23312.0,0.051014,456972.595758,457096.0,1.0,2,16.919612,228481.507268,228481.507268,8453284.2184727,25539528.337299403,1004988.6662225,25832640.5070565,196695081.6953235,50,0,0
Z3,17,7, 720,14952.0,0.051052,292877.850035,293176.0,1.0,2,16.919612,195662.558124,195662.558124,8453284.2184727,25539528.337299403,1004988.6662225,25832640.5070565,196695081.6953235,50,0,0
Z3,18,7, 720,16856.0,0.051661,326280.946943,330504.0,1.0,2,16.919612,202343.177505,202343.177505,8453284.2184727,25539528.337299403,1004988.6662225,25832640.5070565,196695081.6953235,50,0,0
Z3,19,7, 720,23928.0,0.051033,468873.082123,469176.0,1.0,2,16.919612,230861.604541,230861.604541,8453284.2184727,25539528.337299403,1004988.6662225,25832640.5070565,196695081.6953235,50,0,0
Z3,20,7, 720,29544.0,0.050992,579385.001569,590880.0,1.0,2,16.919612,252963.988431,252963.988431,8453284.2184727,25539528.337299403,1004988.6662225,25832640.5070565,196695081.6953235,50,0,0
Z3,21,7, 720,31920.0,0.050972,626226.163384,638400.0,1.0,2,16.919612,262332.220794,262332.220794,8453284.2184727,25539528.337299403,1004988.6662225,25832640.5070565,196695081.6953235,50,0,0
Z3,22,7, 720,15096.0,0.051017,295901.366211,296000.0,1.0,2,16.919612,196267.261359,196267.261359,8453284.2184727,25539528.337299403,1004988.6662225,25832640.5070565,196695081.6953235,50,0,0
Z3,23,7, 720,22296.0,0.051138,435996.714772,437176.0,1.0,2,16.919612,224286.331071,224286.331071,8453284.2184727,25539528.337299403,1004988.6662225,25832640.5070565,196695081.6953235,50,0,0
Z3,24,7, 720,24272.0,0.051136,474655.819775,475920.0,1.0,2,16.919612,232018.152072,232018.152072,8453284.2184727,25539528.337299403,1004988.6662225,25832640.5070565,196695081.6953235,50,0,0
Z3,25,7, 720,13368.0,0.050937,262441.83992,267360.0,1.0,2,16.919612,189575.356101,189575.356101,8453284.2184727,25539528.337299403,1004988.6662225,25832640.5070565,196695081.6953235,50,0,0
Z3,26,7, 720,21768.0,0.051162,425472.030022,426816.0,1.0,2,16.919612,222181.394121,222181.394121,8453284.2184727,25539528.337299403,1004988.6662225,25832640.5070565,196695081.6953235,50,0,0
Z3,27,7, 720,21680.0,0.051088,424365.800188,425096.0,1.0,2,16.919612,221960.148154,221960.148154,8453284.2184727,25539528.337299403,1004988.6662225,25832640.5070565,196695081.6953235,50,0,0
Z3,28,7, 720,9672.0,0.051012,189602.446483,189640.0,1.0,2,16.919612,175007.477413,175007.477413,8453284.2184727,25539528.337299403,1004988.6662225,25832640.5070565,196695081.6953235,50,0,0
Z3,29,7, 720,13368.0,0.051119,261507.462979,262112.0,1.0,2,16.919612,189388.480713,189388.480713,8453284.2184727,25539528.337299403,1004988.6662225,25832640.5070565,196695081.6953235,50,0,0
Z3,30,7, 720,13424.0,0.051033,263045.480375,263208.0,1.0,2,16.919612,189696.084192,189696.084192,8453284.2184727,25539528.337299403,1004988.6662225,25832640.5070565,196695081.6953235,50,0,0
Z3,31,7, 720,8064.0,0.050916,158378.505774,161280.0,1.0,2,16.919612,168762.689272,168762.689272,8453284.2184727,25539528.337299403,1004988.6662225,25832640.5070565,196695081.6953235,50,0,0
Z3,32,7, 720,9424.0,0.051012,184740.845291,184784.0,1.0,2,16.919612,174035.157175,174035.157175,8453284.2184727,25539528.337299403,1004988.6662225,25832640.5070565,196695081.6953235,50,0,0
Z3,33,7, 720,7368.0,0.050903,144745.88924,147360.0,1.0,2,16.919612,166036.165965,166036.165965,8453284.2184727,25539528.337299403,1004988.6662225,25832640.5070565,196695081.6953235,50,0,0
Z3,34,7, 720,8792.0,0.05106,172189.580885,172392.0,1.0,2,16.919612,171524.904294,171524.904294,8453284.2184727,25539528.337299403,1004988.6662225,25832640.5070565,196695081.6953235,50,0,0
Z3,35,7, 720,8568.0,0.050989,168036.243111,171360.0,1.0,2,16.919612,170694.236739,170694.236739,8453284.2184727,25539528.337299403,1004988.6662225,25832640.5070565,196695081.6953235,50,0,0
Z3,36,7, 720,7064.0,0.050939,138675.6709,141280.0,1.0,2,16.919612,164822.122297,164822.122297,8453284.2184727,25539528.337299403,1004988.6662225,25832640.5070565,196695081.6953235,50,0,0
Z3,37,7, 720,10104.0,0.050899,198510.776243,202080.0,1.0,2,16.919612,176789.143365,176789.143365,8453284.2184727,25539528.337299403,1004988.6662225,25832640.5070565,196695081.6953235,50,0,0
Z3,38,7, 720,8640.0,0.050955,169561.377686,172800.0,1.0,2,16.919612,170999.263654,170999.263654,8453284.2184727,25539528.337299403,1004988.6662225,25832640.5070565,196695081.6953235,50,0,0
Z1,0,8, 720,7744.0,0.17233,44937.039401,45016.0,1.0,2,19.742379,154932.641906,154932.641906,8453284.2184727,25539528.337299403,1004988.6662225,25832640.5070565,196695081.6953235,50,0,0
Z2,0,8, 720,6624.0,0.172261,38453.277294,38504.0,1.0,2,19.742379,153635.889485,153635.889485,8453284.2184727,25539528.337299403,1004988.6662225,25832640.5070565,196695081.6953235,50,0,0
Z2,1,8, 720,6968.0,0.05084,137057.43509,139360.0,1.0,2,19.742379,173356.721044,173356.721044,8453284.2184727,25539528.337299403,1004988.6662225,25832640.5070565,196695081.6953235,50,0,0
Z2,2,8, 720,7968.0,0.050886,156585.308336,159360.0,1.0,2,19.742379,177262.295693,177262.295693,8453284.2184727,25539528.337299403,1004988.6662225,25832640.5070565,196695081.6953235,50,0,0
Z2,3,8, 720,12752.0,0.050882,250619.079439,255040.0,1.0,2,19.742379,196069.049914,196069.049914,8453284.2184727,25539528.337299403,1004988.6662225,25832640.5070565,196695081.6953235,50,0,0
Z2,4,8, 720,18720.0,0.050919,367642.726684,374400.0,1.0,2,19.742379,219473.779363,219473.779363,8453284.2184727,25539528.337299403,1004988.6662225,25832640.5070565,196695081.6953235,50,0,0
Z2,5,8, 720,25648.0,0.050946,503435.009618,512960.0,1.0,2,19.742379,246632.23595,246632.23595,8453284.2184727,25539528.337299403,1004988.6662225,25832640.5070565,196695081.6953235,50,0,0
Z2,6,8, 720,9784.0,0.05091,192182.282459,195680.0,1.0,2,19.742379,184381.690518,184381.690518,8453284.2184727,25539528.337299403,1004988.6662225,25832640.5070565,196695081.6953235,50,0,0
Z2,7,8, 720,13192.0,0.050899,259179.944596,263840.0,1.0,2,19.742379,197781.222945,197781.222945,8453284.2184727,25539528.337299403,1004988.6662225,25832640.5070565,196695081.6953235,50,0,0
Z3,0,8, 720,6768.0,0.171099,39556.046499,39576.0,1.0,2,19.742379,153856.443326,153856.443326,8453284.2184727,25539528.337299403,1004988.6662225,25832640.5070565,196695081.6953235,50,0,0
Z3,1,8, 720,8032.0,0.050918,157743.823402,160640.0,1.0,2,19.742379,177493.998707,177493.998707,8453284.2184727,25539528.337299403,1004988.6662225,25832640.5070565,196695081.6953235,50,0,0
Z3,2,8, 720,7872.0,0.050973,154434.700724,157440.0,1.0,2,19.742379,176832.174171,176832.174171,8453284.2184727,25539528.337299403,1004988.6662225,25832640.5070565,196695081.6953235,50,0,0
Z3,3,8, 720,7024.0,0.050965,137820.072599,140480.0,1.0,2,19.742379,173509.248546,173509.248546,8453284.2184727,25539528.337299403,1004988.6662225,25832640.5070565,196695081.6953235,50,0,0
Z3,4,8, 720,7816.0,0.051002,153248.8922,153248.0,1.0,2,19.742379,176595.012466,176595.012466,8453284.2184727,25539528.337299403,1004988.6662225,25832640.5070565,196695081.6953235,50,0,0
Z3,5,8, 720,7936.0,0.051014,155565.138981,155600.0,1.0,2,19.742379,177058.261822,177058.261822,8453284.2184727,25539528.337299403,1004988.6662225,25832640.5070565,196695081.6953235,50,0,0
Z3,6,8, 720,6928.0,0.051008,135821.83187,135840.0,1.0,2,19.742379,173109.6004,173109.6004,8453284.2184727,25539528.337299403,1004988.6662225,25832640.5070565,196695081.6953235,50,0,0
Z3,7,8, 720,8048.0,0.050993,157825.583904,160960.0,1.0,2,19.742379,177510.350807,177510.350807,8453284.2184727,25539528.337299403,1004988.6662225,25832640.5070565,196695081.6953235,50,0,0
Z3,8,8, 720,7664.0,0.051022,150209.713457,150272.0,1.0,2,19.742379,175987.176718,175987.176718,8453284.2184727,25539528.337299403,1004988.6662225,25832640.5070565,196695081.6953235,50,0,0
Z3,9,8, 720,14248.0,0.05107,278989.622087,279368.0,1.0,2,19.742379,201743.158444,201743.158444,8453284.2184727,25539528.337299403,1004988.6662225,25832640.5070565,196695081.6953235,50,0,0
Z3,10,8, 720,19448.0,0.051033,381086.747791,381328.0,1.0,2,19.742379,222162.583584,222162.583584,8453284.2184727,25539528.337299403,1004988.6662225,25832640.5070565,196695081.6953235,50,0,0
Z3,11,8, 720,17344.0,0.05105,339745.347698,340072.0,1.0,2,19.742379,213894.303566,213894.303566,8453284.2184727,25539528.337299403,1004988.6662225,25832640.5070565,196695081.6953235,50,0,0
Z3,12,8, 720,11952.0,0.051032,234205.988399,234352.0,1.0,2,19.742379,192786.431706,192786.431706,8453284.2184727,25539528.337299403,1004988.6662225,25832640.5070565,196695081.6953235,50,0,0
Z3,13,8, 720,25224.0,0.050973,494850.21482,504480.0,1.0,2,19.742379,244915.27699,244915.27699,8453284.2184727,25539528.337299403,1004988.6662225,25832640.5070565,196695081.6953235,50,0,0
Z3,14,8, 720,35992.0,0.051104,704289.292423,705720.0,1.0,2,19.742379,286803.092511,286803.092511,8453284.2184727,25539528.337299403,1004988.6662225,25832640.5070565,196695081.6953235,50,0,0
Z3,15,8, 720,20016.0,0.050997,392493.676099,400320.0,1.0,2,19.742379,224443.969246,224443.969246,8453284.2184727,25539528.337299403,1004988.6662225,25832640.5070565,196695081.6953235,50,0,0
Z3,16,8, 720,36432.0,0.051061,713499.539766,714352.0,1.0,2,19.742379,288645.141979,288645.141979,8453284.2184727,25539528.337299403,1004988.6662225,25832640.5070565,196695081.6953235,50,0,0
Z3,17,8, 720,22472.0,0.054612,411484.655387,416144.0,1.0,2,19.742379,228242.165104,228242.165104,8453284.2184727,25539528.337299403,1004988.6662225,25832640.5070565,196695081.6953235,50,0,0
Z3,18,8, 720,21736.0,0.051052,425761.968189,426192.0,1.0,2,19.742379,231097.627664,231097.627664,8453284.2184727,25539528.337299403,1004988.6662225,25832640.5070565,196695081.6953235,50,0,0
Z3,19,8, 720,16848.0,0.051005,330320.556808,330352.0,1.0,2,19.742379,212009.345388,212009.345388,8453284.2184727,25539528.337299403,1004988.6662225,25832640.5070565,196695081.6953235,50,0,0
Z3,20,8, 720,47160.0,0.051208,920949.851586,924704.0,1.0,2,19.742379,330135.204343,330135.204343,8453284.2184727,25539528.337299403,1004988.6662225,25832640.5070565,196695081.6953235,50,0,0
Z3,21,8, 720,39472.0,0.051149,771706.191714,773960.0,1.0,2,19.742379,300286.472369,300286.472369,8453284.2184727,25539528.337299403,1004988.6662225,25832640.5070565,196695081.6953235,50,0,0
Z3,22,8, 720,26968.0,0.051093,527821.815121,528784.0,1.0,2,19.742379,251509.59705,251509.59705,8453284.2184727,25539528.337299403,1004988.6662225,25832640.5070565,196695081.6953235,50,0,0
Z3,23,8, 720,39776.0,0.051168,777360.850532,779920.0,1.0,2,19.742379,301417.404132,301417.404132,8453284.2184727,25539528.337299403,1004988.6662225,25832640.5070565,196695081.6953235,50,0,0
Z3,24,8, 720,34992.0,0.051118,684533.823702,686112.0,1.0,2,19.742379,282851.998767,282851.998767,8453284.2184727,25539528.337299403,1004988.6662225,25832640.5070565,196695081.6953235,50,0,0
Z3,25,8, 720,22464.0,0.051115,439479.604813,440464.0,1.0,2,19.742379,233841.154989,233841.154989,8453284.2184727,25539528.337299403,1004988.6662225,25832640.5070565,196695081.6953235,50,0,0
Z3,26,8, 720,43144.0,0.05119,842820.86345,845960.0,1.0,2,19.742379,314509.406716,314509.406716,8453284.2184727,25539528.337299403,1004988.6662225,25832640.5070565,196695081.6953235,50,0,0
Z3,27,8, 720,43672.0,0.051157,853685.71261,856312.0,1.0,2,19.742379,316682.376548,316682.376548,8453284.2184727,25539528.337299403,1004988.6662225,25832640.5070565,196695081.6953235,50,0,0
Z3,28,8, 720,18320.0,0.051082,358639.050938,359208.0,1.0,2,19.742379,217673.044214,217673.044214,8453284.2184727,25539528.337299403,1004988.6662225,25832640.5070565,196695081.6953235,50,0,0
Z3,29,8, 720,24560.0,0.051058,481021.583297,481568.0,1.0,2,19.742379,242149.550686,242149.550686,8453284.2184727,25539528.337299403,1004988.6662225,25832640.5070565,196695081.6953235,50,0,0
Z3,30,8, 720,19040.0,0.051145,372274.904683,373328.0,1.0,2,19.742379,220400.214963,220400.214963,8453284.2184727,25539528.337299403,1004988.6662225,25832640.5070565,196695081.6953235,50,0,0
Z3,31,8, 720,20160.0,0.051002,395278.616525,395288.0,1.0,2,19.742379,225000.957331,225000.957331,8453284.2184727,25539528.337299403,1004988.6662225,25832640.5070565,196695081.6953235,50,0,0
Z3,32,8, 720,16496.0,0.051099,322824.321415,323448.0,1.0,2,19.742379,210510.098309,210510.098309,8453284.2184727,25539528.337299403,1004988.6662225,25832640.5070565,196695081.6953235,50,0,0
Z3,33,8, 720,11624.0,0.051003,227908.162265,227920.0,1.0,2,19.742379,191526.866479,191526.866479,8453284.2184727,25539528.337299403,1004988.6662225,25832640.5070565,196695081.6953235,50,0,0
Z3,34,8, 720,21024.0,0.050988,412332.313486,420480.0,1.0,2,19.742379,228411.696723,228411.696723,8453284.2184727,25539528.337299403,1004988.6662225,25832640.5070565,196695081.6953235,50,0,0
Z3,35,8, 720,28496.0,0.051019,558537.015622,558744.0,1.0,2,19.742379,257652.63715,257652.63715,8453284.2184727,25539528.337299403,1004988.6662225,25832640.5070565,196695081.6953235,50,0,0
Z3,36,8, 720,12416.0,0.051086,243041.146302,243448.0,1.0,2,19.742379,194553.463287,194553.463287,8453284.2184727,25539528.337299403,1004988.6662225,25832640.5070565,196695081.6953235,50,0,0
Z3,37,8, 720,17312.0,0.051022,339304.613696,339448.0,1.0,2,19.742379,213806.156765,213806.156765,8453284.2184727,25539528.337299403,1004988.6662225,25832640.5070565,196695081.6953235,50,0,0
Z3,38,8, 720,14664.0,0.051066,287157.795794,287528.0,1.0,2,19.742379,203376.793185,203376.793185,8453284.2184727,25539528.337299403,1004988.6662225,25832640.5070565,196695081.6953235,50,0,0
Z1,0,9, 720,7696.0,0.172565,44597.687828,44744.0,1.0,2,22.565271,185324.040932,185324.040932,8453284.2184727,25539528.337299403,1004988.6662225,25832640.5070565,196695081.6953235,50,0,0
Z2,0,9, 720,6624.0,0.172279,38449.259631,38504.0,1.0,2,22.565271,184094.355292,184094.355292,8453284.2184727,25539528.337299403,1004988.6662225,25832640.5070565,196695081.6953235,50,0,0
Z2,1,9, 720,6776.0,0.050966,132951.379351,135520.0,1.0,2,22.565271,202994.779236,202994.779236,8453284.2184727,25539528.337299403,1004988.6662225,25832640.5070565,196695081.6953235,50,0,0
Z2,2,9, 720,7496.0,0.05096,147095.761381,149920.0,1.0,2,22.565271,205823.655643,205823.655643,8453284.2184727,25539528.337299403,1004988.6662225,25832640.5070565,196695081.6953235,50,0,0
Z2,3,9, 720,16056.0,0.050915,315349.111264,321120.0,1.0,2,22.565271,239474.325619,239474.325619,8453284.2184727,25539528.337299403,1004988.6662225,25832640.5070565,196695081.6953235,50,0,0
Z2,4,9, 720,24464.0,0.05121,477719.19547,479680.0,1.0,2,22.565271,271948.34246,271948.34246,8453284.2184727,25539528.337299403,1004988.6662225,25832640.5070565,196695081.6953235,50,0,0
Z2,5,9, 720,36648.0,0.051012,718419.195483,718584.0,1.0,2,22.565271,320088.342463,320088.342463,8453284.2184727,25539528.337299403,1004988.6662225,25832640.5070565,196695081.6953235,50,0,0
Z2,6,9, 720,11344.0,0.05087,222999.80342,226880.0,1.0,2,22.565271,221004.46405,221004.46405,8453284.2184727,25539528.337299403,1004988.6662225,25832640.5070565,196695081.6953235,50,0,0
Z2,7,9, 720,15808.0,0.050828,311009.679704,316160.0,1.0,2,22.565271,238606.439307,238606.439307,8453284.2184727,25539528.337299403,1004988.6662225,25832640.5070565,196695081.6953235,50,0,0
Z3,0,9, 720,6752.0,0.171964,39264.032007,39480.0,1.0,2,22.565271,184257.309768,184257.309768,8453284.2184727,25539528.337299403,1004988.6662225,25832640.5070565,196695081.6953235,50,0,0
Z3,1,9, 720,9824.0,0.05095,192816.486752,196480.0,1.0,2,22.565271,214967.800717,214967.800717,8453284.2184727,25539528.337299403,1004988.6662225,25832640.5070565,196695081.6953235,50,0,0
Z3,2,9, 720,8640.0,0.051073,169169.619956,169408.0,1.0,2,22.565271,210238.427357,210238.427357,8453284.2184727,25539528.337299403,1004988.6662225,25832640.5070565,196695081.6953235,50,0,0
Z3,3,9, 720,7248.0,0.050938,142290.627822,144960.0,1.0,2,22.565271,204862.628931,204862.628931,8453284.2184727,25539528.337299403,1004988.6662225,25832640.5070565,196695081.6953235,50,0,0
Z3,4,9, 720,8336.0,0.050996,163463.801082,166720.0,1.0,2,22.565271,209097.263583,209097.263583,8453284.2184727,25539528.337299403,1004988.6662225,25832640.5070565,196695081.6953235,50,0,0
Z3,5,9, 720,9640.0,0.051007,188993.667536,189016.0,1.0,2,22.565271,214203.236873,214203.236873,8453284.2184727,25539528.337299403,1004988.6662225,25832640.5070565,196695081.6953235,50,0,0
Z3,6,9, 720,10312.0,0.050917,202525.679046,206240.0,1.0,2,22.565271,216909.639175,216909.639175,8453284.2184727,25539528.337299403,1004988.6662225,25832640.5070565,196695081.6953235,50,0,0
Z3,7,9, 720,21208.0,0.050932,416398.335035,424160.0,1.0,2,22.565271,259684.170373,259684.170373,8453284.2184727,25539528.337299403,1004988.6662225,25832640.5070565,196695081.6953235,50,0,0
Z3,8,9, 720,8000.0,0.050939,157050.589921,160000.0,1.0,2,22.565271,207814.62135,207814.62135,8453284.2184727,25539528.337299403,1004988.6662225,25832640.5070565,196695081.6953235,50,0,0
Z3,9,9, 720,16880.0,0.050971,331168.703773,337600.0,1.0,2,22.565271,242638.244121,242638.244121,8453284.2184727,25539528.337299403,1004988.6662225,25832640.5070565,196695081.6953235,50,0,0
Z3,10,9, 720,23240.0,0.051017,455534.4297,455680.0,1.0,2,22.565271,267511.389306,267511.389306,8453284.2184727,25539528.337299403,1004988.6662225,25832640.5070565,196695081.6953235,50,0,0
Z3,11,9, 720,21680.0,0.051008,425031.367629,425096.0,1.0,2,22.565271,261410.776892,261410.776892,8453284.2184727,25539528.337299403,1004988.6662225,25832640.5070565,196695081.6953235,50,0,0
Z3,12,9, 720,16096.0,0.050992,315657.358017,321920.0,1.0,2,22.565271,239535.97497,239535.97497,8453284.2184727,25539528.337299403,1004988.6662225,25832640.5070565,196695081.6953235,50,0,0
Z3,13,9, 720,39872.0,0.051065,780808.773132,781800.0,1.0,2,22.565271,332566.257993,332566.257993,8453284.2184727,25539528.337299403,1004988.6662225,25832640.5070565,196695081.6953235,50,0,0
Z3,14,9, 720,46392.0,0.05107,908400.234972,909640.0,1.0,2,22.565271,358084.550361,358084.550361,8453284.2184727,25539528.337299403,1004988.6662225,25832640.5070565,196695081.6953235,50,0,0
Z3,15,9, 720,26168.0,0.050973,513369.82324,523360.0,1.0,2,22.565271,279078.468014,279078.468014,8453284.2184727,25539528.337299403,1004988.6662225,25832640.5070565,196695081.6953235,50,0,0
Z3,16,9, 720,48816.0,0.051052,956201.520019,957176.0,1.0,2,22.565271,367644.80737,367644.80737,8453284.2184727,25539528.337299403,1004988.6662225,25832640.5070565,196695081.6953235,50,0,0
Z3,17,9, 720,38664.0,0.051084,756871.035941,758112.0,1.0,2,22.565271,327778.710554,327778.710554,8453284.2184727,25539528.337299403,1004988.6662225,25832640.5070565,196695081.6953235,50,0,0
Z3,18,9, 720,26344.0,0.051007,516478.130453,516544.0,1.0,2,22.565271,279700.129457,279700.129457,8453284.2184727,25539528.337299403,1004988.6662225,25832640.5070565,196695081.6953235,50,0,0
Z3,19,9, 720,19912.0,0.050962,390722.499117,398240.0,1.0,2,22.565271,254549.00319,254549.00319,8453284.2184727,25539528.337299403,1004988.6662225,25832640.5070565,196695081.6953235,50,0,0
Z3,20,9, 720,61688.0,0.051237,1203973.690887,1209568.0,1.0,2,22.565271,417199.241544,417199.241544,8453284.2184727,25539528.337299403,1004988.6662225,25832640.5070565,196695081.6953235,50,0,0
Z3,21,9, 720,59200.0,0.051269,1154693.86959,1160784.0,1.0,2,22.565271,407343.277284,407343.277284,8453284.2184727,25539528.337299403,1004988.6662225,25832640.5070565,196695081.6953235,50,0,0
Z3,22,9, 720,41064.0,0.051194,802125.249053,805176.0,1.0,2,22.565271,336829.553177,336829.553177,8453284.2184727,25539528.337299403,1004988.6662225,25832640.5070565,196695081.6953235,50,0,0
Z3,23,9, 720,55576.0,0.051224,1084960.174918,1089720.0,1.0,2,22.565271,393396.53835,393396.53835,8453284.2184727,25539528.337299403,1004988.6662225,25832640.5070565,196695081.6953235,50,0,0
Z3,24,9, 720,50200.0,0.051171,981024.408356,984312.0,1.0,2,22.565271,372609.385037,372609.385037,8453284.2184727,25539528.337299403,1004988.6662225,25832640.5070565,196695081.6953235,50,0,0
Z3,25,9, 720,30056.0,0.051115,588007.434217,589328.0,1.0,2,22.565271,294005.99021,294005.99021,8453284.2184727,25539528.337299403,1004988.6662225,25832640.5070565,196695081.6953235,50,0,0
Z3,26,9, 720,59504.0,0.05131,1159695.965699,1166744.0,1.0,2,22.565271,408343.696506,408343.696506,8453284.2184727,25539528.337299403,1004988.6662225,25832640.5070565,196695081.6953235,50,0,0
Z3,27,9, 720,65232.0,0.05127,1272322.995904,1279056.0,1.0,2,22.565271,430869.102547,430869.102547,8453284.2184727,25539528.337299403,1004988.6662225,25832640.5070565,196695081.6953235,50,0,0
Z3,28,9, 720,23952.0,0.051078,468929.871961,469640.0,1.0,2,22.565271,270190.477758,270190.477758,8453284.2184727,25539528.337299403,1004988.6662225,25832640.5070565,196695081.6953235,50,0,0
Z3,29,9, 720,32816.0,0.051101,642179.213714,643448.0,1.0,2,22.565271,304840.346109,304840.346109,8453284.2184727,25539528.337299403,1004988.6662225,25832640.5070565,196695081.6953235,50,0,0
Z3,30,9, 720,8856.0,0.05102,173578.988632,173640.0,1.0,2,22.565271,211120.301093,211120.301093,8453284.2184727,25539528.337299403,1004988.6662225,25832640.5070565,196695081.6953235,50,0,0
Z3,31,9, 720,14088.0,0.051071,275851.265885,276232.0,1.0,2,22.565271,231574.756543,231574.756543,8453284.2184727,25539528.337299403,1004988.6662225,25832640.5070565,196695081.6953235,50,0,0
Z3,32,9, 720,15104.0,0.051064,295785.680714,296152.0,1.0,2,22.565271,235561.639509,235561.639509,8453284.2184727,25539528.337299403,1004988.6662225,25832640.5070565,196695081.6953235,50,0,0
Z3,33,9, 720,11784.0,0.051141,230421.775092,231056.0,1.0,2,22.565271,222488.858385,222488.858385,8453284.2184727,25539528.337299403,1004988.6662225,25832640.5070565,196695081.6953235,50,0,0
Z3,34,9, 720,18496.0,0.051001,362659.555695,362664.0,1.0,2,22.565271,248936.414505,248936.414505,8453284.2184727,25539528.337299403,1004988.6662225,25832640.5070565,196695081.6953235,50,0,0
Z3,35,9, 720,22376.0,0.051068,438160.883528,438744.0,1.0,2,22.565271,264036.680072,264036.680072,8453284.2184727,25539528.337299403,1004988.6662225,25832640.5070565,196695081.6953235,50,0,0
Z3,36,9, 720,8792.0,0.05102,172324.578597,172392.0,1.0,2,22.565271,210869.419086,210869.419086,8453284.2184727,25539528.337299403,1004988.6662225,25832640.5070565,196695081.6953235,50,0,0
Z3,37,9, 720,19464.0,0.050981,381789.294051,389280.0,1.0,2,22.565271,252762.362176,252762.362176,8453284.2184727,25539528.337299403,1004988.6662225,25832640.5070565,196695081.6953235,50,0,0
Z3,38,9, 720,20360.0,0.050895,400039.296591,407200.0,1.0,2,22.565271,256412.362684,256412.362684,8453284.2184727,25539528.337299403,1004988.6662225,25832640.5070565,196695081.6953235,50,0,0
Z1,0,10, 720,7480.0,0.172476,43368.352698,43488.0,1.0,2,25.386769,214468.434104,214468.434104,8453284.2184727,25539528.337299403,1004988.6662225,25832640.5070565,196695081.6953235,50,0,0
Z2,0,10, 720,6624.0,0.172361,38430.967562,38504.0,1.0,2,25.386769,213480.957077,213480.957077,8453284.2184727,25539528.337299403,1004988.6662225,25832640.5070565,196695081.6953235,50,0,0
Z2,1,10, 720,7008.0,0.050756,138072.346127,140160.0,1.0,2,25.386769,233409.23279,233409.23279,8453284.2184727,25539528.337299403,1004988.6662225,25832640.5070565,196695081.6953235,50,0,0
Z2,2,10, 720,7832.0,0.050888,153906.618456,156640.0,1.0,2,25.386769,236576.087255,236576.087255,8453284.2184727,25539528.337299403,1004988.6662225,25832640.5070565,196695081.6953235,50,0,0
Z2,3,10, 720,29728.0,0.051105,581704.334214,582896.0,1.0,2,25.386769,322135.630407,322135.630407,8453284.2184727,25539528.337299403,1004988.6662225,25832640.5070565,196695081.6953235,50,0,0
Z2,4,10, 720,35840.0,0.051087,701548.339108,702744.0,1.0,2,25.386769,346104.431386,346104.431386,8453284.2184727,25539528.337299403,1004988.6662225,25832640.5070565,196695081.6953235,50,0,0
Z2,5,10, 720,43888.0,0.051104,858797.745773,860544.0,1.0,2,25.386769,377554.312719,377554.312719,8453284.2184727,25539528.337299403,1004988.6662225,25832640.5070565,196695081.6953235,50,0,0
Z2,6,10, 720,17936.0,0.050978,351838.047785,358720.0,1.0,2,25.386769,276162.373121,276162.373121,8453284.2184727,25539528.337299403,1004988.6662225,25832640.5070565,196695081.6953235,50,0,0
Z2,7,10, 720,24920.0,0.050987,488752.034832,498400.0,1.0,2,25.386769,303545.170531,303545.170531,8453284.2184727,25539528.337299403,1004988.6662225,25832640.5070565,196695081.6953235,50,0,0
Z3,0,10, 720,6840.0,0.175684,38933.539765,39080.0,1.0,2,25.386769,213581.471517,213581.471517,8453284.2184727,25539528.337299403,1004988.6662225,25832640.5070565,196695081.6953235,50,0,0
Z3,1,10, 720,22064.0,0.050968,432899.073929,441280.0,1.0,2,25.386769,292374.57835,292374.57835,8453284.2184727,25539528.337299403,1004988.6662225,25832640.5070565,196695081.6953235,50,0,0
Z3,2,10, 720,15312.0,0.050855,301091.338118,306240.0,1.0,2,25.386769,266013.031188,266013.031188,8453284.2184727,25539528.337299403,1004988.6662225,25832640.5070565,196695081.6953235,50,0,0
Z3,3,10, 720,7752.0,0.050878,152364.479736,155040.0,1.0,2,25.386769,236267.659511,236267.659511,8453284.2184727,25539528.337299403,1004988.6662225,25832640.5070565,196695081.6953235,50,0,0
Z3,4,10, 720,11432.0,0.050975,224266.79745,228640.0,1.0,2,25.386769,250648.123054,250648.123054,8453284.2184727,25539528.337299403,1004988.6662225,25832640.5070565,196695081.6953235,50,0,0
Z3,5,10, 720,17232.0,0.051006,337842.606752,337880.0,1.0,2,25.386769,273363.284915,273363.284915,8453284.2184727,25539528.337299403,1004988.6662225,25832640.5070565,196695081.6953235,50,0,0
Z3,6,10, 720,23328.0,0.051066,456820.585125,457408.0,1.0,2,25.386769,297158.880589,297158.880589,8453284.2184727,25539528.337299403,1004988.6662225,25832640.5070565,196695081.6953235,50,0,0
Z3,7,10, 720,18496.0,0.050951,363015.446213,369920.0,1.0,2,25.386769,278397.852807,278397.852807,8453284.2184727,25539528.337299403,1004988.6662225,25832640.5070565,196695081.6953235,50,0,0
Z3,8,10, 720,7968.0,0.050935,156434.67164,159360.0,1.0,2,25.386769,237081.697892,237081.697892,8453284.2184727,25539528.337299403,1004988.6662225,25832640.5070565,196695081.6953235,50,0,0
Z3,9,10, 720,19568.0,0.050998,383701.32162,391360.0,1.0,2,25.386769,282535.027888,282535.027888,8453284.2184727,25539528.337299403,1004988.6662225,25832640.5070565,196695081.6953235,50,0,0
Z3,10,10, 720,36064.0,0.051117,705518.711974,707136.0,1.0,2,25.386769,346898.505959,346898.505959,8453284.2184727,25539528.337299403,1004988.6662225,25832640.5070565,196695081.6953235,50,0,0
Z3,11,10, 720,29248.0,0.051039,573051.979859,573488.0,1.0,2,25.386769,320405.159536,320405.159536,8453284.2184727,25539528.337299403,1004988.6662225,25832640.5070565,196695081.6953235,50,0,0
Z3,12,10, 720,24216.0,0.05091,475662.93459,484320.0,1.0,2,25.386769,300927.350482,300927.350482,8453284.2184727,25539528.337299403,1004988.6662225,25832640.5070565,196695081.6953235,50,0,0
Z3,13,10, 720,54424.0,0.051144,1064132.645081,1067136.0,1.0,2,25.386769,418621.29258,418621.29258,8453284.2184727,25539528.337299403,1004988.6662225,25832640.5070565,196695081.6953235,50,0,0
Z3,14,10, 720,56832.0,0.051236,1109220.079632,1114352.0,1.0,2,25.386769,427638.77949,427638.77949,8453284.2184727,25539528.337299403,1004988.6662225,25832640.5070565,196695081.6953235,50,0,0
Z3,15,10, 720,29576.0,0.051144,578288.753324,579920.0,1.0,2,25.386769,321452.514229,321452.514229,8453284.2184727,25539528.337299403,1004988.6662225,25832640.5070565,196695081.6953235,50,0,0
Z3,16,10, 720,52328.0,0.051269,1020655.75689,1026032.0,1.0,2,25.386769,409925.914942,409925.914942,8453284.2184727,25539528.337299403,1004988.6662225,25832640.5070565,196695081.6953235,50,0,0
Z3,17,10, 720,52840.0,0.051256,1030903.699079,1036072.0,1.0,2,25.386769,411975.50338,411975.50338,8453284.2184727,25539528.337299403,1004988.6662225,25832640.5070565,196695081.6953235,50,0,0
Z3,18,10, 720,35136.0,0.051012,688779.110797,688936.0,1.0,2,25.386769,343550.585724,343550.585724,8453284.2184727,25539528.337299403,1004988.6662225,25832640.5070565,196695081.6953235,50,0,0
Z3,19,10, 720,23160.0,0.051103,453202.356026,454112.0,1.0,2,25.386769,296435.234769,296435.234769,8453284.2184727,25539528.337299403,1004988.6662225,25832640.5070565,196695081.6953235,50,0,0
Z3,20,10, 720,77048.0,0.051283,1502408.205448,1510744.0,1.0,2,25.386769,506276.404654,506276.404654,8453284.2184727,25539528.337299403,1004988.6662225,25832640.5070565,196695081.6953235,50,0,0
Z3,21,10, 720,68968.0,0.05121,1346768.209334,1352312.0,1.0,2,25.386769,475148.405431,475148.405431,8453284.2184727,25539528.337299403,1004988.6662225,25832640.5070565,196695081.6953235,50,0,0
Z3,22,10, 720,52224.0,0.05109,1022196.124486,1024000.0,1.0,2,25.386769,410233.988461,410233.988461,8453284.2184727,25539528.337299403,1004988.6662225,25832640.5070565,196695081.6953235,50,0,0
Z3,23,10, 720,76384.0,0.051151,1493304.138727,1497720.0,1.0,2,25.386769,504455.591309,504455.591309,8453284.2184727,25539528.337299403,1004988.6662225,25832640.5070565,196695081.6953235,50,0,0
Z3,24,10, 720,57512.0,0.051183,1123654.338355,1127680.0,1.0,2,25.386769,430525.631235,430525.631235,8453284.2184727,25539528.337299403,1004988.6662225,25832640.5070565,196695081.6953235,50,0,0
Z3,25,10, 720,35600.0,0.051015,697833.970401,698032.0,1.0,2,25.386769,345361.557644,345361.557644,8453284.2184727,25539528.337299403,1004988.6662225,25832640.5070565,196695081.6953235,50,0,0
Z3,26,10, 720,72816.0,0.05124,1421077.283372,1427760.0,1.0,2,25.386769,490010.220239,490010.220239,8453284.2184727,25539528.337299403,1004988.6662225,25832640.5070565,196695081.6953235,50,0,0
Z3,27,10, 720,93600.0,0.051303,1824454.710251,1835288.0,1.0,2,25.386769,570685.705614,570685.705614,8453284.2184727,25539528.337299403,1004988.6662225,25832640.5070565,196695081.6953235,50,0,0
Z3,28,10, 720,23040.0,0.051043,451384.127109,451760.0,1.0,2,25.386769,296071.588986,296071.588986,8453284.2184727,25539528.337299403,1004988.6662225,25832640.5070565,196695081.6953235,50,0,0
Z3,29,10, 720,35840.0,0.051109,701246.355828,702744.0,1.0,2,25.386769,346044.03473,346044.03473,8453284.2184727,25539528.337299403,1004988.6662225,25832640.5070565,196695081.6953235,50,0,0
Z3,30,10, 720,13072.0,0.050998,256323.777403,261440.0,1.0,2,25.386769,257059.519045,257059.519045,8453284.2184727,25539528.337299403,1004988.6662225,25832640.5070565,196695081.6953235,50,0,0
Z3,31,10, 720,20608.0,0.051006,404030.898326,404072.0,1.0,2,25.386769,286600.943229,286600.943229,8453284.2184727,25539528.337299403,1004988.6662225,25832640.5070565,196695081.6953235,50,0,0
Z3,32,10, 720,22584.0,0.050984,442962.498039,451680.0,1.0,2,25.386769,294387.263172,294387.263172,8453284.2184727,25539528.337299403,1004988.6662225,25832640.5070565,196695081.6953235,50,0,0
Z3,33,10, 720,14712.0,0.05101,288414.036463,288464.0,1.0,2,25.386769,263477.570857,263477.570857,8453284.2184727,25539528.337299403,1004988.6662225,25832640.5070565,196695081.6953235,50,0,0
Z3,34,10, 720,20512.0,0.05108,401566.170713,402192.0,1.0,2,25.386769,286107.997707,286107.997707,8453284.2184727,25539528.337299403,1004988.6662225,25832640.5070565,196695081.6953235,50,0,0
Z3,35,10, 720,17992.0,0.050996,352811.985254,359840.0,1.0,2,25.386769,276357.160615,276357.160615,8453284.2184727,25539528.337299403,1004988.6662225,25832640.5070565,196695081.6953235,50,0,0
Z3,36,10, 720,11464.0,0.050957,224973.997684,229280.0,1.0,2,25.386769,250789.563101,250789.563101,8453284.2184727,25539528.337299403,1004988.6662225,25832640.5070565,196695081.6953235,50,0,0
Z3,37,10, 720,22376.0,0.051006,438693.487041,438744.0,1.0,2,25.386769,293533.460972,293533.460972,8453284.2184727,25539528.337299403,1004988.6662225,25832640.5070565,196695081.6953235,50,0,0
Z3,38,10, 720,29088.0,0.051078,569481.968754,570352.0,1.0,2,25.386769,319691.157315,319691.157315,8453284.2184727,25539528.337299403,1004988.6662225,25832640.5070565,196695081.6953235,50,0,0
Z1,0,11, 720,36680.0,0.173039,211975.33504,212016.0,1.0,2,28.211847,327643.154773,327643.154773,8453284.2184727,25539528.337299403,1004988.6662225,25832640.5070565,196695081.6953235,50,0,0
Z2,0,11, 720,6624.0,0.172917,38307.396034,38504.0,1.0,2,28.211847,292909.566972,292909.566972,8453284.2184727,25539528.337299403,1004988.6662225,25832640.5070565,196695081.6953235,50,0,0
Z2,1,11, 720,8224.0,0.050974,161337.152274,164480.0,1.0,2,28.211847,317515.51822,317515.51822,8453284.2184727,25539528.337299403,1004988.6662225,25832640.5070565,196695081.6953235,50,0,0
Z2,2,11, 720,8720.0,0.050973,171070.959135,174400.0,1.0,2,28.211847,319462.279592,319462.279592,8453284.2184727,25539528.337299403,1004988.6662225,25832640.5070565,196695081.6953235,50,0,0
Z2,3,11, 720,10080.0,0.050993,197674.190575,201600.0,1.0,2,28.211847,324782.92588,324782.92588,8453284.2184727,25539528.337299403,1004988.6662225,25832640.5070565,196695081.6953235,50,0,0
Z2,4,11, 720,36112.0,0.051093,706789.579786,708072.0,1.0,2,28.211847,426606.003722,426606.003722,8453284.2184727,25539528.337299403,1004988.6662225,25832640.5070565,196695081.6953235,50,0,0
Z2,5,11, 720,39392.0,0.051133,770383.118534,772392.0,1.0,2,28.211847,439324.711472,439324.711472,8453284.2184727,25539528.337299403,1004988.6662225,25832640.5070565,196695081.6953235,50,0,0
Z2,6,11, 720,43216.0,0.051164,844656.399031,847368.0,1.0,2,28.211847,454179.367571,454179.367571,8453284.2184727,25539528.337299403,1004988.6662225,25832640.5070565,196695081.6953235,50,0,0
Z2,7,11, 720,41864.0,0.051183,817927.827599,820856.0,1.0,2,28.211847,448833.653285,448833.653285,8453284.2184727,25539528.337299403,1004988.6662225,25832640.5070565,196695081.6953235,50,0,0
Z3,0,11, 720,11320.0,0.172386,65666.585454,65808.0,1.0,2,28.211847,298381.404856,298381.404856,8453284.2184727,25539528.337299403,1004988.6662225,25832640.5070565,196695081.6953235,50,0,0
Z3,1,11, 720,16208.0,0.051029,317623.312234,317800.0,1.0,2,28.211847,348772.750212,348772.750212,8453284.2184727,25539528.337299403,1004988.6662225,25832640.5070565,196695081.6953235,50,0,0
Z3,2,11, 720,12920.0,0.050914,253761.244451,258400.0,1.0,2,28.211847,336000.336655,336000.336655,8453284.2184727,25539528.337299403,1004988.6662225,25832640.5070565,196695081.6953235,50,0,0
Z3,3,11, 720,8968.0,0.050773,176629.310854,179360.0,1.0,2,28.211847,320573.949936,320573.949936,8453284.2184727,25539528.337299403,1004988.6662225,25832640.5070565,196695081.6953235,50,0,0
Z3,4,11, 720,12016.0,0.050926,235950.202254,240320.0,1.0,2,28.211847,332438.128216,332438.128216,8453284.2184727,25539528.337299403,1004988.6662225,25832640.5070565,196695081.6953235,50,0,0
Z3,5,11, 720,21880.0,0.050965,429314.235259,437600.0,1.0,2,28.211847,371110.934817,371110.934817,8453284.2184727,25539528.337299403,1004988.6662225,25832640.5070565,196695081.6953235,50,0,0
Z3,6,11, 720,13408.0,0.050897,263433.994145,268160.0,1.0,2,28.211847,337934.886594,337934.886594,8453284.2184727,25539528.337299403,1004988.6662225,25832640.5070565,196695081.6953235,50,0,0
Z3,7,11, 720,14528.0,0.050917,285327.100968,290560.0,1.0,2,28.211847,342313.507959,342313.507959,8453284.2184727,25539528.337299403,1004988.6662225,25832640.5070565,196695081.6953235,50,0,0
Z3,8,11, 720,15928.0,0.050934,312718.419916,318560.0,1.0,2,28.211847,347791.771748,347791.771748,8453284.2184727,25539528.337299403,1004988.6662225,25832640.5070565,196695081.6953235,50,0,0
Z3,9,11, 720,23504.0,0.050991,460944.088172,470080.0,1.0,2,28.211847,377436.905399,377436.905399,8453284.2184727,25539528.337299403,1004988.6662225,25832640.5070565,196695081.6953235,50,0,0
Z3,10,11, 720,50640.0,0.05105,991968.658178,992936.0,1.0,2,28.211847,483641.819401,483641.819401,8453284.2184727,25539528.337299403,1004988.6662225,25832640.5070565,196695081.6953235,50,0,0
Z3,11,11, 720,47296.0,0.051033,926772.872455,927368.0,1.0,2,28.211847,470602.662256,470602.662256,8453284.2184727,25539528.337299403,1004988.6662225,25832640.5070565,196695081.6953235,50,0,0
Z3,12,11, 720,34344.0,0.050982,673649.523361,686880.0,1.0,2,28.211847,419977.992437,419977.992437,8453284.2184727,25539528.337299403,1004988.6662225,25832640.5070565,196695081.6953235,50,0,0
Z3,13,11, 720,73648.0,0.051214,1438044.284766,1444072.0,1.0,2,28.211847,572856.944718,572856.944718,8453284.2184727,25539528.337299403,1004988.6662225,25832640.5070565,196695081.6953235,50,0,0
Z3,14,11, 720,59920.0,0.051093,1172763.392246,1174896.0,1.0,2,28.211847,519800.766214,519800.766214,8453284.2184727,25539528.337299403,1004988.6662225,25832640.5070565,196695081.6953235,50,0,0
Z3,15,11, 720,40664.0,0.050987,797536.626983,813280.0,1.0,2,28.211847,444755.413162,444755.413162,8453284.2184727,25539528.337299403,1004988.6662225,25832640.5070565,196695081.6953235,50,0,0
Z3,16,11, 720,56880.0,0.051137,1112306.157968,1115288.0,1.0,2,28.211847,507709.319358,507709.319358,8453284.2184727,25539528.337299403,1004988.6662225,25832640.5070565,196695081.6953235,50,0,0
Z3,17,11, 720,57216.0,0.051097,1119752.627356,1121880.0,1.0,2,28.211847,509198.613236,509198.613236,8453284.2184727,25539528.337299403,1004988.6662225,25832640.5070565,196695081.6953235,50,0,0
Z3,18,11, 720,28160.0,0.051008,552070.263488,552152.0,1.0,2,28.211847,395662.140463,395662.140463,8453284.2184727,25539528.337299403,1004988.6662225,25832640.5070565,196695081.6953235,50,0,0
Z3,19,11, 720,76696.0,0.051275,1495777.66943,1503840.0,1.0,2,28.211847,584403.621651,584403.621651,8453284.2184727,25539528.337299403,1004988.6662225,25832640.5070565,196695081.6953235,50,0,0
Z3,20,11, 720,80520.0,0.051296,1569713.038054,1578816.0,1.0,2,28.211847,599190.695376,599190.695376,8453284.2184727,25539528.337299403,1004988.6662225,25832640.5070565,196695081.6953235,50,0,0
Z3,21,11, 720,66560.0,0.051115,1302161.792038,1305096.0,1.0,2,28.211847,545680.446172,545680.446172,8453284.2184727,25539528.337299403,1004988.6662225,25832640.5070565,196695081.6953235,50,0,0
Z3,22,11, 720,77808.0,0.051199,1519717.181976,1525640.0,1.0,2,28.211847,589191.52416,589191.52416,8453284.2184727,25539528.337299403,1004988.6662225,25832640.5070565,196695081.6953235,50,0,0
Z3,23,11, 720,55056.0,0.051084,1077754.287057,1079528.0,1.0,2,28.211847,500798.945176,500798.945176,8453284.2184727,25539528.337299403,1004988.6662225,25832640.5070565,196695081.6953235,50,0,0
Z3,24,11, 720,36552.0,0.051025,716354.728074,716704.0,1.0,2,28.211847,428519.03338,428519.03338,8453284.2184727,25539528.337299403,1004988.6662225,25832640.5070565,196695081.6953235,50,0,0
Z3,25,11, 720,100304.0,0.051275,1956196.977084,1966744.0,1.0,2,28.211847,676487.483182,676487.483182,8453284.2184727,25539528.337299403,1004988.6662225,25832640.5070565,196695081.6953235,50,0,0
Z3,26,11, 720,133264.0,0.051632,2581035.017044,2613016.0,1.0,2,28.211847,801455.091174,801455.091174,8453284.2184727,25539528.337299403,1004988.6662225,25832640.5070565,196695081.6953235,50,0,0
Z3,27,11, 720,50760.0,0.05119,991599.92186,995288.0,1.0,2,28.211847,483568.072137,483568.072137,8453284.2184727,25539528.337299403,1004988.6662225,25832640.5070565,196695081.6953235,50,0,0
Z3,28,11, 720,14528.0,0.050928,285265.472824,290560.0,1.0,2,28.211847,342301.18233,342301.18233,8453284.2184727,25539528.337299403,1004988.6662225,25832640.5070565,196695081.6953235,50,0,0
Z3,29,11, 720,24392.0,0.051022,478068.28427,478272.0,1.0,2,28.211847,380861.744619,380861.744619,8453284.2184727,25539528.337299403,1004988.6662225,25832640.5070565,196695081.6953235,50,0,0
Z3,30,11, 720,22216.0,0.050923,436266.52004,444320.0,1.0,2,28.211847,372501.391773,372501.391773,8453284.2184727,25539528.337299403,1004988.6662225,25832640.5070565,196695081.6953235,50,0,0
Z3,31,11, 720,14368.0,0.050928,282123.782595,287360.0,1.0,2,28.211847,341672.844284,341672.844284,8453284.2184727,25539528.337299403,1004988.6662225,25832640.5070565,196695081.6953235,50,0,0
Z3,32,11, 720,21288.0,0.050956,417772.19562,425760.0,1.0,2,28.211847,368802.526889,368802.526889,8453284.2184727,25539528.337299403,1004988.6662225,25832640.5070565,196695081.6953235,50,0,0
Z3,33,11, 720,18544.0,0.050953,363943.241811,370880.0,1.0,2,28.211847,358036.736127,358036.736127,8453284.2184727,25539528.337299403,1004988.6662225,25832640.5070565,196695081.6953235,50,0,0
Z3,34,11, 720,12272.0,0.050886,241166.529104,245440.0,1.0,2,28.211847,333481.393586,333481.393586,8453284.2184727,25539528.337299403,1004988.6662225,25832640.5070565,196695081.6953235,50,0,0
Z3,35,11, 720,21736.0,0.050957,426555.723453,434720.0,1.0,2,28.211847,370559.232456,370559.232456,8453284.2184727,25539528.337299403,1004988.6662225,25832640.5070565,196695081.6953235,50,0,0
Z3,36,11, 720,22688.0,0.050927,445500.422173,453760.0,1.0,2,28.211847,374348.172199,374348.172199,8453284.2184727,25539528.337299403,1004988.6662225,25832640.5070565,196695081.6953235,50,0,0
Z3,37,11, 720,17768.0,0.050928,348884.699969,355360.0,1.0,2,28.211847,355025.027759,355025.027759,8453284.2184727,25539528.337299403,1004988.6662225,25832640.5070565,196695081.6953235,50,0,0
Z3,38,11, 720,33352.0,0.051006,653883.856801,653960.0,1.0,2,28.211847,416024.859125,416024.859125,8453284.2184727,25539528.337299403,1004988.6662225,25832640.5070565,196695081.6953235,50,0,0
Z1,0,12, 4K,11144.0,0.17346,64245.359161,64416.0,1.0,2,31.034245,394961.65542,394961.65542,8453284.2184727,25539528.337299403,1004988.6662225,25832640.5070565,196695081.6953235,50,0,0
Z2,0,12, 1080,6624.0,0.173258,38232.000831,38288.0,1.0,2,31.034245,389758.983754,389758.983754,8453284.2184727,25539528.337299403,1004988.6662225,25832640.5070565,196695081.6953235,50,0,0
Z2,1,12, 1080,8352.0,0.051025,163684.468398,163760.0,1.0,2,31.034245,414849.477267,414849.477267,8453284.2184727,25539528.337299403,1004988.6662225,25832640.5070565,196695081.6953235,50,0,0
Z2,2,12, 1080,8680.0,0.050967,170306.27661,173600.0,1.0,2,31.034245,416173.83891,416173.83891,8453284.2184727,25539528.337299403,1004988.6662225,25832640.5070565,196695081.6953235,50,0,0
Z2,3,12, 1080,33456.0,0.051162,653922.833353,656000.0,1.0,2,31.034245,512897.150258,512897.150258,8453284.2184727,25539528.337299403,1004988.6662225,25832640.5070565,196695081.6953235,50,0,0
Z2,4,12, 1080,13120.0,0.050984,257335.634709,262400.0,1.0,2,31.034245,433579.71053,433579.71053,8453284.2184727,25539528.337299403,1004988.6662225,25832640.5070565,196695081.6953235,50,0,0
Z2,5,12, 1080,110384.0,0.101817,1084141.15521,1092904.0,1.0,2,31.034245,598940.81463,598940.81463,8453284.2184727,25539528.337299403,1004988.6662225,25832640.5070565,196695081.6953235,50,0,0
Z2,6,12, 1080,52208.0,0.05113,1021083.512615,1023680.0,1.0,2,31.034245,586329.286111,586329.286111,8453284.2184727,25539528.337299403,1004988.6662225,25832640.5070565,196695081.6953235,50,0,0
Z2,7,12, 1080,36216.0,0.051054,709366.553061,710112.0,1.0,2,31.034245,523985.8942,523985.8942,8453284.2184727,25539528.337299403,1004988.6662225,25832640.5070565,196695081.6953235,50,0,0
Z3,0,12, 720,7896.0,0.175997,44864.401098,45120.0,1.0,2,31.034245,391085.463807,391085.463807,8453284.2184727,25539528.337299403,1004988.6662225,25832640.5070565,196695081.6953235,50,0,0
Z3,1,12, 720,10520.0,0.051029,206157.283114,206272.0,1.0,2,31.034245,423344.040211,423344.040211,8453284.2184727,25539528.337299403,1004988.6662225,25832640.5070565,196695081.6953235,50,0,0
Z3,2,12, 720,20088.0,0.051105,393073.084825,393880.0,1.0,2,31.034245,460727.200553,460727.200553,8453284.2184727,25539528.337299403,1004988.6662225,25832640.5070565,196695081.6953235,50,0,0
Z3,3,12, 720,10320.0,0.050926,202646.977968,206400.0,1.0,2,31.034245,422641.979182,422641.979182,8453284.2184727,25539528.337299403,1004988.6662225,25832640.5070565,196695081.6953235,50,0,0
Z3,4,12, 720,12664.0,0.050931,248650.134496,253280.0,1.0,2,31.034245,431842.610487,431842.610487,8453284.2184727,25539528.337299403,1004988.6662225,25832640.5070565,196695081.6953235,50,0,0
Z3,5,12, 720,15440.0,0.051048,302460.4294,302744.0,1.0,2,31.034245,442604.669468,442604.669468,8453284.2184727,25539528.337299403,1004988.6662225,25832640.5070565,196695081.6953235,50,0,0
Z3,6,12, 720,7712.0,0.050906,151494.912191,154240.0,1.0,2,31.034245,412411.566026,412411.566026,8453284.2184727,25539528.337299403,1004988.6662225,25832640.5070565,196695081.6953235,50,0,0
Z3,7,12, 720,10120.0,0.050944,198649.497487,202400.0,1.0,2,31.034245,421842.483085,421842.483085,8453284.2184727,25539528.337299403,1004988.6662225,25832640.5070565,196695081.6953235,50,0,0
Z3,8,12, 720,7576.0,0.05083,149045.839071,151520.0,1.0,2,31.034245,411921.751402,411921.751402,8453284.2184727,25539528.337299403,1004988.6662225,25832640.5070565,196695081.6953235,50,0,0
Z3,9,12, 720,24720.0,0.050989,484810.449313,494400.0,1.0,2,31.034245,479074.67345,479074.67345,8453284.2184727,25539528.337299403,1004988.6662225,25832640.5070565,196695081.6953235,50,0,0
Z3,10,12, 720,60536.0,0.051096,1184750.273994,1186976.0,1.0,2,31.034245,619062.638387,619062.638387,8453284.2184727,25539528.337299403,1004988.6662225,25832640.5070565,196695081.6953235,50,0,0
Z3,11,12, 720,65616.0,0.05122,1281062.085123,1286584.0,1.0,2,31.034245,638325.000613,638325.000613,8453284.2184727,25539528.337299403,1004988.6662225,25832640.5070565,196695081.6953235,50,0,0
Z3,12,12, 720,38936.0,0.051038,762882.558094,763448.0,1.0,2,31.034245,534689.095207,534689.095207,8453284.2184727,25539528.337299403,1004988.6662225,25832640.5070565,196695081.6953235,50,0,0
Z3,13,12, 720,87896.0,0.051314,1712904.860272,1723448.0,1.0,2,31.034245,724693.555642,724693.555642,8453284.2184727,25539528.337299403,1004988.6662225,25832640.5070565,196695081.6953235,50,0,0
Z3,14,12, 720,78296.0,0.051253,1527637.406591,1535208.0,1.0,2,31.034245,687640.064906,687640.064906,8453284.2184727,25539528.337299403,1004988.6662225,25832640.5070565,196695081.6953235,50,0,0
Z3,15,12, 720,45720.0,0.051075,895154.185022,896464.0,1.0,2,31.034245,561143.420592,561143.420592,8453284.2184727,25539528.337299403,1004988.6662225,25832640.5070565,196695081.6953235,50,0,0
Z3,16,12, 720,82616.0,0.051303,1610354.170321,1619920.0,1.0,2,31.034245,704183.417652,704183.417652,8453284.2184727,25539528.337299403,1004988.6662225,25832640.5070565,196695081.6953235,50,0,0
Z3,17,12, 720,109704.0,0.051685,2122550.062881,2151056.0,1.0,2,31.034245,806622.596164,806622.596164,8453284.2184727,25539528.337299403,1004988.6662225,25832640.5070565,196695081.6953235,50,0,0
Z3,18,12, 720,36544.0,0.050916,717731.165056,730880.0,1.0,2,31.034245,525658.816599,525658.816599,8453284.2184727,25539528.337299403,1004988.6662225,25832640.5070565,196695081.6953235,50,0,0
Z3,19,12, 720,28840.0,0.051049,564947.403475,565488.0,1.0,2,31.034245,495102.064283,495102.064283,8453284.2184727,25539528.337299403,1004988.6662225,25832640.5070565,196695081.6953235,50,0,0
Z3,20,12, 720,75104.0,0.05133,1463159.945451,1472624.0,1.0,2,31.034245,674744.572678,674744.572678,8453284.2184727,25539528.337299403,1004988.6662225,25832640.5070565,196695081.6953235,50,0,0
Z3,21,12, 720,96504.0,0.051437,1876159.185022,1892232.0,1.0,2,31.034245,757344.420592,757344.420592,8453284.2184727,25539528.337299403,1004988.6662225,25832640.5070565,196695081.6953235,50,0,0
Z3,22,12, 720,42960.0,0.051064,841297.195676,842352.0,1.0,2,31.034245,550372.022723,550372.022723,8453284.2184727,25539528.337299403,1004988.6662225,25832640.5070565,196695081.6953235,50,0,0
Z3,23,12, 720,68064.0,0.05116,1330414.386239,1334584.0,1.0,2,31.034245,648195.460836,648195.460836,8453284.2184727,25539528.337299403,1004988.6662225,25832640.5070565,196695081.6953235,50,0,0
Z3,24,12, 720,50352.0,0.051086,985632.071409,987288.0,1.0,2,31.034245,579238.99787,579238.99787,8453284.2184727,25539528.337299403,1004988.6662225,25832640.5070565,196695081.6953235,50,0,0
Z3,25,12, 720,31856.0,0.050986,624798.964422,637120.0,1.0,2,31.034245,507072.376472,507072.376472,8453284.2184727,25539528.337299403,1004988.6662225,25832640.5070565,196695081.6953235,50,0,0
Z3,26,12, 720,130312.0,0.051486,2531018.140854,2555136.0,1.0,2,31.034245,888316.211759,888316.211759,8453284.2184727,25539528.337299403,1004988.6662225,25832640.5070565,196695081.6953235,50,0,0
Z3,27,12, 720,138080.0,0.051506,2680852.716188,2707448.0,1.0,2,31.034245,918283.126826,918283.126826,8453284.2184727,25539528.337299403,1004988.6662225,25832640.5070565,196695081.6953235,50,0,0
Z3,28,12, 720,62000.0,0.051145,1212239.710627,1215680.0,1.0,2,31.034245,624560.525713,624560.525713,8453284.2184727,25539528.337299403,1004988.6662225,25832640.5070565,196695081.6953235,50,0,0
Z3,29,12, 720,77544.0,0.051222,1513880.754363,1520464.0,1.0,2,31.034245,684888.734461,684888.734461,8453284.2184727,25539528.337299403,1004988.6662225,25832640.5070565,196695081.6953235,50,0,0
Z3,30,12, 720,14080.0,0.05102,275970.207762,276072.0,1.0,2,31.034245,437306.62514,437306.62514,8453284.2184727,25539528.337299403,1004988.6662225,25832640.5070565,196695081.6953235,50,0,0
Z3,31,12, 720,21056.0,0.050869,413925.966699,421120.0,1.0,2,31.034245,464897.776928,464897.776928,8453284.2184727,25539528.337299403,1004988.6662225,25832640.5070565,196695081.6953235,50,0,0
Z3,32,12, 720,21064.0,0.050978,413197.850053,421280.0,1.0,2,31.034245,464752.153598,464752.153598,8453284.2184727,25539528.337299403,1004988.6662225,25832640.5070565,196695081.6953235,50,0,0
Z3,33,12, 720,16432.0,0.05102,322069.776558,322192.0,1.0,2,31.034245,446526.5389,446526.5389,8453284.2184727,25539528.337299403,1004988.6662225,25832640.5070565,196695081.6953235,50,0,0
Z3,34,12, 720,26024.0,0.050993,510344.557096,520480.0,1.0,2,31.034245,484181.495007,484181.495007,8453284.2184727,25539528.337299403,1004988.6662225,25832640.5070565,196695081.6953235,50,0,0
Z3,35,12, 720,25696.0,0.051064,503211.655961,503840.0,1.0,2,31.034245,482754.91478,482754.91478,8453284.2184727,25539528.337299403,1004988.6662225,25832640.5070565,196695081.6953235,50,0,0
Z3,36,12, 720,13400.0,0.050886,263333.726369,268000.0,1.0,2,31.034245,434779.328862,434779.328862,8453284.2184727,25539528.337299403,1004988.6662225,25832640.5070565,196695081.6953235,50,0,0
Z3,37,12, 720,31112.0,0.050903,611201.697346,622240.0,1.0,2,31.034245,504352.923057,504352.923057,8453284.2184727,25539528.337299403,1004988.6662225,25832640.5070565,196695081.6953235,50,0,0
Z3,38,12, 720,34872.0,0.05106,682961.222092,683760.0,1.0,2,31.034245,518704.828006,518704.828006,8453284.2184727,25539528.337299403,1004988.6662225,25832640.5070565,196695081.6953235,50,0,0
