Zone, Tile_no, Seg_no, Reso, Seg_d_size, Seg_d_time, Bitrate, Bitrate1, Buf_lev, Buf_limit, Elapsed, Ref_vp, Local_avg
Z1, 0, 1, 720, 9960.000000, 0.161039, 61848.372133, 61856.000000, 1.000000, 2, 0.000061, 61848.372133, 61848.372133
Z2, 0, 1, 720, 8952.000000, 0.189650, 47202.741893, 47360.000000, 1.000000, 2, 0.000061, 23601.370946, 23601.370946
Z2, 1, 1, 720, 5424.000000, 0.070917, 76483.776810, 77480.000000, 1.000000, 2, 0.000061, 25494.592270, 25494.592270
Z2, 2, 1, 720, 7080.000000, 0.073925, 95772.742645, 96984.000000, 1.000000, 2, 0.000061, 23943.185661, 23943.185661
Z2, 3, 1, 720, 18976.000000, 0.056135, 338042.219649, 338856.000000, 1.000000, 2, 0.000061, 67608.443930, 67608.443930
Z2, 4, 1, 720, 8720.000000, 0.065921, 132279.546730, 134152.000000, 1.000000, 2, 0.000061, 26455.909346, 26455.909346
Z2, 5, 1, 720, 8336.000000, 0.056967, 146330.331595, 148856.000000, 1.000000, 2, 0.000061, 29266.066319, 29266.066319
Z2, 6, 1, 720, 6376.000000, 0.041381, 154080.375051, 155512.000000, 1.000000, 2, 0.000061, 30816.075010, 30816.075010
Z2, 7, 1, 720, 6872.000000, 0.036520, 188170.865279, 190888.000000, 1.000000, 2, 0.000061, 37634.173056, 37634.173056
Z3, 0, 1, 720, 7080.000000, 0.207147, 34178.626772, 34200.000000, 1.000000, 2, 0.000061, 6835.725354, 6835.725354
Z3, 1, 1, 720, 7080.000000, 0.031743, 223041.300444, 228384.000000, 1.000000, 2, 0.000061, 44608.260089, 44608.260089
Z3, 2, 1, 720, 5664.000000, 0.029988, 188875.550220, 195304.000000, 1.000000, 2, 0.000061, 37775.110044, 37775.110044
Z3, 3, 1, 720, 7080.000000, 0.057377, 123394.391481, 124208.000000, 1.000000, 2, 0.000061, 24678.878296, 24678.878296
Z3, 4, 1, 720, 7080.000000, 0.053173, 133150.283038, 133584.000000, 1.000000, 2, 0.000061, 26630.056608, 26630.056608
Z3, 5, 1, 720, 5664.000000, 0.053996, 104896.659012, 106864.000000, 1.000000, 2, 0.000061, 20979.331802, 20979.331802
Z3, 6, 1, 720, 7080.000000, 0.072506, 97647.091275, 98328.000000, 1.000000, 2, 0.000061, 19529.418255, 19529.418255
Z3, 7, 1, 720, 7080.000000, 0.064437, 109874.761395, 110624.000000, 1.000000, 2, 0.000061, 21974.952279, 21974.952279
Z3, 8, 1, 720, 5664.000000, 0.032934, 171980.324285, 177000.000000, 1.000000, 2, 0.000061, 34396.064857, 34396.064857
Z3, 9, 1, 720, 7080.000000, 0.059279, 119435.213145, 120000.000000, 1.000000, 2, 0.000061, 23887.042629, 23887.042629
Z3, 10, 1, 720, 12904.000000, 0.042744, 301890.323788, 307232.000000, 1.000000, 2, 0.000061, 60378.064758, 60378.064758
Z3, 11, 1, 720, 17344.000000, 0.032166, 539202.885034, 542000.000000, 1.000000, 2, 0.000061, 107840.577007, 107840.577007
Z3, 12, 1, 720, 16912.000000, 0.050312, 336142.470981, 338240.000000, 1.000000, 2, 0.000061, 67228.494196, 67228.494196
Z3, 13, 1, 720, 13240.000000, 0.054703, 242034.257719, 245184.000000, 1.000000, 2, 0.000061, 48406.851544, 48406.851544
Z3, 14, 1, 720, 28328.000000, 0.071322, 397184.599422, 398984.000000, 1.000000, 2, 0.000061, 79436.919884, 79436.919884
Z3, 15, 1, 720, 30528.000000, 0.060205, 507067.519309, 508800.000000, 1.000000, 2, 0.000061, 101413.503862, 101413.503862
Z3, 16, 1, 720, 16360.000000, 0.048916, 334450.895413, 340832.000000, 1.000000, 2, 0.000061, 66890.179083, 66890.179083
Z3, 17, 1, 720, 33216.000000, 0.051542, 644445.306740, 651288.000000, 1.000000, 2, 0.000061, 128889.061348, 128889.061348
Z3, 18, 1, 720, 28000.000000, 0.075679, 369983.747143, 373328.000000, 1.000000, 2, 0.000061, 73996.749429, 73996.749429
Z3, 19, 1, 720, 15744.000000, 0.054508, 288838.335657, 291552.000000, 1.000000, 2, 0.000061, 57767.667131, 57767.667131
Z3, 20, 1, 720, 16024.000000, 0.029115, 550369.225485, 552544.000000, 1.000000, 2, 0.000061, 110073.845097, 110073.845097
Z3, 21, 1, 720, 11576.000000, 0.030216, 383108.287000, 385864.000000, 1.000000, 2, 0.000061, 76621.657400, 76621.657400
Z3, 22, 1, 720, 10816.000000, 0.032036, 337620.177301, 338000.000000, 1.000000, 2, 0.000061, 67524.035460, 67524.035460
Z3, 23, 1, 720, 13224.000000, 0.044179, 299327.734897, 300544.000000, 1.000000, 2, 0.000061, 59865.546979, 59865.546979
Z3, 24, 1, 720, 17528.000000, 0.041596, 421386.671795, 427512.000000, 1.000000, 2, 0.000061, 84277.334359, 84277.334359
Z3, 25, 1, 720, 23824.000000, 0.072231, 329830.682117, 330888.000000, 1.000000, 2, 0.000061, 65966.136423, 65966.136423
Z3, 26, 1, 720, 11024.000000, 0.035056, 314468.279325, 314968.000000, 1.000000, 2, 0.000061, 62893.655865, 62893.655865
Z3, 27, 1, 720, 15112.000000, 0.063637, 237471.910995, 239872.000000, 1.000000, 2, 0.000061, 47494.382199, 47494.382199
Z3, 28, 1, 720, 24552.000000, 0.073511, 333990.831304, 336328.000000, 1.000000, 2, 0.000061, 66798.166261, 66798.166261
Z3, 29, 1, 720, 10824.000000, 0.067700, 159881.831610, 161552.000000, 1.000000, 2, 0.000061, 31976.366322, 31976.366322
Z3, 30, 1, 720, 6872.000000, 0.046684, 147202.467655, 149384.000000, 1.000000, 2, 0.000061, 29440.493531, 29440.493531
Z3, 31, 1, 720, 6872.000000, 0.045464, 151152.560267, 152704.000000, 1.000000, 2, 0.000061, 30230.512053, 30230.512053
Z3, 32, 1, 720, 6376.000000, 0.039002, 163478.795959, 163480.000000, 1.000000, 2, 0.000061, 32695.759192, 32695.759192
Z3, 33, 1, 720, 6872.000000, 0.064907, 105874.558984, 107368.000000, 1.000000, 2, 0.000061, 21174.911797, 21174.911797
Z3, 34, 1, 720, 6872.000000, 0.054494, 126105.626307, 127256.000000, 1.000000, 2, 0.000061, 25221.125261, 25221.125261
Z3, 35, 1, 720, 6376.000000, 0.043465, 146692.741286, 148272.000000, 1.000000, 2, 0.000061, 29338.548257, 29338.548257
Z3, 36, 1, 720, 6872.000000, 0.046466, 147893.083115, 149384.000000, 1.000000, 2, 0.000061, 29578.616623, 29578.616623
Z3, 37, 1, 720, 6872.000000, 0.072330, 95008.986589, 95440.000000, 1.000000, 2, 0.000061, 19001.797318, 19001.797318
Z3, 38, 1, 720, 6376.000000, 0.045345, 140610.872202, 141688.000000, 1.000000, 2, 0.000061, 28122.174440, 28122.174440
Z1, 0, 2, 720, 7080.000000, 0.201202, 35188.517013, 35216.000000, 1.000000, 2, 2.910746, 35159.877843, 35159.877843
Z2, 0, 2, 720, 6624.000000, 0.165024, 40139.616056, 40144.000000, 1.000000, 2, 2.910746, 36150.097652, 36150.097652
Z2, 1, 2, 720, 5424.000000, 0.064778, 83732.131279, 84744.000000, 1.000000, 2, 2.910746, 44868.600696, 44868.600696
Z2, 2, 2, 720, 7080.000000, 0.026254, 269673.192656, 272304.000000, 1.000000, 2, 2.910746, 82056.812972, 82056.812972
Z2, 3, 2, 720, 12648.000000, 0.065477, 193167.066298, 194584.000000, 1.000000, 2, 2.910746, 66755.587700, 66755.587700
Z2, 4, 2, 720, 15344.000000, 0.059822, 256494.266323, 260064.000000, 1.000000, 2, 2.910746, 79421.027705, 79421.027705
Z2, 5, 2, 720, 18392.000000, 0.062824, 292754.361391, 296640.000000, 1.000000, 2, 2.910746, 86673.046719, 86673.046719
Z2, 6, 2, 720, 9160.000000, 0.029949, 305853.283916, 315856.000000, 1.000000, 2, 2.910746, 89292.831224, 89292.831224
Z2, 7, 2, 720, 8048.000000, 0.057674, 139542.948296, 141192.000000, 1.000000, 2, 2.910746, 56030.764100, 56030.764100
Z3, 0, 2, 720, 7080.000000, 0.224421, 31547.849800, 31600.000000, 1.000000, 2, 2.910746, 34431.744400, 34431.744400
Z3, 1, 2, 720, 7080.000000, 0.040261, 175852.562033, 177000.000000, 1.000000, 2, 2.910746, 63292.686847, 63292.686847
Z3, 2, 2, 720, 5664.000000, 0.068090, 83184.021148, 83288.000000, 1.000000, 2, 2.910746, 44758.978670, 44758.978670
Z3, 3, 2, 720, 7080.000000, 0.028538, 248090.265611, 252856.000000, 1.000000, 2, 2.910746, 77740.227563, 77740.227563
Z3, 4, 2, 720, 7080.000000, 0.045266, 156408.783635, 157328.000000, 1.000000, 2, 2.910746, 59403.931167, 59403.931167
Z3, 5, 2, 720, 5664.000000, 0.043858, 129144.055816, 131720.000000, 1.000000, 2, 2.910746, 53950.985604, 53950.985604
Z3, 6, 2, 720, 7080.000000, 0.040210, 176075.603084, 177000.000000, 1.000000, 2, 2.910746, 63337.295057, 63337.295057
Z3, 7, 2, 720, 7080.000000, 0.043757, 161802.682999, 164648.000000, 1.000000, 2, 2.910746, 60482.711040, 60482.711040
Z3, 8, 2, 720, 5664.000000, 0.055427, 102188.464106, 102976.000000, 1.000000, 2, 2.910746, 48559.867262, 48559.867262
Z3, 9, 2, 720, 17112.000000, 0.040762, 419802.757470, 427800.000000, 1.000000, 2, 2.910746, 112082.725934, 112082.725934
Z3, 10, 2, 720, 15320.000000, 0.037356, 410108.148624, 414048.000000, 1.000000, 2, 2.910746, 110143.804165, 110143.804165
Z3, 11, 2, 720, 10704.000000, 0.035771, 299236.811943, 305824.000000, 1.000000, 2, 2.910746, 87969.536829, 87969.536829
Z3, 12, 2, 720, 18776.000000, 0.067613, 277698.075814, 280232.000000, 1.000000, 2, 2.910746, 83661.789603, 83661.789603
Z3, 13, 2, 720, 21848.000000, 0.040221, 543198.826484, 546200.000000, 1.000000, 2, 2.910746, 136761.939737, 136761.939737
Z3, 14, 2, 720, 12752.000000, 0.045259, 281756.114806, 283376.000000, 1.000000, 2, 2.910746, 84473.397402, 84473.397402
Z3, 15, 2, 720, 21856.000000, 0.067352, 324504.097874, 326208.000000, 1.000000, 2, 2.910746, 93022.994015, 93022.994015
Z3, 16, 2, 720, 16880.000000, 0.064883, 260160.596766, 263744.000000, 1.000000, 2, 2.910746, 80154.293794, 80154.293794
Z3, 17, 2, 720, 12128.000000, 0.071735, 169066.703841, 170816.000000, 1.000000, 2, 2.910746, 61935.515209, 61935.515209
Z3, 18, 2, 720, 11592.000000, 0.033864, 342310.418143, 351272.000000, 1.000000, 2, 2.910746, 96584.258069, 96584.258069
Z3, 19, 2, 720, 9952.000000, 0.069642, 142902.271618, 144224.000000, 1.000000, 2, 2.910746, 56702.628764, 56702.628764
Z3, 20, 2, 720, 11064.000000, 0.035576, 310996.177198, 316112.000000, 1.000000, 2, 2.910746, 90321.409880, 90321.409880
Z3, 21, 2, 720, 14728.000000, 0.049173, 299513.960914, 300568.000000, 1.000000, 2, 2.910746, 88024.966623, 88024.966623
Z3, 22, 2, 720, 16264.000000, 0.075669, 214936.103292, 216848.000000, 1.000000, 2, 2.910746, 71109.395099, 71109.395099
Z3, 23, 2, 720, 9504.000000, 0.066865, 142137.142003, 144000.000000, 1.000000, 2, 2.910746, 56549.602841, 56549.602841
Z3, 24, 2, 720, 12688.000000, 0.032665, 388427.981019, 396496.000000, 1.000000, 2, 2.910746, 105807.770644, 105807.770644
Z3, 25, 2, 720, 17320.000000, 0.049530, 349687.058348, 353464.000000, 1.000000, 2, 2.910746, 98059.586110, 98059.586110
Z3, 26, 2, 720, 10632.000000, 0.057040, 186395.511921, 186520.000000, 1.000000, 2, 2.910746, 65401.276825, 65401.276825
Z3, 27, 2, 720, 9320.000000, 0.033789, 275829.411939, 282424.000000, 1.000000, 2, 2.910746, 83288.056828, 83288.056828
Z3, 28, 2, 720, 6376.000000, 0.036463, 174862.189068, 177104.000000, 1.000000, 2, 2.910746, 63094.612254, 63094.612254
Z3, 29, 2, 720, 6872.000000, 0.032038, 214495.286847, 214744.000000, 1.000000, 2, 2.910746, 71021.231810, 71021.231810
Z3, 30, 2, 720, 6872.000000, 0.061297, 112109.891186, 112648.000000, 1.000000, 2, 2.910746, 50544.152678, 50544.152678
Z3, 31, 2, 720, 6376.000000, 0.056533, 112783.683866, 113856.000000, 1.000000, 2, 2.910746, 50678.911214, 50678.911214
Z3, 32, 2, 720, 6872.000000, 0.036240, 189624.724062, 190888.000000, 1.000000, 2, 2.910746, 66047.119253, 66047.119253
Z3, 33, 2, 720, 6872.000000, 0.039851, 172442.347745, 176200.000000, 1.000000, 2, 2.910746, 62610.643989, 62610.643989
Z3, 34, 2, 720, 6376.000000, 0.042262, 150868.392409, 151808.000000, 1.000000, 2, 2.910746, 58295.852922, 58295.852922
Z3, 35, 2, 720, 6872.000000, 0.073114, 93990.207074, 94136.000000, 1.000000, 2, 2.910746, 46920.215855, 46920.215855
Z3, 36, 2, 720, 6872.000000, 0.033187, 207069.033055, 208240.000000, 1.000000, 2, 2.910746, 69535.981051, 69535.981051
Z3, 37, 2, 720, 6376.000000, 0.033336, 191264.698824, 193208.000000, 1.000000, 2, 2.910746, 66375.114205, 66375.114205
Z3, 38, 2, 720, 6872.000000, 0.039699, 173102.597043, 176200.000000, 1.000000, 2, 2.910746, 62742.693849, 62742.693849
Z1, 0, 3, 720, 9896.000000, 0.148309, 66725.552731, 66864.000000, 1.000000, 2, 5.699727, 76087.804395, 76087.804395
Z2, 0, 3, 720, 6624.000000, 0.198985, 33288.941377, 33448.000000, 1.000000, 2, 5.699727, 69400.482124, 69400.482124
Z2, 1, 3, 720, 5424.000000, 0.052841, 102647.565338, 104304.000000, 1.000000, 2, 5.699727, 83272.206916, 83272.206916
Z2, 2, 3, 720, 7080.000000, 0.028162, 251402.599247, 252856.000000, 1.000000, 2, 5.699727, 113023.213698, 113023.213698
Z2, 3, 3, 720, 18632.000000, 0.044821, 415697.998706, 423448.000000, 1.000000, 2, 5.699727, 145882.293590, 145882.293590
Z2, 4, 3, 720, 9664.000000, 0.062061, 155717.761557, 155864.000000, 1.000000, 2, 5.699727, 93886.246160, 93886.246160
Z2, 5, 3, 720, 8424.000000, 0.072316, 116488.743846, 117000.000000, 1.000000, 2, 5.699727, 86040.442618, 86040.442618
Z2, 6, 3, 720, 6376.000000, 0.067531, 94415.897884, 95160.000000, 1.000000, 2, 5.699727, 81625.873426, 81625.873426
Z2, 7, 3, 720, 6872.000000, 0.064046, 107297.879649, 107368.000000, 1.000000, 2, 5.699727, 84202.269779, 84202.269779
Z3, 0, 3, 720, 7080.000000, 0.177953, 39785.786135, 40000.000000, 1.000000, 2, 5.699727, 70699.851076, 70699.851076
Z3, 1, 3, 720, 7080.000000, 0.066934, 105775.838886, 107272.000000, 1.000000, 2, 5.699727, 83897.861626, 83897.861626
Z3, 2, 3, 720, 5664.000000, 0.031801, 178107.606679, 182704.000000, 1.000000, 2, 5.699727, 98364.215185, 98364.215185
Z3, 3, 3, 720, 7080.000000, 0.060695, 116648.817860, 118000.000000, 1.000000, 2, 5.699727, 86072.457421, 86072.457421
Z3, 4, 3, 720, 7080.000000, 0.069197, 102316.574418, 102608.000000, 1.000000, 2, 5.699727, 83206.008733, 83206.008733
Z3, 5, 3, 720, 5664.000000, 0.029613, 191267.348800, 195304.000000, 1.000000, 2, 5.699727, 100996.163609, 100996.163609
Z3, 6, 3, 720, 7080.000000, 0.028929, 244737.115006, 252856.000000, 1.000000, 2, 5.699727, 111690.116850, 111690.116850
Z3, 7, 3, 720, 7080.000000, 0.070888, 99875.860512, 101136.000000, 1.000000, 2, 5.699727, 82717.865951, 82717.865951
Z3, 8, 3, 720, 5664.000000, 0.075085, 75434.507558, 75520.000000, 1.000000, 2, 5.699727, 77829.595361, 77829.595361
Z3, 9, 3, 720, 7080.000000, 0.061840, 114489.003881, 116064.000000, 1.000000, 2, 5.699727, 85640.494625, 85640.494625
Z3, 10, 3, 720, 14120.000000, 0.057916, 243801.367498, 247712.000000, 1.000000, 2, 5.699727, 111502.967349, 111502.967349
Z3, 11, 3, 720, 17536.000000, 0.027985, 626621.404324, 649480.000000, 1.000000, 2, 5.699727, 188066.974714, 188066.974714
Z3, 12, 3, 720, 16008.000000, 0.042540, 376304.654443, 381136.000000, 1.000000, 2, 5.699727, 138003.624738, 138003.624738
Z3, 13, 3, 720, 10896.000000, 0.067686, 160978.636646, 162624.000000, 1.000000, 2, 5.699727, 94938.421178, 94938.421178
Z3, 14, 3, 720, 19720.000000, 0.044482, 443325.390045, 448176.000000, 1.000000, 2, 5.699727, 151407.771858, 151407.771858
Z3, 15, 3, 720, 20104.000000, 0.070447, 285377.659801, 287200.000000, 1.000000, 2, 5.699727, 119818.225809, 119818.225809
Z3, 16, 3, 720, 12504.000000, 0.060185, 207759.408490, 208400.000000, 1.000000, 2, 5.699727, 104294.575547, 104294.575547
Z3, 17, 3, 720, 23072.000000, 0.050051, 460969.810793, 461440.000000, 1.000000, 2, 5.699727, 154936.656008, 154936.656008
Z3, 18, 3, 720, 18112.000000, 0.048873, 370593.170053, 377328.000000, 1.000000, 2, 5.699727, 136861.327860, 136861.327860
Z3, 19, 3, 720, 12544.000000, 0.054987, 228126.648117, 232296.000000, 1.000000, 2, 5.699727, 108368.023472, 108368.023472
Z3, 20, 3, 720, 15304.000000, 0.065221, 234648.349458, 235440.000000, 1.000000, 2, 5.699727, 109672.363741, 109672.363741
Z3, 21, 3, 720, 12280.000000, 0.029455, 416907.146495, 423448.000000, 1.000000, 2, 5.699727, 146124.123148, 146124.123148
Z3, 22, 3, 720, 10368.000000, 0.045377, 228485.796769, 230400.000000, 1.000000, 2, 5.699727, 108439.853203, 108439.853203
Z3, 23, 3, 720, 10520.000000, 0.047677, 220651.467164, 223824.000000, 1.000000, 2, 5.699727, 106872.987282, 106872.987282
Z3, 24, 3, 720, 15288.000000, 0.054677, 279605.684291, 283104.000000, 1.000000, 2, 5.699727, 118663.830707, 118663.830707
Z3, 25, 3, 720, 16344.000000, 0.051834, 315314.272485, 320464.000000, 1.000000, 2, 5.699727, 125805.548346, 125805.548346
Z3, 26, 3, 720, 9016.000000, 0.075039, 120150.854889, 120208.000000, 1.000000, 2, 5.699727, 86772.864827, 86772.864827
Z3, 27, 3, 720, 13800.000000, 0.069096, 199722.125738, 200000.000000, 1.000000, 2, 5.699727, 102687.118997, 102687.118997
Z3, 28, 3, 720, 17664.000000, 0.028435, 621206.259891, 630856.000000, 1.000000, 2, 5.699727, 186983.945827, 186983.945827
Z3, 29, 3, 720, 10240.000000, 0.049434, 207144.880042, 208976.000000, 1.000000, 2, 5.699727, 104171.669857, 104171.669857
Z3, 30, 3, 720, 6872.000000, 0.054320, 126509.572901, 127256.000000, 1.000000, 2, 5.699727, 88044.608429, 88044.608429
Z3, 31, 3, 720, 6872.000000, 0.060155, 114238.217937, 114528.000000, 1.000000, 2, 5.699727, 85590.337436, 85590.337436
Z3, 32, 3, 720, 6376.000000, 0.057841, 110233.225567, 111856.000000, 1.000000, 2, 5.699727, 84789.338962, 84789.338962
Z3, 33, 3, 720, 6872.000000, 0.040488, 169729.302509, 171800.000000, 1.000000, 2, 5.699727, 96688.554351, 96688.554351
Z3, 34, 3, 720, 6872.000000, 0.064678, 106249.420205, 107368.000000, 1.000000, 2, 5.699727, 83992.577890, 83992.577890
Z3, 35, 3, 720, 6376.000000, 0.038294, 166501.279574, 167784.000000, 1.000000, 2, 5.699727, 96042.949764, 96042.949764
Z3, 36, 3, 720, 6872.000000, 0.051880, 132459.521974, 134744.000000, 1.000000, 2, 5.699727, 89234.598244, 89234.598244
Z3, 37, 3, 720, 6872.000000, 0.035027, 196191.509407, 196336.000000, 1.000000, 2, 5.699727, 101980.995730, 101980.995730
Z3, 38, 3, 720, 6376.000000, 0.051958, 122714.500173, 125016.000000, 1.000000, 2, 5.699727, 87285.593884, 87285.593884
Z1, 0, 4, 720, 22592.000000, 0.163353, 138301.714691, 138600.000000, 1.000000, 2, 8.614699, 114945.936822, 114945.936822
Z2, 0, 4, 720, 6624.000000, 0.175543, 37734.344292, 37848.000000, 1.000000, 2, 8.614699, 94832.462742, 94832.462742
Z2, 1, 4, 720, 6648.000000, 0.047808, 139056.224900, 141440.000000, 1.000000, 2, 8.614699, 115096.838864, 115096.838864
Z2, 2, 4, 720, 7200.000000, 0.033242, 216593.466097, 218176.000000, 1.000000, 2, 8.614699, 130604.287103, 130604.287103
Z2, 3, 4, 720, 7296.000000, 0.069331, 105234.310770, 105736.000000, 1.000000, 2, 8.614699, 108332.456038, 108332.456038
Z2, 4, 4, 720, 17272.000000, 0.063168, 273429.584600, 274152.000000, 1.000000, 2, 8.614699, 141971.510804, 141971.510804
Z2, 5, 4, 720, 26240.000000, 0.054494, 481520.901384, 485920.000000, 1.000000, 2, 8.614699, 183589.774160, 183589.774160
Z2, 6, 4, 720, 12720.000000, 0.036176, 351614.329943, 353328.000000, 1.000000, 2, 8.614699, 157608.459872, 157608.459872
Z2, 7, 4, 720, 11496.000000, 0.042307, 271728.082823, 273712.000000, 1.000000, 2, 8.614699, 141631.210448, 141631.210448
Z3, 0, 4, 720, 6448.000000, 0.189969, 33942.380073, 34112.000000, 1.000000, 2, 8.614699, 94074.069898, 94074.069898
Z3, 1, 4, 720, 7448.000000, 0.040113, 185675.466806, 186200.000000, 1.000000, 2, 8.614699, 124420.687245, 124420.687245
Z3, 2, 4, 720, 7424.000000, 0.043781, 169571.275211, 172648.000000, 1.000000, 2, 8.614699, 121199.848926, 121199.848926
Z3, 3, 4, 720, 6648.000000, 0.033906, 196071.491771, 201448.000000, 1.000000, 2, 8.614699, 126499.892238, 126499.892238
Z3, 4, 4, 720, 7224.000000, 0.069767, 103544.655783, 104688.000000, 1.000000, 2, 8.614699, 107994.525040, 107994.525040
Z3, 5, 4, 720, 7240.000000, 0.074222, 97545.202231, 97832.000000, 1.000000, 2, 8.614699, 106794.634330, 106794.634330
Z3, 6, 4, 720, 6648.000000, 0.075219, 88381.924780, 88640.000000, 1.000000, 2, 8.614699, 104961.978840, 104961.978840
Z3, 7, 4, 720, 7232.000000, 0.053979, 133978.028493, 136448.000000, 1.000000, 2, 8.614699, 114081.199582, 114081.199582
Z3, 8, 4, 720, 7296.000000, 0.066628, 109503.512037, 110544.000000, 1.000000, 2, 8.614699, 109186.296291, 109186.296291
Z3, 9, 4, 720, 16456.000000, 0.065737, 250330.863897, 253168.000000, 1.000000, 2, 8.614699, 137351.766663, 137351.766663
Z3, 10, 4, 720, 25392.000000, 0.062821, 404196.049092, 409544.000000, 1.000000, 2, 8.614699, 168124.803702, 168124.803702
Z3, 11, 4, 720, 21592.000000, 0.074184, 291060.066861, 291776.000000, 1.000000, 2, 8.614699, 145497.607256, 145497.607256
Z3, 12, 4, 720, 13528.000000, 0.035050, 385962.910128, 386512.000000, 1.000000, 2, 8.614699, 164478.175909, 164478.175909
Z3, 13, 4, 720, 29512.000000, 0.074250, 397468.013468, 398808.000000, 1.000000, 2, 8.614699, 166779.196577, 166779.196577
Z3, 14, 4, 720, 29688.000000, 0.074098, 400658.587276, 401184.000000, 1.000000, 2, 8.614699, 167417.311339, 167417.311339
Z3, 15, 4, 720, 16760.000000, 0.030475, 549958.982773, 558664.000000, 1.000000, 2, 8.614699, 197277.390438, 197277.390438
Z3, 16, 4, 720, 33128.000000, 0.066127, 500975.395829, 501936.000000, 1.000000, 2, 8.614699, 187480.673049, 187480.673049
Z3, 17, 4, 720, 26248.000000, 0.036752, 714192.424902, 729104.000000, 1.000000, 2, 8.614699, 230124.078864, 230124.078864
Z3, 18, 4, 720, 14624.000000, 0.051809, 282267.559690, 286744.000000, 1.000000, 2, 8.614699, 143739.105822, 143739.105822
Z3, 19, 4, 720, 26816.000000, 0.072393, 370422.554667, 372440.000000, 1.000000, 2, 8.614699, 161370.104817, 161370.104817
Z3, 20, 4, 720, 23128.000000, 0.072048, 321008.216744, 321216.000000, 1.000000, 2, 8.614699, 151487.237232, 151487.237232
Z3, 21, 4, 720, 19440.000000, 0.056889, 341718.082582, 347136.000000, 1.000000, 2, 8.614699, 155629.210400, 155629.210400
Z3, 22, 4, 720, 29088.000000, 0.034405, 845458.508938, 855528.000000, 1.000000, 2, 8.614699, 256377.295671, 256377.295671
Z3, 23, 4, 720, 29840.000000, 0.064472, 462836.580221, 466248.000000, 1.000000, 2, 8.614699, 179852.909928, 179852.909928
Z3, 24, 4, 720, 17200.000000, 0.046176, 372487.872488, 373912.000000, 1.000000, 2, 8.614699, 161783.168381, 161783.168381
Z3, 25, 4, 720, 25664.000000, 0.070035, 366445.348754, 366624.000000, 1.000000, 2, 8.614699, 160574.663634, 160574.663634
Z3, 26, 4, 720, 26808.000000, 0.065033, 412221.487552, 412424.000000, 1.000000, 2, 8.614699, 169729.891394, 169729.891394
Z3, 27, 4, 720, 17472.000000, 0.061521, 284000.585166, 286424.000000, 1.000000, 2, 8.614699, 144085.710917, 144085.710917
Z3, 28, 4, 720, 6448.000000, 0.041226, 156406.151458, 157264.000000, 1.000000, 2, 8.614699, 118566.824175, 118566.824175
Z3, 29, 4, 720, 7200.000000, 0.072478, 99340.489528, 100000.000000, 1.000000, 2, 8.614699, 107153.691789, 107153.691789
Z3, 30, 4, 720, 7520.000000, 0.048073, 156428.764587, 156664.000000, 1.000000, 2, 8.614699, 118571.346801, 118571.346801
Z3, 31, 4, 720, 6728.000000, 0.053559, 125618.476820, 126936.000000, 1.000000, 2, 8.614699, 112409.289248, 112409.289248
Z3, 32, 4, 720, 7224.000000, 0.055865, 129311.733644, 131344.000000, 1.000000, 2, 8.614699, 113147.940612, 113147.940612
Z3, 33, 4, 720, 7256.000000, 0.041603, 174410.499243, 176968.000000, 1.000000, 2, 8.614699, 122167.693732, 122167.693732
Z3, 34, 4, 720, 6544.000000, 0.044234, 147940.498259, 148720.000000, 1.000000, 2, 8.614699, 116873.693535, 116873.693535
Z3, 35, 4, 720, 12272.000000, 0.060709, 202144.657300, 204528.000000, 1.000000, 2, 8.614699, 127714.525344, 127714.525344
Z3, 36, 4, 720, 8544.000000, 0.040602, 210432.983597, 213600.000000, 1.000000, 2, 8.614699, 129372.190603, 129372.190603
Z3, 37, 4, 720, 6424.000000, 0.067036, 95829.106749, 95880.000000, 1.000000, 2, 8.614699, 106451.415233, 106451.415233
Z3, 38, 4, 720, 6872.000000, 0.061981, 110872.686791, 112648.000000, 1.000000, 2, 8.614699, 109460.131242, 109460.131242
Z1, 0, 5, 720, 20272.000000, 0.171044, 118519.211431, 118544.000000, 1.000000, 2, 11.656500, 133163.973528, 133163.973528
Z2, 0, 5, 720, 6624.000000, 0.166603, 39759.188010, 39896.000000, 1.000000, 2, 11.656500, 117411.968844, 117411.968844
Z2, 1, 5, 720, 7616.000000, 0.031050, 245281.803543, 245672.000000, 1.000000, 2, 11.656500, 158516.491950, 158516.491950
Z2, 2, 5, 720, 8792.000000, 0.052293, 168129.577573, 169072.000000, 1.000000, 2, 11.656500, 143086.046756, 143086.046756
Z2, 3, 5, 720, 8816.000000, 0.038155, 231057.528502, 232000.000000, 1.000000, 2, 11.656500, 155671.636942, 155671.636942
Z2, 4, 5, 720, 14976.000000, 0.028819, 519657.170617, 534856.000000, 1.000000, 2, 11.656500, 213391.565365, 213391.565365
Z2, 5, 5, 720, 25312.000000, 0.067661, 374100.294113, 377784.000000, 1.000000, 2, 11.656500, 184280.190064, 184280.190064
Z2, 6, 5, 720, 13208.000000, 0.074584, 177088.919876, 178480.000000, 1.000000, 2, 11.656500, 144877.915217, 144877.915217
Z2, 7, 5, 720, 16320.000000, 0.068004, 239985.883183, 240000.000000, 1.000000, 2, 11.656500, 157457.307878, 157457.307878
Z3, 0, 5, 720, 7712.000000, 0.209260, 36853.674854, 36896.000000, 1.000000, 2, 11.656500, 116830.866213, 116830.866213
Z3, 1, 5, 720, 9624.000000, 0.074347, 129447.052336, 130048.000000, 1.000000, 2, 11.656500, 135349.541709, 135349.541709
Z3, 2, 5, 720, 9096.000000, 0.061021, 149063.437177, 149112.000000, 1.000000, 2, 11.656500, 139272.818677, 139272.818677
Z3, 3, 5, 720, 7632.000000, 0.057601, 132497.699693, 133888.000000, 1.000000, 2, 11.656500, 135959.671180, 135959.671180
Z3, 4, 5, 720, 8304.000000, 0.055559, 149462.733311, 150976.000000, 1.000000, 2, 11.656500, 139352.677904, 139352.677904
Z3, 5, 5, 720, 8504.000000, 0.036656, 231994.762113, 236216.000000, 1.000000, 2, 11.656500, 155859.083664, 155859.083664
Z3, 6, 5, 720, 7384.000000, 0.048438, 152442.297370, 153832.000000, 1.000000, 2, 11.656500, 139948.590716, 139948.590716
Z3, 7, 5, 720, 8968.000000, 0.070388, 127408.080923, 128112.000000, 1.000000, 2, 11.656500, 134941.747426, 134941.747426
Z3, 8, 5, 720, 8912.000000, 0.030309, 294038.074499, 297064.000000, 1.000000, 2, 11.656500, 168267.746142, 168267.746142
Z3, 9, 5, 720, 16688.000000, 0.028807, 579303.641476, 596000.000000, 1.000000, 2, 11.656500, 225320.859537, 225320.859537
Z3, 10, 5, 720, 23832.000000, 0.035557, 670247.771184, 680912.000000, 1.000000, 2, 11.656500, 243509.685479, 243509.685479
Z3, 11, 5, 720, 21144.000000, 0.070469, 300046.829102, 302056.000000, 1.000000, 2, 11.656500, 169469.497062, 169469.497062
Z3, 12, 5, 720, 14272.000000, 0.054567, 261550.021075, 264296.000000, 1.000000, 2, 11.656500, 161770.135457, 161770.135457
Z3, 13, 5, 720, 27640.000000, 0.054771, 504646.619561, 511848.000000, 1.000000, 2, 11.656500, 210389.455154, 210389.455154
Z3, 14, 5, 720, 33288.000000, 0.069291, 480408.711088, 482432.000000, 1.000000, 2, 11.656500, 205541.873459, 205541.873459
Z3, 15, 5, 720, 17576.000000, 0.054137, 324657.812587, 325480.000000, 1.000000, 2, 11.656500, 174391.693759, 174391.693759
Z3, 16, 5, 720, 34872.000000, 0.069841, 499305.565499, 505384.000000, 1.000000, 2, 11.656500, 209321.244342, 209321.244342
Z3, 17, 5, 720, 27336.000000, 0.056885, 480548.474993, 488136.000000, 1.000000, 2, 11.656500, 205569.826240, 205569.826240
Z3, 18, 5, 720, 18312.000000, 0.056605, 323504.990725, 327000.000000, 1.000000, 2, 11.656500, 174161.129387, 174161.129387
Z3, 19, 5, 720, 41432.000000, 0.055049, 752638.558375, 753304.000000, 1.000000, 2, 11.656500, 259987.842917, 259987.842917
Z3, 20, 5, 720, 36760.000000, 0.047499, 773911.029706, 782120.000000, 1.000000, 2, 11.656500, 264242.337183, 264242.337183
Z3, 21, 5, 720, 21272.000000, 0.073871, 287961.446305, 291392.000000, 1.000000, 2, 11.656500, 167052.420503, 167052.420503
Z3, 22, 5, 720, 43464.000000, 0.060809, 714762.617376, 724400.000000, 1.000000, 2, 11.656500, 252412.654717, 252412.654717
Z3, 23, 5, 720, 42000.000000, 0.075161, 558800.441718, 560000.000000, 1.000000, 2, 11.656500, 221220.219586, 221220.219586
Z3, 24, 5, 720, 20304.000000, 0.047562, 426895.420714, 432000.000000, 1.000000, 2, 11.656500, 194839.215385, 194839.215385
Z3, 25, 5, 720, 32736.000000, 0.072659, 450542.947192, 454664.000000, 1.000000, 2, 11.656500, 199568.720680, 199568.720680
Z3, 26, 5, 720, 34608.000000, 0.066718, 518720.585149, 524360.000000, 1.000000, 2, 11.656500, 213204.248272, 213204.248272
Z3, 27, 5, 720, 21272.000000, 0.064395, 330336.206227, 332368.000000, 1.000000, 2, 11.656500, 175527.372487, 175527.372487
Z3, 28, 5, 720, 8752.000000, 0.038400, 227916.666667, 230312.000000, 1.000000, 2, 11.656500, 155043.464575, 155043.464575
Z3, 29, 5, 720, 12760.000000, 0.035068, 363864.491844, 364568.000000, 1.000000, 2, 11.656500, 182233.029611, 182233.029611
Z3, 30, 5, 720, 15440.000000, 0.075788, 203726.183565, 205864.000000, 1.000000, 2, 11.656500, 150205.367955, 150205.367955
Z3, 31, 5, 720, 10000.000000, 0.054999, 181821.487663, 185184.000000, 1.000000, 2, 11.656500, 145824.428774, 145824.428774
Z3, 32, 5, 720, 15200.000000, 0.035580, 427206.295672, 434280.000000, 1.000000, 2, 11.656500, 194901.390376, 194901.390376
Z3, 33, 5, 720, 18352.000000, 0.060362, 304032.338226, 305864.000000, 1.000000, 2, 11.656500, 170266.598887, 170266.598887
Z3, 34, 5, 720, 11224.000000, 0.071968, 155958.203646, 158080.000000, 1.000000, 2, 11.656500, 140651.771971, 140651.771971
Z3, 35, 5, 720, 23240.000000, 0.061647, 376985.092543, 380976.000000, 1.000000, 2, 11.656500, 184857.149750, 184857.149750
Z3, 36, 5, 720, 16824.000000, 0.029761, 565303.585229, 580136.000000, 1.000000, 2, 11.656500, 222520.848288, 222520.848288
Z3, 37, 5, 720, 9680.000000, 0.053893, 179615.163379, 182640.000000, 1.000000, 2, 11.656500, 145383.163918, 145383.163918
Z3, 38, 5, 720, 12888.000000, 0.057950, 222398.619500, 226104.000000, 1.000000, 2, 11.656500, 153939.855142, 153939.855142
Z1, 0, 6, 720, 14912.000000, 0.189948, 78505.696296, 78896.000000, 1.000000, 2, 14.695968, 141518.819960, 141518.819960
Z2, 0, 6, 720, 6624.000000, 0.180291, 36740.602692, 36800.000000, 1.000000, 2, 14.695968, 133165.801240, 133165.801240
Z2, 1, 6, 720, 6768.000000, 0.058892, 114922.230524, 116688.000000, 1.000000, 2, 14.695968, 148802.126806, 148802.126806
Z2, 2, 6, 720, 7488.000000, 0.067733, 110551.725156, 111760.000000, 1.000000, 2, 14.695968, 147928.025733, 147928.025733
Z2, 3, 6, 720, 7752.000000, 0.043383, 178687.504322, 180272.000000, 1.000000, 2, 14.695968, 161555.181566, 161555.181566
Z2, 4, 6, 720, 10768.000000, 0.027086, 397548.549066, 398808.000000, 1.000000, 2, 14.695968, 205327.390515, 205327.390515
Z2, 5, 6, 720, 17456.000000, 0.036922, 472780.456097, 484888.000000, 1.000000, 2, 14.695968, 220373.771921, 220373.771921
Z2, 6, 6, 720, 9568.000000, 0.039462, 242461.101819, 245328.000000, 1.000000, 2, 14.695968, 174309.901065, 174309.901065
Z2, 7, 6, 720, 12800.000000, 0.052609, 243304.377578, 246152.000000, 1.000000, 2, 14.695968, 174478.556217, 174478.556217
Z3, 0, 6, 720, 6760.000000, 0.187173, 36116.320196, 36144.000000, 1.000000, 2, 14.695968, 133040.944740, 133040.944740
Z3, 1, 6, 720, 8320.000000, 0.050474, 164837.341998, 166400.000000, 1.000000, 2, 14.695968, 158785.149101, 158785.149101
Z3, 2, 6, 720, 7800.000000, 0.038525, 202465.931213, 205256.000000, 1.000000, 2, 14.695968, 166310.866944, 166310.866944
Z3, 3, 6, 720, 6928.000000, 0.026607, 260382.606081, 266456.000000, 1.000000, 2, 14.695968, 177894.201918, 177894.201918
Z3, 4, 6, 720, 7472.000000, 0.072264, 103398.649397, 103776.000000, 1.000000, 2, 14.695968, 146497.410581, 146497.410581
Z3, 5, 6, 720, 7416.000000, 0.030157, 245913.055012, 247200.000000, 1.000000, 2, 14.695968, 175000.291704, 175000.291704
Z3, 6, 6, 720, 6760.000000, 0.053668, 125959.603488, 127544.000000, 1.000000, 2, 14.695968, 151009.601399, 151009.601399
Z3, 7, 6, 720, 7600.000000, 0.049510, 153504.342557, 155096.000000, 1.000000, 2, 14.695968, 156518.549213, 156518.549213
Z3, 8, 6, 720, 7600.000000, 0.068993, 110156.102793, 111760.000000, 1.000000, 2, 14.695968, 147848.901260, 147848.901260
Z3, 9, 6, 720, 12912.000000, 0.038479, 335559.655916, 339784.000000, 1.000000, 2, 14.695968, 192929.611885, 192929.611885
Z3, 10, 6, 720, 17552.000000, 0.048657, 360729.185934, 365664.000000, 1.000000, 2, 14.695968, 197963.517888, 197963.517888
Z3, 11, 6, 720, 14968.000000, 0.058535, 255710.258820, 258064.000000, 1.000000, 2, 14.695968, 176959.732465, 176959.732465
Z3, 12, 6, 720, 10336.000000, 0.067779, 152495.610735, 154264.000000, 1.000000, 2, 14.695968, 156316.802848, 156316.802848
Z3, 13, 6, 720, 18344.000000, 0.034998, 524144.236814, 539528.000000, 1.000000, 2, 14.695968, 230646.528064, 230646.528064
Z3, 14, 6, 720, 20456.000000, 0.065084, 314301.518038, 314704.000000, 1.000000, 2, 14.695968, 188677.984309, 188677.984309
Z3, 15, 6, 720, 12480.000000, 0.074771, 166909.630739, 168648.000000, 1.000000, 2, 14.695968, 159199.606849, 159199.606849
Z3, 16, 6, 720, 18912.000000, 0.030964, 610773.801834, 630400.000000, 1.000000, 2, 14.695968, 247972.441068, 247972.441068
Z3, 17, 6, 720, 16112.000000, 0.030083, 535584.881827, 537064.000000, 1.000000, 2, 14.695968, 232934.657067, 232934.657067
Z3, 18, 6, 720, 16088.000000, 0.043684, 368281.292922, 374136.000000, 1.000000, 2, 14.695968, 199473.939286, 199473.939286
Z3, 19, 6, 720, 31984.000000, 0.074909, 426971.391956, 432216.000000, 1.000000, 2, 14.695968, 211211.959092, 211211.959092
Z3, 20, 6, 720, 21472.000000, 0.041248, 520558.572537, 523704.000000, 1.000000, 2, 14.695968, 229929.395209, 229929.395209
Z3, 21, 6, 720, 19320.000000, 0.032871, 587752.121931, 603744.000000, 1.000000, 2, 14.695968, 243368.105088, 243368.105088
Z3, 22, 6, 720, 33040.000000, 0.061410, 538023.123270, 541632.000000, 1.000000, 2, 14.695968, 233422.305355, 233422.305355
Z3, 23, 6, 720, 26472.000000, 0.052956, 499886.698391, 509072.000000, 1.000000, 2, 14.695968, 225795.020380, 225795.020380
Z3, 24, 6, 720, 12984.000000, 0.026780, 484839.432412, 499384.000000, 1.000000, 2, 14.695968, 222785.567184, 222785.567184
Z3, 25, 6, 720, 21128.000000, 0.067573, 312669.261391, 315336.000000, 1.000000, 2, 14.695968, 188351.532980, 188351.532980
Z3, 26, 6, 720, 21576.000000, 0.066519, 324358.453976, 326904.000000, 1.000000, 2, 14.695968, 190689.371496, 190689.371496
Z3, 27, 6, 720, 14376.000000, 0.074075, 194073.574080, 194264.000000, 1.000000, 2, 14.695968, 164632.395517, 164632.395517
Z3, 28, 6, 720, 7048.000000, 0.038553, 182813.270044, 185472.000000, 1.000000, 2, 14.695968, 162380.334710, 162380.334710
Z3, 29, 6, 720, 8656.000000, 0.049481, 174935.833956, 176648.000000, 1.000000, 2, 14.695968, 160804.847493, 160804.847493
Z3, 30, 6, 720, 9488.000000, 0.026760, 354559.043348, 364920.000000, 1.000000, 2, 14.695968, 196729.489371, 196729.489371
Z3, 31, 6, 720, 8424.000000, 0.053780, 156638.155448, 158936.000000, 1.000000, 2, 14.695968, 157145.311791, 157145.311791
Z3, 32, 6, 720, 9328.000000, 0.036767, 253705.768760, 259104.000000, 1.000000, 2, 14.695968, 176558.834453, 176558.834453
Z3, 33, 6, 720, 8680.000000, 0.046718, 185795.624813, 188688.000000, 1.000000, 2, 14.695968, 162976.805664, 162976.805664
Z3, 34, 6, 720, 7160.000000, 0.030574, 234185.909596, 238664.000000, 1.000000, 2, 14.695968, 172654.862621, 172654.862621
Z3, 35, 6, 720, 10360.000000, 0.065138, 159046.946483, 159384.000000, 1.000000, 2, 14.695968, 157627.069998, 157627.069998
Z3, 36, 6, 720, 9048.000000, 0.071720, 126157.278305, 127432.000000, 1.000000, 2, 14.695968, 151049.136362, 151049.136362
Z3, 37, 6, 720, 7176.000000, 0.038270, 187509.798798, 188840.000000, 1.000000, 2, 14.695968, 163319.640461, 163319.640461
Z3, 38, 6, 720, 8768.000000, 0.073543, 119222.767633, 120104.000000, 1.000000, 2, 14.695968, 149662.234228, 149662.234228
Z1, 0, 7, 720, 14352.000000, 0.179221, 80079.901351, 80176.000000, 1.000000, 2, 17.499828, 131057.695089, 131057.695089
Z2, 0, 7, 720, 6624.000000, 0.169012, 39192.483374, 39192.000000, 1.000000, 2, 17.499828, 122880.211494, 122880.211494
Z2, 1, 7, 720, 6792.000000, 0.046621, 145685.420733, 147648.000000, 1.000000, 2, 17.499828, 144178.798966, 144178.798966
Z2, 2, 7, 720, 7408.000000, 0.045553, 162623.756942, 164616.000000, 1.000000, 2, 17.499828, 147566.466208, 147566.466208
Z2, 3, 7, 720, 7464.000000, 0.051041, 146235.379401, 146352.000000, 1.000000, 2, 17.499828, 144288.790699, 144288.790699
Z2, 4, 7, 720, 10144.000000, 0.030533, 332230.701209, 338128.000000, 1.000000, 2, 17.499828, 181487.855061, 181487.855061
Z2, 5, 7, 720, 16856.000000, 0.034743, 485162.478773, 495760.000000, 1.000000, 2, 17.499828, 212074.210574, 212074.210574
Z2, 6, 7, 720, 9672.000000, 0.029540, 327420.446852, 333512.000000, 1.000000, 2, 17.499828, 180525.804190, 180525.804190
Z2, 7, 7, 720, 13368.000000, 0.074673, 179020.529509, 180648.000000, 1.000000, 2, 17.499828, 150845.820721, 150845.820721
Z3, 0, 7, 720, 6656.000000, 0.234701, 28359.487177, 28440.000000, 1.000000, 2, 17.499828, 120713.612255, 120713.612255
Z3, 1, 7, 720, 7664.000000, 0.041684, 183859.514442, 186920.000000, 1.000000, 2, 17.499828, 151813.617708, 151813.617708
Z3, 2, 7, 720, 7664.000000, 0.048290, 158707.806999, 159664.000000, 1.000000, 2, 17.499828, 146783.276219, 146783.276219
Z3, 3, 7, 720, 6920.000000, 0.046067, 150215.989754, 150432.000000, 1.000000, 2, 17.499828, 145084.912770, 145084.912770
Z3, 4, 7, 720, 7504.000000, 0.052729, 142312.579416, 144304.000000, 1.000000, 2, 17.499828, 143504.230702, 143504.230702
Z3, 5, 7, 720, 7480.000000, 0.043777, 170865.979852, 173952.000000, 1.000000, 2, 17.499828, 149214.910790, 149214.910790
Z3, 6, 7, 720, 6728.000000, 0.030050, 223893.510815, 224264.000000, 1.000000, 2, 17.499828, 159820.416982, 159820.416982
Z3, 7, 7, 720, 7632.000000, 0.067058, 113811.924006, 113904.000000, 1.000000, 2, 17.499828, 137804.099621, 137804.099621
Z3, 8, 7, 720, 7392.000000, 0.065092, 113562.342531, 113720.000000, 1.000000, 2, 17.499828, 137754.183325, 137754.183325
Z3, 9, 7, 720, 12800.000000, 0.054314, 235666.678941, 237032.000000, 1.000000, 2, 17.499828, 162175.050607, 162175.050607
Z3, 10, 7, 720, 16760.000000, 0.060097, 278882.473335, 279328.000000, 1.000000, 2, 17.499828, 170818.209486, 170818.209486
Z3, 11, 7, 720, 14104.000000, 0.026266, 536967.943349, 542456.000000, 1.000000, 2, 17.499828, 222435.303489, 222435.303489
Z3, 12, 7, 720, 9704.000000, 0.051830, 187227.474436, 190272.000000, 1.000000, 2, 17.499828, 152487.209706, 152487.209706
Z3, 13, 7, 720, 17248.000000, 0.036741, 469448.300264, 479104.000000, 1.000000, 2, 17.499828, 208931.374872, 208931.374872
Z3, 14, 7, 720, 21552.000000, 0.068643, 313972.291421, 316936.000000, 1.000000, 2, 17.499828, 177836.173103, 177836.173103
Z3, 15, 7, 720, 16688.000000, 0.068875, 242294.010889, 245408.000000, 1.000000, 2, 17.499828, 163500.516997, 163500.516997
Z3, 16, 7, 720, 23312.000000, 0.052238, 446265.170948, 448304.000000, 1.000000, 2, 17.499828, 204294.749009, 204294.749009
Z3, 17, 7, 720, 14952.000000, 0.032268, 463369.282261, 467248.000000, 1.000000, 2, 17.499828, 207715.571272, 207715.571272
Z3, 18, 7, 720, 23928.000000, 0.067342, 355320.602299, 357128.000000, 1.000000, 2, 17.499828, 186105.835279, 186105.835279
Z3, 19, 7, 720, 29544.000000, 0.054631, 540791.858103, 547104.000000, 1.000000, 2, 17.499828, 223200.086440, 223200.086440
Z3, 20, 7, 720, 31920.000000, 0.038973, 819028.558233, 840000.000000, 1.000000, 2, 17.499828, 278847.426466, 278847.426466
Z3, 21, 7, 720, 15096.000000, 0.049689, 303809.696311, 308080.000000, 1.000000, 2, 17.499828, 175803.654081, 175803.654081
Z3, 22, 7, 720, 22296.000000, 0.047189, 472482.993918, 474376.000000, 1.000000, 2, 17.499828, 209538.313603, 209538.313603
Z3, 23, 7, 720, 24272.000000, 0.071736, 338351.734136, 341856.000000, 1.000000, 2, 17.499828, 182712.061647, 182712.061647
Z3, 24, 7, 720, 13368.000000, 0.034500, 387478.260870, 393176.000000, 1.000000, 2, 17.499828, 192537.366993, 192537.366993
Z3, 25, 7, 720, 21768.000000, 0.067803, 321047.741250, 324888.000000, 1.000000, 2, 17.499828, 179251.263069, 179251.263069
Z3, 26, 7, 720, 21680.000000, 0.070938, 305618.991232, 309712.000000, 1.000000, 2, 17.499828, 176165.513066, 176165.513066
Z3, 27, 7, 720, 15008.000000, 0.051632, 290672.451193, 294272.000000, 1.000000, 2, 17.499828, 173176.205058, 173176.205058
Z3, 28, 7, 720, 13424.000000, 0.042197, 318126.881058, 319616.000000, 1.000000, 2, 17.499828, 178667.091031, 178667.091031
Z3, 29, 7, 720, 8064.000000, 0.070558, 114288.953769, 115200.000000, 1.000000, 2, 17.499828, 137899.505573, 137899.505573
Z3, 30, 7, 720, 9424.000000, 0.072255, 130426.960072, 130888.000000, 1.000000, 2, 17.499828, 141127.106834, 141127.106834
Z3, 31, 7, 720, 7368.000000, 0.053598, 137467.815963, 139016.000000, 1.000000, 2, 17.499828, 142535.278012, 142535.278012
Z3, 32, 7, 720, 8792.000000, 0.037224, 236191.704277, 237616.000000, 1.000000, 2, 17.499828, 162280.055675, 162280.055675
Z3, 33, 7, 720, 8568.000000, 0.037173, 230489.871681, 231560.000000, 1.000000, 2, 17.499828, 161139.689155, 161139.689155
Z3, 34, 7, 720, 7064.000000, 0.059787, 118152.775687, 119728.000000, 1.000000, 2, 17.499828, 138672.269957, 138672.269957
Z3, 35, 7, 720, 10104.000000, 0.044989, 224588.232679, 229632.000000, 1.000000, 2, 17.499828, 159959.361355, 159959.361355
Z3, 36, 7, 720, 8640.000000, 0.028820, 299791.811242, 308568.000000, 1.000000, 2, 17.499828, 175000.077068, 175000.077068
Z3, 37, 7, 720, 7168.000000, 0.043977, 162994.292471, 166696.000000, 1.000000, 2, 17.499828, 147640.573314, 147640.573314
Z3, 38, 7, 720, 8160.000000, 0.038455, 212196.073332, 214736.000000, 1.000000, 2, 17.499828, 157480.929486, 157480.929486
Z1, 0, 8, 720, 7744.000000, 0.206855, 37436.851901, 37592.000000, 1.000000, 2, 20.331951, 140425.399831, 140425.399831
Z2, 0, 8, 720, 6624.000000, 0.201099, 32939.000194, 32952.000000, 1.000000, 2, 20.331951, 139525.829490, 139525.829490
Z2, 1, 8, 720, 6968.000000, 0.028246, 246689.796785, 248856.000000, 1.000000, 2, 20.331951, 182275.988808, 182275.988808
Z2, 2, 8, 720, 7968.000000, 0.034081, 233795.956691, 234352.000000, 1.000000, 2, 20.331951, 179697.220789, 179697.220789
Z2, 3, 8, 720, 12752.000000, 0.030803, 413985.650748, 425064.000000, 1.000000, 2, 20.331951, 215735.159601, 215735.159601
Z2, 4, 8, 720, 18720.000000, 0.062734, 298402.779992, 301928.000000, 1.000000, 2, 20.331951, 192618.585449, 192618.585449
Z2, 5, 8, 720, 25648.000000, 0.056026, 457787.455824, 458000.000000, 1.000000, 2, 20.331951, 224495.520616, 224495.520616
Z2, 6, 8, 720, 9784.000000, 0.061725, 158509.518023, 160392.000000, 1.000000, 2, 20.331951, 164639.933056, 164639.933056
Z2, 7, 8, 720, 13192.000000, 0.053067, 248591.403320, 248904.000000, 1.000000, 2, 20.331951, 182656.310115, 182656.310115
Z3, 0, 8, 720, 6768.000000, 0.226302, 29906.938516, 29944.000000, 1.000000, 2, 20.331951, 138919.417154, 138919.417154
Z3, 1, 8, 720, 8032.000000, 0.054647, 146979.706114, 148736.000000, 1.000000, 2, 20.331951, 162333.970674, 162333.970674
Z3, 2, 8, 720, 7872.000000, 0.067458, 116694.832340, 117488.000000, 1.000000, 2, 20.331951, 156276.995919, 156276.995919
Z3, 3, 8, 720, 7024.000000, 0.067481, 104088.558261, 104832.000000, 1.000000, 2, 20.331951, 153755.741103, 153755.741103
Z3, 4, 8, 720, 7816.000000, 0.051019, 153197.828260, 153248.000000, 1.000000, 2, 20.331951, 163577.595103, 163577.595103
Z3, 5, 8, 720, 7936.000000, 0.049328, 160882.257541, 161952.000000, 1.000000, 2, 20.331951, 165114.480959, 165114.480959
Z3, 6, 8, 720, 6928.000000, 0.060590, 114342.300710, 115464.000000, 1.000000, 2, 20.331951, 155806.489593, 155806.489593
Z3, 7, 8, 720, 8048.000000, 0.037090, 216985.710434, 217512.000000, 1.000000, 2, 20.331951, 176335.171538, 176335.171538
Z3, 8, 8, 720, 7664.000000, 0.058454, 131111.643343, 132136.000000, 1.000000, 2, 20.331951, 159160.358120, 159160.358120
Z3, 9, 8, 720, 14248.000000, 0.029225, 487527.801540, 491304.000000, 1.000000, 2, 20.331951, 230443.589759, 230443.589759
Z3, 10, 8, 720, 19448.000000, 0.070501, 275854.243202, 277824.000000, 1.000000, 2, 20.331951, 188108.878092, 188108.878092
Z3, 11, 8, 720, 17344.000000, 0.039946, 434186.151304, 444712.000000, 1.000000, 2, 20.331951, 219775.259712, 219775.259712
Z3, 12, 8, 720, 11952.000000, 0.027393, 436315.847114, 442664.000000, 1.000000, 2, 20.331951, 220201.198874, 220201.198874
Z3, 13, 8, 720, 25224.000000, 0.056807, 444029.785062, 450424.000000, 1.000000, 2, 20.331951, 221743.986463, 221743.986463
Z3, 14, 8, 720, 35992.000000, 0.050636, 710798.641283, 719840.000000, 1.000000, 2, 20.331951, 275097.757708, 275097.757708
Z3, 15, 8, 720, 20016.000000, 0.061791, 323930.669515, 328128.000000, 1.000000, 2, 20.331951, 197724.163354, 197724.163354
Z3, 16, 8, 720, 36432.000000, 0.060835, 598865.784499, 607200.000000, 1.000000, 2, 20.331951, 252711.186351, 252711.186351
Z3, 17, 8, 720, 22472.000000, 0.059890, 375221.238938, 380880.000000, 1.000000, 2, 20.331951, 207982.277239, 207982.277239
Z3, 18, 8, 720, 21736.000000, 0.047217, 460342.673190, 462464.000000, 1.000000, 2, 20.331951, 225006.564089, 225006.564089
Z3, 19, 8, 720, 16848.000000, 0.053706, 313707.965590, 317880.000000, 1.000000, 2, 20.331951, 195679.622569, 195679.622569
Z3, 20, 8, 720, 47160.000000, 0.070189, 671900.155295, 673712.000000, 1.000000, 2, 20.331951, 267318.060510, 267318.060510
Z3, 21, 8, 720, 39472.000000, 0.061010, 646975.905589, 647080.000000, 1.000000, 2, 20.331951, 262333.210569, 262333.210569
Z3, 22, 8, 720, 26968.000000, 0.057885, 465889.263194, 473120.000000, 1.000000, 2, 20.331951, 226115.882090, 226115.882090
Z3, 23, 8, 720, 39776.000000, 0.047715, 833616.263230, 846296.000000, 1.000000, 2, 20.331951, 299661.282097, 299661.282097
Z3, 24, 8, 720, 34992.000000, 0.072749, 480996.302355, 486000.000000, 1.000000, 2, 20.331951, 229137.289922, 229137.289922
Z3, 25, 8, 720, 22464.000000, 0.058103, 386623.754367, 387304.000000, 1.000000, 2, 20.331951, 210262.780325, 210262.780325
Z3, 26, 8, 720, 43144.000000, 0.064558, 668298.274420, 674120.000000, 1.000000, 2, 20.331951, 266597.684335, 266597.684335
Z3, 27, 8, 720, 43672.000000, 0.069237, 630761.009287, 632920.000000, 1.000000, 2, 20.331951, 259090.231309, 259090.231309
Z3, 28, 8, 720, 18320.000000, 0.066284, 276386.458270, 277568.000000, 1.000000, 2, 20.331951, 188215.321105, 188215.321105
Z3, 29, 8, 720, 24560.000000, 0.065119, 377155.668852, 377840.000000, 1.000000, 2, 20.331951, 208369.163222, 208369.163222
Z3, 30, 8, 720, 19040.000000, 0.067009, 284140.936292, 284176.000000, 1.000000, 2, 20.331951, 189766.216710, 189766.216710
Z3, 31, 8, 720, 20160.000000, 0.029770, 677191.803829, 695168.000000, 1.000000, 2, 20.331951, 268376.390217, 268376.390217
Z3, 32, 8, 720, 16496.000000, 0.044474, 370913.342627, 374904.000000, 1.000000, 2, 20.331951, 207120.697977, 207120.697977
Z3, 33, 8, 720, 11624.000000, 0.027156, 428045.367506, 430512.000000, 1.000000, 2, 20.331951, 218547.102952, 218547.102952
Z3, 34, 8, 720, 21024.000000, 0.046771, 449509.311325, 457040.000000, 1.000000, 2, 20.331951, 222839.891716, 222839.891716
Z3, 35, 8, 720, 28496.000000, 0.043462, 655653.214302, 662696.000000, 1.000000, 2, 20.331951, 264068.672312, 264068.672312
Z3, 36, 8, 720, 12416.000000, 0.053456, 232265.788686, 234264.000000, 1.000000, 2, 20.331951, 179391.187188, 179391.187188
Z3, 37, 8, 720, 17312.000000, 0.070305, 246241.376858, 247312.000000, 1.000000, 2, 20.331951, 182186.304823, 182186.304823
Z3, 38, 8, 720, 14664.000000, 0.070626, 207628.918529, 209480.000000, 1.000000, 2, 20.331951, 174463.813157, 174463.813157
Z1, 0, 9, 720, 7696.000000, 0.193942, 39681.966774, 39872.000000, 1.000000, 2, 23.390259, 160225.669153, 160225.669153
Z2, 0, 9, 720, 6624.000000, 0.208197, 31816.020404, 31840.000000, 1.000000, 2, 23.390259, 158652.479879, 158652.479879
Z2, 1, 9, 720, 6776.000000, 0.066842, 101373.387990, 102664.000000, 1.000000, 2, 23.390259, 172563.953397, 172563.953397
Z2, 2, 9, 720, 7496.000000, 0.062570, 119801.821959, 120896.000000, 1.000000, 2, 23.390259, 176249.640191, 176249.640191
Z2, 3, 9, 720, 16056.000000, 0.042166, 380780.723806, 382280.000000, 1.000000, 2, 23.390259, 228445.420560, 228445.420560
Z2, 4, 9, 720, 24464.000000, 0.055246, 442819.389639, 444800.000000, 1.000000, 2, 23.390259, 240853.153726, 240853.153726
Z2, 5, 9, 720, 36648.000000, 0.053211, 688729.773919, 691464.000000, 1.000000, 2, 23.390259, 290035.230582, 290035.230582
Z2, 6, 9, 720, 11344.000000, 0.070172, 161659.921336, 162056.000000, 1.000000, 2, 23.390259, 184621.260066, 184621.260066
Z2, 7, 9, 720, 15808.000000, 0.051935, 304380.475594, 309960.000000, 1.000000, 2, 23.390259, 213165.370918, 213165.370918
Z3, 0, 9, 720, 6752.000000, 0.210923, 32011.681988, 32152.000000, 1.000000, 2, 23.390259, 158691.612196, 158691.612196
Z3, 1, 9, 720, 9824.000000, 0.072180, 136104.183984, 136440.000000, 1.000000, 2, 23.390259, 179510.112596, 179510.112596
Z3, 2, 9, 720, 8640.000000, 0.065678, 131550.899845, 132920.000000, 1.000000, 2, 23.390259, 178599.455768, 178599.455768
Z3, 3, 9, 720, 7248.000000, 0.062560, 115856.777494, 116896.000000, 1.000000, 2, 23.390259, 175460.631297, 175460.631297
Z3, 4, 9, 720, 8336.000000, 0.026687, 312361.824109, 320608.000000, 1.000000, 2, 23.390259, 214761.640620, 214761.640620
Z3, 5, 9, 720, 9640.000000, 0.035442, 271993.679815, 275424.000000, 1.000000, 2, 23.390259, 206688.011762, 206688.011762
Z3, 6, 9, 720, 10312.000000, 0.056369, 182937.430148, 184136.000000, 1.000000, 2, 23.390259, 188876.761828, 188876.761828
Z3, 7, 9, 720, 21208.000000, 0.069116, 306846.461022, 307360.000000, 1.000000, 2, 23.390259, 213658.568003, 213658.568003
Z3, 8, 9, 720, 8000.000000, 0.063331, 126320.443385, 126984.000000, 1.000000, 2, 23.390259, 177553.364476, 177553.364476
Z3, 9, 9, 720, 16880.000000, 0.057988, 291094.709250, 296136.000000, 1.000000, 2, 23.390259, 210508.217649, 210508.217649
Z3, 10, 9, 720, 23240.000000, 0.053638, 433274.917036, 438488.000000, 1.000000, 2, 23.390259, 238944.259206, 238944.259206
Z3, 11, 9, 720, 21680.000000, 0.050061, 433071.652584, 433600.000000, 1.000000, 2, 23.390259, 238903.606315, 238903.606315
Z3, 12, 9, 720, 16096.000000, 0.045798, 351456.395476, 357688.000000, 1.000000, 2, 23.390259, 222580.554894, 222580.554894
Z3, 13, 9, 720, 39872.000000, 0.062433, 638636.618455, 643096.000000, 1.000000, 2, 23.390259, 280016.599490, 280016.599490
Z3, 14, 9, 720, 46392.000000, 0.064273, 721796.088560, 724872.000000, 1.000000, 2, 23.390259, 296648.493511, 296648.493511
Z3, 15, 9, 720, 26168.000000, 0.066932, 390963.963426, 396480.000000, 1.000000, 2, 23.390259, 230482.068484, 230482.068484
Z3, 16, 9, 720, 48816.000000, 0.049565, 984888.530213, 996240.000000, 1.000000, 2, 23.390259, 349266.981841, 349266.981841
Z3, 17, 9, 720, 38664.000000, 0.062268, 620928.888032, 623608.000000, 1.000000, 2, 23.390259, 276475.053405, 276475.053405
Z3, 18, 9, 720, 26344.000000, 0.060521, 435286.925200, 439064.000000, 1.000000, 2, 23.390259, 239346.660839, 239346.660839
Z3, 19, 9, 720, 19912.000000, 0.034740, 573172.135866, 585640.000000, 1.000000, 2, 23.390259, 266923.702972, 266923.702972
Z3, 20, 9, 720, 61688.000000, 0.076021, 811459.991318, 811680.000000, 1.000000, 2, 23.390259, 314581.274062, 314581.274062
Z3, 21, 9, 720, 59200.000000, 0.065478, 904120.467943, 910768.000000, 1.000000, 2, 23.390259, 333113.369387, 333113.369387
Z3, 22, 9, 720, 41064.000000, 0.058807, 698284.217865, 708000.000000, 1.000000, 2, 23.390259, 291946.119372, 291946.119372
Z3, 23, 9, 720, 55576.000000, 0.052624, 1056096.077835, 1068768.000000, 1.000000, 2, 23.390259, 363508.491366, 363508.491366
Z3, 24, 9, 720, 50200.000000, 0.053591, 936724.450001, 947168.000000, 1.000000, 2, 23.390259, 339634.165799, 339634.165799
Z3, 25, 9, 720, 30056.000000, 0.055299, 543517.965967, 546472.000000, 1.000000, 2, 23.390259, 260992.868992, 260992.868992
Z3, 26, 9, 720, 59504.000000, 0.067027, 887761.648291, 888112.000000, 1.000000, 2, 23.390259, 329841.605457, 329841.605457
Z3, 27, 9, 720, 65232.000000, 0.049022, 1330667.863408, 1331264.000000, 1.000000, 2, 23.390259, 418422.848480, 418422.848480
Z3, 28, 9, 720, 23952.000000, 0.066234, 361626.958964, 362904.000000, 1.000000, 2, 23.390259, 224614.667591, 224614.667591
Z3, 29, 9, 720, 32816.000000, 0.051091, 642304.906931, 643448.000000, 1.000000, 2, 23.390259, 280750.257185, 280750.257185
Z3, 30, 9, 720, 8856.000000, 0.054555, 162331.591971, 164000.000000, 1.000000, 2, 23.390259, 184755.594193, 184755.594193
Z3, 31, 9, 720, 14088.000000, 0.059882, 235262.683277, 238776.000000, 1.000000, 2, 23.390259, 199341.812454, 199341.812454
Z3, 32, 9, 720, 15104.000000, 0.065079, 232087.155611, 232368.000000, 1.000000, 2, 23.390259, 198706.706921, 198706.706921
Z3, 33, 9, 720, 11784.000000, 0.037013, 318374.625132, 318480.000000, 1.000000, 2, 23.390259, 215964.200825, 215964.200825
Z3, 34, 9, 720, 18496.000000, 0.038303, 482886.457980, 486736.000000, 1.000000, 2, 23.390259, 248866.567395, 248866.567395
Z3, 35, 9, 720, 22376.000000, 0.074678, 299633.091406, 302376.000000, 1.000000, 2, 23.390259, 212215.894080, 212215.894080
Z3, 36, 9, 720, 8792.000000, 0.065267, 134708.198630, 135256.000000, 1.000000, 2, 23.390259, 179230.915525, 179230.915525
Z3, 37, 9, 720, 19464.000000, 0.069402, 280453.012881, 282080.000000, 1.000000, 2, 23.390259, 208379.878375, 208379.878375
Z3, 38, 9, 720, 20360.000000, 0.063903, 318607.890083, 323168.000000, 1.000000, 2, 23.390259, 216010.853815, 216010.853815
Z1, 0, 10, 720, 7480.000000, 0.156604, 47763.786366, 47944.000000, 1.000000, 2, 26.595663, 181083.887189, 181083.887189
Z2, 0, 10, 720, 6624.000000, 0.155501, 42597.796799, 42728.000000, 1.000000, 2, 26.595663, 180050.689275, 180050.689275
Z2, 1, 10, 720, 7008.000000, 0.028316, 247492.583698, 250280.000000, 1.000000, 2, 26.595663, 221029.646655, 221029.646655
Z2, 2, 10, 720, 7832.000000, 0.060775, 128868.778281, 130528.000000, 1.000000, 2, 26.595663, 197304.885572, 197304.885572
Z2, 3, 10, 720, 29728.000000, 0.075734, 392531.755882, 396368.000000, 1.000000, 2, 26.595663, 250037.481092, 250037.481092
Z2, 4, 10, 720, 35840.000000, 0.075612, 473998.836164, 477864.000000, 1.000000, 2, 26.595663, 266330.897148, 266330.897148
Z2, 5, 10, 720, 43888.000000, 0.052072, 842833.000461, 844000.000000, 1.000000, 2, 26.595663, 340097.730008, 340097.730008
Z2, 6, 10, 720, 17936.000000, 0.070392, 254801.682009, 256224.000000, 1.000000, 2, 26.595663, 222491.466317, 222491.466317
Z2, 7, 10, 720, 24920.000000, 0.070617, 352889.530850, 356000.000000, 1.000000, 2, 26.595663, 242109.036085, 242109.036085
Z3, 0, 10, 720, 6840.000000, 0.185515, 36870.333935, 36968.000000, 1.000000, 2, 26.595663, 178905.196702, 178905.196702
Z3, 1, 10, 720, 22064.000000, 0.054783, 402752.678751, 408592.000000, 1.000000, 2, 26.595663, 252081.665666, 252081.665666
Z3, 2, 10, 720, 15312.000000, 0.044231, 346182.541656, 348000.000000, 1.000000, 2, 26.595663, 240767.638247, 240767.638247
Z3, 3, 10, 720, 7752.000000, 0.026781, 289458.944774, 298152.000000, 1.000000, 2, 26.595663, 229422.918870, 229422.918870
Z3, 4, 10, 720, 11432.000000, 0.032376, 353101.062515, 357248.000000, 1.000000, 2, 26.595663, 242151.342418, 242151.342418
Z3, 5, 10, 720, 17232.000000, 0.047776, 360683.188212, 366632.000000, 1.000000, 2, 26.595663, 243667.767558, 243667.767558
Z3, 6, 10, 720, 23328.000000, 0.063844, 365390.639684, 370280.000000, 1.000000, 2, 26.595663, 244609.257852, 244609.257852
Z3, 7, 10, 720, 18496.000000, 0.059743, 309592.755637, 313488.000000, 1.000000, 2, 26.595663, 233449.681043, 233449.681043
Z3, 8, 10, 720, 7968.000000, 0.074641, 106750.981364, 107672.000000, 1.000000, 2, 26.595663, 192881.326188, 192881.326188
Z3, 9, 10, 720, 19568.000000, 0.048075, 407030.681227, 407664.000000, 1.000000, 2, 26.595663, 252937.266161, 252937.266161
Z3, 10, 10, 720, 36064.000000, 0.073294, 492045.733621, 494024.000000, 1.000000, 2, 26.595663, 269940.276640, 269940.276640
Z3, 11, 10, 720, 29248.000000, 0.047613, 614286.014324, 622296.000000, 1.000000, 2, 26.595663, 294388.332780, 294388.332780
Z3, 12, 10, 720, 24216.000000, 0.060767, 398505.767933, 403600.000000, 1.000000, 2, 26.595663, 251232.283502, 251232.283502
Z3, 13, 10, 720, 54424.000000, 0.075449, 721334.941484, 725648.000000, 1.000000, 2, 26.595663, 315798.118212, 315798.118212
Z3, 14, 10, 720, 56832.000000, 0.072726, 781453.675439, 789328.000000, 1.000000, 2, 26.595663, 327821.865003, 327821.865003
Z3, 15, 10, 720, 29576.000000, 0.044858, 659324.981051, 672176.000000, 1.000000, 2, 26.595663, 303396.126126, 303396.126126
Z3, 16, 10, 720, 52328.000000, 0.070144, 746008.211679, 747536.000000, 1.000000, 2, 26.595663, 320732.772251, 320732.772251
Z3, 17, 10, 720, 52840.000000, 0.075053, 704035.814691, 704528.000000, 1.000000, 2, 26.595663, 312338.292854, 312338.292854
Z3, 18, 10, 720, 35136.000000, 0.071886, 488773.891996, 494872.000000, 1.000000, 2, 26.595663, 269285.908315, 269285.908315
Z3, 19, 10, 720, 23160.000000, 0.053602, 432073.430096, 436976.000000, 1.000000, 2, 26.595663, 257945.815935, 257945.815935
Z3, 20, 10, 720, 77048.000000, 0.066684, 1155419.590906, 1167392.000000, 1.000000, 2, 26.595663, 402615.048097, 402615.048097
Z3, 21, 10, 720, 68968.000000, 0.072564, 950443.746210, 957888.000000, 1.000000, 2, 26.595663, 361619.879157, 361619.879157
Z3, 22, 10, 720, 52224.000000, 0.074745, 698695.564921, 705728.000000, 1.000000, 2, 26.595663, 311270.242900, 311270.242900
Z3, 23, 10, 720, 76384.000000, 0.064801, 1178747.241555, 1193496.000000, 1.000000, 2, 26.595663, 407280.578226, 407280.578226
Z3, 24, 10, 720, 57512.000000, 0.060322, 953416.663904, 958528.000000, 1.000000, 2, 26.595663, 362214.462696, 362214.462696
Z3, 25, 10, 720, 35600.000000, 0.059455, 598772.180641, 603384.000000, 1.000000, 2, 26.595663, 291285.566044, 291285.566044
Z3, 26, 10, 720, 72816.000000, 0.073355, 992652.170949, 997472.000000, 1.000000, 2, 26.595663, 370061.564105, 370061.564105
Z3, 27, 10, 720, 93600.000000, 0.067137, 1394164.171768, 1397008.000000, 1.000000, 2, 26.595663, 450363.964269, 450363.964269
Z3, 28, 10, 720, 23040.000000, 0.051271, 449376.840709, 451760.000000, 1.000000, 2, 26.595663, 261406.498057, 261406.498057
Z3, 29, 10, 720, 35840.000000, 0.070206, 510497.678261, 512000.000000, 1.000000, 2, 26.595663, 273630.665568, 273630.665568
Z3, 30, 10, 720, 13072.000000, 0.030486, 428786.984189, 435728.000000, 1.000000, 2, 26.595663, 257288.526753, 257288.526753
Z3, 31, 10, 720, 20608.000000, 0.063741, 323308.388635, 327104.000000, 1.000000, 2, 26.595663, 236192.807642, 236192.807642
Z3, 32, 10, 720, 22584.000000, 0.059496, 379588.543768, 382776.000000, 1.000000, 2, 26.595663, 247448.838669, 247448.838669
Z3, 33, 10, 720, 14712.000000, 0.058632, 250920.998772, 253648.000000, 1.000000, 2, 26.595663, 221715.329670, 221715.329670
Z3, 34, 10, 720, 20512.000000, 0.049691, 412791.048681, 418608.000000, 1.000000, 2, 26.595663, 254089.339652, 254089.339652
Z3, 35, 10, 720, 17992.000000, 0.034351, 523769.322582, 529176.000000, 1.000000, 2, 26.595663, 276284.994432, 276284.994432
Z3, 36, 10, 720, 11464.000000, 0.029159, 393154.772112, 395304.000000, 1.000000, 2, 26.595663, 250162.084338, 250162.084338
Z3, 37, 10, 720, 22376.000000, 0.075007, 298318.823576, 298344.000000, 1.000000, 2, 26.595663, 231194.894631, 231194.894631
Z3, 38, 10, 720, 29088.000000, 0.041313, 704088.301503, 709456.000000, 1.000000, 2, 26.595663, 312348.790216, 312348.790216
Z1, 0, 11, 720, 41864.000000, 0.185163, 226092.685904, 226288.000000, 1.000000, 2, 29.733891, 333722.773870, 333722.773870
Z2, 0, 11, 720, 10080.000000, 0.183927, 54804.351727, 55080.000000, 1.000000, 2, 29.733891, 299465.107035, 299465.107035
Z2, 1, 11, 720, 36112.000000, 0.059978, 602087.432058, 612064.000000, 1.000000, 2, 29.733891, 408921.723101, 408921.723101
Z2, 2, 11, 720, 36680.000000, 0.048949, 749351.365707, 764160.000000, 1.000000, 2, 29.733891, 438374.509831, 438374.509831
Z2, 3, 11, 720, 39392.000000, 0.063642, 618962.320480, 625264.000000, 1.000000, 2, 29.733891, 412296.700786, 412296.700786
Z2, 4, 11, 720, 43216.000000, 0.055983, 771948.627262, 785744.000000, 1.000000, 2, 29.733891, 442893.962142, 442893.962142
Z2, 5, 11, 720, 50760.000000, 0.064749, 783950.331279, 793120.000000, 1.000000, 2, 29.733891, 445294.302945, 445294.302945
Z2, 6, 11, 720, 17768.000000, 0.063345, 280495.698161, 282024.000000, 1.000000, 2, 29.733891, 344603.376322, 344603.376322
Z2, 7, 11, 720, 33352.000000, 0.040218, 829280.421702, 833800.000000, 1.000000, 2, 29.733891, 454360.321030, 454360.321030
Z3, 0, 11, 720, 6624.000000, 0.220073, 30099.103479, 30104.000000, 1.000000, 2, 29.733891, 294524.057385, 294524.057385
Z3, 1, 11, 720, 11320.000000, 0.041413, 273344.118996, 276096.000000, 1.000000, 2, 29.733891, 343173.060489, 343173.060489
Z3, 2, 11, 720, 16208.000000, 0.039858, 406643.584726, 415584.000000, 1.000000, 2, 29.733891, 369832.953635, 369832.953635
Z3, 3, 11, 720, 12920.000000, 0.058173, 222096.161449, 222752.000000, 1.000000, 2, 29.733891, 332923.468979, 332923.468979
Z3, 4, 11, 720, 8968.000000, 0.061990, 144668.494919, 147016.000000, 1.000000, 2, 29.733891, 317437.935673, 317437.935673
Z3, 5, 11, 720, 12016.000000, 0.035295, 340444.822213, 343312.000000, 1.000000, 2, 29.733891, 356593.201132, 356593.201132
Z3, 6, 11, 720, 21880.000000, 0.071090, 307778.871853, 308168.000000, 1.000000, 2, 29.733891, 350060.011060, 350060.011060
Z3, 7, 11, 720, 13408.000000, 0.068893, 194620.643607, 197176.000000, 1.000000, 2, 29.733891, 327428.365411, 327428.365411
Z3, 8, 11, 720, 14528.000000, 0.071634, 202808.722115, 204616.000000, 1.000000, 2, 29.733891, 329065.981113, 329065.981113
Z3, 9, 11, 720, 15928.000000, 0.064642, 246403.267226, 248872.000000, 1.000000, 2, 29.733891, 337784.890135, 337784.890135
Z3, 10, 11, 720, 8224.000000, 0.035198, 233649.639184, 234968.000000, 1.000000, 2, 29.733891, 335234.164526, 335234.164526
Z3, 11, 11, 720, 8720.000000, 0.061916, 140835.971316, 142944.000000, 1.000000, 2, 29.733891, 316671.430953, 316671.430953
Z3, 12, 11, 720, 23504.000000, 0.049829, 471693.190712, 479672.000000, 1.000000, 2, 29.733891, 382842.874832, 382842.874832
Z3, 13, 11, 720, 50640.000000, 0.060248, 840525.826583, 844000.000000, 1.000000, 2, 29.733891, 456609.402006, 456609.402006
Z3, 14, 11, 720, 47296.000000, 0.069441, 681096.182371, 685448.000000, 1.000000, 2, 29.733891, 424723.473164, 424723.473164
Z3, 15, 11, 720, 34344.000000, 0.070979, 483861.423801, 490624.000000, 1.000000, 2, 29.733891, 385276.521450, 385276.521450
Z3, 16, 11, 720, 73648.000000, 0.069650, 1057401.292175, 1067360.000000, 1.000000, 2, 29.733891, 499984.495125, 499984.495125
Z3, 17, 11, 720, 59920.000000, 0.060563, 989382.956591, 998664.000000, 1.000000, 2, 29.733891, 486380.828008, 486380.828008
Z3, 18, 11, 720, 40664.000000, 0.073853, 550607.287449, 557040.000000, 1.000000, 2, 29.733891, 398625.694179, 398625.694179
Z3, 19, 11, 720, 56880.000000, 0.050818, 1119288.441104, 1137600.000000, 1.000000, 2, 29.733891, 512361.924910, 512361.924910
Z3, 20, 11, 720, 57216.000000, 0.065450, 874194.041253, 880240.000000, 1.000000, 2, 29.733891, 463343.044940, 463343.044940
Z3, 21, 11, 720, 28160.000000, 0.062800, 448407.643312, 454192.000000, 1.000000, 2, 29.733891, 378185.765352, 378185.765352
Z3, 22, 11, 720, 76696.000000, 0.066951, 1145554.211289, 1162056.000000, 1.000000, 2, 29.733891, 517615.078947, 517615.078947
Z3, 23, 11, 720, 80520.000000, 0.071259, 1129962.531049, 1134080.000000, 1.000000, 2, 29.733891, 514496.742899, 514496.742899
Z3, 24, 11, 720, 66560.000000, 0.052587, 1265712.058113, 1280000.000000, 1.000000, 2, 29.733891, 541646.648312, 541646.648312
Z3, 25, 11, 720, 77808.000000, 0.057252, 1359044.225529, 1365048.000000, 1.000000, 2, 29.733891, 560313.081795, 560313.081795
Z3, 26, 11, 720, 55056.000000, 0.069108, 796666.087862, 797912.000000, 1.000000, 2, 29.733891, 447837.454262, 447837.454262
Z3, 27, 11, 720, 36552.000000, 0.052549, 695579.364022, 702920.000000, 1.000000, 2, 29.733891, 427620.109494, 427620.109494
Z3, 28, 11, 720, 100304.000000, 0.072629, 1381046.138595, 1393104.000000, 1.000000, 2, 29.733891, 564713.464408, 564713.464408
Z3, 29, 11, 720, 133264.000000, 0.092052, 1447703.471951, 1448520.000000, 1.000000, 2, 29.733891, 578044.931080, 578044.931080
Z3, 30, 11, 720, 14528.000000, 0.075598, 192174.396148, 193704.000000, 1.000000, 2, 29.733891, 326939.115919, 326939.115919
Z3, 31, 11, 720, 24392.000000, 0.064598, 377596.829623, 381120.000000, 1.000000, 2, 29.733891, 364023.602614, 364023.602614
Z3, 32, 11, 720, 22216.000000, 0.056653, 392141.634159, 396712.000000, 1.000000, 2, 29.733891, 366932.563521, 366932.563521
Z3, 33, 11, 720, 14368.000000, 0.036471, 393956.842423, 399104.000000, 1.000000, 2, 29.733891, 367295.605174, 367295.605174
Z3, 34, 11, 720, 21288.000000, 0.042717, 498349.603202, 506856.000000, 1.000000, 2, 29.733891, 388174.157330, 388174.157330
Z3, 35, 11, 720, 18544.000000, 0.064904, 285714.285714, 289744.000000, 1.000000, 2, 29.733891, 345647.093832, 345647.093832
Z3, 36, 11, 720, 12272.000000, 0.036487, 336338.970044, 340888.000000, 1.000000, 2, 29.733891, 355772.030698, 355772.030698
Z3, 37, 11, 720, 21736.000000, 0.069379, 313293.647934, 315008.000000, 1.000000, 2, 29.733891, 351162.966276, 351162.966276
Z3, 38, 11, 720, 22688.000000, 0.074662, 303876.135116, 306592.000000, 1.000000, 2, 29.733891, 349279.463713, 349279.463713
Z1, 0, 12, 720, 65984.000000, 0.166731, 395751.240021, 397488.000000, 1.000000, 2, 33.026456, 385990.497050, 385990.497050
Z2, 0, 12, 720, 6624.000000, 0.180000, 36800.000000, 36800.000000, 1.000000, 2, 33.026456, 314200.249046, 314200.249046
Z2, 1, 12, 720, 6760.000000, 0.075433, 89615.950579, 90128.000000, 1.000000, 2, 33.026456, 324763.439162, 324763.439162
Z2, 2, 12, 720, 7528.000000, 0.075092, 100250.359559, 100368.000000, 1.000000, 2, 33.026456, 326890.320958, 326890.320958
Z2, 3, 12, 720, 7704.000000, 0.039322, 195920.858552, 197536.000000, 1.000000, 2, 33.026456, 346024.420757, 346024.420757
Z2, 4, 12, 720, 58576.000000, 0.071856, 815185.927410, 825008.000000, 1.000000, 2, 33.026456, 469877.434528, 469877.434528
Z2, 5, 12, 720, 36544.000000, 0.062897, 581013.402865, 589416.000000, 1.000000, 2, 33.026456, 423042.929619, 423042.929619
Z2, 6, 12, 720, 62000.000000, 0.067400, 919881.305638, 925368.000000, 1.000000, 2, 33.026456, 490816.510174, 490816.510174
Z2, 7, 12, 720, 77544.000000, 0.073439, 1055896.730620, 1062240.000000, 1.000000, 2, 33.026456, 518019.595170, 518019.595170
Z3, 0, 12, 720, 7896.000000, 0.175355, 45028.656155, 45120.000000, 1.000000, 2, 33.026456, 315845.980277, 315845.980277
Z3, 1, 12, 720, 10520.000000, 0.060464, 173987.827468, 175328.000000, 1.000000, 2, 33.026456, 341637.814540, 341637.814540
Z3, 2, 12, 720, 20088.000000, 0.054762, 366823.709872, 372000.000000, 1.000000, 2, 33.026456, 380204.991021, 380204.991021
Z3, 3, 12, 720, 10320.000000, 0.042616, 242162.568050, 245712.000000, 1.000000, 2, 33.026456, 355272.762656, 355272.762656
Z3, 4, 12, 720, 12664.000000, 0.030498, 415240.343629, 422128.000000, 1.000000, 2, 33.026456, 389888.317772, 389888.317772
Z3, 5, 12, 720, 15440.000000, 0.071808, 215017.825312, 217464.000000, 1.000000, 2, 33.026456, 349843.814109, 349843.814109
Z3, 6, 12, 720, 7712.000000, 0.071009, 108605.951358, 108616.000000, 1.000000, 2, 33.026456, 328561.439318, 328561.439318
Z3, 7, 12, 720, 10120.000000, 0.051093, 198070.185740, 198424.000000, 1.000000, 2, 33.026456, 346454.286194, 346454.286194
Z3, 8, 12, 720, 7576.000000, 0.056931, 133073.369517, 135280.000000, 1.000000, 2, 33.026456, 333454.922950, 333454.922950
Z3, 9, 12, 720, 24720.000000, 0.070632, 349983.010533, 353136.000000, 1.000000, 2, 33.026456, 376836.851153, 376836.851153
Z3, 10, 12, 720, 60536.000000, 0.043268, 1399094.018674, 1407808.000000, 1.000000, 2, 33.026456, 586659.052781, 586659.052781
Z3, 11, 12, 720, 65616.000000, 0.050133, 1308838.489618, 1312320.000000, 1.000000, 2, 33.026456, 568607.946970, 568607.946970
Z3, 12, 12, 720, 38936.000000, 0.070207, 554588.573789, 556224.000000, 1.000000, 2, 33.026456, 417757.963804, 417757.963804
Z3, 13, 12, 720, 87896.000000, 0.071244, 1233731.963393, 1237968.000000, 1.000000, 2, 33.026456, 553586.641725, 553586.641725
Z3, 14, 12, 720, 78296.000000, 0.066290, 1181113.290089, 1186296.000000, 1.000000, 2, 33.026456, 543062.907064, 543062.907064
Z3, 15, 12, 720, 45720.000000, 0.058997, 774954.658711, 788272.000000, 1.000000, 2, 33.026456, 461831.180788, 461831.180788
Z3, 16, 12, 720, 82616.000000, 0.067077, 1231659.138006, 1233072.000000, 1.000000, 2, 33.026456, 553172.076647, 553172.076647
Z3, 17, 12, 720, 109704.000000, 0.073199, 1498708.998757, 1502792.000000, 1.000000, 2, 33.026456, 606582.048798, 606582.048798
Z3, 18, 12, 720, 28840.000000, 0.057919, 497936.773770, 505960.000000, 1.000000, 2, 33.026456, 406427.603800, 406427.603800
Z3, 19, 12, 720, 75104.000000, 0.073678, 1019354.488450, 1028816.000000, 1.000000, 2, 33.026456, 510711.146736, 510711.146736
Z3, 20, 12, 720, 96504.000000, 0.071488, 1349932.855864, 1359208.000000, 1.000000, 2, 33.026456, 576826.820219, 576826.820219
Z3, 21, 12, 720, 42960.000000, 0.069638, 616904.563600, 622608.000000, 1.000000, 2, 33.026456, 430221.161766, 430221.161766
Z3, 22, 12, 720, 68064.000000, 0.058750, 1158536.170213, 1173512.000000, 1.000000, 2, 33.026456, 538547.483089, 538547.483089
Z3, 23, 12, 720, 50352.000000, 0.073136, 688470.794137, 689752.000000, 1.000000, 2, 33.026456, 444534.407874, 444534.407874
Z3, 24, 12, 720, 31856.000000, 0.044537, 715270.449289, 724000.000000, 1.000000, 2, 33.026456, 449894.338904, 449894.338904
Z3, 25, 12, 720, 130312.000000, 0.065565, 1987523.831312, 2004800.000000, 1.000000, 2, 33.026456, 704345.015309, 704345.015309
Z3, 26, 12, 720, 138080.000000, 0.106253, 1299539.777700, 1302640.000000, 1.000000, 2, 33.026456, 566748.204586, 566748.204586
Z3, 27, 12, 720, 50256.000000, 0.030780, 1632748.538012, 1675200.000000, 1.000000, 2, 33.026456, 633389.956648, 633389.956648
Z3, 28, 12, 720, 14080.000000, 0.057138, 246420.945780, 247016.000000, 1.000000, 2, 33.026456, 356124.438202, 356124.438202
Z3, 29, 12, 720, 21056.000000, 0.063013, 334153.269960, 334216.000000, 1.000000, 2, 33.026456, 373670.903038, 373670.903038
Z3, 30, 12, 720, 21064.000000, 0.053507, 393668.118190, 397432.000000, 1.000000, 2, 33.026456, 385573.872684, 385573.872684
Z3, 31, 12, 720, 16432.000000, 0.066377, 247555.629209, 248968.000000, 1.000000, 2, 33.026456, 356351.374888, 356351.374888
Z3, 32, 12, 720, 26024.000000, 0.052858, 492337.962087, 500456.000000, 1.000000, 2, 33.026456, 405307.841464, 405307.841464
Z3, 33, 12, 720, 25696.000000, 0.046252, 555565.164750, 558608.000000, 1.000000, 2, 33.026456, 417953.281996, 417953.281996
Z3, 34, 12, 720, 13400.000000, 0.050513, 265278.245204, 268000.000000, 1.000000, 2, 33.026456, 359895.898087, 359895.898087
Z3, 35, 12, 720, 31112.000000, 0.067858, 458486.840166, 464352.000000, 1.000000, 2, 33.026456, 398537.617079, 398537.617079
Z3, 36, 12, 720, 34872.000000, 0.069244, 503610.421120, 505384.000000, 1.000000, 2, 33.026456, 407562.333270, 407562.333270
Z3, 37, 12, 720, 18096.000000, 0.075501, 239678.944650, 241280.000000, 1.000000, 2, 33.026456, 354776.037976, 354776.037976
Z3, 38, 12, 720, 26888.000000, 0.060981, 440924.222299, 448128.000000, 1.000000, 2, 33.026456, 395025.093506, 395025.093506
