Zone, Tile_no, Seg_no, Reso, Seg_d_size, Seg_d_time, Bitrate, Bitrate1, Buf_lev, Buf_limit, Elapsed, Ref_vp, Local_avg
Z1, 0, 1, 720, 9960.000000, 0.038158, 261019.969600, 262104.000000, 1.000000, 2, 0.000067, 261019.969600, 261019.969600
Z2, 0, 1, 720, 8952.000000, 0.056266, 159101.411154, 159856.000000, 1.000000, 2, 0.000067, 79550.705577, 79550.705577
Z2, 1, 1, 720, 5424.000000, 0.023986, 226131.910281, 235824.000000, 1.000000, 2, 0.000067, 75377.303427, 75377.303427
Z2, 2, 1, 720, 7080.000000, 0.010649, 664851.159733, 708000.000000, 1.000000, 2, 0.000067, 166212.789933, 166212.789933
Z2, 3, 1, 720, 18976.000000, 0.000936, 20273504.273504, 18976000.000000, 1.000000, 2, 0.000067, 4054700.854701, 4054700.854701
Z2, 4, 1, 720, 8720.000000, 0.010813, 806436.696569, 872000.000000, 1.000000, 2, 0.000067, 161287.339314, 161287.339314
Z2, 5, 1, 720, 8336.000000, 0.219087, 38048.811659, 38056.000000, 1.000000, 2, 0.000067, 7609.762332, 7609.762332
Z2, 6, 1, 720, 6376.000000, 0.000809, 7881334.981459, 6376000.000000, 1.000000, 2, 0.000067, 1576266.996292, 1576266.996292
Z2, 7, 1, 720, 6872.000000, 0.000939, 7318423.855165, 6872000.000000, 1.000000, 2, 0.000067, 1463684.771033, 1463684.771033
Z3, 0, 1, 720, 7080.000000, 0.059594, 118803.906434, 120000.000000, 1.000000, 2, 0.000067, 23760.781287, 23760.781287
Z3, 1, 1, 720, 7080.000000, 0.008670, 816608.996540, 885000.000000, 1.000000, 2, 0.000067, 163321.799308, 163321.799308
Z3, 2, 1, 720, 5664.000000, 0.011733, 482740.986960, 514904.000000, 1.000000, 2, 0.000067, 96548.197392, 96548.197392
Z3, 3, 1, 720, 7080.000000, 0.000911, 7771679.473106, 7080000.000000, 1.000000, 2, 0.000067, 1554335.894621, 1554335.894621
Z3, 4, 1, 720, 7080.000000, 0.000831, 8519855.595668, 7080000.000000, 1.000000, 2, 0.000067, 1703971.119134, 1703971.119134
Z3, 5, 1, 720, 5664.000000, 0.000807, 7018587.360595, 5664000.000000, 1.000000, 2, 0.000067, 1403717.472119, 1403717.472119
Z3, 6, 1, 720, 7080.000000, 0.004321, 1638509.604258, 1770000.000000, 1.000000, 2, 0.000067, 327701.920852, 327701.920852
Z3, 7, 1, 720, 7080.000000, 0.021446, 330131.493052, 337136.000000, 1.000000, 2, 0.000067, 66026.298610, 66026.298610
Z3, 8, 1, 720, 5664.000000, 0.012814, 442016.544405, 472000.000000, 1.000000, 2, 0.000067, 88403.308881, 88403.308881
Z3, 9, 1, 720, 7080.000000, 0.005918, 1196350.118283, 1416000.000000, 1.000000, 2, 0.000067, 239270.023657, 239270.023657
Z3, 10, 1, 720, 12904.000000, 0.000757, 17046235.138705, 12904000.000000, 1.000000, 2, 0.000067, 3409247.027741, 3409247.027741
Z3, 11, 1, 720, 17344.000000, 0.000753, 23033200.531209, 17344000.000000, 1.000000, 2, 0.000067, 4606640.106242, 4606640.106242
Z3, 12, 1, 720, 16912.000000, 0.000730, 23167123.287671, 16912000.000000, 1.000000, 2, 0.000067, 4633424.657534, 4633424.657534
Z3, 13, 1, 720, 13240.000000, 0.000759, 17444005.270092, 13240000.000000, 1.000000, 2, 0.000067, 3488801.054018, 3488801.054018
Z3, 14, 1, 720, 28328.000000, 0.005365, 5280149.114632, 5665600.000000, 1.000000, 2, 0.000067, 1056029.822926, 1056029.822926
Z3, 15, 1, 720, 30528.000000, 0.021853, 1396970.667643, 1453712.000000, 1.000000, 2, 0.000067, 279394.133529, 279394.133529
Z3, 16, 1, 720, 16360.000000, 0.000836, 19569377.990431, 16360000.000000, 1.000000, 2, 0.000067, 3913875.598086, 3913875.598086
Z3, 17, 1, 720, 33216.000000, 0.036655, 906179.238849, 922664.000000, 1.000000, 2, 0.000067, 181235.847770, 181235.847770
Z3, 18, 1, 720, 28000.000000, 0.000902, 31042128.603104, 28000000.000000, 1.000000, 2, 0.000067, 6208425.720621, 6208425.720621
Z3, 19, 1, 720, 15744.000000, 0.010113, 1556808.068822, 1574400.000000, 1.000000, 2, 0.000067, 311361.613764, 311361.613764
Z3, 20, 1, 720, 16024.000000, 0.020447, 783684.648115, 801200.000000, 1.000000, 2, 0.000067, 156736.929623, 156736.929623
Z3, 21, 1, 720, 11576.000000, 0.000837, 13830346.475508, 11576000.000000, 1.000000, 2, 0.000067, 2766069.295102, 2766069.295102
Z3, 22, 1, 720, 10816.000000, 0.013924, 776788.279230, 832000.000000, 1.000000, 2, 0.000067, 155357.655846, 155357.655846
Z3, 23, 1, 720, 13224.000000, 0.000845, 15649704.142012, 13224000.000000, 1.000000, 2, 0.000067, 3129940.828402, 3129940.828402
Z3, 24, 1, 720, 17528.000000, 0.001006, 17423459.244533, 17528000.000000, 1.000000, 2, 0.000067, 3484691.848907, 3484691.848907
Z3, 25, 1, 720, 23824.000000, 0.023485, 1014434.745582, 1035824.000000, 1.000000, 2, 0.000067, 202886.949116, 202886.949116
Z3, 26, 1, 720, 11024.000000, 0.025885, 425883.716438, 440960.000000, 1.000000, 2, 0.000067, 85176.743288, 85176.743288
Z3, 27, 1, 720, 15112.000000, 0.006775, 2230553.505535, 2518664.000000, 1.000000, 2, 0.000067, 446110.701107, 446110.701107
Z3, 28, 1, 720, 24552.000000, 0.000846, 29021276.595745, 24552000.000000, 1.000000, 2, 0.000067, 5804255.319149, 5804255.319149
Z3, 29, 1, 720, 10824.000000, 0.000767, 14112125.162973, 10824000.000000, 1.000000, 2, 0.000067, 2822425.032595, 2822425.032595
Z3, 30, 1, 720, 6872.000000, 0.008737, 786540.002289, 859000.000000, 1.000000, 2, 0.000067, 157308.000458, 157308.000458
Z3, 31, 1, 720, 6872.000000, 0.000721, 9531206.657420, 6872000.000000, 1.000000, 2, 0.000067, 1906241.331484, 1906241.331484
Z3, 32, 1, 720, 6376.000000, 0.015284, 417168.280555, 425064.000000, 1.000000, 2, 0.000067, 83433.656111, 83433.656111
Z3, 33, 1, 720, 6872.000000, 0.001531, 4488569.562378, 6872000.000000, 1.000000, 2, 0.000067, 897713.912476, 897713.912476
Z3, 34, 1, 720, 6872.000000, 0.218669, 31426.493925, 31520.000000, 1.000000, 2, 0.000067, 6285.298785, 6285.298785
Z3, 35, 1, 720, 6376.000000, 0.021182, 301010.291757, 303616.000000, 1.000000, 2, 0.000067, 60202.058351, 60202.058351
Z3, 36, 1, 720, 6872.000000, 0.213008, 32261.699091, 32256.000000, 1.000000, 2, 0.000067, 6452.339818, 6452.339818
Z3, 37, 1, 720, 6872.000000, 0.000804, 8547263.681592, 6872000.000000, 1.000000, 2, 0.000067, 1709452.736318, 1709452.736318
Z3, 38, 1, 720, 6376.000000, 0.000787, 8101651.842440, 6376000.000000, 1.000000, 2, 0.000067, 1620330.368488, 1620330.368488
Z1, 0, 2, 4K, 33112.000000, 0.022320, 1483512.544803, 1505088.000000, 1.000000, 2, 1.149966, 1917032.877449, 1917032.877449
Z2, 0, 2, 4K, 6624.000000, 0.338547, 19565.968684, 19592.000000, 1.000000, 2, 1.149966, 1624243.562225, 1624243.562225
Z2, 1, 2, 4K, 9736.000000, 0.011672, 834132.967786, 885088.000000, 1.000000, 2, 1.149966, 1787156.962045, 1787156.962045
Z2, 2, 2, 4K, 9976.000000, 0.000916, 10890829.694323, 9976000.000000, 1.000000, 2, 1.149966, 3798496.307353, 3798496.307353
Z2, 3, 2, 4K, 38152.000000, 0.001243, 30693483.507643, 38152000.000000, 1.000000, 2, 1.149966, 7759027.070016, 7759027.070016
Z2, 4, 2, 4K, 53912.000000, 0.004512, 11948581.560284, 13478000.000000, 1.000000, 2, 1.149966, 4010046.680545, 4010046.680545
Z2, 5, 2, 4K, 24608.000000, 0.018606, 1322584.112652, 1367104.000000, 1.000000, 2, 1.149966, 1884847.191018, 1884847.191018
Z2, 6, 2, 4K, 10280.000000, 0.022037, 466488.178972, 467272.000000, 1.000000, 2, 1.149966, 1713628.004282, 1713628.004282
Z2, 7, 2, 4K, 10280.000000, 0.009345, 1100053.504548, 1142216.000000, 1.000000, 2, 1.149966, 1840341.069398, 1840341.069398
Z3, 0, 2, 4K, 9976.000000, 0.047982, 207911.300071, 212248.000000, 1.000000, 2, 1.149966, 1661912.628502, 1661912.628502
Z3, 1, 2, 4K, 9976.000000, 0.251729, 39629.919477, 39744.000000, 1.000000, 2, 1.149966, 1628256.352383, 1628256.352383
Z3, 2, 2, 4K, 9976.000000, 0.001004, 9936254.980080, 9976000.000000, 1.000000, 2, 1.149966, 3607581.364504, 3607581.364504
Z3, 3, 2, 4K, 9976.000000, 0.010069, 990763.730261, 997600.000000, 1.000000, 2, 1.149966, 1818483.114540, 1818483.114540
Z3, 4, 2, 4K, 9976.000000, 0.023522, 424113.595783, 433736.000000, 1.000000, 2, 1.149966, 1705153.087644, 1705153.087644
Z3, 5, 2, 4K, 9976.000000, 0.000982, 10158859.470468, 9976000.000000, 1.000000, 2, 1.149966, 3652102.262582, 3652102.262582
Z3, 6, 2, 4K, 9976.000000, 0.019689, 506678.856214, 525048.000000, 1.000000, 2, 1.149966, 1721666.139731, 1721666.139731
Z3, 7, 2, 4K, 9976.000000, 0.011141, 895431.289830, 906904.000000, 1.000000, 2, 1.149966, 1799416.626454, 1799416.626454
Z3, 8, 2, 4K, 9976.000000, 0.025244, 395183.013785, 399040.000000, 1.000000, 2, 1.149966, 1699366.971245, 1699366.971245
Z3, 9, 2, 4K, 9976.000000, 0.007813, 1276846.281838, 1425136.000000, 1.000000, 2, 1.149966, 1875699.624856, 1875699.624856
Z3, 10, 2, 4K, 40320.000000, 0.033704, 1196297.175409, 1221816.000000, 1.000000, 2, 1.149966, 1859589.803570, 1859589.803570
Z3, 11, 2, 4K, 25056.000000, 0.002026, 12367226.061204, 12528000.000000, 1.000000, 2, 1.149966, 4093775.580729, 4093775.580729
Z3, 12, 2, 4K, 28696.000000, 0.004936, 5813614.262561, 7174000.000000, 1.000000, 2, 1.149966, 2783053.221000, 2783053.221000
Z3, 13, 2, 4K, 25792.000000, 0.022882, 1127174.198060, 1172360.000000, 1.000000, 2, 1.149966, 1845765.208100, 1845765.208100
Z3, 14, 2, 4K, 40168.000000, 0.003860, 10406217.616580, 13389328.000000, 1.000000, 2, 1.149966, 3701573.891804, 3701573.891804
Z3, 15, 2, 4K, 41448.000000, 0.036654, 1130790.636765, 1151328.000000, 1.000000, 2, 1.149966, 1846488.495841, 1846488.495841
Z3, 16, 2, 4K, 44560.000000, 0.025462, 1750058.911319, 1782400.000000, 1.000000, 2, 1.149966, 1970342.150752, 1970342.150752
Z3, 17, 2, 4K, 39312.000000, 0.013960, 2816045.845272, 3024000.000000, 1.000000, 2, 1.149966, 2183539.537542, 2183539.537542
Z3, 18, 2, 4K, 31560.000000, 0.041991, 751589.626349, 769752.000000, 1.000000, 2, 1.149966, 1770648.293758, 1770648.293758
Z3, 19, 2, 4K, 29312.000000, 0.004997, 5865919.551731, 7328000.000000, 1.000000, 2, 1.149966, 2793514.278834, 2793514.278834
Z3, 20, 2, 4K, 35968.000000, 0.002196, 16378870.673953, 17984000.000000, 1.000000, 2, 1.149966, 4896104.503278, 4896104.503278
Z3, 21, 2, 4K, 35592.000000, 0.019775, 1799848.293300, 1873256.000000, 1.000000, 2, 1.149966, 1980300.027148, 1980300.027148
Z3, 22, 2, 4K, 42440.000000, 0.001638, 25909645.909646, 42440000.000000, 1.000000, 2, 1.149966, 6802259.550417, 6802259.550417
Z3, 23, 2, 4K, 61624.000000, 0.018740, 3288367.129136, 3423552.000000, 1.000000, 2, 1.149966, 2278003.794315, 2278003.794315
Z3, 24, 2, 4K, 64952.000000, 0.012217, 5316526.152083, 5412664.000000, 1.000000, 2, 1.149966, 2683635.598905, 2683635.598905
Z3, 25, 2, 4K, 73400.000000, 0.043743, 1677982.762956, 1706976.000000, 1.000000, 2, 1.149966, 1955926.921079, 1955926.921079
Z3, 26, 2, 4K, 52792.000000, 0.033507, 1575551.377324, 1599752.000000, 1.000000, 2, 1.149966, 1935440.643953, 1935440.643953
Z3, 27, 2, 4K, 67272.000000, 0.044232, 1520889.853500, 1528904.000000, 1.000000, 2, 1.149966, 1924508.339188, 1924508.339188
Z3, 28, 2, 4K, 64968.000000, 0.016067, 4043567.560839, 4060496.000000, 1.000000, 2, 1.149966, 2429043.880656, 2429043.880656
Z3, 29, 2, 4K, 52408.000000, 0.045250, 1158187.845304, 1164616.000000, 1.000000, 2, 1.149966, 1851967.937549, 1851967.937549
Z3, 30, 2, 4K, 10280.000000, 0.000981, 10479102.956167, 10280000.000000, 1.000000, 2, 1.149966, 3716150.959721, 3716150.959721
Z3, 31, 2, 4K, 10280.000000, 0.015834, 649235.821650, 685328.000000, 1.000000, 2, 1.149966, 1750177.532818, 1750177.532818
Z3, 32, 2, 4K, 10280.000000, 0.002949, 3485927.433028, 5140000.000000, 1.000000, 2, 1.149966, 2317515.855094, 2317515.855094
Z3, 33, 2, 4K, 10280.000000, 0.022951, 447910.766415, 467272.000000, 1.000000, 2, 1.149966, 1709912.521771, 1709912.521771
Z3, 34, 2, 4K, 10280.000000, 0.009882, 1040275.247926, 1142216.000000, 1.000000, 2, 1.149966, 1828385.418073, 1828385.418073
Z3, 35, 2, 4K, 10280.000000, 0.016591, 619613.043216, 642496.000000, 1.000000, 2, 1.149966, 1744252.977131, 1744252.977131
Z3, 36, 2, 4K, 10280.000000, 0.001035, 9932367.149758, 10280000.000000, 1.000000, 2, 1.149966, 3606803.798440, 3606803.798440
Z3, 37, 2, 4K, 10280.000000, 0.005507, 1866715.089886, 2056000.000000, 1.000000, 2, 1.149966, 1993673.386465, 1993673.386465
Z3, 38, 2, 4K, 10280.000000, 0.017337, 592951.491031, 604704.000000, 1.000000, 2, 1.149966, 1738920.666694, 1738920.666694
Z1, 0, 3, 4K, 41472.000000, 0.038093, 1088703.961358, 1091368.000000, 1.000000, 2, 2.505257, 1956661.458966, 1956661.458966
Z2, 0, 3, 4K, 9976.000000, 0.064433, 154827.495228, 155872.000000, 1.000000, 2, 2.505257, 1769886.165740, 1769886.165740
Z2, 1, 3, 4K, 46944.000000, 0.001052, 44623574.144487, 46944000.000000, 1.000000, 2, 2.505257, 10663635.495591, 10663635.495591
Z2, 2, 3, 4K, 37168.000000, 0.015731, 2362723.285233, 2477864.000000, 1.000000, 2, 2.505257, 2211465.323741, 2211465.323741
Z2, 3, 3, 4K, 64608.000000, 0.025442, 2539423.001336, 2584320.000000, 1.000000, 2, 2.505257, 2246805.266961, 2246805.266961
Z2, 4, 3, 4K, 26312.000000, 0.259088, 101556.228000, 101584.000000, 1.000000, 2, 2.505257, 1759231.912294, 1759231.912294
Z2, 5, 3, 4K, 37368.000000, 0.012321, 3032870.708546, 3114000.000000, 1.000000, 2, 2.505257, 2345494.808403, 2345494.808403
Z2, 6, 3, 4K, 10280.000000, 0.022150, 464108.352144, 467272.000000, 1.000000, 2, 2.505257, 1831742.337123, 1831742.337123
Z2, 7, 3, 4K, 10280.000000, 0.011602, 886054.128599, 934544.000000, 1.000000, 2, 2.505257, 1916131.492414, 1916131.492414
Z3, 0, 3, 4K, 6624.000000, 0.041507, 159587.539451, 161560.000000, 1.000000, 2, 2.505257, 1770838.174584, 1770838.174584
Z3, 1, 3, 4K, 9736.000000, 0.000958, 10162839.248434, 9736000.000000, 1.000000, 2, 2.505257, 3771488.516381, 3771488.516381
Z3, 2, 3, 4K, 9976.000000, 0.001034, 9647969.052224, 9976000.000000, 1.000000, 2, 2.505257, 3668514.477139, 3668514.477139
Z3, 3, 3, 4K, 9976.000000, 0.006626, 1505584.062783, 1662664.000000, 1.000000, 2, 2.505257, 2040037.479251, 2040037.479251
Z3, 4, 3, 4K, 9976.000000, 0.000961, 10380853.277836, 9976000.000000, 1.000000, 2, 2.505257, 3815091.322261, 3815091.322261
Z3, 5, 3, 4K, 9976.000000, 0.000923, 10808234.019502, 9976000.000000, 1.000000, 2, 2.505257, 3900567.470594, 3900567.470594
Z3, 6, 3, 4K, 9976.000000, 0.011031, 904360.438763, 906904.000000, 1.000000, 2, 2.505257, 1919792.754447, 1919792.754447
Z3, 7, 3, 4K, 9976.000000, 0.000985, 10127918.781726, 9976000.000000, 1.000000, 2, 2.505257, 3764504.423039, 3764504.423039
Z3, 8, 3, 4K, 9976.000000, 0.000954, 10457023.060797, 9976000.000000, 1.000000, 2, 2.505257, 3830325.278853, 3830325.278853
Z3, 9, 3, 4K, 9976.000000, 0.002186, 4563586.459286, 4988000.000000, 1.000000, 2, 2.505257, 2651637.958551, 2651637.958551
Z3, 10, 3, 4K, 9976.000000, 0.006340, 1573501.577287, 1662664.000000, 1.000000, 2, 2.505257, 2053620.982151, 2053620.982151
Z3, 11, 3, 4K, 9976.000000, 0.000930, 10726881.720430, 9976000.000000, 1.000000, 2, 2.505257, 3884297.010780, 3884297.010780
Z3, 12, 3, 4K, 25776.000000, 0.019888, 1296057.924377, 1356624.000000, 1.000000, 2, 2.505257, 1998132.251569, 1998132.251569
Z3, 13, 3, 4K, 29160.000000, 0.006495, 4489607.390300, 4860000.000000, 1.000000, 2, 2.505257, 2636842.144754, 2636842.144754
Z3, 14, 3, 4K, 27488.000000, 0.002004, 13716566.866267, 13744000.000000, 1.000000, 2, 2.505257, 4482234.039948, 4482234.039948
Z3, 15, 3, 4K, 44488.000000, 0.001027, 43318403.115871, 44488000.000000, 1.000000, 2, 2.505257, 10402601.289868, 10402601.289868
Z3, 16, 3, 4K, 39320.000000, 0.022052, 1783058.226011, 1787272.000000, 1.000000, 2, 2.505257, 2095532.311896, 2095532.311896
Z3, 17, 3, 4K, 43888.000000, 0.016207, 2707965.693836, 2743000.000000, 1.000000, 2, 2.505257, 2280513.805461, 2280513.805461
Z3, 18, 3, 4K, 44080.000000, 0.010242, 4303846.904901, 4408000.000000, 1.000000, 2, 2.505257, 2599690.047674, 2599690.047674
Z3, 19, 3, 4K, 34432.000000, 0.016068, 2142892.706000, 2152000.000000, 1.000000, 2, 2.505257, 2167499.207894, 2167499.207894
Z3, 20, 3, 4K, 31336.000000, 0.000961, 32607700.312175, 31336000.000000, 1.000000, 2, 2.505257, 8260460.729129, 8260460.729129
Z3, 21, 3, 4K, 36888.000000, 0.008089, 4560267.029299, 4611000.000000, 1.000000, 2, 2.505257, 2650974.072554, 2650974.072554
Z3, 22, 3, 4K, 45448.000000, 0.024877, 1826908.389275, 1893664.000000, 1.000000, 2, 2.505257, 2104302.344549, 2104302.344549
Z3, 23, 3, 4K, 60880.000000, 0.025482, 2389137.430343, 2435200.000000, 1.000000, 2, 2.505257, 2216748.152763, 2216748.152763
Z3, 24, 3, 4K, 64936.000000, 0.025439, 2552616.061952, 2597440.000000, 1.000000, 2, 2.505257, 2249443.879085, 2249443.879085
Z3, 25, 3, 4K, 68152.000000, 0.024252, 2810159.986805, 2839664.000000, 1.000000, 2, 2.505257, 2300952.664055, 2300952.664055
Z3, 26, 3, 4K, 51256.000000, 0.001298, 39488443.759630, 51256000.000000, 1.000000, 2, 2.505257, 9636609.418620, 9636609.418620
Z3, 27, 3, 4K, 77296.000000, 0.017867, 4326187.944255, 4546816.000000, 1.000000, 2, 2.505257, 2604158.255545, 2604158.255545
Z3, 28, 3, 4K, 69656.000000, 0.022267, 3128216.643463, 3166176.000000, 1.000000, 2, 2.505257, 2364563.995387, 2364563.995387
Z3, 29, 3, 4K, 53752.000000, 0.048933, 1098481.597286, 1119832.000000, 1.000000, 2, 2.505257, 1958616.986151, 1958616.986151
Z3, 30, 3, 4K, 10280.000000, 0.048080, 213810.316140, 214160.000000, 1.000000, 2, 2.505257, 1781682.729922, 1781682.729922
Z3, 31, 3, 4K, 10280.000000, 0.014871, 691278.326945, 734280.000000, 1.000000, 2, 2.505257, 1877176.332083, 1877176.332083
Z3, 32, 3, 4K, 10280.000000, 0.005390, 1907235.621521, 2056000.000000, 1.000000, 2, 2.505257, 2120367.790998, 2120367.790998
Z3, 33, 3, 4K, 10280.000000, 0.012974, 792353.938647, 856664.000000, 1.000000, 2, 2.505257, 1897391.454423, 1897391.454423
Z3, 34, 3, 4K, 10280.000000, 0.000926, 11101511.879050, 10280000.000000, 1.000000, 2, 2.505257, 3959223.042504, 3959223.042504
Z3, 35, 3, 4K, 10280.000000, 0.001047, 9818529.130850, 10280000.000000, 1.000000, 2, 2.505257, 3702626.492864, 3702626.492864
Z3, 36, 3, 4K, 10288.000000, 0.000920, 11182608.695652, 10288000.000000, 1.000000, 2, 2.505257, 3975442.405825, 3975442.405825
Z3, 37, 3, 4K, 10280.000000, 0.000890, 11550561.797753, 10280000.000000, 1.000000, 2, 2.505257, 4049033.026245, 4049033.026245
Z3, 38, 3, 4K, 10280.000000, 0.013896, 739781.232009, 790768.000000, 1.000000, 2, 2.505257, 1886876.913096, 1886876.913096
Z1, 0, 4, 4K, 10016.000000, 0.026541, 377378.395690, 385224.000000, 1.076996, 2, 3.428261, 1962352.592234, 1962352.592234
Z2, 0, 4, 4K, 6624.000000, 0.034189, 193746.526661, 194816.000000, 1.076996, 2, 3.428261, 1925626.218428, 1925626.218428
Z2, 1, 4, 4K, 9856.000000, 0.015319, 643384.032900, 657064.000000, 1.076996, 2, 3.428261, 2015553.719676, 2015553.719676
Z2, 2, 4, 4K, 10000.000000, 0.000976, 10245901.639344, 10000000.000000, 1.076996, 2, 3.428261, 3936057.240965, 3936057.240965
Z2, 3, 4, 4K, 69528.000000, 0.019080, 3644025.157233, 3659368.000000, 1.076996, 2, 3.428261, 2615681.944542, 2615681.944542
Z2, 4, 4, 4K, 60512.000000, 0.001299, 46583525.789069, 60512000.000000, 1.076996, 2, 3.428261, 11203582.070910, 11203582.070910
Z2, 5, 4, 4K, 61192.000000, 0.002353, 26005949.851254, 30596000.000000, 1.076996, 2, 3.428261, 7088066.883347, 7088066.883347
Z2, 6, 4, 4K, 105968.000000, 0.009654, 10976590.014502, 11774216.000000, 1.076996, 2, 3.428261, 4082194.915996, 4082194.915996
Z2, 7, 4, 4K, 53008.000000, 0.008089, 6553096.798121, 6626000.000000, 1.076996, 2, 3.428261, 3197496.272720, 3197496.272720
Z3, 0, 4, 4K, 10160.000000, 0.041594, 244265.999904, 247800.000000, 1.076996, 2, 3.428261, 1935730.113077, 1935730.113077
Z3, 1, 4, 4K, 10112.000000, 0.018094, 558859.290372, 561776.000000, 1.076996, 2, 3.428261, 1998648.771170, 1998648.771170
Z3, 2, 4, 4K, 10000.000000, 0.015671, 638121.370685, 666664.000000, 1.076996, 2, 3.428261, 2014501.187233, 2014501.187233
Z3, 3, 4, 4K, 10000.000000, 0.020990, 476417.341591, 500000.000000, 1.076996, 2, 3.428261, 1982160.381414, 1982160.381414
Z3, 4, 4, 4K, 10000.000000, 0.020427, 489548.147060, 500000.000000, 1.076996, 2, 3.428261, 1984786.542508, 1984786.542508
Z3, 5, 4, 4K, 10000.000000, 0.013965, 716075.904046, 769224.000000, 1.076996, 2, 3.428261, 2030092.093905, 2030092.093905
Z3, 6, 4, 4K, 10400.000000, 0.000798, 13032581.453634, 10400000.000000, 1.076996, 2, 3.428261, 4493393.203823, 4493393.203823
Z3, 7, 4, 4K, 10000.000000, 0.021375, 467836.257310, 476184.000000, 1.076996, 2, 3.428261, 1980444.164558, 1980444.164558
Z3, 8, 4, 4K, 10000.000000, 0.017990, 555864.369094, 588232.000000, 1.076996, 2, 3.428261, 1998049.786915, 1998049.786915
Z3, 9, 4, 4K, 50216.000000, 0.018273, 2748098.287090, 2789776.000000, 1.076996, 2, 3.428261, 2436496.570514, 2436496.570514
Z3, 10, 4, 4K, 53360.000000, 0.013848, 3853264.009243, 4104608.000000, 1.076996, 2, 3.428261, 2657529.714945, 2657529.714945
Z3, 11, 4, 4K, 45608.000000, 0.001092, 41765567.765568, 45608000.000000, 1.076996, 2, 3.428261, 10239990.466209, 10239990.466209
Z3, 12, 4, 4K, 88024.000000, 0.025916, 3396511.807378, 3520960.000000, 1.076996, 2, 3.428261, 2566179.274571, 2566179.274571
Z3, 13, 4, 4K, 65880.000000, 0.020036, 3288081.453384, 3294000.000000, 1.076996, 2, 3.428261, 2544493.203773, 2544493.203773
Z3, 14, 4, 4K, 81544.000000, 0.022224, 3669186.465083, 3706544.000000, 1.076996, 2, 3.428261, 2620714.206112, 2620714.206112
Z3, 15, 4, 4K, 79088.000000, 0.011606, 6814406.341547, 7189816.000000, 1.076996, 2, 3.428261, 3249758.181405, 3249758.181405
Z3, 16, 4, 4K, 60616.000000, 0.005788, 10472702.142364, 12123200.000000, 1.076996, 2, 3.428261, 3981417.341569, 3981417.341569
Z3, 17, 4, 4K, 55928.000000, 0.019474, 2871931.806511, 2943576.000000, 1.076996, 2, 3.428261, 2461263.274398, 2461263.274398
Z3, 18, 4, 4K, 116408.000000, 0.021504, 5413318.452381, 5543232.000000, 1.076996, 2, 3.428261, 2969540.603572, 2969540.603572
Z3, 19, 4, 4K, 104248.000000, 0.019133, 5448596.665447, 5486736.000000, 1.076996, 2, 3.428261, 2976596.246185, 2976596.246185
Z3, 20, 4, 4K, 138368.000000, 0.035208, 3930015.905476, 3953368.000000, 1.076996, 2, 3.428261, 2672880.094191, 2672880.094191
Z3, 21, 4, 4K, 139408.000000, 0.022319, 6246157.981988, 6336720.000000, 1.076996, 2, 3.428261, 3136108.509494, 3136108.509494
Z3, 22, 4, 4K, 141032.000000, 0.008895, 15855199.550309, 17629000.000000, 1.076996, 2, 3.428261, 5057916.823158, 5057916.823158
Z3, 23, 4, 4K, 125672.000000, 0.032661, 3847769.511038, 3927248.000000, 1.076996, 2, 3.428261, 2656430.815303, 2656430.815303
Z3, 24, 4, 4K, 147320.000000, 0.014327, 10282683.045997, 10522856.000000, 1.076996, 2, 3.428261, 3943413.522295, 3943413.522295
Z3, 25, 4, 4K, 120984.000000, 0.024572, 4923652.938304, 5041000.000000, 1.076996, 2, 3.428261, 2871607.500757, 2871607.500757
Z3, 26, 4, 4K, 87456.000000, 0.041142, 2125710.952312, 2133072.000000, 1.076996, 2, 3.428261, 2312019.103558, 2312019.103558
Z3, 27, 4, 4K, 78920.000000, 0.057439, 1373979.352008, 1384560.000000, 1.076996, 2, 3.428261, 2161672.783498, 2161672.783498
Z3, 28, 4, 4K, 17976.000000, 0.016538, 1086951.263756, 1123496.000000, 1.076996, 2, 3.428261, 2104267.165847, 2104267.165847
Z3, 29, 4, 4K, 19872.000000, 0.000857, 23187864.644107, 19872000.000000, 1.076996, 2, 3.428261, 6524449.841917, 6524449.841917
Z3, 30, 4, 4K, 17320.000000, 0.000904, 19159292.035398, 17320000.000000, 1.076996, 2, 3.428261, 5718735.320176, 5718735.320176
Z3, 31, 4, 4K, 20880.000000, 0.015854, 1317017.787309, 1392000.000000, 1.076996, 2, 3.428261, 2150280.470558, 2150280.470558
Z3, 32, 4, 4K, 18648.000000, 0.001021, 18264446.620960, 18648000.000000, 1.076996, 2, 3.428261, 5539766.237288, 5539766.237288
Z3, 33, 4, 4K, 15368.000000, 0.023086, 665684.830633, 668168.000000, 1.076996, 2, 3.428261, 2020013.879223, 2020013.879223
Z3, 34, 4, 4K, 17240.000000, 0.000971, 17754891.864058, 17240000.000000, 1.076996, 2, 3.428261, 5437855.285907, 5437855.285907
Z3, 35, 4, 4K, 34944.000000, 0.035842, 974945.594554, 998400.000000, 1.076996, 2, 3.428261, 2081866.032007, 2081866.032007
Z3, 36, 4, 4K, 16344.000000, 0.017753, 920633.132428, 961408.000000, 1.076996, 2, 3.428261, 2071003.539582, 2071003.539582
Z3, 37, 4, 4K, 11896.000000, 0.021473, 553998.044055, 566472.000000, 1.076996, 2, 3.428261, 1997676.521907, 1997676.521907
Z3, 38, 4, 4K, 11688.000000, 0.024975, 467987.987988, 487000.000000, 1.076996, 2, 3.428261, 1980474.510694, 1980474.510694
Z1, 0, 5, 4K, 86352.000000, 0.036336, 2376486.129458, 2398664.000000, 1.207179, 2, 4.298078, 2455771.736585, 2455771.736585
Z2, 0, 5, 4K, 6624.000000, 0.072702, 91111.661302, 92000.000000, 1.207179, 2, 4.298078, 1998696.842954, 1998696.842954
Z2, 1, 5, 4K, 15440.000000, 0.010211, 1512094.799726, 1544000.000000, 1.207179, 2, 4.298078, 2282893.470639, 2282893.470639
Z2, 2, 5, 4K, 14656.000000, 0.016374, 895077.561989, 916000.000000, 1.207179, 2, 4.298078, 2159490.023091, 2159490.023091
Z2, 3, 5, 4K, 59096.000000, 0.014140, 4179349.363508, 4221136.000000, 1.207179, 2, 4.298078, 2816344.383395, 2816344.383395
Z2, 4, 5, 4K, 117640.000000, 0.021488, 5474683.544304, 5601904.000000, 1.207179, 2, 4.298078, 3075411.219554, 3075411.219554
Z2, 5, 5, 4K, 68288.000000, 0.010667, 6401799.943752, 6828800.000000, 1.207179, 2, 4.298078, 3260834.499444, 3260834.499444
Z2, 6, 5, 4K, 47432.000000, 0.003284, 14443361.753959, 15810664.000000, 1.207179, 2, 4.298078, 4869146.861485, 4869146.861485
Z2, 7, 5, 4K, 40216.000000, 0.022905, 1755773.848505, 1828000.000000, 1.207179, 2, 4.298078, 2331629.280394, 2331629.280394
Z3, 0, 5, 4K, 16504.000000, 0.024284, 679624.444078, 687664.000000, 1.207179, 2, 4.298078, 2116399.399509, 2116399.399509
Z3, 1, 5, 4K, 16120.000000, 0.000854, 18875878.220141, 16120000.000000, 1.207179, 2, 4.298078, 5755650.154722, 5755650.154722
Z3, 2, 5, 4K, 15008.000000, 0.001045, 14361722.488038, 15008000.000000, 1.207179, 2, 4.298078, 4852819.008301, 4852819.008301
Z3, 3, 5, 4K, 15032.000000, 0.017773, 845777.302650, 884232.000000, 1.207179, 2, 4.298078, 2149629.971224, 2149629.971224
Z3, 4, 5, 4K, 12928.000000, 0.001003, 12889332.003988, 12928000.000000, 1.207179, 2, 4.298078, 4558340.911491, 4558340.911491
Z3, 5, 5, 4K, 13640.000000, 0.007348, 1856287.425150, 1948568.000000, 1.207179, 2, 4.298078, 2351731.995723, 2351731.995723
Z3, 6, 5, 4K, 14648.000000, 0.023801, 615436.326205, 636864.000000, 1.207179, 2, 4.298078, 2103561.775934, 2103561.775934
Z3, 7, 5, 4K, 15008.000000, 0.003991, 3760461.037334, 5002664.000000, 1.207179, 2, 4.298078, 2732566.718160, 2732566.718160
Z3, 8, 5, 4K, 14312.000000, 0.000963, 14861889.927310, 14312000.000000, 1.207179, 2, 4.298078, 4952852.496156, 4952852.496156
Z3, 9, 5, 4K, 14200.000000, 0.012022, 1181167.858925, 1183328.000000, 1.207179, 2, 4.298078, 2216708.082479, 2216708.082479
Z3, 10, 5, 4K, 67288.000000, 0.034640, 1942494.226328, 1979056.000000, 1.207179, 2, 4.298078, 2368973.355959, 2368973.355959
Z3, 11, 5, 4K, 52536.000000, 0.010685, 4916799.251287, 5253600.000000, 1.207179, 2, 4.298078, 2963834.360951, 2963834.360951
Z3, 12, 5, 4K, 52032.000000, 0.025099, 2073070.640265, 2081280.000000, 1.207179, 2, 4.298078, 2395088.638746, 2395088.638746
Z3, 13, 5, 4K, 44632.000000, 0.021493, 2076583.073559, 2125328.000000, 1.207179, 2, 4.298078, 2395791.125405, 2395791.125405
Z3, 14, 5, 4K, 76304.000000, 0.028185, 2707255.632429, 2725136.000000, 1.207179, 2, 4.298078, 2521925.637179, 2521925.637179
Z3, 15, 5, 4K, 71856.000000, 0.018779, 3826401.831833, 3992000.000000, 1.207179, 2, 4.298078, 2745754.877060, 2745754.877060
Z3, 16, 5, 4K, 82648.000000, 0.014898, 5547590.280575, 5903424.000000, 1.207179, 2, 4.298078, 3089992.566808, 3089992.566808
Z3, 17, 5, 4K, 76072.000000, 0.013327, 5708111.352893, 5851688.000000, 1.207179, 2, 4.298078, 3122096.781272, 3122096.781272
Z3, 18, 5, 4K, 59304.000000, 0.019415, 3054545.454545, 3121256.000000, 1.207179, 2, 4.298078, 2591383.601603, 2591383.601603
Z3, 19, 5, 4K, 43064.000000, 0.031347, 1373783.775162, 1389160.000000, 1.207179, 2, 4.298078, 2255231.265726, 2255231.265726
Z3, 20, 5, 4K, 54872.000000, 0.022804, 2406244.518506, 2494176.000000, 1.207179, 2, 4.298078, 2461723.414395, 2461723.414395
Z3, 21, 5, 4K, 135784.000000, 0.214138, 634095.770017, 634504.000000, 1.207179, 2, 4.298078, 2107293.664697, 2107293.664697
Z3, 22, 5, 4K, 118304.000000, 0.041271, 2866516.440115, 2885456.000000, 1.207179, 2, 4.298078, 2553777.798717, 2553777.798717
Z3, 23, 5, 4K, 147040.000000, 0.058409, 2517420.260576, 2535168.000000, 1.207179, 2, 4.298078, 2483958.562809, 2483958.562809
Z3, 24, 5, 4K, 179520.000000, 0.064436, 2786020.237135, 2805000.000000, 1.207179, 2, 4.298078, 2537678.558120, 2537678.558120
Z3, 25, 5, 4K, 172688.000000, 0.098834, 1747252.969626, 1762120.000000, 1.207179, 2, 4.298078, 2329925.104619, 2329925.104619
Z3, 26, 5, 4K, 145128.000000, 0.055740, 2603659.849300, 2638688.000000, 1.207179, 2, 4.298078, 2501206.480554, 2501206.480554
Z3, 27, 5, 4K, 179592.000000, 0.061875, 2902496.969697, 2944128.000000, 1.207179, 2, 4.298078, 2560973.904633, 2560973.904633
Z3, 28, 5, 4K, 140720.000000, 0.064180, 2192583.359302, 2198744.000000, 1.207179, 2, 4.298078, 2418991.182554, 2418991.182554
Z3, 29, 5, 4K, 83928.000000, 0.023296, 3602678.571429, 3649040.000000, 1.207179, 2, 4.298078, 2701010.224979, 2701010.224979
Z3, 30, 5, 4K, 82192.000000, 0.034406, 2388885.659478, 2417408.000000, 1.207179, 2, 4.298078, 2458251.642589, 2458251.642589
Z3, 31, 5, 4K, 68504.000000, 0.052209, 1312110.938727, 1317384.000000, 1.207179, 2, 4.298078, 2242896.698439, 2242896.698439
Z3, 32, 5, 4K, 53776.000000, 0.016553, 3248716.244789, 3361000.000000, 1.207179, 2, 4.298078, 2630217.759651, 2630217.759651
Z3, 33, 5, 4K, 72968.000000, 0.029482, 2475001.695950, 2516136.000000, 1.207179, 2, 4.298078, 2475474.849884, 2475474.849884
Z3, 34, 5, 4K, 78200.000000, 0.019669, 3975799.481417, 4115784.000000, 1.207179, 2, 4.298078, 2775634.406977, 2775634.406977
Z3, 35, 5, 4K, 63936.000000, 0.014767, 4329653.958150, 4566856.000000, 1.207179, 2, 4.298078, 2846405.302324, 2846405.302324
Z3, 36, 5, 4K, 86888.000000, 0.041892, 2074095.292657, 2119216.000000, 1.207179, 2, 4.298078, 2395293.569225, 2395293.569225
Z3, 37, 5, 4K, 53856.000000, 0.037513, 1435662.303735, 1455560.000000, 1.207179, 2, 4.298078, 2267606.971440, 2267606.971440
Z3, 38, 5, 4K, 42888.000000, 0.014185, 3023475.502291, 3063424.000000, 1.207179, 2, 4.298078, 2585169.611152, 2585169.611152
Z1, 0, 6, 4K, 44392.000000, 0.021352, 2079055.826152, 2113904.000000, 1.000000, 2, 5.789288, 1380650.407894, 1380650.407894
Z2, 0, 6, 4K, 6624.000000, 0.058883, 112494.268295, 114200.000000, 1.000000, 2, 5.789288, 987338.096323, 987338.096323
Z2, 1, 6, 4K, 12000.000000, 0.000901, 13318534.961154, 12000000.000000, 1.000000, 2, 5.789288, 3628546.234895, 3628546.234895
Z2, 2, 6, 4K, 11456.000000, 0.000887, 12915445.321308, 11456000.000000, 1.000000, 2, 5.789288, 3547928.306925, 3547928.306925
Z2, 3, 6, 4K, 32384.000000, 0.011241, 2880882.483765, 2944000.000000, 1.000000, 2, 5.789288, 1541015.739417, 1541015.739417
Z2, 4, 6, 4K, 89424.000000, 0.014087, 6347980.407468, 6387424.000000, 1.000000, 2, 5.789288, 2234435.324157, 2234435.324157
Z2, 5, 6, 4K, 37976.000000, 0.004539, 8366600.572813, 9494000.000000, 1.000000, 2, 5.789288, 2638159.357226, 2638159.357226
Z2, 6, 6, 4K, 23176.000000, 0.018183, 1274597.151185, 1287552.000000, 1.000000, 2, 5.789288, 1219758.672901, 1219758.672901
Z2, 7, 6, 4K, 20712.000000, 0.015029, 1378135.604498, 1380800.000000, 1.000000, 2, 5.789288, 1240466.363563, 1240466.363563
Z3, 0, 6, 4K, 12312.000000, 0.043160, 285264.133457, 286320.000000, 1.000000, 2, 5.789288, 1021892.069355, 1021892.069355
Z3, 1, 6, 4K, 11800.000000, 0.001771, 6662902.315076, 11800000.000000, 1.000000, 2, 5.789288, 2297419.705679, 2297419.705679
Z3, 2, 6, 4K, 11672.000000, 0.000927, 12591154.261057, 11672000.000000, 1.000000, 2, 5.789288, 3483070.094875, 3483070.094875
Z3, 3, 6, 4K, 11856.000000, 0.011577, 1024099.507644, 1077816.000000, 1.000000, 2, 5.789288, 1169659.144193, 1169659.144193
Z3, 4, 6, 4K, 11392.000000, 0.025523, 446342.514595, 455680.000000, 1.000000, 2, 5.789288, 1054107.745583, 1054107.745583
Z3, 5, 6, 4K, 11608.000000, 0.022531, 515201.278239, 527632.000000, 1.000000, 2, 5.789288, 1067879.498312, 1067879.498312
Z3, 6, 6, 4K, 11808.000000, 0.013542, 871953.921134, 908304.000000, 1.000000, 2, 5.789288, 1139230.026891, 1139230.026891
Z3, 7, 6, 4K, 11616.000000, 0.009283, 1251319.616503, 1290664.000000, 1.000000, 2, 5.789288, 1215103.165964, 1215103.165964
Z3, 8, 6, 4K, 11320.000000, 0.010814, 1046791.196597, 1132000.000000, 1.000000, 2, 5.789288, 1174197.481983, 1174197.481983
Z3, 9, 6, 4K, 11672.000000, 0.024460, 477187.244481, 486328.000000, 1.000000, 2, 5.789288, 1060276.691560, 1060276.691560
Z3, 10, 6, 4K, 36784.000000, 0.001064, 34571428.571429, 36784000.000000, 1.000000, 2, 5.789288, 7879124.956950, 7879124.956950
Z3, 11, 6, 4K, 30472.000000, 0.024860, 1225744.167337, 1269664.000000, 1.000000, 2, 5.789288, 1209988.076131, 1209988.076131
Z3, 12, 6, 4K, 27608.000000, 0.021640, 1275785.582255, 1314664.000000, 1.000000, 2, 5.789288, 1219996.359115, 1219996.359115
Z3, 13, 6, 4K, 24088.000000, 0.021703, 1109892.641570, 1147040.000000, 1.000000, 2, 5.789288, 1186817.770978, 1186817.770978
Z3, 14, 6, 4K, 38328.000000, 0.014624, 2620897.155361, 2737712.000000, 1.000000, 2, 5.789288, 1489018.673736, 1489018.673736
Z3, 15, 6, 4K, 32072.000000, 0.020483, 1565786.261778, 1603600.000000, 1.000000, 2, 5.789288, 1277996.495019, 1277996.495019
Z3, 16, 6, 4K, 42136.000000, 0.008978, 4693250.167075, 5267000.000000, 1.000000, 2, 5.789288, 1903489.276079, 1903489.276079
Z3, 17, 6, 4K, 36072.000000, 0.001009, 35750247.770069, 36072000.000000, 1.000000, 2, 5.789288, 8114888.796678, 8114888.796678
Z3, 18, 6, 4K, 27192.000000, 0.008900, 3055280.898876, 3399000.000000, 1.000000, 2, 5.789288, 1575895.422439, 1575895.422439
Z3, 19, 6, 4K, 23688.000000, 0.020337, 1164773.565423, 1184400.000000, 1.000000, 2, 5.789288, 1197793.955748, 1197793.955748
Z3, 20, 6, 4K, 30448.000000, 0.010465, 2909507.883421, 3044800.000000, 1.000000, 2, 5.789288, 1546740.819348, 1546740.819348
Z3, 21, 6, 4K, 86000.000000, 0.248128, 346595.305649, 346768.000000, 1.000000, 2, 5.789288, 1034158.303794, 1034158.303794
Z3, 22, 6, 4K, 62728.000000, 0.023308, 2691264.801785, 2727304.000000, 1.000000, 2, 5.789288, 1503092.203021, 1503092.203021
Z3, 23, 6, 4K, 65864.000000, 0.018243, 3610371.101244, 3659104.000000, 1.000000, 2, 5.789288, 1686913.462913, 1686913.462913
Z3, 24, 6, 4K, 82512.000000, 0.001654, 49886336.154776, 82512000.000000, 1.000000, 2, 5.789288, 10942106.473619, 10942106.473619
Z3, 25, 6, 4K, 102240.000000, 0.010170, 10053097.345133, 10224000.000000, 1.000000, 2, 5.789288, 2975458.711690, 2975458.711690
Z3, 26, 6, 4K, 69304.000000, 0.007244, 9567090.005522, 9900568.000000, 1.000000, 2, 5.789288, 2878257.243768, 2878257.243768
Z3, 27, 6, 4K, 73800.000000, 0.008292, 8900144.717800, 9225000.000000, 1.000000, 2, 5.789288, 2744868.186224, 2744868.186224
Z3, 28, 6, 4K, 59424.000000, 0.025588, 2322338.596217, 2376960.000000, 1.000000, 2, 5.789288, 1429306.961907, 1429306.961907
Z3, 29, 6, 4K, 38896.000000, 0.004931, 7888055.161225, 9724000.000000, 1.000000, 2, 5.789288, 2542450.274909, 2542450.274909
Z3, 30, 6, 4K, 30224.000000, 0.008334, 3626589.872810, 3778000.000000, 1.000000, 2, 5.789288, 1690157.217226, 1690157.217226
Z3, 31, 6, 4K, 34568.000000, 0.054785, 630975.632016, 640144.000000, 1.000000, 2, 5.789288, 1091034.369067, 1091034.369067
Z3, 32, 6, 4K, 62896.000000, 0.020934, 3004490.302857, 3144800.000000, 1.000000, 2, 5.789288, 1565737.303235, 1565737.303235
Z3, 33, 6, 4K, 50288.000000, 0.014099, 3566777.785659, 3592000.000000, 1.000000, 2, 5.789288, 1678194.799796, 1678194.799796
Z3, 34, 6, 4K, 37280.000000, 0.021799, 1710170.191293, 1775232.000000, 1.000000, 2, 5.789288, 1306873.280922, 1306873.280922
Z3, 35, 6, 4K, 26840.000000, 0.012647, 2122242.429035, 2236664.000000, 1.000000, 2, 5.789288, 1389287.728471, 1389287.728471
Z3, 36, 6, 4K, 30408.000000, 0.000986, 30839756.592292, 30408000.000000, 1.000000, 2, 5.789288, 7132790.561122, 7132790.561122
Z3, 37, 6, 4K, 24136.000000, 0.001077, 22410399.257196, 24136000.000000, 1.000000, 2, 5.789288, 5446919.094103, 5446919.094103
Z3, 38, 6, 4K, 21376.000000, 0.021189, 1008825.333900, 1017904.000000, 1.000000, 2, 5.789288, 1166604.309444, 1166604.309444
Z1, 0, 7, 4K, 11528.000000, 0.027381, 421021.876484, 426960.000000, 1.027091, 2, 6.762197, 1132218.386534, 1132218.386534
Z2, 0, 7, 4K, 6624.000000, 0.059269, 111761.629182, 112264.000000, 1.027091, 2, 6.762197, 1070366.337074, 1070366.337074
Z2, 1, 7, 4K, 11584.000000, 0.001033, 11213939.980639, 11584000.000000, 1.027091, 2, 6.762197, 3290802.007365, 3290802.007365
Z2, 2, 7, 4K, 11888.000000, 0.000919, 12935799.782372, 11888000.000000, 1.027091, 2, 6.762197, 3635173.967712, 3635173.967712
Z2, 3, 7, 4K, 23856.000000, 0.000997, 23927783.350050, 23856000.000000, 1.027091, 2, 6.762197, 5833570.681248, 5833570.681248
Z2, 4, 7, 4K, 30824.000000, 0.017450, 1766418.338109, 1813176.000000, 1.027091, 2, 6.762197, 1401297.678859, 1401297.678859
Z2, 5, 7, 4K, 46048.000000, 0.002820, 16329078.014184, 23024000.000000, 1.027091, 2, 6.762197, 4313829.614074, 4313829.614074
Z2, 6, 7, 4K, 21912.000000, 0.002018, 10858275.520317, 10956000.000000, 1.027091, 2, 6.762197, 3219669.115301, 3219669.115301
Z2, 7, 7, 4K, 21440.000000, 0.001098, 19526411.657559, 21440000.000000, 1.027091, 2, 6.762197, 4953296.342749, 4953296.342749
Z3, 0, 7, 4K, 12288.000000, 0.035243, 348664.983117, 351080.000000, 1.027091, 2, 6.762197, 1117747.007861, 1117747.007861
Z3, 1, 7, 4K, 12288.000000, 0.008230, 1493074.119077, 1536000.000000, 1.027091, 2, 6.762197, 1346628.835053, 1346628.835053
Z3, 2, 7, 4K, 12304.000000, 0.000852, 14441314.553991, 12304000.000000, 1.027091, 2, 6.762197, 3936276.922036, 3936276.922036
Z3, 3, 7, 4K, 11832.000000, 0.032806, 360665.731878, 369744.000000, 1.027091, 2, 6.762197, 1120147.157613, 1120147.157613
Z3, 4, 7, 4K, 12664.000000, 0.029992, 422245.932249, 436688.000000, 1.027091, 2, 6.762197, 1132463.197687, 1132463.197687
Z3, 5, 7, 4K, 11360.000000, 0.014319, 793351.491026, 811424.000000, 1.027091, 2, 6.762197, 1206684.309443, 1206684.309443
Z3, 6, 7, 4K, 11624.000000, 0.000844, 13772511.848341, 11624000.000000, 1.027091, 2, 6.762197, 3802516.380906, 3802516.380906
Z3, 7, 7, 4K, 12008.000000, 0.007516, 1597658.328898, 1715424.000000, 1.027091, 2, 6.762197, 1367545.677017, 1367545.677017
Z3, 8, 7, 4K, 11744.000000, 0.000915, 12834972.677596, 11744000.000000, 1.027091, 2, 6.762197, 3615008.546757, 3615008.546757
Z3, 9, 7, 4K, 40440.000000, 0.041751, 968599.554502, 986336.000000, 1.027091, 2, 6.762197, 1241733.922138, 1241733.922138
Z3, 10, 7, 4K, 32448.000000, 0.012603, 2574625.089264, 2704000.000000, 1.027091, 2, 6.762197, 1562939.029090, 1562939.029090
Z3, 11, 7, 4K, 29808.000000, 0.001016, 29338582.677165, 29808000.000000, 1.027091, 2, 6.762197, 6915730.546671, 6915730.546671
Z3, 12, 7, 4K, 26008.000000, 0.241225, 107816.354026, 107912.000000, 1.027091, 2, 6.762197, 1069577.282043, 1069577.282043
Z3, 13, 7, 4K, 43712.000000, 0.008726, 5009397.203759, 5464000.000000, 1.027091, 2, 6.762197, 2049893.451989, 2049893.451989
Z3, 14, 7, 4K, 42976.000000, 0.023811, 1804880.097434, 1868520.000000, 1.027091, 2, 6.762197, 1408990.030724, 1408990.030724
Z3, 15, 7, 4K, 80888.000000, 0.002607, 31027234.369007, 40444000.000000, 1.027091, 2, 6.762197, 7253460.885039, 7253460.885039
Z3, 16, 7, 4K, 51248.000000, 0.007962, 6436573.725195, 7321136.000000, 1.027091, 2, 6.762197, 2335328.756277, 2335328.756277
Z3, 17, 7, 4K, 29472.000000, 0.008553, 3445808.488250, 3684000.000000, 1.027091, 2, 6.762197, 1737175.708888, 1737175.708888
Z3, 18, 7, 4K, 33008.000000, 0.000949, 34781875.658588, 33008000.000000, 1.027091, 2, 6.762197, 8004389.142955, 8004389.142955
Z3, 19, 7, 4K, 76304.000000, 0.015091, 5056258.697237, 5086928.000000, 1.027091, 2, 6.762197, 2059265.750685, 2059265.750685
Z3, 20, 7, 4K, 78816.000000, 0.011617, 6784539.898425, 7165088.000000, 1.027091, 2, 6.762197, 2404921.990923, 2404921.990923
Z3, 21, 7, 4K, 66288.000000, 0.027578, 2403655.087388, 2455104.000000, 1.027091, 2, 6.762197, 1528745.028715, 1528745.028715
Z3, 22, 7, 4K, 69920.000000, 0.004358, 16044056.906838, 17480000.000000, 1.027091, 2, 6.762197, 4256825.392605, 4256825.392605
Z3, 23, 7, 4K, 81944.000000, 0.017655, 4641404.701218, 4820232.000000, 1.027091, 2, 6.762197, 1976294.951481, 1976294.951481
Z3, 24, 7, 4K, 102376.000000, 0.018131, 5646461.860901, 5687552.000000, 1.027091, 2, 6.762197, 2177306.383418, 2177306.383418
Z3, 25, 7, 4K, 76792.000000, 0.008682, 8844966.597558, 9599000.000000, 1.027091, 2, 6.762197, 2817007.330749, 2817007.330749
Z3, 26, 7, 4K, 81072.000000, 0.028847, 2810413.561202, 2895424.000000, 1.027091, 2, 6.762197, 1610096.723478, 1610096.723478
Z3, 27, 7, 4K, 62656.000000, 0.009651, 6492176.976479, 6961776.000000, 1.027091, 2, 6.762197, 2346449.406533, 2346449.406533
Z3, 28, 7, 4K, 41248.000000, 0.012970, 3180262.143408, 3437328.000000, 1.027091, 2, 6.762197, 1684066.439919, 1684066.439919
Z3, 29, 7, 4K, 40368.000000, 0.025271, 1597404.139132, 1614720.000000, 1.027091, 2, 6.762197, 1367494.839064, 1367494.839064
Z3, 30, 7, 4K, 66864.000000, 0.010532, 6348651.728067, 6686400.000000, 1.027091, 2, 6.762197, 2317744.356851, 2317744.356851
Z3, 31, 7, 4K, 51888.000000, 0.037980, 1366192.733017, 1402376.000000, 1.027091, 2, 6.762197, 1321252.557841, 1321252.557841
Z3, 32, 7, 4K, 60864.000000, 0.019897, 3058953.611097, 3203368.000000, 1.027091, 2, 6.762197, 1659804.733457, 1659804.733457
Z3, 33, 7, 4K, 30224.000000, 0.000919, 32887921.653972, 30224000.000000, 1.027091, 2, 6.762197, 7625598.342032, 7625598.342032
Z3, 34, 7, 4K, 29312.000000, 0.013120, 2234146.341463, 2254768.000000, 1.027091, 2, 6.762197, 1494843.279530, 1494843.279530
Z3, 35, 7, 4K, 25728.000000, 0.015929, 1615167.304916, 1715200.000000, 1.027091, 2, 6.762197, 1371047.472221, 1371047.472221
Z3, 36, 7, 4K, 27640.000000, 0.031508, 877237.526977, 891608.000000, 1.027091, 2, 6.762197, 1223461.516633, 1223461.516633
Z3, 37, 7, 4K, 32608.000000, 0.001463, 22288448.393712, 32608000.000000, 1.027091, 2, 6.762197, 5505703.689980, 5505703.689980
Z3, 38, 7, 4K, 25080.000000, 0.008924, 2810398.924249, 3135000.000000, 1.027091, 2, 6.762197, 1610093.796087, 1610093.796087
Z1, 0, 8, 4K, 47048.000000, 0.067832, 693595.942918, 702208.000000, 1.106448, 2, 7.682840, 1600856.738269, 1600856.738269
Z2, 0, 8, 4K, 6624.000000, 0.021587, 306851.345717, 315424.000000, 1.106448, 2, 7.682840, 1523507.818829, 1523507.818829
Z2, 1, 8, 4K, 12296.000000, 0.021575, 569918.887601, 585520.000000, 1.106448, 2, 7.682840, 1576121.327206, 1576121.327206
Z2, 2, 8, 4K, 12272.000000, 0.000896, 13696428.571429, 12272000.000000, 1.106448, 2, 7.682840, 4201423.263971, 4201423.263971
Z2, 3, 8, 4K, 12368.000000, 0.000927, 13341963.322546, 12368000.000000, 1.106448, 2, 7.682840, 4130530.214195, 4130530.214195
Z2, 4, 8, 4K, 33024.000000, 0.001047, 31541547.277937, 33024000.000000, 1.106448, 2, 7.682840, 7770447.005273, 7770447.005273
Z2, 5, 8, 4K, 46672.000000, 0.025025, 1865014.985015, 1866880.000000, 1.106448, 2, 7.682840, 1835140.546689, 1835140.546689
Z2, 6, 8, 4K, 105600.000000, 0.015340, 6883963.494133, 7040000.000000, 1.106448, 2, 7.682840, 2838930.248512, 2838930.248512
Z2, 7, 8, 4K, 109880.000000, 0.027724, 3963353.051508, 4069624.000000, 1.106448, 2, 7.682840, 2254808.159987, 2254808.159987
Z3, 0, 8, 4K, 12736.000000, 0.057962, 219730.168041, 223432.000000, 1.106448, 2, 7.682840, 1506083.583294, 1506083.583294
Z3, 1, 8, 4K, 13168.000000, 0.011173, 1178555.446165, 1197088.000000, 1.106448, 2, 7.682840, 1697848.638919, 1697848.638919
Z3, 2, 8, 4K, 12440.000000, 0.012186, 1020843.591006, 1036664.000000, 1.106448, 2, 7.682840, 1666306.267887, 1666306.267887
Z3, 3, 8, 4K, 12288.000000, 0.017937, 685064.392039, 722816.000000, 1.106448, 2, 7.682840, 1599150.428093, 1599150.428093
Z3, 4, 8, 4K, 13040.000000, 0.000852, 15305164.319249, 13040000.000000, 1.106448, 2, 7.682840, 4523170.413535, 4523170.413535
Z3, 5, 8, 4K, 11984.000000, 0.000758, 15810026.385224, 11984000.000000, 1.106448, 2, 7.682840, 4624142.826730, 4624142.826730
Z3, 6, 8, 4K, 12736.000000, 0.000771, 16518806.744488, 12736000.000000, 1.106448, 2, 7.682840, 4765898.898583, 4765898.898583
Z3, 7, 8, 4K, 12728.000000, 0.023651, 538159.063042, 553384.000000, 1.106448, 2, 7.682840, 1569769.362294, 1569769.362294
Z3, 8, 8, 4K, 13416.000000, 0.000824, 16281553.398058, 13416000.000000, 1.106448, 2, 7.682840, 4718448.229297, 4718448.229297
Z3, 9, 8, 4K, 47728.000000, 0.016951, 2815645.094685, 2983000.000000, 1.106448, 2, 7.682840, 2025266.568623, 2025266.568623
Z3, 10, 8, 4K, 36848.000000, 0.014743, 2499355.626399, 2632000.000000, 1.106448, 2, 7.682840, 1962008.674965, 1962008.674965
Z3, 11, 8, 4K, 37200.000000, 0.005236, 7104660.045837, 7440000.000000, 1.106448, 2, 7.682840, 2883069.558853, 2883069.558853
Z3, 12, 8, 4K, 36304.000000, 0.037267, 974159.444012, 981184.000000, 1.106448, 2, 7.682840, 1656969.438488, 1656969.438488
Z3, 13, 8, 4K, 72440.000000, 0.001578, 45906210.392902, 72440000.000000, 1.106448, 2, 7.682840, 10643379.628266, 10643379.628266
Z3, 14, 8, 4K, 94656.000000, 0.031884, 2968761.761385, 3053416.000000, 1.106448, 2, 7.682840, 2055889.901963, 2055889.901963
Z3, 15, 8, 4K, 126944.000000, 0.036574, 3470880.953683, 3526216.000000, 1.106448, 2, 7.682840, 2156313.740422, 2156313.740422
Z3, 16, 8, 4K, 91896.000000, 0.014072, 6530415.008528, 6564000.000000, 1.106448, 2, 7.682840, 2768220.551391, 2768220.551391
Z3, 17, 8, 4K, 51968.000000, 0.012676, 4099715.998738, 4330664.000000, 1.106448, 2, 7.682840, 2282080.749433, 2282080.749433
Z3, 18, 8, 4K, 116120.000000, 0.024884, 4666452.338852, 4838328.000000, 1.106448, 2, 7.682840, 2395428.017456, 2395428.017456
Z3, 19, 8, 4K, 183840.000000, 0.053719, 3422252.834193, 3468672.000000, 1.106448, 2, 7.682840, 2146588.116524, 2146588.116524
Z3, 20, 8, 4K, 154184.000000, 0.065883, 2340269.872349, 2372056.000000, 1.106448, 2, 7.682840, 1930191.524155, 1930191.524155
Z3, 21, 8, 4K, 155104.000000, 0.042402, 3657940.663176, 3692952.000000, 1.106448, 2, 7.682840, 2193725.682321, 2193725.682321
Z3, 22, 8, 4K, 164936.000000, 0.033769, 4884242.944713, 4998056.000000, 1.106448, 2, 7.682840, 2438986.138628, 2438986.138628
Z3, 23, 8, 4K, 148008.000000, 0.251568, 588341.919481, 589672.000000, 1.106448, 2, 7.682840, 1579805.933582, 1579805.933582
Z3, 24, 8, 4K, 158128.000000, 0.036496, 4332748.794388, 4392440.000000, 1.106448, 2, 7.682840, 2328687.308563, 2328687.308563
Z3, 25, 8, 4K, 212408.000000, 0.107511, 1975686.208853, 1985120.000000, 1.106448, 2, 7.682840, 1857274.791456, 1857274.791456
Z3, 26, 8, 4K, 148464.000000, 0.042846, 3465060.915838, 3534856.000000, 1.106448, 2, 7.682840, 2155149.732853, 2155149.732853
Z3, 27, 8, 4K, 99296.000000, 0.213328, 465461.636541, 466176.000000, 1.106448, 2, 7.682840, 1555229.876994, 1555229.876994
Z3, 28, 8, 4K, 81552.000000, 0.215897, 377735.679514, 379304.000000, 1.106448, 2, 7.682840, 1537684.685588, 1537684.685588
Z3, 29, 8, 4K, 74800.000000, 0.018564, 4029304.029304, 4155552.000000, 1.106448, 2, 7.682840, 2267998.355546, 2267998.355546
Z3, 30, 8, 4K, 60904.000000, 0.020712, 2940517.574353, 3045200.000000, 1.106448, 2, 7.682840, 2050241.064556, 2050241.064556
Z3, 31, 8, 4K, 56704.000000, 0.022341, 2538113.781836, 2577448.000000, 1.106448, 2, 7.682840, 1969760.306053, 1969760.306053
Z3, 32, 8, 4K, 77872.000000, 0.033377, 2333103.634239, 2359752.000000, 1.106448, 2, 7.682840, 1928758.276533, 1928758.276533
Z3, 33, 8, 4K, 87632.000000, 0.010052, 8717867.091126, 8763200.000000, 1.106448, 2, 7.682840, 3205710.967911, 3205710.967911
Z3, 34, 8, 4K, 57472.000000, 0.027939, 2057052.865171, 2128592.000000, 1.106448, 2, 7.682840, 1873548.122720, 1873548.122720
Z3, 35, 8, 4K, 71616.000000, 0.048231, 1484854.139454, 1492000.000000, 1.106448, 2, 7.682840, 1759108.377576, 1759108.377576
Z3, 36, 8, 4K, 59800.000000, 0.005149, 11613905.612740, 11960000.000000, 1.106448, 2, 7.682840, 3784918.672234, 3784918.672234
Z3, 37, 8, 4K, 54240.000000, 0.015641, 3467808.963621, 3616000.000000, 1.106448, 2, 7.682840, 2155699.342410, 2155699.342410
Z3, 38, 8, 4K, 48376.000000, 0.001699, 28473219.540906, 48376000.000000, 1.106448, 2, 7.682840, 7156781.457867, 7156781.457867
Z1, 0, 9, 4K, 65080.000000, 0.041402, 1571904.738902, 1587312.000000, 1.000000, 2, 9.460273, 7377564.808050, 7377564.808050
Z2, 0, 9, 4K, 6624.000000, 0.046829, 141450.810395, 144000.000000, 1.000000, 2, 9.460273, 7091474.022348, 7091474.022348
Z2, 1, 9, 4K, 12720.000000, 0.000882, 14421768.707483, 12720000.000000, 1.000000, 2, 9.460273, 9947537.601766, 9947537.601766
Z2, 2, 9, 4K, 12808.000000, 0.000891, 14374859.708193, 12808000.000000, 1.000000, 2, 9.460273, 9938155.801908, 9938155.801908
Z2, 3, 9, 4K, 11704.000000, 0.013811, 847440.446021, 900304.000000, 1.000000, 2, 9.460273, 7232671.949474, 7232671.949474
Z2, 4, 9, 4K, 46808.000000, 0.018622, 2513586.080979, 2600440.000000, 1.000000, 2, 9.460273, 7565901.076465, 7565901.076465
Z2, 5, 9, 4K, 62864.000000, 0.001420, 44270422.535211, 62864000.000000, 1.000000, 2, 9.460273, 15917268.367312, 15917268.367312
Z2, 6, 9, 4K, 144400.000000, 0.012216, 11820563.195809, 12033328.000000, 1.000000, 2, 9.460273, 9427296.499431, 9427296.499431
Z2, 7, 9, 4K, 143784.000000, 0.009659, 14886013.044829, 15976000.000000, 1.000000, 2, 9.460273, 10040386.469235, 10040386.469235
Z3, 0, 9, 4K, 13352.000000, 0.036094, 369922.978888, 370888.000000, 1.000000, 2, 9.460273, 7137168.456047, 7137168.456047
Z3, 1, 9, 4K, 19152.000000, 0.015241, 1256610.458631, 1276800.000000, 1.000000, 2, 9.460273, 7314505.951996, 7314505.951996
Z3, 2, 9, 4K, 15048.000000, 0.000893, 16851063.829787, 15048000.000000, 1.000000, 2, 9.460273, 10433396.626227, 10433396.626227
Z3, 3, 9, 4K, 13656.000000, 0.003606, 3787021.630616, 4552000.000000, 1.000000, 2, 9.460273, 7820588.186392, 7820588.186392
Z3, 4, 9, 4K, 15568.000000, 0.023929, 650591.332693, 676864.000000, 1.000000, 2, 9.460273, 7193302.126808, 7193302.126808
Z3, 5, 9, 4K, 19992.000000, 0.002029, 9853129.620503, 9996000.000000, 1.000000, 2, 9.460273, 9033809.784370, 9033809.784370
Z3, 6, 9, 4K, 43816.000000, 0.014483, 3025340.053856, 3129712.000000, 1.000000, 2, 9.460273, 7668251.871041, 7668251.871041
Z3, 7, 9, 4K, 32640.000000, 0.018191, 1794293.881590, 1813328.000000, 1.000000, 2, 9.460273, 7422042.636587, 7422042.636587
Z3, 8, 9, 4K, 13112.000000, 0.000909, 14424642.464246, 13112000.000000, 1.000000, 2, 9.460273, 9948112.353119, 9948112.353119
Z3, 9, 9, 4K, 56456.000000, 0.003767, 14986992.301566, 18818664.000000, 1.000000, 2, 9.460273, 10060582.320583, 10060582.320583
Z3, 10, 9, 4K, 42936.000000, 0.022849, 1879119.436299, 1951632.000000, 1.000000, 2, 9.460273, 7439007.747529, 7439007.747529
Z3, 11, 9, 4K, 49664.000000, 0.007279, 6822915.235609, 7094856.000000, 1.000000, 2, 9.460273, 8427766.907391, 8427766.907391
Z3, 12, 9, 4K, 55832.000000, 0.016728, 3337637.494022, 3489496.000000, 1.000000, 2, 9.460273, 7730711.359074, 7730711.359074
Z3, 13, 9, 4K, 101440.000000, 0.018466, 5493339.109715, 5635552.000000, 1.000000, 2, 9.460273, 8161851.682212, 8161851.682212
Z3, 14, 9, 4K, 127064.000000, 0.022330, 5690282.131661, 5775632.000000, 1.000000, 2, 9.460273, 8201240.286602, 8201240.286602
Z3, 15, 9, 4K, 186256.000000, 0.041144, 4526929.807505, 4542824.000000, 1.000000, 2, 9.460273, 7968569.821770, 7968569.821770
Z3, 16, 9, 4K, 117264.000000, 0.047744, 2456099.195710, 2494976.000000, 1.000000, 2, 9.460273, 7554403.699411, 7554403.699411
Z3, 17, 9, 4K, 90064.000000, 0.028621, 3146780.336117, 3216568.000000, 1.000000, 2, 9.460273, 7692539.927493, 7692539.927493
Z3, 18, 9, 4K, 158280.000000, 0.230786, 685830.163008, 688168.000000, 1.000000, 2, 9.460273, 7200349.892871, 7200349.892871
Z3, 19, 9, 4K, 210712.000000, 0.069092, 3049730.793724, 3053792.000000, 1.000000, 2, 9.460273, 7673130.019014, 7673130.019014
Z3, 20, 9, 4K, 212696.000000, 0.065288, 3257811.542703, 3272240.000000, 1.000000, 2, 9.460273, 7714746.168810, 7714746.168810
Z3, 21, 9, 4K, 204264.000000, 0.054658, 3737129.057046, 3782664.000000, 1.000000, 2, 9.460273, 7810609.671678, 7810609.671678
Z3, 22, 9, 4K, 225960.000000, 0.048382, 4670331.941631, 4707496.000000, 1.000000, 2, 9.460273, 7997250.248596, 7997250.248596
Z3, 23, 9, 4K, 199056.000000, 0.052028, 3825939.878527, 3828000.000000, 1.000000, 2, 9.460273, 7828371.835975, 7828371.835975
Z3, 24, 9, 4K, 204104.000000, 0.241401, 845497.740274, 846904.000000, 1.000000, 2, 9.460273, 7232283.408324, 7232283.408324
Z3, 25, 9, 4K, 264656.000000, 0.079063, 3347406.498615, 3350072.000000, 1.000000, 2, 9.460273, 7732665.159992, 7732665.159992
Z3, 26, 9, 4K, 229440.000000, 0.081422, 2817911.620938, 2832592.000000, 1.000000, 2, 9.460273, 7626766.184457, 7626766.184457
Z3, 27, 9, 4K, 143136.000000, 0.041387, 3458477.299635, 3491120.000000, 1.000000, 2, 9.460273, 7754879.320196, 7754879.320196
Z3, 28, 9, 4K, 59784.000000, 0.038837, 1539356.798929, 1573256.000000, 1.000000, 2, 9.460273, 7371055.220055, 7371055.220055
Z3, 29, 9, 4K, 71424.000000, 0.013957, 5117432.112918, 5494152.000000, 1.000000, 2, 9.460273, 8086670.282853, 8086670.282853
Z3, 30, 9, 4K, 71768.000000, 0.019423, 3695000.772280, 3777256.000000, 1.000000, 2, 9.460273, 7802184.014725, 7802184.014725
Z3, 31, 9, 4K, 78016.000000, 0.006073, 12846369.175037, 13002664.000000, 1.000000, 2, 9.460273, 9632457.695277, 9632457.695277
Z3, 32, 9, 4K, 85112.000000, 0.022713, 3747281.292652, 3868720.000000, 1.000000, 2, 9.460273, 7812640.118800, 7812640.118800
Z3, 33, 9, 4K, 105792.000000, 0.016008, 6608695.652174, 6612000.000000, 1.000000, 2, 9.460273, 8384922.990704, 8384922.990704
Z3, 34, 9, 4K, 59104.000000, 0.001631, 36237890.864500, 59104000.000000, 1.000000, 2, 9.460273, 14310762.033169, 14310762.033169
Z3, 35, 9, 4K, 89744.000000, 0.017271, 5196224.885646, 5279056.000000, 1.000000, 2, 9.460273, 8102428.837399, 8102428.837399
Z3, 36, 9, 4K, 82576.000000, 0.015688, 5263640.999490, 5505064.000000, 1.000000, 2, 9.460273, 8115912.060167, 8115912.060167
Z3, 37, 9, 4K, 72616.000000, 0.032865, 2209523.809524, 2269248.000000, 1.000000, 2, 9.460273, 7505088.622174, 7505088.622174
Z3, 38, 9, 4K, 59624.000000, 0.238832, 249648.288337, 250520.000000, 1.000000, 2, 9.460273, 7113113.517937, 7113113.517937
Z1, 0, 10, 4K, 99416.000000, 0.041087, 2419646.116777, 2424776.000000, 1.000000, 2, 11.324425, 6992347.640834, 6992347.640834
Z2, 0, 10, 4K, 6624.000000, 0.024507, 270290.121190, 276000.000000, 1.000000, 2, 11.324425, 6562476.441716, 6562476.441716
Z2, 1, 10, 4K, 11896.000000, 0.000855, 13913450.292398, 11896000.000000, 1.000000, 2, 11.324425, 9291108.475958, 9291108.475958
Z2, 2, 10, 4K, 11408.000000, 0.001188, 9602693.602694, 11408000.000000, 1.000000, 2, 11.324425, 8428957.138017, 8428957.138017
Z2, 3, 10, 4K, 11528.000000, 0.016649, 692413.958796, 720496.000000, 1.000000, 2, 11.324425, 6646901.209238, 6646901.209238
Z2, 4, 10, 4K, 96624.000000, 0.020127, 4800715.456849, 4831200.000000, 1.000000, 2, 11.324425, 7468561.508848, 7468561.508848
Z2, 5, 10, 4K, 91896.000000, 0.022030, 4171402.632773, 4177088.000000, 1.000000, 2, 11.324425, 7342698.944033, 7342698.944033
Z2, 6, 10, 4K, 172656.000000, 0.038059, 4536535.379280, 4543576.000000, 1.000000, 2, 11.324425, 7415725.493334, 7415725.493334
Z2, 7, 10, 4K, 150256.000000, 0.020176, 7447264.076130, 7512800.000000, 1.000000, 2, 11.324425, 7997871.232704, 7997871.232704
Z3, 0, 10, 4K, 21424.000000, 0.038125, 561940.983607, 563784.000000, 1.000000, 2, 11.324425, 6620806.614200, 6620806.614200
Z3, 1, 10, 4K, 61888.000000, 0.020110, 3077473.893585, 3094400.000000, 1.000000, 2, 11.324425, 7123913.196195, 7123913.196195
Z3, 2, 10, 4K, 32688.000000, 0.006040, 5411920.529801, 5448000.000000, 1.000000, 2, 11.324425, 7590802.523439, 7590802.523439
Z3, 3, 10, 4K, 21168.000000, 0.025918, 816729.685933, 846720.000000, 1.000000, 2, 11.324425, 6671764.354665, 6671764.354665
Z3, 4, 10, 4K, 28472.000000, 0.014453, 1969971.632187, 2033712.000000, 1.000000, 2, 11.324425, 6902412.743916, 6902412.743916
Z3, 5, 10, 4K, 45352.000000, 0.010779, 4207440.393357, 4535200.000000, 1.000000, 2, 11.324425, 7349906.496150, 7349906.496150
Z3, 6, 10, 4K, 72936.000000, 0.236435, 308482.246706, 309048.000000, 1.000000, 2, 11.324425, 6570114.866820, 6570114.866820
Z3, 7, 10, 4K, 27848.000000, 0.014636, 1902705.657283, 1989136.000000, 1.000000, 2, 11.324425, 6888959.548935, 6888959.548935
Z3, 8, 10, 4K, 13192.000000, 0.000913, 14449069.003286, 13192000.000000, 1.000000, 2, 11.324425, 9398232.218136, 9398232.218136
Z3, 9, 10, 4K, 75360.000000, 0.001576, 47817258.883249, 75360000.000000, 1.000000, 2, 11.324425, 16071870.194128, 16071870.194128
Z3, 10, 10, 4K, 100176.000000, 0.018621, 5379732.560013, 5565328.000000, 1.000000, 2, 11.324425, 7584364.929481, 7584364.929481
Z3, 11, 10, 4K, 71264.000000, 0.030950, 2302552.504039, 2375464.000000, 1.000000, 2, 11.324425, 6968928.918286, 6968928.918286
Z3, 12, 10, 4K, 87864.000000, 0.026953, 3259896.857493, 3379384.000000, 1.000000, 2, 11.324425, 7160397.788977, 7160397.788977
Z3, 13, 10, 4K, 125616.000000, 0.018451, 6808086.282586, 6978664.000000, 1.000000, 2, 11.324425, 7870035.673996, 7870035.673996
Z3, 14, 10, 4K, 148008.000000, 0.085474, 1731614.292065, 1741264.000000, 1.000000, 2, 11.324425, 6854741.275891, 6854741.275891
Z3, 15, 10, 4K, 196960.000000, 0.055462, 3551260.322383, 3581088.000000, 1.000000, 2, 11.324425, 7218670.481955, 7218670.481955
Z3, 16, 10, 4K, 128568.000000, 0.038386, 3349346.115771, 3383368.000000, 1.000000, 2, 11.324425, 7178287.640633, 7178287.640633
Z3, 17, 10, 4K, 101392.000000, 0.030060, 3372987.358616, 3379728.000000, 1.000000, 2, 11.324425, 7183015.889202, 7183015.889202
Z3, 18, 10, 4K, 176696.000000, 0.079987, 2209058.972083, 2236656.000000, 1.000000, 2, 11.324425, 6950230.211895, 6950230.211895
Z3, 19, 10, 4K, 235888.000000, 0.087674, 2690512.580697, 2711352.000000, 1.000000, 2, 11.324425, 7046520.933618, 7046520.933618
Z3, 20, 10, 4K, 238056.000000, 0.067926, 3504637.399523, 3553072.000000, 1.000000, 2, 11.324425, 7209345.897383, 7209345.897383
Z3, 21, 10, 4K, 231240.000000, 0.063674, 3631623.582624, 3670472.000000, 1.000000, 2, 11.324425, 7234743.134003, 7234743.134003
Z3, 22, 10, 4K, 299680.000000, 0.048030, 6239433.687279, 6243328.000000, 1.000000, 2, 11.324425, 7756305.154934, 7756305.154934
Z3, 23, 10, 4K, 228120.000000, 0.028271, 8069046.018889, 8147136.000000, 1.000000, 2, 11.324425, 8122227.621256, 8122227.621256
Z3, 24, 10, 4K, 227320.000000, 0.027632, 8226693.688477, 8419256.000000, 1.000000, 2, 11.324425, 8153757.155174, 8153757.155174
Z3, 25, 10, 4K, 304072.000000, 0.041055, 7406454.755815, 7416384.000000, 1.000000, 2, 11.324425, 7989709.368641, 7989709.368641
Z3, 26, 10, 4K, 353400.000000, 0.105406, 3352750.317819, 3365712.000000, 1.000000, 2, 11.324425, 7178968.481042, 7178968.481042
Z3, 27, 10, 4K, 171632.000000, 0.073683, 2329329.696131, 2351120.000000, 1.000000, 2, 11.324425, 6974284.356705, 6974284.356705
Z3, 28, 10, 4K, 75936.000000, 0.010841, 7004519.878240, 7593600.000000, 1.000000, 2, 11.324425, 7909322.393126, 7909322.393126
Z3, 29, 10, 4K, 98848.000000, 0.019283, 5126173.313281, 5202520.000000, 1.000000, 2, 11.324425, 7533653.080135, 7533653.080135
Z3, 30, 10, 4K, 91496.000000, 0.221967, 412205.417922, 414008.000000, 1.000000, 2, 11.324425, 6590859.501063, 6590859.501063
Z3, 31, 10, 4K, 97576.000000, 0.037927, 2572731.826931, 2637184.000000, 1.000000, 2, 11.324425, 7022964.782865, 7022964.782865
Z3, 32, 10, 4K, 97704.000000, 0.022970, 4253548.106226, 4441088.000000, 1.000000, 2, 11.324425, 7359128.038723, 7359128.038723
Z3, 33, 10, 4K, 88320.000000, 0.064147, 1376837.576192, 1380000.000000, 1.000000, 2, 11.324425, 6783785.932717, 6783785.932717
Z3, 34, 10, 4K, 87440.000000, 0.058498, 1494751.957332, 1507584.000000, 1.000000, 2, 11.324425, 6807368.808945, 6807368.808945
Z3, 35, 10, 4K, 104440.000000, 0.082178, 1270899.754192, 1273656.000000, 1.000000, 2, 11.324425, 6762598.368317, 6762598.368317
Z3, 36, 10, 4K, 121960.000000, 0.048646, 2507092.052790, 2540832.000000, 1.000000, 2, 11.324425, 7009836.828036, 7009836.828036
Z3, 37, 10, 4K, 101328.000000, 0.057183, 1771995.173391, 1777680.000000, 1.000000, 2, 11.324425, 6862817.452157, 6862817.452157
Z3, 38, 10, 4K, 96152.000000, 0.026373, 3645849.922269, 3698152.000000, 1.000000, 2, 11.324425, 7237588.401932, 7237588.401932
Z1, 0, 11, 4K, 89648.000000, 0.060000, 1494133.333333, 1494128.000000, 1.000000, 2, 13.462665, 7334650.001819, 7334650.001819
Z2, 0, 11, 4K, 6624.000000, 0.029117, 227495.964557, 228408.000000, 1.000000, 2, 13.462665, 7081322.528064, 7081322.528064
Z2, 1, 11, 4K, 21080.000000, 0.035210, 598693.552968, 602280.000000, 1.000000, 2, 13.462665, 7155562.045746, 7155562.045746
Z2, 2, 11, 4K, 15416.000000, 0.025987, 593219.686766, 616640.000000, 1.000000, 2, 13.462665, 7154467.272506, 7154467.272506
Z2, 3, 11, 4K, 20560.000000, 0.001063, 19341486.359360, 20560000.000000, 1.000000, 2, 13.462665, 10904120.607024, 10904120.607024
Z2, 4, 11, 4K, 90224.000000, 0.015848, 5693084.300858, 6014928.000000, 1.000000, 2, 13.462665, 8174440.195324, 8174440.195324
Z2, 5, 11, 4K, 106528.000000, 0.010820, 9845471.349353, 10652800.000000, 1.000000, 2, 13.462665, 9004917.605023, 9004917.605023
Z2, 6, 11, 4K, 265808.000000, 0.056571, 4698661.858549, 4746568.000000, 1.000000, 2, 13.462665, 7975555.706862, 7975555.706862
Z2, 7, 11, 4K, 144872.000000, 0.027714, 5227394.096846, 5365624.000000, 1.000000, 2, 13.462665, 8081302.154522, 8081302.154522
Z3, 0, 11, 4K, 30984.000000, 0.061274, 505663.087117, 507928.000000, 1.000000, 2, 13.462665, 7136955.952576, 7136955.952576
Z3, 1, 11, 4K, 34936.000000, 0.003082, 11335496.430889, 11645328.000000, 1.000000, 2, 13.462665, 9302922.621330, 9302922.621330
Z3, 2, 11, 4K, 27632.000000, 0.001151, 24006950.477845, 27632000.000000, 1.000000, 2, 13.462665, 11837213.430721, 11837213.430721
Z3, 3, 11, 4K, 23520.000000, 0.022677, 1037174.229395, 1069088.000000, 1.000000, 2, 13.462665, 7243258.181031, 7243258.181031
Z3, 4, 11, 4K, 31368.000000, 0.016286, 1926071.472430, 1960496.000000, 1.000000, 2, 13.462665, 7421037.629638, 7421037.629638
Z3, 5, 11, 4K, 54312.000000, 0.025552, 2125547.902317, 2172480.000000, 1.000000, 2, 13.462665, 7460932.915616, 7460932.915616
Z3, 6, 11, 4K, 40752.000000, 0.011474, 3551682.063796, 3704720.000000, 1.000000, 2, 13.462665, 7746159.747912, 7746159.747912
Z3, 7, 11, 4K, 38360.000000, 0.007588, 5055350.553506, 5480000.000000, 1.000000, 2, 13.462665, 8046893.445853, 8046893.445853
Z3, 8, 11, 4K, 36560.000000, 0.016150, 2263777.089783, 2285000.000000, 1.000000, 2, 13.462665, 7488578.753109, 7488578.753109
Z3, 9, 11, 4K, 91920.000000, 0.028086, 3272804.956206, 3282856.000000, 1.000000, 2, 13.462665, 7690384.326393, 7690384.326393
Z3, 10, 11, 4K, 138720.000000, 0.045678, 3036910.547747, 3082664.000000, 1.000000, 2, 13.462665, 7643205.444702, 7643205.444702
Z3, 11, 11, 4K, 120856.000000, 0.041155, 2936605.515733, 2947704.000000, 1.000000, 2, 13.462665, 7623144.438299, 7623144.438299
Z3, 12, 11, 4K, 114584.000000, 0.249016, 460147.139140, 460176.000000, 1.000000, 2, 13.462665, 7127852.762980, 7127852.762980
Z3, 13, 11, 4K, 144272.000000, 0.033161, 4350652.875366, 4371872.000000, 1.000000, 2, 13.462665, 7905953.910225, 7905953.910225
Z3, 14, 11, 4K, 138616.000000, 0.052298, 2650502.887300, 2665688.000000, 1.000000, 2, 13.462665, 7565923.912612, 7565923.912612
Z3, 15, 11, 4K, 211528.000000, 0.066492, 3181254.887806, 3204968.000000, 1.000000, 2, 13.462665, 7672074.312713, 7672074.312713
Z3, 16, 11, 4K, 135616.000000, 0.078624, 1724867.724868, 1738664.000000, 1.000000, 2, 13.462665, 7380796.880126, 7380796.880126
Z3, 17, 11, 4K, 99488.000000, 0.030105, 3304700.215911, 3316264.000000, 1.000000, 2, 13.462665, 7696763.378334, 7696763.378334
Z3, 18, 11, 4K, 207096.000000, 0.065980, 3138769.324038, 3186088.000000, 1.000000, 2, 13.462665, 7663577.199960, 7663577.199960
Z3, 19, 11, 4K, 254456.000000, 0.099365, 2560821.214713, 2570256.000000, 1.000000, 2, 13.462665, 7547987.578095, 7547987.578095
Z3, 20, 11, 4K, 295200.000000, 0.057299, 5151922.372118, 5178944.000000, 1.000000, 2, 13.462665, 8066207.809576, 8066207.809576
Z3, 21, 11, 4K, 337696.000000, 0.133520, 2529179.149191, 2539064.000000, 1.000000, 2, 13.462665, 7541659.164990, 7541659.164990
Z3, 22, 11, 4K, 372720.000000, 0.092611, 4024575.914308, 4051304.000000, 1.000000, 2, 13.462665, 7840738.518014, 7840738.518014
Z3, 23, 11, 4K, 225672.000000, 0.101136, 2231371.618415, 2234376.000000, 1.000000, 2, 13.462665, 7482097.658835, 7482097.658835
Z3, 24, 11, 4K, 265312.000000, 0.105255, 2520659.351100, 2526776.000000, 1.000000, 2, 13.462665, 7539955.205372, 7539955.205372
Z3, 25, 11, 4K, 373248.000000, 0.124678, 2993695.760278, 3010064.000000, 1.000000, 2, 13.462665, 7634562.487208, 7634562.487208
Z3, 26, 11, 4K, 513952.000000, 0.384133, 1337953.260980, 1338416.000000, 1.000000, 2, 13.462665, 7303413.987348, 7303413.987348
Z3, 27, 11, 4K, 187144.000000, 0.020479, 9138336.832853, 9357200.000000, 1.000000, 2, 13.462665, 8863490.701723, 8863490.701723
Z3, 28, 11, 4K, 96736.000000, 0.031837, 3038477.243459, 3120512.000000, 1.000000, 2, 13.462665, 7643518.783844, 7643518.783844
Z3, 29, 11, 4K, 102392.000000, 0.034688, 2951798.892989, 3011528.000000, 1.000000, 2, 13.462665, 7626183.113750, 7626183.113750
Z3, 30, 11, 4K, 91552.000000, 0.070201, 1304140.966653, 1307880.000000, 1.000000, 2, 13.462665, 7296651.528483, 7296651.528483
Z3, 31, 11, 4K, 101968.000000, 0.043812, 2327398.886150, 2371344.000000, 1.000000, 2, 13.462665, 7501303.112382, 7501303.112382
Z3, 32, 11, 4K, 107392.000000, 0.014236, 7543692.048328, 7670856.000000, 1.000000, 2, 13.462665, 8544561.744818, 8544561.744818
Z3, 33, 11, 4K, 80560.000000, 0.047597, 1692543.647709, 1714040.000000, 1.000000, 2, 13.462665, 7374332.064694, 7374332.064694
Z3, 34, 11, 4K, 93112.000000, 0.016507, 5640758.466105, 5819496.000000, 1.000000, 2, 13.462665, 8163975.028373, 8163975.028373
Z3, 35, 11, 4K, 90024.000000, 0.016766, 5369438.148634, 5626496.000000, 1.000000, 2, 13.462665, 8109710.964879, 8109710.964879
Z3, 36, 11, 4K, 76112.000000, 0.024773, 3072377.184838, 3171328.000000, 1.000000, 2, 13.462665, 7650298.772120, 7650298.772120
Z3, 37, 11, 4K, 104384.000000, 0.021365, 4885747.718231, 4970664.000000, 1.000000, 2, 13.462665, 8012972.878798, 8012972.878798
Z3, 38, 11, 4K, 148752.000000, 0.034776, 4277432.712215, 4375056.000000, 1.000000, 2, 13.462665, 7891309.877595, 7891309.877595
Z1, 0, 12, 4K, 11144.000000, 0.041014, 271712.098308, 271800.000000, 1.000000, 2, 16.062729, 7383572.512407, 7383572.512407
Z2, 0, 12, 4K, 6624.000000, 0.027869, 237683.447558, 245328.000000, 1.000000, 2, 16.062729, 7376766.782257, 7376766.782257
Z2, 1, 12, 4K, 11424.000000, 0.000854, 13377049.180328, 11424000.000000, 1.000000, 2, 16.062729, 10004639.928811, 10004639.928811
Z2, 2, 12, 4K, 12184.000000, 0.007210, 1689875.173370, 1740568.000000, 1.000000, 2, 16.062729, 7667205.127420, 7667205.127420
Z2, 3, 12, 4K, 141952.000000, 0.003983, 35639467.737886, 47317328.000000, 1.000000, 2, 16.062729, 14457123.640323, 14457123.640323
Z2, 4, 12, 4K, 115864.000000, 0.001803, 64261785.912368, 115864000.000000, 1.000000, 2, 16.062729, 20181587.275219, 20181587.275219
Z2, 5, 12, 4K, 177168.000000, 0.001857, 95405492.730210, 177168000.000000, 1.000000, 2, 16.062729, 26410328.638787, 26410328.638787
Z2, 6, 12, 4K, 90808.000000, 0.001392, 65235632.183908, 90808000.000000, 1.000000, 2, 16.062729, 20376356.529527, 20376356.529527
Z2, 7, 12, 4K, 97728.000000, 0.020485, 4770710.275812, 4886400.000000, 1.000000, 2, 16.062729, 8283372.147908, 8283372.147908
Z3, 0, 12, 4K, 20480.000000, 0.047955, 427067.042019, 435744.000000, 1.000000, 2, 16.062729, 7414643.501149, 7414643.501149
Z3, 1, 12, 4K, 19496.000000, 0.003437, 5672388.711085, 6498664.000000, 1.000000, 2, 16.062729, 8463707.834963, 8463707.834963
Z3, 2, 12, 4K, 41600.000000, 0.015860, 2622950.819672, 2773328.000000, 1.000000, 2, 16.062729, 7853820.256680, 7853820.256680
Z3, 3, 12, 4K, 26232.000000, 0.024541, 1068905.097592, 1093000.000000, 1.000000, 2, 16.062729, 7543011.112264, 7543011.112264
Z3, 4, 12, 4K, 35912.000000, 0.001147, 31309503.051439, 35912000.000000, 1.000000, 2, 16.062729, 13591130.703033, 13591130.703033
Z3, 5, 12, 4K, 31912.000000, 0.016467, 1937936.479019, 1994496.000000, 1.000000, 2, 16.062729, 7716817.388549, 7716817.388549
Z3, 6, 12, 4K, 19240.000000, 0.000868, 22165898.617512, 19240000.000000, 1.000000, 2, 16.062729, 11762409.816248, 11762409.816248
Z3, 7, 12, 4K, 15136.000000, 0.000980, 15444897.959184, 15136000.000000, 1.000000, 2, 16.062729, 10418209.684582, 10418209.684582
Z3, 8, 12, 4K, 11880.000000, 0.009351, 1270452.358037, 1320000.000000, 1.000000, 2, 16.062729, 7583320.564353, 7583320.564353
Z3, 9, 12, 4K, 110704.000000, 0.025912, 4272306.267366, 4428160.000000, 1.000000, 2, 16.062729, 8183691.346219, 8183691.346219
Z3, 10, 12, 4K, 129784.000000, 0.024588, 5278347.161217, 5407664.000000, 1.000000, 2, 16.062729, 8384899.524989, 8384899.524989
Z3, 11, 12, 4K, 166568.000000, 0.002151, 77437470.943747, 83284000.000000, 1.000000, 2, 16.062729, 22816724.281495, 22816724.281495
Z3, 12, 12, 4K, 122960.000000, 0.024388, 5041823.847794, 5123328.000000, 1.000000, 2, 16.062729, 8337594.862304, 8337594.862304
Z3, 13, 12, 4K, 171640.000000, 0.228480, 751225.490196, 752800.000000, 1.000000, 2, 16.062729, 7479475.190785, 7479475.190785
Z3, 14, 12, 4K, 164560.000000, 0.023995, 6858095.436549, 7154776.000000, 1.000000, 2, 16.062729, 8700849.180055, 8700849.180055
Z3, 15, 12, 4K, 200832.000000, 0.068298, 2940525.344812, 2953408.000000, 1.000000, 2, 16.062729, 7917335.161708, 7917335.161708
Z3, 16, 12, 4K, 163440.000000, 0.035388, 4618514.750763, 4669712.000000, 1.000000, 2, 16.062729, 8252933.042898, 8252933.042898
Z3, 17, 12, 4K, 195408.000000, 0.234988, 831565.867193, 835072.000000, 1.000000, 2, 16.062729, 7495543.266184, 7495543.266184
Z3, 18, 12, 4K, 104480.000000, 0.050913, 2052128.140161, 2089600.000000, 1.000000, 2, 16.062729, 7739655.720778, 7739655.720778
Z3, 19, 12, 4K, 214760.000000, 0.084371, 2545424.375674, 2556664.000000, 1.000000, 2, 16.062729, 7838314.967880, 7838314.967880
Z3, 20, 12, 4K, 248576.000000, 0.072759, 3416429.582595, 3452440.000000, 1.000000, 2, 16.062729, 8012516.009264, 8012516.009264
Z3, 21, 12, 4K, 345040.000000, 0.132221, 2609570.340566, 2613936.000000, 1.000000, 2, 16.062729, 7851144.160859, 7851144.160859
Z3, 22, 12, 4K, 295296.000000, 0.080214, 3681352.382377, 3691200.000000, 1.000000, 2, 16.062729, 8065500.569221, 8065500.569221
Z3, 23, 12, 4K, 385520.000000, 0.116401, 3311999.037809, 3323448.000000, 1.000000, 2, 16.062729, 7991629.900307, 7991629.900307
Z3, 24, 12, 4K, 219952.000000, 0.094463, 2328446.058245, 2339912.000000, 1.000000, 2, 16.062729, 7794919.304394, 7794919.304394
Z3, 25, 12, 4K, 323240.000000, 0.144158, 2242261.962569, 2244720.000000, 1.000000, 2, 16.062729, 7777682.485259, 7777682.485259
Z3, 26, 12, 4K, 481656.000000, 0.186677, 2580157.169871, 2589544.000000, 1.000000, 2, 16.062729, 7845261.526720, 7845261.526720
Z3, 27, 12, 4K, 552784.000000, 0.151501, 3648715.189999, 3660816.000000, 1.000000, 2, 16.062729, 8058973.130745, 8058973.130745
Z3, 28, 12, 4K, 439328.000000, 0.123955, 3544253.963132, 3571768.000000, 1.000000, 2, 16.062729, 8038080.885372, 8038080.885372
Z3, 29, 12, 4K, 256424.000000, 0.116828, 2194884.787893, 2210544.000000, 1.000000, 2, 16.062729, 7768207.050324, 7768207.050324
Z3, 30, 12, 4K, 80536.000000, 0.026662, 3020628.610007, 3097536.000000, 1.000000, 2, 16.062729, 7933355.814747, 7933355.814747
Z3, 31, 12, 4K, 78928.000000, 0.050181, 1572866.224268, 1578560.000000, 1.000000, 2, 16.062729, 7643803.337599, 7643803.337599
Z3, 32, 12, 4K, 90936.000000, 0.026163, 3475748.194014, 3497536.000000, 1.000000, 2, 16.062729, 8024379.731548, 8024379.731548
Z3, 33, 12, 4K, 108688.000000, 0.025660, 4235697.583788, 4347520.000000, 1.000000, 2, 16.062729, 8176369.609503, 8176369.609503
Z3, 34, 12, 4K, 106656.000000, 0.020289, 5256838.681059, 5332800.000000, 1.000000, 2, 16.062729, 8380597.828957, 8380597.828957
Z3, 35, 12, 4K, 105120.000000, 0.484364, 217026.864094, 217184.000000, 1.000000, 2, 16.062729, 7372635.465564, 7372635.465564
Z3, 36, 12, 4K, 114168.000000, 0.054176, 2107353.809805, 2114216.000000, 1.000000, 2, 16.062729, 7750700.854706, 7750700.854706
Z3, 37, 12, 4K, 172408.000000, 0.084360, 2043717.401612, 2052472.000000, 1.000000, 2, 16.062729, 7737973.573068, 7737973.573068
Z3, 38, 12, 4K, 121920.000000, 0.022125, 5510508.474576, 5541816.000000, 1.000000, 2, 16.062729, 8431331.787661, 8431331.787661
Z1, 0, 13, 4K, 231376.000000, 0.075111, 3080454.261027, 3085008.000000, 1.000000, 2, 19.113401, 3352778.731685, 3352778.731685
Z2, 0, 13, 4K, 6624.000000, 0.027441, 241390.619875, 245328.000000, 1.000000, 2, 19.113401, 2784966.003455, 2784966.003455
Z2, 1, 13, 4K, 14096.000000, 0.011001, 1281338.060176, 1281448.000000, 1.000000, 2, 19.113401, 2992955.491515, 2992955.491515
Z2, 2, 13, 4K, 12072.000000, 0.012664, 953253.316488, 1006000.000000, 1.000000, 2, 19.113401, 2927338.542777, 2927338.542777
Z2, 3, 13, 4K, 11568.000000, 0.024538, 471432.064553, 482000.000000, 1.000000, 2, 19.113401, 2830974.292390, 2830974.292390
Z2, 4, 13, 4K, 265632.000000, 0.035663, 7448391.890755, 7589480.000000, 1.000000, 2, 19.113401, 4226366.257630, 4226366.257630
Z2, 5, 13, 4K, 183344.000000, 0.033664, 5446292.775665, 5555872.000000, 1.000000, 2, 19.113401, 3825946.434613, 3825946.434613
Z2, 6, 13, 4K, 344104.000000, 0.064259, 5354954.169844, 5376624.000000, 1.000000, 2, 19.113401, 3807678.713448, 3807678.713448
Z2, 7, 13, 4K, 316392.000000, 0.064094, 4936374.699660, 4943624.000000, 1.000000, 2, 19.113401, 3723962.819411, 3723962.819411
Z3, 0, 13, 4K, 18240.000000, 0.053680, 339791.356185, 344144.000000, 1.000000, 2, 19.113401, 2804646.150716, 2804646.150716
Z3, 1, 13, 4K, 19120.000000, 0.002270, 8422907.488987, 9560000.000000, 1.000000, 2, 19.113401, 4421269.377277, 4421269.377277
Z3, 2, 13, 4K, 17576.000000, 0.000956, 18384937.238494, 17576000.000000, 1.000000, 2, 19.113401, 6413675.327178, 6413675.327178
Z3, 3, 13, 4K, 13752.000000, 0.000967, 14221302.998966, 13752000.000000, 1.000000, 2, 19.113401, 5580948.479273, 5580948.479273
Z3, 4, 13, 4K, 20424.000000, 0.026518, 770193.830606, 785536.000000, 1.000000, 2, 19.113401, 2890726.645601, 2890726.645601
Z3, 5, 13, 4K, 31888.000000, 0.007542, 4228056.218510, 4555424.000000, 1.000000, 2, 19.113401, 3582299.123181, 3582299.123181
Z3, 6, 13, 4K, 34824.000000, 0.009232, 3772097.053726, 3869328.000000, 1.000000, 2, 19.113401, 3491107.290225, 3491107.290225
Z3, 7, 13, 4K, 27304.000000, 0.004057, 6730096.130145, 6826000.000000, 1.000000, 2, 19.113401, 4082707.105509, 4082707.105509
Z3, 8, 13, 4K, 24832.000000, 0.000972, 25547325.102881, 24832000.000000, 1.000000, 2, 19.113401, 7846152.900056, 7846152.900056
Z3, 9, 13, 4K, 102416.000000, 0.007497, 13660931.039082, 14630856.000000, 1.000000, 2, 19.113401, 5468874.087296, 5468874.087296
Z3, 10, 13, 4K, 123344.000000, 0.015592, 7910723.447922, 8222928.000000, 1.000000, 2, 19.113401, 4318832.569064, 4318832.569064
Z3, 11, 13, 4K, 125056.000000, 0.031626, 3954214.886486, 4034064.000000, 1.000000, 2, 19.113401, 3527530.856777, 3527530.856777
Z3, 12, 13, 4K, 117608.000000, 0.043901, 2678936.698481, 2735064.000000, 1.000000, 2, 19.113401, 3272475.219176, 3272475.219176
Z3, 13, 13, 4K, 166128.000000, 0.033111, 5017305.427199, 5034176.000000, 1.000000, 2, 19.113401, 3740148.964919, 3740148.964919
Z3, 14, 13, 4K, 184040.000000, 0.048895, 3763984.047449, 3834160.000000, 1.000000, 2, 19.113401, 3489484.688969, 3489484.688969
Z3, 15, 13, 4K, 326472.000000, 0.063524, 5139348.907500, 5182088.000000, 1.000000, 2, 19.113401, 3764557.660979, 3764557.660979
Z3, 16, 13, 4K, 315832.000000, 0.086798, 3638701.352566, 3672464.000000, 1.000000, 2, 19.113401, 3464428.149993, 3464428.149993
Z3, 17, 13, 4K, 278216.000000, 0.040766, 6824706.863563, 6955400.000000, 1.000000, 2, 19.113401, 4101629.252192, 4101629.252192
Z3, 18, 13, 4K, 213632.000000, 0.080397, 2657213.577621, 2670400.000000, 1.000000, 2, 19.113401, 3268130.595004, 3268130.595004
Z3, 19, 13, 4K, 248704.000000, 0.080078, 3105771.872424, 3108800.000000, 1.000000, 2, 19.113401, 3357842.253964, 3357842.253964
Z3, 20, 13, 4K, 291920.000000, 0.085608, 3409961.685824, 3434352.000000, 1.000000, 2, 19.113401, 3418680.216644, 3418680.216644
Z3, 21, 13, 4K, 272896.000000, 0.080867, 3374627.474742, 3411200.000000, 1.000000, 2, 19.113401, 3411613.374428, 3411613.374428
Z3, 22, 13, 4K, 353984.000000, 0.085458, 4142198.506869, 4164512.000000, 1.000000, 2, 19.113401, 3565127.580853, 3565127.580853
Z3, 23, 13, 4K, 187896.000000, 0.072018, 2609014.413063, 2609664.000000, 1.000000, 2, 19.113401, 3258490.762092, 3258490.762092
Z3, 24, 13, 4K, 267712.000000, 0.132161, 2025650.532305, 2028120.000000, 1.000000, 2, 19.113401, 3141817.985940, 3141817.985940
Z3, 25, 13, 4K, 360608.000000, 0.088380, 4080199.140077, 4097816.000000, 1.000000, 2, 19.113401, 3552727.707495, 3552727.707495
Z3, 26, 13, 4K, 316984.000000, 0.078219, 4052519.208888, 4063896.000000, 1.000000, 2, 19.113401, 3547191.721257, 3547191.721257
Z3, 27, 13, 4K, 217208.000000, 0.060976, 3562188.401994, 3620128.000000, 1.000000, 2, 19.113401, 3449125.559878, 3449125.559878
Z3, 28, 13, 4K, 94808.000000, 0.036857, 2572320.047752, 2633552.000000, 1.000000, 2, 19.113401, 3251151.889030, 3251151.889030
Z3, 29, 13, 4K, 89856.000000, 0.034064, 2637858.149366, 2642816.000000, 1.000000, 2, 19.113401, 3264259.509353, 3264259.509353
Z3, 30, 13, 4K, 76680.000000, 0.017765, 4316352.378272, 4510584.000000, 1.000000, 2, 19.113401, 3599958.355134, 3599958.355134
Z3, 31, 13, 4K, 75464.000000, 0.022590, 3340593.182824, 3430176.000000, 1.000000, 2, 19.113401, 3404806.516044, 3404806.516044
Z3, 32, 13, 4K, 75568.000000, 0.019984, 3781425.140112, 3977256.000000, 1.000000, 2, 19.113401, 3492972.907502, 3492972.907502
Z3, 33, 13, 4K, 53048.000000, 0.010557, 5024912.380411, 5304800.000000, 1.000000, 2, 19.113401, 3741670.355562, 3741670.355562
Z3, 34, 13, 4K, 71632.000000, 0.025573, 2801079.263285, 2865280.000000, 1.000000, 2, 19.113401, 3296903.732137, 3296903.732137
Z3, 35, 13, 4K, 124120.000000, 0.022807, 5442188.801684, 5641816.000000, 1.000000, 2, 19.113401, 3825125.639816, 3825125.639816
Z3, 36, 13, 4K, 159576.000000, 0.046943, 3399356.666596, 3469040.000000, 1.000000, 2, 19.113401, 3416559.212799, 3416559.212799
Z3, 37, 13, 4K, 162672.000000, 0.046042, 3533121.932149, 3536344.000000, 1.000000, 2, 19.113401, 3443312.265909, 3443312.265909
Z3, 38, 13, 4K, 176832.000000, 0.035485, 4983288.713541, 5052336.000000, 1.000000, 2, 19.113401, 3733345.622188, 3733345.622188
Z1, 0, 14, 4K, 36464.000000, 0.037381, 975468.821059, 985512.000000, 1.000000, 2, 21.110034, 3878509.728732, 3878509.728732
Z2, 0, 14, 4K, 6624.000000, 0.041490, 159652.928416, 161560.000000, 1.000000, 2, 21.110034, 3715346.550204, 3715346.550204
Z2, 1, 14, 4K, 65528.000000, 0.013967, 4691630.271354, 5040608.000000, 1.000000, 2, 21.110034, 4621742.018791, 4621742.018791
Z2, 2, 14, 4K, 26120.000000, 0.001964, 13299389.002037, 26120000.000000, 1.000000, 2, 21.110034, 6343293.764928, 6343293.764928
Z2, 3, 14, 4K, 276584.000000, 0.019162, 14433983.926521, 14557048.000000, 1.000000, 2, 21.110034, 6570212.749825, 6570212.749825
Z2, 4, 14, 4K, 310648.000000, 0.055115, 5636360.337476, 5648144.000000, 1.000000, 2, 21.110034, 4810688.032016, 4810688.032016
Z2, 5, 14, 4K, 211048.000000, 0.068784, 3068271.691091, 3103640.000000, 1.000000, 2, 21.110034, 4297070.302738, 4297070.302738
Z2, 6, 14, 4K, 102528.000000, 0.020941, 4896041.258775, 5126400.000000, 1.000000, 2, 21.110034, 4662624.216275, 4662624.216275
Z2, 7, 14, 4K, 101856.000000, 0.030368, 3354056.902002, 3395200.000000, 1.000000, 2, 21.110034, 4354227.344921, 4354227.344921
Z3, 0, 14, 4K, 19944.000000, 0.051346, 388423.635726, 391056.000000, 1.000000, 2, 21.110034, 3761100.691666, 3761100.691666
Z3, 1, 14, 4K, 27688.000000, 0.244158, 113401.977408, 113472.000000, 1.000000, 2, 21.110034, 3706096.360002, 3706096.360002
Z3, 2, 14, 4K, 29160.000000, 0.016084, 1812981.845312, 1822496.000000, 1.000000, 2, 21.110034, 4046012.333583, 4046012.333583
Z3, 3, 14, 4K, 17040.000000, 0.012565, 1356148.030243, 1420000.000000, 1.000000, 2, 21.110034, 3954645.570569, 3954645.570569
Z3, 4, 14, 4K, 29288.000000, 0.007127, 4109442.963379, 4184000.000000, 1.000000, 2, 21.110034, 4505304.557196, 4505304.557196
Z3, 5, 14, 4K, 29392.000000, 0.007281, 4036808.130751, 4198856.000000, 1.000000, 2, 21.110034, 4490777.590671, 4490777.590671
Z3, 6, 14, 4K, 19864.000000, 0.000867, 22911188.004614, 19864000.000000, 1.000000, 2, 21.110034, 8265653.565443, 8265653.565443
Z3, 7, 14, 4K, 46568.000000, 0.002390, 19484518.828452, 23284000.000000, 1.000000, 2, 21.110034, 7580319.730211, 7580319.730211
Z3, 8, 14, 4K, 77848.000000, 0.022319, 3487969.891124, 3538544.000000, 1.000000, 2, 21.110034, 4381009.942745, 4381009.942745
Z3, 9, 14, 4K, 121432.000000, 0.019993, 6073725.804031, 6391152.000000, 1.000000, 2, 21.110034, 4898161.125327, 4898161.125327
Z3, 10, 14, 4K, 178104.000000, 0.044476, 4004496.807267, 4047816.000000, 1.000000, 2, 21.110034, 4484315.325974, 4484315.325974
Z3, 11, 14, 4K, 144672.000000, 0.037882, 3819016.947363, 3910048.000000, 1.000000, 2, 21.110034, 4447219.353993, 4447219.353993
Z3, 12, 14, 4K, 153792.000000, 0.027343, 5624547.416158, 5696000.000000, 1.000000, 2, 21.110034, 4808325.447752, 4808325.447752
Z3, 13, 14, 4K, 193616.000000, 0.241545, 801573.205821, 803384.000000, 1.000000, 2, 21.110034, 3843730.605684, 3843730.605684
Z3, 14, 14, 4K, 215184.000000, 0.041989, 5124770.773298, 5248384.000000, 1.000000, 2, 21.110034, 4708370.119180, 4708370.119180
Z3, 15, 14, 4K, 391928.000000, 0.346022, 1132667.865049, 1132736.000000, 1.000000, 2, 21.110034, 3909949.537530, 3909949.537530
Z3, 16, 14, 4K, 320024.000000, 0.105532, 3032483.038320, 3047840.000000, 1.000000, 2, 21.110034, 4289912.572184, 4289912.572184
Z3, 17, 14, 4K, 268840.000000, 0.111070, 2420455.568560, 2421976.000000, 1.000000, 2, 21.110034, 4167507.078232, 4167507.078232
Z3, 18, 14, 4K, 275832.000000, 0.096609, 2855137.720088, 2873248.000000, 1.000000, 2, 21.110034, 4254443.508538, 4254443.508538
Z3, 19, 14, 4K, 163384.000000, 0.060613, 2695527.362117, 2723064.000000, 1.000000, 2, 21.110034, 4222521.436944, 4222521.436944
Z3, 20, 14, 4K, 193688.000000, 0.087873, 2204181.033992, 2226296.000000, 1.000000, 2, 21.110034, 4124252.171319, 4124252.171319
Z3, 21, 14, 4K, 225432.000000, 0.061609, 3659075.784382, 3695600.000000, 1.000000, 2, 21.110034, 4415231.121397, 4415231.121397
Z3, 22, 14, 4K, 248896.000000, 0.035501, 7010957.437819, 7111312.000000, 1.000000, 2, 21.110034, 5085607.452084, 5085607.452084
Z3, 23, 14, 4K, 266808.000000, 0.035481, 7519742.961021, 7623080.000000, 1.000000, 2, 21.110034, 5187364.556725, 5187364.556725
Z3, 24, 14, 4K, 164848.000000, 0.036622, 4501337.993556, 4579104.000000, 1.000000, 2, 21.110034, 4583683.563231, 4583683.563231
Z3, 25, 14, 4K, 188952.000000, 0.091504, 2064958.908900, 2076392.000000, 1.000000, 2, 21.110034, 4096407.746300, 4096407.746300
Z3, 26, 14, 4K, 335320.000000, 0.057666, 5814864.911733, 5882800.000000, 1.000000, 2, 21.110034, 4846388.946867, 4846388.946867
Z3, 27, 14, 4K, 365224.000000, 0.116415, 3137258.944294, 3148480.000000, 1.000000, 2, 21.110034, 4310867.753379, 4310867.753379
Z3, 28, 14, 4K, 392736.000000, 0.128781, 3049642.416195, 3068248.000000, 1.000000, 2, 21.110034, 4293344.447759, 4293344.447759
Z3, 29, 14, 4K, 324128.000000, 0.054128, 5988176.174993, 6002368.000000, 1.000000, 2, 21.110034, 4881051.199519, 4881051.199519
Z3, 30, 14, 4K, 37424.000000, 0.016750, 2234268.656716, 2339000.000000, 1.000000, 2, 21.110034, 4130269.695864, 4130269.695864
Z3, 31, 14, 4K, 36240.000000, 0.033127, 1093971.684728, 1098176.000000, 1.000000, 2, 21.110034, 3902210.301466, 3902210.301466
Z3, 32, 14, 4K, 32904.000000, 0.001537, 21407937.540664, 32904000.000000, 1.000000, 2, 21.110034, 7965003.472653, 7965003.472653
Z3, 33, 14, 4K, 33208.000000, 0.025446, 1305038.119940, 1328320.000000, 1.000000, 2, 21.110034, 3944423.588508, 3944423.588508
Z3, 34, 14, 4K, 27104.000000, 0.016360, 1656723.716381, 1694000.000000, 1.000000, 2, 21.110034, 4014760.707797, 4014760.707797
Z3, 35, 14, 4K, 27712.000000, 0.009060, 3058719.646799, 3079104.000000, 1.000000, 2, 21.110034, 4295159.893880, 4295159.893880
Z3, 36, 14, 4K, 69480.000000, 0.221221, 314075.065206, 314384.000000, 1.000000, 2, 21.110034, 3746230.977562, 3746230.977562
Z3, 37, 14, 4K, 104904.000000, 0.036738, 2855463.008329, 2914000.000000, 1.000000, 2, 21.110034, 4254508.566186, 4254508.566186
Z3, 38, 14, 4K, 111104.000000, 0.052340, 2122735.957203, 2136608.000000, 1.000000, 2, 21.110034, 4107963.155961, 4107963.155961
Z1, 0, 15, 4K, 97816.000000, 0.070014, 1397092.010169, 1397368.000000, 1.000000, 2, 24.021084, 3658211.573541, 3658211.573541
Z2, 0, 15, 4K, 6624.000000, 0.038408, 172464.069985, 174312.000000, 1.000000, 2, 24.021084, 3413285.985504, 3413285.985504
Z2, 1, 15, 4K, 92296.000000, 0.018568, 4970702.283498, 5127552.000000, 1.000000, 2, 24.021084, 4372933.628207, 4372933.628207
Z2, 2, 15, 4K, 40600.000000, 0.025641, 1583401.583402, 1624000.000000, 1.000000, 2, 24.021084, 3695473.488187, 3695473.488187
Z2, 3, 15, 4K, 232152.000000, 0.034291, 6770056.282990, 6828000.000000, 1.000000, 2, 24.021084, 4732804.428105, 4732804.428105
Z2, 4, 15, 4K, 278440.000000, 0.075819, 3672430.393437, 3712528.000000, 1.000000, 2, 24.021084, 4113279.250194, 4113279.250194
Z2, 5, 15, 4K, 207528.000000, 0.072554, 2860324.723654, 2882328.000000, 1.000000, 2, 24.021084, 3950858.116238, 3950858.116238
Z2, 6, 15, 4K, 78136.000000, 0.029217, 2674333.436013, 2694344.000000, 1.000000, 2, 24.021084, 3913659.858710, 3913659.858710
Z2, 7, 15, 4K, 85200.000000, 0.041602, 2047978.462574, 2078048.000000, 1.000000, 2, 24.021084, 3788388.864022, 3788388.864022
Z3, 0, 15, 4K, 12608.000000, 0.034832, 361966.008268, 370816.000000, 1.000000, 2, 24.021084, 3451186.373161, 3451186.373161
Z3, 1, 15, 4K, 14232.000000, 0.000835, 17044311.377246, 14232000.000000, 1.000000, 2, 24.021084, 6787655.446956, 6787655.446956
Z3, 2, 15, 4K, 18288.000000, 0.012385, 1476624.949536, 1524000.000000, 1.000000, 2, 24.021084, 3674118.161414, 3674118.161414
Z3, 3, 15, 4K, 17960.000000, 0.001528, 11753926.701571, 17960000.000000, 1.000000, 2, 24.021084, 5729578.511821, 5729578.511821
Z3, 4, 15, 4K, 30136.000000, 0.010885, 2768580.615526, 3013600.000000, 1.000000, 2, 24.021084, 3932509.294612, 3932509.294612
Z3, 5, 15, 4K, 38832.000000, 0.014943, 2598674.964866, 2773712.000000, 1.000000, 2, 24.021084, 3898528.164480, 3898528.164480
Z3, 6, 15, 4K, 80120.000000, 0.014344, 5585610.708310, 5722856.000000, 1.000000, 2, 24.021084, 4495915.313169, 4495915.313169
Z3, 7, 15, 4K, 115624.000000, 0.233533, 495107.757790, 496240.000000, 1.000000, 2, 24.021084, 3477814.723065, 3477814.723065
Z3, 8, 15, 4K, 91976.000000, 0.051059, 1801367.045966, 1803448.000000, 1.000000, 2, 24.021084, 3739066.580700, 3739066.580700
Z3, 9, 15, 4K, 131496.000000, 0.033659, 3906711.429335, 3984720.000000, 1.000000, 2, 24.021084, 4160135.457374, 4160135.457374
Z3, 10, 15, 4K, 151608.000000, 0.081400, 1862506.142506, 1871696.000000, 1.000000, 2, 24.021084, 3751294.400008, 3751294.400008
Z3, 11, 15, 4K, 133200.000000, 0.054411, 2448034.404808, 2466664.000000, 1.000000, 2, 24.021084, 3868400.052469, 3868400.052469
Z3, 12, 15, 4K, 197848.000000, 0.024694, 8011986.717421, 8243664.000000, 1.000000, 2, 24.021084, 4981190.514991, 4981190.514991
Z3, 13, 15, 4K, 216432.000000, 0.020999, 10306776.513167, 10821600.000000, 1.000000, 2, 24.021084, 5440148.474141, 5440148.474141
Z3, 14, 15, 4K, 250032.000000, 0.048977, 5105090.144353, 5209000.000000, 1.000000, 2, 24.021084, 4399811.200378, 4399811.200378
Z3, 15, 15, 4K, 238656.000000, 0.036804, 6484512.552983, 6629328.000000, 1.000000, 2, 24.021084, 4675695.682104, 4675695.682104
Z3, 16, 15, 4K, 165160.000000, 0.058104, 2842489.329478, 2847584.000000, 1.000000, 2, 24.021084, 3947291.037403, 3947291.037403
Z3, 17, 15, 4K, 167848.000000, 0.086026, 1951131.053402, 1951720.000000, 1.000000, 2, 24.021084, 3769019.382188, 3769019.382188
Z3, 18, 15, 4K, 255400.000000, 0.099445, 2568253.808638, 2579792.000000, 1.000000, 2, 24.021084, 3892443.933235, 3892443.933235
Z3, 19, 15, 4K, 132104.000000, 0.053709, 2459625.016291, 2492528.000000, 1.000000, 2, 24.021084, 3870718.174765, 3870718.174765
Z3, 20, 15, 4K, 143824.000000, 0.067049, 2145058.091843, 2146624.000000, 1.000000, 2, 24.021084, 3807804.789876, 3807804.789876
Z3, 21, 15, 4K, 175072.000000, 0.030205, 5796126.469128, 5835728.000000, 1.000000, 2, 24.021084, 4538018.465333, 4538018.465333
Z3, 22, 15, 4K, 170296.000000, 0.053644, 3174558.198494, 3213128.000000, 1.000000, 2, 24.021084, 4013704.811206, 4013704.811206
Z3, 23, 15, 4K, 193376.000000, 0.070351, 2748731.361317, 2762512.000000, 1.000000, 2, 24.021084, 3928539.443770, 3928539.443770
Z3, 24, 15, 4K, 150872.000000, 0.034141, 4419085.556955, 4437408.000000, 1.000000, 2, 24.021084, 4262610.282898, 4262610.282898
Z3, 25, 15, 4K, 172416.000000, 0.091580, 1882681.808255, 1894680.000000, 1.000000, 2, 24.021084, 3755329.533158, 3755329.533158
Z3, 26, 15, 4K, 210512.000000, 0.054022, 3896782.792196, 3898368.000000, 1.000000, 2, 24.021084, 4158149.729946, 4158149.729946
Z3, 27, 15, 4K, 202256.000000, 0.051755, 3907950.922616, 3965800.000000, 1.000000, 2, 24.021084, 4160383.356030, 4160383.356030
Z3, 28, 15, 4K, 249784.000000, 0.073157, 3414355.427369, 3421696.000000, 1.000000, 2, 24.021084, 4061664.256981, 4061664.256981
Z3, 29, 15, 4K, 288648.000000, 0.102791, 2808105.768015, 2829880.000000, 1.000000, 2, 24.021084, 3940414.325110, 3940414.325110
Z3, 30, 15, 4K, 46288.000000, 0.017185, 2693511.783532, 2722816.000000, 1.000000, 2, 24.021084, 3917495.528214, 3917495.528214
Z3, 31, 15, 4K, 38120.000000, 0.015927, 2393419.978653, 2541328.000000, 1.000000, 2, 24.021084, 3857477.167238, 3857477.167238
Z3, 32, 15, 4K, 29864.000000, 0.014157, 2109486.473123, 2133136.000000, 1.000000, 2, 24.021084, 3800690.466132, 3800690.466132
Z3, 33, 15, 4K, 29864.000000, 0.001461, 20440793.976728, 29864000.000000, 1.000000, 2, 24.021084, 7466951.966853, 7466951.966853
Z3, 34, 15, 4K, 42832.000000, 0.021934, 1952767.393088, 2039616.000000, 1.000000, 2, 24.021084, 3769346.650125, 3769346.650125
Z3, 35, 15, 4K, 53400.000000, 0.018776, 2844056.242011, 2966664.000000, 1.000000, 2, 24.021084, 3947604.419909, 3947604.419909
Z3, 36, 15, 4K, 54248.000000, 0.021294, 2547572.086034, 2583232.000000, 1.000000, 2, 24.021084, 3888307.588714, 3888307.588714
Z3, 37, 15, 4K, 56416.000000, 0.036285, 1554802.259887, 1567104.000000, 1.000000, 2, 24.021084, 3689753.623484, 3689753.623484
Z3, 38, 15, 4K, 63392.000000, 0.028667, 2211323.124150, 2264000.000000, 1.000000, 2, 24.021084, 3821057.796337, 3821057.796337
