Zone, Tile_no, Seg_no, Reso, Seg_d_size, Seg_d_time, Bitrate, Bitrate1, Buf_lev, Buf_limit, Elapsed, Ref_vp, Local_avg
Z1, 0, 1, 720, 9960.000000, 0.171755, 57989.578178, 58240.000000, 1.000000, 2, 0.000060, 57989.578178, 57989.578178
Z2, 0, 1, 720, 8952.000000, 0.172365, 51936.297972, 52040.000000, 1.000000, 2, 0.000060, 25968.148986, 25968.148986
Z2, 1, 1, 720, 5424.000000, 0.050910, 106540.954626, 108480.000000, 1.000000, 2, 0.000060, 35513.651542, 35513.651542
Z2, 2, 1, 720, 7080.000000, 0.050979, 138880.715589, 141600.000000, 1.000000, 2, 0.000060, 34720.178897, 34720.178897
Z2, 3, 1, 720, 18976.000000, 0.050825, 373359.567142, 379520.000000, 1.000000, 2, 0.000060, 74671.913428, 74671.913428
Z2, 4, 1, 720, 8720.000000, 0.050859, 171454.413182, 174400.000000, 1.000000, 2, 0.000060, 34290.882636, 34290.882636
Z2, 5, 1, 720, 8336.000000, 0.050982, 163508.689341, 166720.000000, 1.000000, 2, 0.000060, 32701.737868, 32701.737868
Z2, 6, 1, 720, 6376.000000, 0.050836, 125422.928633, 127520.000000, 1.000000, 2, 0.000060, 25084.585727, 25084.585727
Z2, 7, 1, 720, 6872.000000, 0.050899, 135012.475687, 137440.000000, 1.000000, 2, 0.000060, 27002.495137, 27002.495137
Z3, 0, 1, 720, 7080.000000, 0.250234, 28293.517268, 28320.000000, 1.000000, 2, 0.000060, 5658.703454, 5658.703454
Z3, 1, 1, 720, 7080.000000, 0.050875, 139164.619165, 141600.000000, 1.000000, 2, 0.000060, 27832.923833, 27832.923833
Z3, 2, 1, 720, 5664.000000, 0.050922, 111228.938376, 113280.000000, 1.000000, 2, 0.000060, 22245.787675, 22245.787675
Z3, 3, 1, 720, 7080.000000, 0.050917, 139049.826188, 141600.000000, 1.000000, 2, 0.000060, 27809.965238, 27809.965238
Z3, 4, 1, 720, 7080.000000, 0.050926, 139025.252327, 141600.000000, 1.000000, 2, 0.000060, 27805.050465, 27805.050465
Z3, 5, 1, 720, 5664.000000, 0.050892, 111294.506013, 113280.000000, 1.000000, 2, 0.000060, 22258.901203, 22258.901203
Z3, 6, 1, 720, 7080.000000, 0.054992, 128745.999418, 131104.000000, 1.000000, 2, 0.000060, 25749.199884, 25749.199884
Z3, 7, 1, 720, 7080.000000, 0.050962, 138927.043680, 141600.000000, 1.000000, 2, 0.000060, 27785.408736, 27785.408736
Z3, 8, 1, 720, 5664.000000, 0.050932, 111207.099662, 113280.000000, 1.000000, 2, 0.000060, 22241.419932, 22241.419932
Z3, 9, 1, 720, 7080.000000, 0.050896, 139107.198994, 141600.000000, 1.000000, 2, 0.000060, 27821.439799, 27821.439799
Z3, 10, 1, 720, 12904.000000, 0.050889, 253571.498752, 258080.000000, 1.000000, 2, 0.000060, 50714.299750, 50714.299750
Z3, 11, 1, 720, 17344.000000, 0.050914, 340652.865617, 346880.000000, 1.000000, 2, 0.000060, 68130.573123, 68130.573123
Z3, 12, 1, 720, 16912.000000, 0.050949, 331939.782920, 338240.000000, 1.000000, 2, 0.000060, 66387.956584, 66387.956584
Z3, 13, 1, 720, 13240.000000, 0.051042, 259394.224364, 259600.000000, 1.000000, 2, 0.000060, 51878.844873, 51878.844873
Z3, 14, 1, 720, 28328.000000, 0.051112, 554233.839411, 555448.000000, 1.000000, 2, 0.000060, 110846.767882, 110846.767882
Z3, 15, 1, 720, 30528.000000, 0.051087, 597568.853133, 598584.000000, 1.000000, 2, 0.000060, 119513.770627, 119513.770627
Z3, 16, 1, 720, 16360.000000, 0.050991, 320840.932714, 327200.000000, 1.000000, 2, 0.000060, 64168.186543, 64168.186543
Z3, 17, 1, 720, 33216.000000, 0.051060, 650528.789659, 651288.000000, 1.000000, 2, 0.000060, 130105.757932, 130105.757932
Z3, 18, 1, 720, 28000.000000, 0.051043, 548557.098917, 549016.000000, 1.000000, 2, 0.000060, 109711.419783, 109711.419783
Z3, 19, 1, 720, 15744.000000, 0.051037, 308482.081627, 308704.000000, 1.000000, 2, 0.000060, 61696.416325, 61696.416325
Z3, 20, 1, 720, 16024.000000, 0.050990, 314257.697588, 320480.000000, 1.000000, 2, 0.000060, 62851.539518, 62851.539518
Z3, 21, 1, 720, 11576.000000, 0.050907, 227395.053725, 231520.000000, 1.000000, 2, 0.000060, 45479.010745, 45479.010745
Z3, 22, 1, 720, 10816.000000, 0.051049, 211874.865325, 212072.000000, 1.000000, 2, 0.000060, 42374.973065, 42374.973065
Z3, 23, 1, 720, 13224.000000, 0.051050, 259040.156709, 259288.000000, 1.000000, 2, 0.000060, 51808.031342, 51808.031342
Z3, 24, 1, 720, 17528.000000, 0.051020, 343551.548412, 343680.000000, 1.000000, 2, 0.000060, 68710.309682, 68710.309682
Z3, 25, 1, 720, 23824.000000, 0.051028, 466880.928118, 467136.000000, 1.000000, 2, 0.000060, 93376.185624, 93376.185624
Z3, 26, 1, 720, 11024.000000, 0.050954, 216352.003768, 220480.000000, 1.000000, 2, 0.000060, 43270.400754, 43270.400754
Z3, 27, 1, 720, 15112.000000, 0.050789, 297544.743941, 302240.000000, 1.000000, 2, 0.000060, 59508.948788, 59508.948788
Z3, 28, 1, 720, 24552.000000, 0.051026, 481166.464156, 481408.000000, 1.000000, 2, 0.000060, 96233.292831, 96233.292831
Z3, 29, 1, 720, 10824.000000, 0.051620, 209686.168152, 212232.000000, 1.000000, 2, 0.000060, 41937.233630, 41937.233630
Z3, 30, 1, 720, 6872.000000, 0.050868, 135094.755052, 137440.000000, 1.000000, 2, 0.000060, 27018.951010, 27018.951010
Z3, 31, 1, 720, 6872.000000, 0.053829, 127663.527095, 129656.000000, 1.000000, 2, 0.000060, 25532.705419, 25532.705419
Z3, 32, 1, 720, 6376.000000, 0.050882, 125309.539719, 127520.000000, 1.000000, 2, 0.000060, 25061.907944, 25061.907944
Z3, 33, 1, 720, 6872.000000, 0.050924, 134946.194329, 137440.000000, 1.000000, 2, 0.000060, 26989.238866, 26989.238866
Z3, 34, 1, 720, 6872.000000, 0.050891, 135033.699475, 137440.000000, 1.000000, 2, 0.000060, 27006.739895, 27006.739895
Z3, 35, 1, 720, 6376.000000, 0.306944, 20772.518766, 20832.000000, 1.000000, 2, 0.000060, 4154.503753, 4154.503753
Z3, 36, 1, 720, 6872.000000, 0.050849, 135145.233928, 137440.000000, 1.000000, 2, 0.000060, 27029.046786, 27029.046786
Z3, 37, 1, 720, 6872.000000, 0.050897, 135017.781009, 137440.000000, 1.000000, 2, 0.000060, 27003.556202, 27003.556202
Z3, 38, 1, 720, 6376.000000, 0.050806, 125496.988545, 127520.000000, 1.000000, 2, 0.000060, 25099.397709, 25099.397709
Z1, 0, 2, 720, 9320.000000, 0.172689, 53969.853320, 54184.000000, 1.000000, 2, 3.157035, 35893.368373, 35893.368373
Z2, 0, 2, 720, 6624.000000, 0.172367, 38429.629802, 38504.000000, 1.000000, 2, 3.157035, 32785.323669, 32785.323669
Z2, 1, 2, 720, 5424.000000, 0.050931, 106497.025387, 108480.000000, 1.000000, 2, 3.157035, 46398.802786, 46398.802786
Z2, 2, 2, 720, 7080.000000, 0.051323, 137949.847047, 138816.000000, 1.000000, 2, 3.157035, 52689.367118, 52689.367118
Z2, 3, 2, 720, 18392.000000, 0.051026, 360443.695371, 360624.000000, 1.000000, 2, 3.157035, 97188.136783, 97188.136783
Z2, 4, 2, 720, 9160.000000, 0.050917, 179900.622582, 183200.000000, 1.000000, 2, 3.157035, 61079.522225, 61079.522225
Z2, 5, 2, 720, 8048.000000, 0.050869, 158210.304901, 160960.000000, 1.000000, 2, 3.157035, 56741.458689, 56741.458689
Z2, 6, 2, 720, 6376.000000, 0.050940, 125166.862976, 127520.000000, 1.000000, 2, 3.157035, 50132.770304, 50132.770304
Z2, 7, 2, 720, 6872.000000, 0.050943, 134895.864005, 137440.000000, 1.000000, 2, 3.157035, 52078.570510, 52078.570510
Z3, 0, 2, 720, 7080.000000, 0.172723, 40990.487659, 41160.000000, 1.000000, 2, 3.157035, 33297.495241, 33297.495241
Z3, 1, 2, 720, 7080.000000, 0.050963, 138924.317642, 141600.000000, 1.000000, 2, 3.157035, 52884.261237, 52884.261237
Z3, 2, 2, 720, 5664.000000, 0.050924, 111224.569947, 113280.000000, 1.000000, 2, 3.157035, 47344.311698, 47344.311698
Z3, 3, 2, 720, 7080.000000, 0.050852, 139227.562338, 141600.000000, 1.000000, 2, 3.157035, 52944.910176, 52944.910176
Z3, 4, 2, 720, 7080.000000, 0.050995, 138837.140896, 141600.000000, 1.000000, 2, 3.157035, 52866.825888, 52866.825888
Z3, 5, 2, 720, 5664.000000, 0.050982, 111098.034600, 113280.000000, 1.000000, 2, 3.157035, 47319.004629, 47319.004629
Z3, 6, 2, 720, 7080.000000, 0.050995, 138837.140896, 141600.000000, 1.000000, 2, 3.157035, 52866.825888, 52866.825888
Z3, 7, 2, 720, 7080.000000, 0.051024, 138758.231421, 138816.000000, 1.000000, 2, 3.157035, 52851.043993, 52851.043993
Z3, 8, 2, 720, 5664.000000, 0.050956, 111154.721721, 113280.000000, 1.000000, 2, 3.157035, 47330.342053, 47330.342053
Z3, 9, 2, 720, 7080.000000, 0.050959, 138935.222434, 141600.000000, 1.000000, 2, 3.157035, 52886.442196, 52886.442196
Z3, 10, 2, 720, 12648.000000, 0.051035, 247829.920643, 248000.000000, 1.000000, 2, 3.157035, 74665.381837, 74665.381837
Z3, 11, 2, 720, 17112.000000, 0.050987, 335614.960676, 342240.000000, 1.000000, 2, 3.157035, 92222.389844, 92222.389844
Z3, 12, 2, 720, 15320.000000, 0.051055, 300068.553521, 300392.000000, 1.000000, 2, 3.157035, 85113.108413, 85113.108413
Z3, 13, 2, 720, 10704.000000, 0.051057, 209648.040425, 209880.000000, 1.000000, 2, 3.157035, 67029.005794, 67029.005794
Z3, 14, 2, 720, 18776.000000, 0.051105, 367400.450054, 368152.000000, 1.000000, 2, 3.157035, 98579.487720, 98579.487720
Z3, 15, 2, 720, 21848.000000, 0.051103, 427528.716514, 428392.000000, 1.000000, 2, 3.157035, 110605.141012, 110605.141012
Z3, 16, 2, 720, 12752.000000, 0.051024, 249921.605519, 250032.000000, 1.000000, 2, 3.157035, 75083.718813, 75083.718813
Z3, 17, 2, 720, 21856.000000, 0.176962, 123506.741560, 124176.000000, 1.000000, 2, 3.157035, 49800.746021, 49800.746021
Z3, 18, 2, 720, 16880.000000, 0.051045, 330688.608091, 330976.000000, 1.000000, 2, 3.157035, 91237.119327, 91237.119327
Z3, 19, 2, 720, 12128.000000, 0.051094, 237366.422672, 237800.000000, 1.000000, 2, 3.157035, 72572.682243, 72572.682243
Z3, 20, 2, 720, 15344.000000, 0.051102, 300262.220657, 300856.000000, 1.000000, 2, 3.157035, 85151.841840, 85151.841840
Z3, 21, 2, 720, 11592.000000, 0.051081, 226933.693546, 227288.000000, 1.000000, 2, 3.157035, 70486.136418, 70486.136418
Z3, 22, 2, 720, 9952.000000, 0.051031, 195018.714115, 195136.000000, 1.000000, 2, 3.157035, 64103.140532, 64103.140532
Z3, 23, 2, 720, 11064.000000, 0.051089, 216563.252364, 216936.000000, 1.000000, 2, 3.157035, 68412.048182, 68412.048182
Z3, 24, 2, 720, 14728.000000, 0.051071, 288382.839576, 288784.000000, 1.000000, 2, 3.157035, 82775.965624, 82775.965624
Z3, 25, 2, 720, 16264.000000, 0.051072, 318452.380952, 318896.000000, 1.000000, 2, 3.157035, 88789.873899, 88789.873899
Z3, 26, 2, 720, 9504.000000, 0.050990, 186389.488135, 190080.000000, 1.000000, 2, 3.157035, 62377.295336, 62377.295336
Z3, 27, 2, 720, 12688.000000, 0.050960, 248979.591837, 253760.000000, 1.000000, 2, 3.157035, 74895.316076, 74895.316076
Z3, 28, 2, 720, 17320.000000, 0.051092, 338996.320363, 339600.000000, 1.000000, 2, 3.157035, 92898.661782, 92898.661782
Z3, 29, 2, 720, 10632.000000, 0.051037, 208319.454513, 208464.000000, 1.000000, 2, 3.157035, 66763.288612, 66763.288612
Z3, 30, 2, 720, 6872.000000, 0.050934, 134919.700004, 137440.000000, 1.000000, 2, 3.157035, 52083.337710, 52083.337710
Z3, 31, 2, 720, 6872.000000, 0.050948, 134882.625422, 137440.000000, 1.000000, 2, 3.157035, 52075.922793, 52075.922793
Z3, 32, 2, 720, 6376.000000, 0.051002, 125014.705306, 125016.000000, 1.000000, 2, 3.157035, 50102.338770, 50102.338770
Z3, 33, 2, 720, 6872.000000, 0.051010, 134718.682611, 134744.000000, 1.000000, 2, 3.157035, 52043.134231, 52043.134231
Z3, 34, 2, 720, 6872.000000, 0.051000, 134745.098039, 134744.000000, 1.000000, 2, 3.157035, 52048.417317, 52048.417317
Z3, 35, 2, 720, 6376.000000, 0.050991, 125041.674021, 127520.000000, 1.000000, 2, 3.157035, 50107.732513, 50107.732513
Z3, 36, 2, 720, 6872.000000, 0.050921, 134954.144655, 137440.000000, 1.000000, 2, 3.157035, 52090.226640, 52090.226640
Z3, 37, 2, 720, 6872.000000, 0.050901, 135007.170782, 137440.000000, 1.000000, 2, 3.157035, 52100.831865, 52100.831865
Z3, 38, 2, 720, 6376.000000, 0.304614, 20931.408274, 20968.000000, 1.000000, 2, 3.157035, 29285.679364, 29285.679364
Z1, 0, 3, 720, 7080.000000, 0.172599, 41019.936384, 41160.000000, 1.000000, 2, 6.356505, 37489.666641, 37489.666641
Z2, 0, 3, 720, 6624.000000, 0.173000, 38289.017341, 38288.000000, 1.000000, 2, 6.356505, 36943.482832, 36943.482832
Z2, 1, 3, 720, 5664.000000, 0.050963, 111139.454114, 113280.000000, 1.000000, 2, 6.356505, 51513.570187, 51513.570187
Z2, 2, 3, 720, 7080.000000, 0.051006, 138807.199153, 138816.000000, 1.000000, 2, 6.356505, 57047.119194, 57047.119194
Z2, 3, 3, 720, 12544.000000, 0.051054, 245700.630705, 245960.000000, 1.000000, 2, 6.356505, 78425.805505, 78425.805505
Z2, 4, 3, 720, 15304.000000, 0.051027, 299919.650381, 300072.000000, 1.000000, 2, 6.356505, 89269.609440, 89269.609440
Z2, 5, 3, 720, 9896.000000, 0.050951, 194225.824812, 197920.000000, 1.000000, 2, 6.356505, 68130.844326, 68130.844326
Z2, 6, 3, 720, 6376.000000, 0.306608, 20795.282576, 20832.000000, 1.000000, 2, 6.356505, 33444.735879, 33444.735879
Z2, 7, 3, 720, 6872.000000, 0.050992, 134766.237841, 137440.000000, 1.000000, 2, 6.356505, 56238.926932, 56238.926932
Z3, 0, 3, 720, 5424.000000, 0.172654, 31415.432020, 31528.000000, 1.000000, 2, 6.356505, 35568.765768, 35568.765768
Z3, 1, 3, 720, 7080.000000, 0.050874, 139167.354641, 141600.000000, 1.000000, 2, 6.356505, 57119.150292, 57119.150292
Z3, 2, 3, 720, 7080.000000, 0.050898, 139101.732878, 141600.000000, 1.000000, 2, 6.356505, 57106.025939, 57106.025939
Z3, 3, 3, 720, 5664.000000, 0.051016, 111023.992473, 111056.000000, 1.000000, 2, 6.356505, 51490.477858, 51490.477858
Z3, 4, 3, 720, 7080.000000, 0.050955, 138946.128937, 141600.000000, 1.000000, 2, 6.356505, 57074.905151, 57074.905151
Z3, 5, 3, 720, 7080.000000, 0.050930, 139014.333399, 141600.000000, 1.000000, 2, 6.356505, 57088.546044, 57088.546044
Z3, 6, 3, 720, 5664.000000, 0.050898, 111281.386302, 113280.000000, 1.000000, 2, 6.356505, 51541.956624, 51541.956624
Z3, 7, 3, 720, 7080.000000, 0.050985, 138864.371874, 141600.000000, 1.000000, 2, 6.356505, 57058.553739, 57058.553739
Z3, 8, 3, 720, 7080.000000, 0.050993, 138842.586237, 141600.000000, 1.000000, 2, 6.356505, 57054.196611, 57054.196611
Z3, 9, 3, 720, 14120.000000, 0.050985, 276944.199274, 282400.000000, 1.000000, 2, 6.356505, 84674.519219, 84674.519219
Z3, 10, 3, 720, 17536.000000, 0.051041, 343566.936384, 343840.000000, 1.000000, 2, 6.356505, 97999.066641, 97999.066641
Z3, 11, 3, 720, 16008.000000, 0.051014, 313796.212804, 313880.000000, 1.000000, 2, 6.356505, 92044.921925, 92044.921925
Z3, 12, 3, 720, 10896.000000, 0.216294, 50375.877278, 50440.000000, 1.000000, 2, 6.356505, 39360.854819, 39360.854819
Z3, 13, 3, 720, 19720.000000, 0.051064, 386182.046060, 386664.000000, 1.000000, 2, 6.356505, 106522.088576, 106522.088576
Z3, 14, 3, 720, 20104.000000, 0.051070, 393655.766595, 394192.000000, 1.000000, 2, 6.356505, 108016.832683, 108016.832683
Z3, 15, 3, 720, 12504.000000, 0.051012, 245118.795578, 245176.000000, 1.000000, 2, 6.356505, 78309.438479, 78309.438479
Z3, 16, 3, 720, 23072.000000, 0.051082, 451665.948867, 452392.000000, 1.000000, 2, 6.356505, 119618.869137, 119618.869137
Z3, 17, 3, 720, 18112.000000, 0.051045, 354824.174748, 355136.000000, 1.000000, 2, 6.356505, 100250.514313, 100250.514313
Z3, 18, 3, 720, 18632.000000, 0.051014, 365233.073274, 365328.000000, 1.000000, 2, 6.356505, 102332.294019, 102332.294019
Z3, 19, 3, 720, 9664.000000, 0.050988, 189534.792500, 193280.000000, 1.000000, 2, 6.356505, 67192.637864, 67192.637864
Z3, 20, 3, 720, 12280.000000, 0.051004, 240765.430162, 240784.000000, 1.000000, 2, 6.356505, 77438.765396, 77438.765396
Z3, 21, 3, 720, 10368.000000, 0.515280, 20121.099208, 20128.000000, 1.000000, 2, 6.356505, 33309.899205, 33309.899205
Z3, 22, 3, 720, 10520.000000, 0.125756, 83654.060244, 84160.000000, 1.000000, 2, 6.356505, 46016.491412, 46016.491412
Z3, 23, 3, 720, 15288.000000, 0.051042, 299518.043964, 299760.000000, 1.000000, 2, 6.356505, 89189.288157, 89189.288157
Z3, 24, 3, 720, 16344.000000, 0.051016, 320370.079975, 320464.000000, 1.000000, 2, 6.356505, 93359.695359, 93359.695359
Z3, 25, 3, 720, 9016.000000, 0.050966, 176902.248558, 180320.000000, 1.000000, 2, 6.356505, 64666.129075, 64666.129075
Z3, 26, 3, 720, 13800.000000, 0.050971, 270742.186734, 276000.000000, 1.000000, 2, 6.356505, 83434.116710, 83434.116710
Z3, 27, 3, 720, 17664.000000, 0.127888, 138120.855749, 139080.000000, 1.000000, 2, 6.356505, 56909.850514, 56909.850514
Z3, 28, 3, 720, 10240.000000, 0.051043, 200615.167604, 200784.000000, 1.000000, 2, 6.356505, 69408.712885, 69408.712885
Z3, 29, 3, 720, 8424.000000, 0.050977, 165250.995547, 168480.000000, 1.000000, 2, 6.356505, 62335.878473, 62335.878473
Z3, 30, 3, 720, 6376.000000, 0.050968, 125098.100769, 127520.000000, 1.000000, 2, 6.356505, 54305.299518, 54305.299518
Z3, 31, 3, 720, 6872.000000, 0.051008, 134723.964868, 134744.000000, 1.000000, 2, 6.356505, 56230.472337, 56230.472337
Z3, 32, 3, 720, 6872.000000, 0.051009, 134721.323688, 134744.000000, 1.000000, 2, 6.356505, 56229.944101, 56229.944101
Z3, 33, 3, 720, 6376.000000, 0.050940, 125166.862976, 127520.000000, 1.000000, 2, 6.356505, 54319.051959, 54319.051959
Z3, 34, 3, 720, 6872.000000, 0.050998, 134750.382368, 137440.000000, 1.000000, 2, 6.356505, 56235.755837, 56235.755837
Z3, 35, 3, 720, 6872.000000, 0.050968, 134829.697065, 137440.000000, 1.000000, 2, 6.356505, 56251.618777, 56251.618777
Z3, 36, 3, 720, 6376.000000, 0.050990, 125044.126299, 127520.000000, 1.000000, 2, 6.356505, 54294.504624, 54294.504624
Z3, 37, 3, 720, 6872.000000, 0.050921, 134954.144655, 137440.000000, 1.000000, 2, 6.356505, 56276.508295, 56276.508295
Z3, 38, 3, 720, 6872.000000, 0.050926, 134940.894631, 137440.000000, 1.000000, 2, 6.356505, 56273.858290, 56273.858290
Z1, 0, 4, 720, 22592.000000, 0.172457, 131000.771207, 131344.000000, 1.000000, 2, 10.213339, 82474.012531, 82474.012531
Z2, 0, 4, 720, 6624.000000, 0.174023, 38063.934078, 38064.000000, 1.000000, 2, 10.213339, 63886.645106, 63886.645106
Z2, 1, 4, 720, 6648.000000, 0.050960, 130455.259027, 132960.000000, 1.000000, 2, 10.213339, 82364.910095, 82364.910095
Z2, 2, 4, 720, 7200.000000, 0.050947, 141323.336016, 144000.000000, 1.000000, 2, 10.213339, 84538.525493, 84538.525493
Z2, 3, 4, 720, 7296.000000, 0.050928, 143261.074458, 145920.000000, 1.000000, 2, 10.213339, 84926.073182, 84926.073182
Z2, 4, 4, 720, 17272.000000, 0.050996, 338693.230842, 345440.000000, 1.000000, 2, 10.213339, 124012.504458, 124012.504458
Z2, 5, 4, 720, 26240.000000, 0.050938, 515136.047744, 524800.000000, 1.000000, 2, 10.213339, 159301.067839, 159301.067839
Z2, 6, 4, 720, 12720.000000, 0.051015, 249338.429874, 249408.000000, 1.000000, 2, 10.213339, 106141.544265, 106141.544265
Z2, 7, 4, 720, 11496.000000, 0.050963, 225575.417460, 229920.000000, 1.000000, 2, 10.213339, 101388.941782, 101388.941782
Z3, 0, 4, 720, 6448.000000, 0.172238, 37436.570327, 37488.000000, 1.000000, 2, 10.213339, 63761.172355, 63761.172355
Z3, 1, 4, 720, 7448.000000, 0.051040, 145924.764890, 146032.000000, 1.000000, 2, 10.213339, 85458.811268, 85458.811268
Z3, 2, 4, 720, 7424.000000, 0.050917, 145805.919438, 148480.000000, 1.000000, 2, 10.213339, 85435.042178, 85435.042178
Z3, 3, 4, 720, 6648.000000, 0.050868, 130691.200755, 132960.000000, 1.000000, 2, 10.213339, 82412.098441, 82412.098441
Z3, 4, 4, 720, 7224.000000, 0.050895, 141939.286767, 144480.000000, 1.000000, 2, 10.213339, 84661.715643, 84661.715643
Z3, 5, 4, 720, 7240.000000, 0.050929, 142158.691512, 144800.000000, 1.000000, 2, 10.213339, 84705.596592, 84705.596592
Z3, 6, 4, 720, 6648.000000, 0.050882, 130655.241539, 132960.000000, 1.000000, 2, 10.213339, 82404.906598, 82404.906598
Z3, 7, 4, 720, 7232.000000, 0.050915, 142040.655995, 144640.000000, 1.000000, 2, 10.213339, 84681.989489, 84681.989489
Z3, 8, 4, 720, 7296.000000, 0.050903, 143331.434297, 145920.000000, 1.000000, 2, 10.213339, 84940.145149, 84940.145149
Z3, 9, 4, 720, 16456.000000, 0.050999, 322672.993588, 329120.000000, 1.000000, 2, 10.213339, 120808.457008, 120808.457008
Z3, 10, 4, 720, 25392.000000, 0.051096, 496946.923438, 497880.000000, 1.000000, 2, 10.213339, 155663.242978, 155663.242978
Z3, 11, 4, 720, 21592.000000, 0.050906, 424154.323655, 431840.000000, 1.000000, 2, 10.213339, 141104.723021, 141104.723021
Z3, 12, 4, 720, 13528.000000, 0.053628, 252256.284031, 255240.000000, 1.000000, 2, 10.213339, 106725.115096, 106725.115096
Z3, 13, 4, 720, 29512.000000, 0.050995, 578723.404255, 590240.000000, 1.000000, 2, 10.213339, 172018.539141, 172018.539141
Z3, 14, 4, 720, 29688.000000, 0.050904, 583215.464404, 593760.000000, 1.000000, 2, 10.213339, 172916.951171, 172916.951171
Z3, 15, 4, 720, 16760.000000, 0.050948, 328962.864097, 335200.000000, 1.000000, 2, 10.213339, 122066.431109, 122066.431109
Z3, 16, 4, 720, 33128.000000, 0.051090, 648424.349188, 649568.000000, 1.000000, 2, 10.213339, 185958.728128, 185958.728128
Z3, 17, 4, 720, 26248.000000, 0.051032, 514343.941057, 514664.000000, 1.000000, 2, 10.213339, 159142.646501, 159142.646501
Z3, 18, 4, 720, 14624.000000, 0.050981, 286851.964457, 292480.000000, 1.000000, 2, 10.213339, 113644.251182, 113644.251182
Z3, 19, 4, 720, 26816.000000, 0.051009, 525711.149013, 525800.000000, 1.000000, 2, 10.213339, 161416.088093, 161416.088093
Z3, 20, 4, 720, 23128.000000, 0.050995, 453534.660261, 462560.000000, 1.000000, 2, 10.213339, 146980.790342, 146980.790342
Z3, 21, 4, 720, 19440.000000, 0.050979, 381333.490261, 388800.000000, 1.000000, 2, 10.213339, 132540.556342, 132540.556342
Z3, 22, 4, 720, 29088.000000, 0.050965, 570744.628667, 581760.000000, 1.000000, 2, 10.213339, 170422.784023, 170422.784023
Z3, 23, 4, 720, 29840.000000, 0.051075, 584238.864415, 585096.000000, 1.000000, 2, 10.213339, 173121.631173, 173121.631173
Z3, 24, 4, 720, 17200.000000, 0.050955, 337552.742616, 344000.000000, 1.000000, 2, 10.213339, 123784.406813, 123784.406813
Z3, 25, 4, 720, 25664.000000, 0.051057, 502653.896625, 503208.000000, 1.000000, 2, 10.213339, 156804.637615, 156804.637615
Z3, 26, 4, 720, 26808.000000, 0.051001, 525636.752221, 525640.000000, 1.000000, 2, 10.213339, 161401.208734, 161401.208734
Z3, 27, 4, 720, 17472.000000, 0.051007, 342541.219833, 342584.000000, 1.000000, 2, 10.213339, 124782.102257, 124782.102257
Z3, 28, 4, 720, 6448.000000, 0.050981, 126478.491987, 128960.000000, 1.000000, 2, 10.213339, 81569.556687, 81569.556687
Z3, 29, 4, 720, 7200.000000, 0.051032, 141087.944819, 141176.000000, 1.000000, 2, 10.213339, 84491.447254, 84491.447254
Z3, 30, 4, 720, 7520.000000, 0.050955, 147581.199097, 150400.000000, 1.000000, 2, 10.213339, 85790.098109, 85790.098109
Z3, 31, 4, 720, 6728.000000, 0.050939, 132079.546124, 134560.000000, 1.000000, 2, 10.213339, 82689.767515, 82689.767515
Z3, 32, 4, 720, 7224.000000, 0.050938, 141819.466803, 144480.000000, 1.000000, 2, 10.213339, 84637.751651, 84637.751651
Z3, 33, 4, 720, 7256.000000, 0.050929, 142472.854366, 145120.000000, 1.000000, 2, 10.213339, 84768.429163, 84768.429163
Z3, 34, 4, 720, 6544.000000, 0.050902, 128560.763821, 130880.000000, 1.000000, 2, 10.213339, 81986.011054, 81986.011054
Z3, 35, 4, 720, 12272.000000, 0.050990, 240674.642087, 245440.000000, 1.000000, 2, 10.213339, 104408.786707, 104408.786707
Z3, 36, 4, 720, 8544.000000, 0.050989, 167565.553355, 170880.000000, 1.000000, 2, 10.213339, 89786.968961, 89786.968961
Z3, 37, 4, 720, 6424.000000, 0.050909, 126185.939618, 128480.000000, 1.000000, 2, 10.213339, 81511.046214, 81511.046214
Z3, 38, 4, 720, 6872.000000, 0.050899, 135012.475687, 137440.000000, 1.000000, 2, 10.213339, 83276.353427, 83276.353427
Z1, 0, 5, 720, 20272.000000, 0.171713, 118057.456337, 118544.000000, 1.000000, 2, 13.035135, 106887.844695, 106887.844695
Z2, 0, 5, 720, 6624.000000, 0.173816, 38109.264970, 38288.000000, 1.000000, 2, 13.035135, 90898.206421, 90898.206421
Z2, 1, 5, 720, 7616.000000, 0.050982, 149386.057824, 152320.000000, 1.000000, 2, 13.035135, 113153.564992, 113153.564992
Z2, 2, 5, 720, 8792.000000, 0.051019, 172327.956252, 172392.000000, 1.000000, 2, 13.035135, 117741.944678, 117741.944678
Z2, 3, 5, 720, 8816.000000, 0.051015, 172811.918063, 172856.000000, 1.000000, 2, 13.035135, 117838.737040, 117838.737040
Z2, 4, 5, 720, 14976.000000, 0.051061, 293296.253501, 293640.000000, 1.000000, 2, 13.035135, 141935.604128, 141935.604128
Z2, 5, 5, 720, 25312.000000, 0.051140, 494955.025420, 496312.000000, 1.000000, 2, 13.035135, 182267.358512, 182267.358512
Z2, 6, 5, 720, 13208.000000, 0.051052, 258716.602680, 258976.000000, 1.000000, 2, 13.035135, 135019.673963, 135019.673963
Z2, 7, 5, 720, 16320.000000, 0.050956, 320276.316822, 326400.000000, 1.000000, 2, 13.035135, 147331.616792, 147331.616792
Z3, 0, 5, 720, 7712.000000, 0.256192, 30102.423183, 30120.000000, 1.000000, 2, 13.035135, 89296.838064, 89296.838064
Z3, 1, 5, 720, 9624.000000, 0.051002, 188698.482412, 188704.000000, 1.000000, 2, 13.035135, 121016.049910, 121016.049910
Z3, 2, 5, 720, 9096.000000, 0.050997, 178363.433143, 181920.000000, 1.000000, 2, 13.035135, 118949.040056, 118949.040056
Z3, 3, 5, 720, 7632.000000, 0.050977, 149714.577162, 152640.000000, 1.000000, 2, 13.035135, 113219.268860, 113219.268860
Z3, 4, 5, 720, 8304.000000, 0.050922, 163072.935077, 166080.000000, 1.000000, 2, 13.035135, 115890.940443, 115890.940443
Z3, 5, 5, 720, 8504.000000, 0.050966, 166856.335596, 170080.000000, 1.000000, 2, 13.035135, 116647.620547, 116647.620547
Z3, 6, 5, 720, 7384.000000, 0.050829, 145271.400185, 147680.000000, 1.000000, 2, 13.035135, 112330.633464, 112330.633464
Z3, 7, 5, 720, 8968.000000, 0.050864, 176313.306071, 179360.000000, 1.000000, 2, 13.035135, 118539.014642, 118539.014642
Z3, 8, 5, 720, 8912.000000, 0.050883, 175146.905646, 178240.000000, 1.000000, 2, 13.035135, 118305.734557, 118305.734557
Z3, 9, 5, 720, 16688.000000, 0.050912, 327781.269642, 333760.000000, 1.000000, 2, 13.035135, 148832.607356, 148832.607356
Z3, 10, 5, 720, 23832.000000, 0.050936, 467881.262761, 476640.000000, 1.000000, 2, 13.035135, 176852.605980, 176852.605980
Z3, 11, 5, 720, 21144.000000, 0.050955, 414954.371504, 422880.000000, 1.000000, 2, 13.035135, 166267.227728, 166267.227728
Z3, 12, 5, 720, 14272.000000, 0.051008, 279799.247177, 279840.000000, 1.000000, 2, 13.035135, 139236.202863, 139236.202863
Z3, 13, 5, 720, 27640.000000, 0.178999, 154414.270471, 155280.000000, 1.000000, 2, 13.035135, 114159.207522, 114159.207522
Z3, 14, 5, 720, 33288.000000, 0.051111, 651288.372366, 652704.000000, 1.000000, 2, 13.035135, 213534.027901, 213534.027901
Z3, 15, 5, 720, 17576.000000, 0.051020, 344492.355939, 344624.000000, 1.000000, 2, 13.035135, 152174.824615, 152174.824615
Z3, 16, 5, 720, 34872.000000, 0.051074, 682774.014176, 683760.000000, 1.000000, 2, 13.035135, 219831.156263, 219831.156263
Z3, 17, 5, 720, 27336.000000, 0.051030, 535684.891240, 536000.000000, 1.000000, 2, 13.035135, 190413.331676, 190413.331676
Z3, 18, 5, 720, 18312.000000, 0.050969, 359277.207714, 366240.000000, 1.000000, 2, 13.035135, 155131.794970, 155131.794970
Z3, 19, 5, 720, 41432.000000, 0.051134, 810263.229945, 812392.000000, 1.000000, 2, 13.035135, 245328.999416, 245328.999416
Z3, 20, 5, 720, 36760.000000, 0.051097, 719416.012682, 720784.000000, 1.000000, 2, 13.035135, 227159.555964, 227159.555964
Z3, 21, 5, 720, 21272.000000, 0.051054, 416656.873115, 417096.000000, 1.000000, 2, 13.035135, 166607.728050, 166607.728050
Z3, 22, 5, 720, 43464.000000, 0.051091, 850717.347478, 852232.000000, 1.000000, 2, 13.035135, 253419.822923, 253419.822923
Z3, 23, 5, 720, 42000.000000, 0.051097, 821966.064544, 823528.000000, 1.000000, 2, 13.035135, 247669.566336, 247669.566336
Z3, 24, 5, 720, 20304.000000, 0.051021, 397953.783736, 398112.000000, 1.000000, 2, 13.035135, 162867.110175, 162867.110175
Z3, 25, 5, 720, 32736.000000, 0.051054, 641203.431661, 641880.000000, 1.000000, 2, 13.035135, 211517.039760, 211517.039760
Z3, 26, 5, 720, 34608.000000, 0.051060, 677790.834313, 678584.000000, 1.000000, 2, 13.035135, 218834.520290, 218834.520290
Z3, 27, 5, 720, 21272.000000, 0.050992, 417163.476624, 425440.000000, 1.000000, 2, 13.035135, 166709.048752, 166709.048752
Z3, 28, 5, 720, 8752.000000, 0.050864, 172066.687638, 175040.000000, 1.000000, 2, 13.035135, 117689.690955, 117689.690955
Z3, 29, 5, 720, 12760.000000, 0.051020, 250098.000784, 250192.000000, 1.000000, 2, 13.035135, 133295.953584, 133295.953584
Z3, 30, 5, 720, 15440.000000, 0.050972, 302911.402339, 308800.000000, 1.000000, 2, 13.035135, 143858.633895, 143858.633895
Z3, 31, 5, 720, 10000.000000, 0.051015, 196020.778202, 196072.000000, 1.000000, 2, 13.035135, 122480.509068, 122480.509068
Z3, 32, 5, 720, 15200.000000, 0.050997, 298056.748436, 304000.000000, 1.000000, 2, 13.035135, 142887.703115, 142887.703115
Z3, 33, 5, 720, 18352.000000, 0.051037, 359582.263848, 359840.000000, 1.000000, 2, 13.035135, 155192.806197, 155192.806197
Z3, 34, 5, 720, 11224.000000, 0.051001, 220074.116194, 220072.000000, 1.000000, 2, 13.035135, 127291.176666, 127291.176666
Z3, 35, 5, 720, 23240.000000, 0.051055, 455195.377534, 455680.000000, 1.000000, 2, 13.035135, 174315.428934, 174315.428934
Z3, 36, 5, 720, 16824.000000, 0.051000, 329882.352941, 329880.000000, 1.000000, 2, 13.035135, 149252.824016, 149252.824016
Z3, 37, 5, 720, 9680.000000, 0.051023, 189718.362307, 189800.000000, 1.000000, 2, 13.035135, 121220.025889, 121220.025889
Z3, 38, 5, 720, 12888.000000, 0.050949, 252958.841194, 257760.000000, 1.000000, 2, 13.035135, 133868.121666, 133868.121666
Z1, 0, 6, 720, 7488.000000, 0.171686, 43614.505551, 43784.000000, 1.000000, 2, 16.067620, 117491.625068, 117491.625068
Z2, 0, 6, 720, 6624.000000, 0.173558, 38165.915717, 38288.000000, 1.000000, 2, 16.067620, 116401.907101, 116401.907101
Z2, 1, 6, 720, 6768.000000, 0.050914, 132930.038889, 135360.000000, 1.000000, 2, 16.067620, 135354.731735, 135354.731735
Z2, 2, 6, 720, 7752.000000, 0.050930, 152208.914196, 155040.000000, 1.000000, 2, 16.067620, 139210.506797, 139210.506797
Z2, 3, 6, 720, 10768.000000, 0.050983, 211207.657454, 215360.000000, 1.000000, 2, 16.067620, 151010.255448, 151010.255448
Z2, 4, 6, 720, 14912.000000, 0.050909, 292914.808776, 298240.000000, 1.000000, 2, 16.067620, 167351.685713, 167351.685713
Z2, 5, 6, 720, 14376.000000, 0.050895, 282463.896257, 287520.000000, 1.000000, 2, 16.067620, 165261.503209, 165261.503209
Z2, 6, 6, 720, 7176.000000, 0.050855, 141107.069118, 143520.000000, 1.000000, 2, 16.067620, 136990.137781, 136990.137781
Z2, 7, 6, 720, 8768.000000, 0.050885, 172310.111035, 175360.000000, 1.000000, 2, 16.067620, 143230.746164, 143230.746164
Z3, 0, 6, 720, 6760.000000, 0.173233, 39022.588075, 39072.000000, 1.000000, 2, 16.067620, 116573.241572, 116573.241572
Z3, 1, 6, 720, 8320.000000, 0.050752, 163934.426230, 166400.000000, 1.000000, 2, 16.067620, 141555.609203, 141555.609203
Z3, 2, 6, 720, 7800.000000, 0.050848, 153398.363751, 156000.000000, 1.000000, 2, 16.067620, 139448.396708, 139448.396708
Z3, 3, 6, 720, 6928.000000, 0.050867, 136198.321112, 138560.000000, 1.000000, 2, 16.067620, 136008.388180, 136008.388180
Z3, 4, 6, 720, 7472.000000, 0.050821, 147025.835777, 149440.000000, 1.000000, 2, 16.067620, 138173.891113, 138173.891113
Z3, 5, 6, 720, 7416.000000, 0.050818, 145932.543587, 148320.000000, 1.000000, 2, 16.067620, 137955.232675, 137955.232675
Z3, 6, 6, 720, 6760.000000, 0.305712, 22112.314858, 22160.000000, 1.000000, 2, 16.067620, 113191.186929, 113191.186929
Z3, 7, 6, 720, 7600.000000, 0.050835, 149503.294974, 152000.000000, 1.000000, 2, 16.067620, 138669.382952, 138669.382952
Z3, 8, 6, 720, 7600.000000, 0.050917, 149262.525286, 152000.000000, 1.000000, 2, 16.067620, 138621.229015, 138621.229015
Z3, 9, 6, 720, 12912.000000, 0.050955, 253400.058875, 258240.000000, 1.000000, 2, 16.067620, 159448.735732, 159448.735732
Z3, 10, 6, 720, 17552.000000, 0.050980, 344291.879168, 351040.000000, 1.000000, 2, 16.067620, 177627.099791, 177627.099791
Z3, 11, 6, 720, 14968.000000, 0.051024, 293352.148009, 293488.000000, 1.000000, 2, 16.067620, 167439.153559, 167439.153559
Z3, 12, 6, 720, 10336.000000, 0.050996, 202682.563338, 206720.000000, 1.000000, 2, 16.067620, 149305.236625, 149305.236625
Z3, 13, 6, 720, 18344.000000, 0.050963, 359947.412829, 366880.000000, 1.000000, 2, 16.067620, 180758.206523, 180758.206523
Z3, 14, 6, 720, 20456.000000, 0.050993, 401153.099445, 409120.000000, 1.000000, 2, 16.067620, 188999.343846, 188999.343846
Z3, 15, 6, 720, 12480.000000, 0.050869, 245336.059290, 249600.000000, 1.000000, 2, 16.067620, 157835.935815, 157835.935815
Z3, 16, 6, 720, 18912.000000, 0.050916, 371435.305209, 378240.000000, 1.000000, 2, 16.067620, 183055.784999, 183055.784999
Z3, 17, 6, 720, 16112.000000, 0.050958, 316181.953766, 322240.000000, 1.000000, 2, 16.067620, 172005.114711, 172005.114711
Z3, 18, 6, 720, 17456.000000, 0.050955, 342576.783436, 349120.000000, 1.000000, 2, 16.067620, 177284.080645, 177284.080645
Z3, 19, 6, 720, 16088.000000, 0.050947, 315779.143031, 321760.000000, 1.000000, 2, 16.067620, 171924.552564, 171924.552564
Z3, 20, 6, 720, 31984.000000, 0.051099, 625922.229398, 627136.000000, 1.000000, 2, 16.067620, 233953.169837, 233953.169837
Z3, 21, 6, 720, 21472.000000, 0.050984, 421151.733877, 429440.000000, 1.000000, 2, 16.067620, 192999.070733, 192999.070733
Z3, 22, 6, 720, 19320.000000, 0.051023, 378652.764440, 378816.000000, 1.000000, 2, 16.067620, 184499.276845, 184499.276845
Z3, 23, 6, 720, 33040.000000, 0.051023, 647551.104404, 647840.000000, 1.000000, 2, 16.067620, 238278.944838, 238278.944838
Z3, 24, 6, 720, 26472.000000, 0.051012, 518936.720772, 519056.000000, 1.000000, 2, 16.067620, 212556.068112, 212556.068112
Z3, 25, 6, 720, 12984.000000, 0.050967, 254753.075519, 259680.000000, 1.000000, 2, 16.067620, 159719.339061, 159719.339061
Z3, 26, 6, 720, 21128.000000, 0.177820, 118816.781015, 119360.000000, 1.000000, 2, 16.067620, 132532.080160, 132532.080160
Z3, 27, 6, 720, 21576.000000, 0.050970, 423307.828134, 431520.000000, 1.000000, 2, 16.067620, 193430.289584, 193430.289584
Z3, 28, 6, 720, 9568.000000, 0.050974, 187703.535136, 191360.000000, 1.000000, 2, 16.067620, 146309.430984, 146309.430984
Z3, 29, 6, 720, 12800.000000, 0.050970, 251128.114577, 256000.000000, 1.000000, 2, 16.067620, 158994.346873, 158994.346873
Z3, 30, 6, 720, 7048.000000, 0.050811, 138710.121824, 140960.000000, 1.000000, 2, 16.067620, 136510.748322, 136510.748322
Z3, 31, 6, 720, 8656.000000, 0.050815, 170343.402539, 173120.000000, 1.000000, 2, 16.067620, 142837.404465, 142837.404465
Z3, 32, 6, 720, 9488.000000, 0.217222, 43678.817063, 43720.000000, 1.000000, 2, 16.067620, 117504.487370, 117504.487370
Z3, 33, 6, 720, 8424.000000, 0.050917, 165445.725396, 168480.000000, 1.000000, 2, 16.067620, 141857.869037, 141857.869037
Z3, 34, 6, 720, 9328.000000, 0.050921, 183185.719055, 186560.000000, 1.000000, 2, 16.067620, 145405.867768, 145405.867768
Z3, 35, 6, 720, 8680.000000, 0.050806, 170845.963075, 173600.000000, 1.000000, 2, 16.067620, 142937.916572, 142937.916572
Z3, 36, 6, 720, 7160.000000, 0.050857, 140786.912323, 143200.000000, 1.000000, 2, 16.067620, 136926.106422, 136926.106422
Z3, 37, 6, 720, 10360.000000, 0.409777, 25282.043648, 25328.000000, 1.000000, 2, 16.067620, 113825.132687, 113825.132687
Z3, 38, 6, 720, 9048.000000, 0.050965, 177533.601491, 180960.000000, 1.000000, 2, 16.067620, 144275.444256, 144275.444256
Z1, 0, 7, 720, 7408.000000, 0.171845, 43108.615322, 43320.000000, 1.000000, 2, 19.791309, 148710.885665, 148710.885665
Z2, 0, 7, 720, 6624.000000, 0.249103, 26591.409979, 26600.000000, 1.000000, 2, 19.791309, 145407.444597, 145407.444597
Z2, 1, 7, 720, 6792.000000, 0.050942, 133328.098622, 135840.000000, 1.000000, 2, 19.791309, 166754.782325, 166754.782325
Z2, 2, 7, 720, 7464.000000, 0.050902, 146634.709835, 149280.000000, 1.000000, 2, 19.791309, 169416.104568, 169416.104568
Z2, 3, 7, 720, 10144.000000, 0.051026, 198800.611453, 198896.000000, 1.000000, 2, 19.791309, 179849.284891, 179849.284891
Z2, 4, 7, 720, 14352.000000, 0.051029, 281251.837191, 281408.000000, 1.000000, 2, 19.791309, 196339.530039, 196339.530039
Z2, 5, 7, 720, 15008.000000, 0.050882, 294956.959239, 300160.000000, 1.000000, 2, 19.791309, 199080.554449, 199080.554449
Z2, 6, 7, 720, 7168.000000, 0.050893, 140844.516928, 143360.000000, 1.000000, 2, 19.791309, 168258.065986, 168258.065986
Z2, 7, 7, 720, 8160.000000, 0.050951, 160153.873329, 163200.000000, 1.000000, 2, 19.791309, 172119.937267, 172119.937267
Z3, 0, 7, 720, 6656.000000, 0.173895, 38275.971132, 38472.000000, 1.000000, 2, 19.791309, 147744.356827, 147744.356827
Z3, 1, 7, 720, 7664.000000, 0.051098, 149986.300834, 150272.000000, 1.000000, 2, 19.791309, 170086.422768, 170086.422768
Z3, 2, 7, 720, 7664.000000, 0.050928, 150486.961986, 153280.000000, 1.000000, 2, 19.791309, 170186.554998, 170186.554998
Z3, 3, 7, 720, 6920.000000, 0.050983, 135731.518349, 138400.000000, 1.000000, 2, 19.791309, 167235.466271, 167235.466271
Z3, 4, 7, 720, 7504.000000, 0.050930, 147339.485568, 150080.000000, 1.000000, 2, 19.791309, 169557.059714, 169557.059714
Z3, 5, 7, 720, 7480.000000, 0.050985, 146709.816613, 149600.000000, 1.000000, 2, 19.791309, 169431.125923, 169431.125923
Z3, 6, 7, 720, 6728.000000, 0.051085, 131702.065185, 131920.000000, 1.000000, 2, 19.791309, 166429.575638, 166429.575638
Z3, 7, 7, 720, 7632.000000, 0.305127, 25012.535764, 25016.000000, 1.000000, 2, 19.791309, 145091.669754, 145091.669754
Z3, 8, 7, 720, 7392.000000, 0.311850, 23703.703704, 23768.000000, 1.000000, 2, 19.791309, 144829.903342, 144829.903342
Z3, 9, 7, 720, 12800.000000, 0.050929, 251330.283336, 256000.000000, 1.000000, 2, 19.791309, 190355.219268, 190355.219268
Z3, 10, 7, 720, 16760.000000, 0.050824, 329765.465135, 335200.000000, 1.000000, 2, 19.791309, 206042.255628, 206042.255628
Z3, 11, 7, 720, 14104.000000, 0.050959, 276771.522204, 282080.000000, 1.000000, 2, 19.791309, 195443.467042, 195443.467042
Z3, 12, 7, 720, 9704.000000, 0.051017, 190211.106102, 190272.000000, 1.000000, 2, 19.791309, 178131.383821, 178131.383821
Z3, 13, 7, 720, 17248.000000, 0.051031, 337990.633145, 338192.000000, 1.000000, 2, 19.791309, 207687.289230, 207687.289230
Z3, 14, 7, 720, 21552.000000, 0.051087, 421868.577133, 422584.000000, 1.000000, 2, 19.791309, 224462.878027, 224462.878027
Z3, 15, 7, 720, 16688.000000, 0.051021, 327081.005860, 327208.000000, 1.000000, 2, 19.791309, 205505.363773, 205505.363773
Z3, 16, 7, 720, 23312.000000, 0.051105, 456158.888563, 457096.000000, 1.000000, 2, 19.791309, 231320.940313, 231320.940313
Z3, 17, 7, 720, 14952.000000, 0.050963, 293389.321665, 299040.000000, 1.000000, 2, 19.791309, 198767.026934, 198767.026934
Z3, 18, 7, 720, 16856.000000, 0.051033, 330296.082927, 330504.000000, 1.000000, 2, 19.791309, 206148.379186, 206148.379186
Z3, 19, 7, 720, 23928.000000, 0.051175, 467572.056668, 469176.000000, 1.000000, 2, 19.791309, 233603.573934, 233603.573934
Z3, 20, 7, 720, 29544.000000, 0.051045, 578783.426388, 579288.000000, 1.000000, 2, 19.791309, 255845.847878, 255845.847878
Z3, 21, 7, 720, 31920.000000, 0.051070, 625024.476209, 625880.000000, 1.000000, 2, 19.791309, 265094.057843, 265094.057843
Z3, 22, 7, 720, 15096.000000, 0.051119, 295310.941137, 296000.000000, 1.000000, 2, 19.791309, 199151.350828, 199151.350828
Z3, 23, 7, 720, 22296.000000, 0.051024, 436970.837253, 437176.000000, 1.000000, 2, 19.791309, 227483.330051, 227483.330051
Z3, 24, 7, 720, 24272.000000, 0.051020, 475735.005880, 475920.000000, 1.000000, 2, 19.791309, 235236.163777, 235236.163777
Z3, 25, 7, 720, 13368.000000, 0.050979, 262225.622315, 267360.000000, 1.000000, 2, 19.791309, 192534.287064, 192534.287064
Z3, 26, 7, 720, 21768.000000, 0.051169, 425413.824777, 426816.000000, 1.000000, 2, 19.791309, 225171.927556, 225171.927556
Z3, 27, 7, 720, 21680.000000, 0.050940, 425598.743620, 433600.000000, 1.000000, 2, 19.791309, 225208.911325, 225208.911325
Z3, 28, 7, 720, 9672.000000, 0.051018, 189580.148183, 189640.000000, 1.000000, 2, 19.791309, 178005.192237, 178005.192237
Z3, 29, 7, 720, 13368.000000, 0.051050, 261860.920666, 262112.000000, 1.000000, 2, 19.791309, 192461.346734, 192461.346734
Z3, 30, 7, 720, 13424.000000, 0.050973, 263355.109568, 268480.000000, 1.000000, 2, 19.791309, 192760.184514, 192760.184514
Z3, 31, 7, 720, 8064.000000, 0.051042, 157987.539673, 158112.000000, 1.000000, 2, 19.791309, 171686.670535, 171686.670535
Z3, 32, 7, 720, 9424.000000, 0.051006, 184762.576952, 184784.000000, 1.000000, 2, 19.791309, 177041.677991, 177041.677991
Z3, 33, 7, 720, 7368.000000, 0.331059, 22255.851676, 22256.000000, 1.000000, 2, 19.791309, 144540.332936, 144540.332936
Z3, 34, 7, 720, 8792.000000, 0.050930, 172629.098763, 175840.000000, 1.000000, 2, 19.791309, 174614.982353, 174614.982353
Z3, 35, 7, 720, 8568.000000, 0.050929, 168234.208408, 171360.000000, 1.000000, 2, 19.791309, 173736.004282, 173736.004282
Z3, 36, 7, 720, 7064.000000, 0.050904, 138771.019959, 141280.000000, 1.000000, 2, 19.791309, 167843.366593, 167843.366593
Z3, 37, 7, 720, 10104.000000, 0.050991, 198152.615167, 202080.000000, 1.000000, 2, 19.791309, 179719.685634, 179719.685634
Z3, 38, 7, 720, 8640.000000, 0.050989, 169448.312381, 172800.000000, 1.000000, 2, 19.791309, 173978.825077, 173978.825077
Z1, 0, 8, 720, 7744.000000, 0.172645, 44855.049379, 45016.000000, 1.000000, 2, 23.483600, 155961.656026, 155961.656026
Z2, 0, 8, 720, 6624.000000, 0.173816, 38109.264970, 38288.000000, 1.000000, 2, 23.483600, 154612.499145, 154612.499145
Z2, 1, 8, 720, 6968.000000, 0.050935, 136801.806224, 139360.000000, 1.000000, 2, 23.483600, 174351.007395, 174351.007395
Z2, 2, 8, 720, 7968.000000, 0.050880, 156603.773585, 159360.000000, 1.000000, 2, 23.483600, 178311.400868, 178311.400868
Z2, 3, 8, 720, 12752.000000, 0.214930, 59330.944959, 59584.000000, 1.000000, 2, 23.483600, 158856.835142, 158856.835142
Z2, 4, 8, 720, 18720.000000, 0.051053, 366677.766243, 367056.000000, 1.000000, 2, 23.483600, 220326.199399, 220326.199399
Z2, 5, 8, 720, 25648.000000, 0.051090, 502016.050108, 502896.000000, 1.000000, 2, 23.483600, 247393.856172, 247393.856172
Z2, 6, 8, 720, 9784.000000, 0.051003, 191831.853028, 191840.000000, 1.000000, 2, 23.483600, 185357.016756, 185357.016756
Z2, 7, 8, 720, 13192.000000, 0.051044, 258443.695635, 258664.000000, 1.000000, 2, 23.483600, 198679.385278, 198679.385278
Z3, 0, 8, 720, 6768.000000, 0.247509, 27344.460201, 27400.000000, 1.000000, 2, 23.483600, 152459.538191, 152459.538191
Z3, 1, 8, 720, 8032.000000, 0.050984, 157539.620273, 160640.000000, 1.000000, 2, 23.483600, 178498.570205, 178498.570205
Z3, 2, 8, 720, 7872.000000, 0.051017, 154301.507341, 154352.000000, 1.000000, 2, 23.483600, 177850.947619, 177850.947619
Z3, 3, 8, 720, 7024.000000, 0.051016, 137682.295750, 137720.000000, 1.000000, 2, 23.483600, 174527.105301, 174527.105301
Z3, 4, 8, 720, 7816.000000, 0.050980, 153315.025500, 156320.000000, 1.000000, 2, 23.483600, 177653.651251, 177653.651251
Z3, 5, 8, 720, 7936.000000, 0.050942, 155785.010404, 158720.000000, 1.000000, 2, 23.483600, 178147.648232, 178147.648232
Z3, 6, 8, 720, 6928.000000, 0.051030, 135763.276504, 135840.000000, 1.000000, 2, 23.483600, 174143.301452, 174143.301452
Z3, 7, 8, 720, 8048.000000, 0.051014, 157760.614733, 157800.000000, 1.000000, 2, 23.483600, 178542.769097, 178542.769097
Z3, 8, 8, 720, 7664.000000, 0.051000, 150274.509804, 150272.000000, 1.000000, 2, 23.483600, 177045.548112, 177045.548112
Z3, 9, 8, 720, 14248.000000, 0.051012, 279306.829766, 279368.000000, 1.000000, 2, 23.483600, 202852.012104, 202852.012104
Z3, 10, 8, 720, 19448.000000, 0.051068, 380825.565912, 381328.000000, 1.000000, 2, 23.483600, 223155.759333, 223155.759333
Z3, 11, 8, 720, 17344.000000, 0.051084, 339519.223240, 340072.000000, 1.000000, 2, 23.483600, 214894.490799, 214894.490799
Z3, 12, 8, 720, 11952.000000, 0.051057, 234091.309713, 234352.000000, 1.000000, 2, 23.483600, 193808.908093, 193808.908093
Z3, 13, 8, 720, 25224.000000, 0.379401, 66483.746748, 66552.000000, 1.000000, 2, 23.483600, 160287.395500, 160287.395500
Z3, 14, 8, 720, 35992.000000, 0.051117, 704110.178610, 705720.000000, 1.000000, 2, 23.483600, 287812.681873, 287812.681873
Z3, 15, 8, 720, 20016.000000, 0.051081, 391848.241029, 392464.000000, 1.000000, 2, 23.483600, 225360.294357, 225360.294357
Z3, 16, 8, 720, 36432.000000, 0.051159, 712132.762564, 714352.000000, 1.000000, 2, 23.483600, 289417.198663, 289417.198663
Z3, 17, 8, 720, 22472.000000, 0.051075, 439980.420950, 440624.000000, 1.000000, 2, 23.483600, 234986.730341, 234986.730341
Z3, 18, 8, 720, 21736.000000, 0.051072, 425595.238095, 426192.000000, 1.000000, 2, 23.483600, 232109.693770, 232109.693770
Z3, 19, 8, 720, 16848.000000, 0.051078, 329848.467050, 330352.000000, 1.000000, 2, 23.483600, 212960.339561, 212960.339561
Z3, 20, 8, 720, 47160.000000, 0.051213, 920859.937906, 924704.000000, 1.000000, 2, 23.483600, 331162.633732, 331162.633732
Z3, 21, 8, 720, 39472.000000, 0.051146, 771751.456614, 773960.000000, 1.000000, 2, 23.483600, 301340.937474, 301340.937474
Z3, 22, 8, 720, 26968.000000, 0.051141, 527326.411294, 528784.000000, 1.000000, 2, 23.483600, 252455.928410, 252455.928410
Z3, 23, 8, 720, 39776.000000, 0.051172, 777300.085985, 779920.000000, 1.000000, 2, 23.483600, 302450.663348, 302450.663348
Z3, 24, 8, 720, 34992.000000, 0.051157, 684011.963172, 686112.000000, 1.000000, 2, 23.483600, 283793.038785, 283793.038785
Z3, 25, 8, 720, 22464.000000, 0.051128, 439367.861055, 440464.000000, 1.000000, 2, 23.483600, 234864.218362, 234864.218362
Z3, 26, 8, 720, 43144.000000, 0.051168, 843183.239525, 845960.000000, 1.000000, 2, 23.483600, 315627.294056, 315627.294056
Z3, 27, 8, 720, 43672.000000, 0.152372, 286614.338592, 287312.000000, 1.000000, 2, 23.483600, 204313.513869, 204313.513869
Z3, 28, 8, 720, 18320.000000, 0.051069, 358730.345219, 359208.000000, 1.000000, 2, 23.483600, 218736.715195, 218736.715195
Z3, 29, 8, 720, 24560.000000, 0.051141, 480240.902603, 481568.000000, 1.000000, 2, 23.483600, 243038.826671, 243038.826671
Z3, 30, 8, 720, 19040.000000, 0.051044, 373011.519473, 373328.000000, 1.000000, 2, 23.483600, 221592.950045, 221592.950045
Z3, 31, 8, 720, 20160.000000, 0.050937, 395783.026091, 403200.000000, 1.000000, 2, 23.483600, 226147.251369, 226147.251369
Z3, 32, 8, 720, 16496.000000, 0.050950, 323768.400393, 329920.000000, 1.000000, 2, 23.483600, 211744.326229, 211744.326229
Z3, 33, 8, 720, 11624.000000, 0.050967, 228069.142779, 232480.000000, 1.000000, 2, 23.483600, 192604.474706, 192604.474706
Z3, 34, 8, 720, 21024.000000, 0.050998, 412251.460842, 420480.000000, 1.000000, 2, 23.483600, 229440.938319, 229440.938319
Z3, 35, 8, 720, 28496.000000, 0.051101, 557640.750670, 558744.000000, 1.000000, 2, 23.483600, 258518.796285, 258518.796285
Z3, 36, 8, 720, 12416.000000, 0.050986, 243517.828423, 248320.000000, 1.000000, 2, 23.483600, 195694.211835, 195694.211835
Z3, 37, 8, 720, 17312.000000, 0.051014, 339357.823343, 339448.000000, 1.000000, 2, 23.483600, 214862.210819, 214862.210819
Z3, 38, 8, 720, 14664.000000, 0.051033, 287343.483628, 287528.000000, 1.000000, 2, 23.483600, 204459.342876, 204459.342876
Z1, 0, 9, 720, 24464.000000, 0.171565, 142593.186256, 143064.000000, 1.000000, 2, 26.975394, 205975.484990, 205975.484990
Z2, 0, 9, 720, 6624.000000, 0.173361, 38209.285826, 38288.000000, 1.000000, 2, 26.975394, 185098.704904, 185098.704904
Z2, 1, 9, 720, 6776.000000, 0.050986, 132899.227239, 135520.000000, 1.000000, 2, 26.975394, 204036.693187, 204036.693187
Z2, 2, 9, 720, 7696.000000, 0.050877, 151266.780667, 153920.000000, 1.000000, 2, 26.975394, 207710.203872, 207710.203872
Z2, 3, 9, 720, 7496.000000, 0.050975, 147052.476704, 149920.000000, 1.000000, 2, 26.975394, 206867.343080, 206867.343080
Z2, 4, 9, 720, 16056.000000, 0.051078, 314342.769881, 314816.000000, 1.000000, 2, 26.975394, 240325.401715, 240325.401715
Z2, 5, 9, 720, 26344.000000, 0.051120, 515336.463224, 516544.000000, 1.000000, 2, 26.975394, 280524.140384, 280524.140384
Z2, 6, 9, 720, 23952.000000, 0.051074, 468966.597486, 469640.000000, 1.000000, 2, 26.975394, 271250.167236, 271250.167236
Z2, 7, 9, 720, 32816.000000, 0.051151, 641551.484819, 643448.000000, 1.000000, 2, 26.975394, 305767.144703, 305767.144703
Z3, 0, 9, 720, 6752.000000, 0.173815, 38845.899376, 39024.000000, 1.000000, 2, 26.975394, 185226.027614, 185226.027614
Z3, 1, 9, 720, 9824.000000, 0.051005, 192608.567787, 192624.000000, 1.000000, 2, 26.975394, 215978.561296, 215978.561296
Z3, 2, 9, 720, 8640.000000, 0.051013, 169368.592320, 169408.000000, 1.000000, 2, 26.975394, 211330.566203, 211330.566203
Z3, 3, 9, 720, 7248.000000, 0.050977, 142181.768248, 144960.000000, 1.000000, 2, 26.975394, 205893.201389, 205893.201389
Z3, 4, 9, 720, 8336.000000, 0.050958, 163585.698026, 166720.000000, 1.000000, 2, 26.975394, 210173.987344, 210173.987344
Z3, 5, 9, 720, 9640.000000, 0.051004, 189004.783939, 189016.000000, 1.000000, 2, 26.975394, 215257.804527, 215257.804527
Z3, 6, 9, 720, 10312.000000, 0.050924, 202497.839918, 206240.000000, 1.000000, 2, 26.975394, 217956.415723, 217956.415723
Z3, 7, 9, 720, 21208.000000, 0.051093, 415086.215333, 415840.000000, 1.000000, 2, 26.975394, 260474.090806, 260474.090806
Z3, 8, 9, 720, 8000.000000, 0.051004, 156850.443103, 156856.000000, 1.000000, 2, 26.975394, 208826.936359, 208826.936359
Z3, 9, 9, 720, 16880.000000, 0.051044, 330695.086592, 330976.000000, 1.000000, 2, 26.975394, 243595.865057, 243595.865057
Z3, 10, 9, 720, 23240.000000, 0.051116, 454652.163706, 455680.000000, 1.000000, 2, 26.975394, 268387.280480, 268387.280480
Z3, 11, 9, 720, 21680.000000, 0.051044, 424731.604106, 425096.000000, 1.000000, 2, 26.975394, 262403.168560, 262403.168560
Z3, 12, 9, 720, 16096.000000, 0.051048, 315311.079768, 315600.000000, 1.000000, 2, 26.975394, 240519.063693, 240519.063693
Z3, 13, 9, 720, 39872.000000, 0.051046, 781099.400541, 781800.000000, 1.000000, 2, 26.975394, 333676.727847, 333676.727847
Z3, 14, 9, 720, 46392.000000, 0.051131, 907316.500753, 909640.000000, 1.000000, 2, 26.975394, 358920.147890, 358920.147890
Z3, 15, 9, 720, 26168.000000, 0.051116, 511933.641130, 513096.000000, 1.000000, 2, 26.975394, 279843.575965, 279843.575965
Z3, 16, 9, 720, 48816.000000, 0.051145, 954462.801838, 957176.000000, 1.000000, 2, 26.975394, 368349.408107, 368349.408107
Z3, 17, 9, 720, 38664.000000, 0.051076, 756989.584149, 758112.000000, 1.000000, 2, 26.975394, 328854.764569, 328854.764569
Z3, 18, 9, 720, 19912.000000, 0.051007, 390377.791284, 390424.000000, 1.000000, 2, 26.975394, 255532.405996, 255532.405996
Z3, 19, 9, 720, 61688.000000, 0.051206, 1204702.573917, 1209568.000000, 1.000000, 2, 26.975394, 418397.362522, 418397.362522
Z3, 20, 9, 720, 59200.000000, 0.051398, 1151795.789719, 1160784.000000, 1.000000, 2, 26.975394, 407816.005683, 407816.005683
Z3, 21, 9, 720, 41064.000000, 0.051137, 803019.340204, 805176.000000, 1.000000, 2, 26.975394, 338060.715780, 338060.715780
Z3, 22, 9, 720, 55576.000000, 0.051191, 1085659.588600, 1089720.000000, 1.000000, 2, 26.975394, 394588.765459, 394588.765459
Z3, 23, 9, 720, 50200.000000, 0.051125, 981907.090465, 984312.000000, 1.000000, 2, 26.975394, 373838.265832, 373838.265832
Z3, 24, 9, 720, 30056.000000, 0.051078, 588433.376405, 589328.000000, 1.000000, 2, 26.975394, 295143.523020, 295143.523020
Z3, 25, 9, 720, 59504.000000, 0.051213, 1161892.488235, 1166744.000000, 1.000000, 2, 26.975394, 409835.345386, 409835.345386
Z3, 26, 9, 720, 65232.000000, 0.365154, 178642.435794, 178712.000000, 1.000000, 2, 26.975394, 213185.334898, 213185.334898
Z3, 27, 9, 720, 36648.000000, 0.051146, 716536.972588, 718584.000000, 1.000000, 2, 26.975394, 320764.242257, 320764.242257
Z3, 28, 9, 720, 8856.000000, 0.050946, 173831.115299, 177120.000000, 1.000000, 2, 26.975394, 212223.070799, 212223.070799
Z3, 29, 9, 720, 14088.000000, 0.050993, 276273.213971, 281760.000000, 1.000000, 2, 26.975394, 232711.490533, 232711.490533
Z3, 30, 9, 720, 15104.000000, 0.050976, 296296.296296, 302080.000000, 1.000000, 2, 26.975394, 236716.106998, 236716.106998
Z3, 31, 9, 720, 11784.000000, 0.050860, 231694.848604, 235680.000000, 1.000000, 2, 26.975394, 223795.817460, 223795.817460
Z3, 32, 9, 720, 18496.000000, 0.050915, 363272.120200, 369920.000000, 1.000000, 2, 26.975394, 250111.271779, 250111.271779
Z3, 33, 9, 720, 22376.000000, 0.051002, 438727.893024, 438744.000000, 1.000000, 2, 26.975394, 265202.426344, 265202.426344
Z3, 34, 9, 720, 8792.000000, 0.050915, 172679.956791, 175840.000000, 1.000000, 2, 26.975394, 211992.839097, 211992.839097
Z3, 35, 9, 720, 19464.000000, 0.050976, 381826.741996, 389280.000000, 1.000000, 2, 26.975394, 253822.196138, 253822.196138
Z3, 36, 9, 720, 20360.000000, 0.051039, 398910.636964, 399208.000000, 1.000000, 2, 26.975394, 257238.975132, 257238.975132
Z3, 37, 9, 720, 11344.000000, 0.050946, 222667.137754, 226880.000000, 1.000000, 2, 26.975394, 221990.275290, 221990.275290
Z3, 38, 9, 720, 15808.000000, 0.050988, 310033.733427, 316160.000000, 1.000000, 2, 26.975394, 239463.594424, 239463.594424
Z1, 0, 10, 720, 35840.000000, 0.300004, 119465.073799, 119464.000000, 1.000000, 2, 30.112473, 212764.840945, 212764.840945
Z2, 0, 10, 720, 7832.000000, 0.173799, 45063.550423, 45264.000000, 1.000000, 2, 30.112473, 197884.536270, 197884.536270
Z2, 1, 10, 720, 29728.000000, 0.051104, 581715.716969, 582896.000000, 1.000000, 2, 30.112473, 305214.969579, 305214.969579
Z2, 2, 10, 720, 35840.000000, 0.051223, 699685.688070, 702744.000000, 1.000000, 2, 30.112473, 328808.963800, 328808.963800
Z2, 3, 10, 720, 35136.000000, 0.051148, 686947.681239, 688936.000000, 1.000000, 2, 30.112473, 326261.362433, 326261.362433
Z2, 4, 10, 720, 23040.000000, 0.051095, 450924.748018, 451760.000000, 1.000000, 2, 30.112473, 279056.775789, 279056.775789
Z2, 5, 10, 720, 43888.000000, 0.051190, 857354.952139, 860544.000000, 1.000000, 2, 30.112473, 360342.816613, 360342.816613
Z2, 6, 10, 720, 17936.000000, 0.051064, 351245.495848, 351680.000000, 1.000000, 2, 30.112473, 259120.925355, 259120.925355
Z2, 7, 10, 720, 24920.000000, 0.051106, 487613.978789, 488624.000000, 1.000000, 2, 30.112473, 286394.621943, 286394.621943
Z3, 0, 10, 720, 6624.000000, 0.173892, 38092.609206, 38288.000000, 1.000000, 2, 30.112473, 196490.348027, 196490.348027
Z3, 1, 10, 720, 6840.000000, 0.050905, 134367.940281, 136800.000000, 1.000000, 2, 30.112473, 215745.414242, 215745.414242
Z3, 2, 10, 720, 22064.000000, 0.051081, 431941.426362, 432624.000000, 1.000000, 2, 30.112473, 275260.111458, 275260.111458
Z3, 3, 10, 720, 15312.000000, 0.050953, 300512.236767, 306240.000000, 1.000000, 2, 30.112473, 248974.273539, 248974.273539
Z3, 4, 10, 720, 7752.000000, 0.050907, 152277.682833, 155040.000000, 1.000000, 2, 30.112473, 219327.362752, 219327.362752
Z3, 5, 10, 720, 11432.000000, 0.050948, 224385.648112, 228640.000000, 1.000000, 2, 30.112473, 233748.955808, 233748.955808
Z3, 6, 10, 720, 17232.000000, 0.050996, 337908.855597, 344640.000000, 1.000000, 2, 30.112473, 256453.597305, 256453.597305
Z3, 7, 10, 720, 23328.000000, 0.051078, 456713.262070, 457408.000000, 1.000000, 2, 30.112473, 280214.478600, 280214.478600
Z3, 8, 10, 720, 18496.000000, 0.051056, 362268.881228, 362664.000000, 1.000000, 2, 30.112473, 261325.602431, 261325.602431
Z3, 9, 10, 720, 7968.000000, 0.050994, 156253.676903, 159360.000000, 1.000000, 2, 30.112473, 220122.561566, 220122.561566
Z3, 10, 10, 720, 7008.000000, 0.050931, 137597.926607, 140160.000000, 1.000000, 2, 30.112473, 216391.411507, 216391.411507
Z3, 11, 10, 720, 7480.000000, 0.050920, 146897.093480, 149600.000000, 1.000000, 2, 30.112473, 218251.244882, 218251.244882
Z3, 12, 10, 720, 19568.000000, 0.051022, 383520.834150, 383680.000000, 1.000000, 2, 30.112473, 265575.993016, 265575.993016
Z3, 13, 10, 720, 36064.000000, 0.051041, 706569.228659, 707136.000000, 1.000000, 2, 30.112473, 330185.671917, 330185.671917
Z3, 14, 10, 720, 29248.000000, 0.051010, 573377.769065, 573488.000000, 1.000000, 2, 30.112473, 303547.379999, 303547.379999
Z3, 15, 10, 720, 24216.000000, 0.050898, 475775.079571, 484320.000000, 1.000000, 2, 30.112473, 284026.842100, 284026.842100
Z3, 16, 10, 720, 54424.000000, 0.051092, 1065215.689345, 1067136.000000, 1.000000, 2, 30.112473, 401914.964055, 401914.964055
Z3, 17, 10, 720, 56832.000000, 0.051152, 1111041.601501, 1114352.000000, 1.000000, 2, 30.112473, 411080.146486, 411080.146486
Z3, 18, 10, 720, 29576.000000, 0.050981, 580137.698358, 591520.000000, 1.000000, 2, 30.112473, 304899.365857, 304899.365857
Z3, 19, 10, 720, 52328.000000, 0.051077, 1024492.432993, 1026032.000000, 1.000000, 2, 30.112473, 393770.312784, 393770.312784
Z3, 20, 10, 720, 52840.000000, 0.051164, 1032757.407552, 1036072.000000, 1.000000, 2, 30.112473, 395423.307696, 395423.307696
Z3, 21, 10, 720, 23160.000000, 0.051054, 453637.325185, 454112.000000, 1.000000, 2, 30.112473, 279599.291223, 279599.291223
Z3, 22, 10, 720, 77048.000000, 0.051284, 1502378.909601, 1510744.000000, 1.000000, 2, 30.112473, 489347.608106, 489347.608106
Z3, 23, 10, 720, 68968.000000, 0.051273, 1345113.412517, 1352312.000000, 1.000000, 2, 30.112473, 457894.508689, 457894.508689
Z3, 24, 10, 720, 52224.000000, 0.051208, 1019840.649898, 1024000.000000, 1.000000, 2, 30.112473, 392839.956165, 392839.956165
Z3, 25, 10, 720, 76384.000000, 0.051262, 1490070.617611, 1497720.000000, 1.000000, 2, 30.112473, 486885.949708, 486885.949708
Z3, 26, 10, 720, 57512.000000, 0.051343, 1120152.698518, 1127680.000000, 1.000000, 2, 30.112473, 412902.365889, 412902.365889
Z3, 27, 10, 720, 35600.000000, 0.051079, 696959.611582, 698032.000000, 1.000000, 2, 30.112473, 328263.748502, 328263.748502
Z3, 28, 10, 720, 72816.000000, 0.051278, 1420024.181910, 1427760.000000, 1.000000, 2, 30.112473, 472876.662568, 472876.662568
Z3, 29, 10, 720, 93600.000000, 0.051346, 1822926.810268, 1835288.000000, 1.000000, 2, 30.112473, 553457.188239, 553457.188239
Z3, 30, 10, 720, 13072.000000, 0.051045, 256087.765697, 256312.000000, 1.000000, 2, 30.112473, 240089.379325, 240089.379325
Z3, 31, 10, 720, 20608.000000, 0.051112, 403192.987948, 404072.000000, 1.000000, 2, 30.112473, 269510.423775, 269510.423775
Z3, 32, 10, 720, 22584.000000, 0.051101, 441948.298468, 442816.000000, 1.000000, 2, 30.112473, 277261.485879, 277261.485879
Z3, 33, 10, 720, 14712.000000, 0.051060, 288131.609871, 288464.000000, 1.000000, 2, 30.112473, 246498.148160, 246498.148160
Z3, 34, 10, 720, 20512.000000, 0.051079, 401574.032381, 402192.000000, 1.000000, 2, 30.112473, 269186.632662, 269186.632662
Z3, 35, 10, 720, 17992.000000, 0.051029, 352583.824884, 352784.000000, 1.000000, 2, 30.112473, 259388.591162, 259388.591162
Z3, 36, 10, 720, 11464.000000, 0.050984, 224854.856426, 229280.000000, 1.000000, 2, 30.112473, 233842.797471, 233842.797471
Z3, 37, 10, 720, 22376.000000, 0.051090, 437972.205911, 438744.000000, 1.000000, 2, 30.112473, 276466.267368, 276466.267368
Z3, 38, 10, 720, 29088.000000, 0.051125, 568958.435208, 570352.000000, 1.000000, 2, 30.112473, 302663.513227, 302663.513227
