Zone, Tile_no, Seg_no, Reso, Seg_d_size, Seg_d_time, Bitrate, Bitrate1, Buf_lev, Buf_limit, Elapsed, Ref_vp, Local_avg
Z1, 0, 1, 720, 9960.000000, 1.045813, 9523.691138, 9528.000000, 1.000000, 2, 0.000061, 9523.691138, 9523.691138
Z2, 0, 1, 720, 8952.000000, 0.695828, 12865.248308, 12880.000000, 1.000000, 2, 0.000061, 6432.624154, 6432.624154
Z2, 1, 1, 720, 5424.000000, 0.153173, 35410.940570, 35448.000000, 1.000000, 2, 0.000061, 11803.646857, 11803.646857
Z2, 2, 1, 720, 7080.000000, 0.162345, 43610.828791, 43696.000000, 1.000000, 2, 0.000061, 10902.707198, 10902.707198
Z2, 3, 1, 720, 18976.000000, 0.156746, 121062.100468, 121640.000000, 1.000000, 2, 0.000061, 24212.420094, 24212.420094
Z2, 4, 1, 720, 8720.000000, 0.168843, 51645.611604, 51904.000000, 1.000000, 2, 0.000061, 10329.122321, 10329.122321
Z2, 5, 1, 720, 8336.000000, 0.154645, 53904.102945, 54128.000000, 1.000000, 2, 0.000061, 10780.820589, 10780.820589
Z2, 6, 1, 720, 6376.000000, 0.168351, 37873.252906, 37952.000000, 1.000000, 2, 0.000061, 7574.650581, 7574.650581
Z2, 7, 1, 720, 6872.000000, 0.130535, 52644.884514, 52856.000000, 1.000000, 2, 0.000061, 10528.976903, 10528.976903
Z3, 0, 1, 720, 7080.000000, 0.475995, 14874.105820, 14904.000000, 1.000000, 2, 0.000061, 2974.821164, 2974.821164
Z3, 1, 1, 720, 7080.000000, 0.150978, 46894.249493, 47200.000000, 1.000000, 2, 0.000061, 9378.849899, 9378.849899
Z3, 2, 1, 720, 5664.000000, 0.162255, 34908.015161, 34960.000000, 1.000000, 2, 0.000061, 6981.603032, 6981.603032
Z3, 3, 1, 720, 7080.000000, 0.159240, 44461.190656, 44528.000000, 1.000000, 2, 0.000061, 8892.238131, 8892.238131
Z3, 4, 1, 720, 7080.000000, 0.164542, 43028.527671, 43168.000000, 1.000000, 2, 0.000061, 8605.705534, 8605.705534
Z3, 5, 1, 720, 5664.000000, 0.166577, 34002.293234, 34120.000000, 1.000000, 2, 0.000061, 6800.458647, 6800.458647
Z3, 6, 1, 720, 7080.000000, 0.145533, 48648.760075, 48824.000000, 1.000000, 2, 0.000061, 9729.752015, 9729.752015
Z3, 7, 1, 720, 7080.000000, 0.171308, 41329.068111, 41400.000000, 1.000000, 2, 0.000061, 8265.813622, 8265.813622
Z3, 8, 1, 720, 5664.000000, 0.154577, 36641.932500, 36776.000000, 1.000000, 2, 0.000061, 7328.386500, 7328.386500
Z3, 9, 1, 720, 7080.000000, 0.151457, 46745.941092, 46880.000000, 1.000000, 2, 0.000061, 9349.188218, 9349.188218
Z3, 10, 1, 720, 12904.000000, 0.151805, 85003.787754, 85456.000000, 1.000000, 2, 0.000061, 17000.757551, 17000.757551
Z3, 11, 1, 720, 17344.000000, 0.145804, 118954.212504, 119608.000000, 1.000000, 2, 0.000061, 23790.842501, 23790.842501
Z3, 12, 1, 720, 16912.000000, 0.174128, 97123.954792, 97192.000000, 1.000000, 2, 0.000061, 19424.790958, 19424.790958
Z3, 13, 1, 720, 13240.000000, 0.129254, 102433.967227, 102632.000000, 1.000000, 2, 0.000061, 20486.793445, 20486.793445
Z3, 14, 1, 720, 28328.000000, 0.171655, 165028.691270, 165656.000000, 1.000000, 2, 0.000061, 33005.738254, 33005.738254
Z3, 15, 1, 720, 30528.000000, 0.162397, 187983.768173, 188440.000000, 1.000000, 2, 0.000061, 37596.753635, 37596.753635
Z3, 16, 1, 720, 16360.000000, 0.608692, 26877.304121, 26904.000000, 1.000000, 2, 0.000061, 5375.460824, 5375.460824
Z3, 17, 1, 720, 33216.000000, 0.153342, 216613.843565, 217096.000000, 1.000000, 2, 0.000061, 43322.768713, 43322.768713
Z3, 18, 1, 720, 28000.000000, 0.138537, 202112.071143, 202896.000000, 1.000000, 2, 0.000061, 40422.414229, 40422.414229
Z3, 19, 1, 720, 15744.000000, 0.148466, 106044.481565, 106376.000000, 1.000000, 2, 0.000061, 21208.896313, 21208.896313
Z3, 20, 1, 720, 16024.000000, 0.155970, 102737.705969, 103376.000000, 1.000000, 2, 0.000061, 20547.541194, 20547.541194
Z3, 21, 1, 720, 11576.000000, 0.158246, 73151.928011, 73264.000000, 1.000000, 2, 0.000061, 14630.385602, 14630.385602
Z3, 22, 1, 720, 10816.000000, 0.149588, 72305.265128, 72584.000000, 1.000000, 2, 0.000061, 14461.053026, 14461.053026
Z3, 23, 1, 720, 13224.000000, 0.138203, 95685.332446, 95824.000000, 1.000000, 2, 0.000061, 19137.066489, 19137.066489
Z3, 24, 1, 720, 17528.000000, 0.175578, 99830.274864, 100160.000000, 1.000000, 2, 0.000061, 19966.054973, 19966.054973
Z3, 25, 1, 720, 23824.000000, 0.166296, 143262.616058, 143512.000000, 1.000000, 2, 0.000061, 28652.523212, 28652.523212
Z3, 26, 1, 720, 11024.000000, 0.175804, 62706.195536, 62992.000000, 1.000000, 2, 0.000061, 12541.239107, 12541.239107
Z3, 27, 1, 720, 15112.000000, 0.171805, 87960.187422, 88368.000000, 1.000000, 2, 0.000061, 17592.037484, 17592.037484
Z3, 28, 1, 720, 24552.000000, 0.140836, 174330.426879, 175368.000000, 1.000000, 2, 0.000061, 34866.085376, 34866.085376
Z3, 29, 1, 720, 10824.000000, 0.171743, 63024.402741, 63296.000000, 1.000000, 2, 0.000061, 12604.880548, 12604.880548
Z3, 30, 1, 720, 6872.000000, 0.149431, 45987.780313, 46120.000000, 1.000000, 2, 0.000061, 9197.556063, 9197.556063
Z3, 31, 1, 720, 6872.000000, 0.137490, 49981.816859, 50160.000000, 1.000000, 2, 0.000061, 9996.363372, 9996.363372
Z3, 32, 1, 720, 6376.000000, 0.160391, 39752.853963, 39848.000000, 1.000000, 2, 0.000061, 7950.570793, 7950.570793
Z3, 33, 1, 720, 6872.000000, 0.130681, 52586.068365, 52856.000000, 1.000000, 2, 0.000061, 10517.213673, 10517.213673
Z3, 34, 1, 720, 6872.000000, 0.160587, 42793.003170, 42944.000000, 1.000000, 2, 0.000061, 8558.600634, 8558.600634
Z3, 35, 1, 720, 6376.000000, 0.150773, 42288.738700, 42504.000000, 1.000000, 2, 0.000061, 8457.747740, 8457.747740
Z3, 36, 1, 720, 6872.000000, 0.161796, 42473.237905, 42680.000000, 1.000000, 2, 0.000061, 8494.647581, 8494.647581
Z3, 37, 1, 720, 6872.000000, 0.153097, 44886.575178, 44912.000000, 1.000000, 2, 0.000061, 8977.315036, 8977.315036
Z3, 38, 1, 720, 6376.000000, 0.160552, 39712.990184, 39848.000000, 1.000000, 2, 0.000061, 7942.598037, 7942.598037
Z1, 0, 2, 720, 15344.000000, 0.486188, 31559.808140, 31568.000000, 1.000000, 2, 9.698502, 14254.559665, 14254.559665
Z2, 0, 2, 720, 6624.000000, 0.452437, 14640.712409, 14648.000000, 1.000000, 2, 9.698502, 10870.740518, 10870.740518
Z2, 1, 2, 720, 5664.000000, 0.140471, 40321.489845, 40456.000000, 1.000000, 2, 9.698502, 16006.896006, 16006.896006
Z2, 2, 2, 720, 7080.000000, 0.167499, 42268.909068, 42392.000000, 1.000000, 2, 9.698502, 16396.379850, 16396.379850
Z2, 3, 2, 720, 7080.000000, 0.160345, 44154.791231, 44248.000000, 1.000000, 2, 9.698502, 16773.556283, 16773.556283
Z2, 4, 2, 720, 12128.000000, 0.163534, 74161.947974, 74400.000000, 1.000000, 2, 9.698502, 22774.987632, 22774.987632
Z2, 5, 2, 720, 18392.000000, 0.141781, 129721.189722, 130432.000000, 1.000000, 2, 9.698502, 33886.835981, 33886.835981
Z2, 6, 2, 720, 10632.000000, 0.164786, 64520.044179, 64824.000000, 1.000000, 2, 9.698502, 20846.606872, 20846.606872
Z2, 7, 2, 720, 8048.000000, 0.146830, 54811.686985, 55120.000000, 1.000000, 2, 9.698502, 18904.935434, 18904.935434
Z3, 0, 2, 720, 5424.000000, 1.459318, 3716.804699, 3712.000000, 1.000000, 2, 9.698502, 8685.958977, 8685.958977
Z3, 1, 2, 720, 7080.000000, 0.135421, 52281.403918, 52440.000000, 1.000000, 2, 9.698502, 18398.878820, 18398.878820
Z3, 2, 2, 720, 7080.000000, 0.174818, 40499.262090, 40688.000000, 1.000000, 2, 9.698502, 16042.450455, 16042.450455
Z3, 3, 2, 720, 5664.000000, 0.150486, 37638.052709, 37760.000000, 1.000000, 2, 9.698502, 15470.208579, 15470.208579
Z3, 4, 2, 720, 7080.000000, 0.133023, 53223.878577, 53232.000000, 1.000000, 2, 9.698502, 18587.373752, 18587.373752
Z3, 5, 2, 720, 7080.000000, 0.159744, 44320.913462, 44528.000000, 1.000000, 2, 9.698502, 16806.780729, 16806.780729
Z3, 6, 2, 720, 5664.000000, 0.127616, 44383.149448, 44592.000000, 1.000000, 2, 9.698502, 16819.227926, 16819.227926
Z3, 7, 2, 720, 7080.000000, 0.158890, 44559.128957, 44808.000000, 1.000000, 2, 9.698502, 16854.423828, 16854.423828
Z3, 8, 2, 720, 7080.000000, 0.174171, 40649.706323, 40688.000000, 1.000000, 2, 9.698502, 16072.539301, 16072.539301
Z3, 9, 2, 720, 12648.000000, 0.155706, 81230.010404, 81600.000000, 1.000000, 2, 9.698502, 24188.600118, 24188.600118
Z3, 10, 2, 720, 17112.000000, 0.173662, 98536.237058, 98912.000000, 1.000000, 2, 9.698502, 27649.845448, 27649.845448
Z3, 11, 2, 720, 15320.000000, 0.153689, 99681.824984, 100128.000000, 1.000000, 2, 9.698502, 27878.963034, 27878.963034
Z3, 12, 2, 720, 10704.000000, 0.627345, 17062.381943, 17064.000000, 1.000000, 2, 9.698502, 11355.074425, 11355.074425
Z3, 13, 2, 720, 18776.000000, 0.630035, 29801.518963, 29800.000000, 1.000000, 2, 9.698502, 13902.901829, 13902.901829
Z3, 14, 2, 720, 21848.000000, 0.160014, 136538.052920, 136544.000000, 1.000000, 2, 9.698502, 35250.208621, 35250.208621
Z3, 15, 2, 720, 12752.000000, 0.156790, 81331.717584, 81736.000000, 1.000000, 2, 9.698502, 24208.941554, 24208.941554
Z3, 16, 2, 720, 21856.000000, 0.166280, 131440.942988, 131656.000000, 1.000000, 2, 9.698502, 34230.786634, 34230.786634
Z3, 17, 2, 720, 16880.000000, 0.163091, 103500.499721, 103552.000000, 1.000000, 2, 9.698502, 28642.697981, 28642.697981
Z3, 18, 2, 720, 9160.000000, 0.136751, 66983.056797, 67352.000000, 1.000000, 2, 9.698502, 21339.209396, 21339.209396
Z3, 19, 2, 720, 11592.000000, 0.169061, 68566.966953, 68584.000000, 1.000000, 2, 9.698502, 21655.991427, 21655.991427
Z3, 20, 2, 720, 9952.000000, 0.584603, 17023.518525, 17040.000000, 1.000000, 2, 9.698502, 11347.301742, 11347.301742
Z3, 21, 2, 720, 11064.000000, 0.162313, 68164.595565, 68296.000000, 1.000000, 2, 9.698502, 21575.517150, 21575.517150
Z3, 22, 2, 720, 14728.000000, 0.146530, 100511.840579, 100872.000000, 1.000000, 2, 9.698502, 28044.966153, 28044.966153
Z3, 23, 2, 720, 16264.000000, 0.174110, 93412.210671, 93464.000000, 1.000000, 2, 9.698502, 26625.040171, 26625.040171
Z3, 24, 2, 720, 9504.000000, 0.172140, 55210.874869, 55248.000000, 1.000000, 2, 9.698502, 18984.773011, 18984.773011
Z3, 25, 2, 720, 12688.000000, 0.151535, 83729.831392, 84024.000000, 1.000000, 2, 9.698502, 24688.564315, 24688.564315
Z3, 26, 2, 720, 17320.000000, 0.153741, 112657.001060, 113200.000000, 1.000000, 2, 9.698502, 30473.998249, 30473.998249
Z3, 27, 2, 720, 9320.000000, 0.148104, 62928.752768, 62968.000000, 1.000000, 2, 9.698502, 20528.348590, 20528.348590
Z3, 28, 2, 720, 6376.000000, 0.161880, 39387.200395, 39600.000000, 1.000000, 2, 9.698502, 15820.038116, 15820.038116
Z3, 29, 2, 720, 6872.000000, 0.534080, 12866.986219, 12864.000000, 1.000000, 2, 9.698502, 10515.995281, 10515.995281
Z3, 30, 2, 720, 6872.000000, 0.126561, 54297.927482, 54536.000000, 1.000000, 2, 9.698502, 18802.183533, 18802.183533
Z3, 31, 2, 720, 6376.000000, 0.157538, 40472.774823, 40608.000000, 1.000000, 2, 9.698502, 16037.153001, 16037.153001
Z3, 32, 2, 720, 6872.000000, 0.133422, 51505.748677, 51664.000000, 1.000000, 2, 9.698502, 18243.747772, 18243.747772
Z3, 33, 2, 720, 6872.000000, 0.133726, 51388.660395, 51664.000000, 1.000000, 2, 9.698502, 18220.330116, 18220.330116
Z3, 34, 2, 720, 6376.000000, 0.132347, 48176.384807, 48296.000000, 1.000000, 2, 9.698502, 17577.874998, 17577.874998
Z3, 35, 2, 720, 6872.000000, 0.144731, 47481.189241, 47720.000000, 1.000000, 2, 9.698502, 17438.835885, 17438.835885
Z3, 36, 2, 720, 6872.000000, 0.150425, 45683.895629, 45808.000000, 1.000000, 2, 9.698502, 17079.377163, 17079.377163
Z3, 37, 2, 720, 6376.000000, 0.137607, 46334.852151, 46536.000000, 1.000000, 2, 9.698502, 17209.568467, 17209.568467
Z3, 38, 2, 720, 6872.000000, 0.131145, 52400.015250, 52456.000000, 1.000000, 2, 9.698502, 18422.601087, 18422.601087
Z1, 0, 3, 720, 7080.000000, 0.476461, 14859.558285, 14872.000000, 1.000000, 2, 20.732988, 21394.512744, 21394.512744
Z2, 0, 3, 720, 6624.000000, 0.440732, 15029.541762, 15048.000000, 1.000000, 2, 20.732988, 21428.509439, 21428.509439
Z2, 1, 3, 720, 5664.000000, 0.169229, 33469.440817, 33512.000000, 1.000000, 2, 20.732988, 25116.489250, 25116.489250
Z2, 2, 3, 720, 7080.000000, 0.135978, 52067.246172, 52440.000000, 1.000000, 2, 20.732988, 28836.050321, 28836.050321
Z2, 3, 3, 720, 12544.000000, 0.165513, 75788.608750, 76024.000000, 1.000000, 2, 20.732988, 33580.322837, 33580.322837
Z2, 4, 3, 720, 15304.000000, 0.148200, 103265.856950, 103400.000000, 1.000000, 2, 20.732988, 39075.772477, 39075.772477
Z2, 5, 3, 720, 9896.000000, 0.135130, 73233.182861, 73296.000000, 1.000000, 2, 20.732988, 33069.237659, 33069.237659
Z2, 6, 3, 720, 6376.000000, 0.136309, 46776.074947, 46880.000000, 1.000000, 2, 20.732988, 27777.816076, 27777.816076
Z2, 7, 3, 720, 6872.000000, 0.134044, 51266.748232, 51280.000000, 1.000000, 2, 20.732988, 28675.950733, 28675.950733
Z3, 0, 3, 720, 5424.000000, 0.504246, 10756.654490, 10760.000000, 1.000000, 2, 20.732988, 20573.931985, 20573.931985
Z3, 1, 3, 720, 7080.000000, 0.151325, 46786.717330, 46880.000000, 1.000000, 2, 20.732988, 27779.944553, 27779.944553
Z3, 2, 3, 720, 7080.000000, 0.145384, 48698.618830, 48824.000000, 1.000000, 2, 20.732988, 28162.324853, 28162.324853
Z3, 3, 3, 720, 5664.000000, 0.146904, 38555.791537, 38792.000000, 1.000000, 2, 20.732988, 26133.759394, 26133.759394
Z3, 4, 3, 720, 7080.000000, 0.137729, 51405.295907, 51672.000000, 1.000000, 2, 20.732988, 28703.660268, 28703.660268
Z3, 5, 3, 720, 7080.000000, 0.160246, 44182.070067, 44248.000000, 1.000000, 2, 20.732988, 27259.015100, 27259.015100
Z3, 6, 3, 720, 5664.000000, 0.156386, 36218.075787, 36304.000000, 1.000000, 2, 20.732988, 25666.216244, 25666.216244
Z3, 7, 3, 720, 7080.000000, 0.155931, 45404.698232, 45672.000000, 1.000000, 2, 20.732988, 27503.540733, 27503.540733
Z3, 8, 3, 720, 7080.000000, 0.174700, 40526.617058, 40688.000000, 1.000000, 2, 20.732988, 26527.924498, 26527.924498
Z3, 9, 3, 720, 14120.000000, 0.126643, 111494.516081, 112056.000000, 1.000000, 2, 20.732988, 40721.504303, 40721.504303
Z3, 10, 3, 720, 17536.000000, 0.159754, 109768.769483, 110288.000000, 1.000000, 2, 20.732988, 40376.354983, 40376.354983
Z3, 11, 3, 720, 16008.000000, 0.154298, 103747.294197, 103944.000000, 1.000000, 2, 20.732988, 39172.059926, 39172.059926
Z3, 12, 3, 720, 10896.000000, 0.165715, 65751.440727, 66032.000000, 1.000000, 2, 20.732988, 31572.889232, 31572.889232
Z3, 13, 3, 720, 19720.000000, 0.164307, 120019.232291, 120240.000000, 1.000000, 2, 20.732988, 42426.447545, 42426.447545
Z3, 14, 3, 720, 20104.000000, 0.135020, 148896.459784, 148912.000000, 1.000000, 2, 20.732988, 48201.893044, 48201.893044
Z3, 15, 3, 720, 12504.000000, 0.171815, 72775.950877, 73120.000000, 1.000000, 2, 20.732988, 32977.791262, 32977.791262
Z3, 16, 3, 720, 23072.000000, 0.161050, 143259.857187, 143304.000000, 1.000000, 2, 20.732988, 47074.572524, 47074.572524
Z3, 17, 3, 720, 18112.000000, 0.159311, 113689.575736, 113904.000000, 1.000000, 2, 20.732988, 41160.516234, 41160.516234
Z3, 18, 3, 720, 18632.000000, 0.146804, 126917.522683, 127616.000000, 1.000000, 2, 20.732988, 43806.105623, 43806.105623
Z3, 19, 3, 720, 9664.000000, 0.144486, 66885.372977, 67104.000000, 1.000000, 2, 20.732988, 31799.675682, 31799.675682
Z3, 20, 3, 720, 12280.000000, 0.171537, 71588.053889, 71808.000000, 1.000000, 2, 20.732988, 32740.211865, 32740.211865
Z3, 21, 3, 720, 10368.000000, 0.131011, 79138.392959, 79144.000000, 1.000000, 2, 20.732988, 34250.279679, 34250.279679
Z3, 22, 3, 720, 10520.000000, 0.172478, 60993.286100, 61160.000000, 1.000000, 2, 20.732988, 30621.258307, 30621.258307
Z3, 23, 3, 720, 15288.000000, 0.162895, 93851.867768, 94368.000000, 1.000000, 2, 20.732988, 37192.974640, 37192.974640
Z3, 24, 3, 720, 16344.000000, 0.147498, 110808.282146, 111176.000000, 1.000000, 2, 20.732988, 40584.257516, 40584.257516
Z3, 25, 3, 720, 9016.000000, 0.152701, 59043.490219, 59312.000000, 1.000000, 2, 20.732988, 30231.299131, 30231.299131
Z3, 26, 3, 720, 13800.000000, 0.130007, 106148.130485, 106152.000000, 1.000000, 2, 20.732988, 39652.227184, 39652.227184
Z3, 27, 3, 720, 17664.000000, 0.147124, 120061.988527, 120160.000000, 1.000000, 2, 20.732988, 42434.998792, 42434.998792
Z3, 28, 3, 720, 10240.000000, 0.136338, 75107.453535, 75288.000000, 1.000000, 2, 20.732988, 33444.091794, 33444.091794
Z3, 29, 3, 720, 8424.000000, 0.132233, 63705.731550, 63816.000000, 1.000000, 2, 20.732988, 31163.747397, 31163.747397
Z3, 30, 3, 720, 6376.000000, 0.134890, 47268.144414, 47576.000000, 1.000000, 2, 20.732988, 27876.229970, 27876.229970
Z3, 31, 3, 720, 6872.000000, 0.145207, 47325.542157, 47392.000000, 1.000000, 2, 20.732988, 27887.709518, 27887.709518
Z3, 32, 3, 720, 6872.000000, 0.149059, 46102.549997, 46120.000000, 1.000000, 2, 20.732988, 27643.111086, 27643.111086
Z3, 33, 3, 720, 6376.000000, 0.171945, 37081.624938, 37280.000000, 1.000000, 2, 20.732988, 25838.926074, 25838.926074
Z3, 34, 3, 720, 6872.000000, 0.150574, 45638.689282, 45808.000000, 1.000000, 2, 20.732988, 27550.338943, 27550.338943
Z3, 35, 3, 720, 6872.000000, 0.135376, 50762.321239, 50896.000000, 1.000000, 2, 20.732988, 28575.065335, 28575.065335
Z3, 36, 3, 720, 6376.000000, 0.129456, 49252.255593, 49424.000000, 1.000000, 2, 20.732988, 28273.052205, 28273.052205
Z3, 37, 3, 720, 6872.000000, 0.168264, 40840.583844, 40904.000000, 1.000000, 2, 20.732988, 26590.717856, 26590.717856
Z3, 38, 3, 720, 6872.000000, 0.134379, 51138.942841, 51280.000000, 1.000000, 2, 20.732988, 28650.389655, 28650.389655
Z1, 0, 4, 720, 22592.000000, 0.478381, 47225.955880, 47256.000000, 1.000000, 2, 28.907694, 38095.580831, 38095.580831
Z2, 0, 4, 720, 6624.000000, 0.530856, 12477.960125, 12496.000000, 1.000000, 2, 28.907694, 31145.981680, 31145.981680
Z2, 1, 4, 720, 6648.000000, 0.135776, 48962.997879, 49240.000000, 1.000000, 2, 28.907694, 38442.989231, 38442.989231
Z2, 2, 4, 720, 7200.000000, 0.132524, 54329.781775, 54544.000000, 1.000000, 2, 28.907694, 39516.346010, 39516.346010
Z2, 3, 4, 720, 7296.000000, 0.149070, 48943.449386, 48960.000000, 1.000000, 2, 28.907694, 38439.079532, 38439.079532
Z2, 4, 4, 720, 17272.000000, 0.166412, 103790.592025, 104048.000000, 1.000000, 2, 28.907694, 49408.508060, 49408.508060
Z2, 5, 4, 720, 26240.000000, 0.148569, 176618.271645, 177296.000000, 1.000000, 2, 28.907694, 63974.043984, 63974.043984
Z2, 6, 4, 720, 12720.000000, 0.158932, 80034.228475, 80504.000000, 1.000000, 2, 28.907694, 44657.235350, 44657.235350
Z2, 7, 4, 720, 11496.000000, 0.131533, 87400.120122, 87752.000000, 1.000000, 2, 28.907694, 46130.413679, 46130.413679
Z3, 0, 4, 720, 6448.000000, 1.080094, 5969.850772, 5968.000000, 1.000000, 2, 28.907694, 29844.359809, 29844.359809
Z3, 1, 4, 720, 7448.000000, 0.139698, 53315.008089, 53576.000000, 1.000000, 2, 28.907694, 39313.391273, 39313.391273
Z3, 2, 4, 720, 7424.000000, 0.132803, 55902.351604, 56240.000000, 1.000000, 2, 28.907694, 39830.859976, 39830.859976
Z3, 3, 4, 720, 6648.000000, 0.164390, 40440.416084, 40536.000000, 1.000000, 2, 28.907694, 36738.472872, 36738.472872
Z3, 4, 4, 720, 7224.000000, 0.143104, 50480.769231, 50512.000000, 1.000000, 2, 28.907694, 38746.543501, 38746.543501
Z3, 5, 4, 720, 7240.000000, 0.133910, 54066.163841, 54432.000000, 1.000000, 2, 28.907694, 39463.622423, 39463.622423
Z3, 6, 4, 720, 6648.000000, 0.149295, 44529.287652, 44616.000000, 1.000000, 2, 28.907694, 37556.247185, 37556.247185
Z3, 7, 4, 720, 7232.000000, 0.152175, 47524.231970, 47576.000000, 1.000000, 2, 28.907694, 38155.236049, 38155.236049
Z3, 8, 4, 720, 7296.000000, 0.152972, 47695.003007, 48000.000000, 1.000000, 2, 28.907694, 38189.390256, 38189.390256
Z3, 9, 4, 720, 16456.000000, 0.137805, 119415.115562, 120112.000000, 1.000000, 2, 28.907694, 52533.412767, 52533.412767
Z3, 10, 4, 720, 25392.000000, 0.172853, 146899.388498, 147624.000000, 1.000000, 2, 28.907694, 58030.267355, 58030.267355
Z3, 11, 4, 720, 21592.000000, 0.171844, 125648.844301, 126264.000000, 1.000000, 2, 28.907694, 53780.158515, 53780.158515
Z3, 12, 4, 720, 13528.000000, 0.158762, 85209.307013, 85616.000000, 1.000000, 2, 28.907694, 45692.251058, 45692.251058
Z3, 13, 4, 720, 29512.000000, 0.167900, 175771.292436, 176712.000000, 1.000000, 2, 28.907694, 63804.648142, 63804.648142
Z3, 14, 4, 720, 29688.000000, 0.155889, 190443.199969, 191528.000000, 1.000000, 2, 28.907694, 66739.029649, 66739.029649
Z3, 15, 4, 720, 16760.000000, 0.137888, 121547.922952, 122328.000000, 1.000000, 2, 28.907694, 52959.974245, 52959.974245
Z3, 16, 4, 720, 33128.000000, 0.150290, 220427.174130, 220848.000000, 1.000000, 2, 28.907694, 72735.824481, 72735.824481
Z3, 17, 4, 720, 26248.000000, 0.164777, 159294.076236, 160048.000000, 1.000000, 2, 28.907694, 60509.204902, 60509.204902
Z3, 18, 4, 720, 14624.000000, 0.158379, 92335.473769, 92552.000000, 1.000000, 2, 28.907694, 47117.484409, 47117.484409
Z3, 19, 4, 720, 26816.000000, 0.142237, 188530.410512, 188840.000000, 1.000000, 2, 28.907694, 66356.471757, 66356.471757
Z3, 20, 4, 720, 23128.000000, 0.165231, 139973.733742, 140168.000000, 1.000000, 2, 28.907694, 56645.136403, 56645.136403
Z3, 21, 4, 720, 19440.000000, 0.126922, 153164.935945, 154280.000000, 1.000000, 2, 28.907694, 59283.376844, 59283.376844
Z3, 22, 4, 720, 29088.000000, 0.151144, 192452.230985, 192632.000000, 1.000000, 2, 28.907694, 67140.835852, 67140.835852
Z3, 23, 4, 720, 29840.000000, 0.785593, 37984.045174, 38008.000000, 1.000000, 2, 28.907694, 36247.198690, 36247.198690
Z3, 24, 4, 720, 17200.000000, 0.174878, 98354.281270, 98848.000000, 1.000000, 2, 28.907694, 48321.245909, 48321.245909
Z3, 25, 4, 720, 25664.000000, 0.153961, 166691.564747, 167736.000000, 1.000000, 2, 28.907694, 61988.702604, 61988.702604
Z3, 26, 4, 720, 26808.000000, 0.169306, 158340.519533, 158624.000000, 1.000000, 2, 28.907694, 60318.493562, 60318.493562
Z3, 27, 4, 720, 17472.000000, 0.170627, 102398.799721, 102776.000000, 1.000000, 2, 28.907694, 49130.149599, 49130.149599
Z3, 28, 4, 720, 6448.000000, 0.134460, 47954.782091, 48112.000000, 1.000000, 2, 28.907694, 38241.346073, 38241.346073
Z3, 29, 4, 720, 7200.000000, 0.156427, 46027.859641, 46152.000000, 1.000000, 2, 28.907694, 37855.961583, 37855.961583
Z3, 30, 4, 720, 7520.000000, 0.126858, 59278.878746, 59680.000000, 1.000000, 2, 28.907694, 40506.165404, 40506.165404
Z3, 31, 4, 720, 6728.000000, 0.158107, 42553.460631, 42576.000000, 1.000000, 2, 28.907694, 37161.081781, 37161.081781
Z3, 32, 4, 720, 7224.000000, 0.161180, 44819.456508, 44864.000000, 1.000000, 2, 28.907694, 37614.280957, 37614.280957
Z3, 33, 4, 720, 7256.000000, 0.132885, 54603.604621, 54968.000000, 1.000000, 2, 28.907694, 39571.110579, 39571.110579
Z3, 34, 4, 720, 6544.000000, 0.153896, 42522.222800, 42768.000000, 1.000000, 2, 28.907694, 37154.834215, 37154.834215
Z3, 35, 4, 720, 12272.000000, 0.175167, 70058.858118, 70120.000000, 1.000000, 2, 28.907694, 42662.161279, 42662.161279
Z3, 36, 4, 720, 8544.000000, 0.135414, 63095.396340, 63288.000000, 1.000000, 2, 28.907694, 41269.468923, 41269.468923
Z3, 37, 4, 720, 6424.000000, 0.173257, 37077.866984, 37128.000000, 1.000000, 2, 28.907694, 36065.963052, 36065.963052
Z3, 38, 4, 720, 6872.000000, 0.133387, 51519.263496, 51664.000000, 1.000000, 2, 28.907694, 38954.242354, 38954.242354
Z1, 0, 5, 720, 20272.000000, 0.451199, 44929.177591, 44944.000000, 1.000000, 2, 38.453527, 47940.077873, 47940.077873
Z2, 0, 5, 720, 6624.000000, 1.790144, 3700.260985, 3696.000000, 1.000000, 2, 38.453527, 39694.294551, 39694.294551
Z2, 1, 5, 720, 7616.000000, 0.170383, 44699.295117, 44800.000000, 1.000000, 2, 38.453527, 47894.101378, 47894.101378
Z2, 2, 5, 720, 8792.000000, 0.572813, 15348.813662, 15368.000000, 1.000000, 2, 38.453527, 42024.005087, 42024.005087
Z2, 3, 5, 720, 8816.000000, 0.127471, 69160.828738, 69416.000000, 1.000000, 2, 38.453527, 52786.408102, 52786.408102
Z2, 4, 5, 720, 14976.000000, 0.160264, 93445.814406, 93600.000000, 1.000000, 2, 38.453527, 57643.405236, 57643.405236
Z2, 5, 5, 720, 25312.000000, 0.150330, 168376.238941, 168744.000000, 1.000000, 2, 38.453527, 72629.490142, 72629.490142
Z2, 6, 5, 720, 13208.000000, 0.172923, 76380.816895, 76784.000000, 1.000000, 2, 38.453527, 54230.405733, 54230.405733
Z2, 7, 5, 720, 16320.000000, 0.133705, 122059.758423, 122704.000000, 1.000000, 2, 38.453527, 63366.194039, 63366.194039
Z3, 0, 5, 720, 7712.000000, 0.513105, 15030.062073, 15032.000000, 1.000000, 2, 38.453527, 41960.254769, 41960.254769
Z3, 1, 5, 720, 9624.000000, 0.167014, 57623.911768, 57624.000000, 1.000000, 2, 38.453527, 50479.024708, 50479.024708
Z3, 2, 5, 720, 9096.000000, 0.172687, 52673.333835, 52880.000000, 1.000000, 2, 38.453527, 49488.909121, 49488.909121
Z3, 3, 5, 720, 7632.000000, 0.170670, 44717.876604, 44888.000000, 1.000000, 2, 38.453527, 47897.817675, 47897.817675
Z3, 4, 5, 720, 8304.000000, 0.172128, 48243.167875, 48272.000000, 1.000000, 2, 38.453527, 48602.875929, 48602.875929
Z3, 5, 5, 720, 8504.000000, 0.167039, 50910.266465, 50920.000000, 1.000000, 2, 38.453527, 49136.295647, 49136.295647
Z3, 6, 5, 720, 7384.000000, 0.138038, 53492.516553, 53504.000000, 1.000000, 2, 38.453527, 49652.745665, 49652.745665
Z3, 7, 5, 720, 8968.000000, 0.130595, 68670.316628, 68984.000000, 1.000000, 2, 38.453527, 52688.305680, 52688.305680
Z3, 8, 5, 720, 8912.000000, 0.137496, 64816.431023, 65048.000000, 1.000000, 2, 38.453527, 51917.528559, 51917.528559
Z3, 9, 5, 720, 16688.000000, 0.149029, 111978.205584, 112000.000000, 1.000000, 2, 38.453527, 61349.883471, 61349.883471
Z3, 10, 5, 720, 23832.000000, 0.148363, 160633.041931, 161024.000000, 1.000000, 2, 38.453527, 71080.850740, 71080.850740
Z3, 11, 5, 720, 21144.000000, 0.173259, 122036.950461, 122216.000000, 1.000000, 2, 38.453527, 63361.632447, 63361.632447
Z3, 12, 5, 720, 14272.000000, 0.156509, 91189.644046, 91480.000000, 1.000000, 2, 38.453527, 57192.171163, 57192.171163
Z3, 13, 5, 720, 27640.000000, 0.148053, 186689.901589, 186752.000000, 1.000000, 2, 38.453527, 76292.222672, 76292.222672
Z3, 14, 5, 720, 33288.000000, 0.146853, 226675.655247, 228000.000000, 1.000000, 2, 38.453527, 84289.373404, 84289.373404
Z3, 15, 5, 720, 17576.000000, 0.132270, 132879.715733, 133144.000000, 1.000000, 2, 38.453527, 65530.185501, 65530.185501
Z3, 16, 5, 720, 34872.000000, 0.158649, 219805.986801, 220704.000000, 1.000000, 2, 38.453527, 82915.439714, 82915.439714
Z3, 17, 5, 720, 27336.000000, 0.173587, 157477.230438, 158008.000000, 1.000000, 2, 38.453527, 70449.688442, 70449.688442
Z3, 18, 5, 720, 18312.000000, 0.154445, 118566.479977, 118904.000000, 1.000000, 2, 38.453527, 62667.538350, 62667.538350
Z3, 19, 5, 720, 41432.000000, 0.167018, 248069.070400, 248088.000000, 1.000000, 2, 38.453527, 88568.056434, 88568.056434
Z3, 20, 5, 720, 36760.000000, 0.166056, 221371.103724, 221440.000000, 1.000000, 2, 38.453527, 83228.463099, 83228.463099
Z3, 21, 5, 720, 21272.000000, 0.159270, 133559.364601, 133784.000000, 1.000000, 2, 38.453527, 65666.115274, 65666.115274
Z3, 22, 5, 720, 43464.000000, 0.166709, 260717.777684, 261824.000000, 1.000000, 2, 38.453527, 91097.797891, 91097.797891
Z3, 23, 5, 720, 42000.000000, 0.161255, 260457.040092, 260864.000000, 1.000000, 2, 38.453527, 91045.650373, 91045.650373
Z3, 24, 5, 720, 20304.000000, 0.151356, 134147.308333, 134456.000000, 1.000000, 2, 38.453527, 65783.704021, 65783.704021
Z3, 25, 5, 720, 32736.000000, 0.156999, 208510.882235, 209840.000000, 1.000000, 2, 38.453527, 80656.418801, 80656.418801
Z3, 26, 5, 720, 34608.000000, 0.497016, 69631.561157, 69632.000000, 1.000000, 2, 38.453527, 52880.554586, 52880.554586
Z3, 27, 5, 720, 21272.000000, 0.161324, 131858.867868, 132120.000000, 1.000000, 2, 38.453527, 65326.015928, 65326.015928
Z3, 28, 5, 720, 8752.000000, 0.170723, 51264.328766, 51480.000000, 1.000000, 2, 38.453527, 49207.108108, 49207.108108
Z3, 29, 5, 720, 12760.000000, 0.148385, 85992.519460, 86216.000000, 1.000000, 2, 38.453527, 56152.746246, 56152.746246
Z3, 30, 5, 720, 15440.000000, 0.644043, 23973.554561, 23968.000000, 1.000000, 2, 38.453527, 43748.953266, 43748.953266
Z3, 31, 5, 720, 10000.000000, 0.150676, 66367.570151, 66664.000000, 1.000000, 2, 38.453527, 52227.756384, 52227.756384
Z3, 32, 5, 720, 15200.000000, 0.131777, 115346.380628, 116024.000000, 1.000000, 2, 38.453527, 62023.518480, 62023.518480
Z3, 33, 5, 720, 18352.000000, 0.136242, 134701.487060, 134936.000000, 1.000000, 2, 38.453527, 65894.539766, 65894.539766
Z3, 34, 5, 720, 11224.000000, 0.147961, 75857.827400, 76352.000000, 1.000000, 2, 38.453527, 54125.807834, 54125.807834
Z3, 35, 5, 720, 23240.000000, 0.172511, 134716.047093, 135112.000000, 1.000000, 2, 38.453527, 65897.451773, 65897.451773
Z3, 36, 5, 720, 16824.000000, 0.153288, 109754.188195, 109960.000000, 1.000000, 2, 38.453527, 60905.079993, 60905.079993
Z3, 37, 5, 720, 9680.000000, 0.162772, 59469.687661, 59752.000000, 1.000000, 2, 38.453527, 50848.179887, 50848.179887
Z3, 38, 5, 720, 12888.000000, 0.147660, 87281.592848, 87672.000000, 1.000000, 2, 38.453527, 56410.560924, 56410.560924
