Zone, Tile_no, Seg_no, Reso, Seg_d_size, Seg_d_time, Bitrate, Bitrate1, Buf_lev, Buf_limit, Elapsed, Ref_vp, Local_avg
Z1, 0, 1, 720, 9960.000000, 0.322920, 30843.552583, 30928.000000, 1.000000, 2, 0.000064, 30843.552583, 30843.552583
Z2, 0, 1, 720, 8952.000000, 0.323271, 27691.936487, 27712.000000, 1.000000, 2, 0.000064, 13845.968243, 13845.968243
Z2, 1, 1, 720, 5424.000000, 0.100879, 53767.384689, 54240.000000, 1.000000, 2, 0.000064, 17922.461563, 17922.461563
Z2, 2, 1, 720, 7080.000000, 0.100893, 70173.351967, 70800.000000, 1.000000, 2, 0.000064, 17543.337992, 17543.337992
Z2, 3, 1, 720, 18976.000000, 0.101041, 187804.950466, 187880.000000, 1.000000, 2, 0.000064, 37560.990093, 37560.990093
Z2, 4, 1, 720, 8720.000000, 0.100835, 86477.909456, 87200.000000, 1.000000, 2, 0.000064, 17295.581891, 17295.581891
Z2, 5, 1, 720, 8336.000000, 0.100942, 82582.076836, 83360.000000, 1.000000, 2, 0.000064, 16516.415367, 16516.415367
Z2, 6, 1, 720, 6376.000000, 0.100897, 63193.157378, 63760.000000, 1.000000, 2, 0.000064, 12638.631476, 12638.631476
Z2, 7, 1, 720, 6872.000000, 0.100801, 68173.926846, 68720.000000, 1.000000, 2, 0.000064, 13634.785369, 13634.785369
Z3, 0, 1, 720, 7080.000000, 0.322880, 21927.651140, 21984.000000, 1.000000, 2, 0.000064, 4385.530228, 4385.530228
Z3, 1, 1, 720, 7080.000000, 0.100917, 70156.663397, 70800.000000, 1.000000, 2, 0.000064, 14031.332679, 14031.332679
Z3, 2, 1, 720, 5664.000000, 0.100952, 56105.872098, 56640.000000, 1.000000, 2, 0.000064, 11221.174420, 11221.174420
Z3, 3, 1, 720, 7080.000000, 0.101034, 70075.420156, 70096.000000, 1.000000, 2, 0.000064, 14015.084031, 14015.084031
Z3, 4, 1, 720, 7080.000000, 0.100930, 70147.627068, 70800.000000, 1.000000, 2, 0.000064, 14029.525414, 14029.525414
Z3, 5, 1, 720, 5664.000000, 0.100940, 56112.542104, 56640.000000, 1.000000, 2, 0.000064, 11222.508421, 11222.508421
Z3, 6, 1, 720, 7080.000000, 0.100929, 70148.322088, 70800.000000, 1.000000, 2, 0.000064, 14029.664418, 14029.664418
Z3, 7, 1, 720, 7080.000000, 0.100964, 70124.004596, 70800.000000, 1.000000, 2, 0.000064, 14024.800919, 14024.800919
Z3, 8, 1, 720, 5664.000000, 0.100903, 56133.117945, 56640.000000, 1.000000, 2, 0.000064, 11226.623589, 11226.623589
Z3, 9, 1, 720, 7080.000000, 0.100852, 70201.879983, 70800.000000, 1.000000, 2, 0.000064, 14040.375997, 14040.375997
Z3, 10, 1, 720, 12904.000000, 0.101008, 127752.257247, 127760.000000, 1.000000, 2, 0.000064, 25550.451449, 25550.451449
Z3, 11, 1, 720, 17344.000000, 0.101061, 171619.121125, 171720.000000, 1.000000, 2, 0.000064, 34323.824225, 34323.824225
Z3, 12, 1, 720, 16912.000000, 0.417494, 40508.366587, 40552.000000, 1.000000, 2, 0.000064, 8101.673317, 8101.673317
Z3, 13, 1, 720, 13240.000000, 0.100931, 131178.726060, 132400.000000, 1.000000, 2, 0.000064, 26235.745212, 26235.745212
Z3, 14, 1, 720, 28328.000000, 0.101144, 280075.931345, 280472.000000, 1.000000, 2, 0.000064, 56015.186269, 56015.186269
Z3, 15, 1, 720, 30528.000000, 0.101037, 302146.738324, 302256.000000, 1.000000, 2, 0.000064, 60429.347665, 60429.347665
Z3, 16, 1, 720, 16360.000000, 0.101058, 161887.233074, 161976.000000, 1.000000, 2, 0.000064, 32377.446615, 32377.446615
Z3, 17, 1, 720, 33216.000000, 0.101141, 328412.809840, 328864.000000, 1.000000, 2, 0.000064, 65682.561968, 65682.561968
Z3, 18, 1, 720, 28000.000000, 0.101058, 277068.614063, 277224.000000, 1.000000, 2, 0.000064, 55413.722813, 55413.722813
Z3, 19, 1, 720, 15744.000000, 0.100996, 155887.361876, 157440.000000, 1.000000, 2, 0.000064, 31177.472375, 31177.472375
Z3, 20, 1, 720, 16024.000000, 0.416452, 38477.423569, 38512.000000, 1.000000, 2, 0.000064, 7695.484714, 7695.484714
Z3, 21, 1, 720, 11576.000000, 0.101005, 114608.187713, 114608.000000, 1.000000, 2, 0.000064, 22921.637543, 22921.637543
Z3, 22, 1, 720, 10816.000000, 0.100919, 107175.061188, 108160.000000, 1.000000, 2, 0.000064, 21435.012238, 21435.012238
Z3, 23, 1, 720, 13224.000000, 0.101065, 130846.484935, 130928.000000, 1.000000, 2, 0.000064, 26169.296987, 26169.296987
Z3, 24, 1, 720, 17528.000000, 0.101015, 173518.784339, 173544.000000, 1.000000, 2, 0.000064, 34703.756868, 34703.756868
Z3, 25, 1, 720, 23824.000000, 0.101080, 235694.499406, 235880.000000, 1.000000, 2, 0.000064, 47138.899881, 47138.899881
Z3, 26, 1, 720, 11024.000000, 0.100924, 109230.708256, 110240.000000, 1.000000, 2, 0.000064, 21846.141651, 21846.141651
Z3, 27, 1, 720, 15112.000000, 0.100899, 149773.535912, 151120.000000, 1.000000, 2, 0.000064, 29954.707182, 29954.707182
Z3, 28, 1, 720, 24552.000000, 0.101072, 242915.941111, 243088.000000, 1.000000, 2, 0.000064, 48583.188222, 48583.188222
Z3, 29, 1, 720, 10824.000000, 0.101006, 107161.950775, 107168.000000, 1.000000, 2, 0.000064, 21432.390155, 21432.390155
Z3, 30, 1, 720, 6872.000000, 0.100874, 68124.591074, 68720.000000, 1.000000, 2, 0.000064, 13624.918215, 13624.918215
Z3, 31, 1, 720, 6872.000000, 0.100944, 68077.349818, 68720.000000, 1.000000, 2, 0.000064, 13615.469964, 13615.469964
Z3, 32, 1, 720, 6376.000000, 0.100913, 63183.137951, 63760.000000, 1.000000, 2, 0.000064, 12636.627590, 12636.627590
Z3, 33, 1, 720, 6872.000000, 0.100972, 68058.471656, 68720.000000, 1.000000, 2, 0.000064, 13611.694331, 13611.694331
Z3, 34, 1, 720, 6872.000000, 0.100889, 68114.462429, 68720.000000, 1.000000, 2, 0.000064, 13622.892486, 13622.892486
Z3, 35, 1, 720, 6376.000000, 0.101009, 63123.088042, 63128.000000, 1.000000, 2, 0.000064, 12624.617608, 12624.617608
Z3, 36, 1, 720, 6872.000000, 0.100975, 68056.449616, 68720.000000, 1.000000, 2, 0.000064, 13611.289923, 13611.289923
Z3, 37, 1, 720, 6872.000000, 0.101024, 68023.439975, 68032.000000, 1.000000, 2, 0.000064, 13604.687995, 13604.687995
Z3, 38, 1, 720, 6376.000000, 0.100909, 63185.642510, 63760.000000, 1.000000, 2, 0.000064, 12637.128502, 12637.128502
Z1, 0, 2, 720, 9320.000000, 0.322058, 28938.886784, 28944.000000, 1.000000, 2, 6.151438, 18424.905859, 18424.905859
Z2, 0, 2, 720, 6624.000000, 0.323013, 20506.914582, 20504.000000, 1.000000, 2, 6.151438, 16738.511418, 16738.511418
Z2, 1, 2, 720, 5424.000000, 0.100935, 53737.553871, 54240.000000, 1.000000, 2, 6.151438, 23384.639276, 23384.639276
Z2, 2, 2, 720, 7080.000000, 0.101012, 70090.682295, 70096.000000, 1.000000, 2, 6.151438, 26655.264961, 26655.264961
Z2, 3, 2, 720, 18392.000000, 0.101098, 181922.491048, 182096.000000, 1.000000, 2, 6.151438, 49021.626712, 49021.626712
Z2, 4, 2, 720, 9160.000000, 0.101056, 90642.811906, 90688.000000, 1.000000, 2, 6.151438, 30765.690883, 30765.690883
Z2, 5, 2, 720, 8048.000000, 0.101039, 79652.411445, 79680.000000, 1.000000, 2, 6.151438, 28567.610791, 28567.610791
Z2, 6, 2, 720, 6376.000000, 0.100940, 63166.237369, 63760.000000, 1.000000, 2, 6.151438, 25270.375976, 25270.375976
Z2, 7, 2, 720, 6872.000000, 0.101006, 68035.562244, 68032.000000, 1.000000, 2, 6.151438, 26244.240951, 26244.240951
Z3, 0, 2, 720, 7080.000000, 0.463123, 15287.515412, 15288.000000, 1.000000, 2, 6.151438, 15694.631584, 15694.631584
Z3, 1, 2, 720, 7080.000000, 0.100885, 70178.916588, 70800.000000, 1.000000, 2, 6.151438, 26672.911820, 26672.911820
Z3, 2, 2, 720, 5664.000000, 0.100932, 56116.989656, 56640.000000, 1.000000, 2, 6.151438, 23860.526433, 23860.526433
Z3, 3, 2, 720, 7080.000000, 0.100951, 70133.034839, 70800.000000, 1.000000, 2, 6.151438, 26663.735470, 26663.735470
Z3, 4, 2, 720, 7080.000000, 0.101005, 70095.539825, 70096.000000, 1.000000, 2, 6.151438, 26656.236467, 26656.236467
Z3, 5, 2, 720, 5664.000000, 0.100989, 56085.316223, 56640.000000, 1.000000, 2, 6.151438, 23854.191746, 23854.191746
Z3, 6, 2, 720, 7080.000000, 0.101003, 70096.927814, 70096.000000, 1.000000, 2, 6.151438, 26656.514065, 26656.514065
Z3, 7, 2, 720, 7080.000000, 0.101009, 70092.764011, 70096.000000, 1.000000, 2, 6.151438, 26655.681304, 26655.681304
Z3, 8, 2, 720, 5664.000000, 0.101032, 56061.445879, 56072.000000, 1.000000, 2, 6.151438, 23849.417678, 23849.417678
Z3, 9, 2, 720, 7080.000000, 0.100962, 70125.393712, 70800.000000, 1.000000, 2, 6.151438, 26662.207244, 26662.207244
Z3, 10, 2, 720, 12648.000000, 0.101067, 125144.705987, 125224.000000, 1.000000, 2, 6.151438, 37666.069699, 37666.069699
Z3, 11, 2, 720, 17112.000000, 0.101122, 169221.336603, 169424.000000, 1.000000, 2, 6.151438, 46481.395823, 46481.395823
Z3, 12, 2, 720, 15320.000000, 0.101080, 151563.118322, 151680.000000, 1.000000, 2, 6.151438, 42949.752166, 42949.752166
Z3, 13, 2, 720, 10704.000000, 0.101065, 105912.036808, 105976.000000, 1.000000, 2, 6.151438, 33819.535864, 33819.535864
Z3, 14, 2, 720, 18776.000000, 0.101058, 185794.296345, 185896.000000, 1.000000, 2, 6.151438, 49795.987771, 49795.987771
Z3, 15, 2, 720, 21848.000000, 0.101110, 216081.495401, 216312.000000, 1.000000, 2, 6.151438, 55853.427582, 55853.427582
Z3, 16, 2, 720, 12752.000000, 0.101064, 126177.471701, 126256.000000, 1.000000, 2, 6.151438, 37872.622842, 37872.622842
Z3, 17, 2, 720, 21856.000000, 0.101107, 216167.030967, 216392.000000, 1.000000, 2, 6.151438, 55870.534695, 55870.534695
Z3, 18, 2, 720, 16880.000000, 0.101076, 167003.047212, 167128.000000, 1.000000, 2, 6.151438, 46037.737944, 46037.737944
Z3, 19, 2, 720, 12128.000000, 0.101056, 120012.666244, 120072.000000, 1.000000, 2, 6.151438, 36639.661751, 36639.661751
Z3, 20, 2, 720, 15344.000000, 0.101054, 151839.610505, 151920.000000, 1.000000, 2, 6.151438, 43005.050603, 43005.050603
Z3, 21, 2, 720, 11592.000000, 0.101074, 114688.248214, 114768.000000, 1.000000, 2, 6.151438, 35574.778145, 35574.778145
Z3, 22, 2, 720, 9952.000000, 0.101082, 98454.719930, 98528.000000, 1.000000, 2, 6.151438, 32328.072488, 32328.072488
Z3, 23, 2, 720, 11064.000000, 0.101049, 109491.434848, 109544.000000, 1.000000, 2, 6.151438, 34535.415472, 34535.415472
Z3, 24, 2, 720, 14728.000000, 0.100970, 145865.108448, 147280.000000, 1.000000, 2, 6.151438, 41810.150192, 41810.150192
Z3, 25, 2, 720, 16264.000000, 0.101064, 160927.728964, 161024.000000, 1.000000, 2, 6.151438, 44822.674295, 44822.674295
Z3, 26, 2, 720, 9504.000000, 0.101045, 94057.103271, 94096.000000, 1.000000, 2, 6.151438, 31448.549156, 31448.549156
Z3, 27, 2, 720, 12688.000000, 0.101093, 125508.195424, 125616.000000, 1.000000, 2, 6.151438, 37738.767587, 37738.767587
Z3, 28, 2, 720, 17320.000000, 0.101026, 171441.015184, 171480.000000, 1.000000, 2, 6.151438, 46925.331539, 46925.331539
Z3, 29, 2, 720, 10632.000000, 0.101049, 105216.281210, 105264.000000, 1.000000, 2, 6.151438, 33680.384744, 33680.384744
Z3, 30, 2, 720, 6872.000000, 0.100918, 68094.888920, 68720.000000, 1.000000, 2, 6.151438, 26256.106286, 26256.106286
Z3, 31, 2, 720, 6872.000000, 0.101017, 68028.153677, 68032.000000, 1.000000, 2, 6.151438, 26242.759237, 26242.759237
Z3, 32, 2, 720, 6376.000000, 0.100978, 63142.466676, 63760.000000, 1.000000, 2, 6.151438, 25265.621837, 25265.621837
Z3, 33, 2, 720, 6872.000000, 0.101007, 68034.888671, 68032.000000, 1.000000, 2, 6.151438, 26244.106236, 26244.106236
Z3, 34, 2, 720, 6872.000000, 0.101013, 68030.847515, 68032.000000, 1.000000, 2, 6.151438, 26243.298005, 26243.298005
Z3, 35, 2, 720, 6376.000000, 0.100953, 63158.103276, 63760.000000, 1.000000, 2, 6.151438, 25268.749157, 25268.749157
Z3, 36, 2, 720, 6872.000000, 0.100947, 68075.326657, 68720.000000, 1.000000, 2, 6.151438, 26252.193833, 26252.193833
Z3, 37, 2, 720, 6872.000000, 0.100923, 68091.515314, 68720.000000, 1.000000, 2, 6.151438, 26255.431565, 26255.431565
Z3, 38, 2, 720, 6376.000000, 0.101010, 63122.463122, 63128.000000, 1.000000, 2, 6.151438, 25261.621126, 25261.621126
Z1, 0, 3, 720, 15304.000000, 1.542621, 9920.777689, 9920.000000, 1.000000, 2, 11.812332, 27245.776664, 27245.776664
Z2, 0, 3, 720, 6624.000000, 0.323832, 20455.050767, 20504.000000, 1.000000, 2, 11.812332, 29352.631280, 29352.631280
Z2, 1, 3, 720, 5664.000000, 0.100645, 56277.013264, 56640.000000, 1.000000, 2, 11.812332, 36517.023779, 36517.023779
Z2, 2, 3, 720, 7080.000000, 0.100859, 70197.007704, 70800.000000, 1.000000, 2, 11.812332, 39301.022667, 39301.022667
Z2, 3, 3, 720, 7080.000000, 0.100852, 70201.879983, 70800.000000, 1.000000, 2, 11.812332, 39301.997123, 39301.997123
Z2, 4, 3, 720, 12544.000000, 0.100933, 124280.463278, 125440.000000, 1.000000, 2, 11.812332, 50117.713782, 50117.713782
Z2, 5, 3, 720, 18632.000000, 0.100915, 184630.629738, 186320.000000, 1.000000, 2, 11.812332, 62187.747074, 62187.747074
Z2, 6, 3, 720, 10240.000000, 0.100877, 101509.759410, 102400.000000, 1.000000, 2, 11.812332, 45563.573008, 45563.573008
Z2, 7, 3, 720, 8424.000000, 0.100873, 83510.949412, 84240.000000, 1.000000, 2, 11.812332, 41963.811009, 41963.811009
Z3, 0, 3, 720, 5424.000000, 0.323792, 16751.494787, 16792.000000, 1.000000, 2, 11.812332, 28611.920084, 28611.920084
Z3, 1, 3, 720, 7080.000000, 0.100727, 70288.998977, 70800.000000, 1.000000, 2, 11.812332, 39319.420922, 39319.420922
Z3, 2, 3, 720, 7080.000000, 0.100694, 70312.034481, 70800.000000, 1.000000, 2, 11.812332, 39324.028023, 39324.028023
Z3, 3, 3, 720, 5664.000000, 0.100828, 56174.872059, 56640.000000, 1.000000, 2, 11.812332, 36496.595538, 36496.595538
Z3, 4, 3, 720, 7080.000000, 0.100850, 70203.272186, 70800.000000, 1.000000, 2, 11.812332, 39302.275564, 39302.275564
Z3, 5, 3, 720, 7080.000000, 0.100843, 70208.145335, 70800.000000, 1.000000, 2, 11.812332, 39303.250193, 39303.250193
Z3, 6, 3, 720, 5664.000000, 0.100852, 56161.503986, 56640.000000, 1.000000, 2, 11.812332, 36493.921924, 36493.921924
Z3, 7, 3, 720, 7080.000000, 0.100829, 70217.893662, 70800.000000, 1.000000, 2, 11.812332, 39305.199859, 39305.199859
Z3, 8, 3, 720, 7080.000000, 0.100851, 70202.576078, 70800.000000, 1.000000, 2, 11.812332, 39302.136342, 39302.136342
Z3, 9, 3, 720, 14120.000000, 0.100925, 139905.870696, 141200.000000, 1.000000, 2, 11.812332, 53242.795266, 53242.795266
Z3, 10, 3, 720, 17536.000000, 0.101115, 173426.296791, 173616.000000, 1.000000, 2, 11.812332, 59946.880485, 59946.880485
Z3, 11, 3, 720, 16008.000000, 0.100886, 158674.147057, 160080.000000, 1.000000, 2, 11.812332, 56996.450538, 56996.450538
Z3, 12, 3, 720, 10896.000000, 0.100925, 107961.357444, 108960.000000, 1.000000, 2, 11.812332, 46853.892615, 46853.892615
Z3, 13, 3, 720, 19720.000000, 0.101014, 195220.464490, 195240.000000, 1.000000, 2, 11.812332, 64305.714024, 64305.714024
Z3, 14, 3, 720, 20104.000000, 0.101010, 199029.799030, 199048.000000, 1.000000, 2, 11.812332, 65067.580932, 65067.580932
Z3, 15, 3, 720, 12504.000000, 0.101027, 123768.893464, 123800.000000, 1.000000, 2, 11.812332, 50015.399819, 50015.399819
Z3, 16, 3, 720, 23072.000000, 0.101046, 228331.650931, 228432.000000, 1.000000, 2, 11.812332, 70927.951313, 70927.951313
Z3, 17, 3, 720, 18112.000000, 0.100990, 179344.489553, 181120.000000, 1.000000, 2, 11.812332, 61130.519037, 61130.519037
Z3, 18, 3, 720, 9664.000000, 0.100951, 95729.611396, 96640.000000, 1.000000, 2, 11.812332, 44407.543406, 44407.543406
Z3, 19, 3, 720, 12280.000000, 0.100916, 121685.362083, 122800.000000, 1.000000, 2, 11.812332, 49598.693543, 49598.693543
Z3, 20, 3, 720, 10368.000000, 0.101048, 102604.702716, 102648.000000, 1.000000, 2, 11.812332, 45782.561670, 45782.561670
Z3, 21, 3, 720, 10520.000000, 0.101036, 104121.303298, 104152.000000, 1.000000, 2, 11.812332, 46085.881786, 46085.881786
Z3, 22, 3, 720, 15288.000000, 0.101032, 151318.394172, 151360.000000, 1.000000, 2, 11.812332, 55525.299961, 55525.299961
Z3, 23, 3, 720, 16344.000000, 0.101049, 161743.312650, 161816.000000, 1.000000, 2, 11.812332, 57610.283656, 57610.283656
Z3, 24, 3, 720, 9016.000000, 0.101004, 89263.791533, 89264.000000, 1.000000, 2, 11.812332, 43114.379433, 43114.379433
Z3, 25, 3, 720, 13800.000000, 0.101052, 136563.353521, 136632.000000, 1.000000, 2, 11.812332, 52574.291831, 52574.291831
Z3, 26, 3, 720, 17664.000000, 0.101145, 174640.367789, 174888.000000, 1.000000, 2, 11.812332, 60189.694684, 60189.694684
Z3, 27, 3, 720, 9896.000000, 0.100968, 98011.251089, 98960.000000, 1.000000, 2, 11.812332, 44863.871344, 44863.871344
Z3, 28, 3, 720, 6376.000000, 0.101039, 63104.345847, 63128.000000, 1.000000, 2, 11.812332, 37882.490296, 37882.490296
Z3, 29, 3, 720, 6872.000000, 0.100882, 68119.188755, 68720.000000, 1.000000, 2, 11.812332, 38885.458877, 38885.458877
Z3, 30, 3, 720, 6872.000000, 0.100887, 68115.812741, 68720.000000, 1.000000, 2, 11.812332, 38884.783675, 38884.783675
Z3, 31, 3, 720, 6376.000000, 0.100956, 63156.226475, 63760.000000, 1.000000, 2, 11.812332, 37892.866421, 37892.866421
Z3, 32, 3, 720, 6872.000000, 0.100938, 68081.396501, 68720.000000, 1.000000, 2, 11.812332, 38877.900427, 38877.900427
Z3, 33, 3, 720, 6872.000000, 0.100884, 68117.838309, 68720.000000, 1.000000, 2, 11.812332, 38885.188788, 38885.188788
Z3, 34, 3, 720, 6376.000000, 0.100836, 63231.385616, 63760.000000, 1.000000, 2, 11.812332, 37907.898250, 37907.898250
Z3, 35, 3, 720, 6872.000000, 0.100864, 68131.345178, 68720.000000, 1.000000, 2, 11.812332, 38887.890162, 38887.890162
Z3, 36, 3, 720, 6872.000000, 0.100881, 68119.863998, 68720.000000, 1.000000, 2, 11.812332, 38885.593926, 38885.593926
Z3, 37, 3, 720, 6376.000000, 0.100937, 63168.114765, 63760.000000, 1.000000, 2, 11.812332, 37895.244079, 37895.244079
Z3, 38, 3, 720, 6872.000000, 0.100954, 68070.606415, 68720.000000, 1.000000, 2, 11.812332, 38875.742409, 38875.742409
Z1, 0, 4, 720, 17272.000000, 0.636342, 27142.637135, 27152.000000, 1.000000, 2, 18.551823, 44304.269836, 44304.269836
Z2, 0, 4, 720, 7296.000000, 0.322182, 22645.585414, 22656.000000, 1.000000, 2, 18.551823, 43404.859492, 43404.859492
Z2, 1, 4, 720, 6648.000000, 0.101022, 65807.447883, 65816.000000, 1.000000, 2, 18.551823, 52037.231986, 52037.231986
Z2, 2, 4, 720, 7200.000000, 0.100933, 71334.449585, 72000.000000, 1.000000, 2, 18.551823, 53142.632326, 53142.632326
Z2, 3, 4, 720, 26248.000000, 0.515782, 50889.716973, 50960.000000, 1.000000, 2, 18.551823, 49053.685804, 49053.685804
Z2, 4, 4, 720, 22592.000000, 0.101056, 223559.214693, 223680.000000, 1.000000, 2, 18.551823, 83587.585348, 83587.585348
Z2, 5, 4, 720, 26808.000000, 0.101023, 265365.312850, 265424.000000, 1.000000, 2, 18.551823, 91948.804979, 91948.804979
Z2, 6, 4, 720, 12720.000000, 0.101016, 125920.646234, 125936.000000, 1.000000, 2, 18.551823, 64059.871656, 64059.871656
Z2, 7, 4, 720, 11496.000000, 0.100907, 113926.684967, 114960.000000, 1.000000, 2, 18.551823, 61661.079403, 61661.079403
Z3, 0, 4, 720, 6624.000000, 0.322922, 20512.693468, 20568.000000, 1.000000, 2, 18.551823, 42978.281103, 42978.281103
Z3, 1, 4, 720, 6448.000000, 0.100937, 63881.430992, 64480.000000, 1.000000, 2, 18.551823, 51652.028608, 51652.028608
Z3, 2, 4, 720, 7448.000000, 0.100893, 73820.780431, 74480.000000, 1.000000, 2, 18.551823, 53639.898496, 53639.898496
Z3, 3, 4, 720, 7424.000000, 0.100934, 73553.014841, 74240.000000, 1.000000, 2, 18.551823, 53586.345378, 53586.345378
Z3, 4, 4, 720, 6648.000000, 0.100951, 65853.731018, 66480.000000, 1.000000, 2, 18.551823, 52046.488613, 52046.488613
Z3, 5, 4, 720, 7224.000000, 0.100916, 71584.287923, 72240.000000, 1.000000, 2, 18.551823, 53192.599994, 53192.599994
Z3, 6, 4, 720, 7240.000000, 0.100909, 71747.812385, 72400.000000, 1.000000, 2, 18.551823, 53225.304886, 53225.304886
Z3, 7, 4, 720, 6648.000000, 0.100944, 65858.297670, 66480.000000, 1.000000, 2, 18.551823, 52047.401943, 52047.401943
Z3, 8, 4, 720, 7232.000000, 0.100952, 71638.006181, 72320.000000, 1.000000, 2, 18.551823, 53203.343646, 53203.343646
Z3, 9, 4, 720, 7296.000000, 0.100949, 72274.118614, 72960.000000, 1.000000, 2, 18.551823, 53330.566132, 53330.566132
Z3, 10, 4, 720, 16456.000000, 0.100996, 162937.146026, 164560.000000, 1.000000, 2, 18.551823, 71463.171614, 71463.171614
Z3, 11, 4, 720, 25392.000000, 0.101068, 251236.791071, 251400.000000, 1.000000, 2, 18.551823, 89123.100624, 89123.100624
Z3, 12, 4, 720, 21592.000000, 0.101014, 213752.549152, 213776.000000, 1.000000, 2, 18.551823, 81626.252240, 81626.252240
Z3, 13, 4, 720, 13528.000000, 0.101034, 133895.520320, 133936.000000, 1.000000, 2, 18.551823, 65654.846473, 65654.846473
Z3, 14, 4, 720, 29512.000000, 0.101076, 291978.313348, 292192.000000, 1.000000, 2, 18.551823, 97271.405079, 97271.405079
Z3, 15, 4, 720, 29688.000000, 0.100964, 294045.402322, 296880.000000, 1.000000, 2, 18.551823, 97684.822874, 97684.822874
Z3, 16, 4, 720, 16760.000000, 0.101019, 165909.383383, 165936.000000, 1.000000, 2, 18.551823, 72057.619086, 72057.619086
Z3, 17, 4, 720, 33128.000000, 0.101021, 327931.816157, 328000.000000, 1.000000, 2, 18.551823, 104462.105641, 104462.105641
Z3, 18, 4, 720, 26240.000000, 0.101012, 259771.116303, 259800.000000, 1.000000, 2, 18.551823, 90829.965670, 90829.965670
Z3, 19, 4, 720, 14624.000000, 0.101009, 144779.178093, 144792.000000, 1.000000, 2, 18.551823, 67831.578028, 67831.578028
Z3, 20, 4, 720, 26816.000000, 0.100920, 265715.418153, 268160.000000, 1.000000, 2, 18.551823, 92018.826040, 92018.826040
Z3, 21, 4, 720, 23128.000000, 0.100988, 229017.308987, 231280.000000, 1.000000, 2, 18.551823, 84679.204207, 84679.204207
Z3, 22, 4, 720, 19440.000000, 0.100917, 192633.550343, 194400.000000, 1.000000, 2, 18.551823, 77402.452478, 77402.452478
Z3, 23, 4, 720, 29088.000000, 0.341562, 85161.698315, 85296.000000, 1.000000, 2, 18.551823, 55908.082072, 55908.082072
Z3, 24, 4, 720, 29840.000000, 0.101007, 295425.069550, 295440.000000, 1.000000, 2, 18.551823, 97960.756319, 97960.756319
Z3, 25, 4, 720, 17200.000000, 0.101023, 170258.258020, 170296.000000, 1.000000, 2, 18.551823, 72927.394013, 72927.394013
Z3, 26, 4, 720, 25664.000000, 0.101042, 253993.388888, 254096.000000, 1.000000, 2, 18.551823, 89674.420187, 89674.420187
Z3, 27, 4, 720, 17472.000000, 0.100934, 173103.215963, 174720.000000, 1.000000, 2, 18.551823, 73496.385602, 73496.385602
Z3, 28, 4, 720, 6448.000000, 0.100947, 63875.102777, 64480.000000, 1.000000, 2, 18.551823, 51650.762965, 51650.762965
Z3, 29, 4, 720, 7200.000000, 0.100903, 71355.658405, 72000.000000, 1.000000, 2, 18.551823, 53146.874090, 53146.874090
Z3, 30, 4, 720, 7520.000000, 0.100871, 74550.663719, 75200.000000, 1.000000, 2, 18.551823, 53785.875153, 53785.875153
Z3, 31, 4, 720, 6728.000000, 0.100892, 66685.168299, 67280.000000, 1.000000, 2, 18.551823, 52212.776069, 52212.776069
Z3, 32, 4, 720, 7224.000000, 0.100954, 71557.342948, 72240.000000, 1.000000, 2, 18.551823, 53187.210999, 53187.210999
Z3, 33, 4, 720, 7256.000000, 0.100941, 71883.575554, 72560.000000, 1.000000, 2, 18.551823, 53252.457520, 53252.457520
Z3, 34, 4, 720, 6544.000000, 0.100947, 64826.096863, 65440.000000, 1.000000, 2, 18.551823, 51840.961782, 51840.961782
Z3, 35, 4, 720, 12272.000000, 0.101044, 121452.040695, 121504.000000, 1.000000, 2, 18.551823, 63166.150548, 63166.150548
Z3, 36, 4, 720, 8544.000000, 0.100995, 84598.247438, 85440.000000, 1.000000, 2, 18.551823, 55795.391897, 55795.391897
Z3, 37, 4, 720, 6424.000000, 0.100995, 63607.109263, 64240.000000, 1.000000, 2, 18.551823, 51597.164262, 51597.164262
Z3, 38, 4, 720, 6872.000000, 0.100995, 68042.972424, 68720.000000, 1.000000, 2, 18.551823, 52484.336894, 52484.336894
Z1, 0, 5, 720, 8792.000000, 0.757209, 11611.061147, 11608.000000, 1.000000, 2, 25.040369, 54806.549124, 54806.549124
Z2, 0, 5, 720, 6624.000000, 0.324191, 20432.399419, 20440.000000, 1.000000, 2, 25.040369, 56570.816778, 56570.816778
Z2, 1, 5, 720, 7616.000000, 0.100982, 75419.381672, 76160.000000, 1.000000, 2, 25.040369, 67568.213229, 67568.213229
Z2, 2, 5, 720, 8816.000000, 0.100988, 87297.500693, 88160.000000, 1.000000, 2, 25.040369, 69943.837033, 69943.837033
Z2, 3, 5, 720, 14976.000000, 0.101048, 148206.792811, 148272.000000, 1.000000, 2, 25.040369, 82125.695457, 82125.695457
Z2, 4, 5, 720, 20272.000000, 0.101085, 200544.096552, 200712.000000, 1.000000, 2, 25.040369, 92593.156205, 92593.156205
Z2, 5, 5, 720, 21272.000000, 0.101076, 210455.498833, 210608.000000, 1.000000, 2, 25.040369, 94575.436661, 94575.436661
Z2, 6, 5, 720, 9680.000000, 0.101002, 95839.686343, 95840.000000, 1.000000, 2, 25.040369, 71652.274163, 71652.274163
Z2, 7, 5, 720, 12888.000000, 0.100941, 127678.544893, 128880.000000, 1.000000, 2, 25.040369, 78020.045873, 78020.045873
Z3, 0, 5, 720, 7712.000000, 0.323644, 23828.651234, 23872.000000, 1.000000, 2, 25.040369, 57250.067141, 57250.067141
Z3, 1, 5, 720, 9624.000000, 0.100894, 95387.238091, 96240.000000, 1.000000, 2, 25.040369, 71561.784513, 71561.784513
Z3, 2, 5, 720, 9096.000000, 0.100888, 90159.384664, 90960.000000, 1.000000, 2, 25.040369, 70516.213827, 70516.213827
Z3, 3, 5, 720, 7632.000000, 0.103579, 73682.889389, 74096.000000, 1.000000, 2, 25.040369, 67220.914772, 67220.914772
Z3, 4, 5, 720, 8304.000000, 0.100916, 82286.257878, 83040.000000, 1.000000, 2, 25.040369, 68941.588470, 68941.588470
Z3, 5, 5, 720, 8504.000000, 0.100913, 84270.609337, 85040.000000, 1.000000, 2, 25.040369, 69338.458762, 69338.458762
Z3, 6, 5, 720, 7384.000000, 0.100908, 73175.565862, 73840.000000, 1.000000, 2, 25.040369, 67119.450067, 67119.450067
Z3, 7, 5, 720, 8968.000000, 0.100963, 88824.618920, 89680.000000, 1.000000, 2, 25.040369, 70249.260678, 70249.260678
Z3, 8, 5, 720, 8912.000000, 0.100904, 88321.572980, 89120.000000, 1.000000, 2, 25.040369, 70148.651490, 70148.651490
Z3, 9, 5, 720, 16688.000000, 0.100989, 165245.719831, 166880.000000, 1.000000, 2, 25.040369, 85533.480860, 85533.480860
Z3, 10, 5, 720, 23832.000000, 0.100996, 235969.741376, 238320.000000, 1.000000, 2, 25.040369, 99678.285169, 99678.285169
Z3, 11, 5, 720, 21144.000000, 0.101002, 209342.389260, 209344.000000, 1.000000, 2, 25.040369, 94352.814746, 94352.814746
Z3, 12, 5, 720, 14272.000000, 0.101010, 141292.941293, 141304.000000, 1.000000, 2, 25.040369, 80742.925153, 80742.925153
Z3, 13, 5, 720, 27640.000000, 0.100982, 273712.146719, 276400.000000, 1.000000, 2, 25.040369, 107226.766238, 107226.766238
Z3, 14, 5, 720, 33288.000000, 0.101039, 329456.942369, 329584.000000, 1.000000, 2, 25.040369, 118375.725368, 118375.725368
Z3, 15, 5, 720, 17576.000000, 0.100975, 174062.886853, 175760.000000, 1.000000, 2, 25.040369, 87296.914265, 87296.914265
Z3, 16, 5, 720, 34872.000000, 0.101047, 345106.732511, 345264.000000, 1.000000, 2, 25.040369, 121505.683396, 121505.683396
Z3, 17, 5, 720, 27336.000000, 0.101059, 270495.453151, 270648.000000, 1.000000, 2, 25.040369, 106583.427524, 106583.427524
Z3, 18, 5, 720, 25312.000000, 0.101034, 250529.524714, 250608.000000, 1.000000, 2, 25.040369, 102590.241837, 102590.241837
Z3, 19, 5, 720, 18312.000000, 0.100884, 181515.403830, 183120.000000, 1.000000, 2, 25.040369, 88787.417660, 88787.417660
Z3, 20, 5, 720, 41432.000000, 0.101022, 410128.486864, 410216.000000, 1.000000, 2, 25.040369, 134510.034267, 134510.034267
Z3, 21, 5, 720, 36760.000000, 0.101103, 363589.606639, 363960.000000, 1.000000, 2, 25.040369, 125202.258222, 125202.258222
Z3, 22, 5, 720, 21272.000000, 0.100984, 210647.231245, 212720.000000, 1.000000, 2, 25.040369, 94613.783143, 94613.783143
Z3, 23, 5, 720, 43464.000000, 0.101110, 429868.460093, 430336.000000, 1.000000, 2, 25.040369, 138458.028913, 138458.028913
Z3, 24, 5, 720, 42000.000000, 0.101078, 415520.686994, 415840.000000, 1.000000, 2, 25.040369, 135588.474293, 135588.474293
Z3, 25, 5, 720, 20304.000000, 0.100938, 201153.183142, 203040.000000, 1.000000, 2, 25.040369, 92714.973523, 92714.973523
Z3, 26, 5, 720, 32736.000000, 0.100988, 324157.325623, 327360.000000, 1.000000, 2, 25.040369, 117315.802019, 117315.802019
Z3, 27, 5, 720, 34608.000000, 0.101070, 342416.147225, 342648.000000, 1.000000, 2, 25.040369, 120967.566339, 120967.566339
Z3, 28, 5, 720, 13208.000000, 0.100967, 130815.018769, 132080.000000, 1.000000, 2, 25.040369, 78647.340648, 78647.340648
Z3, 29, 5, 720, 16320.000000, 0.100987, 161604.959054, 163200.000000, 1.000000, 2, 25.040369, 84805.328705, 84805.328705
Z3, 30, 5, 720, 8752.000000, 0.100957, 86690.373129, 87520.000000, 1.000000, 2, 25.040369, 69822.411520, 69822.411520
Z3, 31, 5, 720, 12760.000000, 0.100940, 126411.729740, 127600.000000, 1.000000, 2, 25.040369, 77766.682842, 77766.682842
Z3, 32, 5, 720, 15440.000000, 0.100950, 152947.003467, 154400.000000, 1.000000, 2, 25.040369, 83073.737588, 83073.737588
Z3, 33, 5, 720, 10000.000000, 0.100930, 99078.569305, 100000.000000, 1.000000, 2, 25.040369, 72300.050755, 72300.050755
Z3, 34, 5, 720, 15200.000000, 0.414702, 36652.825402, 36712.000000, 1.000000, 2, 25.040369, 59814.901975, 59814.901975
Z3, 35, 5, 720, 18352.000000, 0.100960, 181774.960380, 183520.000000, 1.000000, 2, 25.040369, 88839.328970, 88839.328970
Z3, 36, 5, 720, 11224.000000, 0.100861, 111281.863158, 112240.000000, 1.000000, 2, 25.040369, 74740.709526, 74740.709526
Z3, 37, 5, 720, 23240.000000, 0.338002, 68756.989604, 68752.000000, 1.000000, 2, 25.040369, 66235.734815, 66235.734815
Z3, 38, 5, 720, 16824.000000, 0.100952, 166653.459070, 168240.000000, 1.000000, 2, 25.040369, 85815.028708, 85815.028708
Z1, 0, 6, 720, 7488.000000, 0.322609, 23210.759774, 23248.000000, 1.000000, 2, 31.550249, 77820.052161, 77820.052161
Z2, 0, 6, 720, 6624.000000, 0.323528, 20474.271160, 20504.000000, 1.000000, 2, 31.550249, 77272.754438, 77272.754438
Z2, 1, 6, 720, 6768.000000, 0.100892, 67081.631844, 67680.000000, 1.000000, 2, 31.550249, 86594.226575, 86594.226575
Z2, 2, 6, 720, 7752.000000, 0.100985, 76763.875823, 77520.000000, 1.000000, 2, 31.550249, 88530.675371, 88530.675371
Z2, 3, 6, 720, 10768.000000, 0.100991, 106623.362478, 107680.000000, 1.000000, 2, 31.550249, 94502.572702, 94502.572702
Z2, 4, 6, 720, 14912.000000, 0.100938, 147734.252710, 149120.000000, 1.000000, 2, 31.550249, 102724.750748, 102724.750748
Z2, 5, 6, 720, 14376.000000, 0.100990, 142350.727795, 143760.000000, 1.000000, 2, 31.550249, 101648.045765, 101648.045765
Z2, 6, 6, 720, 7176.000000, 0.100895, 71123.445166, 71760.000000, 1.000000, 2, 31.550249, 87402.589239, 87402.589239
Z2, 7, 6, 720, 8768.000000, 0.100961, 86845.415557, 87680.000000, 1.000000, 2, 31.550249, 90546.983318, 90546.983318
Z3, 0, 6, 720, 6760.000000, 0.323288, 20910.148227, 20928.000000, 1.000000, 2, 31.550249, 77359.929852, 77359.929852
Z3, 1, 6, 720, 8320.000000, 0.100942, 82423.569971, 83200.000000, 1.000000, 2, 31.550249, 89662.614200, 89662.614200
Z3, 2, 6, 720, 7800.000000, 0.100949, 77266.738650, 78000.000000, 1.000000, 2, 31.550249, 88631.247936, 88631.247936
Z3, 3, 6, 720, 6928.000000, 0.100911, 68654.556986, 69280.000000, 1.000000, 2, 31.550249, 86908.811603, 86908.811603
Z3, 4, 6, 720, 7472.000000, 0.100938, 74025.639501, 74720.000000, 1.000000, 2, 31.550249, 87983.028107, 87983.028107
Z3, 5, 6, 720, 7416.000000, 0.100940, 73469.387755, 74160.000000, 1.000000, 2, 31.550249, 87871.777757, 87871.777757
Z3, 6, 6, 720, 6760.000000, 0.100928, 66978.440076, 67600.000000, 1.000000, 2, 31.550249, 86573.588221, 86573.588221
Z3, 7, 6, 720, 7600.000000, 0.100995, 75251.250062, 76000.000000, 1.000000, 2, 31.550249, 88228.150219, 88228.150219
Z3, 8, 6, 720, 7600.000000, 0.100982, 75260.937593, 76000.000000, 1.000000, 2, 31.550249, 88230.087725, 88230.087725
Z3, 9, 6, 720, 12912.000000, 0.101010, 127828.927829, 127840.000000, 1.000000, 2, 31.550249, 98743.685772, 98743.685772
Z3, 10, 6, 720, 17552.000000, 0.101046, 173703.065930, 173776.000000, 1.000000, 2, 31.550249, 107918.513392, 107918.513392
Z3, 11, 6, 720, 14968.000000, 0.101027, 148158.413097, 148192.000000, 1.000000, 2, 31.550249, 102809.582826, 102809.582826
Z3, 12, 6, 720, 10336.000000, 0.101007, 102329.541517, 102336.000000, 1.000000, 2, 31.550249, 93643.808510, 93643.808510
Z3, 13, 6, 720, 18344.000000, 0.100919, 181769.537946, 183440.000000, 1.000000, 2, 31.550249, 109531.807796, 109531.807796
Z3, 14, 6, 720, 20456.000000, 0.101057, 202420.416201, 202528.000000, 1.000000, 2, 31.550249, 113661.983446, 113661.983446
Z3, 15, 6, 720, 12480.000000, 0.101014, 123547.231077, 123560.000000, 1.000000, 2, 31.550249, 97887.346422, 97887.346422
Z3, 16, 6, 720, 18912.000000, 0.100984, 187277.192427, 189120.000000, 1.000000, 2, 31.550249, 110633.338692, 110633.338692
Z3, 17, 6, 720, 16112.000000, 0.101012, 159505.801291, 159520.000000, 1.000000, 2, 31.550249, 105079.060464, 105079.060464
Z3, 18, 6, 720, 17456.000000, 0.101027, 172785.492987, 172824.000000, 1.000000, 2, 31.550249, 107734.998804, 107734.998804
Z3, 19, 6, 720, 16088.000000, 0.101002, 159283.974575, 159280.000000, 1.000000, 2, 31.550249, 105034.695121, 105034.695121
Z3, 20, 6, 720, 31984.000000, 0.101086, 316403.854144, 316672.000000, 1.000000, 2, 31.550249, 136458.671035, 136458.671035
Z3, 21, 6, 720, 21472.000000, 0.100989, 212617.215736, 214720.000000, 1.000000, 2, 31.550249, 115701.343354, 115701.343354
Z3, 22, 6, 720, 19320.000000, 0.101023, 191243.578195, 191280.000000, 1.000000, 2, 31.550249, 111426.615845, 111426.615845
Z3, 23, 6, 720, 33040.000000, 0.517942, 63790.926397, 63904.000000, 1.000000, 2, 31.550249, 85936.085486, 85936.085486
Z3, 24, 6, 720, 26472.000000, 0.101021, 262044.525396, 262096.000000, 1.000000, 2, 31.550249, 125586.805285, 125586.805285
Z3, 25, 6, 720, 12984.000000, 0.101032, 128513.738222, 128552.000000, 1.000000, 2, 31.550249, 98880.647851, 98880.647851
Z3, 26, 6, 720, 21128.000000, 0.101078, 209026.692257, 209184.000000, 1.000000, 2, 31.550249, 114983.238658, 114983.238658
Z3, 27, 6, 720, 21576.000000, 0.101034, 213551.873627, 213616.000000, 1.000000, 2, 31.550249, 115888.274932, 115888.274932
Z3, 28, 6, 720, 9568.000000, 0.100990, 94742.053669, 95680.000000, 1.000000, 2, 31.550249, 92126.310940, 92126.310940
Z3, 29, 6, 720, 12800.000000, 0.100988, 126747.732404, 128000.000000, 1.000000, 2, 31.550249, 98527.446687, 98527.446687
Z3, 30, 6, 720, 7048.000000, 0.421154, 16734.971056, 16736.000000, 1.000000, 2, 31.550249, 76524.894417, 76524.894417
Z3, 31, 6, 720, 8656.000000, 0.100943, 85751.364632, 86560.000000, 1.000000, 2, 31.550249, 90328.173133, 90328.173133
Z3, 32, 6, 720, 9488.000000, 0.100929, 94006.677962, 94880.000000, 1.000000, 2, 31.550249, 91979.235799, 91979.235799
Z3, 33, 6, 720, 8424.000000, 0.100760, 83604.605002, 84240.000000, 1.000000, 2, 31.550249, 89898.821207, 89898.821207
Z3, 34, 6, 720, 9328.000000, 0.100950, 92402.179297, 93280.000000, 1.000000, 2, 31.550249, 91658.336066, 91658.336066
Z3, 35, 6, 720, 8680.000000, 0.100806, 86105.985755, 86800.000000, 1.000000, 2, 31.550249, 90399.097357, 90399.097357
Z3, 36, 6, 720, 7160.000000, 0.100908, 70955.722044, 71600.000000, 1.000000, 2, 31.550249, 87369.044615, 87369.044615
Z3, 37, 6, 720, 10360.000000, 0.100984, 102590.509388, 103600.000000, 1.000000, 2, 31.550249, 93696.002084, 93696.002084
Z3, 38, 6, 720, 9048.000000, 0.101027, 89560.216576, 89584.000000, 1.000000, 2, 31.550249, 91089.943521, 91089.943521
