Zone, Tile_no, Seg_no, Reso, Seg_d_size, Seg_d_time, Bitrate, Bitrate1, Buf_lev, Buf_limit, Elapsed, Ref_vp, Local_avg,QoE,QoE1,Z1,Z2,Z3,delay,jitter,loss
Z1,0,1, 720,9960.0,0.173591,57376.246464,57568.0,1.0,2,6e-05,57376.246464,57376.246464,8452985.971308898,25536698.0344285,1012118.5512873,25815009.951359298,196652130.5825553,50,0,0
Z2,0,1, 720,8952.0,0.17282,51799.560236,52040.0,1.0,2,6e-05,25899.780118,25899.780118,8452985.971308898,25536698.0344285,1012118.5512873,25815009.951359298,196652130.5825553,50,0,0
Z2,1,1, 720,5424.0,0.050961,106434.332136,108480.0,1.0,2,6e-05,35478.110712,35478.110712,8452985.971308898,25536698.0344285,1012118.5512873,25815009.951359298,196652130.5825553,50,0,0
Z2,2,1, 720,7080.0,0.05092,139041.633936,141600.0,1.0,2,6e-05,34760.408484,34760.408484,8452985.971308898,25536698.0344285,1012118.5512873,25815009.951359298,196652130.5825553,50,0,0
Z2,3,1, 720,18976.0,0.050991,372144.103861,379520.0,1.0,2,6e-05,74428.820772,74428.820772,8452985.971308898,25536698.0344285,1012118.5512873,25815009.951359298,196652130.5825553,50,0,0
Z2,4,1, 720,8720.0,0.050987,171023.986506,174400.0,1.0,2,6e-05,34204.797301,34204.797301,8452985.971308898,25536698.0344285,1012118.5512873,25815009.951359298,196652130.5825553,50,0,0
Z2,5,1, 720,8336.0,0.050957,163588.908295,166720.0,1.0,2,6e-05,32717.781659,32717.781659,8452985.971308898,25536698.0344285,1012118.5512873,25815009.951359298,196652130.5825553,50,0,0
Z2,6,1, 720,6376.0,0.050964,125107.919316,127520.0,1.0,2,6e-05,25021.583863,25021.583863,8452985.971308898,25536698.0344285,1012118.5512873,25815009.951359298,196652130.5825553,50,0,0
Z2,7,1, 720,6872.0,0.050901,135007.170782,137440.0,1.0,2,6e-05,27001.434156,27001.434156,8452985.971308898,25536698.0344285,1012118.5512873,25815009.951359298,196652130.5825553,50,0,0
Z3,0,1, 720,7080.0,0.172461,41052.759754,41160.0,1.0,2,6e-05,8210.551951,8210.551951,8452985.971308898,25536698.0344285,1012118.5512873,25815009.951359298,196652130.5825553,50,0,0
Z3,1,1, 720,7080.0,0.050926,139025.252327,141600.0,1.0,2,6e-05,27805.050465,27805.050465,8452985.971308898,25536698.0344285,1012118.5512873,25815009.951359298,196652130.5825553,50,0,0
Z3,2,1, 720,5664.0,0.051038,110976.135429,111056.0,1.0,2,6e-05,22195.227086,22195.227086,8452985.971308898,25536698.0344285,1012118.5512873,25815009.951359298,196652130.5825553,50,0,0
Z3,3,1, 720,7080.0,0.050934,139003.416186,141600.0,1.0,2,6e-05,27800.683237,27800.683237,8452985.971308898,25536698.0344285,1012118.5512873,25815009.951359298,196652130.5825553,50,0,0
Z3,4,1, 720,7080.0,0.050994,138839.863513,141600.0,1.0,2,6e-05,27767.972703,27767.972703,8452985.971308898,25536698.0344285,1012118.5512873,25815009.951359298,196652130.5825553,50,0,0
Z3,5,1, 720,5664.0,0.050967,111130.73165,113280.0,1.0,2,6e-05,22226.14633,22226.14633,8452985.971308898,25536698.0344285,1012118.5512873,25815009.951359298,196652130.5825553,50,0,0
Z3,6,1, 720,7080.0,0.050975,138891.613536,141600.0,1.0,2,6e-05,27778.322707,27778.322707,8452985.971308898,25536698.0344285,1012118.5512873,25815009.951359298,196652130.5825553,50,0,0
Z3,7,1, 720,7080.0,0.050942,138981.586903,141600.0,1.0,2,6e-05,27796.317381,27796.317381,8452985.971308898,25536698.0344285,1012118.5512873,25815009.951359298,196652130.5825553,50,0,0
Z3,8,1, 720,5664.0,0.050986,111089.318636,113280.0,1.0,2,6e-05,22217.863727,22217.863727,8452985.971308898,25536698.0344285,1012118.5512873,25815009.951359298,196652130.5825553,50,0,0
Z3,9,1, 720,7080.0,0.051009,138799.035464,138816.0,1.0,2,6e-05,27759.807093,27759.807093,8452985.971308898,25536698.0344285,1012118.5512873,25815009.951359298,196652130.5825553,50,0,0
Z3,10,1, 720,12904.0,0.050974,253148.664025,258080.0,1.0,2,6e-05,50629.732805,50629.732805,8452985.971308898,25536698.0344285,1012118.5512873,25815009.951359298,196652130.5825553,50,0,0
Z3,11,1, 720,17344.0,0.051085,339512.577077,340072.0,1.0,2,6e-05,67902.515415,67902.515415,8452985.971308898,25536698.0344285,1012118.5512873,25815009.951359298,196652130.5825553,50,0,0
Z3,12,1, 720,16912.0,0.051059,331224.661666,331600.0,1.0,2,6e-05,66244.932333,66244.932333,8452985.971308898,25536698.0344285,1012118.5512873,25815009.951359298,196652130.5825553,50,0,0
Z3,13,1, 720,13240.0,0.05106,259302.781042,259600.0,1.0,2,6e-05,51860.556208,51860.556208,8452985.971308898,25536698.0344285,1012118.5512873,25815009.951359298,196652130.5825553,50,0,0
Z3,14,1, 720,28328.0,0.051136,553973.717146,555448.0,1.0,2,6e-05,110794.743429,110794.743429,8452985.971308898,25536698.0344285,1012118.5512873,25815009.951359298,196652130.5825553,50,0,0
Z3,15,1, 720,30528.0,0.051098,597440.212924,598584.0,1.0,2,6e-05,119488.042585,119488.042585,8452985.971308898,25536698.0344285,1012118.5512873,25815009.951359298,196652130.5825553,50,0,0
Z3,16,1, 720,16360.0,0.051055,320438.742533,320784.0,1.0,2,6e-05,64087.748507,64087.748507,8452985.971308898,25536698.0344285,1012118.5512873,25815009.951359298,196652130.5825553,50,0,0
Z3,17,1, 720,33216.0,0.051146,649434.950925,651288.0,1.0,2,6e-05,129886.990185,129886.990185,8452985.971308898,25536698.0344285,1012118.5512873,25815009.951359298,196652130.5825553,50,0,0
Z3,18,1, 720,28000.0,0.051085,548106.09768,549016.0,1.0,2,6e-05,109621.219536,109621.219536,8452985.971308898,25536698.0344285,1012118.5512873,25815009.951359298,196652130.5825553,50,0,0
Z3,19,1, 720,15744.0,0.051017,308603.014681,308704.0,1.0,2,6e-05,61720.602936,61720.602936,8452985.971308898,25536698.0344285,1012118.5512873,25815009.951359298,196652130.5825553,50,0,0
Z3,20,1, 720,16024.0,0.051004,314171.437534,314192.0,1.0,2,6e-05,62834.287507,62834.287507,8452985.971308898,25536698.0344285,1012118.5512873,25815009.951359298,196652130.5825553,50,0,0
Z3,21,1, 720,11576.0,0.051028,226855.84385,226976.0,1.0,2,6e-05,45371.16877,45371.16877,8452985.971308898,25536698.0344285,1012118.5512873,25815009.951359298,196652130.5825553,50,0,0
Z3,22,1, 720,10816.0,0.051092,211696.547405,212072.0,1.0,2,6e-05,42339.309481,42339.309481,8452985.971308898,25536698.0344285,1012118.5512873,25815009.951359298,196652130.5825553,50,0,0
Z3,23,1, 720,13224.0,0.051077,258903.224543,259288.0,1.0,2,6e-05,51780.644909,51780.644909,8452985.971308898,25536698.0344285,1012118.5512873,25815009.951359298,196652130.5825553,50,0,0
Z3,24,1, 720,17528.0,0.051098,343027.124349,343680.0,1.0,2,6e-05,68605.42487,68605.42487,8452985.971308898,25536698.0344285,1012118.5512873,25815009.951359298,196652130.5825553,50,0,0
Z3,25,1, 720,23824.0,0.051148,465785.563463,467136.0,1.0,2,6e-05,93157.112693,93157.112693,8452985.971308898,25536698.0344285,1012118.5512873,25815009.951359298,196652130.5825553,50,0,0
Z3,26,1, 720,11024.0,0.051003,216144.148383,216152.0,1.0,2,6e-05,43228.829677,43228.829677,8452985.971308898,25536698.0344285,1012118.5512873,25815009.951359298,196652130.5825553,50,0,0
Z3,27,1, 720,15112.0,0.051068,295919.166601,296312.0,1.0,2,6e-05,59183.83332,59183.83332,8452985.971308898,25536698.0344285,1012118.5512873,25815009.951359298,196652130.5825553,50,0,0
Z3,28,1, 720,24552.0,0.051139,480103.24801,481408.0,1.0,2,6e-05,96020.649602,96020.649602,8452985.971308898,25536698.0344285,1012118.5512873,25815009.951359298,196652130.5825553,50,0,0
Z3,29,1, 720,10824.0,0.051048,212035.731077,212232.0,1.0,2,6e-05,42407.146215,42407.146215,8452985.971308898,25536698.0344285,1012118.5512873,25815009.951359298,196652130.5825553,50,0,0
Z3,30,1, 720,6872.0,0.051033,134657.966414,134744.0,1.0,2,6e-05,26931.593283,26931.593283,8452985.971308898,25536698.0344285,1012118.5512873,25815009.951359298,196652130.5825553,50,0,0
Z3,31,1, 720,6872.0,0.051013,134710.760002,134744.0,1.0,2,6e-05,26942.152,26942.152,8452985.971308898,25536698.0344285,1012118.5512873,25815009.951359298,196652130.5825553,50,0,0
Z3,32,1, 720,6376.0,0.051038,124926.525334,125016.0,1.0,2,6e-05,24985.305067,24985.305067,8452985.971308898,25536698.0344285,1012118.5512873,25815009.951359298,196652130.5825553,50,0,0
Z3,33,1, 720,6872.0,0.050941,134901.160166,137440.0,1.0,2,6e-05,26980.232033,26980.232033,8452985.971308898,25536698.0344285,1012118.5512873,25815009.951359298,196652130.5825553,50,0,0
Z3,34,1, 720,6872.0,0.051028,134671.160931,134744.0,1.0,2,6e-05,26934.232186,26934.232186,8452985.971308898,25536698.0344285,1012118.5512873,25815009.951359298,196652130.5825553,50,0,0
Z3,35,1, 720,6376.0,0.051009,124997.549452,125016.0,1.0,2,6e-05,24999.50989,24999.50989,8452985.971308898,25536698.0344285,1012118.5512873,25815009.951359298,196652130.5825553,50,0,0
Z3,36,1, 720,6872.0,0.050988,134776.81023,137440.0,1.0,2,6e-05,26955.362046,26955.362046,8452985.971308898,25536698.0344285,1012118.5512873,25815009.951359298,196652130.5825553,50,0,0
Z3,37,1, 720,6872.0,0.050989,134774.166977,137440.0,1.0,2,6e-05,26954.833395,26954.833395,8452985.971308898,25536698.0344285,1012118.5512873,25815009.951359298,196652130.5825553,50,0,0
Z3,38,1, 720,6376.0,0.050987,125051.483712,127520.0,1.0,2,6e-05,25010.296742,25010.296742,8452985.971308898,25536698.0344285,1012118.5512873,25815009.951359298,196652130.5825553,50,0,0
Z1,0,2, 720,18392.0,0.171067,107513.43041,107552.0,1.0,2,2.82126,46512.982824,46512.982824,8452985.971308898,25536698.0344285,1012118.5512873,25815009.951359298,196652130.5825553,50,0,0
Z2,0,2, 720,7080.0,0.172759,40981.945948,41160.0,1.0,2,2.82126,33206.685932,33206.685932,8452985.971308898,25536698.0344285,1012118.5512873,25815009.951359298,196652130.5825553,50,0,0
Z2,1,2, 720,12648.0,0.05099,248048.636988,252960.0,1.0,2,2.82126,74620.02414,74620.02414,8452985.971308898,25536698.0344285,1012118.5512873,25815009.951359298,196652130.5825553,50,0,0
Z2,2,2, 720,15344.0,0.050978,300992.585037,306880.0,1.0,2,2.82126,85208.81375,85208.81375,8452985.971308898,25536698.0344285,1012118.5512873,25815009.951359298,196652130.5825553,50,0,0
Z2,3,2, 720,9160.0,0.050945,179801.746982,183200.0,1.0,2,2.82126,60970.646139,60970.646139,8452985.971308898,25536698.0344285,1012118.5512873,25815009.951359298,196652130.5825553,50,0,0
Z2,4,2, 720,8048.0,0.050892,158138.803741,160960.0,1.0,2,2.82126,56638.057491,56638.057491,8452985.971308898,25536698.0344285,1012118.5512873,25815009.951359298,196652130.5825553,50,0,0
Z2,5,2, 720,9320.0,0.050976,182831.136221,186400.0,1.0,2,2.82126,61576.523987,61576.523987,8452985.971308898,25536698.0344285,1012118.5512873,25815009.951359298,196652130.5825553,50,0,0
Z2,6,2, 720,6376.0,0.050899,125267.686988,127520.0,1.0,2,2.82126,50063.83414,50063.83414,8452985.971308898,25536698.0344285,1012118.5512873,25815009.951359298,196652130.5825553,50,0,0
Z2,7,2, 720,6872.0,0.050886,135046.967732,137440.0,1.0,2,2.82126,52019.690289,52019.690289,8452985.971308898,25536698.0344285,1012118.5512873,25815009.951359298,196652130.5825553,50,0,0
Z3,0,2, 720,6624.0,0.172746,38345.316245,38504.0,1.0,2,2.82126,32679.359991,32679.359991,8452985.971308898,25536698.0344285,1012118.5512873,25815009.951359298,196652130.5825553,50,0,0
Z3,1,2, 720,5424.0,0.050958,106440.59814,108480.0,1.0,2,2.82126,46298.41637,46298.41637,8452985.971308898,25536698.0344285,1012118.5512873,25815009.951359298,196652130.5825553,50,0,0
Z3,2,2, 720,7080.0,0.050913,139060.750692,141600.0,1.0,2,2.82126,52822.446881,52822.446881,8452985.971308898,25536698.0344285,1012118.5512873,25815009.951359298,196652130.5825553,50,0,0
Z3,3,2, 720,7080.0,0.050881,139148.208565,141600.0,1.0,2,2.82126,52839.938455,52839.938455,8452985.971308898,25536698.0344285,1012118.5512873,25815009.951359298,196652130.5825553,50,0,0
Z3,4,2, 720,5664.0,0.050926,111220.201862,113280.0,1.0,2,2.82126,47254.337115,47254.337115,8452985.971308898,25536698.0344285,1012118.5512873,25815009.951359298,196652130.5825553,50,0,0
Z3,5,2, 720,7080.0,0.050931,139011.603935,141600.0,1.0,2,2.82126,52812.617529,52812.617529,8452985.971308898,25536698.0344285,1012118.5512873,25815009.951359298,196652130.5825553,50,0,0
Z3,6,2, 720,7080.0,0.050931,139011.603935,141600.0,1.0,2,2.82126,52812.617529,52812.617529,8452985.971308898,25536698.0344285,1012118.5512873,25815009.951359298,196652130.5825553,50,0,0
Z3,7,2, 720,5664.0,0.050897,111283.572706,113280.0,1.0,2,2.82126,47267.011283,47267.011283,8452985.971308898,25536698.0344285,1012118.5512873,25815009.951359298,196652130.5825553,50,0,0
Z3,8,2, 720,7080.0,0.050951,138957.037153,141600.0,1.0,2,2.82126,52801.704173,52801.704173,8452985.971308898,25536698.0344285,1012118.5512873,25815009.951359298,196652130.5825553,50,0,0
Z3,9,2, 720,7080.0,0.050945,138973.402689,141600.0,1.0,2,2.82126,52804.97728,52804.97728,8452985.971308898,25536698.0344285,1012118.5512873,25815009.951359298,196652130.5825553,50,0,0
Z3,10,2, 720,5664.0,0.050926,111220.201862,113280.0,1.0,2,2.82126,47254.337115,47254.337115,8452985.971308898,25536698.0344285,1012118.5512873,25815009.951359298,196652130.5825553,50,0,0
Z3,11,2, 720,7080.0,0.050939,138989.77208,141600.0,1.0,2,2.82126,52808.251158,52808.251158,8452985.971308898,25536698.0344285,1012118.5512873,25815009.951359298,196652130.5825553,50,0,0
Z3,12,2, 720,17112.0,0.051017,335417.605896,335528.0,1.0,2,2.82126,92093.817922,92093.817922,8452985.971308898,25536698.0344285,1012118.5512873,25815009.951359298,196652130.5825553,50,0,0
Z3,13,2, 720,15320.0,0.051096,299827.775168,300392.0,1.0,2,2.82126,84975.851776,84975.851776,8452985.971308898,25536698.0344285,1012118.5512873,25815009.951359298,196652130.5825553,50,0,0
Z3,14,2, 720,10704.0,0.051003,209870.007647,209880.0,1.0,2,2.82126,66984.298272,66984.298272,8452985.971308898,25536698.0344285,1012118.5512873,25815009.951359298,196652130.5825553,50,0,0
Z3,15,2, 720,18776.0,0.051008,368099.121706,368152.0,1.0,2,2.82126,98630.121084,98630.121084,8452985.971308898,25536698.0344285,1012118.5512873,25815009.951359298,196652130.5825553,50,0,0
Z3,16,2, 720,21848.0,0.051056,427922.281416,428392.0,1.0,2,2.82126,110594.753026,110594.753026,8452985.971308898,25536698.0344285,1012118.5512873,25815009.951359298,196652130.5825553,50,0,0
Z3,17,2, 720,12752.0,0.051,250039.215686,250032.0,1.0,2,2.82126,75018.13988,75018.13988,8452985.971308898,25536698.0344285,1012118.5512873,25815009.951359298,196652130.5825553,50,0,0
Z3,18,2, 720,21856.0,0.051031,428288.687269,428544.0,1.0,2,2.82126,110668.034196,110668.034196,8452985.971308898,25536698.0344285,1012118.5512873,25815009.951359298,196652130.5825553,50,0,0
Z3,19,2, 720,16880.0,0.051013,330896.046106,330976.0,1.0,2,2.82126,91189.505963,91189.505963,8452985.971308898,25536698.0344285,1012118.5512873,25815009.951359298,196652130.5825553,50,0,0
Z3,20,2, 720,12128.0,0.050988,237859.888601,242560.0,1.0,2,2.82126,72582.274463,72582.274463,8452985.971308898,25536698.0344285,1012118.5512873,25815009.951359298,196652130.5825553,50,0,0
Z3,21,2, 720,11592.0,0.050968,227436.823105,231840.0,1.0,2,2.82126,70497.661363,70497.661363,8452985.971308898,25536698.0344285,1012118.5512873,25815009.951359298,196652130.5825553,50,0,0
Z3,22,2, 720,9952.0,0.050901,195516.787489,199040.0,1.0,2,2.82126,64113.65424,64113.65424,8452985.971308898,25536698.0344285,1012118.5512873,25815009.951359298,196652130.5825553,50,0,0
Z3,23,2, 720,11064.0,0.050925,217260.677467,221280.0,1.0,2,2.82126,68462.432236,68462.432236,8452985.971308898,25536698.0344285,1012118.5512873,25815009.951359298,196652130.5825553,50,0,0
Z3,24,2, 720,14728.0,0.050974,288931.612194,294560.0,1.0,2,2.82126,82796.619181,82796.619181,8452985.971308898,25536698.0344285,1012118.5512873,25815009.951359298,196652130.5825553,50,0,0
Z3,25,2, 720,16264.0,0.050919,319409.257841,325280.0,1.0,2,2.82126,88892.14831,88892.14831,8452985.971308898,25536698.0344285,1012118.5512873,25815009.951359298,196652130.5825553,50,0,0
Z3,26,2, 720,9504.0,0.05092,186645.718775,190080.0,1.0,2,2.82126,62339.440497,62339.440497,8452985.971308898,25536698.0344285,1012118.5512873,25815009.951359298,196652130.5825553,50,0,0
Z3,27,2, 720,12688.0,0.050915,249199.64647,253760.0,1.0,2,2.82126,74850.226036,74850.226036,8452985.971308898,25536698.0344285,1012118.5512873,25815009.951359298,196652130.5825553,50,0,0
Z3,28,2, 720,17320.0,0.051018,339488.023835,339600.0,1.0,2,2.82126,92907.901509,92907.901509,8452985.971308898,25536698.0344285,1012118.5512873,25815009.951359298,196652130.5825553,50,0,0
Z3,29,2, 720,10632.0,0.050976,208568.73823,212640.0,1.0,2,2.82126,66724.044388,66724.044388,8452985.971308898,25536698.0344285,1012118.5512873,25815009.951359298,196652130.5825553,50,0,0
Z3,30,2, 720,6872.0,0.050867,135097.410895,137440.0,1.0,2,2.82126,52029.778921,52029.778921,8452985.971308898,25536698.0344285,1012118.5512873,25815009.951359298,196652130.5825553,50,0,0
Z3,31,2, 720,6872.0,0.050945,134890.56826,137440.0,1.0,2,2.82126,51988.410394,51988.410394,8452985.971308898,25536698.0344285,1012118.5512873,25815009.951359298,196652130.5825553,50,0,0
Z3,32,2, 720,6376.0,0.050818,125467.354087,127520.0,1.0,2,2.82126,50103.76756,50103.76756,8452985.971308898,25536698.0344285,1012118.5512873,25815009.951359298,196652130.5825553,50,0,0
Z3,33,2, 720,6872.0,0.050851,135139.918586,137440.0,1.0,2,2.82126,52038.280459,52038.280459,8452985.971308898,25536698.0344285,1012118.5512873,25815009.951359298,196652130.5825553,50,0,0
Z3,34,2, 720,6872.0,0.050891,135033.699475,137440.0,1.0,2,2.82126,52017.036637,52017.036637,8452985.971308898,25536698.0344285,1012118.5512873,25815009.951359298,196652130.5825553,50,0,0
Z3,35,2, 720,6376.0,0.05087,125339.099666,127520.0,1.0,2,2.82126,50078.116675,50078.116675,8452985.971308898,25536698.0344285,1012118.5512873,25815009.951359298,196652130.5825553,50,0,0
Z3,36,2, 720,6872.0,0.05087,135089.44368,137440.0,1.0,2,2.82126,52028.185478,52028.185478,8452985.971308898,25536698.0344285,1012118.5512873,25815009.951359298,196652130.5825553,50,0,0
Z3,37,2, 720,6872.0,0.050848,135147.891756,137440.0,1.0,2,2.82126,52039.875093,52039.875093,8452985.971308898,25536698.0344285,1012118.5512873,25815009.951359298,196652130.5825553,50,0,0
Z3,38,2, 720,6376.0,0.050882,125309.539719,127520.0,1.0,2,2.82126,50072.204686,50072.204686,8452985.971308898,25536698.0344285,1012118.5512873,25815009.951359298,196652130.5825553,50,0,0
Z1,0,3, 720,9896.0,0.17224,57454.714352,57528.0,1.0,2,5.637241,61563.147557,61563.147557,8452985.971308898,25536698.0344285,1012118.5512873,25815009.951359298,196652130.5825553,50,0,0
Z2,0,3, 720,6624.0,0.172474,38405.788699,38504.0,1.0,2,5.637241,57753.362426,57753.362426,8452985.971308898,25536698.0344285,1012118.5512873,25815009.951359298,196652130.5825553,50,0,0
Z2,1,3, 720,5424.0,0.050867,106631.018145,108480.0,1.0,2,5.637241,71398.408315,71398.408315,8452985.971308898,25536698.0344285,1012118.5512873,25815009.951359298,196652130.5825553,50,0,0
Z2,2,3, 720,7080.0,0.05086,139205.662603,141600.0,1.0,2,5.637241,77913.337207,77913.337207,8452985.971308898,25536698.0344285,1012118.5512873,25815009.951359298,196652130.5825553,50,0,0
Z2,3,3, 720,18632.0,0.051023,365168.649433,365328.0,1.0,2,5.637241,123105.934573,123105.934573,8452985.971308898,25536698.0344285,1012118.5512873,25815009.951359298,196652130.5825553,50,0,0
Z2,4,3, 720,9664.0,0.050848,190056.639396,193280.0,1.0,2,5.637241,88083.532565,88083.532565,8452985.971308898,25536698.0344285,1012118.5512873,25815009.951359298,196652130.5825553,50,0,0
Z2,5,3, 720,8424.0,0.050866,165611.606967,168480.0,1.0,2,5.637241,83194.52608,83194.52608,8452985.971308898,25536698.0344285,1012118.5512873,25815009.951359298,196652130.5825553,50,0,0
Z2,6,3, 720,6376.0,0.050733,125677.56687,127520.0,1.0,2,5.637241,75207.71806,75207.71806,8452985.971308898,25536698.0344285,1012118.5512873,25815009.951359298,196652130.5825553,50,0,0
Z2,7,3, 720,6872.0,0.050794,135291.56987,137440.0,1.0,2,5.637241,77130.51866,77130.51866,8452985.971308898,25536698.0344285,1012118.5512873,25815009.951359298,196652130.5825553,50,0,0
Z3,0,3, 720,7080.0,0.171529,41275.819249,41400.0,1.0,2,5.637241,58327.368536,58327.368536,8452985.971308898,25536698.0344285,1012118.5512873,25815009.951359298,196652130.5825553,50,0,0
Z3,1,3, 720,7080.0,0.050858,139211.136891,141600.0,1.0,2,5.637241,77914.432064,77914.432064,8452985.971308898,25536698.0344285,1012118.5512873,25815009.951359298,196652130.5825553,50,0,0
Z3,2,3, 720,5664.0,0.051001,111056.645948,111056.0,1.0,2,5.637241,72283.533876,72283.533876,8452985.971308898,25536698.0344285,1012118.5512873,25815009.951359298,196652130.5825553,50,0,0
Z3,3,3, 720,7080.0,0.050908,139074.408737,141600.0,1.0,2,5.637241,77887.086434,77887.086434,8452985.971308898,25536698.0344285,1012118.5512873,25815009.951359298,196652130.5825553,50,0,0
Z3,4,3, 720,7080.0,0.051012,138790.872736,138816.0,1.0,2,5.637241,77830.379233,77830.379233,8452985.971308898,25536698.0344285,1012118.5512873,25815009.951359298,196652130.5825553,50,0,0
Z3,5,3, 720,5664.0,0.050961,111143.815859,113280.0,1.0,2,5.637241,72300.967858,72300.967858,8452985.971308898,25536698.0344285,1012118.5512873,25815009.951359298,196652130.5825553,50,0,0
Z3,6,3, 720,7080.0,0.051008,138801.756587,138816.0,1.0,2,5.637241,77832.556004,77832.556004,8452985.971308898,25536698.0344285,1012118.5512873,25815009.951359298,196652130.5825553,50,0,0
Z3,7,3, 720,7080.0,0.051009,138799.035464,138816.0,1.0,2,5.637241,77832.011779,77832.011779,8452985.971308898,25536698.0344285,1012118.5512873,25815009.951359298,196652130.5825553,50,0,0
Z3,8,3, 720,5664.0,0.050993,111074.06899,113280.0,1.0,2,5.637241,72287.018484,72287.018484,8452985.971308898,25536698.0344285,1012118.5512873,25815009.951359298,196652130.5825553,50,0,0
Z3,9,3, 720,7080.0,0.051012,138790.872736,138816.0,1.0,2,5.637241,77830.379233,77830.379233,8452985.971308898,25536698.0344285,1012118.5512873,25815009.951359298,196652130.5825553,50,0,0
Z3,10,3, 720,14120.0,0.051037,276662.029508,276856.0,1.0,2,5.637241,105404.610588,105404.610588,8452985.971308898,25536698.0344285,1012118.5512873,25815009.951359298,196652130.5825553,50,0,0
Z3,11,3, 720,17536.0,0.051057,343459.271011,343840.0,1.0,2,5.637241,118764.058888,118764.058888,8452985.971308898,25536698.0344285,1012118.5512873,25815009.951359298,196652130.5825553,50,0,0
Z3,12,3, 720,16008.0,0.051079,313396.895006,313880.0,1.0,2,5.637241,112751.583687,112751.583687,8452985.971308898,25536698.0344285,1012118.5512873,25815009.951359298,196652130.5825553,50,0,0
Z3,13,3, 720,10896.0,0.051131,213099.685123,213640.0,1.0,2,5.637241,92692.141711,92692.141711,8452985.971308898,25536698.0344285,1012118.5512873,25815009.951359298,196652130.5825553,50,0,0
Z3,14,3, 720,19720.0,0.051005,386628.761886,386664.0,1.0,2,5.637241,127397.957063,127397.957063,8452985.971308898,25536698.0344285,1012118.5512873,25815009.951359298,196652130.5825553,50,0,0
Z3,15,3, 720,20104.0,0.051097,393447.756228,394192.0,1.0,2,5.637241,128761.755932,128761.755932,8452985.971308898,25536698.0344285,1012118.5512873,25815009.951359298,196652130.5825553,50,0,0
Z3,16,3, 720,12504.0,0.051077,244806.860231,245176.0,1.0,2,5.637241,99033.576732,99033.576732,8452985.971308898,25536698.0344285,1012118.5512873,25815009.951359298,196652130.5825553,50,0,0
Z3,17,3, 720,23072.0,0.051286,449869.360059,452392.0,1.0,2,5.637241,140046.076698,140046.076698,8452985.971308898,25536698.0344285,1012118.5512873,25815009.951359298,196652130.5825553,50,0,0
Z3,18,3, 720,18112.0,0.051061,354712.990345,355136.0,1.0,2,5.637241,121014.802755,121014.802755,8452985.971308898,25536698.0344285,1012118.5512873,25815009.951359298,196652130.5825553,50,0,0
Z3,19,3, 720,12544.0,0.051102,245469.844624,245960.0,1.0,2,5.637241,99166.173611,99166.173611,8452985.971308898,25536698.0344285,1012118.5512873,25815009.951359298,196652130.5825553,50,0,0
Z3,20,3, 720,15304.0,0.050951,300367.019293,306080.0,1.0,2,5.637241,110145.608545,110145.608545,8452985.971308898,25536698.0344285,1012118.5512873,25815009.951359298,196652130.5825553,50,0,0
Z3,21,3, 720,12280.0,0.050997,240798.478342,245600.0,1.0,2,5.637241,98231.900355,98231.900355,8452985.971308898,25536698.0344285,1012118.5512873,25815009.951359298,196652130.5825553,50,0,0
Z3,22,3, 720,10368.0,0.051023,203202.477314,203288.0,1.0,2,5.637241,90712.700149,90712.700149,8452985.971308898,25536698.0344285,1012118.5512873,25815009.951359298,196652130.5825553,50,0,0
Z3,23,3, 720,10520.0,0.050961,206432.369851,210400.0,1.0,2,5.637241,91358.678656,91358.678656,8452985.971308898,25536698.0344285,1012118.5512873,25815009.951359298,196652130.5825553,50,0,0
Z3,24,3, 720,15288.0,0.050982,299870.542544,305760.0,1.0,2,5.637241,110046.313195,110046.313195,8452985.971308898,25536698.0344285,1012118.5512873,25815009.951359298,196652130.5825553,50,0,0
Z3,25,3, 720,16344.0,0.051051,320150.437797,320464.0,1.0,2,5.637241,114102.292246,114102.292246,8452985.971308898,25536698.0344285,1012118.5512873,25815009.951359298,196652130.5825553,50,0,0
Z3,26,3, 720,9016.0,0.051105,176421.093826,176784.0,1.0,2,5.637241,85356.423451,85356.423451,8452985.971308898,25536698.0344285,1012118.5512873,25815009.951359298,196652130.5825553,50,0,0
Z3,27,3, 720,13800.0,0.051074,270196.185926,270584.0,1.0,2,5.637241,104111.441871,104111.441871,8452985.971308898,25536698.0344285,1012118.5512873,25815009.951359298,196652130.5825553,50,0,0
Z3,28,3, 720,17664.0,0.051073,345857.889687,346352.0,1.0,2,5.637241,119243.782624,119243.782624,8452985.971308898,25536698.0344285,1012118.5512873,25815009.951359298,196652130.5825553,50,0,0
Z3,29,3, 720,10240.0,0.051066,200524.811029,200784.0,1.0,2,5.637241,90177.166892,90177.166892,8452985.971308898,25536698.0344285,1012118.5512873,25815009.951359298,196652130.5825553,50,0,0
Z3,30,3, 720,6872.0,0.051014,134708.11934,134744.0,1.0,2,5.637241,77013.828554,77013.828554,8452985.971308898,25536698.0344285,1012118.5512873,25815009.951359298,196652130.5825553,50,0,0
Z3,31,3, 720,6872.0,0.050995,134758.309638,137440.0,1.0,2,5.637241,77023.866614,77023.866614,8452985.971308898,25536698.0344285,1012118.5512873,25815009.951359298,196652130.5825553,50,0,0
Z3,32,3, 720,6376.0,0.050979,125071.107711,127520.0,1.0,2,5.637241,75086.426228,75086.426228,8452985.971308898,25536698.0344285,1012118.5512873,25815009.951359298,196652130.5825553,50,0,0
Z3,33,3, 720,6872.0,0.051004,134734.530625,134744.0,1.0,2,5.637241,77019.110811,77019.110811,8452985.971308898,25536698.0344285,1012118.5512873,25815009.951359298,196652130.5825553,50,0,0
Z3,34,3, 720,6872.0,0.051037,134647.412661,134744.0,1.0,2,5.637241,77001.687218,77001.687218,8452985.971308898,25536698.0344285,1012118.5512873,25815009.951359298,196652130.5825553,50,0,0
Z3,35,3, 720,6376.0,0.051009,124997.549452,125016.0,1.0,2,5.637241,75071.714577,75071.714577,8452985.971308898,25536698.0344285,1012118.5512873,25815009.951359298,196652130.5825553,50,0,0
Z3,36,3, 720,6872.0,0.050991,134768.880783,137440.0,1.0,2,5.637241,77025.980843,77025.980843,8452985.971308898,25536698.0344285,1012118.5512873,25815009.951359298,196652130.5825553,50,0,0
Z3,37,3, 720,6872.0,0.051005,134731.88903,134744.0,1.0,2,5.637241,77018.582492,77018.582492,8452985.971308898,25536698.0344285,1012118.5512873,25815009.951359298,196652130.5825553,50,0,0
Z3,38,3, 720,6376.0,0.050992,125039.221839,127520.0,1.0,2,5.637241,75080.049054,75080.049054,8452985.971308898,25536698.0344285,1012118.5512873,25815009.951359298,196652130.5825553,50,0,0
Z1,0,4, 720,22592.0,0.17252,130952.932993,131344.0,1.0,2,8.455707,101270.635653,101270.635653,8452985.971308898,25536698.0344285,1012118.5512873,25815009.951359298,196652130.5825553,50,0,0
Z2,0,4, 720,6624.0,0.171887,38536.945784,38736.0,1.0,2,8.455707,82787.438211,82787.438211,8452985.971308898,25536698.0344285,1012118.5512873,25815009.951359298,196652130.5825553,50,0,0
Z2,1,4, 720,6648.0,0.050924,130547.482523,132960.0,1.0,2,8.455707,101189.545559,101189.545559,8452985.971308898,25536698.0344285,1012118.5512873,25815009.951359298,196652130.5825553,50,0,0
Z2,2,4, 720,7200.0,0.051015,141134.960306,141176.0,1.0,2,8.455707,103307.041115,103307.041115,8452985.971308898,25536698.0344285,1012118.5512873,25815009.951359298,196652130.5825553,50,0,0
Z2,3,4, 720,7296.0,0.050954,143187.973466,145920.0,1.0,2,8.455707,103717.643747,103717.643747,8452985.971308898,25536698.0344285,1012118.5512873,25815009.951359298,196652130.5825553,50,0,0
Z2,4,4, 720,17272.0,0.051032,338454.303182,338664.0,1.0,2,8.455707,142770.90969,142770.90969,8452985.971308898,25536698.0344285,1012118.5512873,25815009.951359298,196652130.5825553,50,0,0
Z2,5,4, 720,26240.0,0.051089,513613.498013,514504.0,1.0,2,8.455707,177802.748657,177802.748657,8452985.971308898,25536698.0344285,1012118.5512873,25815009.951359298,196652130.5825553,50,0,0
Z2,6,4, 720,12720.0,0.050818,250305.010036,254400.0,1.0,2,8.455707,125141.051061,125141.051061,8452985.971308898,25536698.0344285,1012118.5512873,25815009.951359298,196652130.5825553,50,0,0
Z2,7,4, 720,11496.0,0.050966,225562.139466,229920.0,1.0,2,8.455707,120192.476947,120192.476947,8452985.971308898,25536698.0344285,1012118.5512873,25815009.951359298,196652130.5825553,50,0,0
Z3,0,4, 720,6448.0,0.173982,37061.305192,37264.0,1.0,2,8.455707,82492.310092,82492.310092,8452985.971308898,25536698.0344285,1012118.5512873,25815009.951359298,196652130.5825553,50,0,0
Z3,1,4, 720,7448.0,0.050981,146093.64273,148960.0,1.0,2,8.455707,104298.7776,104298.7776,8452985.971308898,25536698.0344285,1012118.5512873,25815009.951359298,196652130.5825553,50,0,0
Z3,2,4, 720,7424.0,0.051005,145554.357416,145568.0,1.0,2,8.455707,104190.920537,104190.920537,8452985.971308898,25536698.0344285,1012118.5512873,25815009.951359298,196652130.5825553,50,0,0
Z3,3,4, 720,6648.0,0.050975,130416.871015,132960.0,1.0,2,8.455707,101163.423257,101163.423257,8452985.971308898,25536698.0344285,1012118.5512873,25815009.951359298,196652130.5825553,50,0,0
Z3,4,4, 720,7224.0,0.050999,141649.836271,144480.0,1.0,2,8.455707,103410.016308,103410.016308,8452985.971308898,25536698.0344285,1012118.5512873,25815009.951359298,196652130.5825553,50,0,0
Z3,5,4, 720,7240.0,0.050974,142033.193393,144800.0,1.0,2,8.455707,103486.687732,103486.687732,8452985.971308898,25536698.0344285,1012118.5512873,25815009.951359298,196652130.5825553,50,0,0
Z3,6,4, 720,6648.0,0.050979,130406.638027,132960.0,1.0,2,8.455707,101161.376659,101161.376659,8452985.971308898,25536698.0344285,1012118.5512873,25815009.951359298,196652130.5825553,50,0,0
Z3,7,4, 720,7232.0,0.05099,141831.731712,144640.0,1.0,2,8.455707,103446.395396,103446.395396,8452985.971308898,25536698.0344285,1012118.5512873,25815009.951359298,196652130.5825553,50,0,0
Z3,8,4, 720,7296.0,0.050999,143061.628659,145920.0,1.0,2,8.455707,103692.374786,103692.374786,8452985.971308898,25536698.0344285,1012118.5512873,25815009.951359298,196652130.5825553,50,0,0
Z3,9,4, 720,16456.0,0.051039,322420.110112,322664.0,1.0,2,8.455707,139564.071076,139564.071076,8452985.971308898,25536698.0344285,1012118.5512873,25815009.951359298,196652130.5825553,50,0,0
Z3,10,4, 720,25392.0,0.051079,497112.316216,497880.0,1.0,2,8.455707,174502.512297,174502.512297,8452985.971308898,25536698.0344285,1012118.5512873,25815009.951359298,196652130.5825553,50,0,0
Z3,11,4, 720,21592.0,0.051081,422701.200055,423368.0,1.0,2,8.455707,159620.289065,159620.289065,8452985.971308898,25536698.0344285,1012118.5512873,25815009.951359298,196652130.5825553,50,0,0
Z3,12,4, 720,13528.0,0.051058,264953.582201,265248.0,1.0,2,8.455707,128070.765494,128070.765494,8452985.971308898,25536698.0344285,1012118.5512873,25815009.951359298,196652130.5825553,50,0,0
Z3,13,4, 720,29512.0,0.051101,577522.944756,578664.0,1.0,2,8.455707,190584.638005,190584.638005,8452985.971308898,25536698.0344285,1012118.5512873,25815009.951359298,196652130.5825553,50,0,0
Z3,14,4, 720,29688.0,0.051119,580762.534478,582112.0,1.0,2,8.455707,191232.55595,191232.55595,8452985.971308898,25536698.0344285,1012118.5512873,25815009.951359298,196652130.5825553,50,0,0
Z3,15,4, 720,16760.0,0.051093,328029.279941,328624.0,1.0,2,8.455707,140685.905042,140685.905042,8452985.971308898,25536698.0344285,1012118.5512873,25815009.951359298,196652130.5825553,50,0,0
Z3,16,4, 720,33128.0,0.051145,647727.050543,649568.0,1.0,2,8.455707,204625.459162,204625.459162,8452985.971308898,25536698.0344285,1012118.5512873,25815009.951359298,196652130.5825553,50,0,0
Z3,17,4, 720,26248.0,0.051099,513669.543435,514664.0,1.0,2,8.455707,177813.957741,177813.957741,8452985.971308898,25536698.0344285,1012118.5512873,25815009.951359298,196652130.5825553,50,0,0
Z3,18,4, 720,14624.0,0.050964,286947.649321,292480.0,1.0,2,8.455707,132469.578918,132469.578918,8452985.971308898,25536698.0344285,1012118.5512873,25815009.951359298,196652130.5825553,50,0,0
Z3,19,4, 720,26816.0,0.051102,524754.412743,525800.0,1.0,2,8.455707,180030.931603,180030.931603,8452985.971308898,25536698.0344285,1012118.5512873,25815009.951359298,196652130.5825553,50,0,0
Z3,20,4, 720,23128.0,0.051067,452895.216089,453488.0,1.0,2,8.455707,165659.092272,165659.092272,8452985.971308898,25536698.0344285,1012118.5512873,25815009.951359298,196652130.5825553,50,0,0
Z3,21,4, 720,19440.0,0.051059,380736.011281,381176.0,1.0,2,8.455707,151227.25131,151227.25131,8452985.971308898,25536698.0344285,1012118.5512873,25815009.951359298,196652130.5825553,50,0,0
Z3,22,4, 720,29088.0,0.05113,568902.796792,570352.0,1.0,2,8.455707,188860.608412,188860.608412,8452985.971308898,25536698.0344285,1012118.5512873,25815009.951359298,196652130.5825553,50,0,0
Z3,23,4, 720,29840.0,0.051115,583781.668786,585096.0,1.0,2,8.455707,191836.382811,191836.382811,8452985.971308898,25536698.0344285,1012118.5512873,25815009.951359298,196652130.5825553,50,0,0
Z3,24,4, 720,17200.0,0.050961,337513.000137,344000.0,1.0,2,8.455707,142582.649081,142582.649081,8452985.971308898,25536698.0344285,1012118.5512873,25815009.951359298,196652130.5825553,50,0,0
Z3,25,4, 720,25664.0,0.05113,501936.240954,503208.0,1.0,2,8.455707,175467.297245,175467.297245,8452985.971308898,25536698.0344285,1012118.5512873,25815009.951359298,196652130.5825553,50,0,0
Z3,26,4, 720,26808.0,0.051098,524638.929117,525640.0,1.0,2,8.455707,180007.834877,180007.834877,8452985.971308898,25536698.0344285,1012118.5512873,25815009.951359298,196652130.5825553,50,0,0
Z3,27,4, 720,17472.0,0.051101,341911.117199,342584.0,1.0,2,8.455707,143462.272494,143462.272494,8452985.971308898,25536698.0344285,1012118.5512873,25815009.951359298,196652130.5825553,50,0,0
Z3,28,4, 720,6448.0,0.050985,126468.569187,128960.0,1.0,2,8.455707,100373.762891,100373.762891,8452985.971308898,25536698.0344285,1012118.5512873,25815009.951359298,196652130.5825553,50,0,0
Z3,29,4, 720,7200.0,0.050999,141179.238809,144000.0,1.0,2,8.455707,103315.896816,103315.896816,8452985.971308898,25536698.0344285,1012118.5512873,25815009.951359298,196652130.5825553,50,0,0
Z3,30,4, 720,7520.0,0.051012,147416.294205,147448.0,1.0,2,8.455707,104563.307895,104563.307895,8452985.971308898,25536698.0344285,1012118.5512873,25815009.951359298,196652130.5825553,50,0,0
Z3,31,4, 720,6728.0,0.051008,131900.878294,131920.0,1.0,2,8.455707,101460.224713,101460.224713,8452985.971308898,25536698.0344285,1012118.5512873,25815009.951359298,196652130.5825553,50,0,0
Z3,32,4, 720,7224.0,0.051004,141635.950122,141640.0,1.0,2,8.455707,103407.239078,103407.239078,8452985.971308898,25536698.0344285,1012118.5512873,25815009.951359298,196652130.5825553,50,0,0
Z3,33,4, 720,7256.0,0.050986,142313.576276,145120.0,1.0,2,8.455707,103542.764309,103542.764309,8452985.971308898,25536698.0344285,1012118.5512873,25815009.951359298,196652130.5825553,50,0,0
Z3,34,4, 720,6544.0,0.051014,128278.511781,128312.0,1.0,2,8.455707,100735.75141,100735.75141,8452985.971308898,25536698.0344285,1012118.5512873,25815009.951359298,196652130.5825553,50,0,0
Z3,35,4, 720,12272.0,0.051031,240481.276087,240624.0,1.0,2,8.455707,123176.304271,123176.304271,8452985.971308898,25536698.0344285,1012118.5512873,25815009.951359298,196652130.5825553,50,0,0
Z3,36,4, 720,8544.0,0.051012,167490.002352,167528.0,1.0,2,8.455707,108578.049524,108578.049524,8452985.971308898,25536698.0344285,1012118.5512873,25815009.951359298,196652130.5825553,50,0,0
Z3,37,4, 720,6424.0,0.05097,126034.922503,128480.0,1.0,2,8.455707,100287.033555,100287.033555,8452985.971308898,25536698.0344285,1012118.5512873,25815009.951359298,196652130.5825553,50,0,0
Z3,38,4, 720,6872.0,0.051015,134705.478781,134744.0,1.0,2,8.455707,102021.14481,102021.14481,8452985.971308898,25536698.0344285,1012118.5512873,25815009.951359298,196652130.5825553,50,0,0
Z1,0,5, 720,20272.0,0.171537,118178.585378,118544.0,1.0,2,11.277789,125656.861886,125656.861886,8452985.971308898,25536698.0344285,1012118.5512873,25815009.951359298,196652130.5825553,50,0,0
Z2,0,5, 720,6624.0,0.172699,38355.751915,38504.0,1.0,2,11.277789,109692.295193,109692.295193,8452985.971308898,25536698.0344285,1012118.5512873,25815009.951359298,196652130.5825553,50,0,0
Z2,1,5, 720,7616.0,0.050965,149435.887374,152320.0,1.0,2,11.277789,131908.322285,131908.322285,8452985.971308898,25536698.0344285,1012118.5512873,25815009.951359298,196652130.5825553,50,0,0
Z2,2,5, 720,8792.0,0.051029,172294.185659,172392.0,1.0,2,11.277789,136479.981942,136479.981942,8452985.971308898,25536698.0344285,1012118.5512873,25815009.951359298,196652130.5825553,50,0,0
Z2,3,5, 720,8816.0,0.050985,172913.60204,176320.0,1.0,2,11.277789,136603.865218,136603.865218,8452985.971308898,25536698.0344285,1012118.5512873,25815009.951359298,196652130.5825553,50,0,0
Z2,4,5, 720,14976.0,0.051049,293365.198143,293640.0,1.0,2,11.277789,160694.184439,160694.184439,8452985.971308898,25536698.0344285,1012118.5512873,25815009.951359298,196652130.5825553,50,0,0
Z2,5,5, 720,25312.0,0.051144,494916.314719,496312.0,1.0,2,11.277789,201004.407754,201004.407754,8452985.971308898,25536698.0344285,1012118.5512873,25815009.951359298,196652130.5825553,50,0,0
Z2,6,5, 720,13208.0,0.051068,258635.544764,258976.0,1.0,2,11.277789,153748.253763,153748.253763,8452985.971308898,25536698.0344285,1012118.5512873,25815009.951359298,196652130.5825553,50,0,0
Z2,7,5, 720,16320.0,0.051064,319598.93467,320000.0,1.0,2,11.277789,165940.931744,165940.931744,8452985.971308898,25536698.0344285,1012118.5512873,25815009.951359298,196652130.5825553,50,0,0
Z3,0,5, 720,7712.0,0.17359,44426.522265,44576.0,1.0,2,11.277789,110906.449263,110906.449263,8452985.971308898,25536698.0344285,1012118.5512873,25815009.951359298,196652130.5825553,50,0,0
Z3,1,5, 720,9624.0,0.05094,188928.150766,192480.0,1.0,2,11.277789,139806.774963,139806.774963,8452985.971308898,25536698.0344285,1012118.5512873,25815009.951359298,196652130.5825553,50,0,0
Z3,2,5, 720,9096.0,0.050998,178359.935684,181920.0,1.0,2,11.277789,137693.131947,137693.131947,8452985.971308898,25536698.0344285,1012118.5512873,25815009.951359298,196652130.5825553,50,0,0
Z3,3,5, 720,7632.0,0.050847,150097.350876,152640.0,1.0,2,11.277789,132040.614985,132040.614985,8452985.971308898,25536698.0344285,1012118.5512873,25815009.951359298,196652130.5825553,50,0,0
Z3,4,5, 720,8304.0,0.050918,163085.745709,166080.0,1.0,2,11.277789,134638.293952,134638.293952,8452985.971308898,25536698.0344285,1012118.5512873,25815009.951359298,196652130.5825553,50,0,0
Z3,5,5, 720,8504.0,0.050958,166882.530712,170080.0,1.0,2,11.277789,135397.650952,135397.650952,8452985.971308898,25536698.0344285,1012118.5512873,25815009.951359298,196652130.5825553,50,0,0
Z3,6,5, 720,7384.0,0.050949,144929.242968,147680.0,1.0,2,11.277789,131006.993404,131006.993404,8452985.971308898,25536698.0344285,1012118.5512873,25815009.951359298,196652130.5825553,50,0,0
Z3,7,5, 720,8968.0,0.05097,175946.635276,179360.0,1.0,2,11.277789,137210.471865,137210.471865,8452985.971308898,25536698.0344285,1012118.5512873,25815009.951359298,196652130.5825553,50,0,0
Z3,8,5, 720,8912.0,0.050924,175005.891132,178240.0,1.0,2,11.277789,137022.323036,137022.323036,8452985.971308898,25536698.0344285,1012118.5512873,25815009.951359298,196652130.5825553,50,0,0
Z3,9,5, 720,16688.0,0.051002,327202.85479,327208.0,1.0,2,11.277789,167461.715768,167461.715768,8452985.971308898,25536698.0344285,1012118.5512873,25815009.951359298,196652130.5825553,50,0,0
Z3,10,5, 720,23832.0,0.051096,466416.157821,467288.0,1.0,2,11.277789,195304.376374,195304.376374,8452985.971308898,25536698.0344285,1012118.5512873,25815009.951359298,196652130.5825553,50,0,0
Z3,11,5, 720,21144.0,0.051027,414368.863543,414584.0,1.0,2,11.277789,184894.917519,184894.917519,8452985.971308898,25536698.0344285,1012118.5512873,25815009.951359298,196652130.5825553,50,0,0
Z3,12,5, 720,14272.0,0.050972,279996.861022,285440.0,1.0,2,11.277789,158020.517014,158020.517014,8452985.971308898,25536698.0344285,1012118.5512873,25815009.951359298,196652130.5825553,50,0,0
Z3,13,5, 720,27640.0,0.051031,541631.557289,541960.0,1.0,2,11.277789,210347.456268,210347.456268,8452985.971308898,25536698.0344285,1012118.5512873,25815009.951359298,196652130.5825553,50,0,0
Z3,14,5, 720,33288.0,0.051071,651798.476631,652704.0,1.0,2,11.277789,232380.840136,232380.840136,8452985.971308898,25536698.0344285,1012118.5512873,25815009.951359298,196652130.5825553,50,0,0
Z3,15,5, 720,17576.0,0.050962,344884.423688,351520.0,1.0,2,11.277789,170998.029548,170998.029548,8452985.971308898,25536698.0344285,1012118.5512873,25815009.951359298,196652130.5825553,50,0,0
Z3,16,5, 720,34872.0,0.051053,683054.864553,683760.0,1.0,2,11.277789,238632.117721,238632.117721,8452985.971308898,25536698.0344285,1012118.5512873,25815009.951359298,196652130.5825553,50,0,0
Z3,17,5, 720,27336.0,0.051038,535600.924801,536000.0,1.0,2,11.277789,209141.32977,209141.32977,8452985.971308898,25536698.0344285,1012118.5512873,25815009.951359298,196652130.5825553,50,0,0
Z3,18,5, 720,18312.0,0.051012,358974.358974,359056.0,1.0,2,11.277789,173816.016605,173816.016605,8452985.971308898,25536698.0344285,1012118.5512873,25815009.951359298,196652130.5825553,50,0,0
Z3,19,5, 720,41432.0,0.051063,811389.851752,812392.0,1.0,2,11.277789,264299.11516,264299.11516,8452985.971308898,25536698.0344285,1012118.5512873,25815009.951359298,196652130.5825553,50,0,0
Z3,20,5, 720,36760.0,0.05106,719937.328633,720784.0,1.0,2,11.277789,246008.610537,246008.610537,8452985.971308898,25536698.0344285,1012118.5512873,25815009.951359298,196652130.5825553,50,0,0
Z3,21,5, 720,21272.0,0.051065,416567.120337,417096.0,1.0,2,11.277789,185334.568877,185334.568877,8452985.971308898,25536698.0344285,1012118.5512873,25815009.951359298,196652130.5825553,50,0,0
Z3,22,5, 720,43464.0,0.051127,850118.332779,852232.0,1.0,2,11.277789,272044.811366,272044.811366,8452985.971308898,25536698.0344285,1012118.5512873,25815009.951359298,196652130.5825553,50,0,0
Z3,23,5, 720,42000.0,0.051113,821708.762937,823528.0,1.0,2,11.277789,266362.897397,266362.897397,8452985.971308898,25536698.0344285,1012118.5512873,25815009.951359298,196652130.5825553,50,0,0
Z3,24,5, 720,20304.0,0.050987,398219.153902,406080.0,1.0,2,11.277789,181664.97559,181664.97559,8452985.971308898,25536698.0344285,1012118.5512873,25815009.951359298,196652130.5825553,50,0,0
Z3,25,5, 720,32736.0,0.051071,640989.994322,641880.0,1.0,2,11.277789,230219.143674,230219.143674,8452985.971308898,25536698.0344285,1012118.5512873,25815009.951359298,196652130.5825553,50,0,0
Z3,26,5, 720,34608.0,0.051075,677591.776799,678584.0,1.0,2,11.277789,237539.50017,237539.50017,8452985.971308898,25536698.0344285,1012118.5512873,25815009.951359298,196652130.5825553,50,0,0
Z3,27,5, 720,21272.0,0.050942,417572.926073,425440.0,1.0,2,11.277789,185535.730025,185535.730025,8452985.971308898,25536698.0344285,1012118.5512873,25815009.951359298,196652130.5825553,50,0,0
Z3,28,5, 720,8752.0,0.050956,171756.024806,175040.0,1.0,2,11.277789,136372.349771,136372.349771,8452985.971308898,25536698.0344285,1012118.5512873,25815009.951359298,196652130.5825553,50,0,0
Z3,29,5, 720,12760.0,0.050959,250397.378285,255200.0,1.0,2,11.277789,152100.620467,152100.620467,8452985.971308898,25536698.0344285,1012118.5512873,25815009.951359298,196652130.5825553,50,0,0
Z3,30,5, 720,15440.0,0.050923,303202.874929,308800.0,1.0,2,11.277789,162661.719796,162661.719796,8452985.971308898,25536698.0344285,1012118.5512873,25815009.951359298,196652130.5825553,50,0,0
Z3,31,5, 720,10000.0,0.051008,196047.678795,196072.0,1.0,2,11.277789,141230.680569,141230.680569,8452985.971308898,25536698.0344285,1012118.5512873,25815009.951359298,196652130.5825553,50,0,0
Z3,32,5, 720,15200.0,0.050907,298583.69183,304000.0,1.0,2,11.277789,161737.883176,161737.883176,8452985.971308898,25536698.0344285,1012118.5512873,25815009.951359298,196652130.5825553,50,0,0
Z3,33,5, 720,18352.0,0.050925,360373.097693,367040.0,1.0,2,11.277789,174095.764349,174095.764349,8452985.971308898,25536698.0344285,1012118.5512873,25815009.951359298,196652130.5825553,50,0,0
Z3,34,5, 720,11224.0,0.050976,220182.046453,224480.0,1.0,2,11.277789,146057.554101,146057.554101,8452985.971308898,25536698.0344285,1012118.5512873,25815009.951359298,196652130.5825553,50,0,0
Z3,35,5, 720,23240.0,0.051003,455659.471012,455680.0,1.0,2,11.277789,193153.039012,193153.039012,8452985.971308898,25536698.0344285,1012118.5512873,25815009.951359298,196652130.5825553,50,0,0
Z3,36,5, 720,16824.0,0.050989,329953.519387,336480.0,1.0,2,11.277789,168011.848687,168011.848687,8452985.971308898,25536698.0344285,1012118.5512873,25815009.951359298,196652130.5825553,50,0,0
Z3,37,5, 720,9680.0,0.050992,189833.699404,193600.0,1.0,2,11.277789,139987.884691,139987.884691,8452985.971308898,25536698.0344285,1012118.5512873,25815009.951359298,196652130.5825553,50,0,0
Z3,38,5, 720,12888.0,0.050987,252770.314002,257760.0,1.0,2,11.277789,152575.20761,152575.20761,8452985.971308898,25536698.0344285,1012118.5512873,25815009.951359298,196652130.5825553,50,0,0
Z1,0,6, 720,14912.0,0.17309,86151.712982,86192.0,1.0,2,14.097586,144795.253464,144795.253464,8452985.971308898,25536698.0344285,1012118.5512873,25815009.951359298,196652130.5825553,50,0,0
Z2,0,6, 720,6624.0,0.17316,38253.638254,38288.0,1.0,2,14.097586,135215.638519,135215.638519,8452985.971308898,25536698.0344285,1012118.5512873,25815009.951359298,196652130.5825553,50,0,0
Z2,1,6, 720,6768.0,0.050986,132742.321422,135360.0,1.0,2,14.097586,154113.375152,154113.375152,8452985.971308898,25536698.0344285,1012118.5512873,25815009.951359298,196652130.5825553,50,0,0
Z2,2,6, 720,7488.0,0.051018,146771.727626,146816.0,1.0,2,14.097586,156919.256393,156919.256393,8452985.971308898,25536698.0344285,1012118.5512873,25815009.951359298,196652130.5825553,50,0,0
Z2,3,6, 720,7752.0,0.051024,151928.504233,152000.0,1.0,2,14.097586,157950.611715,157950.611715,8452985.971308898,25536698.0344285,1012118.5512873,25815009.951359298,196652130.5825553,50,0,0
Z2,4,6, 720,10768.0,0.051014,211079.311562,211136.0,1.0,2,14.097586,169780.77318,169780.77318,8452985.971308898,25536698.0344285,1012118.5512873,25815009.951359298,196652130.5825553,50,0,0
Z2,5,6, 720,17456.0,0.051014,342180.577881,342272.0,1.0,2,14.097586,196001.026444,196001.026444,8452985.971308898,25536698.0344285,1012118.5512873,25815009.951359298,196652130.5825553,50,0,0
Z2,6,6, 720,9568.0,0.050985,187663.038148,191360.0,1.0,2,14.097586,165097.518498,165097.518498,8452985.971308898,25536698.0344285,1012118.5512873,25815009.951359298,196652130.5825553,50,0,0
Z2,7,6, 720,12800.0,0.051034,250813.183368,250976.0,1.0,2,14.097586,177727.547542,177727.547542,8452985.971308898,25536698.0344285,1012118.5512873,25815009.951359298,196652130.5825553,50,0,0
Z3,0,6, 720,6760.0,0.172762,39128.975122,39296.0,1.0,2,14.097586,135390.705892,135390.705892,8452985.971308898,25536698.0344285,1012118.5512873,25815009.951359298,196652130.5825553,50,0,0
Z3,1,6, 720,8320.0,0.051009,163108.471054,163136.0,1.0,2,14.097586,160186.605079,160186.605079,8452985.971308898,25536698.0344285,1012118.5512873,25815009.951359298,196652130.5825553,50,0,0
Z3,2,6, 720,7800.0,0.05104,152821.316614,152936.0,1.0,2,14.097586,158129.174191,158129.174191,8452985.971308898,25536698.0344285,1012118.5512873,25815009.951359298,196652130.5825553,50,0,0
Z3,3,6, 720,6928.0,0.051015,135803.195139,135840.0,1.0,2,14.097586,154725.549896,154725.549896,8452985.971308898,25536698.0344285,1012118.5512873,25815009.951359298,196652130.5825553,50,0,0
Z3,4,6, 720,7472.0,0.051022,146446.630865,146504.0,1.0,2,14.097586,156854.237041,156854.237041,8452985.971308898,25536698.0344285,1012118.5512873,25815009.951359298,196652130.5825553,50,0,0
Z3,5,6, 720,7416.0,0.051021,145351.913918,145408.0,1.0,2,14.097586,156635.293652,156635.293652,8452985.971308898,25536698.0344285,1012118.5512873,25815009.951359298,196652130.5825553,50,0,0
Z3,6,6, 720,6760.0,0.051004,132538.624422,132544.0,1.0,2,14.097586,154072.635752,154072.635752,8452985.971308898,25536698.0344285,1012118.5512873,25815009.951359298,196652130.5825553,50,0,0
Z3,7,6, 720,7600.0,0.050993,149040.064323,152000.0,1.0,2,14.097586,157372.923733,157372.923733,8452985.971308898,25536698.0344285,1012118.5512873,25815009.951359298,196652130.5825553,50,0,0
Z3,8,6, 720,7600.0,0.050997,149028.374218,152000.0,1.0,2,14.097586,157370.585712,157370.585712,8452985.971308898,25536698.0344285,1012118.5512873,25815009.951359298,196652130.5825553,50,0,0
Z3,9,6, 720,12912.0,0.051031,253022.672493,253176.0,1.0,2,14.097586,178169.445367,178169.445367,8452985.971308898,25536698.0344285,1012118.5512873,25815009.951359298,196652130.5825553,50,0,0
Z3,10,6, 720,17552.0,0.051063,343732.252316,344152.0,1.0,2,14.097586,196311.361331,196311.361331,8452985.971308898,25536698.0344285,1012118.5512873,25815009.951359298,196652130.5825553,50,0,0
Z3,11,6, 720,14968.0,0.051055,293174.028009,293488.0,1.0,2,14.097586,186199.71647,186199.71647,8452985.971308898,25536698.0344285,1012118.5512873,25815009.951359298,196652130.5825553,50,0,0
Z3,12,6, 720,10336.0,0.051015,202607.07635,202664.0,1.0,2,14.097586,168086.326138,168086.326138,8452985.971308898,25536698.0344285,1012118.5512873,25815009.951359298,196652130.5825553,50,0,0
Z3,13,6, 720,18344.0,0.051067,359214.365441,359680.0,1.0,2,14.097586,199407.783956,199407.783956,8452985.971308898,25536698.0344285,1012118.5512873,25815009.951359298,196652130.5825553,50,0,0
Z3,14,6, 720,20456.0,0.05112,400156.494523,401096.0,1.0,2,14.097586,207596.209773,207596.209773,8452985.971308898,25536698.0344285,1012118.5512873,25815009.951359298,196652130.5825553,50,0,0
Z3,15,6, 720,12480.0,0.051042,244504.525685,244704.0,1.0,2,14.097586,176465.816005,176465.816005,8452985.971308898,25536698.0344285,1012118.5512873,25815009.951359298,196652130.5825553,50,0,0
Z3,16,6, 720,18912.0,0.05111,370025.435336,370816.0,1.0,2,14.097586,201569.997935,201569.997935,8452985.971308898,25536698.0344285,1012118.5512873,25815009.951359298,196652130.5825553,50,0,0
Z3,17,6, 720,16112.0,0.050997,315940.153342,322240.0,1.0,2,14.097586,190752.941537,190752.941537,8452985.971308898,25536698.0344285,1012118.5512873,25815009.951359298,196652130.5825553,50,0,0
Z3,18,6, 720,16088.0,0.050955,315729.565303,321760.0,1.0,2,14.097586,190710.823929,190710.823929,8452985.971308898,25536698.0344285,1012118.5512873,25815009.951359298,196652130.5825553,50,0,0
Z3,19,6, 720,31984.0,0.051152,625273.694088,627136.0,1.0,2,14.097586,252619.649686,252619.649686,8452985.971308898,25536698.0344285,1012118.5512873,25815009.951359298,196652130.5825553,50,0,0
Z3,20,6, 720,21472.0,0.051103,420171.027141,421016.0,1.0,2,14.097586,211599.116296,211599.116296,8452985.971308898,25536698.0344285,1012118.5512873,25815009.951359298,196652130.5825553,50,0,0
Z3,21,6, 720,19320.0,0.051104,378052.598622,378816.0,1.0,2,14.097586,203175.430593,203175.430593,8452985.971308898,25536698.0344285,1012118.5512873,25815009.951359298,196652130.5825553,50,0,0
Z3,22,6, 720,33040.0,0.051071,646942.491825,647840.0,1.0,2,14.097586,256953.409233,256953.409233,8452985.971308898,25536698.0344285,1012118.5512873,25815009.951359298,196652130.5825553,50,0,0
Z3,23,6, 720,26472.0,0.051104,518002.504696,519056.0,1.0,2,14.097586,231165.411807,231165.411807,8452985.971308898,25536698.0344285,1012118.5512873,25815009.951359298,196652130.5825553,50,0,0
Z3,24,6, 720,12984.0,0.051056,254308.994046,254584.0,1.0,2,14.097586,178426.709677,178426.709677,8452985.971308898,25536698.0344285,1012118.5512873,25815009.951359298,196652130.5825553,50,0,0
Z3,25,6, 720,21128.0,0.050951,414672.921042,422560.0,1.0,2,14.097586,210499.495076,210499.495076,8452985.971308898,25536698.0344285,1012118.5512873,25815009.951359298,196652130.5825553,50,0,0
Z3,26,6, 720,21576.0,0.051062,422545.141201,423056.0,1.0,2,14.097586,212073.939108,212073.939108,8452985.971308898,25536698.0344285,1012118.5512873,25815009.951359298,196652130.5825553,50,0,0
Z3,27,6, 720,14376.0,0.051084,281418.839558,281880.0,1.0,2,14.097586,183848.67878,183848.67878,8452985.971308898,25536698.0344285,1012118.5512873,25815009.951359298,196652130.5825553,50,0,0
Z3,28,6, 720,7048.0,0.051059,138036.389275,138192.0,1.0,2,14.097586,155172.188723,155172.188723,8452985.971308898,25536698.0344285,1012118.5512873,25815009.951359298,196652130.5825553,50,0,0
Z3,29,6, 720,8656.0,0.051024,169645.656946,169720.0,1.0,2,14.097586,161494.042257,161494.042257,8452985.971308898,25536698.0344285,1012118.5512873,25815009.951359298,196652130.5825553,50,0,0
Z3,30,6, 720,9488.0,0.051012,185995.45205,186032.0,1.0,2,14.097586,164764.001278,164764.001278,8452985.971308898,25536698.0344285,1012118.5512873,25815009.951359298,196652130.5825553,50,0,0
Z3,31,6, 720,8424.0,0.050997,165186.187423,168480.0,1.0,2,14.097586,160602.148353,160602.148353,8452985.971308898,25536698.0344285,1012118.5512873,25815009.951359298,196652130.5825553,50,0,0
Z3,32,6, 720,9328.0,0.051049,182726.400125,182896.0,1.0,2,14.097586,164110.190893,164110.190893,8452985.971308898,25536698.0344285,1012118.5512873,25815009.951359298,196652130.5825553,50,0,0
Z3,33,6, 720,8680.0,0.050908,170503.65365,173600.0,1.0,2,14.097586,161665.641598,161665.641598,8452985.971308898,25536698.0344285,1012118.5512873,25815009.951359298,196652130.5825553,50,0,0
Z3,34,6, 720,7160.0,0.051011,140361.882731,140392.0,1.0,2,14.097586,155637.287414,155637.287414,8452985.971308898,25536698.0344285,1012118.5512873,25815009.951359298,196652130.5825553,50,0,0
Z3,35,6, 720,10360.0,0.051043,202966.126599,203136.0,1.0,2,14.097586,168158.136188,168158.136188,8452985.971308898,25536698.0344285,1012118.5512873,25815009.951359298,196652130.5825553,50,0,0
Z3,36,6, 720,9048.0,0.05107,177168.592128,177408.0,1.0,2,14.097586,162998.629294,162998.629294,8452985.971308898,25536698.0344285,1012118.5512873,25815009.951359298,196652130.5825553,50,0,0
Z3,37,6, 720,7176.0,0.05086,141093.197011,143520.0,1.0,2,14.097586,155783.55027,155783.55027,8452985.971308898,25536698.0344285,1012118.5512873,25815009.951359298,196652130.5825553,50,0,0
Z3,38,6, 720,8768.0,0.050924,172178.147828,175360.0,1.0,2,14.097586,162000.540434,162000.540434,8452985.971308898,25536698.0344285,1012118.5512873,25815009.951359298,196652130.5825553,50,0,0
Z1,0,7, 720,7408.0,0.167716,44169.90627,44352.0,1.0,2,16.920534,145772.613744,145772.613744,8452985.971308898,25536698.0344285,1012118.5512873,25815009.951359298,196652130.5825553,50,0,0
Z2,0,7, 720,6624.0,0.173674,38140.424013,38288.0,1.0,2,16.920534,144566.717292,144566.717292,8452985.971308898,25536698.0344285,1012118.5512873,25815009.951359298,196652130.5825553,50,0,0
Z2,1,7, 720,6792.0,0.05094,133333.333333,135840.0,1.0,2,16.920534,163605.299157,163605.299157,8452985.971308898,25536698.0344285,1012118.5512873,25815009.951359298,196652130.5825553,50,0,0
Z2,2,7, 720,7464.0,0.051004,146341.463415,146352.0,1.0,2,16.920534,166206.925173,166206.925173,8452985.971308898,25536698.0344285,1012118.5512873,25815009.951359298,196652130.5825553,50,0,0
Z2,3,7, 720,10144.0,0.050981,198976.089131,202880.0,1.0,2,16.920534,176733.850316,176733.850316,8452985.971308898,25536698.0344285,1012118.5512873,25815009.951359298,196652130.5825553,50,0,0
Z2,4,7, 720,14352.0,0.051033,281229.792487,281408.0,1.0,2,16.920534,193184.590987,193184.590987,8452985.971308898,25536698.0344285,1012118.5512873,25815009.951359298,196652130.5825553,50,0,0
Z2,5,7, 720,15008.0,0.051026,294124.563948,294272.0,1.0,2,16.920534,195763.545279,195763.545279,8452985.971308898,25536698.0344285,1012118.5512873,25815009.951359298,196652130.5825553,50,0,0
Z2,6,7, 720,7168.0,0.050996,140560.043925,143360.0,1.0,2,16.920534,165050.641275,165050.641275,8452985.971308898,25536698.0344285,1012118.5512873,25815009.951359298,196652130.5825553,50,0,0
Z2,7,7, 720,8160.0,0.051071,159777.564567,160000.0,1.0,2,16.920534,168894.145403,168894.145403,8452985.971308898,25536698.0344285,1012118.5512873,25815009.951359298,196652130.5825553,50,0,0
Z3,0,7, 720,6656.0,0.172351,38618.864991,38696.0,1.0,2,16.920534,144662.405488,144662.405488,8452985.971308898,25536698.0344285,1012118.5512873,25815009.951359298,196652130.5825553,50,0,0
Z3,1,7, 720,7664.0,0.051004,150262.724492,150272.0,1.0,2,16.920534,166991.177388,166991.177388,8452985.971308898,25536698.0344285,1012118.5512873,25815009.951359298,196652130.5825553,50,0,0
Z3,2,7, 720,7664.0,0.051016,150227.379646,150272.0,1.0,2,16.920534,166984.108419,166984.108419,8452985.971308898,25536698.0344285,1012118.5512873,25815009.951359298,196652130.5825553,50,0,0
Z3,3,7, 720,6920.0,0.051007,135667.653459,135680.0,1.0,2,16.920534,164072.163182,164072.163182,8452985.971308898,25536698.0344285,1012118.5512873,25815009.951359298,196652130.5825553,50,0,0
Z3,4,7, 720,7504.0,0.050975,147209.416381,150080.0,1.0,2,16.920534,166380.515766,166380.515766,8452985.971308898,25536698.0344285,1012118.5512873,25815009.951359298,196652130.5825553,50,0,0
Z3,5,7, 720,7480.0,0.050958,146787.550532,149600.0,1.0,2,16.920534,166296.142596,166296.142596,8452985.971308898,25536698.0344285,1012118.5512873,25815009.951359298,196652130.5825553,50,0,0
Z3,6,7, 720,6728.0,0.050963,132017.345918,134560.0,1.0,2,16.920534,163342.101673,163342.101673,8452985.971308898,25536698.0344285,1012118.5512873,25815009.951359298,196652130.5825553,50,0,0
Z3,7,7, 720,7632.0,0.050953,149785.096069,152640.0,1.0,2,16.920534,166895.651704,166895.651704,8452985.971308898,25536698.0344285,1012118.5512873,25815009.951359298,196652130.5825553,50,0,0
Z3,8,7, 720,7392.0,0.050941,145109.047722,147840.0,1.0,2,16.920534,165960.442034,165960.442034,8452985.971308898,25536698.0344285,1012118.5512873,25815009.951359298,196652130.5825553,50,0,0
Z3,9,7, 720,12800.0,0.051003,250965.629473,250976.0,1.0,2,16.920534,187131.758384,187131.758384,8452985.971308898,25536698.0344285,1012118.5512873,25815009.951359298,196652130.5825553,50,0,0
Z3,10,7, 720,16760.0,0.051022,328485.751245,328624.0,1.0,2,16.920534,202635.782739,202635.782739,8452985.971308898,25536698.0344285,1012118.5512873,25815009.951359298,196652130.5825553,50,0,0
Z3,11,7, 720,14104.0,0.05091,277037.910037,282080.0,1.0,2,16.920534,192346.214497,192346.214497,8452985.971308898,25536698.0344285,1012118.5512873,25815009.951359298,196652130.5825553,50,0,0
Z3,12,7, 720,9704.0,0.050891,190682.045941,194080.0,1.0,2,16.920534,175075.041678,175075.041678,8452985.971308898,25536698.0344285,1012118.5512873,25815009.951359298,196652130.5825553,50,0,0
Z3,13,7, 720,17248.0,0.051057,337818.51656,338192.0,1.0,2,16.920534,204502.335802,204502.335802,8452985.971308898,25536698.0344285,1012118.5512873,25815009.951359298,196652130.5825553,50,0,0
Z3,14,7, 720,21552.0,0.051009,422513.674058,422584.0,1.0,2,16.920534,221441.367301,221441.367301,8452985.971308898,25536698.0344285,1012118.5512873,25815009.951359298,196652130.5825553,50,0,0
Z3,15,7, 720,16688.0,0.050991,327273.440411,333760.0,1.0,2,16.920534,202393.320572,202393.320572,8452985.971308898,25536698.0344285,1012118.5512873,25815009.951359298,196652130.5825553,50,0,0
Z3,16,7, 720,23312.0,0.05105,456650.342801,457096.0,1.0,2,16.920534,228268.70105,228268.70105,8452985.971308898,25536698.0344285,1012118.5512873,25815009.951359298,196652130.5825553,50,0,0
Z3,17,7, 720,14952.0,0.050985,293262.724331,299040.0,1.0,2,16.920534,195591.177356,195591.177356,8452985.971308898,25536698.0344285,1012118.5512873,25815009.951359298,196652130.5825553,50,0,0
Z3,18,7, 720,16856.0,0.051019,330386.718673,330504.0,1.0,2,16.920534,203015.976225,203015.976225,8452985.971308898,25536698.0344285,1012118.5512873,25815009.951359298,196652130.5825553,50,0,0
Z3,19,7, 720,23928.0,0.05104,468808.777429,469176.0,1.0,2,16.920534,230700.387976,230700.387976,8452985.971308898,25536698.0344285,1012118.5512873,25815009.951359298,196652130.5825553,50,0,0
Z3,20,7, 720,29544.0,0.051075,578443.465492,579288.0,1.0,2,16.920534,252627.325588,252627.325588,8452985.971308898,25536698.0344285,1012118.5512873,25815009.951359298,196652130.5825553,50,0,0
Z3,21,7, 720,31920.0,0.051083,624865.415109,625880.0,1.0,2,16.920534,261911.715512,261911.715512,8452985.971308898,25536698.0344285,1012118.5512873,25815009.951359298,196652130.5825553,50,0,0
Z3,22,7, 720,15096.0,0.051006,295965.180567,296000.0,1.0,2,16.920534,196131.668603,196131.668603,8452985.971308898,25536698.0344285,1012118.5512873,25815009.951359298,196652130.5825553,50,0,0
Z3,23,7, 720,22296.0,0.050947,437631.263862,445920.0,1.0,2,16.920534,224464.885262,224464.885262,8452985.971308898,25536698.0344285,1012118.5512873,25815009.951359298,196652130.5825553,50,0,0
Z3,24,7, 720,24272.0,0.050995,475968.23218,485440.0,1.0,2,16.920534,232132.278926,232132.278926,8452985.971308898,25536698.0344285,1012118.5512873,25815009.951359298,196652130.5825553,50,0,0
Z3,25,7, 720,13368.0,0.050948,262385.177043,267360.0,1.0,2,16.920534,189415.667898,189415.667898,8452985.971308898,25536698.0344285,1012118.5512873,25815009.951359298,196652130.5825553,50,0,0
Z3,26,7, 720,21768.0,0.050943,427301.101231,435360.0,1.0,2,16.920534,222398.852736,222398.852736,8452985.971308898,25536698.0344285,1012118.5512873,25815009.951359298,196652130.5825553,50,0,0
Z3,27,7, 720,21680.0,0.051047,424706.642898,425096.0,1.0,2,16.920534,221879.961069,221879.961069,8452985.971308898,25536698.0344285,1012118.5512873,25815009.951359298,196652130.5825553,50,0,0
Z3,28,7, 720,9672.0,0.050975,189740.068661,193440.0,1.0,2,16.920534,174886.646222,174886.646222,8452985.971308898,25536698.0344285,1012118.5512873,25815009.951359298,196652130.5825553,50,0,0
Z3,29,7, 720,13368.0,0.051004,262097.090424,262112.0,1.0,2,16.920534,189358.050575,189358.050575,8452985.971308898,25536698.0344285,1012118.5512873,25815009.951359298,196652130.5825553,50,0,0
Z3,30,7, 720,13424.0,0.051011,263158.926506,263208.0,1.0,2,16.920534,189570.417791,189570.417791,8452985.971308898,25536698.0344285,1012118.5512873,25815009.951359298,196652130.5825553,50,0,0
Z3,31,7, 720,8064.0,0.05094,158303.886926,161280.0,1.0,2,16.920534,168599.409875,168599.409875,8452985.971308898,25536698.0344285,1012118.5512873,25815009.951359298,196652130.5825553,50,0,0
Z3,32,7, 720,9424.0,0.051001,184780.690575,184784.0,1.0,2,16.920534,173894.770605,173894.770605,8452985.971308898,25536698.0344285,1012118.5512873,25815009.951359298,196652130.5825553,50,0,0
Z3,33,7, 720,7368.0,0.050891,144780.020043,147360.0,1.0,2,16.920534,165894.636498,165894.636498,8452985.971308898,25536698.0344285,1012118.5512873,25815009.951359298,196652130.5825553,50,0,0
Z3,34,7, 720,8792.0,0.05094,172595.210051,175840.0,1.0,2,16.920534,171457.6745,171457.6745,8452985.971308898,25536698.0344285,1012118.5512873,25815009.951359298,196652130.5825553,50,0,0
Z3,35,7, 720,8568.0,0.050943,168187.974795,171360.0,1.0,2,16.920534,170576.227449,170576.227449,8452985.971308898,25536698.0344285,1012118.5512873,25815009.951359298,196652130.5825553,50,0,0
Z3,36,7, 720,7064.0,0.050948,138651.173746,141280.0,1.0,2,16.920534,164668.867239,164668.867239,8452985.971308898,25536698.0344285,1012118.5512873,25815009.951359298,196652130.5825553,50,0,0
Z3,37,7, 720,10104.0,0.050956,198288.71968,202080.0,1.0,2,16.920534,176596.376426,176596.376426,8452985.971308898,25536698.0344285,1012118.5512873,25815009.951359298,196652130.5825553,50,0,0
Z3,38,7, 720,8640.0,0.050866,169858.058428,172800.0,1.0,2,16.920534,170910.244175,170910.244175,8452985.971308898,25536698.0344285,1012118.5512873,25815009.951359298,196652130.5825553,50,0,0
Z1,0,8, 720,7744.0,0.173966,44514.445351,44760.0,1.0,2,19.735841,154805.288878,154805.288878,8452985.971308898,25536698.0344285,1012118.5512873,25815009.951359298,196652130.5825553,50,0,0
Z2,0,8, 720,6624.0,0.177005,37422.671676,37416.0,1.0,2,19.735841,153386.934143,153386.934143,8452985.971308898,25536698.0344285,1012118.5512873,25815009.951359298,196652130.5825553,50,0,0
Z2,1,8, 720,6968.0,0.050952,136756.162663,139360.0,1.0,2,19.735841,173253.63234,173253.63234,8452985.971308898,25536698.0344285,1012118.5512873,25815009.951359298,196652130.5825553,50,0,0
Z2,2,8, 720,7968.0,0.051064,156039.479868,156232.0,1.0,2,19.735841,177110.295781,177110.295781,8452985.971308898,25536698.0344285,1012118.5512873,25815009.951359298,196652130.5825553,50,0,0
Z2,3,8, 720,12752.0,0.051066,249716.053734,250032.0,1.0,2,19.735841,195845.610555,195845.610555,8452985.971308898,25536698.0344285,1012118.5512873,25815009.951359298,196652130.5825553,50,0,0
Z2,4,8, 720,18720.0,0.050961,367339.730382,374400.0,1.0,2,19.735841,219370.345884,219370.345884,8452985.971308898,25536698.0344285,1012118.5512873,25815009.951359298,196652130.5825553,50,0,0
Z2,5,8, 720,25648.0,0.051075,502163.485071,502896.0,1.0,2,19.735841,246335.096822,246335.096822,8452985.971308898,25536698.0344285,1012118.5512873,25815009.951359298,196652130.5825553,50,0,0
Z2,6,8, 720,9784.0,0.051069,191583.93546,191840.0,1.0,2,19.735841,184219.1869,184219.1869,8452985.971308898,25536698.0344285,1012118.5512873,25815009.951359298,196652130.5825553,50,0,0
Z2,7,8, 720,13192.0,0.051046,258433.569721,258664.0,1.0,2,19.735841,197589.113752,197589.113752,8452985.971308898,25536698.0344285,1012118.5512873,25815009.951359298,196652130.5825553,50,0,0
Z3,0,8, 720,6768.0,0.173132,39091.560197,39120.0,1.0,2,19.735841,153720.711847,153720.711847,8452985.971308898,25536698.0344285,1012118.5512873,25815009.951359298,196652130.5825553,50,0,0
Z3,1,8, 720,8032.0,0.051083,157234.304955,157488.0,1.0,2,19.735841,177349.260799,177349.260799,8452985.971308898,25536698.0344285,1012118.5512873,25815009.951359298,196652130.5825553,50,0,0
Z3,2,8, 720,7872.0,0.050934,154552.950878,157440.0,1.0,2,19.735841,176812.989983,176812.989983,8452985.971308898,25536698.0344285,1012118.5512873,25815009.951359298,196652130.5825553,50,0,0
Z3,3,8, 720,7024.0,0.050968,137811.960446,140480.0,1.0,2,19.735841,173464.791897,173464.791897,8452985.971308898,25536698.0344285,1012118.5512873,25815009.951359298,196652130.5825553,50,0,0
Z3,4,8, 720,7816.0,0.051002,153248.8922,153248.0,1.0,2,19.735841,176552.178248,176552.178248,8452985.971308898,25536698.0344285,1012118.5512873,25815009.951359298,196652130.5825553,50,0,0
Z3,5,8, 720,7936.0,0.050981,155665.836292,158720.0,1.0,2,19.735841,177035.567066,177035.567066,8452985.971308898,25536698.0344285,1012118.5512873,25815009.951359298,196652130.5825553,50,0,0
Z3,6,8, 720,6928.0,0.051012,135811.181683,135840.0,1.0,2,19.735841,173064.636144,173064.636144,8452985.971308898,25536698.0344285,1012118.5512873,25815009.951359298,196652130.5825553,50,0,0
Z3,7,8, 720,8048.0,0.05103,157711.150304,157800.0,1.0,2,19.735841,177444.629868,177444.629868,8452985.971308898,25536698.0344285,1012118.5512873,25815009.951359298,196652130.5825553,50,0,0
Z3,8,8, 720,7664.0,0.050919,150513.560753,153280.0,1.0,2,19.735841,176005.111958,176005.111958,8452985.971308898,25536698.0344285,1012118.5512873,25815009.951359298,196652130.5825553,50,0,0
Z3,9,8, 720,14248.0,0.051025,279235.66879,279368.0,1.0,2,19.735841,201749.533566,201749.533566,8452985.971308898,25536698.0344285,1012118.5512873,25815009.951359298,196652130.5825553,50,0,0
Z3,10,8, 720,19448.0,0.051176,380021.885259,381328.0,1.0,2,19.735841,221906.776859,221906.776859,8452985.971308898,25536698.0344285,1012118.5512873,25815009.951359298,196652130.5825553,50,0,0
Z3,11,8, 720,17344.0,0.051084,339519.22324,340072.0,1.0,2,19.735841,213806.244456,213806.244456,8452985.971308898,25536698.0344285,1012118.5512873,25815009.951359298,196652130.5825553,50,0,0
Z3,12,8, 720,11952.0,0.051038,234178.455269,234352.0,1.0,2,19.735841,192738.090861,192738.090861,8452985.971308898,25536698.0344285,1012118.5512873,25815009.951359298,196652130.5825553,50,0,0
Z3,13,8, 720,25224.0,0.051269,491993.212273,494584.0,1.0,2,19.735841,244301.042262,244301.042262,8452985.971308898,25536698.0344285,1012118.5512873,25815009.951359298,196652130.5825553,50,0,0
Z3,14,8, 720,35992.0,0.051131,703917.388668,705720.0,1.0,2,19.735841,286685.877541,286685.877541,8452985.971308898,25536698.0344285,1012118.5512873,25815009.951359298,196652130.5825553,50,0,0
Z3,15,8, 720,20016.0,0.051085,391817.55897,392464.0,1.0,2,19.735841,224265.911602,224265.911602,8452985.971308898,25536698.0344285,1012118.5512873,25815009.951359298,196652130.5825553,50,0,0
Z3,16,8, 720,36432.0,0.051172,711951.848667,714352.0,1.0,2,19.735841,288292.769541,288292.769541,8452985.971308898,25536698.0344285,1012118.5512873,25815009.951359298,196652130.5825553,50,0,0
Z3,17,8, 720,22472.0,0.051436,436892.448868,440624.0,1.0,2,19.735841,233280.889581,233280.889581,8452985.971308898,25536698.0344285,1012118.5512873,25815009.951359298,196652130.5825553,50,0,0
Z3,18,8, 720,21736.0,0.051021,426020.65816,426192.0,1.0,2,19.735841,231106.53144,231106.53144,8452985.971308898,25536698.0344285,1012118.5512873,25815009.951359298,196652130.5825553,50,0,0
Z3,19,8, 720,16848.0,0.051137,329467.899955,330352.0,1.0,2,19.735841,211795.979799,211795.979799,8452985.971308898,25536698.0344285,1012118.5512873,25815009.951359298,196652130.5825553,50,0,0
Z3,20,8, 720,47160.0,0.051083,923203.414052,924704.0,1.0,2,19.735841,330543.082618,330543.082618,8452985.971308898,25536698.0344285,1012118.5512873,25815009.951359298,196652130.5825553,50,0,0
Z3,21,8, 720,39472.0,0.051124,772083.561537,773960.0,1.0,2,19.735841,300319.112115,300319.112115,8452985.971308898,25536698.0344285,1012118.5512873,25815009.951359298,196652130.5825553,50,0,0
Z3,22,8, 720,26968.0,0.051046,528307.800807,528784.0,1.0,2,19.735841,251563.959969,251563.959969,8452985.971308898,25536698.0344285,1012118.5512873,25815009.951359298,196652130.5825553,50,0,0
Z3,23,8, 720,39776.0,0.051092,778517.184686,779920.0,1.0,2,19.735841,301605.836745,301605.836745,8452985.971308898,25536698.0344285,1012118.5512873,25815009.951359298,196652130.5825553,50,0,0
Z3,24,8, 720,34992.0,0.051139,684252.722971,686112.0,1.0,2,19.735841,282752.944402,282752.944402,8452985.971308898,25536698.0344285,1012118.5512873,25815009.951359298,196652130.5825553,50,0,0
Z3,25,8, 720,22464.0,0.051059,439961.613036,440464.0,1.0,2,19.735841,233894.722415,233894.722415,8452985.971308898,25536698.0344285,1012118.5512873,25815009.951359298,196652130.5825553,50,0,0
Z3,26,8, 720,43144.0,0.051105,844222.678799,845960.0,1.0,2,19.735841,314746.935567,314746.935567,8452985.971308898,25536698.0344285,1012118.5512873,25815009.951359298,196652130.5825553,50,0,0
Z3,27,8, 720,43672.0,0.05114,853969.495503,856312.0,1.0,2,19.735841,316696.298908,316696.298908,8452985.971308898,25536698.0344285,1012118.5512873,25815009.951359298,196652130.5825553,50,0,0
Z3,28,8, 720,18320.0,0.051047,358884.949164,359208.0,1.0,2,19.735841,217679.389641,217679.389641,8452985.971308898,25536698.0344285,1012118.5512873,25815009.951359298,196652130.5825553,50,0,0
Z3,29,8, 720,24560.0,0.05111,480532.185482,481568.0,1.0,2,19.735841,242008.836904,242008.836904,8452985.971308898,25536698.0344285,1012118.5512873,25815009.951359298,196652130.5825553,50,0,0
Z3,30,8, 720,19040.0,0.051017,373208.930357,373328.0,1.0,2,19.735841,220544.185879,220544.185879,8452985.971308898,25536698.0344285,1012118.5512873,25815009.951359298,196652130.5825553,50,0,0
Z3,31,8, 720,20160.0,0.051182,393888.476417,395288.0,1.0,2,19.735841,224680.095091,224680.095091,8452985.971308898,25536698.0344285,1012118.5512873,25815009.951359298,196652130.5825553,50,0,0
Z3,32,8, 720,16496.0,0.051052,323121.523153,323448.0,1.0,2,19.735841,210526.704438,210526.704438,8452985.971308898,25536698.0344285,1012118.5512873,25815009.951359298,196652130.5825553,50,0,0
Z3,33,8, 720,11624.0,0.05103,227787.575936,227920.0,1.0,2,19.735841,191459.914995,191459.914995,8452985.971308898,25536698.0344285,1012118.5512873,25815009.951359298,196652130.5825553,50,0,0
Z3,34,8, 720,21024.0,0.050965,412518.394977,420480.0,1.0,2,19.735841,228406.078803,228406.078803,8452985.971308898,25536698.0344285,1012118.5512873,25815009.951359298,196652130.5825553,50,0,0
Z3,35,8, 720,28496.0,0.051001,558734.142468,558744.0,1.0,2,19.735841,257649.228301,257649.228301,8452985.971308898,25536698.0344285,1012118.5512873,25815009.951359298,196652130.5825553,50,0,0
Z3,36,8, 720,12416.0,0.050963,243627.729922,248320.0,1.0,2,19.735841,194627.945792,194627.945792,8452985.971308898,25536698.0344285,1012118.5512873,25815009.951359298,196652130.5825553,50,0,0
Z3,37,8, 720,17312.0,0.051123,338634.274201,339448.0,1.0,2,19.735841,213629.254648,213629.254648,8452985.971308898,25536698.0344285,1012118.5512873,25815009.951359298,196652130.5825553,50,0,0
Z3,38,8, 720,14664.0,0.051108,286921.812632,287528.0,1.0,2,19.735841,203286.762334,203286.762334,8452985.971308898,25536698.0344285,1012118.5512873,25815009.951359298,196652130.5825553,50,0,0
Z1,0,9, 720,7696.0,0.168878,45571.359206,45808.0,1.0,2,22.565225,185459.938419,185459.938419,8452985.971308898,25536698.0344285,1012118.5512873,25815009.951359298,196652130.5825553,50,0,0
Z2,0,9, 720,6624.0,0.173276,38228.029271,38288.0,1.0,2,22.565225,183991.272432,183991.272432,8452985.971308898,25536698.0344285,1012118.5512873,25815009.951359298,196652130.5825553,50,0,0
Z2,1,9, 720,6776.0,0.050949,132995.740839,135520.0,1.0,2,22.565225,202944.814746,202944.814746,8452985.971308898,25536698.0344285,1012118.5512873,25815009.951359298,196652130.5825553,50,0,0
Z2,2,9, 720,7496.0,0.050885,147312.567554,149920.0,1.0,2,22.565225,205808.180089,205808.180089,8452985.971308898,25536698.0344285,1012118.5512873,25815009.951359298,196652130.5825553,50,0,0
Z2,3,9, 720,16056.0,0.050982,314934.682829,321120.0,1.0,2,22.565225,239332.603144,239332.603144,8452985.971308898,25536698.0344285,1012118.5512873,25815009.951359298,196652130.5825553,50,0,0
Z2,4,9, 720,24464.0,0.05107,479028.784022,479680.0,1.0,2,22.565225,272151.423382,272151.423382,8452985.971308898,25536698.0344285,1012118.5512873,25815009.951359298,196652130.5825553,50,0,0
Z2,5,9, 720,36648.0,0.051074,717547.088538,718584.0,1.0,2,22.565225,319855.084286,319855.084286,8452985.971308898,25536698.0344285,1012118.5512873,25815009.951359298,196652130.5825553,50,0,0
Z2,6,9, 720,11344.0,0.050981,222514.270022,226880.0,1.0,2,22.565225,220848.520582,220848.520582,8452985.971308898,25536698.0344285,1012118.5512873,25815009.951359298,196652130.5825553,50,0,0
Z2,7,9, 720,15808.0,0.050987,310039.81407,316160.0,1.0,2,22.565225,238353.629392,238353.629392,8452985.971308898,25536698.0344285,1012118.5512873,25815009.951359298,196652130.5825553,50,0,0
Z3,0,9, 720,6752.0,0.173,39028.901734,39024.0,1.0,2,22.565225,184151.446925,184151.446925,8452985.971308898,25536698.0344285,1012118.5512873,25815009.951359298,196652130.5825553,50,0,0
Z3,1,9, 720,9824.0,0.051012,192582.137536,192624.0,1.0,2,22.565225,214862.094085,214862.094085,8452985.971308898,25536698.0344285,1012118.5512873,25815009.951359298,196652130.5825553,50,0,0
Z3,2,9, 720,8640.0,0.050986,169458.282666,172800.0,1.0,2,22.565225,210237.323111,210237.323111,8452985.971308898,25536698.0344285,1012118.5512873,25815009.951359298,196652130.5825553,50,0,0
Z3,3,9, 720,7248.0,0.050982,142167.823938,144960.0,1.0,2,22.565225,204779.231366,204779.231366,8452985.971308898,25536698.0344285,1012118.5512873,25815009.951359298,196652130.5825553,50,0,0
Z3,4,9, 720,8336.0,0.050954,163598.539859,166720.0,1.0,2,22.565225,209065.37455,209065.37455,8452985.971308898,25536698.0344285,1012118.5512873,25815009.951359298,196652130.5825553,50,0,0
Z3,5,9, 720,9640.0,0.051009,188986.257327,189016.0,1.0,2,22.565225,214142.918043,214142.918043,8452985.971308898,25536698.0344285,1012118.5512873,25815009.951359298,196652130.5825553,50,0,0
Z3,6,9, 720,10312.0,0.05093,202473.983899,206240.0,1.0,2,22.565225,216840.463358,216840.463358,8452985.971308898,25536698.0344285,1012118.5512873,25815009.951359298,196652130.5825553,50,0,0
Z3,7,9, 720,21208.0,0.050986,415957.321618,424160.0,1.0,2,22.565225,259537.130902,259537.130902,8452985.971308898,25536698.0344285,1012118.5512873,25815009.951359298,196652130.5825553,50,0,0
Z3,8,9, 720,8000.0,0.050886,157214.164996,160000.0,1.0,2,22.565225,207788.499577,207788.499577,8452985.971308898,25536698.0344285,1012118.5512873,25815009.951359298,196652130.5825553,50,0,0
Z3,9,9, 720,16880.0,0.050918,331513.413724,337600.0,1.0,2,22.565225,242648.349323,242648.349323,8452985.971308898,25536698.0344285,1012118.5512873,25815009.951359298,196652130.5825553,50,0,0
Z3,10,9, 720,23240.0,0.05093,456312.585902,464800.0,1.0,2,22.565225,267608.183758,267608.183758,8452985.971308898,25536698.0344285,1012118.5512873,25815009.951359298,196652130.5825553,50,0,0
Z3,11,9, 720,21680.0,0.050991,425173.069757,433600.0,1.0,2,22.565225,261380.280529,261380.280529,8452985.971308898,25536698.0344285,1012118.5512873,25815009.951359298,196652130.5825553,50,0,0
Z3,12,9, 720,16096.0,0.050876,316377.073669,321920.0,1.0,2,22.565225,239621.081312,239621.081312,8452985.971308898,25536698.0344285,1012118.5512873,25815009.951359298,196652130.5825553,50,0,0
Z3,13,9, 720,39872.0,0.05091,783186.014535,797440.0,1.0,2,22.565225,332982.869485,332982.869485,8452985.971308898,25536698.0344285,1012118.5512873,25815009.951359298,196652130.5825553,50,0,0
Z3,14,9, 720,46392.0,0.05107,908400.234972,909640.0,1.0,2,22.565225,358025.713572,358025.713572,8452985.971308898,25536698.0344285,1012118.5512873,25815009.951359298,196652130.5825553,50,0,0
Z3,15,9, 720,26168.0,0.051196,511133.682319,513096.0,1.0,2,22.565225,278572.403042,278572.403042,8452985.971308898,25536698.0344285,1012118.5512873,25815009.951359298,196652130.5825553,50,0,0
Z3,16,9, 720,48816.0,0.051128,954780.159599,957176.0,1.0,2,22.565225,367301.698498,367301.698498,8452985.971308898,25536698.0344285,1012118.5512873,25815009.951359298,196652130.5825553,50,0,0
Z3,17,9, 720,38664.0,0.05108,756930.305403,758112.0,1.0,2,22.565225,327731.727659,327731.727659,8452985.971308898,25536698.0344285,1012118.5512873,25815009.951359298,196652130.5825553,50,0,0
Z3,18,9, 720,26344.0,0.05109,515639.068311,516544.0,1.0,2,22.565225,279473.48024,279473.48024,8452985.971308898,25536698.0344285,1012118.5512873,25815009.951359298,196652130.5825553,50,0,0
Z3,19,9, 720,19912.0,0.05119,388982.22309,390424.0,1.0,2,22.565225,254142.111196,254142.111196,8452985.971308898,25536698.0344285,1012118.5512873,25815009.951359298,196652130.5825553,50,0,0
Z3,20,9, 720,61688.0,0.051221,1204349.778411,1209568.0,1.0,2,22.565225,417215.62226,417215.62226,8452985.971308898,25536698.0344285,1012118.5512873,25815009.951359298,196652130.5825553,50,0,0
Z3,21,9, 720,59200.0,0.051054,1159556.547969,1160784.0,1.0,2,22.565225,408256.976172,408256.976172,8452985.971308898,25536698.0344285,1012118.5512873,25815009.951359298,196652130.5825553,50,0,0
Z3,22,9, 720,41064.0,0.051049,804403.612216,805176.0,1.0,2,22.565225,337226.389021,337226.389021,8452985.971308898,25536698.0344285,1012118.5512873,25815009.951359298,196652130.5825553,50,0,0
Z3,23,9, 720,55576.0,0.051137,1086806.030858,1089720.0,1.0,2,22.565225,393706.87275,393706.87275,8452985.971308898,25536698.0344285,1012118.5512873,25815009.951359298,196652130.5825553,50,0,0
Z3,24,9, 720,50200.0,0.051115,982099.188105,984312.0,1.0,2,22.565225,372765.504199,372765.504199,8452985.971308898,25536698.0344285,1012118.5512873,25815009.951359298,196652130.5825553,50,0,0
Z3,25,9, 720,30056.0,0.051005,589275.561219,589328.0,1.0,2,22.565225,294200.778822,294200.778822,8452985.971308898,25536698.0344285,1012118.5512873,25815009.951359298,196652130.5825553,50,0,0
Z3,26,9, 720,59504.0,0.051162,1163050.701693,1166744.0,1.0,2,22.565225,408955.806917,408955.806917,8452985.971308898,25536698.0344285,1012118.5512873,25815009.951359298,196652130.5825553,50,0,0
Z3,27,9, 720,65232.0,0.051165,1274934.036939,1279056.0,1.0,2,22.565225,431332.473966,431332.473966,8452985.971308898,25536698.0344285,1012118.5512873,25815009.951359298,196652130.5825553,50,0,0
Z3,28,9, 720,23952.0,0.050928,470311.027333,479040.0,1.0,2,22.565225,270407.872045,270407.872045,8452985.971308898,25536698.0344285,1012118.5512873,25815009.951359298,196652130.5825553,50,0,0
Z3,29,9, 720,32816.0,0.050996,643501.451094,656320.0,1.0,2,22.565225,305045.956797,305045.956797,8452985.971308898,25536698.0344285,1012118.5512873,25815009.951359298,196652130.5825553,50,0,0
Z3,30,9, 720,8856.0,0.050912,173947.203017,177120.0,1.0,2,22.565225,211135.107181,211135.107181,8452985.971308898,25536698.0344285,1012118.5512873,25815009.951359298,196652130.5825553,50,0,0
Z3,31,9, 720,14088.0,0.051019,276132.421255,276232.0,1.0,2,22.565225,231572.150829,231572.150829,8452985.971308898,25536698.0344285,1012118.5512873,25815009.951359298,196652130.5825553,50,0,0
Z3,32,9, 720,15104.0,0.051046,295889.981585,296152.0,1.0,2,22.565225,235523.662895,235523.662895,8452985.971308898,25536698.0344285,1012118.5512873,25815009.951359298,196652130.5825553,50,0,0
Z3,33,9, 720,11784.0,0.051018,230977.302129,231056.0,1.0,2,22.565225,222541.127004,222541.127004,8452985.971308898,25536698.0344285,1012118.5512873,25815009.951359298,196652130.5825553,50,0,0
Z3,34,9, 720,18496.0,0.051003,362645.334588,362664.0,1.0,2,22.565225,248874.733496,248874.733496,8452985.971308898,25536698.0344285,1012118.5512873,25815009.951359298,196652130.5825553,50,0,0
Z3,35,9, 720,22376.0,0.051095,437929.347294,438744.0,1.0,2,22.565225,263931.536037,263931.536037,8452985.971308898,25536698.0344285,1012118.5512873,25815009.951359298,196652130.5825553,50,0,0
Z3,36,9, 720,8792.0,0.050983,172449.640076,175840.0,1.0,2,22.565225,210835.594593,210835.594593,8452985.971308898,25536698.0344285,1012118.5512873,25815009.951359298,196652130.5825553,50,0,0
Z3,37,9, 720,19464.0,0.051061,381191.124341,381640.0,1.0,2,22.565225,252583.891446,252583.891446,8452985.971308898,25536698.0344285,1012118.5512873,25815009.951359298,196652130.5825553,50,0,0
Z3,38,9, 720,20360.0,0.051013,399113.951346,399208.0,1.0,2,22.565225,256168.456847,256168.456847,8452985.971308898,25536698.0344285,1012118.5512873,25815009.951359298,196652130.5825553,50,0,0
Z1,0,10, 720,7480.0,0.170824,43787.75816,44000.0,1.0,2,25.383808,214371.945679,214371.945679,8452985.971308898,25536698.0344285,1012118.5512873,25815009.951359298,196652130.5825553,50,0,0
Z2,0,10, 720,6624.0,0.17381,38110.580519,38288.0,1.0,2,25.383808,213236.510151,213236.510151,8452985.971308898,25536698.0344285,1012118.5512873,25815009.951359298,196652130.5825553,50,0,0
Z2,1,10, 720,7008.0,0.051065,137236.854989,137408.0,1.0,2,25.383808,233061.765045,233061.765045,8452985.971308898,25536698.0344285,1012118.5512873,25815009.951359298,196652130.5825553,50,0,0
Z2,2,10, 720,7832.0,0.050956,153701.232436,156640.0,1.0,2,25.383808,236354.640534,236354.640534,8452985.971308898,25536698.0344285,1012118.5512873,25815009.951359298,196652130.5825553,50,0,0
Z2,3,10, 720,29728.0,0.05111,581647.427118,582896.0,1.0,2,25.383808,321943.87947,321943.87947,8452985.971308898,25536698.0344285,1012118.5512873,25815009.951359298,196652130.5825553,50,0,0
Z2,4,10, 720,35840.0,0.05116,700547.30258,702744.0,1.0,2,25.383808,345723.854563,345723.854563,8452985.971308898,25536698.0344285,1012118.5512873,25815009.951359298,196652130.5825553,50,0,0
Z2,5,10, 720,43888.0,0.051173,857639.770973,860544.0,1.0,2,25.383808,377142.348241,377142.348241,8452985.971308898,25536698.0344285,1012118.5512873,25815009.951359298,196652130.5825553,50,0,0
Z2,6,10, 720,17936.0,0.050973,351872.559983,358720.0,1.0,2,25.383808,275988.906043,275988.906043,8452985.971308898,25536698.0344285,1012118.5512873,25815009.951359298,196652130.5825553,50,0,0
Z2,7,10, 720,24920.0,0.051033,488311.484726,488624.0,1.0,2,25.383808,303276.690992,303276.690992,8452985.971308898,25536698.0344285,1012118.5512873,25815009.951359298,196652130.5825553,50,0,0
Z3,0,10, 720,6840.0,0.173368,39453.647732,39536.0,1.0,2,25.383808,213505.123593,213505.123593,8452985.971308898,25536698.0344285,1012118.5512873,25815009.951359298,196652130.5825553,50,0,0
Z3,1,10, 720,22064.0,0.051061,432110.612796,432624.0,1.0,2,25.383808,292036.516606,292036.516606,8452985.971308898,25536698.0344285,1012118.5512873,25815009.951359298,196652130.5825553,50,0,0
Z3,2,10, 720,15312.0,0.051001,300229.407267,300232.0,1.0,2,25.383808,265660.2755,265660.2755,8452985.971308898,25536698.0344285,1012118.5512873,25815009.951359298,196652130.5825553,50,0,0
Z3,3,10, 720,7752.0,0.050804,152586.410519,155040.0,1.0,2,25.383808,236131.676151,236131.676151,8452985.971308898,25536698.0344285,1012118.5512873,25815009.951359298,196652130.5825553,50,0,0
Z3,4,10, 720,11432.0,0.051003,224143.677823,224152.0,1.0,2,25.383808,250443.129611,250443.129611,8452985.971308898,25536698.0344285,1012118.5512873,25815009.951359298,196652130.5825553,50,0,0
Z3,5,10, 720,17232.0,0.050913,338459.725414,344640.0,1.0,2,25.383808,273306.33913,273306.33913,8452985.971308898,25536698.0344285,1012118.5512873,25815009.951359298,196652130.5825553,50,0,0
Z3,6,10, 720,23328.0,0.051023,457205.573957,457408.0,1.0,2,25.383808,297055.508838,297055.508838,8452985.971308898,25536698.0344285,1012118.5512873,25815009.951359298,196652130.5825553,50,0,0
Z3,7,10, 720,18496.0,0.050993,362716.451278,369920.0,1.0,2,25.383808,278157.684302,278157.684302,8452985.971308898,25536698.0344285,1012118.5512873,25815009.951359298,196652130.5825553,50,0,0
Z3,8,10, 720,7968.0,0.05088,156603.773585,159360.0,1.0,2,25.383808,236935.148764,236935.148764,8452985.971308898,25536698.0344285,1012118.5512873,25815009.951359298,196652130.5825553,50,0,0
Z3,9,10, 720,19568.0,0.050921,384281.534141,391360.0,1.0,2,25.383808,282470.700875,282470.700875,8452985.971308898,25536698.0344285,1012118.5512873,25815009.951359298,196652130.5825553,50,0,0
Z3,10,10, 720,36064.0,0.051124,705422.110946,707136.0,1.0,2,25.383808,346698.816236,346698.816236,8452985.971308898,25536698.0344285,1012118.5512873,25815009.951359298,196652130.5825553,50,0,0
Z3,11,10, 720,29248.0,0.051025,573209.211171,573488.0,1.0,2,25.383808,320256.236281,320256.236281,8452985.971308898,25536698.0344285,1012118.5512873,25815009.951359298,196652130.5825553,50,0,0
Z3,12,10, 720,24216.0,0.051017,474665.307643,474816.0,1.0,2,25.383808,300547.455575,300547.455575,8452985.971308898,25536698.0344285,1012118.5512873,25815009.951359298,196652130.5825553,50,0,0
Z3,13,10, 720,54424.0,0.051164,1063716.675788,1067136.0,1.0,2,25.383808,418357.729204,418357.729204,8452985.971308898,25536698.0344285,1012118.5512873,25815009.951359298,196652130.5825553,50,0,0
Z3,14,10, 720,56832.0,0.05118,1110433.763189,1114352.0,1.0,2,25.383808,427701.146685,427701.146685,8452985.971308898,25536698.0344285,1012118.5512873,25815009.951359298,196652130.5825553,50,0,0
Z3,15,10, 720,29576.0,0.051047,579387.623171,579920.0,1.0,2,25.383808,321491.918681,321491.918681,8452985.971308898,25536698.0344285,1012118.5512873,25815009.951359298,196652130.5825553,50,0,0
Z3,16,10, 720,52328.0,0.051154,1022950.306916,1026032.0,1.0,2,25.383808,410204.45543,410204.45543,8452985.971308898,25536698.0344285,1012118.5512873,25815009.951359298,196652130.5825553,50,0,0
Z3,17,10, 720,52840.0,0.05113,1033444.16194,1036072.0,1.0,2,25.383808,412303.226435,412303.226435,8452985.971308898,25536698.0344285,1012118.5512873,25815009.951359298,196652130.5825553,50,0,0
Z3,18,10, 720,35136.0,0.051006,688860.134102,688936.0,1.0,2,25.383808,343386.420867,343386.420867,8452985.971308898,25536698.0344285,1012118.5512873,25815009.951359298,196652130.5825553,50,0,0
Z3,19,10, 720,23160.0,0.051002,454099.839222,454112.0,1.0,2,25.383808,296434.361891,296434.361891,8452985.971308898,25536698.0344285,1012118.5512873,25815009.951359298,196652130.5825553,50,0,0
Z3,20,10, 720,77048.0,0.051492,1496310.106424,1510744.0,1.0,2,25.383808,504876.415332,504876.415332,8452985.971308898,25536698.0344285,1012118.5512873,25815009.951359298,196652130.5825553,50,0,0
Z3,21,10, 720,68968.0,0.051219,1346531.560554,1352312.0,1.0,2,25.383808,474920.706158,474920.706158,8452985.971308898,25536698.0344285,1012118.5512873,25815009.951359298,196652130.5825553,50,0,0
Z3,22,10, 720,52224.0,0.05116,1020797.498045,1024000.0,1.0,2,25.383808,409773.893656,409773.893656,8452985.971308898,25536698.0344285,1012118.5512873,25815009.951359298,196652130.5825553,50,0,0
Z3,23,10, 720,76384.0,0.051164,1492924.712689,1497720.0,1.0,2,25.383808,504199.336585,504199.336585,8452985.971308898,25536698.0344285,1012118.5512873,25815009.951359298,196652130.5825553,50,0,0
Z3,24,10, 720,57512.0,0.051164,1124071.612853,1127680.0,1.0,2,25.383808,430428.716617,430428.716617,8452985.971308898,25536698.0344285,1012118.5512873,25815009.951359298,196652130.5825553,50,0,0
Z3,25,10, 720,35600.0,0.051062,697191.649367,698032.0,1.0,2,25.383808,345052.72392,345052.72392,8452985.971308898,25536698.0344285,1012118.5512873,25815009.951359298,196652130.5825553,50,0,0
Z3,26,10, 720,72816.0,0.051218,1421687.687922,1427760.0,1.0,2,25.383808,489951.931631,489951.931631,8452985.971308898,25536698.0344285,1012118.5512873,25815009.951359298,196652130.5825553,50,0,0
Z3,27,10, 720,93600.0,0.05163,1812899.477048,1835288.0,1.0,2,25.383808,568194.289456,568194.289456,8452985.971308898,25536698.0344285,1012118.5512873,25815009.951359298,196652130.5825553,50,0,0
Z3,28,10, 720,23040.0,0.050945,452252.42909,460800.0,1.0,2,25.383808,296064.879865,296064.879865,8452985.971308898,25536698.0344285,1012118.5512873,25815009.951359298,196652130.5825553,50,0,0
Z3,29,10, 720,35840.0,0.05113,700958.341482,702744.0,1.0,2,25.383808,345806.062343,345806.062343,8452985.971308898,25536698.0344285,1012118.5512873,25815009.951359298,196652130.5825553,50,0,0
Z3,30,10, 720,13072.0,0.050906,256787.019212,261440.0,1.0,2,25.383808,256971.797889,256971.797889,8452985.971308898,25536698.0344285,1012118.5512873,25815009.951359298,196652130.5825553,50,0,0
Z3,31,10, 720,20608.0,0.050911,404784.820569,412160.0,1.0,2,25.383808,286571.358161,286571.358161,8452985.971308898,25536698.0344285,1012118.5512873,25815009.951359298,196652130.5825553,50,0,0
Z3,32,10, 720,22584.0,0.050917,443545.377772,451680.0,1.0,2,25.383808,294323.469601,294323.469601,8452985.971308898,25536698.0344285,1012118.5512873,25815009.951359298,196652130.5825553,50,0,0
Z3,33,10, 720,14712.0,0.050851,289315.84433,294240.0,1.0,2,25.383808,263477.562913,263477.562913,8452985.971308898,25536698.0344285,1012118.5512873,25815009.951359298,196652130.5825553,50,0,0
Z3,34,10, 720,20512.0,0.050902,402970.413736,410240.0,1.0,2,25.383808,286208.476794,286208.476794,8452985.971308898,25536698.0344285,1012118.5512873,25815009.951359298,196652130.5825553,50,0,0
Z3,35,10, 720,17992.0,0.050899,353484.351363,359840.0,1.0,2,25.383808,276311.264319,276311.264319,8452985.971308898,25536698.0344285,1012118.5512873,25815009.951359298,196652130.5825553,50,0,0
Z3,36,10, 720,11464.0,0.050888,225279.044175,229280.0,1.0,2,25.383808,250670.202882,250670.202882,8452985.971308898,25536698.0344285,1012118.5512873,25815009.951359298,196652130.5825553,50,0,0
Z3,37,10, 720,22376.0,0.050953,439149.804722,447520.0,1.0,2,25.383808,293444.354991,293444.354991,8452985.971308898,25536698.0344285,1012118.5512873,25815009.951359298,196652130.5825553,50,0,0
Z3,38,10, 720,29088.0,0.05092,571249.018068,581760.0,1.0,2,25.383808,319864.19766,319864.19766,8452985.971308898,25536698.0344285,1012118.5512873,25815009.951359298,196652130.5825553,50,0,0
Z1,0,11, 720,36680.0,0.17297,212059.894779,213248.0,1.0,2,28.206545,327840.547051,327840.547051,8452985.971308898,25536698.0344285,1012118.5512873,25815009.951359298,196652130.5825553,50,0,0
Z2,0,11, 720,6624.0,0.172567,38385.091008,38504.0,1.0,2,28.206545,293105.586296,293105.586296,8452985.971308898,25536698.0344285,1012118.5512873,25815009.951359298,196652130.5825553,50,0,0
Z2,1,11, 720,8224.0,0.050921,161505.076491,164480.0,1.0,2,28.206545,317729.583393,317729.583393,8452985.971308898,25536698.0344285,1012118.5512873,25815009.951359298,196652130.5825553,50,0,0
Z2,2,11, 720,8720.0,0.050983,171037.404625,174400.0,1.0,2,28.206545,319636.04902,319636.04902,8452985.971308898,25536698.0344285,1012118.5512873,25815009.951359298,196652130.5825553,50,0,0
Z2,3,11, 720,10080.0,0.050995,197666.437886,201600.0,1.0,2,28.206545,324961.855672,324961.855672,8452985.971308898,25536698.0344285,1012118.5512873,25815009.951359298,196652130.5825553,50,0,0
Z2,4,11, 720,36112.0,0.050949,708787.218591,722240.0,1.0,2,28.206545,427186.011813,427186.011813,8452985.971308898,25536698.0344285,1012118.5512873,25815009.951359298,196652130.5825553,50,0,0
Z2,5,11, 720,39392.0,0.051065,771408.988544,772392.0,1.0,2,28.206545,439710.365803,439710.365803,8452985.971308898,25536698.0344285,1012118.5512873,25815009.951359298,196652130.5825553,50,0,0
Z2,6,11, 720,43216.0,0.051075,846128.24278,847368.0,1.0,2,28.206545,454654.216651,454654.216651,8452985.971308898,25536698.0344285,1012118.5512873,25815009.951359298,196652130.5825553,50,0,0
Z2,7,11, 720,41864.0,0.051082,819545.045221,820856.0,1.0,2,28.206545,449337.577139,449337.577139,8452985.971308898,25536698.0344285,1012118.5512873,25815009.951359298,196652130.5825553,50,0,0
Z3,0,11, 720,11320.0,0.172897,65472.506753,65808.0,1.0,2,28.206545,298523.069445,298523.069445,8452985.971308898,25536698.0344285,1012118.5512873,25815009.951359298,196652130.5825553,50,0,0
Z3,1,11, 720,16208.0,0.051021,317673.114992,317800.0,1.0,2,28.206545,348963.191093,348963.191093,8452985.971308898,25536698.0344285,1012118.5512873,25815009.951359298,196652130.5825553,50,0,0
Z3,2,11, 720,12920.0,0.050879,253935.808487,258400.0,1.0,2,28.206545,336215.729792,336215.729792,8452985.971308898,25536698.0344285,1012118.5512873,25815009.951359298,196652130.5825553,50,0,0
Z3,3,11, 720,8968.0,0.050846,176375.722771,179360.0,1.0,2,28.206545,320703.712649,320703.712649,8452985.971308898,25536698.0344285,1012118.5512873,25815009.951359298,196652130.5825553,50,0,0
Z3,4,11, 720,12016.0,0.050996,235626.323633,240320.0,1.0,2,28.206545,332553.832821,332553.832821,8452985.971308898,25536698.0344285,1012118.5512873,25815009.951359298,196652130.5825553,50,0,0
Z3,5,11, 720,21880.0,0.050999,429028.020157,437600.0,1.0,2,28.206545,371234.172126,371234.172126,8452985.971308898,25536698.0344285,1012118.5512873,25815009.951359298,196652130.5825553,50,0,0
Z3,6,11, 720,13408.0,0.050908,263377.072366,268160.0,1.0,2,28.206545,338103.982568,338103.982568,8452985.971308898,25536698.0344285,1012118.5512873,25815009.951359298,196652130.5825553,50,0,0
Z3,7,11, 720,14528.0,0.050814,285905.459125,290560.0,1.0,2,28.206545,342609.65992,342609.65992,8452985.971308898,25536698.0344285,1012118.5512873,25815009.951359298,196652130.5825553,50,0,0
Z3,8,11, 720,15928.0,0.050988,312387.228367,318560.0,1.0,2,28.206545,347906.013768,347906.013768,8452985.971308898,25536698.0344285,1012118.5512873,25815009.951359298,196652130.5825553,50,0,0
Z3,9,11, 720,23504.0,0.051019,460691.115075,460856.0,1.0,2,28.206545,377566.79111,377566.79111,8452985.971308898,25536698.0344285,1012118.5512873,25815009.951359298,196652130.5825553,50,0,0
Z3,10,11, 720,50640.0,0.051141,990203.554878,992936.0,1.0,2,28.206545,483469.27907,483469.27907,8452985.971308898,25536698.0344285,1012118.5512873,25815009.951359298,196652130.5825553,50,0,0
Z3,11,11, 720,47296.0,0.05112,925195.618153,927368.0,1.0,2,28.206545,470467.691725,470467.691725,8452985.971308898,25536698.0344285,1012118.5512873,25815009.951359298,196652130.5825553,50,0,0
Z3,12,11, 720,34344.0,0.05111,671962.433966,673408.0,1.0,2,28.206545,419821.054888,419821.054888,8452985.971308898,25536698.0344285,1012118.5512873,25815009.951359298,196652130.5825553,50,0,0
Z3,13,11, 720,73648.0,0.051169,1439308.956595,1444072.0,1.0,2,28.206545,573290.359414,573290.359414,8452985.971308898,25536698.0344285,1012118.5512873,25815009.951359298,196652130.5825553,50,0,0
Z3,14,11, 720,59920.0,0.051114,1172281.566694,1174896.0,1.0,2,28.206545,519884.881433,519884.881433,8452985.971308898,25536698.0344285,1012118.5512873,25815009.951359298,196652130.5825553,50,0,0
Z3,15,11, 720,40664.0,0.051147,795041.742429,797328.0,1.0,2,28.206545,444436.91658,444436.91658,8452985.971308898,25536698.0344285,1012118.5512873,25815009.951359298,196652130.5825553,50,0,0
Z3,16,11, 720,56880.0,0.051184,1111284.776493,1115288.0,1.0,2,28.206545,507685.523393,507685.523393,8452985.971308898,25536698.0344285,1012118.5512873,25815009.951359298,196652130.5825553,50,0,0
Z3,17,11, 720,57216.0,0.051193,1117652.804094,1121880.0,1.0,2,28.206545,508959.128914,508959.128914,8452985.971308898,25536698.0344285,1012118.5512873,25815009.951359298,196652130.5825553,50,0,0
Z3,18,11, 720,28160.0,0.051052,551594.452715,552152.0,1.0,2,28.206545,395747.458638,395747.458638,8452985.971308898,25536698.0344285,1012118.5512873,25815009.951359298,196652130.5825553,50,0,0
Z3,19,11, 720,76696.0,0.051267,1496011.079252,1503840.0,1.0,2,28.206545,584630.783945,584630.783945,8452985.971308898,25536698.0344285,1012118.5512873,25815009.951359298,196652130.5825553,50,0,0
Z3,20,11, 720,80520.0,0.051338,1568428.844131,1578816.0,1.0,2,28.206545,599114.336921,599114.336921,8452985.971308898,25536698.0344285,1012118.5512873,25815009.951359298,196652130.5825553,50,0,0
Z3,21,11, 720,66560.0,0.051121,1302008.959136,1305096.0,1.0,2,28.206545,545830.359922,545830.359922,8452985.971308898,25536698.0344285,1012118.5512873,25815009.951359298,196652130.5825553,50,0,0
Z3,22,11, 720,77808.0,0.051291,1516991.285021,1525640.0,1.0,2,28.206545,588826.825099,588826.825099,8452985.971308898,25536698.0344285,1012118.5512873,25815009.951359298,196652130.5825553,50,0,0
Z3,23,11, 720,55056.0,0.051149,1076384.680052,1079528.0,1.0,2,28.206545,500705.504105,500705.504105,8452985.971308898,25536698.0344285,1012118.5512873,25815009.951359298,196652130.5825553,50,0,0
Z3,24,11, 720,36552.0,0.051065,715793.596397,716704.0,1.0,2,28.206545,428587.287374,428587.287374,8452985.971308898,25536698.0344285,1012118.5512873,25815009.951359298,196652130.5825553,50,0,0
Z3,25,11, 720,100304.0,0.0517,1940116.054159,1966744.0,1.0,2,28.206545,673451.778926,673451.778926,8452985.971308898,25536698.0344285,1012118.5512873,25815009.951359298,196652130.5825553,50,0,0
Z3,26,11, 720,133264.0,0.051581,2583586.979702,2613016.0,1.0,2,28.206545,802145.964035,802145.964035,8452985.971308898,25536698.0344285,1012118.5512873,25815009.951359298,196652130.5825553,50,0,0
Z3,27,11, 720,50760.0,0.051155,992278.369661,995288.0,1.0,2,28.206545,483884.242027,483884.242027,8452985.971308898,25536698.0344285,1012118.5512873,25815009.951359298,196652130.5825553,50,0,0
Z3,28,11, 720,14528.0,0.051023,284734.335496,284856.0,1.0,2,28.206545,342375.435194,342375.435194,8452985.971308898,25536698.0344285,1012118.5512873,25815009.951359298,196652130.5825553,50,0,0
Z3,29,11, 720,24392.0,0.051046,477843.513694,478272.0,1.0,2,28.206545,380997.270833,380997.270833,8452985.971308898,25536698.0344285,1012118.5512873,25815009.951359298,196652130.5825553,50,0,0
Z3,30,11, 720,22216.0,0.051051,435172.670467,435600.0,1.0,2,28.206545,372463.102188,372463.102188,8452985.971308898,25536698.0344285,1012118.5512873,25815009.951359298,196652130.5825553,50,0,0
Z3,31,11, 720,14368.0,0.051008,281681.304893,281720.0,1.0,2,28.206545,341764.829073,341764.829073,8452985.971308898,25536698.0344285,1012118.5512873,25815009.951359298,196652130.5825553,50,0,0
Z3,32,11, 720,21288.0,0.05108,416758.026625,417408.0,1.0,2,28.206545,368780.17342,368780.17342,8452985.971308898,25536698.0344285,1012118.5512873,25815009.951359298,196652130.5825553,50,0,0
Z3,33,11, 720,18544.0,0.050892,364379.470251,370880.0,1.0,2,28.206545,358304.462145,358304.462145,8452985.971308898,25536698.0344285,1012118.5512873,25815009.951359298,196652130.5825553,50,0,0
Z3,34,11, 720,12272.0,0.051051,240387.063916,240624.0,1.0,2,28.206545,333505.980878,333505.980878,8452985.971308898,25536698.0344285,1012118.5512873,25815009.951359298,196652130.5825553,50,0,0
Z3,35,11, 720,21736.0,0.051083,425503.592193,426192.0,1.0,2,28.206545,370529.286533,370529.286533,8452985.971308898,25536698.0344285,1012118.5512873,25815009.951359298,196652130.5825553,50,0,0
Z3,36,11, 720,22688.0,0.050933,445447.941413,453760.0,1.0,2,28.206545,374518.156377,374518.156377,8452985.971308898,25536698.0344285,1012118.5512873,25815009.951359298,196652130.5825553,50,0,0
Z3,37,11, 720,17768.0,0.051026,348214.635676,348392.0,1.0,2,28.206545,355071.49523,355071.49523,8452985.971308898,25536698.0344285,1012118.5512873,25815009.951359298,196652130.5825553,50,0,0
Z3,38,11, 720,33352.0,0.051118,652451.191361,653960.0,1.0,2,28.206545,415918.806367,415918.806367,8452985.971308898,25536698.0344285,1012118.5512873,25815009.951359298,196652130.5825553,50,0,0
Z1,0,12, 4K,11144.0,0.172843,64474.69669,64784.0,1.0,2,31.030639,394842.134019,394842.134019,8452985.971308898,25536698.0344285,1012118.5512873,25815009.951359298,196652130.5825553,50,0,0
Z2,0,12, 1080,6624.0,0.173683,38138.447632,38288.0,1.0,2,31.030639,389574.884208,389574.884208,8452985.971308898,25536698.0344285,1012118.5512873,25815009.951359298,196652130.5825553,50,0,0
Z2,1,12, 1080,8352.0,0.050974,163848.236356,167040.0,1.0,2,31.030639,414716.841952,414716.841952,8452985.971308898,25536698.0344285,1012118.5512873,25815009.951359298,196652130.5825553,50,0,0
Z2,2,12, 1080,8680.0,0.050974,170282.889316,173600.0,1.0,2,31.030639,416003.772545,416003.772545,8452985.971308898,25536698.0344285,1012118.5512873,25815009.951359298,196652130.5825553,50,0,0
Z2,3,12, 1080,33456.0,0.05115,654076.246334,656000.0,1.0,2,31.030639,512762.443948,512762.443948,8452985.971308898,25536698.0344285,1012118.5512873,25815009.951359298,196652130.5825553,50,0,0
Z2,4,12, 1080,13120.0,0.051034,257083.512952,257248.0,1.0,2,31.030639,433363.897272,433363.897272,8452985.971308898,25536698.0344285,1012118.5512873,25815009.951359298,196652130.5825553,50,0,0
Z2,5,12, 1080,110384.0,0.101976,1082450.772731,1092904.0,1.0,2,31.030639,598437.349227,598437.349227,8452985.971308898,25536698.0344285,1012118.5512873,25815009.951359298,196652130.5825553,50,0,0
Z2,6,12, 1080,52208.0,0.05121,1019488.381176,1023680.0,1.0,2,31.030639,585844.870916,585844.870916,8452985.971308898,25536698.0344285,1012118.5512873,25815009.951359298,196652130.5825553,50,0,0
Z2,7,12, 1080,36216.0,0.051148,708062.876359,710112.0,1.0,2,31.030639,523559.769953,523559.769953,8452985.971308898,25536698.0344285,1012118.5512873,25815009.951359298,196652130.5825553,50,0,0
Z3,0,12, 720,7896.0,0.172388,45803.652226,45904.0,1.0,2,31.030639,391107.925127,391107.925127,8452985.971308898,25536698.0344285,1012118.5512873,25815009.951359298,196652130.5825553,50,0,0
Z3,1,12, 720,10520.0,0.051024,206177.485105,206272.0,1.0,2,31.030639,423182.691702,423182.691702,8452985.971308898,25536698.0344285,1012118.5512873,25815009.951359298,196652130.5825553,50,0,0
Z3,2,12, 720,20088.0,0.051106,393065.393496,393880.0,1.0,2,31.030639,460560.27338,460560.27338,8452985.971308898,25536698.0344285,1012118.5512873,25815009.951359298,196652130.5825553,50,0,0
Z3,3,12, 720,10320.0,0.051079,202039.97729,202352.0,1.0,2,31.030639,422355.190139,422355.190139,8452985.971308898,25536698.0344285,1012118.5512873,25815009.951359298,196652130.5825553,50,0,0
Z3,4,12, 720,12664.0,0.051082,247915.116871,248312.0,1.0,2,31.030639,431530.218055,431530.218055,8452985.971308898,25536698.0344285,1012118.5512873,25815009.951359298,196652130.5825553,50,0,0
Z3,5,12, 720,15440.0,0.051082,302259.112799,302744.0,1.0,2,31.030639,442399.017241,442399.017241,8452985.971308898,25536698.0344285,1012118.5512873,25815009.951359298,196652130.5825553,50,0,0
Z3,6,12, 720,7712.0,0.050958,151340.319479,154240.0,1.0,2,31.030639,412215.258577,412215.258577,8452985.971308898,25536698.0344285,1012118.5512873,25815009.951359298,196652130.5825553,50,0,0
Z3,7,12, 720,10120.0,0.051001,198427.481814,198424.0,1.0,2,31.030639,421632.691044,421632.691044,8452985.971308898,25536698.0344285,1012118.5512873,25815009.951359298,196652130.5825553,50,0,0
Z3,8,12, 720,7576.0,0.051085,148301.849858,148544.0,1.0,2,31.030639,411607.564653,411607.564653,8452985.971308898,25536698.0344285,1012118.5512873,25815009.951359298,196652130.5825553,50,0,0
Z3,9,12, 720,24720.0,0.051051,484221.660692,484704.0,1.0,2,31.030639,478791.52682,478791.52682,8452985.971308898,25536698.0344285,1012118.5512873,25815009.951359298,196652130.5825553,50,0,0
Z3,10,12, 720,60536.0,0.051119,1184217.218647,1186976.0,1.0,2,31.030639,618790.638411,618790.638411,8452985.971308898,25536698.0344285,1012118.5512873,25815009.951359298,196652130.5825553,50,0,0
Z3,11,12, 720,65616.0,0.051264,1279962.546816,1286584.0,1.0,2,31.030639,637939.704045,637939.704045,8452985.971308898,25536698.0344285,1012118.5512873,25815009.951359298,196652130.5825553,50,0,0
Z3,12,12, 720,38936.0,0.051082,762225.441447,763448.0,1.0,2,31.030639,534392.282971,534392.282971,8452985.971308898,25536698.0344285,1012118.5512873,25815009.951359298,196652130.5825553,50,0,0
Z3,13,12, 720,87896.0,0.051311,1713005.008673,1723448.0,1.0,2,31.030639,724548.196416,724548.196416,8452985.971308898,25536698.0344285,1012118.5512873,25815009.951359298,196652130.5825553,50,0,0
Z3,14,12, 720,78296.0,0.05127,1527130.875756,1535208.0,1.0,2,31.030639,687373.369832,687373.369832,8452985.971308898,25536698.0344285,1012118.5512873,25815009.951359298,196652130.5825553,50,0,0
Z3,15,12, 720,45720.0,0.051189,893160.639981,896464.0,1.0,2,31.030639,560579.322678,560579.322678,8452985.971308898,25536698.0344285,1012118.5512873,25815009.951359298,196652130.5825553,50,0,0
Z3,16,12, 720,82616.0,0.051315,1609977.589399,1619920.0,1.0,2,31.030639,703942.712561,703942.712561,8452985.971308898,25536698.0344285,1012118.5512873,25815009.951359298,196652130.5825553,50,0,0
Z3,17,12, 720,109704.0,0.05147,2131416.359044,2151056.0,1.0,2,31.030639,808230.46649,808230.46649,8452985.971308898,25536698.0344285,1012118.5512873,25815009.951359298,196652130.5825553,50,0,0
Z3,18,12, 720,36544.0,0.051062,715678.978497,716544.0,1.0,2,31.030639,525082.990381,525082.990381,8452985.971308898,25536698.0344285,1012118.5512873,25815009.951359298,196652130.5825553,50,0,0
Z3,19,12, 720,28840.0,0.051053,564903.139874,565488.0,1.0,2,31.030639,494927.822656,494927.822656,8452985.971308898,25536698.0344285,1012118.5512873,25815009.951359298,196652130.5825553,50,0,0
Z3,20,12, 720,75104.0,0.051441,1460002.721565,1472624.0,1.0,2,31.030639,673947.738994,673947.738994,8452985.971308898,25536698.0344285,1012118.5512873,25815009.951359298,196652130.5825553,50,0,0
Z3,21,12, 720,96504.0,0.051333,1879960.259482,1892232.0,1.0,2,31.030639,757939.246578,757939.246578,8452985.971308898,25536698.0344285,1012118.5512873,25815009.951359298,196652130.5825553,50,0,0
Z3,22,12, 720,42960.0,0.05121,838898.652607,842352.0,1.0,2,31.030639,549726.925203,549726.925203,8452985.971308898,25536698.0344285,1012118.5512873,25815009.951359298,196652130.5825553,50,0,0
Z3,23,12, 720,68064.0,0.051231,1328570.592024,1334584.0,1.0,2,31.030639,647661.313086,647661.313086,8452985.971308898,25536698.0344285,1012118.5512873,25815009.951359298,196652130.5825553,50,0,0
Z3,24,12, 720,50352.0,0.051272,982056.483071,987288.0,1.0,2,31.030639,578358.491295,578358.491295,8452985.971308898,25536698.0344285,1012118.5512873,25815009.951359298,196652130.5825553,50,0,0
Z3,25,12, 720,31856.0,0.051222,621920.268635,624624.0,1.0,2,31.030639,506331.248408,506331.248408,8452985.971308898,25536698.0344285,1012118.5512873,25815009.951359298,196652130.5825553,50,0,0
Z3,26,12, 720,130312.0,0.051509,2529887.980741,2555136.0,1.0,2,31.030639,887924.79083,887924.79083,8452985.971308898,25536698.0344285,1012118.5512873,25815009.951359298,196652130.5825553,50,0,0
Z3,27,12, 720,138080.0,0.051631,2674362.301718,2707448.0,1.0,2,31.030639,916819.655025,916819.655025,8452985.971308898,25536698.0344285,1012118.5512873,25815009.951359298,196652130.5825553,50,0,0
Z3,28,12, 720,62000.0,0.051206,1210795.609889,1215680.0,1.0,2,31.030639,624106.316659,624106.316659,8452985.971308898,25536698.0344285,1012118.5512873,25815009.951359298,196652130.5825553,50,0,0
Z3,29,12, 720,77544.0,0.051378,1509284.129394,1520464.0,1.0,2,31.030639,683804.02056,683804.02056,8452985.971308898,25536698.0344285,1012118.5512873,25815009.951359298,196652130.5825553,50,0,0
Z3,30,12, 720,14080.0,0.051007,276040.543455,276072.0,1.0,2,31.030639,437155.303372,437155.303372,8452985.971308898,25536698.0344285,1012118.5512873,25815009.951359298,196652130.5825553,50,0,0
Z3,31,12, 720,21056.0,0.051172,411475.025405,412856.0,1.0,2,31.030639,464242.199762,464242.199762,8452985.971308898,25536698.0344285,1012118.5512873,25815009.951359298,196652130.5825553,50,0,0
Z3,32,12, 720,21064.0,0.051163,411703.770303,413016.0,1.0,2,31.030639,464287.948742,464287.948742,8452985.971308898,25536698.0344285,1012118.5512873,25815009.951359298,196652130.5825553,50,0,0
Z3,33,12, 720,16432.0,0.051042,321930.958818,322192.0,1.0,2,31.030639,446333.386445,446333.386445,8452985.971308898,25536698.0344285,1012118.5512873,25815009.951359298,196652130.5825553,50,0,0
Z3,34,12, 720,26024.0,0.051189,508390.474516,510272.0,1.0,2,31.030639,483625.289585,483625.289585,8452985.971308898,25536698.0344285,1012118.5512873,25815009.951359298,196652130.5825553,50,0,0
Z3,35,12, 720,25696.0,0.051135,502512.955901,503840.0,1.0,2,31.030639,482449.785862,482449.785862,8452985.971308898,25536698.0344285,1012118.5512873,25815009.951359298,196652130.5825553,50,0,0
Z3,36,12, 720,13400.0,0.051008,262703.889586,262744.0,1.0,2,31.030639,434487.972598,434487.972598,8452985.971308898,25536698.0344285,1012118.5512873,25815009.951359298,196652130.5825553,50,0,0
Z3,37,12, 720,31112.0,0.051232,607276.702061,610032.0,1.0,2,31.030639,503402.535094,503402.535094,8452985.971308898,25536698.0344285,1012118.5512873,25815009.951359298,196652130.5825553,50,0,0
Z3,38,12, 720,34872.0,0.051109,682306.443092,683760.0,1.0,2,31.030639,518408.4833,518408.4833,8452985.971308898,25536698.0344285,1012118.5512873,25815009.951359298,196652130.5825553,50,0,0
