Zone, Tile_no, Seg_no, Reso, Seg_d_size, Seg_d_time, Bitrate, Bitrate1, Buf_lev, Buf_limit, Elapsed, Ref_vp, Local_avg,QoE,QoE1,Z1,Z2,Z3,delay,jitter,loss
Z1,0,1,720,9960.0,0.172365,57784.352972,57904.0,1.0,2,5.9e-05,57784.352972,57784.352972,5684378.6781083,16628223.0031504,936196.8464903,16763469.6185503,126201912.86897129,50,0,3
Z2,0,1,720,8952.0,0.479086,18685.580459,18688.0,1.0,2,5.9e-05,9342.79023,9342.79023,5684378.6781083,16628223.0031504,936196.8464903,16763469.6185503,126201912.86897129,50,0,3
Z2,1,1,720,5424.0,0.050989,106375.884995,108480.0,1.0,2,5.9e-05,35458.628332,35458.628332,5684378.6781083,16628223.0031504,936196.8464903,16763469.6185503,126201912.86897129,50,0,3
Z2,2,1,720,7080.0,0.050901,139093.534508,141600.0,1.0,2,5.9e-05,34773.383627,34773.383627,5684378.6781083,16628223.0031504,936196.8464903,16763469.6185503,126201912.86897129,50,0,3
Z2,3,1,720,18976.0,0.05108,371495.693031,372072.0,1.0,2,5.9e-05,74299.138606,74299.138606,5684378.6781083,16628223.0031504,936196.8464903,16763469.6185503,126201912.86897129,50,0,3
Z2,4,1,720,8720.0,0.05099,171013.924299,174400.0,1.0,2,5.9e-05,34202.78486,34202.78486,5684378.6781083,16628223.0031504,936196.8464903,16763469.6185503,126201912.86897129,50,0,3
Z2,5,1,720,8336.0,0.051022,163380.502528,163448.0,1.0,2,5.9e-05,32676.100506,32676.100506,5684378.6781083,16628223.0031504,936196.8464903,16763469.6185503,126201912.86897129,50,0,3
Z2,6,1,720,6376.0,0.050984,125058.84199,127520.0,1.0,2,5.9e-05,25011.768398,25011.768398,5684378.6781083,16628223.0031504,936196.8464903,16763469.6185503,126201912.86897129,50,0,3
Z2,7,1,720,6872.0,0.050957,134858.80252,137440.0,1.0,2,5.9e-05,26971.760504,26971.760504,5684378.6781083,16628223.0031504,936196.8464903,16763469.6185503,126201912.86897129,50,0,3
Z3,0,1,720,7080.0,0.173745,40749.374083,40920.0,1.0,2,5.9e-05,8149.874817,8149.874817,5684378.6781083,16628223.0031504,936196.8464903,16763469.6185503,126201912.86897129,50,0,3
Z3,1,1,720,7080.0,0.050932,139008.874578,141600.0,1.0,2,5.9e-05,27801.774916,27801.774916,5684378.6781083,16628223.0031504,936196.8464903,16763469.6185503,126201912.86897129,50,0,3
Z3,2,1,720,5664.0,0.05101,111037.051559,111056.0,1.0,2,5.9e-05,22207.410312,22207.410312,5684378.6781083,16628223.0031504,936196.8464903,16763469.6185503,126201912.86897129,50,0,3
Z3,3,1,720,7080.0,0.050994,138839.863513,141600.0,1.0,2,5.9e-05,27767.972703,27767.972703,5684378.6781083,16628223.0031504,936196.8464903,16763469.6185503,126201912.86897129,50,0,3
Z3,4,1,720,7080.0,0.050963,138924.317642,141600.0,1.0,2,5.9e-05,27784.863528,27784.863528,5684378.6781083,16628223.0031504,936196.8464903,16763469.6185503,126201912.86897129,50,0,3
Z3,5,1,720,5664.0,0.050982,111098.0346,113280.0,1.0,2,5.9e-05,22219.60692,22219.60692,5684378.6781083,16628223.0031504,936196.8464903,16763469.6185503,126201912.86897129,50,0,3
Z3,6,1,720,7080.0,0.051034,138731.04205,138816.0,1.0,2,5.9e-05,27746.20841,27746.20841,5684378.6781083,16628223.0031504,936196.8464903,16763469.6185503,126201912.86897129,50,0,3
Z3,7,1,720,7080.0,0.051003,138815.363802,138816.0,1.0,2,5.9e-05,27763.07276,27763.07276,5684378.6781083,16628223.0031504,936196.8464903,16763469.6185503,126201912.86897129,50,0,3
Z3,8,1,720,5664.0,0.050989,111082.782561,113280.0,1.0,2,5.9e-05,22216.556512,22216.556512,5684378.6781083,16628223.0031504,936196.8464903,16763469.6185503,126201912.86897129,50,0,3
Z3,9,1,720,7080.0,0.050984,138867.095559,141600.0,1.0,2,5.9e-05,27773.419112,27773.419112,5684378.6781083,16628223.0031504,936196.8464903,16763469.6185503,126201912.86897129,50,0,3
Z3,10,1,720,12904.0,0.051005,252994.804431,253016.0,1.0,2,5.9e-05,50598.960886,50598.960886,5684378.6781083,16628223.0031504,936196.8464903,16763469.6185503,126201912.86897129,50,0,3
Z3,11,1,720,17344.0,0.051001,340071.763299,340072.0,1.0,2,5.9e-05,68014.35266,68014.35266,5684378.6781083,16628223.0031504,936196.8464903,16763469.6185503,126201912.86897129,50,0,3
Z3,12,1,720,16912.0,0.050995,331640.356898,338240.0,1.0,2,5.9e-05,66328.07138,66328.07138,5684378.6781083,16628223.0031504,936196.8464903,16763469.6185503,126201912.86897129,50,0,3
Z3,13,1,720,13240.0,0.051022,259495.903728,259600.0,1.0,2,5.9e-05,51899.180746,51899.180746,5684378.6781083,16628223.0031504,936196.8464903,16763469.6185503,126201912.86897129,50,0,3
Z3,14,1,720,28328.0,0.051129,554049.560915,555448.0,1.0,2,5.9e-05,110809.912183,110809.912183,5684378.6781083,16628223.0031504,936196.8464903,16763469.6185503,126201912.86897129,50,0,3
Z3,15,1,720,30528.0,0.051072,597744.360902,598584.0,1.0,2,5.9e-05,119548.87218,119548.87218,5684378.6781083,16628223.0031504,936196.8464903,16763469.6185503,126201912.86897129,50,0,3
Z3,16,1,720,16360.0,0.051035,320564.318605,320784.0,1.0,2,5.9e-05,64112.863721,64112.863721,5684378.6781083,16628223.0031504,936196.8464903,16763469.6185503,126201912.86897129,50,0,3
Z3,17,1,720,33216.0,0.051056,650579.755563,651288.0,1.0,2,5.9e-05,130115.951113,130115.951113,5684378.6781083,16628223.0031504,936196.8464903,16763469.6185503,126201912.86897129,50,0,3
Z3,18,1,720,28000.0,0.051072,548245.614035,549016.0,1.0,2,5.9e-05,109649.122807,109649.122807,5684378.6781083,16628223.0031504,936196.8464903,16763469.6185503,126201912.86897129,50,0,3
Z3,19,1,720,15744.0,0.051013,308627.212671,308704.0,1.0,2,5.9e-05,61725.442534,61725.442534,5684378.6781083,16628223.0031504,936196.8464903,16763469.6185503,126201912.86897129,50,0,3
Z3,20,1,720,16024.0,0.051027,314029.827346,314192.0,1.0,2,5.9e-05,62805.965469,62805.965469,5684378.6781083,16628223.0031504,936196.8464903,16763469.6185503,126201912.86897129,50,0,3
Z3,21,1,720,11576.0,0.050983,227056.077516,231520.0,1.0,2,5.9e-05,45411.215503,45411.215503,5684378.6781083,16628223.0031504,936196.8464903,16763469.6185503,126201912.86897129,50,0,3
Z3,22,1,720,10816.0,0.051047,211883.166494,212072.0,1.0,2,5.9e-05,42376.633299,42376.633299,5684378.6781083,16628223.0031504,936196.8464903,16763469.6185503,126201912.86897129,50,0,3
Z3,23,1,720,13224.0,0.050954,259528.201908,264480.0,1.0,2,5.9e-05,51905.640382,51905.640382,5684378.6781083,16628223.0031504,936196.8464903,16763469.6185503,126201912.86897129,50,0,3
Z3,24,1,720,17528.0,0.051057,343302.583387,343680.0,1.0,2,5.9e-05,68660.516677,68660.516677,5684378.6781083,16628223.0031504,936196.8464903,16763469.6185503,126201912.86897129,50,0,3
Z3,25,1,720,23824.0,0.051075,466451.297112,467136.0,1.0,2,5.9e-05,93290.259422,93290.259422,5684378.6781083,16628223.0031504,936196.8464903,16763469.6185503,126201912.86897129,50,0,3
Z3,26,1,720,11024.0,0.051021,216067.893612,216152.0,1.0,2,5.9e-05,43213.578722,43213.578722,5684378.6781083,16628223.0031504,936196.8464903,16763469.6185503,126201912.86897129,50,0,3
Z3,27,1,720,15112.0,0.512118,29508.824138,29512.0,1.0,2,5.9e-05,5901.764828,5901.764828,5684378.6781083,16628223.0031504,936196.8464903,16763469.6185503,126201912.86897129,50,0,3
Z3,28,1,720,24552.0,0.05098,481600.627697,491040.0,1.0,2,5.9e-05,96320.125539,96320.125539,5684378.6781083,16628223.0031504,936196.8464903,16763469.6185503,126201912.86897129,50,0,3
Z3,29,1,720,10824.0,0.051088,211869.715002,212232.0,1.0,2,5.9e-05,42373.943,42373.943,5684378.6781083,16628223.0031504,936196.8464903,16763469.6185503,126201912.86897129,50,0,3
Z3,30,1,720,6872.0,0.050966,134834.988031,137440.0,1.0,2,5.9e-05,26966.997606,26966.997606,5684378.6781083,16628223.0031504,936196.8464903,16763469.6185503,126201912.86897129,50,0,3
Z3,31,1,720,6872.0,0.050993,134763.595003,137440.0,1.0,2,5.9e-05,26952.719001,26952.719001,5684378.6781083,16628223.0031504,936196.8464903,16763469.6185503,126201912.86897129,50,0,3
Z3,32,1,720,6376.0,0.051001,125017.156526,125016.0,1.0,2,5.9e-05,25003.431305,25003.431305,5684378.6781083,16628223.0031504,936196.8464903,16763469.6185503,126201912.86897129,50,0,3
Z3,33,1,720,6872.0,0.051015,134705.478781,134744.0,1.0,2,5.9e-05,26941.095756,26941.095756,5684378.6781083,16628223.0031504,936196.8464903,16763469.6185503,126201912.86897129,50,0,3
Z3,34,1,720,6872.0,0.050996,134755.667111,137440.0,1.0,2,5.9e-05,26951.133422,26951.133422,5684378.6781083,16628223.0031504,936196.8464903,16763469.6185503,126201912.86897129,50,0,3
Z3,35,1,720,6376.0,0.051036,124931.420958,125016.0,1.0,2,5.9e-05,24986.284192,24986.284192,5684378.6781083,16628223.0031504,936196.8464903,16763469.6185503,126201912.86897129,50,0,3
Z3,36,1,720,6872.0,0.050953,134869.389437,137440.0,1.0,2,5.9e-05,26973.877887,26973.877887,5684378.6781083,16628223.0031504,936196.8464903,16763469.6185503,126201912.86897129,50,0,3
Z3,37,1,720,6872.0,0.050974,134813.826657,137440.0,1.0,2,5.9e-05,26962.765331,26962.765331,5684378.6781083,16628223.0031504,936196.8464903,16763469.6185503,126201912.86897129,50,0,3
Z3,38,1,720,6376.0,0.051029,124948.558663,125016.0,1.0,2,5.9e-05,24989.711733,24989.711733,5684378.6781083,16628223.0031504,936196.8464903,16763469.6185503,126201912.86897129,50,0,3
Z1,0,2,720,9320.0,0.172908,53901.49675,54184.0,1.0,2,3.587833,35770.011082,35770.011082,5684378.6781083,16628223.0031504,936196.8464903,16763469.6185503,126201912.86897129,50,0,3
Z2,0,2,720,6624.0,0.340726,19440.841028,19480.0,1.0,2,3.587833,28877.879938,28877.879938,5684378.6781083,16628223.0031504,936196.8464903,16763469.6185503,126201912.86897129,50,0,3
Z2,1,2,720,5424.0,0.050912,106536.769327,108480.0,1.0,2,3.587833,46297.065598,46297.065598,5684378.6781083,16628223.0031504,936196.8464903,16763469.6185503,126201912.86897129,50,0,3
Z2,2,2,720,7080.0,0.05091,139068.945197,141600.0,1.0,2,3.587833,52803.500772,52803.500772,5684378.6781083,16628223.0031504,936196.8464903,16763469.6185503,126201912.86897129,50,0,3
Z2,3,2,720,18392.0,0.050939,361059.306229,367840.0,1.0,2,3.587833,97201.572978,97201.572978,5684378.6781083,16628223.0031504,936196.8464903,16763469.6185503,126201912.86897129,50,0,3
Z2,4,2,720,9160.0,0.050932,179847.639991,183200.0,1.0,2,3.587833,60959.239731,60959.239731,5684378.6781083,16628223.0031504,936196.8464903,16763469.6185503,126201912.86897129,50,0,3
Z2,5,2,720,8048.0,0.051061,157615.401187,157800.0,1.0,2,3.587833,56512.79197,56512.79197,5684378.6781083,16628223.0031504,936196.8464903,16763469.6185503,126201912.86897129,50,0,3
Z2,6,2,720,6376.0,0.051012,124990.198385,125016.0,1.0,2,3.587833,49987.751409,49987.751409,5684378.6781083,16628223.0031504,936196.8464903,16763469.6185503,126201912.86897129,50,0,3
Z2,7,2,720,6872.0,0.051015,134705.478781,134744.0,1.0,2,3.587833,51930.807489,51930.807489,5684378.6781083,16628223.0031504,936196.8464903,16763469.6185503,126201912.86897129,50,0,3
Z3,0,2,720,7080.0,0.172017,41158.722684,41160.0,1.0,2,3.587833,33221.456269,33221.456269,5684378.6781083,16628223.0031504,936196.8464903,16763469.6185503,126201912.86897129,50,0,3
Z3,1,2,720,7080.0,0.050947,138967.947082,141600.0,1.0,2,3.587833,52783.301149,52783.301149,5684378.6781083,16628223.0031504,936196.8464903,16763469.6185503,126201912.86897129,50,0,3
Z3,2,2,720,5664.0,0.050972,111119.830495,113280.0,1.0,2,3.587833,47213.677832,47213.677832,5684378.6781083,16628223.0031504,936196.8464903,16763469.6185503,126201912.86897129,50,0,3
Z3,3,2,720,7080.0,0.050943,138978.858724,141600.0,1.0,2,3.587833,52785.483477,52785.483477,5684378.6781083,16628223.0031504,936196.8464903,16763469.6185503,126201912.86897129,50,0,3
Z3,4,2,720,7080.0,0.050965,138918.865888,141600.0,1.0,2,3.587833,52773.48491,52773.48491,5684378.6781083,16628223.0031504,936196.8464903,16763469.6185503,126201912.86897129,50,0,3
Z3,5,2,720,5664.0,0.050989,111082.782561,113280.0,1.0,2,3.587833,47206.268245,47206.268245,5684378.6781083,16628223.0031504,936196.8464903,16763469.6185503,126201912.86897129,50,0,3
Z3,6,2,720,7080.0,0.051036,138725.605455,138816.0,1.0,2,3.587833,52734.832824,52734.832824,5684378.6781083,16628223.0031504,936196.8464903,16763469.6185503,126201912.86897129,50,0,3
Z3,7,2,720,7080.0,0.051775,136745.533559,138816.0,1.0,2,3.587833,52338.818444,52338.818444,5684378.6781083,16628223.0031504,936196.8464903,16763469.6185503,126201912.86897129,50,0,3
Z3,8,2,720,5664.0,0.050962,111141.634944,113280.0,1.0,2,3.587833,47218.038721,47218.038721,5684378.6781083,16628223.0031504,936196.8464903,16763469.6185503,126201912.86897129,50,0,3
Z3,9,2,720,7080.0,0.050994,138839.863513,141600.0,1.0,2,3.587833,52757.684435,52757.684435,5684378.6781083,16628223.0031504,936196.8464903,16763469.6185503,126201912.86897129,50,0,3
Z3,10,2,720,12648.0,0.051037,247820.208868,248000.0,1.0,2,3.587833,74553.753506,74553.753506,5684378.6781083,16628223.0031504,936196.8464903,16763469.6185503,126201912.86897129,50,0,3
Z3,11,2,720,17112.0,0.051024,335371.58984,335528.0,1.0,2,3.587833,92064.029701,92064.029701,5684378.6781083,16628223.0031504,936196.8464903,16763469.6185503,126201912.86897129,50,0,3
Z3,12,2,720,15320.0,0.051096,299827.775168,300392.0,1.0,2,3.587833,84955.266766,84955.266766,5684378.6781083,16628223.0031504,936196.8464903,16763469.6185503,126201912.86897129,50,0,3
Z3,13,2,720,10704.0,0.051056,209652.146662,209880.0,1.0,2,3.587833,66920.141065,66920.141065,5684378.6781083,16628223.0031504,936196.8464903,16763469.6185503,126201912.86897129,50,0,3
Z3,14,2,720,18776.0,0.051111,367357.320342,368152.0,1.0,2,3.587833,98461.175801,98461.175801,5684378.6781083,16628223.0031504,936196.8464903,16763469.6185503,126201912.86897129,50,0,3
Z3,15,2,720,21848.0,0.050999,428400.556874,436960.0,1.0,2,3.587833,110669.823107,110669.823107,5684378.6781083,16628223.0031504,936196.8464903,16763469.6185503,126201912.86897129,50,0,3
Z3,16,2,720,12752.0,0.050968,250196.201538,255040.0,1.0,2,3.587833,75028.95204,75028.95204,5684378.6781083,16628223.0031504,936196.8464903,16763469.6185503,126201912.86897129,50,0,3
Z3,17,2,720,21856.0,0.051034,428263.510601,428544.0,1.0,2,3.587833,110642.413853,110642.413853,5684378.6781083,16628223.0031504,936196.8464903,16763469.6185503,126201912.86897129,50,0,3
Z3,18,2,720,16880.0,0.051108,330280.973624,330976.0,1.0,2,3.587833,91045.906457,91045.906457,5684378.6781083,16628223.0031504,936196.8464903,16763469.6185503,126201912.86897129,50,0,3
Z3,19,2,720,12128.0,0.051029,237668.776578,237800.0,1.0,2,3.587833,72523.467048,72523.467048,5684378.6781083,16628223.0031504,936196.8464903,16763469.6185503,126201912.86897129,50,0,3
Z3,20,2,720,15344.0,0.051034,300662.303562,300856.0,1.0,2,3.587833,85122.172445,85122.172445,5684378.6781083,16628223.0031504,936196.8464903,16763469.6185503,126201912.86897129,50,0,3
Z3,21,2,720,11592.0,0.050959,227476.991307,231840.0,1.0,2,3.587833,70485.109994,70485.109994,5684378.6781083,16628223.0031504,936196.8464903,16763469.6185503,126201912.86897129,50,0,3
Z3,22,2,720,9952.0,0.050965,195271.264593,199040.0,1.0,2,3.587833,64043.964651,64043.964651,5684378.6781083,16628223.0031504,936196.8464903,16763469.6185503,126201912.86897129,50,0,3
Z3,23,2,720,11064.0,0.051004,216924.162811,216936.0,1.0,2,3.587833,68374.544295,68374.544295,5684378.6781083,16628223.0031504,936196.8464903,16763469.6185503,126201912.86897129,50,0,3
Z3,24,2,720,14728.0,0.051025,288642.822146,288784.0,1.0,2,3.587833,82718.276162,82718.276162,5684378.6781083,16628223.0031504,936196.8464903,16763469.6185503,126201912.86897129,50,0,3
Z3,25,2,720,16264.0,0.050936,319302.654311,325280.0,1.0,2,3.587833,88850.242595,88850.242595,5684378.6781083,16628223.0031504,936196.8464903,16763469.6185503,126201912.86897129,50,0,3
Z3,26,2,720,9504.0,0.421949,22524.049115,22568.0,1.0,2,3.587833,29494.521556,29494.521556,5684378.6781083,16628223.0031504,936196.8464903,16763469.6185503,126201912.86897129,50,0,3
Z3,27,2,720,12688.0,0.050977,248896.561194,253760.0,1.0,2,3.587833,74769.023971,74769.023971,5684378.6781083,16628223.0031504,936196.8464903,16763469.6185503,126201912.86897129,50,0,3
Z3,28,2,720,17320.0,0.051038,339354.990399,339600.0,1.0,2,3.587833,92860.709812,92860.709812,5684378.6781083,16628223.0031504,936196.8464903,16763469.6185503,126201912.86897129,50,0,3
Z3,29,2,720,10632.0,0.051089,208107.420384,208464.0,1.0,2,3.587833,66611.195809,66611.195809,5684378.6781083,16628223.0031504,936196.8464903,16763469.6185503,126201912.86897129,50,0,3
Z3,30,2,720,6872.0,0.050993,134763.595003,137440.0,1.0,2,3.587833,51942.430733,51942.430733,5684378.6781083,16628223.0031504,936196.8464903,16763469.6185503,126201912.86897129,50,0,3
Z3,31,2,720,6872.0,0.05099,134771.523828,137440.0,1.0,2,3.587833,51944.016498,51944.016498,5684378.6781083,16628223.0031504,936196.8464903,16763469.6185503,126201912.86897129,50,0,3
Z3,32,2,720,6376.0,0.050972,125088.283764,127520.0,1.0,2,3.587833,50007.368485,50007.368485,5684378.6781083,16628223.0031504,936196.8464903,16763469.6185503,126201912.86897129,50,0,3
Z3,33,2,720,6872.0,0.050988,134776.81023,137440.0,1.0,2,3.587833,51945.073779,51945.073779,5684378.6781083,16628223.0031504,936196.8464903,16763469.6185503,126201912.86897129,50,0,3
Z3,34,2,720,6872.0,0.050947,134885.272931,137440.0,1.0,2,3.587833,51966.766319,51966.766319,5684378.6781083,16628223.0031504,936196.8464903,16763469.6185503,126201912.86897129,50,0,3
Z3,35,2,720,6376.0,0.050983,125061.294941,127520.0,1.0,2,3.587833,50001.970721,50001.970721,5684378.6781083,16628223.0031504,936196.8464903,16763469.6185503,126201912.86897129,50,0,3
Z3,36,2,720,6872.0,0.051007,134726.606152,134744.0,1.0,2,3.587833,51935.032963,51935.032963,5684378.6781083,16628223.0031504,936196.8464903,16763469.6185503,126201912.86897129,50,0,3
Z3,37,2,720,6872.0,0.051008,134723.964868,134744.0,1.0,2,3.587833,51934.504706,51934.504706,5684378.6781083,16628223.0031504,936196.8464903,16763469.6185503,126201912.86897129,50,0,3
Z3,38,2,720,6376.0,0.050984,125058.84199,127520.0,1.0,2,3.587833,50001.48013,50001.48013,5684378.6781083,16628223.0031504,936196.8464903,16763469.6185503,126201912.86897129,50,0,3
Z1,0,3,720,15304.0,0.172953,88486.467422,88976.0,1.0,2,6.947263,67698.773615,67698.773615,5684378.6781083,16628223.0031504,936196.8464903,16763469.6185503,126201912.86897129,50,0,3
Z2,0,3,720,6624.0,0.171848,38545.691541,38736.0,1.0,2,6.947263,57710.618439,57710.618439,5684378.6781083,16628223.0031504,936196.8464903,16763469.6185503,126201912.86897129,50,0,3
Z2,1,3,720,5664.0,0.050964,111137.273369,113280.0,1.0,2,6.947263,72228.934804,72228.934804,5684378.6781083,16628223.0031504,936196.8464903,16763469.6185503,126201912.86897129,50,0,3
Z2,2,3,720,7080.0,0.051019,138771.830103,138816.0,1.0,2,6.947263,77755.846151,77755.846151,5684378.6781083,16628223.0031504,936196.8464903,16763469.6185503,126201912.86897129,50,0,3
Z2,3,3,720,7080.0,0.050966,138916.140172,141600.0,1.0,2,6.947263,77784.708165,77784.708165,5684378.6781083,16628223.0031504,936196.8464903,16763469.6185503,126201912.86897129,50,0,3
Z2,4,3,720,12544.0,0.051067,245638.083302,245960.0,1.0,2,6.947263,99129.096791,99129.096791,5684378.6781083,16628223.0031504,936196.8464903,16763469.6185503,126201912.86897129,50,0,3
Z2,5,3,720,18632.0,0.05103,365118.557711,365328.0,1.0,2,6.947263,123025.191673,123025.191673,5684378.6781083,16628223.0031504,936196.8464903,16763469.6185503,126201912.86897129,50,0,3
Z2,6,3,720,10240.0,0.051032,200658.410409,200784.0,1.0,2,6.947263,90133.162212,90133.162212,5684378.6781083,16628223.0031504,936196.8464903,16763469.6185503,126201912.86897129,50,0,3
Z2,7,3,720,8424.0,0.050888,165540.009432,168480.0,1.0,2,6.947263,83109.482017,83109.482017,5684378.6781083,16628223.0031504,936196.8464903,16763469.6185503,126201912.86897129,50,0,3
Z3,0,3,720,5424.0,0.171891,31554.880709,31712.0,1.0,2,6.947263,56312.456272,56312.456272,5684378.6781083,16628223.0031504,936196.8464903,16763469.6185503,126201912.86897129,50,0,3
Z3,1,3,720,7080.0,0.050969,138907.963664,141600.0,1.0,2,6.947263,77783.072863,77783.072863,5684378.6781083,16628223.0031504,936196.8464903,16763469.6185503,126201912.86897129,50,0,3
Z3,2,3,720,7080.0,0.050913,139060.750692,141600.0,1.0,2,6.947263,77813.630269,77813.630269,5684378.6781083,16628223.0031504,936196.8464903,16763469.6185503,126201912.86897129,50,0,3
Z3,3,3,720,5664.0,0.050919,111235.491663,113280.0,1.0,2,6.947263,72248.578463,72248.578463,5684378.6781083,16628223.0031504,936196.8464903,16763469.6185503,126201912.86897129,50,0,3
Z3,4,3,720,7080.0,0.050978,138883.439915,141600.0,1.0,2,6.947263,77778.168114,77778.168114,5684378.6781083,16628223.0031504,936196.8464903,16763469.6185503,126201912.86897129,50,0,3
Z3,5,3,720,7080.0,0.050841,139257.685726,141600.0,1.0,2,6.947263,77853.017276,77853.017276,5684378.6781083,16628223.0031504,936196.8464903,16763469.6185503,126201912.86897129,50,0,3
Z3,6,3,720,5664.0,0.050933,111204.916263,113280.0,1.0,2,6.947263,72242.463383,72242.463383,5684378.6781083,16628223.0031504,936196.8464903,16763469.6185503,126201912.86897129,50,0,3
Z3,7,3,720,7080.0,0.326301,21697.757592,21712.0,1.0,2,6.947263,54341.031649,54341.031649,5684378.6781083,16628223.0031504,936196.8464903,16763469.6185503,126201912.86897129,50,0,3
Z3,8,3,720,7080.0,0.050899,139098.99998,141600.0,1.0,2,6.947263,77821.280127,77821.280127,5684378.6781083,16628223.0031504,936196.8464903,16763469.6185503,126201912.86897129,50,0,3
Z3,9,3,720,14120.0,0.050936,277210.617245,282400.0,1.0,2,6.947263,105443.60358,105443.60358,5684378.6781083,16628223.0031504,936196.8464903,16763469.6185503,126201912.86897129,50,0,3
Z3,10,3,720,17536.0,0.050983,343957.789852,350720.0,1.0,2,6.947263,118793.038101,118793.038101,5684378.6781083,16628223.0031504,936196.8464903,16763469.6185503,126201912.86897129,50,0,3
Z3,11,3,720,16008.0,0.051182,312766.20687,313880.0,1.0,2,6.947263,112554.721504,112554.721504,5684378.6781083,16628223.0031504,936196.8464903,16763469.6185503,126201912.86897129,50,0,3
Z3,12,3,720,10896.0,0.051023,213550.751622,213640.0,1.0,2,6.947263,92711.630455,92711.630455,5684378.6781083,16628223.0031504,936196.8464903,16763469.6185503,126201912.86897129,50,0,3
Z3,13,3,720,19720.0,0.051026,386469.642927,386664.0,1.0,2,6.947263,127295.408716,127295.408716,5684378.6781083,16628223.0031504,936196.8464903,16763469.6185503,126201912.86897129,50,0,3
Z3,14,3,720,20104.0,0.051038,393902.58239,394192.0,1.0,2,6.947263,128781.996608,128781.996608,5684378.6781083,16628223.0031504,936196.8464903,16763469.6185503,126201912.86897129,50,0,3
Z3,15,3,720,12504.0,0.051005,245152.436036,245176.0,1.0,2,6.947263,99031.967338,99031.967338,5684378.6781083,16628223.0031504,936196.8464903,16763469.6185503,126201912.86897129,50,0,3
Z3,16,3,720,23072.0,0.050947,452862.778966,461440.0,1.0,2,6.947263,140574.035924,140574.035924,5684378.6781083,16628223.0031504,936196.8464903,16763469.6185503,126201912.86897129,50,0,3
Z3,17,3,720,18112.0,0.051011,355060.673188,355136.0,1.0,2,6.947263,121013.614768,121013.614768,5684378.6781083,16628223.0031504,936196.8464903,16763469.6185503,126201912.86897129,50,0,3
Z3,18,3,720,9664.0,0.050987,189538.509816,193280.0,1.0,2,6.947263,87909.182094,87909.182094,5684378.6781083,16628223.0031504,936196.8464903,16763469.6185503,126201912.86897129,50,0,3
Z3,19,3,720,12280.0,0.050964,240954.399184,245600.0,1.0,2,6.947263,98192.359967,98192.359967,5684378.6781083,16628223.0031504,936196.8464903,16763469.6185503,126201912.86897129,50,0,3
Z3,20,3,720,10368.0,0.050985,203353.927626,207360.0,1.0,2,6.947263,90672.265656,90672.265656,5684378.6781083,16628223.0031504,936196.8464903,16763469.6185503,126201912.86897129,50,0,3
Z3,21,3,720,10520.0,0.050949,206480.990795,210400.0,1.0,2,6.947263,91297.678289,91297.678289,5684378.6781083,16628223.0031504,936196.8464903,16763469.6185503,126201912.86897129,50,0,3
Z3,22,3,720,15288.0,0.050922,300223.871804,305760.0,1.0,2,6.947263,110046.254491,110046.254491,5684378.6781083,16628223.0031504,936196.8464903,16763469.6185503,126201912.86897129,50,0,3
Z3,23,3,720,16344.0,0.051023,320326.127433,320464.0,1.0,2,6.947263,114066.705617,114066.705617,5684378.6781083,16628223.0031504,936196.8464903,16763469.6185503,126201912.86897129,50,0,3
Z3,24,3,720,9016.0,0.050995,176801.64722,180320.0,1.0,2,6.947263,85361.809575,85361.809575,5684378.6781083,16628223.0031504,936196.8464903,16763469.6185503,126201912.86897129,50,0,3
Z3,25,3,720,13800.0,0.050915,271039.968575,276000.0,1.0,2,6.947263,104209.473845,104209.473845,5684378.6781083,16628223.0031504,936196.8464903,16763469.6185503,126201912.86897129,50,0,3
Z3,26,3,720,17664.0,0.050818,347593.372427,353280.0,1.0,2,6.947263,119520.154616,119520.154616,5684378.6781083,16628223.0031504,936196.8464903,16763469.6185503,126201912.86897129,50,0,3
Z3,27,3,720,9896.0,0.050978,194122.955,197920.0,1.0,2,6.947263,88826.071131,88826.071131,5684378.6781083,16628223.0031504,936196.8464903,16763469.6185503,126201912.86897129,50,0,3
Z3,28,3,720,6376.0,0.050827,125445.137427,127520.0,1.0,2,6.947263,75090.507616,75090.507616,5684378.6781083,16628223.0031504,936196.8464903,16763469.6185503,126201912.86897129,50,0,3
Z3,29,3,720,6872.0,0.050955,134864.095771,137440.0,1.0,2,6.947263,76974.299285,76974.299285,5684378.6781083,16628223.0031504,936196.8464903,16763469.6185503,126201912.86897129,50,0,3
Z3,30,3,720,6872.0,0.050913,134975.350107,137440.0,1.0,2,6.947263,76996.550152,76996.550152,5684378.6781083,16628223.0031504,936196.8464903,16763469.6185503,126201912.86897129,50,0,3
Z3,31,3,720,6376.0,0.050922,125211.107184,127520.0,1.0,2,6.947263,75043.701567,75043.701567,5684378.6781083,16628223.0031504,936196.8464903,16763469.6185503,126201912.86897129,50,0,3
Z3,32,3,720,6872.0,0.050942,134898.512033,137440.0,1.0,2,6.947263,76981.182537,76981.182537,5684378.6781083,16628223.0031504,936196.8464903,16763469.6185503,126201912.86897129,50,0,3
Z3,33,3,720,6872.0,0.050923,134948.844334,137440.0,1.0,2,6.947263,76991.248997,76991.248997,5684378.6781083,16628223.0031504,936196.8464903,16763469.6185503,126201912.86897129,50,0,3
Z3,34,3,720,6376.0,0.05094,125166.862976,127520.0,1.0,2,6.947263,75034.852726,75034.852726,5684378.6781083,16628223.0031504,936196.8464903,16763469.6185503,126201912.86897129,50,0,3
Z3,35,3,720,6872.0,0.050901,135007.170782,137440.0,1.0,2,6.947263,77002.914287,77002.914287,5684378.6781083,16628223.0031504,936196.8464903,16763469.6185503,126201912.86897129,50,0,3
Z3,36,3,720,6872.0,0.050913,134975.350107,137440.0,1.0,2,6.947263,76996.550152,76996.550152,5684378.6781083,16628223.0031504,936196.8464903,16763469.6185503,126201912.86897129,50,0,3
Z3,37,3,720,6376.0,0.050926,125201.272435,127520.0,1.0,2,6.947263,75041.734617,75041.734617,5684378.6781083,16628223.0031504,936196.8464903,16763469.6185503,126201912.86897129,50,0,3
Z3,38,3,720,6872.0,0.050909,134985.955332,137440.0,1.0,2,6.947263,76998.671197,76998.671197,5684378.6781083,16628223.0031504,936196.8464903,16763469.6185503,126201912.86897129,50,0,3
Z1,0,4,720,22592.0,0.170917,132181.11715,132888.0,1.0,2,10.039554,103434.894627,103434.894627,5684378.6781083,16628223.0031504,936196.8464903,16763469.6185503,126201912.86897129,50,0,3
Z2,0,4,720,6624.0,0.172205,38465.782062,38504.0,1.0,2,10.039554,84691.827609,84691.827609,5684378.6781083,16628223.0031504,936196.8464903,16763469.6185503,126201912.86897129,50,0,3
Z2,1,4,720,6648.0,0.050965,130442.460512,132960.0,1.0,2,10.039554,103087.163299,103087.163299,5684378.6781083,16628223.0031504,936196.8464903,16763469.6185503,126201912.86897129,50,0,3
Z2,2,4,720,7200.0,0.050952,141309.467734,144000.0,1.0,2,10.039554,105260.564744,105260.564744,5684378.6781083,16628223.0031504,936196.8464903,16763469.6185503,126201912.86897129,50,0,3
Z2,3,4,720,7296.0,0.050928,143261.074458,145920.0,1.0,2,10.039554,105650.886088,105650.886088,5684378.6781083,16628223.0031504,936196.8464903,16763469.6185503,126201912.86897129,50,0,3
Z2,4,4,720,17272.0,0.051017,338553.815395,338664.0,1.0,2,10.039554,144709.434276,144709.434276,5684378.6781083,16628223.0031504,936196.8464903,16763469.6185503,126201912.86897129,50,0,3
Z2,5,4,720,26240.0,0.051065,513854.890825,514504.0,1.0,2,10.039554,179769.649362,179769.649362,5684378.6781083,16628223.0031504,936196.8464903,16763469.6185503,126201912.86897129,50,0,3
Z2,6,4,720,12720.0,0.050939,249710.437975,254400.0,1.0,2,10.039554,126940.758792,126940.758792,5684378.6781083,16628223.0031504,936196.8464903,16763469.6185503,126201912.86897129,50,0,3
Z2,7,4,720,11496.0,0.050937,225690.558926,229920.0,1.0,2,10.039554,122136.782982,122136.782982,5684378.6781083,16628223.0031504,936196.8464903,16763469.6185503,126201912.86897129,50,0,3
Z3,0,4,720,6448.0,0.339847,18973.243842,19016.0,1.0,2,10.039554,80793.319965,80793.319965,5684378.6781083,16628223.0031504,936196.8464903,16763469.6185503,126201912.86897129,50,0,3
Z3,1,4,720,7448.0,0.050947,146191.139812,148960.0,1.0,2,10.039554,106236.899159,106236.899159,5684378.6781083,16628223.0031504,936196.8464903,16763469.6185503,126201912.86897129,50,0,3
Z3,2,4,720,7424.0,0.306328,24235.46003,24256.0,1.0,2,10.039554,81845.763203,81845.763203,5684378.6781083,16628223.0031504,936196.8464903,16763469.6185503,126201912.86897129,50,0,3
Z3,3,4,720,6648.0,0.050818,130819.788264,132960.0,1.0,2,10.039554,103162.62885,103162.62885,5684378.6781083,16628223.0031504,936196.8464903,16763469.6185503,126201912.86897129,50,0,3
Z3,4,4,720,7224.0,0.050893,141944.864716,144480.0,1.0,2,10.039554,105387.64414,105387.64414,5684378.6781083,16628223.0031504,936196.8464903,16763469.6185503,126201912.86897129,50,0,3
Z3,5,4,720,7240.0,0.050868,142329.165684,144800.0,1.0,2,10.039554,105464.504334,105464.504334,5684378.6781083,16628223.0031504,936196.8464903,16763469.6185503,126201912.86897129,50,0,3
Z3,6,4,720,6648.0,0.050878,130665.513582,132960.0,1.0,2,10.039554,103131.773913,103131.773913,5684378.6781083,16628223.0031504,936196.8464903,16763469.6185503,126201912.86897129,50,0,3
Z3,7,4,720,7232.0,0.050949,141945.867436,144640.0,1.0,2,10.039554,105387.844684,105387.844684,5684378.6781083,16628223.0031504,936196.8464903,16763469.6185503,126201912.86897129,50,0,3
Z3,8,4,720,7296.0,0.050946,143210.458132,145920.0,1.0,2,10.039554,105640.762823,105640.762823,5684378.6781083,16628223.0031504,936196.8464903,16763469.6185503,126201912.86897129,50,0,3
Z3,9,4,720,16456.0,0.051027,322495.933525,322664.0,1.0,2,10.039554,141497.857902,141497.857902,5684378.6781083,16628223.0031504,936196.8464903,16763469.6185503,126201912.86897129,50,0,3
Z3,10,4,720,25392.0,0.051156,496364.062867,497880.0,1.0,2,10.039554,176271.48377,176271.48377,5684378.6781083,16628223.0031504,936196.8464903,16763469.6185503,126201912.86897129,50,0,3
Z3,11,4,720,21592.0,0.178797,120762.652617,121296.0,1.0,2,10.039554,101151.20172,101151.20172,5684378.6781083,16628223.0031504,936196.8464903,16763469.6185503,126201912.86897129,50,0,3
Z3,12,4,720,13528.0,0.050992,265296.517101,270560.0,1.0,2,10.039554,130057.974617,130057.974617,5684378.6781083,16628223.0031504,936196.8464903,16763469.6185503,126201912.86897129,50,0,3
Z3,13,4,720,29512.0,0.051025,578383.145517,578664.0,1.0,2,10.039554,192675.3003,192675.3003,5684378.6781083,16628223.0031504,936196.8464903,16763469.6185503,126201912.86897129,50,0,3
Z3,14,4,720,29688.0,0.050998,582140.476097,593760.0,1.0,2,10.039554,193426.766416,193426.766416,5684378.6781083,16628223.0031504,936196.8464903,16763469.6185503,126201912.86897129,50,0,3
Z3,15,4,720,16760.0,0.050978,328769.27302,335200.0,1.0,2,10.039554,142752.525801,142752.525801,5684378.6781083,16628223.0031504,936196.8464903,16763469.6185503,126201912.86897129,50,0,3
Z3,16,4,720,33128.0,0.129451,255911.503194,256800.0,1.0,2,10.039554,128180.971836,128180.971836,5684378.6781083,16628223.0031504,936196.8464903,16763469.6185503,126201912.86897129,50,0,3
Z3,17,4,720,26248.0,0.387803,67683.84979,67824.0,1.0,2,10.039554,90535.441155,90535.441155,5684378.6781083,16628223.0031504,936196.8464903,16763469.6185503,126201912.86897129,50,0,3
Z3,18,4,720,14624.0,0.050971,286908.241941,292480.0,1.0,2,10.039554,134380.319585,134380.319585,5684378.6781083,16628223.0031504,936196.8464903,16763469.6185503,126201912.86897129,50,0,3
Z3,19,4,720,26816.0,0.101582,263983.776653,265504.0,1.0,2,10.039554,129795.426528,129795.426528,5684378.6781083,16628223.0031504,936196.8464903,16763469.6185503,126201912.86897129,50,0,3
Z3,20,4,720,23128.0,0.051019,453321.311668,453488.0,1.0,2,10.039554,167662.933531,167662.933531,5684378.6781083,16628223.0031504,936196.8464903,16763469.6185503,126201912.86897129,50,0,3
Z3,21,4,720,19440.0,0.050842,382361.040085,388800.0,1.0,2,10.039554,153470.879214,153470.879214,5684378.6781083,16628223.0031504,936196.8464903,16763469.6185503,126201912.86897129,50,0,3
Z3,22,4,720,29088.0,0.051066,569615.791329,570352.0,1.0,2,10.039554,190921.829463,190921.829463,5684378.6781083,16628223.0031504,936196.8464903,16763469.6185503,126201912.86897129,50,0,3
Z3,23,4,720,29840.0,0.051048,584547.876508,585096.0,1.0,2,10.039554,193908.246499,193908.246499,5684378.6781083,16628223.0031504,936196.8464903,16763469.6185503,126201912.86897129,50,0,3
Z3,24,4,720,17200.0,0.050971,337446.783465,344000.0,1.0,2,10.039554,144488.02789,144488.02789,5684378.6781083,16628223.0031504,936196.8464903,16763469.6185503,126201912.86897129,50,0,3
Z3,25,4,720,25664.0,0.051058,502644.051863,503208.0,1.0,2,10.039554,177527.481569,177527.481569,5684378.6781083,16628223.0031504,936196.8464903,16763469.6185503,126201912.86897129,50,0,3
Z3,26,4,720,26808.0,0.051046,525173.373036,525640.0,1.0,2,10.039554,182033.345804,182033.345804,5684378.6781083,16628223.0031504,936196.8464903,16763469.6185503,126201912.86897129,50,0,3
Z3,27,4,720,17472.0,0.050997,342608.388729,349440.0,1.0,2,10.039554,145520.348943,145520.348943,5684378.6781083,16628223.0031504,936196.8464903,16763469.6185503,126201912.86897129,50,0,3
Z3,28,4,720,6448.0,0.050928,126610.116243,128960.0,1.0,2,10.039554,102320.694445,102320.694445,5684378.6781083,16628223.0031504,936196.8464903,16763469.6185503,126201912.86897129,50,0,3
Z3,29,4,720,7200.0,0.050915,141412.157517,144000.0,1.0,2,10.039554,105281.1027,105281.1027,5684378.6781083,16628223.0031504,936196.8464903,16763469.6185503,126201912.86897129,50,0,3
Z3,30,4,720,7520.0,0.051036,147346.970766,147448.0,1.0,2,10.039554,106468.06535,106468.06535,5684378.6781083,16628223.0031504,936196.8464903,16763469.6185503,126201912.86897129,50,0,3
Z3,31,4,720,6728.0,0.050856,132295.107755,134560.0,1.0,2,10.039554,103457.692748,103457.692748,5684378.6781083,16628223.0031504,936196.8464903,16763469.6185503,126201912.86897129,50,0,3
Z3,32,4,720,7224.0,0.05089,141953.232462,144480.0,1.0,2,10.039554,105389.317689,105389.317689,5684378.6781083,16628223.0031504,936196.8464903,16763469.6185503,126201912.86897129,50,0,3
Z3,33,4,720,7256.0,0.332463,21824.985036,21848.0,1.0,2,10.039554,81363.668204,81363.668204,5684378.6781083,16628223.0031504,936196.8464903,16763469.6185503,126201912.86897129,50,0,3
Z3,34,4,720,6544.0,0.050936,128474.948956,130880.0,1.0,2,10.039554,102693.660988,102693.660988,5684378.6781083,16628223.0031504,936196.8464903,16763469.6185503,126201912.86897129,50,0,3
Z3,35,4,720,12272.0,0.050914,241033.900302,245440.0,1.0,2,10.039554,125205.451257,125205.451257,5684378.6781083,16628223.0031504,936196.8464903,16763469.6185503,126201912.86897129,50,0,3
Z3,36,4,720,8544.0,0.050954,167680.653138,170880.0,1.0,2,10.039554,110534.801825,110534.801825,5684378.6781083,16628223.0031504,936196.8464903,16763469.6185503,126201912.86897129,50,0,3
Z3,37,4,720,6424.0,0.050942,126104.19693,128480.0,1.0,2,10.039554,102219.510583,102219.510583,5684378.6781083,16628223.0031504,936196.8464903,16763469.6185503,126201912.86897129,50,0,3
Z3,38,4,720,6872.0,0.050905,134996.562224,137440.0,1.0,2,10.039554,103997.983642,103997.983642,5684378.6781083,16628223.0031504,936196.8464903,16763469.6185503,126201912.86897129,50,0,3
Z1,0,5,720,20272.0,0.170745,118726.756274,119240.0,1.0,2,14.154071,127743.334896,127743.334896,5684378.6781083,16628223.0031504,936196.8464903,16763469.6185503,126201912.86897129,50,0,3
Z2,0,5,720,6624.0,0.17252,38395.548342,38504.0,1.0,2,14.154071,111677.09331,111677.09331,5684378.6781083,16628223.0031504,936196.8464903,16763469.6185503,126201912.86897129,50,0,3
Z2,1,5,720,7616.0,0.051065,149143.248801,149328.0,1.0,2,14.154071,133826.633402,133826.633402,5684378.6781083,16628223.0031504,936196.8464903,16763469.6185503,126201912.86897129,50,0,3
Z2,2,5,720,8792.0,0.050965,172510.546453,175840.0,1.0,2,14.154071,138500.092932,138500.092932,5684378.6781083,16628223.0031504,936196.8464903,16763469.6185503,126201912.86897129,50,0,3
Z2,3,5,720,8816.0,0.05096,172998.430141,176320.0,1.0,2,14.154071,138597.66967,138597.66967,5684378.6781083,16628223.0031504,936196.8464903,16763469.6185503,126201912.86897129,50,0,3
Z2,4,5,720,14976.0,0.051006,293612.516175,293640.0,1.0,2,14.154071,162720.486877,162720.486877,5684378.6781083,16628223.0031504,936196.8464903,16763469.6185503,126201912.86897129,50,0,3
Z2,5,5,720,25312.0,0.050925,497044.67354,506240.0,1.0,2,14.154071,203406.91835,203406.91835,5684378.6781083,16628223.0031504,936196.8464903,16763469.6185503,126201912.86897129,50,0,3
Z2,6,5,720,13208.0,0.051,258980.392157,258976.0,1.0,2,14.154071,155794.062073,155794.062073,5684378.6781083,16628223.0031504,936196.8464903,16763469.6185503,126201912.86897129,50,0,3
Z2,7,5,720,16320.0,0.050911,320559.407594,326400.0,1.0,2,14.154071,168109.86516,168109.86516,5684378.6781083,16628223.0031504,936196.8464903,16763469.6185503,126201912.86897129,50,0,3
Z3,0,5,720,7712.0,0.173605,44422.683678,44576.0,1.0,2,14.154071,112882.520377,112882.520377,5684378.6781083,16628223.0031504,936196.8464903,16763469.6185503,126201912.86897129,50,0,3
Z3,1,5,720,9624.0,0.050883,189139.791286,192480.0,1.0,2,14.154071,141825.941899,141825.941899,5684378.6781083,16628223.0031504,936196.8464903,16763469.6185503,126201912.86897129,50,0,3
Z3,2,5,720,9096.0,0.051014,178303.994982,178352.0,1.0,2,14.154071,139658.782638,139658.782638,5684378.6781083,16628223.0031504,936196.8464903,16763469.6185503,126201912.86897129,50,0,3
Z3,3,5,720,7632.0,0.050934,149840.970668,152640.0,1.0,2,14.154071,133966.177775,133966.177775,5684378.6781083,16628223.0031504,936196.8464903,16763469.6185503,126201912.86897129,50,0,3
Z3,4,5,720,8304.0,0.050954,162970.522432,166080.0,1.0,2,14.154071,136592.088128,136592.088128,5684378.6781083,16628223.0031504,936196.8464903,16763469.6185503,126201912.86897129,50,0,3
Z3,5,5,720,8504.0,0.050911,167036.593271,170080.0,1.0,2,14.154071,137405.302296,137405.302296,5684378.6781083,16628223.0031504,936196.8464903,16763469.6185503,126201912.86897129,50,0,3
Z3,6,5,720,7384.0,0.050939,144957.694497,147680.0,1.0,2,14.154071,132989.522541,132989.522541,5684378.6781083,16628223.0031504,936196.8464903,16763469.6185503,126201912.86897129,50,0,3
Z3,7,5,720,8968.0,0.050878,176264.790283,179360.0,1.0,2,14.154071,139250.941698,139250.941698,5684378.6781083,16628223.0031504,936196.8464903,16763469.6185503,126201912.86897129,50,0,3
Z3,8,5,720,8912.0,0.053208,167493.609983,168144.0,1.0,2,14.154071,137496.705638,137496.705638,5684378.6781083,16628223.0031504,936196.8464903,16763469.6185503,126201912.86897129,50,0,3
Z3,9,5,720,16688.0,0.051008,327164.366374,327208.0,1.0,2,14.154071,169430.856916,169430.856916,5684378.6781083,16628223.0031504,936196.8464903,16763469.6185503,126201912.86897129,50,0,3
Z3,10,5,720,23832.0,0.051221,465277.913356,467288.0,1.0,2,14.154071,197053.566313,197053.566313,5684378.6781083,16628223.0031504,936196.8464903,16763469.6185503,126201912.86897129,50,0,3
Z3,11,5,720,21144.0,0.050977,414775.290817,422880.0,1.0,2,14.154071,186953.041805,186953.041805,5684378.6781083,16628223.0031504,936196.8464903,16763469.6185503,126201912.86897129,50,0,3
Z3,12,5,720,14272.0,0.050976,279974.890144,285440.0,1.0,2,14.154071,159992.961671,159992.961671,5684378.6781083,16628223.0031504,936196.8464903,16763469.6185503,126201912.86897129,50,0,3
Z3,13,5,720,27640.0,0.051102,540879.026261,541960.0,1.0,2,14.154071,212173.788894,212173.788894,5684378.6781083,16628223.0031504,936196.8464903,16763469.6185503,126201912.86897129,50,0,3
Z3,14,5,720,33288.0,0.051054,652015.512986,652704.0,1.0,2,14.154071,234401.086239,234401.086239,5684378.6781083,16628223.0031504,936196.8464903,16763469.6185503,126201912.86897129,50,0,3
Z3,15,5,720,17576.0,0.05126,342879.438158,344624.0,1.0,2,14.154071,172573.871273,172573.871273,5684378.6781083,16628223.0031504,936196.8464903,16763469.6185503,126201912.86897129,50,0,3
Z3,16,5,720,34872.0,0.051082,682667.084296,683760.0,1.0,2,14.154071,240531.400501,240531.400501,5684378.6781083,16628223.0031504,936196.8464903,16763469.6185503,126201912.86897129,50,0,3
Z3,17,5,720,27336.0,0.05103,535684.89124,536000.0,1.0,2,14.154071,211134.96189,211134.96189,5684378.6781083,16628223.0031504,936196.8464903,16763469.6185503,126201912.86897129,50,0,3
Z3,18,5,720,18312.0,0.051063,358615.827507,359056.0,1.0,2,14.154071,175721.149143,175721.149143,5684378.6781083,16628223.0031504,936196.8464903,16763469.6185503,126201912.86897129,50,0,3
Z3,19,5,720,41432.0,0.051089,810976.922625,812392.0,1.0,2,14.154071,266193.368167,266193.368167,5684378.6781083,16628223.0031504,936196.8464903,16763469.6185503,126201912.86897129,50,0,3
Z3,20,5,720,36760.0,0.051027,720402.923942,720784.0,1.0,2,14.154071,248078.56843,248078.56843,5684378.6781083,16628223.0031504,936196.8464903,16763469.6185503,126201912.86897129,50,0,3
Z3,21,5,720,21272.0,0.050963,417400.859447,425440.0,1.0,2,14.154071,187478.155531,187478.155531,5684378.6781083,16628223.0031504,936196.8464903,16763469.6185503,126201912.86897129,50,0,3
Z3,22,5,720,43464.0,0.051065,851150.494468,852232.0,1.0,2,14.154071,274228.082535,274228.082535,5684378.6781083,16628223.0031504,936196.8464903,16763469.6185503,126201912.86897129,50,0,3
Z3,23,5,720,42000.0,0.051058,822593.912805,823528.0,1.0,2,14.154071,268516.766203,268516.766203,5684378.6781083,16628223.0031504,936196.8464903,16763469.6185503,126201912.86897129,50,0,3
Z3,24,5,720,20304.0,0.050959,398437.959929,406080.0,1.0,2,14.154071,183685.575627,183685.575627,5684378.6781083,16628223.0031504,936196.8464903,16763469.6185503,126201912.86897129,50,0,3
Z3,25,5,720,32736.0,0.051151,639987.488026,641880.0,1.0,2,14.154071,231995.481247,231995.481247,5684378.6781083,16628223.0031504,936196.8464903,16763469.6185503,126201912.86897129,50,0,3
Z3,26,5,720,34608.0,0.177144,195366.481507,195520.0,1.0,2,14.154071,143071.279943,143071.279943,5684378.6781083,16628223.0031504,936196.8464903,16763469.6185503,126201912.86897129,50,0,3
Z3,27,5,720,21272.0,0.051062,416591.594532,417096.0,1.0,2,14.154071,187316.302548,187316.302548,5684378.6781083,16628223.0031504,936196.8464903,16763469.6185503,126201912.86897129,50,0,3
Z3,28,5,720,8752.0,0.051026,171520.401364,171600.0,1.0,2,14.154071,138302.063914,138302.063914,5684378.6781083,16628223.0031504,936196.8464903,16763469.6185503,126201912.86897129,50,0,3
Z3,29,5,720,12760.0,0.217702,58612.231399,58800.0,1.0,2,14.154071,115720.429921,115720.429921,5684378.6781083,16628223.0031504,936196.8464903,16763469.6185503,126201912.86897129,50,0,3
Z3,30,5,720,15440.0,0.051093,302194.038322,302744.0,1.0,2,14.154071,164436.791306,164436.791306,5684378.6781083,16628223.0031504,936196.8464903,16763469.6185503,126201912.86897129,50,0,3
Z3,31,5,720,10000.0,0.051055,195867.202037,196072.0,1.0,2,14.154071,143171.424049,143171.424049,5684378.6781083,16628223.0031504,936196.8464903,16763469.6185503,126201912.86897129,50,0,3
Z3,32,5,720,15200.0,0.05097,298214.63606,304000.0,1.0,2,14.154071,163640.910854,163640.910854,5684378.6781083,16628223.0031504,936196.8464903,16763469.6185503,126201912.86897129,50,0,3
Z3,33,5,720,18352.0,0.051134,358900.144718,359840.0,1.0,2,14.154071,175778.012585,175778.012585,5684378.6781083,16628223.0031504,936196.8464903,16763469.6185503,126201912.86897129,50,0,3
Z3,34,5,720,11224.0,0.051112,219596.180936,220072.0,1.0,2,14.154071,147917.219829,147917.219829,5684378.6781083,16628223.0031504,936196.8464903,16763469.6185503,126201912.86897129,50,0,3
Z3,35,5,720,23240.0,0.051058,455168.631752,455680.0,1.0,2,14.154071,195031.709992,195031.709992,5684378.6781083,16628223.0031504,936196.8464903,16763469.6185503,126201912.86897129,50,0,3
Z3,36,5,720,16824.0,0.051025,329720.725135,329880.0,1.0,2,14.154071,169942.128669,169942.128669,5684378.6781083,16628223.0031504,936196.8464903,16763469.6185503,126201912.86897129,50,0,3
Z3,37,5,720,9680.0,0.051027,189703.490309,189800.0,1.0,2,14.154071,141938.681703,141938.681703,5684378.6781083,16628223.0031504,936196.8464903,16763469.6185503,126201912.86897129,50,0,3
Z3,38,5,720,12888.0,0.052847,243873.824437,247840.0,1.0,2,14.154071,152772.748529,152772.748529,5684378.6781083,16628223.0031504,936196.8464903,16763469.6185503,126201912.86897129,50,0,3
Z1,0,6,720,14912.0,0.172004,86695.658241,86696.0,1.0,2,17.271205,145122.168445,145122.168445,5684378.6781083,16628223.0031504,936196.8464903,16763469.6185503,126201912.86897129,50,0,3
Z2,0,6,720,6624.0,0.172898,38311.605687,38504.0,1.0,2,17.271205,135445.357934,135445.357934,5684378.6781083,16628223.0031504,936196.8464903,16763469.6185503,126201912.86897129,50,0,3
Z2,1,6,720,6768.0,0.050913,132932.649814,135360.0,1.0,2,17.271205,154369.566759,154369.566759,5684378.6781083,16628223.0031504,936196.8464903,16763469.6185503,126201912.86897129,50,0,3
Z2,2,6,720,7488.0,0.050937,147005.123977,149760.0,1.0,2,17.271205,157184.061592,157184.061592,5684378.6781083,16628223.0031504,936196.8464903,16763469.6185503,126201912.86897129,50,0,3
Z2,3,6,720,7752.0,0.051004,151988.079366,152000.0,1.0,2,17.271205,158180.65267,158180.65267,5684378.6781083,16628223.0031504,936196.8464903,16763469.6185503,126201912.86897129,50,0,3
Z2,4,6,720,10768.0,0.051024,211037.942929,211136.0,1.0,2,17.271205,169990.625382,169990.625382,5684378.6781083,16628223.0031504,936196.8464903,16763469.6185503,126201912.86897129,50,0,3
Z2,5,6,720,17456.0,0.051109,341544.542057,342272.0,1.0,2,17.271205,196091.945208,196091.945208,5684378.6781083,16628223.0031504,936196.8464903,16763469.6185503,126201912.86897129,50,0,3
Z2,6,6,720,9568.0,0.051029,187501.224794,187600.0,1.0,2,17.271205,165283.281755,165283.281755,5684378.6781083,16628223.0031504,936196.8464903,16763469.6185503,126201912.86897129,50,0,3
Z2,7,6,720,12800.0,0.051066,250656.013786,250976.0,1.0,2,17.271205,177914.239554,177914.239554,5684378.6781083,16628223.0031504,936196.8464903,16763469.6185503,126201912.86897129,50,0,3
Z3,0,6,720,6760.0,0.33463,20201.41649,20232.0,1.0,2,17.271205,131823.320094,131823.320094,5684378.6781083,16628223.0031504,936196.8464903,16763469.6185503,126201912.86897129,50,0,3
Z3,1,6,720,8320.0,0.050841,163647.449893,166400.0,1.0,2,17.271205,160512.526775,160512.526775,5684378.6781083,16628223.0031504,936196.8464903,16763469.6185503,126201912.86897129,50,0,3
Z3,2,6,720,7800.0,0.051297,152055.675771,152936.0,1.0,2,17.271205,158194.171951,158194.171951,5684378.6781083,16628223.0031504,936196.8464903,16763469.6185503,126201912.86897129,50,0,3
Z3,3,6,720,6928.0,0.050867,136198.321112,138560.0,1.0,2,17.271205,155022.701019,155022.701019,5684378.6781083,16628223.0031504,936196.8464903,16763469.6185503,126201912.86897129,50,0,3
Z3,4,6,720,7472.0,0.05099,146538.536968,149440.0,1.0,2,17.271205,157090.74419,157090.74419,5684378.6781083,16628223.0031504,936196.8464903,16763469.6185503,126201912.86897129,50,0,3
Z3,5,6,720,7416.0,0.050898,145703.171048,148320.0,1.0,2,17.271205,156923.671006,156923.671006,5684378.6781083,16628223.0031504,936196.8464903,16763469.6185503,126201912.86897129,50,0,3
Z3,6,6,720,6760.0,0.050904,132798.994185,135200.0,1.0,2,17.271205,154342.835633,154342.835633,5684378.6781083,16628223.0031504,936196.8464903,16763469.6185503,126201912.86897129,50,0,3
Z3,7,6,720,7600.0,0.050926,149236.146566,152000.0,1.0,2,17.271205,157630.26611,157630.26611,5684378.6781083,16628223.0031504,936196.8464903,16763469.6185503,126201912.86897129,50,0,3
Z3,8,6,720,7600.0,0.050901,149309.443822,152000.0,1.0,2,17.271205,157644.925561,157644.925561,5684378.6781083,16628223.0031504,936196.8464903,16763469.6185503,126201912.86897129,50,0,3
Z3,9,6,720,12912.0,0.050962,253365.252541,258240.0,1.0,2,17.271205,178456.087305,178456.087305,5684378.6781083,16628223.0031504,936196.8464903,16763469.6185503,126201912.86897129,50,0,3
Z3,10,6,720,17552.0,0.050932,344616.351213,351040.0,1.0,2,17.271205,196706.307039,196706.307039,5684378.6781083,16628223.0031504,936196.8464903,16763469.6185503,126201912.86897129,50,0,3
Z3,11,6,720,14968.0,0.050961,293714.801515,299360.0,1.0,2,17.271205,186525.997099,186525.997099,5684378.6781083,16628223.0031504,936196.8464903,16763469.6185503,126201912.86897129,50,0,3
Z3,12,6,720,10336.0,0.051042,202499.902041,202664.0,1.0,2,17.271205,168283.017205,168283.017205,5684378.6781083,16628223.0031504,936196.8464903,16763469.6185503,126201912.86897129,50,0,3
Z3,13,6,720,18344.0,0.051012,359601.662354,359680.0,1.0,2,17.271205,199703.369267,199703.369267,5684378.6781083,16628223.0031504,936196.8464903,16763469.6185503,126201912.86897129,50,0,3
Z3,14,6,720,20456.0,0.050989,401184.569221,409120.0,1.0,2,17.271205,208019.950641,208019.950641,5684378.6781083,16628223.0031504,936196.8464903,16763469.6185503,126201912.86897129,50,0,3
Z3,15,6,720,12480.0,0.050925,245066.273932,249600.0,1.0,2,17.271205,176796.291583,176796.291583,5684378.6781083,16628223.0031504,936196.8464903,16763469.6185503,126201912.86897129,50,0,3
Z3,16,6,720,18912.0,0.050947,371209.295935,378240.0,1.0,2,17.271205,202024.895983,202024.895983,5684378.6781083,16628223.0031504,936196.8464903,16763469.6185503,126201912.86897129,50,0,3
Z3,17,6,720,16112.0,0.051021,315791.536818,315920.0,1.0,2,17.271205,190941.34416,190941.34416,5684378.6781083,16628223.0031504,936196.8464903,16763469.6185503,126201912.86897129,50,0,3
Z3,18,6,720,16088.0,0.05098,315574.73519,321760.0,1.0,2,17.271205,190897.983834,190897.983834,5684378.6781083,16628223.0031504,936196.8464903,16763469.6185503,126201912.86897129,50,0,3
Z3,19,6,720,31984.0,0.051069,626289.921479,627136.0,1.0,2,17.271205,253041.021092,253041.021092,5684378.6781083,16628223.0031504,936196.8464903,16763469.6185503,126201912.86897129,50,0,3
Z3,20,6,720,21472.0,0.05098,421184.778344,429440.0,1.0,2,17.271205,212019.992465,212019.992465,5684378.6781083,16628223.0031504,936196.8464903,16763469.6185503,126201912.86897129,50,0,3
Z3,21,6,720,19320.0,0.051048,378467.324871,378816.0,1.0,2,17.271205,203476.501771,203476.501771,5684378.6781083,16628223.0031504,936196.8464903,16763469.6185503,126201912.86897129,50,0,3
Z3,22,6,720,33040.0,0.051045,647272.014889,647840.0,1.0,2,17.271205,257237.439774,257237.439774,5684378.6781083,16628223.0031504,936196.8464903,16763469.6185503,126201912.86897129,50,0,3
Z3,23,6,720,26472.0,0.050996,519099.537219,529440.0,1.0,2,17.271205,231602.94424,231602.94424,5684378.6781083,16628223.0031504,936196.8464903,16763469.6185503,126201912.86897129,50,0,3
Z3,24,6,720,12984.0,0.050957,254803.069254,259680.0,1.0,2,17.271205,178743.650647,178743.650647,5684378.6781083,16628223.0031504,936196.8464903,16763469.6185503,126201912.86897129,50,0,3
Z3,25,6,720,21128.0,0.051014,414160.818599,414272.0,1.0,2,17.271205,210615.200516,210615.200516,5684378.6781083,16628223.0031504,936196.8464903,16763469.6185503,126201912.86897129,50,0,3
Z3,26,6,720,21576.0,0.050994,423108.601012,431520.0,1.0,2,17.271205,212404.756999,212404.756999,5684378.6781083,16628223.0031504,936196.8464903,16763469.6185503,126201912.86897129,50,0,3
Z3,27,6,720,14376.0,0.050923,282308.583548,287520.0,1.0,2,17.271205,184244.753506,184244.753506,5684378.6781083,16628223.0031504,936196.8464903,16763469.6185503,126201912.86897129,50,0,3
Z3,28,6,720,7048.0,0.050895,138481.186757,140960.0,1.0,2,17.271205,155479.274148,155479.274148,5684378.6781083,16628223.0031504,936196.8464903,16763469.6185503,126201912.86897129,50,0,3
Z3,29,6,720,8656.0,0.050964,169845.381053,173120.0,1.0,2,17.271205,161752.113007,161752.113007,5684378.6781083,16628223.0031504,936196.8464903,16763469.6185503,126201912.86897129,50,0,3
Z3,30,6,720,9488.0,0.050963,186174.283304,189760.0,1.0,2,17.271205,165017.893457,165017.893457,5684378.6781083,16628223.0031504,936196.8464903,16763469.6185503,126201912.86897129,50,0,3
Z3,31,6,720,8424.0,0.050847,165673.491061,168480.0,1.0,2,17.271205,160917.735009,160917.735009,5684378.6781083,16628223.0031504,936196.8464903,16763469.6185503,126201912.86897129,50,0,3
Z3,32,6,720,9328.0,0.050902,183254.096106,186560.0,1.0,2,17.271205,164433.856018,164433.856018,5684378.6781083,16628223.0031504,936196.8464903,16763469.6185503,126201912.86897129,50,0,3
Z3,33,6,720,8680.0,0.05094,170396.544955,173600.0,1.0,2,17.271205,161862.345787,161862.345787,5684378.6781083,16628223.0031504,936196.8464903,16763469.6185503,126201912.86897129,50,0,3
Z3,34,6,720,7160.0,0.050951,140527.173166,143200.0,1.0,2,17.271205,155888.47143,155888.47143,5684378.6781083,16628223.0031504,936196.8464903,16763469.6185503,126201912.86897129,50,0,3
Z3,35,6,720,10360.0,0.050996,203153.188485,207200.0,1.0,2,17.271205,168413.674493,168413.674493,5684378.6781083,16628223.0031504,936196.8464903,16763469.6185503,126201912.86897129,50,0,3
Z3,36,6,720,9048.0,0.050961,177547.536351,180960.0,1.0,2,17.271205,163292.544067,163292.544067,5684378.6781083,16628223.0031504,936196.8464903,16763469.6185503,126201912.86897129,50,0,3
Z3,37,6,720,7176.0,0.050937,140879.910478,143520.0,1.0,2,17.271205,155959.018892,155959.018892,5684378.6781083,16628223.0031504,936196.8464903,16763469.6185503,126201912.86897129,50,0,3
Z3,38,6,720,8768.0,0.05088,172327.044025,175360.0,1.0,2,17.271205,162248.445601,162248.445601,5684378.6781083,16628223.0031504,936196.8464903,16763469.6185503,126201912.86897129,50,0,3
Z1,0,7,720,7408.0,0.173265,42755.317,42816.0,1.0,2,20.251289,145787.740604,145787.740604,5684378.6781083,16628223.0031504,936196.8464903,16763469.6185503,126201912.86897129,50,0,3
Z2,0,7,720,6624.0,0.254198,26058.426896,26072.0,1.0,2,20.251289,142448.362583,142448.362583,5684378.6781083,16628223.0031504,936196.8464903,16763469.6185503,126201912.86897129,50,0,3
Z2,1,7,720,6792.0,0.050944,133322.864322,135840.0,1.0,2,20.251289,163901.250068,163901.250068,5684378.6781083,16628223.0031504,936196.8464903,16763469.6185503,126201912.86897129,50,0,3
Z2,2,7,720,7464.0,0.050738,147108.675943,149280.0,1.0,2,20.251289,166658.412392,166658.412392,5684378.6781083,16628223.0031504,936196.8464903,16763469.6185503,126201912.86897129,50,0,3
Z2,3,7,720,10144.0,0.050969,199022.93551,202880.0,1.0,2,20.251289,177041.264305,177041.264305,5684378.6781083,16628223.0031504,936196.8464903,16763469.6185503,126201912.86897129,50,0,3
Z2,4,7,720,14352.0,0.050968,281588.447653,287040.0,1.0,2,20.251289,193554.366734,193554.366734,5684378.6781083,16628223.0031504,936196.8464903,16763469.6185503,126201912.86897129,50,0,3
Z2,5,7,720,15008.0,0.050915,294765.786114,300160.0,1.0,2,20.251289,196189.834426,196189.834426,5684378.6781083,16628223.0031504,936196.8464903,16763469.6185503,126201912.86897129,50,0,3
Z2,6,7,720,7168.0,0.050967,140640.021975,143360.0,1.0,2,20.251289,165364.681599,165364.681599,5684378.6781083,16628223.0031504,936196.8464903,16763469.6185503,126201912.86897129,50,0,3
Z2,7,7,720,8160.0,0.050882,160371.054597,163200.0,1.0,2,20.251289,169310.888123,169310.888123,5684378.6781083,16628223.0031504,936196.8464903,16763469.6185503,126201912.86897129,50,0,3
Z3,0,7,720,6656.0,0.336348,19789.02803,19808.0,1.0,2,20.251289,141194.48281,141194.48281,5684378.6781083,16628223.0031504,936196.8464903,16763469.6185503,126201912.86897129,50,0,3
Z3,1,7,720,7664.0,0.050853,150708.906063,153280.0,1.0,2,20.251289,167378.458416,167378.458416,5684378.6781083,16628223.0031504,936196.8464903,16763469.6185503,126201912.86897129,50,0,3
Z3,2,7,720,7664.0,0.0509,150569.744597,153280.0,1.0,2,20.251289,167350.626123,167350.626123,5684378.6781083,16628223.0031504,936196.8464903,16763469.6185503,126201912.86897129,50,0,3
Z3,3,7,720,6920.0,0.050919,135902.119052,138400.0,1.0,2,20.251289,164417.101014,164417.101014,5684378.6781083,16628223.0031504,936196.8464903,16763469.6185503,126201912.86897129,50,0,3
Z3,4,7,720,7504.0,0.05086,147542.272906,150080.0,1.0,2,20.251289,166745.131785,166745.131785,5684378.6781083,16628223.0031504,936196.8464903,16763469.6185503,126201912.86897129,50,0,3
Z3,5,7,720,7480.0,0.050886,146995.244272,149600.0,1.0,2,20.251289,166635.726058,166635.726058,5684378.6781083,16628223.0031504,936196.8464903,16763469.6185503,126201912.86897129,50,0,3
Z3,6,7,720,6728.0,0.050866,132269.099202,134560.0,1.0,2,20.251289,163690.497044,163690.497044,5684378.6781083,16628223.0031504,936196.8464903,16763469.6185503,126201912.86897129,50,0,3
Z3,7,7,720,7632.0,0.050772,150319.073505,152640.0,1.0,2,20.251289,167300.491905,167300.491905,5684378.6781083,16628223.0031504,936196.8464903,16763469.6185503,126201912.86897129,50,0,3
Z3,8,7,720,7392.0,0.050776,145580.589255,147840.0,1.0,2,20.251289,166352.795054,166352.795054,5684378.6781083,16628223.0031504,936196.8464903,16763469.6185503,126201912.86897129,50,0,3
Z3,9,7,720,12800.0,0.050928,251335.218347,256000.0,1.0,2,20.251289,187503.720873,187503.720873,5684378.6781083,16628223.0031504,936196.8464903,16763469.6185503,126201912.86897129,50,0,3
Z3,10,7,720,16760.0,0.050874,329441.364941,335200.0,1.0,2,20.251289,203124.950192,203124.950192,5684378.6781083,16628223.0031504,936196.8464903,16763469.6185503,126201912.86897129,50,0,3
Z3,11,7,720,14104.0,0.05093,276929.118398,282080.0,1.0,2,20.251289,192622.500883,192622.500883,5684378.6781083,16628223.0031504,936196.8464903,16763469.6185503,126201912.86897129,50,0,3
Z3,12,7,720,9704.0,0.050876,190738.265587,194080.0,1.0,2,20.251289,175384.330321,175384.330321,5684378.6781083,16628223.0031504,936196.8464903,16763469.6185503,126201912.86897129,50,0,3
Z3,13,7,720,17248.0,0.050892,338913.778197,344960.0,1.0,2,20.251289,205019.432843,205019.432843,5684378.6781083,16628223.0031504,936196.8464903,16763469.6185503,126201912.86897129,50,0,3
Z3,14,7,720,21552.0,0.051027,422364.63049,422584.0,1.0,2,20.251289,221709.603301,221709.603301,5684378.6781083,16628223.0031504,936196.8464903,16763469.6185503,126201912.86897129,50,0,3
Z3,15,7,720,16688.0,0.05089,327922.971114,333760.0,1.0,2,20.251289,202821.271426,202821.271426,5684378.6781083,16628223.0031504,936196.8464903,16763469.6185503,126201912.86897129,50,0,3
Z3,16,7,720,23312.0,0.051009,457017.389088,457096.0,1.0,2,20.251289,228640.155021,228640.155021,5684378.6781083,16628223.0031504,936196.8464903,16763469.6185503,126201912.86897129,50,0,3
Z3,17,7,720,14952.0,0.050976,293314.500942,299040.0,1.0,2,20.251289,195899.577392,195899.577392,5684378.6781083,16628223.0031504,936196.8464903,16763469.6185503,126201912.86897129,50,0,3
Z3,18,7,720,16856.0,0.050903,331139.61849,337120.0,1.0,2,20.251289,203464.600902,203464.600902,5684378.6781083,16628223.0031504,936196.8464903,16763469.6185503,126201912.86897129,50,0,3
Z3,19,7,720,23928.0,0.356851,67053.195872,67208.0,1.0,2,20.251289,150647.316378,150647.316378,5684378.6781083,16628223.0031504,936196.8464903,16763469.6185503,126201912.86897129,50,0,3
Z3,20,7,720,29544.0,0.051022,579044.333817,579288.0,1.0,2,20.251289,253045.543967,253045.543967,5684378.6781083,16628223.0031504,936196.8464903,16763469.6185503,126201912.86897129,50,0,3
Z3,21,7,720,31920.0,0.051124,624364.290744,625880.0,1.0,2,20.251289,262109.535352,262109.535352,5684378.6781083,16628223.0031504,936196.8464903,16763469.6185503,126201912.86897129,50,0,3
Z3,22,7,720,15096.0,0.050995,296029.022453,301920.0,1.0,2,20.251289,196442.481694,196442.481694,5684378.6781083,16628223.0031504,936196.8464903,16763469.6185503,126201912.86897129,50,0,3
Z3,23,7,720,22296.0,0.051081,436483.232513,437176.0,1.0,2,20.251289,224533.323706,224533.323706,5684378.6781083,16628223.0031504,936196.8464903,16763469.6185503,126201912.86897129,50,0,3
Z3,24,7,720,24272.0,0.178357,136086.612805,136352.0,1.0,2,20.251289,164453.999764,164453.999764,5684378.6781083,16628223.0031504,936196.8464903,16763469.6185503,126201912.86897129,50,0,3
Z3,25,7,720,13368.0,0.051009,262071.399165,262112.0,1.0,2,20.251289,189650.957036,189650.957036,5684378.6781083,16628223.0031504,936196.8464903,16763469.6185503,126201912.86897129,50,0,3
Z3,26,7,720,21768.0,0.051017,426681.302311,426816.0,1.0,2,20.251289,222572.937666,222572.937666,5684378.6781083,16628223.0031504,936196.8464903,16763469.6185503,126201912.86897129,50,0,3
Z3,27,7,720,21680.0,0.051072,424498.746867,425096.0,1.0,2,20.251289,222136.426577,222136.426577,5684378.6781083,16628223.0031504,936196.8464903,16763469.6185503,126201912.86897129,50,0,3
Z3,28,7,720,9672.0,0.050988,189691.692163,193440.0,1.0,2,20.251289,175175.015636,175175.015636,5684378.6781083,16628223.0031504,936196.8464903,16763469.6185503,126201912.86897129,50,0,3
Z3,29,7,720,13368.0,0.050912,262570.710245,267360.0,1.0,2,20.251289,189750.819253,189750.819253,5684378.6781083,16628223.0031504,936196.8464903,16763469.6185503,126201912.86897129,50,0,3
Z3,30,7,720,13424.0,0.050998,263226.008863,268480.0,1.0,2,20.251289,189881.878976,189881.878976,5684378.6781083,16628223.0031504,936196.8464903,16763469.6185503,126201912.86897129,50,0,3
Z3,31,7,720,8064.0,0.050956,158254.180077,161280.0,1.0,2,20.251289,168887.513219,168887.513219,5684378.6781083,16628223.0031504,936196.8464903,16763469.6185503,126201912.86897129,50,0,3
Z3,32,7,720,9424.0,0.05098,184856.806591,188480.0,1.0,2,20.251289,174208.038522,174208.038522,5684378.6781083,16628223.0031504,936196.8464903,16763469.6185503,126201912.86897129,50,0,3
Z3,33,7,720,7368.0,0.050829,144956.619253,147360.0,1.0,2,20.251289,166228.001054,166228.001054,5684378.6781083,16628223.0031504,936196.8464903,16763469.6185503,126201912.86897129,50,0,3
Z3,34,7,720,8792.0,0.050903,172720.664794,175840.0,1.0,2,20.251289,171780.810162,171780.810162,5684378.6781083,16628223.0031504,936196.8464903,16763469.6185503,126201912.86897129,50,0,3
Z3,35,7,720,8568.0,0.050923,168254.030595,171360.0,1.0,2,20.251289,170887.483323,170887.483323,5684378.6781083,16628223.0031504,936196.8464903,16763469.6185503,126201912.86897129,50,0,3
Z3,36,7,720,7064.0,0.050945,138659.338502,141280.0,1.0,2,20.251289,164968.544904,164968.544904,5684378.6781083,16628223.0031504,936196.8464903,16763469.6185503,126201912.86897129,50,0,3
Z3,37,7,720,10104.0,0.050972,198226.477282,202080.0,1.0,2,20.251289,176881.97266,176881.97266,5684378.6781083,16628223.0031504,936196.8464903,16763469.6185503,126201912.86897129,50,0,3
Z3,38,7,720,8640.0,0.050914,169697.921986,172800.0,1.0,2,20.251289,171176.261601,171176.261601,5684378.6781083,16628223.0031504,936196.8464903,16763469.6185503,126201912.86897129,50,0,3
Z1,0,8,720,7744.0,1.533249,5050.712572,5048.0,1.0,2,23.747618,145189.213049,145189.213049,5684378.6781083,16628223.0031504,936196.8464903,16763469.6185503,126201912.86897129,50,0,3
Z2,0,8,720,6624.0,0.175259,37795.491244,37848.0,1.0,2,23.747618,151738.168783,151738.168783,5684378.6781083,16628223.0031504,936196.8464903,16763469.6185503,126201912.86897129,50,0,3
Z2,1,8,720,6968.0,0.050938,136793.749264,139360.0,1.0,2,23.747618,171537.820387,171537.820387,5684378.6781083,16628223.0031504,936196.8464903,16763469.6185503,126201912.86897129,50,0,3
Z2,2,8,720,7968.0,0.051,156235.294118,156232.0,1.0,2,23.747618,175426.129358,175426.129358,5684378.6781083,16628223.0031504,936196.8464903,16763469.6185503,126201912.86897129,50,0,3
Z2,3,8,720,12752.0,0.051074,249676.939343,250032.0,1.0,2,23.747618,194114.458403,194114.458403,5684378.6781083,16628223.0031504,936196.8464903,16763469.6185503,126201912.86897129,50,0,3
Z2,4,8,720,18720.0,0.051108,366283.165062,367056.0,1.0,2,23.747618,217435.703547,217435.703547,5684378.6781083,16628223.0031504,936196.8464903,16763469.6185503,126201912.86897129,50,0,3
Z2,5,8,720,25648.0,0.051131,501613.502572,502896.0,1.0,2,23.747618,244501.771049,244501.771049,5684378.6781083,16628223.0031504,936196.8464903,16763469.6185503,126201912.86897129,50,0,3
Z2,6,8,720,9784.0,0.050992,191873.235017,195680.0,1.0,2,23.747618,182553.717538,182553.717538,5684378.6781083,16628223.0031504,936196.8464903,16763469.6185503,126201912.86897129,50,0,3
Z2,7,8,720,13192.0,0.050999,258671.738662,263840.0,1.0,2,23.747618,195913.418267,195913.418267,5684378.6781083,16628223.0031504,936196.8464903,16763469.6185503,126201912.86897129,50,0,3
Z3,0,8,720,6768.0,0.173501,39008.420701,39120.0,1.0,2,23.747618,151980.754674,151980.754674,5684378.6781083,16628223.0031504,936196.8464903,16763469.6185503,126201912.86897129,50,0,3
Z3,1,8,720,8032.0,0.0509,157799.607073,160640.0,1.0,2,23.747618,175738.991949,175738.991949,5684378.6781083,16628223.0031504,936196.8464903,16763469.6185503,126201912.86897129,50,0,3
Z3,2,8,720,7872.0,0.306719,25665.185398,25720.0,1.0,2,23.747618,149312.107614,149312.107614,5684378.6781083,16628223.0031504,936196.8464903,16763469.6185503,126201912.86897129,50,0,3
Z3,3,8,720,7024.0,0.050869,138080.166703,140480.0,1.0,2,23.747618,171795.103875,171795.103875,5684378.6781083,16628223.0031504,936196.8464903,16763469.6185503,126201912.86897129,50,0,3
Z3,4,8,720,7816.0,0.050894,153574.095178,156320.0,1.0,2,23.747618,174893.88957,174893.88957,5684378.6781083,16628223.0031504,936196.8464903,16763469.6185503,126201912.86897129,50,0,3
Z3,5,8,720,7936.0,0.050924,155840.075406,158720.0,1.0,2,23.747618,175347.085616,175347.085616,5684378.6781083,16628223.0031504,936196.8464903,16763469.6185503,126201912.86897129,50,0,3
Z3,6,8,720,6928.0,0.050918,136061.903453,138560.0,1.0,2,23.747618,171391.451225,171391.451225,5684378.6781083,16628223.0031504,936196.8464903,16763469.6185503,126201912.86897129,50,0,3
Z3,7,8,720,8048.0,0.050915,158067.367181,160960.0,1.0,2,23.747618,175792.54397,175792.54397,5684378.6781083,16628223.0031504,936196.8464903,16763469.6185503,126201912.86897129,50,0,3
Z3,8,8,720,7664.0,0.050858,150694.089425,153280.0,1.0,2,23.747618,174317.888419,174317.888419,5684378.6781083,16628223.0031504,936196.8464903,16763469.6185503,126201912.86897129,50,0,3
Z3,9,8,720,14248.0,0.221012,64467.08776,64464.0,1.0,2,23.747618,157072.488086,157072.488086,5684378.6781083,16628223.0031504,936196.8464903,16763469.6185503,126201912.86897129,50,0,3
Z3,10,8,720,19448.0,0.05362,362700.484894,366936.0,1.0,2,23.747618,216719.167513,216719.167513,5684378.6781083,16628223.0031504,936196.8464903,16763469.6185503,126201912.86897129,50,0,3
Z3,11,8,720,17344.0,0.050944,340452.261307,346880.0,1.0,2,23.747618,212269.522796,212269.522796,5684378.6781083,16628223.0031504,936196.8464903,16763469.6185503,126201912.86897129,50,0,3
Z3,12,8,720,11952.0,0.05088,234905.660377,239040.0,1.0,2,23.747618,191160.20261,191160.20261,5684378.6781083,16628223.0031504,936196.8464903,16763469.6185503,126201912.86897129,50,0,3
Z3,13,8,720,25224.0,0.050959,494986.165349,504480.0,1.0,2,23.747618,243176.303604,243176.303604,5684378.6781083,16628223.0031504,936196.8464903,16763469.6185503,126201912.86897129,50,0,3
Z3,14,8,720,35992.0,0.051073,704716.777945,705720.0,1.0,2,23.747618,285122.426123,285122.426123,5684378.6781083,16628223.0031504,936196.8464903,16763469.6185503,126201912.86897129,50,0,3
Z3,15,8,720,20016.0,0.050947,392878.874124,400320.0,1.0,2,23.747618,222754.845359,222754.845359,5684378.6781083,16628223.0031504,936196.8464903,16763469.6185503,126201912.86897129,50,0,3
Z3,16,8,720,36432.0,0.05104,713793.103448,714352.0,1.0,2,23.747618,286937.691224,286937.691224,5684378.6781083,16628223.0031504,936196.8464903,16763469.6185503,126201912.86897129,50,0,3
Z3,17,8,720,22472.0,0.051023,440428.826216,440624.0,1.0,2,23.747618,232264.835777,232264.835777,5684378.6781083,16628223.0031504,936196.8464903,16763469.6185503,126201912.86897129,50,0,3
Z3,18,8,720,21736.0,0.050945,426656.19786,434720.0,1.0,2,23.747618,229510.310106,229510.310106,5684378.6781083,16628223.0031504,936196.8464903,16763469.6185503,126201912.86897129,50,0,3
Z3,19,8,720,16848.0,0.050898,331014.971119,336960.0,1.0,2,23.747618,210382.064758,210382.064758,5684378.6781083,16628223.0031504,936196.8464903,16763469.6185503,126201912.86897129,50,0,3
Z3,20,8,720,47160.0,0.05103,924162.257496,924704.0,1.0,2,23.747618,329011.522033,329011.522033,5684378.6781083,16628223.0031504,936196.8464903,16763469.6185503,126201912.86897129,50,0,3
Z3,21,8,720,39472.0,0.051067,772945.34631,773960.0,1.0,2,23.747618,298768.139796,298768.139796,5684378.6781083,16628223.0031504,936196.8464903,16763469.6185503,126201912.86897129,50,0,3
Z3,22,8,720,26968.0,0.051051,528256.057668,528784.0,1.0,2,23.747618,249830.282068,249830.282068,5684378.6781083,16628223.0031504,936196.8464903,16763469.6185503,126201912.86897129,50,0,3
Z3,23,8,720,39776.0,0.051156,777543.201189,779920.0,1.0,2,23.747618,299687.710772,299687.710772,5684378.6781083,16628223.0031504,936196.8464903,16763469.6185503,126201912.86897129,50,0,3
Z3,24,8,720,34992.0,0.051126,684426.71048,686112.0,1.0,2,23.747618,281064.41263,281064.41263,5684378.6781083,16628223.0031504,936196.8464903,16763469.6185503,126201912.86897129,50,0,3
Z3,25,8,720,22464.0,0.051031,440203.013854,440464.0,1.0,2,23.747618,232219.673305,232219.673305,5684378.6781083,16628223.0031504,936196.8464903,16763469.6185503,126201912.86897129,50,0,3
Z3,26,8,720,43144.0,0.051159,843331.574112,845960.0,1.0,2,23.747618,312845.385357,312845.385357,5684378.6781083,16628223.0031504,936196.8464903,16763469.6185503,126201912.86897129,50,0,3
Z3,27,8,720,43672.0,0.05243,832958.230021,839840.0,1.0,2,23.747618,310770.716539,310770.716539,5684378.6781083,16628223.0031504,936196.8464903,16763469.6185503,126201912.86897129,50,0,3
Z3,28,8,720,18320.0,0.051098,358526.752515,359208.0,1.0,2,23.747618,215884.421037,215884.421037,5684378.6781083,16628223.0031504,936196.8464903,16763469.6185503,126201912.86897129,50,0,3
Z3,29,8,720,24560.0,0.051077,480842.649333,481568.0,1.0,2,23.747618,240347.600401,240347.600401,5684378.6781083,16628223.0031504,936196.8464903,16763469.6185503,126201912.86897129,50,0,3
Z3,30,8,720,19040.0,0.051065,372858.122001,373328.0,1.0,2,23.747618,218750.694935,218750.694935,5684378.6781083,16628223.0031504,936196.8464903,16763469.6185503,126201912.86897129,50,0,3
Z3,31,8,720,20160.0,0.051139,394219.675786,395288.0,1.0,2,23.747618,223023.005691,223023.005691,5684378.6781083,16628223.0031504,936196.8464903,16763469.6185503,126201912.86897129,50,0,3
Z3,32,8,720,16496.0,0.051212,322112.004999,323448.0,1.0,2,23.747618,208601.471534,208601.471534,5684378.6781083,16628223.0031504,936196.8464903,16763469.6185503,126201912.86897129,50,0,3
Z3,33,8,720,11624.0,0.051142,227288.725509,227920.0,1.0,2,23.747618,189636.815636,189636.815636,5684378.6781083,16628223.0031504,936196.8464903,16763469.6185503,126201912.86897129,50,0,3
Z3,34,8,720,21024.0,0.051169,410873.771229,412232.0,1.0,2,23.747618,226353.82478,226353.82478,5684378.6781083,16628223.0031504,936196.8464903,16763469.6185503,126201912.86897129,50,0,3
Z3,35,8,720,28496.0,0.05106,558088.523306,558744.0,1.0,2,23.747618,255796.775195,255796.775195,5684378.6781083,16628223.0031504,936196.8464903,16763469.6185503,126201912.86897129,50,0,3
Z3,36,8,720,12416.0,0.051233,242343.801846,243448.0,1.0,2,23.747618,192647.830904,192647.830904,5684378.6781083,16628223.0031504,936196.8464903,16763469.6185503,126201912.86897129,50,0,3
Z3,37,8,720,17312.0,0.051045,339151.728867,339448.0,1.0,2,23.747618,212009.416308,212009.416308,5684378.6781083,16628223.0031504,936196.8464903,16763469.6185503,126201912.86897129,50,0,3
Z3,38,8,720,14664.0,0.050994,287563.242734,293280.0,1.0,2,23.747618,201691.719081,201691.719081,5684378.6781083,16628223.0031504,936196.8464903,16763469.6185503,126201912.86897129,50,0,3
Z1,0,9,720,24464.0,0.17125,142855.474453,143064.0,1.0,2,28.362805,203263.501527,203263.501527,5684378.6781083,16628223.0031504,936196.8464903,16763469.6185503,126201912.86897129,50,0,3
Z2,0,9,720,6624.0,0.173668,38141.741714,38288.0,1.0,2,28.362805,182320.754979,182320.754979,5684378.6781083,16628223.0031504,936196.8464903,16763469.6185503,126201912.86897129,50,0,3
Z2,1,9,720,6776.0,0.05094,133019.23832,135520.0,1.0,2,28.362805,201296.2543,201296.2543,5684378.6781083,16628223.0031504,936196.8464903,16763469.6185503,126201912.86897129,50,0,3
Z2,2,9,720,7696.0,0.05089,151228.139124,153920.0,1.0,2,28.362805,204938.034461,204938.034461,5684378.6781083,16628223.0031504,936196.8464903,16763469.6185503,126201912.86897129,50,0,3
Z2,3,9,720,7496.0,0.050959,147098.647933,149920.0,1.0,2,28.362805,204112.136223,204112.136223,5684378.6781083,16628223.0031504,936196.8464903,16763469.6185503,126201912.86897129,50,0,3
Z2,4,9,720,16056.0,0.050995,314854.39749,321120.0,1.0,2,28.362805,237663.286134,237663.286134,5684378.6781083,16628223.0031504,936196.8464903,16763469.6185503,126201912.86897129,50,0,3
Z2,5,9,720,26344.0,0.051068,515861.204668,516544.0,1.0,2,28.362805,277864.64757,277864.64757,5684378.6781083,16628223.0031504,936196.8464903,16763469.6185503,126201912.86897129,50,0,3
Z2,6,9,720,23952.0,0.050979,469840.522568,479040.0,1.0,2,28.362805,268660.51115,268660.51115,5684378.6781083,16628223.0031504,936196.8464903,16763469.6185503,126201912.86897129,50,0,3
Z2,7,9,720,32816.0,0.051077,642480.960119,643448.0,1.0,2,28.362805,303188.59866,303188.59866,5684378.6781083,16628223.0031504,936196.8464903,16763469.6185503,126201912.86897129,50,0,3
Z3,0,9,720,6752.0,0.172884,39055.088961,39248.0,1.0,2,28.362805,182503.424429,182503.424429,5684378.6781083,16628223.0031504,936196.8464903,16763469.6185503,126201912.86897129,50,0,3
Z3,1,9,720,9824.0,0.050988,192672.785754,196480.0,1.0,2,28.362805,213226.963787,213226.963787,5684378.6781083,16628223.0031504,936196.8464903,16763469.6185503,126201912.86897129,50,0,3
Z3,2,9,720,8640.0,0.050833,169968.327661,172800.0,1.0,2,28.362805,208686.072169,208686.072169,5684378.6781083,16628223.0031504,936196.8464903,16763469.6185503,126201912.86897129,50,0,3
Z3,3,9,720,7248.0,0.050931,142310.184367,144960.0,1.0,2,28.362805,203154.44351,203154.44351,5684378.6781083,16628223.0031504,936196.8464903,16763469.6185503,126201912.86897129,50,0,3
Z3,4,9,720,8336.0,0.305769,27262.410513,27328.0,1.0,2,28.362805,180144.888739,180144.888739,5684378.6781083,16628223.0031504,936196.8464903,16763469.6185503,126201912.86897129,50,0,3
Z3,5,9,720,9640.0,0.050949,189208.81666,192800.0,1.0,2,28.362805,212534.169968,212534.169968,5684378.6781083,16628223.0031504,936196.8464903,16763469.6185503,126201912.86897129,50,0,3
Z3,6,9,720,10312.0,0.050915,202533.634489,206240.0,1.0,2,28.362805,215199.133534,215199.133534,5684378.6781083,16628223.0031504,936196.8464903,16763469.6185503,126201912.86897129,50,0,3
Z3,7,9,720,21208.0,0.051013,415737.165036,415840.0,1.0,2,28.362805,257839.839644,257839.839644,5684378.6781083,16628223.0031504,936196.8464903,16763469.6185503,126201912.86897129,50,0,3
Z3,8,9,720,8000.0,0.050896,157183.275699,160000.0,1.0,2,28.362805,206129.061776,206129.061776,5684378.6781083,16628223.0031504,936196.8464903,16763469.6185503,126201912.86897129,50,0,3
Z3,9,9,720,16880.0,0.050959,331246.688514,337600.0,1.0,2,28.362805,240941.744339,240941.744339,5684378.6781083,16628223.0031504,936196.8464903,16763469.6185503,126201912.86897129,50,0,3
Z3,10,9,720,23240.0,0.357145,65071.60957,65096.0,1.0,2,28.362805,187706.728551,187706.728551,5684378.6781083,16628223.0031504,936196.8464903,16763469.6185503,126201912.86897129,50,0,3
Z3,11,9,720,21680.0,0.051002,425081.369358,425096.0,1.0,2,28.362805,259708.680508,259708.680508,5684378.6781083,16628223.0031504,936196.8464903,16763469.6185503,126201912.86897129,50,0,3
Z3,12,9,720,16096.0,0.050946,315942.370353,321920.0,1.0,2,28.362805,237880.880707,237880.880707,5684378.6781083,16628223.0031504,936196.8464903,16763469.6185503,126201912.86897129,50,0,3
Z3,13,9,720,39872.0,0.051078,780610.047379,781800.0,1.0,2,28.362805,330814.416112,330814.416112,5684378.6781083,16628223.0031504,936196.8464903,16763469.6185503,126201912.86897129,50,0,3
Z3,14,9,720,46392.0,0.05107,908400.234972,909640.0,1.0,2,28.362805,356372.453631,356372.453631,5684378.6781083,16628223.0031504,936196.8464903,16763469.6185503,126201912.86897129,50,0,3
Z3,15,9,720,26168.0,0.051049,512605.535858,513096.0,1.0,2,28.362805,277213.513808,277213.513808,5684378.6781083,16628223.0031504,936196.8464903,16763469.6185503,126201912.86897129,50,0,3
Z3,16,9,720,48816.0,0.051066,955939.372577,957176.0,1.0,2,28.362805,365880.281152,365880.281152,5684378.6781083,16628223.0031504,936196.8464903,16763469.6185503,126201912.86897129,50,0,3
Z3,17,9,720,38664.0,0.051147,755938.764737,758112.0,1.0,2,28.362805,325880.159584,325880.159584,5684378.6781083,16628223.0031504,936196.8464903,16763469.6185503,126201912.86897129,50,0,3
Z3,18,9,720,19912.0,0.05099,390507.942734,398240.0,1.0,2,28.362805,252793.995183,252793.995183,5684378.6781083,16628223.0031504,936196.8464903,16763469.6185503,126201912.86897129,50,0,3
Z3,19,9,720,61688.0,0.101772,606139.213143,610768.0,1.0,2,28.362805,295920.249265,295920.249265,5684378.6781083,16628223.0031504,936196.8464903,16763469.6185503,126201912.86897129,50,0,3
Z3,20,9,720,59200.0,0.176272,335844.603794,336360.0,1.0,2,28.362805,241861.327395,241861.327395,5684378.6781083,16628223.0031504,936196.8464903,16763469.6185503,126201912.86897129,50,0,3
Z3,21,9,720,41064.0,0.051049,804403.612216,805176.0,1.0,2,28.362805,335573.12908,335573.12908,5684378.6781083,16628223.0031504,936196.8464903,16763469.6185503,126201912.86897129,50,0,3
Z3,22,9,720,55576.0,0.101703,546453.890249,550256.0,1.0,2,28.362805,283983.184686,283983.184686,5684378.6781083,16628223.0031504,936196.8464903,16763469.6185503,126201912.86897129,50,0,3
Z3,23,9,720,50200.0,0.051136,981695.869837,984312.0,1.0,2,28.362805,371031.580604,371031.580604,5684378.6781083,16628223.0031504,936196.8464903,16763469.6185503,126201912.86897129,50,0,3
Z3,24,9,720,30056.0,0.051026,589033.041979,589328.0,1.0,2,28.362805,292499.015032,292499.015032,5684378.6781083,16628223.0031504,936196.8464903,16763469.6185503,126201912.86897129,50,0,3
Z3,25,9,720,59504.0,0.10178,584633.523286,589144.0,1.0,2,28.362805,291619.111294,291619.111294,5684378.6781083,16628223.0031504,936196.8464903,16763469.6185503,126201912.86897129,50,0,3
Z3,26,9,720,65232.0,0.051117,1276131.228358,1279056.0,1.0,2,28.362805,429918.652308,429918.652308,5684378.6781083,16628223.0031504,936196.8464903,16763469.6185503,126201912.86897129,50,0,3
Z3,27,9,720,36648.0,0.051047,717926.616647,718584.0,1.0,2,28.362805,318277.729966,318277.729966,5684378.6781083,16628223.0031504,936196.8464903,16763469.6185503,126201912.86897129,50,0,3
Z3,28,9,720,8856.0,0.05091,173954.036535,177120.0,1.0,2,28.362805,209483.213943,209483.213943,5684378.6781083,16628223.0031504,936196.8464903,16763469.6185503,126201912.86897129,50,0,3
Z3,29,9,720,14088.0,0.051011,276175.726804,276232.0,1.0,2,28.362805,229927.551997,229927.551997,5684378.6781083,16628223.0031504,936196.8464903,16763469.6185503,126201912.86897129,50,0,3
Z3,30,9,720,15104.0,0.050882,296843.677528,302080.0,1.0,2,28.362805,234061.142142,234061.142142,5684378.6781083,16628223.0031504,936196.8464903,16763469.6185503,126201912.86897129,50,0,3
Z3,31,9,720,11784.0,0.050968,231203.892639,235680.0,1.0,2,28.362805,220933.185164,220933.185164,5684378.6781083,16628223.0031504,936196.8464903,16763469.6185503,126201912.86897129,50,0,3
Z3,32,9,720,18496.0,0.051036,362410.847245,362664.0,1.0,2,28.362805,247174.576085,247174.576085,5684378.6781083,16628223.0031504,936196.8464903,16763469.6185503,126201912.86897129,50,0,3
Z3,33,9,720,22376.0,0.051034,438452.796175,438744.0,1.0,2,28.362805,262382.965871,262382.965871,5684378.6781083,16628223.0031504,936196.8464903,16763469.6185503,126201912.86897129,50,0,3
Z3,34,9,720,8792.0,0.05097,172493.6237,175840.0,1.0,2,28.362805,209191.131376,209191.131376,5684378.6781083,16628223.0031504,936196.8464903,16763469.6185503,126201912.86897129,50,0,3
Z3,35,9,720,19464.0,0.050995,381684.47887,389280.0,1.0,2,28.362805,251029.302411,251029.302411,5684378.6781083,16628223.0031504,936196.8464903,16763469.6185503,126201912.86897129,50,0,3
Z3,36,9,720,20360.0,0.051185,397772.784996,399208.0,1.0,2,28.362805,254246.963636,254246.963636,5684378.6781083,16628223.0031504,936196.8464903,16763469.6185503,126201912.86897129,50,0,3
Z3,37,9,720,11344.0,0.050939,222697.736508,226880.0,1.0,2,28.362805,219231.953938,219231.953938,5684378.6781083,16628223.0031504,936196.8464903,16763469.6185503,126201912.86897129,50,0,3
Z3,38,9,720,15808.0,0.051016,309863.572213,309960.0,1.0,2,28.362805,236665.121079,236665.121079,5684378.6781083,16628223.0031504,936196.8464903,16763469.6185503,126201912.86897129,50,0,3
Z1,0,10,720,35840.0,0.172425,207858.489198,208368.0,1.0,2,32.022219,229462.054031,229462.054031,5684378.6781083,16628223.0031504,936196.8464903,16763469.6185503,126201912.86897129,50,0,3
Z2,0,10,720,6624.0,0.173679,38139.325998,38288.0,1.0,2,32.022219,195518.221391,195518.221391,5684378.6781083,16628223.0031504,936196.8464903,16763469.6185503,126201912.86897129,50,0,3
Z2,1,10,720,7008.0,0.05098,137465.672813,140160.0,1.0,2,32.022219,215383.490754,215383.490754,5684378.6781083,16628223.0031504,936196.8464903,16763469.6185503,126201912.86897129,50,0,3
Z2,2,10,720,7480.0,0.050921,146894.208676,149600.0,1.0,2,32.022219,217269.197927,217269.197927,5684378.6781083,16628223.0031504,936196.8464903,16763469.6185503,126201912.86897129,50,0,3
Z2,3,10,720,7832.0,0.050979,153631.88764,156640.0,1.0,2,32.022219,218616.73372,218616.73372,5684378.6781083,16628223.0031504,936196.8464903,16763469.6185503,126201912.86897129,50,0,3
Z2,4,10,720,29728.0,0.051141,581294.851489,582896.0,1.0,2,32.022219,304149.326489,304149.326489,5684378.6781083,16628223.0031504,936196.8464903,16763469.6185503,126201912.86897129,50,0,3
Z2,5,10,720,35136.0,0.43048,81620.516633,81704.0,1.0,2,32.022219,204214.459518,204214.459518,5684378.6781083,16628223.0031504,936196.8464903,16763469.6185503,126201912.86897129,50,0,3
Z2,6,10,720,23040.0,0.101662,226633.353662,228112.0,1.0,2,32.022219,233217.026924,233217.026924,5684378.6781083,16628223.0031504,936196.8464903,16763469.6185503,126201912.86897129,50,0,3
Z2,7,10,720,35840.0,0.051165,700478.842959,702744.0,1.0,2,32.022219,327986.124783,327986.124783,5684378.6781083,16628223.0031504,936196.8464903,16763469.6185503,126201912.86897129,50,0,3
Z3,0,10,720,6840.0,0.173749,39367.133048,39536.0,1.0,2,32.022219,195763.782801,195763.782801,5684378.6781083,16628223.0031504,936196.8464903,16763469.6185503,126201912.86897129,50,0,3
Z3,1,10,720,22064.0,0.050975,432839.627268,441280.0,1.0,2,32.022219,274458.281645,274458.281645,5684378.6781083,16628223.0031504,936196.8464903,16763469.6185503,126201912.86897129,50,0,3
Z3,2,10,720,15312.0,0.051025,300088.192063,300232.0,1.0,2,32.022219,247907.994604,247907.994604,5684378.6781083,16628223.0031504,936196.8464903,16763469.6185503,126201912.86897129,50,0,3
Z3,3,10,720,7752.0,0.050969,152092.448351,155040.0,1.0,2,32.022219,218308.845862,218308.845862,5684378.6781083,16628223.0031504,936196.8464903,16763469.6185503,126201912.86897129,50,0,3
Z3,4,10,720,11432.0,0.050971,224284.39701,228640.0,1.0,2,32.022219,232747.235594,232747.235594,5684378.6781083,16628223.0031504,936196.8464903,16763469.6185503,126201912.86897129,50,0,3
Z3,5,10,720,17232.0,0.051006,337842.606752,337880.0,1.0,2,32.022219,255458.877542,255458.877542,5684378.6781083,16628223.0031504,936196.8464903,16763469.6185503,126201912.86897129,50,0,3
Z3,6,10,720,23328.0,0.050985,457546.337158,466560.0,1.0,2,32.022219,279399.623623,279399.623623,5684378.6781083,16628223.0031504,936196.8464903,16763469.6185503,126201912.86897129,50,0,3
Z3,7,10,720,18496.0,0.051034,362425.049967,362664.0,1.0,2,32.022219,260375.366185,260375.366185,5684378.6781083,16628223.0031504,936196.8464903,16763469.6185503,126201912.86897129,50,0,3
Z3,8,10,720,7968.0,0.050938,156425.4584,159360.0,1.0,2,32.022219,219175.447872,219175.447872,5684378.6781083,16628223.0031504,936196.8464903,16763469.6185503,126201912.86897129,50,0,3
Z3,9,10,720,19568.0,0.051036,383415.628184,383680.0,1.0,2,32.022219,264573.481828,264573.481828,5684378.6781083,16628223.0031504,936196.8464903,16763469.6185503,126201912.86897129,50,0,3
Z3,10,10,720,36064.0,0.051055,706375.477426,707136.0,1.0,2,32.022219,329165.451677,329165.451677,5684378.6781083,16628223.0031504,936196.8464903,16763469.6185503,126201912.86897129,50,0,3
Z3,11,10,720,29248.0,0.051091,572468.732262,573488.0,1.0,2,32.022219,302384.102644,302384.102644,5684378.6781083,16628223.0031504,936196.8464903,16763469.6185503,126201912.86897129,50,0,3
Z3,12,10,720,24216.0,0.050963,475168.259325,484320.0,1.0,2,32.022219,282924.008057,282924.008057,5684378.6781083,16628223.0031504,936196.8464903,16763469.6185503,126201912.86897129,50,0,3
Z3,13,10,720,54424.0,0.051074,1065591.103105,1067136.0,1.0,2,32.022219,401008.576813,401008.576813,5684378.6781083,16628223.0031504,936196.8464903,16763469.6185503,126201912.86897129,50,0,3
Z3,14,10,720,56832.0,0.051248,1108960.349672,1114352.0,1.0,2,32.022219,409682.426126,409682.426126,5684378.6781083,16628223.0031504,936196.8464903,16763469.6185503,126201912.86897129,50,0,3
Z3,15,10,720,29576.0,0.051096,578832.002505,579920.0,1.0,2,32.022219,303656.756693,303656.756693,5684378.6781083,16628223.0031504,936196.8464903,16763469.6185503,126201912.86897129,50,0,3
Z3,16,10,720,52328.0,0.051166,1022710.393621,1026032.0,1.0,2,32.022219,392432.434916,392432.434916,5684378.6781083,16628223.0031504,936196.8464903,16763469.6185503,126201912.86897129,50,0,3
Z3,17,10,720,52840.0,0.05121,1031829.720758,1036072.0,1.0,2,32.022219,394256.300343,394256.300343,5684378.6781083,16628223.0031504,936196.8464903,16763469.6185503,126201912.86897129,50,0,3
Z3,18,10,720,23160.0,0.051098,453246.702415,454112.0,1.0,2,32.022219,278539.696675,278539.696675,5684378.6781083,16628223.0031504,936196.8464903,16763469.6185503,126201912.86897129,50,0,3
Z3,19,10,720,77048.0,0.051382,1499513.448289,1510744.0,1.0,2,32.022219,487793.04585,487793.04585,5684378.6781083,16628223.0031504,936196.8464903,16763469.6185503,126201912.86897129,50,0,3
Z3,20,10,720,68968.0,0.051264,1345349.563046,1352312.0,1.0,2,32.022219,456960.268801,456960.268801,5684378.6781083,16628223.0031504,936196.8464903,16763469.6185503,126201912.86897129,50,0,3
Z3,21,10,720,52224.0,0.051059,1022816.741417,1024000.0,1.0,2,32.022219,392453.704475,392453.704475,5684378.6781083,16628223.0031504,936196.8464903,16763469.6185503,126201912.86897129,50,0,3
Z3,22,10,720,76384.0,0.051318,1488444.600335,1497720.0,1.0,2,32.022219,485579.276259,485579.276259,5684378.6781083,16628223.0031504,936196.8464903,16763469.6185503,126201912.86897129,50,0,3
Z3,23,10,720,57512.0,0.051134,1124731.098682,1127680.0,1.0,2,32.022219,412836.575928,412836.575928,5684378.6781083,16628223.0031504,936196.8464903,16763469.6185503,126201912.86897129,50,0,3
Z3,24,10,720,35600.0,0.05109,696809.551771,698032.0,1.0,2,32.022219,327252.266546,327252.266546,5684378.6781083,16628223.0031504,936196.8464903,16763469.6185503,126201912.86897129,50,0,3
Z3,25,10,720,72816.0,0.051208,1421965.317919,1427760.0,1.0,2,32.022219,472283.419775,472283.419775,5684378.6781083,16628223.0031504,936196.8464903,16763469.6185503,126201912.86897129,50,0,3
Z3,26,10,720,93600.0,0.051429,1819984.83346,1835288.0,1.0,2,32.022219,551887.322884,551887.322884,5684378.6781083,16628223.0031504,936196.8464903,16763469.6185503,126201912.86897129,50,0,3
Z3,27,10,720,43888.0,0.051193,857304.709628,860544.0,1.0,2,32.022219,359351.298117,359351.298117,5684378.6781083,16628223.0031504,936196.8464903,16763469.6185503,126201912.86897129,50,0,3
Z3,28,10,720,13072.0,0.051013,256248.407269,256312.0,1.0,2,32.022219,239140.037645,239140.037645,5684378.6781083,16628223.0031504,936196.8464903,16763469.6185503,126201912.86897129,50,0,3
Z3,29,10,720,20608.0,0.05105,403682.664055,404072.0,1.0,2,32.022219,268626.889003,268626.889003,5684378.6781083,16628223.0031504,936196.8464903,16763469.6185503,126201912.86897129,50,0,3
Z3,30,10,720,22584.0,0.051043,442450.482926,442816.0,1.0,2,32.022219,276380.452777,276380.452777,5684378.6781083,16628223.0031504,936196.8464903,16763469.6185503,126201912.86897129,50,0,3
Z3,31,10,720,14712.0,0.05106,288131.609871,288464.0,1.0,2,32.022219,245516.678166,245516.678166,5684378.6781083,16628223.0031504,936196.8464903,16763469.6185503,126201912.86897129,50,0,3
Z3,32,10,720,20512.0,0.051101,401401.146749,402192.0,1.0,2,32.022219,268170.585541,268170.585541,5684378.6781083,16628223.0031504,936196.8464903,16763469.6185503,126201912.86897129,50,0,3
Z3,33,10,720,17992.0,0.051082,352218.002427,352784.0,1.0,2,32.022219,258333.956677,258333.956677,5684378.6781083,16628223.0031504,936196.8464903,16763469.6185503,126201912.86897129,50,0,3
Z3,34,10,720,11464.0,0.05103,224652.165393,224784.0,1.0,2,32.022219,232820.78927,232820.78927,5684378.6781083,16628223.0031504,936196.8464903,16763469.6185503,126201912.86897129,50,0,3
Z3,35,10,720,22376.0,0.051013,438633.289554,438744.0,1.0,2,32.022219,275617.014102,275617.014102,5684378.6781083,16628223.0031504,936196.8464903,16763469.6185503,126201912.86897129,50,0,3
Z3,36,10,720,29088.0,0.051122,568991.823481,570352.0,1.0,2,32.022219,301688.720888,301688.720888,5684378.6781083,16628223.0031504,936196.8464903,16763469.6185503,126201912.86897129,50,0,3
Z3,37,10,720,17936.0,0.051054,351314.294668,351680.0,1.0,2,32.022219,258153.215125,258153.215125,5684378.6781083,16628223.0031504,936196.8464903,16763469.6185503,126201912.86897129,50,0,3
Z3,38,10,720,24920.0,0.050952,489087.768881,498400.0,1.0,2,32.022219,285707.909968,285707.909968,5684378.6781083,16628223.0031504,936196.8464903,16763469.6185503,126201912.86897129,50,0,3
