Zone, Tile_no, Seg_no, Reso, Seg_d_size, Seg_d_time, Bitrate, Bitrate1, Buf_lev, Buf_limit, Elapsed, Ref_vp, Local_avg
Z1, 0, 1, 720, 9960.000000, 0.172795, 57640.556729, 57904.000000, 1.000000, 2, 0.000065, 57640.556729, 57640.556729
Z2, 0, 1, 720, 8952.000000, 0.173230, 51676.961265, 51744.000000, 1.000000, 2, 0.000065, 25838.480633, 25838.480633
Z2, 1, 1, 720, 5424.000000, 0.050986, 106382.144118, 108480.000000, 1.000000, 2, 0.000065, 35460.714706, 35460.714706
Z2, 2, 1, 720, 7080.000000, 0.050981, 138875.267256, 141600.000000, 1.000000, 2, 0.000065, 34718.816814, 34718.816814
Z2, 3, 1, 720, 18976.000000, 0.051150, 370987.292278, 372072.000000, 1.000000, 2, 0.000065, 74197.458456, 74197.458456
Z2, 4, 1, 720, 8720.000000, 0.051043, 170836.353663, 170976.000000, 1.000000, 2, 0.000065, 34167.270733, 34167.270733
Z2, 5, 1, 720, 8336.000000, 0.051067, 163236.532399, 163448.000000, 1.000000, 2, 0.000065, 32647.306480, 32647.306480
Z2, 6, 1, 720, 6376.000000, 0.050946, 125152.121855, 127520.000000, 1.000000, 2, 0.000065, 25030.424371, 25030.424371
Z2, 7, 1, 720, 6872.000000, 0.050879, 135065.547672, 137440.000000, 1.000000, 2, 0.000065, 27013.109534, 27013.109534
Z3, 0, 1, 720, 7080.000000, 0.173887, 40716.097236, 40920.000000, 1.000000, 2, 0.000065, 8143.219447, 8143.219447
Z3, 1, 1, 720, 7080.000000, 0.050947, 138967.947082, 141600.000000, 1.000000, 2, 0.000065, 27793.589416, 27793.589416
Z3, 2, 1, 720, 5664.000000, 0.050865, 111353.583014, 113280.000000, 1.000000, 2, 0.000065, 22270.716603, 22270.716603
Z3, 3, 1, 720, 7080.000000, 0.050915, 139055.288225, 141600.000000, 1.000000, 2, 0.000065, 27811.057645, 27811.057645
Z3, 4, 1, 720, 7080.000000, 0.050979, 138880.715589, 141600.000000, 1.000000, 2, 0.000065, 27776.143118, 27776.143118
Z3, 5, 1, 720, 5664.000000, 0.050907, 111261.712535, 113280.000000, 1.000000, 2, 0.000065, 22252.342507, 22252.342507
Z3, 6, 1, 720, 7080.000000, 0.050974, 138894.338290, 141600.000000, 1.000000, 2, 0.000065, 27778.867658, 27778.867658
Z3, 7, 1, 720, 7080.000000, 0.050969, 138907.963664, 141600.000000, 1.000000, 2, 0.000065, 27781.592733, 27781.592733
Z3, 8, 1, 720, 5664.000000, 0.050997, 111065.356786, 113280.000000, 1.000000, 2, 0.000065, 22213.071357, 22213.071357
Z3, 9, 1, 720, 7080.000000, 0.050940, 138987.043581, 141600.000000, 1.000000, 2, 0.000065, 27797.408716, 27797.408716
Z3, 10, 1, 720, 12904.000000, 0.051001, 253014.646772, 253016.000000, 1.000000, 2, 0.000065, 50602.929354, 50602.929354
Z3, 11, 1, 720, 17344.000000, 0.051036, 339838.545341, 340072.000000, 1.000000, 2, 0.000065, 67967.709068, 67967.709068
Z3, 12, 1, 720, 16912.000000, 0.051055, 331250.612085, 331600.000000, 1.000000, 2, 0.000065, 66250.122417, 66250.122417
Z3, 13, 1, 720, 13240.000000, 0.051076, 259221.552197, 259600.000000, 1.000000, 2, 0.000065, 51844.310439, 51844.310439
Z3, 14, 1, 720, 28328.000000, 0.051128, 554060.397434, 555448.000000, 1.000000, 2, 0.000065, 110812.079487, 110812.079487
Z3, 15, 1, 720, 30528.000000, 0.051105, 597358.379806, 598584.000000, 1.000000, 2, 0.000065, 119471.675961, 119471.675961
Z3, 16, 1, 720, 16360.000000, 0.051002, 320771.734442, 320784.000000, 1.000000, 2, 0.000065, 64154.346888, 64154.346888
Z3, 17, 1, 720, 33216.000000, 0.051150, 649384.164223, 651288.000000, 1.000000, 2, 0.000065, 129876.832845, 129876.832845
Z3, 18, 1, 720, 28000.000000, 0.051030, 548696.844993, 549016.000000, 1.000000, 2, 0.000065, 109739.368999, 109739.368999
Z3, 19, 1, 720, 15744.000000, 0.051021, 308578.820486, 308704.000000, 1.000000, 2, 0.000065, 61715.764097, 61715.764097
Z3, 20, 1, 720, 16024.000000, 0.051068, 313777.708154, 314192.000000, 1.000000, 2, 0.000065, 62755.541631, 62755.541631
Z3, 21, 1, 720, 11576.000000, 0.051059, 226718.110421, 226976.000000, 1.000000, 2, 0.000065, 45343.622084, 45343.622084
Z3, 22, 1, 720, 10816.000000, 0.050955, 212265.724659, 216320.000000, 1.000000, 2, 0.000065, 42453.144932, 42453.144932
Z3, 23, 1, 720, 13224.000000, 0.051027, 259156.916926, 259288.000000, 1.000000, 2, 0.000065, 51831.383385, 51831.383385
Z3, 24, 1, 720, 17528.000000, 0.050936, 344118.109000, 350560.000000, 1.000000, 2, 0.000065, 68823.621800, 68823.621800
Z3, 25, 1, 720, 23824.000000, 0.051112, 466113.632806, 467136.000000, 1.000000, 2, 0.000065, 93222.726561, 93222.726561
Z3, 26, 1, 720, 11024.000000, 0.051006, 216131.435517, 216152.000000, 1.000000, 2, 0.000065, 43226.287103, 43226.287103
Z3, 27, 1, 720, 15112.000000, 0.050925, 296750.122730, 302240.000000, 1.000000, 2, 0.000065, 59350.024546, 59350.024546
Z3, 28, 1, 720, 24552.000000, 0.051230, 479250.439196, 481408.000000, 1.000000, 2, 0.000065, 95850.087839, 95850.087839
Z3, 29, 1, 720, 10824.000000, 0.051013, 212181.208712, 212232.000000, 1.000000, 2, 0.000065, 42436.241742, 42436.241742
Z3, 30, 1, 720, 6872.000000, 0.051019, 134694.917580, 134744.000000, 1.000000, 2, 0.000065, 26938.983516, 26938.983516
Z3, 31, 1, 720, 6872.000000, 0.050982, 134792.671923, 137440.000000, 1.000000, 2, 0.000065, 26958.534385, 26958.534385
Z3, 32, 1, 720, 6376.000000, 0.050960, 125117.739403, 127520.000000, 1.000000, 2, 0.000065, 25023.547881, 25023.547881
Z3, 33, 1, 720, 6872.000000, 0.050997, 134753.024688, 137440.000000, 1.000000, 2, 0.000065, 26950.604938, 26950.604938
Z3, 34, 1, 720, 6872.000000, 0.050972, 134819.116378, 137440.000000, 1.000000, 2, 0.000065, 26963.823276, 26963.823276
Z3, 35, 1, 720, 6376.000000, 0.050958, 125122.650026, 127520.000000, 1.000000, 2, 0.000065, 25024.530005, 25024.530005
Z3, 36, 1, 720, 6872.000000, 0.051000, 134745.098039, 134744.000000, 1.000000, 2, 0.000065, 26949.019608, 26949.019608
Z3, 37, 1, 720, 6872.000000, 0.050995, 134758.309638, 137440.000000, 1.000000, 2, 0.000065, 26951.661928, 26951.661928
Z3, 38, 1, 720, 6376.000000, 0.050996, 125029.414072, 127520.000000, 1.000000, 2, 0.000065, 25005.882814, 25005.882814
Z1, 0, 2, 720, 18392.000000, 0.174245, 105552.526615, 105696.000000, 1.000000, 2, 2.821947, 46116.388137, 46116.388137
Z2, 0, 2, 720, 7080.000000, 0.172511, 41040.861162, 41160.000000, 1.000000, 2, 2.821947, 33214.055047, 33214.055047
Z2, 1, 2, 720, 12648.000000, 0.051130, 247369.450420, 248000.000000, 1.000000, 2, 2.821947, 74479.772898, 74479.772898
Z2, 2, 2, 720, 15344.000000, 0.051011, 300797.867127, 300856.000000, 1.000000, 2, 2.821947, 85165.456240, 85165.456240
Z2, 3, 2, 720, 9160.000000, 0.051045, 179449.505338, 179600.000000, 1.000000, 2, 2.821947, 60895.783882, 60895.783882
Z2, 4, 2, 720, 8048.000000, 0.051009, 157776.078731, 157800.000000, 1.000000, 2, 2.821947, 56561.098561, 56561.098561
Z2, 5, 2, 720, 9320.000000, 0.051070, 182494.615234, 182744.000000, 1.000000, 2, 2.821947, 61504.805861, 61504.805861
Z2, 6, 2, 720, 6376.000000, 0.050978, 125073.561144, 127520.000000, 1.000000, 2, 2.821947, 50020.595043, 50020.595043
Z2, 7, 2, 720, 6872.000000, 0.050955, 134864.095771, 137440.000000, 1.000000, 2, 2.821947, 51978.701968, 51978.701968
Z3, 0, 2, 720, 6624.000000, 0.174559, 37947.055150, 38064.000000, 1.000000, 2, 2.821947, 32595.293844, 32595.293844
Z3, 1, 2, 720, 5424.000000, 0.050910, 106540.954626, 108480.000000, 1.000000, 2, 2.821947, 46314.073740, 46314.073740
Z3, 2, 2, 720, 7080.000000, 0.051039, 138717.451361, 138816.000000, 1.000000, 2, 2.821947, 52749.373086, 52749.373086
Z3, 3, 2, 720, 7080.000000, 0.051037, 138722.887317, 138816.000000, 1.000000, 2, 2.821947, 52750.460278, 52750.460278
Z3, 4, 2, 720, 5664.000000, 0.051007, 111043.582253, 111056.000000, 1.000000, 2, 2.821947, 47214.599265, 47214.599265
Z3, 5, 2, 720, 7080.000000, 0.051017, 138777.270322, 138816.000000, 1.000000, 2, 2.821947, 52761.336879, 52761.336879
Z3, 6, 2, 720, 7080.000000, 0.050982, 138872.543251, 141600.000000, 1.000000, 2, 2.821947, 52780.391464, 52780.391464
Z3, 7, 2, 720, 5664.000000, 0.050968, 111128.551248, 113280.000000, 1.000000, 2, 2.821947, 47231.593064, 47231.593064
Z3, 8, 2, 720, 7080.000000, 0.050945, 138973.402689, 141600.000000, 1.000000, 2, 2.821947, 52800.563352, 52800.563352
Z3, 9, 2, 720, 7080.000000, 0.050933, 139006.145328, 141600.000000, 1.000000, 2, 2.821947, 52807.111880, 52807.111880
Z3, 10, 2, 720, 5664.000000, 0.050953, 111161.266265, 113280.000000, 1.000000, 2, 2.821947, 47238.136067, 47238.136067
Z3, 11, 2, 720, 7080.000000, 0.050929, 139017.062970, 141600.000000, 1.000000, 2, 2.821947, 52809.295408, 52809.295408
Z3, 12, 2, 720, 17112.000000, 0.051009, 335470.211139, 335528.000000, 1.000000, 2, 2.821947, 92099.925042, 92099.925042
Z3, 13, 2, 720, 15320.000000, 0.051017, 300292.059510, 300392.000000, 1.000000, 2, 2.821947, 85064.294716, 85064.294716
Z3, 14, 2, 720, 10704.000000, 0.051096, 209488.022546, 209880.000000, 1.000000, 2, 2.821947, 66903.487323, 66903.487323
Z3, 15, 2, 720, 18776.000000, 0.051035, 367904.379348, 368152.000000, 1.000000, 2, 2.821947, 98586.758684, 98586.758684
Z3, 16, 2, 720, 21848.000000, 0.050998, 428408.957214, 436960.000000, 1.000000, 2, 2.821947, 110687.674257, 110687.674257
Z3, 17, 2, 720, 12752.000000, 0.050988, 250098.062289, 255040.000000, 1.000000, 2, 2.821947, 75025.495272, 75025.495272
Z3, 18, 2, 720, 21856.000000, 0.051099, 427718.742050, 428544.000000, 1.000000, 2, 2.821947, 110549.631224, 110549.631224
Z3, 19, 2, 720, 16880.000000, 0.050984, 331084.261729, 337600.000000, 1.000000, 2, 2.821947, 91222.735160, 91222.735160
Z3, 20, 2, 720, 12128.000000, 0.051004, 237785.271743, 237800.000000, 1.000000, 2, 2.821947, 72562.937163, 72562.937163
Z3, 21, 2, 720, 11592.000000, 0.050984, 227365.447984, 231840.000000, 1.000000, 2, 2.821947, 70478.972411, 70478.972411
Z3, 22, 2, 720, 9952.000000, 0.050951, 195324.920021, 199040.000000, 1.000000, 2, 2.821947, 64070.866819, 64070.866819
Z3, 23, 2, 720, 11064.000000, 0.050984, 217009.257806, 221280.000000, 1.000000, 2, 2.821947, 68407.734376, 68407.734376
Z3, 24, 2, 720, 14728.000000, 0.050886, 289431.277758, 294560.000000, 1.000000, 2, 2.821947, 82892.138366, 82892.138366
Z3, 25, 2, 720, 16264.000000, 0.050965, 319120.965368, 325280.000000, 1.000000, 2, 2.821947, 88830.075888, 88830.075888
Z3, 26, 2, 720, 9504.000000, 0.050975, 186444.335459, 190080.000000, 1.000000, 2, 2.821947, 62294.749906, 62294.749906
Z3, 27, 2, 720, 12688.000000, 0.050950, 249028.459274, 253760.000000, 1.000000, 2, 2.821947, 74811.574669, 74811.574669
Z3, 28, 2, 720, 17320.000000, 0.051012, 339527.954207, 339600.000000, 1.000000, 2, 2.821947, 92911.473656, 92911.473656
Z3, 29, 2, 720, 10632.000000, 0.050979, 208556.464427, 212640.000000, 1.000000, 2, 2.821947, 66717.175700, 66717.175700
Z3, 30, 2, 720, 6872.000000, 0.050901, 135007.170782, 137440.000000, 1.000000, 2, 2.821947, 52007.316971, 52007.316971
Z3, 31, 2, 720, 6872.000000, 0.050921, 134954.144655, 137440.000000, 1.000000, 2, 2.821947, 51996.711745, 51996.711745
Z3, 32, 2, 720, 6376.000000, 0.050938, 125171.777455, 127520.000000, 1.000000, 2, 2.821947, 50040.238305, 50040.238305
Z3, 33, 2, 720, 6872.000000, 0.050945, 134890.568260, 137440.000000, 1.000000, 2, 2.821947, 51983.996466, 51983.996466
Z3, 34, 2, 720, 6872.000000, 0.050920, 134956.794973, 137440.000000, 1.000000, 2, 2.821947, 51997.241809, 51997.241809
Z3, 35, 2, 720, 6376.000000, 0.050849, 125390.863144, 127520.000000, 1.000000, 2, 2.821947, 50084.055443, 50084.055443
Z3, 36, 2, 720, 6872.000000, 0.050915, 134970.048119, 137440.000000, 1.000000, 2, 2.821947, 51999.892438, 51999.892438
Z3, 37, 2, 720, 6872.000000, 0.050877, 135070.857165, 137440.000000, 1.000000, 2, 2.821947, 52020.054247, 52020.054247
Z3, 38, 2, 720, 6376.000000, 0.050886, 125299.689502, 127520.000000, 1.000000, 2, 2.821947, 50065.820715, 50065.820715
Z1, 0, 3, 720, 9896.000000, 0.172599, 57335.210517, 57528.000000, 1.000000, 2, 5.644549, 61532.862818, 61532.862818
Z2, 0, 3, 720, 6624.000000, 0.173502, 38178.234257, 38288.000000, 1.000000, 2, 5.644549, 57701.467566, 57701.467566
Z2, 1, 3, 720, 5424.000000, 0.050778, 106817.913270, 108480.000000, 1.000000, 2, 5.644549, 71429.403369, 71429.403369
Z2, 2, 3, 720, 7080.000000, 0.050955, 138946.128937, 141600.000000, 1.000000, 2, 5.644549, 77855.046502, 77855.046502
Z2, 3, 3, 720, 18632.000000, 0.051053, 364954.067342, 365328.000000, 1.000000, 2, 5.644549, 123056.634183, 123056.634183
Z2, 4, 3, 720, 9664.000000, 0.050982, 189557.098584, 193280.000000, 1.000000, 2, 5.644549, 87977.240432, 87977.240432
Z2, 5, 3, 720, 8424.000000, 0.050997, 165186.187423, 168480.000000, 1.000000, 2, 5.644549, 83103.058199, 83103.058199
Z2, 6, 3, 720, 6376.000000, 0.051038, 124926.525334, 125016.000000, 1.000000, 2, 5.644549, 75051.125782, 75051.125782
Z2, 7, 3, 720, 6872.000000, 0.050930, 134930.296485, 137440.000000, 1.000000, 2, 5.644549, 77051.880012, 77051.880012
Z3, 0, 3, 720, 7080.000000, 0.173920, 40708.371665, 40920.000000, 1.000000, 2, 5.644549, 58207.495048, 58207.495048
Z3, 1, 3, 720, 7080.000000, 0.050932, 139008.874578, 141600.000000, 1.000000, 2, 5.644549, 77867.595630, 77867.595630
Z3, 2, 3, 720, 5664.000000, 0.050940, 111189.634865, 113280.000000, 1.000000, 2, 5.644549, 72303.747688, 72303.747688
Z3, 3, 3, 720, 7080.000000, 0.050874, 139167.354641, 141600.000000, 1.000000, 2, 5.644549, 77899.291643, 77899.291643
Z3, 4, 3, 720, 7080.000000, 0.050889, 139126.333785, 141600.000000, 1.000000, 2, 5.644549, 77891.087472, 77891.087472
Z3, 5, 3, 720, 5664.000000, 0.050853, 111379.859595, 113280.000000, 1.000000, 2, 5.644549, 72341.792634, 72341.792634
Z3, 6, 3, 720, 7080.000000, 0.050890, 139123.599921, 141600.000000, 1.000000, 2, 5.644549, 77890.540699, 77890.540699
Z3, 7, 3, 720, 7080.000000, 0.050940, 138987.043581, 141600.000000, 1.000000, 2, 5.644549, 77863.229431, 77863.229431
Z3, 8, 3, 720, 5664.000000, 0.050890, 111298.879937, 113280.000000, 1.000000, 2, 5.644549, 72325.596702, 72325.596702
Z3, 9, 3, 720, 7080.000000, 0.050855, 139219.349130, 141600.000000, 1.000000, 2, 5.644549, 77909.690541, 77909.690541
Z3, 10, 3, 720, 14120.000000, 0.050978, 276982.227628, 282400.000000, 1.000000, 2, 5.644549, 105462.266240, 105462.266240
Z3, 11, 3, 720, 17536.000000, 0.051042, 343560.205321, 343840.000000, 1.000000, 2, 5.644549, 118777.861779, 118777.861779
Z3, 12, 3, 720, 16008.000000, 0.050957, 314147.222168, 320160.000000, 1.000000, 2, 5.644549, 112895.265148, 112895.265148
Z3, 13, 3, 720, 10896.000000, 0.051009, 213609.363054, 213640.000000, 1.000000, 2, 5.644549, 92787.693325, 92787.693325
Z3, 14, 3, 720, 19720.000000, 0.051040, 386363.636364, 386664.000000, 1.000000, 2, 5.644549, 127338.547987, 127338.547987
Z3, 15, 3, 720, 20104.000000, 0.051085, 393540.178134, 394192.000000, 1.000000, 2, 5.644549, 128773.856342, 128773.856342
Z3, 16, 3, 720, 12504.000000, 0.050980, 245272.655944, 250080.000000, 1.000000, 2, 5.644549, 99120.351903, 99120.351903
Z3, 17, 3, 720, 23072.000000, 0.050901, 453272.037877, 461440.000000, 1.000000, 2, 5.644549, 140720.228290, 140720.228290
Z3, 18, 3, 720, 18112.000000, 0.050993, 355186.005922, 362240.000000, 1.000000, 2, 5.644549, 121103.021899, 121103.021899
Z3, 19, 3, 720, 12544.000000, 0.051008, 245922.208281, 245960.000000, 1.000000, 2, 5.644549, 99250.262371, 99250.262371
Z3, 20, 3, 720, 15304.000000, 0.051023, 299943.162887, 300072.000000, 1.000000, 2, 5.644549, 110054.453292, 110054.453292
Z3, 21, 3, 720, 12280.000000, 0.050983, 240864.601926, 245600.000000, 1.000000, 2, 5.644549, 98238.741100, 98238.741100
Z3, 22, 3, 720, 10368.000000, 0.050858, 203861.732667, 207360.000000, 1.000000, 2, 5.644549, 90838.167248, 90838.167248
Z3, 23, 3, 720, 10520.000000, 0.050977, 206367.577535, 210400.000000, 1.000000, 2, 5.644549, 91339.336222, 91339.336222
Z3, 24, 3, 720, 15288.000000, 0.051008, 299717.691343, 299760.000000, 1.000000, 2, 5.644549, 110009.358983, 110009.358983
Z3, 25, 3, 720, 16344.000000, 0.050999, 320476.872096, 326880.000000, 1.000000, 2, 5.644549, 114161.195134, 114161.195134
Z3, 26, 3, 720, 9016.000000, 0.050941, 176989.065782, 180320.000000, 1.000000, 2, 5.644549, 85463.633871, 85463.633871
Z3, 27, 3, 720, 13800.000000, 0.050879, 271231.745907, 276000.000000, 1.000000, 2, 5.644549, 104312.169896, 104312.169896
Z3, 28, 3, 720, 17664.000000, 0.051021, 346210.383960, 346352.000000, 1.000000, 2, 5.644549, 119307.897507, 119307.897507
Z3, 29, 3, 720, 10240.000000, 0.051014, 200729.211589, 200784.000000, 1.000000, 2, 5.644549, 90211.663033, 90211.663033
Z3, 30, 3, 720, 6872.000000, 0.050921, 134954.144655, 137440.000000, 1.000000, 2, 5.644549, 77056.649646, 77056.649646
Z3, 31, 3, 720, 6872.000000, 0.050845, 135155.865867, 137440.000000, 1.000000, 2, 5.644549, 77096.993888, 77096.993888
Z3, 32, 3, 720, 6376.000000, 0.050889, 125292.302855, 127520.000000, 1.000000, 2, 5.644549, 75124.281286, 75124.281286
Z3, 33, 3, 720, 6872.000000, 0.050925, 134943.544428, 137440.000000, 1.000000, 2, 5.644549, 77054.529600, 77054.529600
Z3, 34, 3, 720, 6872.000000, 0.050944, 134893.216080, 137440.000000, 1.000000, 2, 5.644549, 77044.463931, 77044.463931
Z3, 35, 3, 720, 6376.000000, 0.050929, 125193.897387, 127520.000000, 1.000000, 2, 5.644549, 75104.600192, 75104.600192
Z3, 36, 3, 720, 6872.000000, 0.050965, 134837.633670, 137440.000000, 1.000000, 2, 5.644549, 77033.347449, 77033.347449
Z3, 37, 3, 720, 6872.000000, 0.050934, 134919.700004, 137440.000000, 1.000000, 2, 5.644549, 77049.760716, 77049.760716
Z3, 38, 3, 720, 6376.000000, 0.050800, 125511.811024, 127520.000000, 1.000000, 2, 5.644549, 75168.182919, 75168.182919
Z1, 0, 4, 720, 22592.000000, 0.171672, 131599.794958, 132112.000000, 1.000000, 2, 8.464563, 101488.141911, 101488.141911
Z2, 0, 4, 720, 6624.000000, 0.172797, 38333.998854, 38504.000000, 1.000000, 2, 8.464563, 82834.982690, 82834.982690
Z2, 1, 4, 720, 6648.000000, 0.051001, 130350.385287, 130352.000000, 1.000000, 2, 8.464563, 101238.259977, 101238.259977
Z2, 2, 4, 720, 7200.000000, 0.050983, 141223.545103, 144000.000000, 1.000000, 2, 8.464563, 103412.891940, 103412.891940
Z2, 3, 4, 720, 7296.000000, 0.051030, 142974.720752, 143056.000000, 1.000000, 2, 8.464563, 103763.127070, 103763.127070
Z2, 4, 4, 720, 17272.000000, 0.051075, 338169.358786, 338664.000000, 1.000000, 2, 8.464563, 142802.054677, 142802.054677
Z2, 5, 4, 720, 26240.000000, 0.051109, 513412.510517, 514504.000000, 1.000000, 2, 8.464563, 177850.685023, 177850.685023
Z2, 6, 4, 720, 12720.000000, 0.051006, 249382.425597, 249408.000000, 1.000000, 2, 8.464563, 125044.668039, 125044.668039
Z2, 7, 4, 720, 11496.000000, 0.050922, 225757.040179, 229920.000000, 1.000000, 2, 8.464563, 120319.590955, 120319.590955
Z3, 0, 4, 720, 6448.000000, 0.171137, 37677.416339, 37704.000000, 1.000000, 2, 8.464563, 82703.666187, 82703.666187
Z3, 1, 4, 720, 7448.000000, 0.051016, 145993.413831, 146032.000000, 1.000000, 2, 8.464563, 104366.865686, 104366.865686
Z3, 2, 4, 720, 7424.000000, 0.050943, 145731.503838, 148480.000000, 1.000000, 2, 8.464563, 104314.483687, 104314.483687
Z3, 3, 4, 720, 6648.000000, 0.050904, 130598.774163, 132960.000000, 1.000000, 2, 8.464563, 101287.937752, 101287.937752
Z3, 4, 4, 720, 7224.000000, 0.050892, 141947.653855, 144480.000000, 1.000000, 2, 8.464563, 103557.713691, 103557.713691
Z3, 5, 4, 720, 7240.000000, 0.050881, 142292.800849, 144800.000000, 1.000000, 2, 8.464563, 103626.743089, 103626.743089
Z3, 6, 4, 720, 6648.000000, 0.050916, 130567.994344, 132960.000000, 1.000000, 2, 8.464563, 101281.781788, 101281.781788
Z3, 7, 4, 720, 7232.000000, 0.050934, 141987.670318, 144640.000000, 1.000000, 2, 8.464563, 103565.716983, 103565.716983
Z3, 8, 4, 720, 7296.000000, 0.050896, 143351.147438, 145920.000000, 1.000000, 2, 8.464563, 103838.412407, 103838.412407
Z3, 9, 4, 720, 16456.000000, 0.051014, 322578.115811, 322664.000000, 1.000000, 2, 8.464563, 139683.806082, 139683.806082
Z3, 10, 4, 720, 25392.000000, 0.051069, 497209.657522, 497880.000000, 1.000000, 2, 8.464563, 174610.114424, 174610.114424
Z3, 11, 4, 720, 21592.000000, 0.050971, 423613.427243, 431840.000000, 1.000000, 2, 8.464563, 159890.868368, 159890.868368
Z3, 12, 4, 720, 13528.000000, 0.051014, 265182.106873, 265248.000000, 1.000000, 2, 8.464563, 128204.604294, 128204.604294
Z3, 13, 4, 720, 29512.000000, 0.051096, 577579.458275, 578664.000000, 1.000000, 2, 8.464563, 190684.074574, 190684.074574
Z3, 14, 4, 720, 29688.000000, 0.051058, 581456.382937, 582112.000000, 1.000000, 2, 8.464563, 191459.459507, 191459.459507
Z3, 15, 4, 720, 16760.000000, 0.050943, 328995.151444, 335200.000000, 1.000000, 2, 8.464563, 140967.213208, 140967.213208
Z3, 16, 4, 720, 33128.000000, 0.051034, 649135.870204, 649568.000000, 1.000000, 2, 8.464563, 204995.356960, 204995.356960
Z3, 17, 4, 720, 26248.000000, 0.051041, 514253.247389, 514664.000000, 1.000000, 2, 8.464563, 178018.832397, 178018.832397
Z3, 18, 4, 720, 14624.000000, 0.051022, 286621.457411, 286744.000000, 1.000000, 2, 8.464563, 132492.474402, 132492.474402
Z3, 19, 4, 720, 26816.000000, 0.050994, 525865.788132, 536320.000000, 1.000000, 2, 8.464563, 180341.340546, 180341.340546
Z3, 20, 4, 720, 23128.000000, 0.051076, 452815.412327, 453488.000000, 1.000000, 2, 8.464563, 165731.265385, 165731.265385
Z3, 21, 4, 720, 19440.000000, 0.051012, 381086.803105, 381176.000000, 1.000000, 2, 8.464563, 151385.543540, 151385.543540
Z3, 22, 4, 720, 29088.000000, 0.051060, 569682.726204, 570352.000000, 1.000000, 2, 8.464563, 189104.728160, 189104.728160
Z3, 23, 4, 720, 29840.000000, 0.051060, 584410.497454, 585096.000000, 1.000000, 2, 8.464563, 192050.282410, 192050.282410
Z3, 24, 4, 720, 17200.000000, 0.050997, 337274.741651, 344000.000000, 1.000000, 2, 8.464563, 142623.131250, 142623.131250
Z3, 25, 4, 720, 25664.000000, 0.051047, 502752.365467, 503208.000000, 1.000000, 2, 8.464563, 175718.656013, 175718.656013
Z3, 26, 4, 720, 26808.000000, 0.051038, 525255.691837, 525640.000000, 1.000000, 2, 8.464563, 180219.321287, 180219.321287
Z3, 27, 4, 720, 17472.000000, 0.051002, 342574.800988, 342584.000000, 1.000000, 2, 8.464563, 143683.143117, 143683.143117
Z3, 28, 4, 720, 6448.000000, 0.050997, 126438.810126, 128960.000000, 1.000000, 2, 8.464563, 100455.944945, 100455.944945
Z3, 29, 4, 720, 7200.000000, 0.050903, 141445.494372, 144000.000000, 1.000000, 2, 8.464563, 103457.281794, 103457.281794
Z3, 30, 4, 720, 7520.000000, 0.050969, 147540.661971, 150400.000000, 1.000000, 2, 8.464563, 104676.315314, 104676.315314
Z3, 31, 4, 720, 6728.000000, 0.050921, 132126.234756, 134560.000000, 1.000000, 2, 8.464563, 101593.429871, 101593.429871
Z3, 32, 4, 720, 7224.000000, 0.050895, 141939.286767, 144480.000000, 1.000000, 2, 8.464563, 103556.040273, 103556.040273
Z3, 33, 4, 720, 7256.000000, 0.050923, 142489.641223, 145120.000000, 1.000000, 2, 8.464563, 103666.111164, 103666.111164
Z3, 34, 4, 720, 6544.000000, 0.050944, 128454.773869, 130880.000000, 1.000000, 2, 8.464563, 100859.137693, 100859.137693
Z3, 35, 4, 720, 12272.000000, 0.050992, 240665.202385, 245440.000000, 1.000000, 2, 8.464563, 123301.223396, 123301.223396
Z3, 36, 4, 720, 8544.000000, 0.051073, 167289.957512, 167528.000000, 1.000000, 2, 8.464563, 108626.174422, 108626.174422
Z3, 37, 4, 720, 6424.000000, 0.050900, 126208.251473, 128480.000000, 1.000000, 2, 8.464563, 100409.833214, 100409.833214
Z3, 38, 4, 720, 6872.000000, 0.050977, 134805.892854, 137440.000000, 1.000000, 2, 8.464563, 102129.361490, 102129.361490
Z1, 0, 5, 720, 20272.000000, 0.172220, 117709.905934, 117856.000000, 1.000000, 2, 11.282496, 125671.342677, 125671.342677
Z2, 0, 5, 720, 6624.000000, 0.171616, 38597.799739, 38736.000000, 1.000000, 2, 11.282496, 109848.921438, 109848.921438
Z2, 1, 5, 720, 7616.000000, 0.050964, 149438.819559, 152320.000000, 1.000000, 2, 11.282496, 132017.125402, 132017.125402
Z2, 2, 5, 720, 8792.000000, 0.050928, 172635.878102, 175840.000000, 1.000000, 2, 11.282496, 136656.537111, 136656.537111
Z2, 3, 5, 720, 8816.000000, 0.050957, 173008.615107, 176320.000000, 1.000000, 2, 11.282496, 136731.084512, 136731.084512
Z2, 4, 5, 720, 14976.000000, 0.051024, 293508.936971, 293640.000000, 1.000000, 2, 11.282496, 160831.148884, 160831.148884
Z2, 5, 5, 720, 25312.000000, 0.050956, 496742.287464, 506240.000000, 1.000000, 2, 11.282496, 201477.818983, 201477.818983
Z2, 6, 5, 720, 13208.000000, 0.050991, 259026.102646, 264160.000000, 1.000000, 2, 11.282496, 153934.582019, 153934.582019
Z2, 7, 5, 720, 16320.000000, 0.051026, 319836.945871, 320000.000000, 1.000000, 2, 11.282496, 166096.750664, 166096.750664
Z3, 0, 5, 720, 7712.000000, 0.173063, 44561.806972, 44576.000000, 1.000000, 2, 11.282496, 111041.722885, 111041.722885
Z3, 1, 5, 720, 9624.000000, 0.051086, 188388.208120, 188704.000000, 1.000000, 2, 11.282496, 139807.003114, 139807.003114
Z3, 2, 5, 720, 9096.000000, 0.051055, 178160.806973, 178352.000000, 1.000000, 2, 11.282496, 137761.522885, 137761.522885
Z3, 3, 5, 720, 7632.000000, 0.050879, 150002.948171, 152640.000000, 1.000000, 2, 11.282496, 132129.951124, 132129.951124
Z3, 4, 5, 720, 8304.000000, 0.051088, 162543.062950, 162816.000000, 1.000000, 2, 11.282496, 134637.974080, 134637.974080
Z3, 5, 5, 720, 8504.000000, 0.051024, 166666.666667, 166744.000000, 1.000000, 2, 11.282496, 135462.694824, 135462.694824
Z3, 6, 5, 720, 7384.000000, 0.050975, 144855.321236, 147680.000000, 1.000000, 2, 11.282496, 131100.425737, 131100.425737
Z3, 7, 5, 720, 8968.000000, 0.050943, 176039.887718, 179360.000000, 1.000000, 2, 11.282496, 137337.339034, 137337.339034
Z3, 8, 5, 720, 8912.000000, 0.050976, 174827.369743, 178240.000000, 1.000000, 2, 11.282496, 137094.835439, 137094.835439
Z3, 9, 5, 720, 16688.000000, 0.051026, 327048.955434, 327208.000000, 1.000000, 2, 11.282496, 167539.152577, 167539.152577
Z3, 10, 5, 720, 23832.000000, 0.051081, 466553.121513, 467288.000000, 1.000000, 2, 11.282496, 195439.985793, 195439.985793
Z3, 11, 5, 720, 21144.000000, 0.051049, 414190.287763, 414584.000000, 1.000000, 2, 11.282496, 184967.419043, 184967.419043
Z3, 12, 5, 720, 14272.000000, 0.050954, 280095.772658, 285440.000000, 1.000000, 2, 11.282496, 158148.516022, 158148.516022
Z3, 13, 5, 720, 27640.000000, 0.051042, 541514.830924, 541960.000000, 1.000000, 2, 11.282496, 210432.327675, 210432.327675
Z3, 14, 5, 720, 33288.000000, 0.050989, 652846.692424, 665760.000000, 1.000000, 2, 11.282496, 232698.699975, 232698.699975
Z3, 15, 5, 720, 17576.000000, 0.051017, 344512.613443, 344624.000000, 1.000000, 2, 11.282496, 171031.884179, 171031.884179
Z3, 16, 5, 720, 34872.000000, 0.051232, 680668.332292, 683760.000000, 1.000000, 2, 11.282496, 238263.027949, 238263.027949
Z3, 17, 5, 720, 27336.000000, 0.051065, 535317.732302, 536000.000000, 1.000000, 2, 11.282496, 209192.907951, 209192.907951
Z3, 18, 5, 720, 18312.000000, 0.051021, 358911.036632, 359056.000000, 1.000000, 2, 11.282496, 173911.568817, 173911.568817
Z3, 19, 5, 720, 41432.000000, 0.051023, 812025.949082, 812392.000000, 1.000000, 2, 11.282496, 264534.551307, 264534.551307
Z3, 20, 5, 720, 36760.000000, 0.051085, 719585.005383, 720784.000000, 1.000000, 2, 11.282496, 246046.362567, 246046.362567
Z3, 21, 5, 720, 21272.000000, 0.051038, 416787.491673, 417096.000000, 1.000000, 2, 11.282496, 185486.859825, 185486.859825
Z3, 22, 5, 720, 43464.000000, 0.051155, 849653.015346, 852232.000000, 1.000000, 2, 11.282496, 272059.964559, 272059.964559
Z3, 23, 5, 720, 42000.000000, 0.051141, 821258.872529, 823528.000000, 1.000000, 2, 11.282496, 266381.135996, 266381.135996
Z3, 24, 5, 720, 20304.000000, 0.051038, 397821.231239, 398112.000000, 1.000000, 2, 11.282496, 181693.607738, 181693.607738
Z3, 25, 5, 720, 32736.000000, 0.051050, 641253.672870, 641880.000000, 1.000000, 2, 11.282496, 230380.096064, 230380.096064
Z3, 26, 5, 720, 34608.000000, 0.051043, 678016.574261, 678584.000000, 1.000000, 2, 11.282496, 237732.676342, 237732.676342
Z3, 27, 5, 720, 21272.000000, 0.051000, 417098.039216, 417096.000000, 1.000000, 2, 11.282496, 185548.969333, 185548.969333
Z3, 28, 5, 720, 8752.000000, 0.050924, 171863.954128, 175040.000000, 1.000000, 2, 11.282496, 136502.152316, 136502.152316
Z3, 29, 5, 720, 12760.000000, 0.050985, 250269.687163, 255200.000000, 1.000000, 2, 11.282496, 152183.298923, 152183.298923
Z3, 30, 5, 720, 15440.000000, 0.050980, 302863.868184, 308800.000000, 1.000000, 2, 11.282496, 162702.135127, 162702.135127
Z3, 31, 5, 720, 10000.000000, 0.051012, 196032.306124, 196072.000000, 1.000000, 2, 11.282496, 141335.822715, 141335.822715
Z3, 32, 5, 720, 15200.000000, 0.051001, 298033.371895, 298032.000000, 1.000000, 2, 11.282496, 161736.035869, 161736.035869
Z3, 33, 5, 720, 18352.000000, 0.050972, 360040.806717, 367040.000000, 1.000000, 2, 11.282496, 174137.522834, 174137.522834
Z3, 34, 5, 720, 11224.000000, 0.050995, 220100.009805, 224480.000000, 1.000000, 2, 11.282496, 146149.363451, 146149.363451
Z3, 35, 5, 720, 23240.000000, 0.050997, 455713.081162, 464800.000000, 1.000000, 2, 11.282496, 193271.977723, 193271.977723
Z3, 36, 5, 720, 16824.000000, 0.051018, 329765.964954, 329880.000000, 1.000000, 2, 11.282496, 168082.554481, 168082.554481
Z3, 37, 5, 720, 9680.000000, 0.050972, 189908.184886, 193600.000000, 1.000000, 2, 11.282496, 140110.998467, 140110.998467
Z3, 38, 5, 720, 12888.000000, 0.050926, 253073.086439, 257760.000000, 1.000000, 2, 11.282496, 152743.978778, 152743.978778
Z1, 0, 6, 720, 14912.000000, 0.168235, 88637.917199, 88760.000000, 1.000000, 2, 14.102511, 145465.679404, 145465.679404
Z2, 0, 6, 720, 6624.000000, 0.172346, 38434.312372, 38504.000000, 1.000000, 2, 14.102511, 135424.958438, 135424.958438
Z2, 1, 6, 720, 6768.000000, 0.050998, 132711.086709, 135360.000000, 1.000000, 2, 14.102511, 154280.313306, 154280.313306
Z2, 2, 6, 720, 7488.000000, 0.050973, 146901.300689, 149760.000000, 1.000000, 2, 14.102511, 157118.356101, 157118.356101
Z2, 3, 6, 720, 7752.000000, 0.050962, 152113.339351, 155040.000000, 1.000000, 2, 14.102511, 158160.763834, 158160.763834
Z2, 4, 6, 720, 10768.000000, 0.051014, 211079.311562, 211136.000000, 1.000000, 2, 14.102511, 169953.958276, 169953.958276
Z2, 5, 6, 720, 17456.000000, 0.050971, 342469.247219, 349120.000000, 1.000000, 2, 14.102511, 196231.945407, 196231.945407
Z2, 6, 6, 720, 9568.000000, 0.051000, 187607.843137, 187600.000000, 1.000000, 2, 14.102511, 165259.664591, 165259.664591
Z2, 7, 6, 720, 12800.000000, 0.050886, 251542.663994, 256000.000000, 1.000000, 2, 14.102511, 178046.628762, 178046.628762
Z3, 0, 6, 720, 6760.000000, 0.174357, 38771.027260, 38848.000000, 1.000000, 2, 14.102511, 135492.301416, 135492.301416
Z3, 1, 6, 720, 8320.000000, 0.050973, 163223.667432, 166400.000000, 1.000000, 2, 14.102511, 160382.829450, 160382.829450
Z3, 2, 6, 720, 7800.000000, 0.050968, 153037.199812, 156000.000000, 1.000000, 2, 14.102511, 158345.535926, 158345.535926
Z3, 3, 6, 720, 6928.000000, 0.050953, 135968.441505, 138560.000000, 1.000000, 2, 14.102511, 154931.784265, 154931.784265
Z3, 4, 6, 720, 7472.000000, 0.051004, 146498.313858, 146504.000000, 1.000000, 2, 14.102511, 157037.758735, 157037.758735
Z3, 5, 6, 720, 7416.000000, 0.051022, 145349.065109, 145408.000000, 1.000000, 2, 14.102511, 156807.908986, 156807.908986
Z3, 6, 6, 720, 6760.000000, 0.050959, 132655.664358, 135200.000000, 1.000000, 2, 14.102511, 154269.228835, 154269.228835
Z3, 7, 6, 720, 7600.000000, 0.050935, 149209.777167, 152000.000000, 1.000000, 2, 14.102511, 157580.051397, 157580.051397
Z3, 8, 6, 720, 7600.000000, 0.050944, 149183.417085, 152000.000000, 1.000000, 2, 14.102511, 157574.779381, 157574.779381
Z3, 9, 6, 720, 12912.000000, 0.050946, 253444.823931, 258240.000000, 1.000000, 2, 14.102511, 178427.060750, 178427.060750
Z3, 10, 6, 720, 17552.000000, 0.051004, 344129.872167, 344152.000000, 1.000000, 2, 14.102511, 196564.070397, 196564.070397
Z3, 11, 6, 720, 14968.000000, 0.050986, 293570.784137, 299360.000000, 1.000000, 2, 14.102511, 186452.252791, 186452.252791
Z3, 12, 6, 720, 10336.000000, 0.050882, 203136.669156, 206720.000000, 1.000000, 2, 14.102511, 168365.429795, 168365.429795
Z3, 13, 6, 720, 18344.000000, 0.050983, 359806.209913, 366880.000000, 1.000000, 2, 14.102511, 199699.337946, 199699.337946
Z3, 14, 6, 720, 20456.000000, 0.051035, 400822.964632, 401096.000000, 1.000000, 2, 14.102511, 207902.688890, 207902.688890
Z3, 15, 6, 720, 12480.000000, 0.050891, 245230.001375, 249600.000000, 1.000000, 2, 14.102511, 176784.096239, 176784.096239
Z3, 16, 6, 720, 18912.000000, 0.050902, 371537.464147, 378240.000000, 1.000000, 2, 14.102511, 202045.588793, 202045.588793
Z3, 17, 6, 720, 16112.000000, 0.050971, 316101.312511, 322240.000000, 1.000000, 2, 14.102511, 190958.358466, 190958.358466
Z3, 18, 6, 720, 16088.000000, 0.051000, 315450.980392, 315448.000000, 1.000000, 2, 14.102511, 190828.292042, 190828.292042
Z3, 19, 6, 720, 31984.000000, 0.051005, 627075.776885, 627136.000000, 1.000000, 2, 14.102511, 253153.251341, 253153.251341
Z3, 20, 6, 720, 21472.000000, 0.050936, 421548.610020, 429440.000000, 1.000000, 2, 14.102511, 212047.817968, 212047.817968
Z3, 21, 6, 720, 19320.000000, 0.050965, 379083.684882, 386400.000000, 1.000000, 2, 14.102511, 203554.832940, 203554.832940
Z3, 22, 6, 720, 33040.000000, 0.051085, 646765.195263, 647840.000000, 1.000000, 2, 14.102511, 257091.135016, 257091.135016
Z3, 23, 6, 720, 26472.000000, 0.051020, 518855.350843, 519056.000000, 1.000000, 2, 14.102511, 231509.166132, 231509.166132
Z3, 24, 6, 720, 12984.000000, 0.050921, 254983.209285, 259680.000000, 1.000000, 2, 14.102511, 178734.737821, 178734.737821
Z3, 25, 6, 720, 21128.000000, 0.051002, 414258.264382, 414272.000000, 1.000000, 2, 14.102511, 210589.748840, 210589.748840
Z3, 26, 6, 720, 21576.000000, 0.051025, 422851.543361, 423056.000000, 1.000000, 2, 14.102511, 212308.404636, 212308.404636
Z3, 27, 6, 720, 14376.000000, 0.050955, 282131.292317, 287520.000000, 1.000000, 2, 14.102511, 184164.354427, 184164.354427
Z3, 28, 6, 720, 7048.000000, 0.050846, 138614.640286, 140960.000000, 1.000000, 2, 14.102511, 155461.024021, 155461.024021
Z3, 29, 6, 720, 8656.000000, 0.050915, 170008.838260, 173120.000000, 1.000000, 2, 14.102511, 161739.863616, 161739.863616
Z3, 30, 6, 720, 9488.000000, 0.050984, 186097.599247, 189760.000000, 1.000000, 2, 14.102511, 164957.615813, 164957.615813
Z3, 31, 6, 720, 8424.000000, 0.050917, 165445.725396, 168480.000000, 1.000000, 2, 14.102511, 160827.241043, 160827.241043
Z3, 32, 6, 720, 9328.000000, 0.050942, 183110.203761, 186560.000000, 1.000000, 2, 14.102511, 164360.136716, 164360.136716
Z3, 33, 6, 720, 8680.000000, 0.050874, 170617.604277, 173600.000000, 1.000000, 2, 14.102511, 161861.616819, 161861.616819
Z3, 34, 6, 720, 7160.000000, 0.050942, 140552.000314, 143200.000000, 1.000000, 2, 14.102511, 155848.496027, 155848.496027
Z3, 35, 6, 720, 10360.000000, 0.050953, 203324.632504, 207200.000000, 1.000000, 2, 14.102511, 168403.022465, 168403.022465
Z3, 36, 6, 720, 9048.000000, 0.050826, 178019.124070, 180960.000000, 1.000000, 2, 14.102511, 163341.920778, 163341.920778
Z3, 37, 6, 720, 7176.000000, 0.050926, 140910.340494, 143520.000000, 1.000000, 2, 14.102511, 155920.164062, 155920.164062
Z3, 38, 6, 720, 8768.000000, 0.050856, 172408.368727, 175360.000000, 1.000000, 2, 14.102511, 162219.769709, 162219.769709
Z1, 0, 7, 720, 7408.000000, 0.175233, 42275.142239, 42328.000000, 1.000000, 2, 16.917346, 145614.860257, 145614.860257
Z2, 0, 7, 720, 6624.000000, 0.172071, 38495.737225, 38504.000000, 1.000000, 2, 16.917346, 144858.979254, 144858.979254
Z2, 1, 7, 720, 6792.000000, 0.050890, 133464.334840, 135840.000000, 1.000000, 2, 16.917346, 163852.698777, 163852.698777
Z2, 2, 7, 720, 7464.000000, 0.050872, 146721.182576, 149280.000000, 1.000000, 2, 16.917346, 166504.068324, 166504.068324
Z2, 3, 7, 720, 10144.000000, 0.050941, 199132.329558, 202880.000000, 1.000000, 2, 16.917346, 176986.297720, 176986.297720
Z2, 4, 7, 720, 14352.000000, 0.050981, 281516.643455, 287040.000000, 1.000000, 2, 16.917346, 193463.160500, 193463.160500
Z2, 5, 7, 720, 15008.000000, 0.050849, 295148.380499, 300160.000000, 1.000000, 2, 16.917346, 196189.507909, 196189.507909
Z2, 6, 7, 720, 7168.000000, 0.050902, 140819.614161, 143360.000000, 1.000000, 2, 16.917346, 165323.754641, 165323.754641
Z2, 7, 7, 720, 8160.000000, 0.050889, 160348.994871, 163200.000000, 1.000000, 2, 16.917346, 169229.630783, 169229.630783
Z3, 0, 7, 720, 6656.000000, 0.173918, 38270.909279, 38472.000000, 1.000000, 2, 16.917346, 144814.013665, 144814.013665
Z3, 1, 7, 720, 7664.000000, 0.050982, 150327.566592, 153280.000000, 1.000000, 2, 16.917346, 167225.345127, 167225.345127
Z3, 2, 7, 720, 7664.000000, 0.051005, 150259.778453, 150272.000000, 1.000000, 2, 16.917346, 167211.787499, 167211.787499
Z3, 3, 7, 720, 6920.000000, 0.050983, 135731.518349, 138400.000000, 1.000000, 2, 16.917346, 164306.135479, 164306.135479
Z3, 4, 7, 720, 7504.000000, 0.050998, 147143.025217, 150080.000000, 1.000000, 2, 16.917346, 166588.436852, 166588.436852
Z3, 5, 7, 720, 7480.000000, 0.050944, 146827.889447, 149600.000000, 1.000000, 2, 16.917346, 166525.409698, 166525.409698
Z3, 6, 7, 720, 6728.000000, 0.050857, 132292.506440, 134560.000000, 1.000000, 2, 16.917346, 163618.333097, 163618.333097
Z3, 7, 7, 720, 7632.000000, 0.050917, 149890.999077, 152640.000000, 1.000000, 2, 16.917346, 167138.031624, 167138.031624
Z3, 8, 7, 720, 7392.000000, 0.050941, 145109.047722, 147840.000000, 1.000000, 2, 16.917346, 166181.641353, 166181.641353
Z3, 9, 7, 720, 12800.000000, 0.050965, 251152.751889, 256000.000000, 1.000000, 2, 16.917346, 187390.382186, 187390.382186
Z3, 10, 7, 720, 16760.000000, 0.051023, 328479.313251, 328624.000000, 1.000000, 2, 16.917346, 202855.694459, 202855.694459
Z3, 11, 7, 720, 14104.000000, 0.051010, 276494.804940, 276544.000000, 1.000000, 2, 16.917346, 192458.792797, 192458.792797
Z3, 12, 7, 720, 9704.000000, 0.050992, 190304.361468, 194080.000000, 1.000000, 2, 16.917346, 175220.704102, 175220.704102
Z3, 13, 7, 720, 17248.000000, 0.051034, 337970.764588, 338192.000000, 1.000000, 2, 16.917346, 204753.984726, 204753.984726
Z3, 14, 7, 720, 21552.000000, 0.051076, 421959.433002, 422584.000000, 1.000000, 2, 16.917346, 221551.718409, 221551.718409
Z3, 15, 7, 720, 16688.000000, 0.051005, 327183.609450, 327208.000000, 1.000000, 2, 16.917346, 202596.553699, 202596.553699
Z3, 16, 7, 720, 23312.000000, 0.051007, 457035.308879, 457096.000000, 1.000000, 2, 16.917346, 228566.893585, 228566.893585
Z3, 17, 7, 720, 14952.000000, 0.051018, 293073.033047, 293176.000000, 1.000000, 2, 16.917346, 195774.438418, 195774.438418
Z3, 18, 7, 720, 16856.000000, 0.051010, 330445.010782, 330504.000000, 1.000000, 2, 16.917346, 203248.833965, 203248.833965
Z3, 19, 7, 720, 23928.000000, 0.051045, 468762.856303, 469176.000000, 1.000000, 2, 16.917346, 230912.403069, 230912.403069
Z3, 20, 7, 720, 29544.000000, 0.051085, 578330.233924, 579288.000000, 1.000000, 2, 16.917346, 252825.878594, 252825.878594
Z3, 21, 7, 720, 31920.000000, 0.051077, 624938.817863, 625880.000000, 1.000000, 2, 16.917346, 262147.595381, 262147.595381
Z3, 22, 7, 720, 15096.000000, 0.051016, 295907.166379, 296000.000000, 1.000000, 2, 16.917346, 196341.265085, 196341.265085
Z3, 23, 7, 720, 22296.000000, 0.051047, 436773.953415, 437176.000000, 1.000000, 2, 16.917346, 224514.622492, 224514.622492
Z3, 24, 7, 720, 24272.000000, 0.051060, 475362.318841, 475920.000000, 1.000000, 2, 16.917346, 232232.295577, 232232.295577
Z3, 25, 7, 720, 13368.000000, 0.050954, 262354.280331, 267360.000000, 1.000000, 2, 16.917346, 189630.687875, 189630.687875
Z3, 26, 7, 720, 21768.000000, 0.051078, 426171.737343, 426816.000000, 1.000000, 2, 16.917346, 222394.179277, 222394.179277
Z3, 27, 7, 720, 21680.000000, 0.051005, 425056.367023, 425096.000000, 1.000000, 2, 16.917346, 222171.105213, 222171.105213
Z3, 28, 7, 720, 9672.000000, 0.050990, 189684.251814, 193440.000000, 1.000000, 2, 16.917346, 175096.682172, 175096.682172
Z3, 29, 7, 720, 13368.000000, 0.051053, 261845.533073, 262112.000000, 1.000000, 2, 16.917346, 189528.938423, 189528.938423
Z3, 30, 7, 720, 13424.000000, 0.050905, 263706.905019, 268480.000000, 1.000000, 2, 16.917346, 189901.212813, 189901.212813
Z3, 31, 7, 720, 8064.000000, 0.050910, 158397.171479, 161280.000000, 1.000000, 2, 16.917346, 168839.266105, 168839.266105
Z3, 32, 7, 720, 9424.000000, 0.050941, 184998.331403, 188480.000000, 1.000000, 2, 16.917346, 174159.498089, 174159.498089
Z3, 33, 7, 720, 7368.000000, 0.050929, 144671.994345, 147360.000000, 1.000000, 2, 16.917346, 166094.230678, 166094.230678
Z3, 34, 7, 720, 8792.000000, 0.050842, 172927.894261, 175840.000000, 1.000000, 2, 16.917346, 171745.410661, 171745.410661
Z3, 35, 7, 720, 8568.000000, 0.050906, 168310.218835, 171360.000000, 1.000000, 2, 16.917346, 170821.875576, 170821.875576
Z3, 36, 7, 720, 7064.000000, 0.050930, 138700.176713, 141280.000000, 1.000000, 2, 16.917346, 164899.867151, 164899.867151
Z3, 37, 7, 720, 10104.000000, 0.050961, 198269.264732, 202080.000000, 1.000000, 2, 16.917346, 176813.684755, 176813.684755
Z3, 38, 7, 720, 8640.000000, 0.051034, 169298.898773, 169408.000000, 1.000000, 2, 16.917346, 171019.611563, 171019.611563
Z1, 0, 8, 720, 7744.000000, 0.173555, 44619.861139, 44760.000000, 1.000000, 2, 19.739473, 154841.221587, 154841.221587
Z2, 0, 8, 720, 6624.000000, 0.173003, 38288.353381, 38288.000000, 1.000000, 2, 19.739473, 153574.920035, 153574.920035
Z2, 1, 8, 720, 6968.000000, 0.050982, 136675.689459, 139360.000000, 1.000000, 2, 19.739473, 173252.387251, 173252.387251
Z2, 2, 8, 720, 7968.000000, 0.051002, 156229.167484, 156232.000000, 1.000000, 2, 19.739473, 177163.082855, 177163.082855
Z2, 3, 8, 720, 12752.000000, 0.051080, 249647.611590, 250032.000000, 1.000000, 2, 19.739473, 195846.771677, 195846.771677
Z2, 4, 8, 720, 18720.000000, 0.051043, 366749.603276, 367056.000000, 1.000000, 2, 19.739473, 219267.170014, 219267.170014
Z2, 5, 8, 720, 25648.000000, 0.051078, 502133.991151, 502896.000000, 1.000000, 2, 19.739473, 246344.047589, 246344.047589
Z2, 6, 8, 720, 9784.000000, 0.050955, 192012.560102, 195680.000000, 1.000000, 2, 19.739473, 184319.761379, 184319.761379
Z2, 7, 8, 720, 13192.000000, 0.050977, 258783.372894, 263840.000000, 1.000000, 2, 19.739473, 197673.923937, 197673.923937
Z3, 0, 8, 720, 6768.000000, 0.172664, 39197.516564, 39344.000000, 1.000000, 2, 19.739473, 153756.752672, 153756.752672
Z3, 1, 8, 720, 8032.000000, 0.050972, 157576.708781, 160640.000000, 1.000000, 2, 19.739473, 177432.591115, 177432.591115
Z3, 2, 8, 720, 7872.000000, 0.051021, 154289.410243, 154352.000000, 1.000000, 2, 19.739473, 176775.131407, 176775.131407
Z3, 3, 8, 720, 7024.000000, 0.050981, 137776.818815, 140480.000000, 1.000000, 2, 19.739473, 173472.613122, 173472.613122
Z3, 4, 8, 720, 7816.000000, 0.051012, 153218.850467, 153248.000000, 1.000000, 2, 19.739473, 176561.019452, 176561.019452
Z3, 5, 8, 720, 7936.000000, 0.050940, 155791.126816, 158720.000000, 1.000000, 2, 19.739473, 177075.474722, 177075.474722
Z3, 6, 8, 720, 6928.000000, 0.050883, 136155.493976, 138560.000000, 1.000000, 2, 19.739473, 173148.348154, 173148.348154
Z3, 7, 8, 720, 8048.000000, 0.050958, 157933.984850, 160960.000000, 1.000000, 2, 19.739473, 177504.046329, 177504.046329
Z3, 8, 8, 720, 7664.000000, 0.050958, 150398.367283, 153280.000000, 1.000000, 2, 19.739473, 175996.922815, 175996.922815
Z3, 9, 8, 720, 14248.000000, 0.051010, 279317.780827, 279368.000000, 1.000000, 2, 19.739473, 201780.805524, 201780.805524
Z3, 10, 8, 720, 19448.000000, 0.051126, 380393.537535, 381328.000000, 1.000000, 2, 19.739473, 221995.956866, 221995.956866
Z3, 11, 8, 720, 17344.000000, 0.051057, 339698.768044, 340072.000000, 1.000000, 2, 19.739473, 213857.002967, 213857.002967
Z3, 12, 8, 720, 11952.000000, 0.051093, 233926.369561, 234352.000000, 1.000000, 2, 19.739473, 192702.523271, 192702.523271
Z3, 13, 8, 720, 25224.000000, 0.051144, 493195.682778, 494584.000000, 1.000000, 2, 19.739473, 244556.385914, 244556.385914
Z3, 14, 8, 720, 35992.000000, 0.051069, 704771.975171, 705720.000000, 1.000000, 2, 19.739473, 286871.644393, 286871.644393
Z3, 15, 8, 720, 20016.000000, 0.051105, 391664.220722, 392464.000000, 1.000000, 2, 19.739473, 224250.093503, 224250.093503
Z3, 16, 8, 720, 36432.000000, 0.051136, 712453.066333, 714352.000000, 1.000000, 2, 19.739473, 288407.862625, 288407.862625
Z3, 17, 8, 720, 22472.000000, 0.051062, 440092.436646, 440624.000000, 1.000000, 2, 19.739473, 233935.736688, 233935.736688
Z3, 18, 8, 720, 21736.000000, 0.051070, 425611.905228, 426192.000000, 1.000000, 2, 19.739473, 231039.630404, 231039.630404
Z3, 19, 8, 720, 16848.000000, 0.051035, 330126.383854, 330352.000000, 1.000000, 2, 19.739473, 211942.526130, 211942.526130
Z3, 20, 8, 720, 47160.000000, 0.051167, 921687.806594, 924704.000000, 1.000000, 2, 19.739473, 330254.810678, 330254.810678
Z3, 21, 8, 720, 39472.000000, 0.051211, 770771.904474, 773960.000000, 1.000000, 2, 19.739473, 300071.630253, 300071.630253
Z3, 22, 8, 720, 26968.000000, 0.051112, 527625.606511, 528784.000000, 1.000000, 2, 19.739473, 251442.370661, 251442.370661
Z3, 23, 8, 720, 39776.000000, 0.051209, 776738.463942, 779920.000000, 1.000000, 2, 19.739473, 301264.942147, 301264.942147
Z3, 24, 8, 720, 34992.000000, 0.051242, 682877.327193, 686112.000000, 1.000000, 2, 19.739473, 282492.714797, 282492.714797
Z3, 25, 8, 720, 22464.000000, 0.051036, 440159.887138, 440464.000000, 1.000000, 2, 19.739473, 233949.226786, 233949.226786
Z3, 26, 8, 720, 43144.000000, 0.051259, 841686.338009, 845960.000000, 1.000000, 2, 19.739473, 314254.516960, 314254.516960
Z3, 27, 8, 720, 43672.000000, 0.051264, 851903.870162, 856312.000000, 1.000000, 2, 19.739473, 316298.023391, 316298.023391
Z3, 28, 8, 720, 18320.000000, 0.050980, 359356.610435, 366400.000000, 1.000000, 2, 19.739473, 217788.571446, 217788.571446
Z3, 29, 8, 720, 24560.000000, 0.051085, 480767.348537, 481568.000000, 1.000000, 2, 19.739473, 242070.719066, 242070.719066
Z3, 30, 8, 720, 19040.000000, 0.051044, 373011.519473, 373328.000000, 1.000000, 2, 19.739473, 220519.553253, 220519.553253
Z3, 31, 8, 720, 20160.000000, 0.051082, 394659.566971, 395288.000000, 1.000000, 2, 19.739473, 224849.162753, 224849.162753
Z3, 32, 8, 720, 16496.000000, 0.051086, 322906.471440, 323448.000000, 1.000000, 2, 19.739473, 210498.543647, 210498.543647
Z3, 33, 8, 720, 11624.000000, 0.050972, 228046.770776, 232480.000000, 1.000000, 2, 19.739473, 191526.603514, 191526.603514
Z3, 34, 8, 720, 21024.000000, 0.051073, 411646.075226, 412232.000000, 1.000000, 2, 19.739473, 228246.464404, 228246.464404
Z3, 35, 8, 720, 28496.000000, 0.051060, 558088.523306, 558744.000000, 1.000000, 2, 19.739473, 257534.954020, 257534.954020
Z3, 36, 8, 720, 12416.000000, 0.050975, 243570.377636, 248320.000000, 1.000000, 2, 19.739473, 194631.324886, 194631.324886
Z3, 37, 8, 720, 17312.000000, 0.051102, 338773.433525, 339448.000000, 1.000000, 2, 19.739473, 213671.936064, 213671.936064
Z3, 38, 8, 720, 14664.000000, 0.050964, 287732.517071, 293280.000000, 1.000000, 2, 19.739473, 203463.752773, 203463.752773
Z1, 0, 9, 720, 7696.000000, 0.172254, 44678.207763, 44744.000000, 1.000000, 2, 22.563583, 185438.215755, 185438.215755
Z2, 0, 9, 720, 6624.000000, 0.173396, 38201.573277, 38288.000000, 1.000000, 2, 22.563583, 184142.888858, 184142.888858
Z2, 1, 9, 720, 6776.000000, 0.050995, 132875.772135, 135520.000000, 1.000000, 2, 22.563583, 203077.728629, 203077.728629
Z2, 2, 9, 720, 7496.000000, 0.050929, 147185.297178, 149920.000000, 1.000000, 2, 22.563583, 205939.633638, 205939.633638
Z2, 3, 9, 720, 16056.000000, 0.051067, 314410.480349, 314816.000000, 1.000000, 2, 22.563583, 239384.670272, 239384.670272
Z2, 4, 9, 720, 24464.000000, 0.051133, 478438.581738, 479680.000000, 1.000000, 2, 22.563583, 272190.290550, 272190.290550
Z2, 5, 9, 720, 36648.000000, 0.051033, 718123.567104, 718584.000000, 1.000000, 2, 22.563583, 320127.287623, 320127.287623
Z2, 6, 9, 720, 11344.000000, 0.051000, 222431.372549, 222424.000000, 1.000000, 2, 22.563583, 220988.848712, 220988.848712
Z2, 7, 9, 720, 15808.000000, 0.050837, 310954.619667, 316160.000000, 1.000000, 2, 22.563583, 238693.498136, 238693.498136
Z3, 0, 9, 720, 6752.000000, 0.171472, 39376.691238, 39480.000000, 1.000000, 2, 22.563583, 184377.912450, 184377.912450
Z3, 1, 9, 720, 9824.000000, 0.051027, 192525.525702, 192624.000000, 1.000000, 2, 22.563583, 215007.679343, 215007.679343
Z3, 2, 9, 720, 8640.000000, 0.051019, 169348.674023, 169408.000000, 1.000000, 2, 22.563583, 210372.309007, 210372.309007
Z3, 3, 9, 720, 7248.000000, 0.051020, 142061.936495, 142112.000000, 1.000000, 2, 22.563583, 204914.961501, 204914.961501
Z3, 4, 9, 720, 8336.000000, 0.051020, 163386.907095, 163448.000000, 1.000000, 2, 22.563583, 209179.955621, 209179.955621
Z3, 5, 9, 720, 9640.000000, 0.051125, 188557.457213, 189016.000000, 1.000000, 2, 22.563583, 214214.065645, 214214.065645
Z3, 6, 9, 720, 10312.000000, 0.050896, 202609.242377, 206240.000000, 1.000000, 2, 22.563583, 217024.422677, 217024.422677
Z3, 7, 9, 720, 21208.000000, 0.051046, 415468.401050, 415840.000000, 1.000000, 2, 22.563583, 259596.254412, 259596.254412
Z3, 8, 9, 720, 8000.000000, 0.050982, 156918.127967, 160000.000000, 1.000000, 2, 22.563583, 207886.199796, 207886.199796
Z3, 9, 9, 720, 16880.000000, 0.051055, 330623.837038, 330976.000000, 1.000000, 2, 22.563583, 242627.341610, 242627.341610
Z3, 10, 9, 720, 23240.000000, 0.051033, 455391.609351, 455680.000000, 1.000000, 2, 22.563583, 267580.896072, 267580.896072
Z3, 11, 9, 720, 21680.000000, 0.051086, 424382.413969, 425096.000000, 1.000000, 2, 22.563583, 261379.056996, 261379.056996
Z3, 12, 9, 720, 16096.000000, 0.050945, 315948.571989, 321920.000000, 1.000000, 2, 22.563583, 239692.288600, 239692.288600
Z3, 13, 9, 720, 39872.000000, 0.051080, 780579.483164, 781800.000000, 1.000000, 2, 22.563583, 332618.470835, 332618.470835
Z3, 14, 9, 720, 46392.000000, 0.051018, 909326.120193, 909640.000000, 1.000000, 2, 22.563583, 358367.798241, 358367.798241
Z3, 15, 9, 720, 26168.000000, 0.051057, 512525.216914, 513096.000000, 1.000000, 2, 22.563583, 279007.617585, 279007.617585
Z3, 16, 9, 720, 48816.000000, 0.051102, 955265.938711, 957176.000000, 1.000000, 2, 22.563583, 367555.761944, 367555.761944
Z3, 17, 9, 720, 38664.000000, 0.051049, 757389.958667, 758112.000000, 1.000000, 2, 22.563583, 327980.565936, 327980.565936
Z3, 18, 9, 720, 26344.000000, 0.051008, 516468.005019, 516544.000000, 1.000000, 2, 22.563583, 279796.175206, 279796.175206
Z3, 19, 9, 720, 19912.000000, 0.051001, 390423.717182, 390424.000000, 1.000000, 2, 22.563583, 254587.317639, 254587.317639
Z3, 20, 9, 720, 61688.000000, 0.051123, 1206658.451186, 1209568.000000, 1.000000, 2, 22.563583, 417834.264439, 417834.264439
Z3, 21, 9, 720, 59200.000000, 0.051112, 1158240.726248, 1160784.000000, 1.000000, 2, 22.563583, 408150.719452, 408150.719452
Z3, 22, 9, 720, 41064.000000, 0.051062, 804198.817124, 805176.000000, 1.000000, 2, 22.563583, 337342.337627, 337342.337627
Z3, 23, 9, 720, 55576.000000, 0.051143, 1086678.528831, 1089720.000000, 1.000000, 2, 22.563583, 393838.279968, 393838.279968
Z3, 24, 9, 720, 50200.000000, 0.051084, 982695.168742, 984312.000000, 1.000000, 2, 22.563583, 373041.607950, 373041.607950
Z3, 25, 9, 720, 30056.000000, 0.050931, 590131.746873, 601120.000000, 1.000000, 2, 22.563583, 294528.923577, 294528.923577
Z3, 26, 9, 720, 59504.000000, 0.051039, 1165853.562962, 1166744.000000, 1.000000, 2, 22.563583, 409673.286794, 409673.286794
Z3, 27, 9, 720, 65232.000000, 0.051142, 1275507.410739, 1279056.000000, 1.000000, 2, 22.563583, 431604.056350, 431604.056350
Z3, 28, 9, 720, 23952.000000, 0.051050, 469187.071499, 469640.000000, 1.000000, 2, 22.563583, 270339.988502, 270339.988502
Z3, 29, 9, 720, 32816.000000, 0.051088, 642342.624491, 643448.000000, 1.000000, 2, 22.563583, 304971.099100, 304971.099100
Z3, 30, 9, 720, 8856.000000, 0.050926, 173899.383419, 177120.000000, 1.000000, 2, 22.563583, 211282.450886, 211282.450886
Z3, 31, 9, 720, 14088.000000, 0.050957, 276468.394921, 281760.000000, 1.000000, 2, 22.563583, 231796.253186, 231796.253186
Z3, 32, 9, 720, 15104.000000, 0.050823, 297188.280896, 302080.000000, 1.000000, 2, 22.563583, 235940.230381, 235940.230381
Z3, 33, 9, 720, 11784.000000, 0.051003, 231045.232633, 231056.000000, 1.000000, 2, 22.563583, 222711.620729, 222711.620729
Z3, 34, 9, 720, 18496.000000, 0.051122, 361801.181487, 362664.000000, 1.000000, 2, 22.563583, 248862.810500, 248862.810500
Z3, 35, 9, 720, 22376.000000, 0.051001, 438736.495363, 438744.000000, 1.000000, 2, 22.563583, 264249.873275, 264249.873275
Z3, 36, 9, 720, 8792.000000, 0.050965, 172510.546453, 175840.000000, 1.000000, 2, 22.563583, 211004.683493, 211004.683493
Z3, 37, 9, 720, 19464.000000, 0.051134, 380646.927680, 381640.000000, 1.000000, 2, 22.563583, 252631.959738, 252631.959738
Z3, 38, 9, 720, 20360.000000, 0.051049, 398832.494270, 399208.000000, 1.000000, 2, 22.563583, 256269.073056, 256269.073056
Z1, 0, 10, 720, 7480.000000, 0.170850, 43781.094527, 44000.000000, 1.000000, 2, 25.384630, 214410.674674, 214410.674674
Z2, 0, 10, 720, 6624.000000, 0.173547, 38168.334803, 38288.000000, 1.000000, 2, 25.384630, 213288.122729, 213288.122729
Z2, 1, 10, 720, 7008.000000, 0.050936, 137584.419664, 140160.000000, 1.000000, 2, 25.384630, 233171.339701, 233171.339701
Z2, 2, 10, 720, 7832.000000, 0.050902, 153864.288240, 156640.000000, 1.000000, 2, 25.384630, 236427.313416, 236427.313416
Z2, 3, 10, 720, 29728.000000, 0.051062, 582194.195292, 582896.000000, 1.000000, 2, 25.384630, 322093.294827, 322093.294827
Z2, 4, 10, 720, 35840.000000, 0.051091, 701493.413713, 702744.000000, 1.000000, 2, 25.384630, 345953.138511, 345953.138511
Z2, 5, 10, 720, 43888.000000, 0.051345, 854766.773785, 860544.000000, 1.000000, 2, 25.384630, 376607.810525, 376607.810525
Z2, 6, 10, 720, 17936.000000, 0.050976, 351851.851852, 358720.000000, 1.000000, 2, 25.384630, 276024.826139, 276024.826139
Z2, 7, 10, 720, 24920.000000, 0.051111, 487566.277318, 488624.000000, 1.000000, 2, 25.384630, 303167.711232, 303167.711232
Z3, 0, 10, 720, 6840.000000, 0.172011, 39764.898756, 39760.000000, 1.000000, 2, 25.384630, 213607.435520, 213607.435520
Z3, 1, 10, 720, 22064.000000, 0.050986, 432746.244067, 441280.000000, 1.000000, 2, 25.384630, 292203.704582, 292203.704582
Z3, 2, 10, 720, 15312.000000, 0.050992, 300282.397239, 306240.000000, 1.000000, 2, 25.384630, 265710.935216, 265710.935216
Z3, 3, 10, 720, 7752.000000, 0.050888, 152334.538595, 155040.000000, 1.000000, 2, 25.384630, 236121.363487, 236121.363487
Z3, 4, 10, 720, 11432.000000, 0.050992, 224192.030122, 228640.000000, 1.000000, 2, 25.384630, 250492.861793, 250492.861793
Z3, 5, 10, 720, 17232.000000, 0.050883, 338659.277165, 344640.000000, 1.000000, 2, 25.384630, 273386.311201, 273386.311201
Z3, 6, 10, 720, 23328.000000, 0.050913, 458193.388722, 466560.000000, 1.000000, 2, 25.384630, 297293.133513, 297293.133513
Z3, 7, 10, 720, 18496.000000, 0.050983, 362787.595865, 369920.000000, 1.000000, 2, 25.384630, 278211.974941, 278211.974941
Z3, 8, 10, 720, 7968.000000, 0.050922, 156474.608224, 159360.000000, 1.000000, 2, 25.384630, 236949.377413, 236949.377413
Z3, 9, 10, 720, 19568.000000, 0.050986, 383791.629075, 391360.000000, 1.000000, 2, 25.384630, 282412.781583, 282412.781583
Z3, 10, 10, 720, 36064.000000, 0.051003, 707095.661040, 707136.000000, 1.000000, 2, 25.384630, 347073.587976, 347073.587976
Z3, 11, 10, 720, 29248.000000, 0.051000, 573490.196078, 573488.000000, 1.000000, 2, 25.384630, 320352.494984, 320352.494984
Z3, 12, 10, 720, 24216.000000, 0.051048, 474377.056888, 474816.000000, 1.000000, 2, 25.384630, 300529.867146, 300529.867146
Z3, 13, 10, 720, 54424.000000, 0.051234, 1062263.340750, 1067136.000000, 1.000000, 2, 25.384630, 418107.123918, 418107.123918
Z3, 14, 10, 720, 56832.000000, 0.051113, 1111889.343220, 1114352.000000, 1.000000, 2, 25.384630, 428032.324412, 428032.324412
Z3, 15, 10, 720, 29576.000000, 0.051053, 579319.530684, 579920.000000, 1.000000, 2, 25.384630, 321518.361905, 321518.361905
Z3, 16, 10, 720, 52328.000000, 0.051120, 1023630.672926, 1026032.000000, 1.000000, 2, 25.384630, 410380.590354, 410380.590354
Z3, 17, 10, 720, 52840.000000, 0.051198, 1032071.565296, 1036072.000000, 1.000000, 2, 25.384630, 412068.768827, 412068.768827
Z3, 18, 10, 720, 35136.000000, 0.051050, 688266.405485, 688936.000000, 1.000000, 2, 25.384630, 343307.736865, 343307.736865
Z3, 19, 10, 720, 23160.000000, 0.051036, 453797.319539, 454112.000000, 1.000000, 2, 25.384630, 296413.919676, 296413.919676
Z3, 20, 10, 720, 77048.000000, 0.051386, 1499396.722843, 1510744.000000, 1.000000, 2, 25.384630, 505533.800337, 505533.800337
Z3, 21, 10, 720, 68968.000000, 0.051220, 1346505.271378, 1352312.000000, 1.000000, 2, 25.384630, 474955.510044, 474955.510044
Z3, 22, 10, 720, 52224.000000, 0.051129, 1021416.417297, 1024000.000000, 1.000000, 2, 25.384630, 409937.739228, 409937.739228
Z3, 23, 10, 720, 76384.000000, 0.051383, 1486561.703287, 1497720.000000, 1.000000, 2, 25.384630, 502966.796426, 502966.796426
Z3, 24, 10, 720, 57512.000000, 0.051161, 1124137.526632, 1127680.000000, 1.000000, 2, 25.384630, 430481.961095, 430481.961095
Z3, 25, 10, 720, 35600.000000, 0.051085, 696877.752765, 698032.000000, 1.000000, 2, 25.384630, 345030.006321, 345030.006321
Z3, 26, 10, 720, 72816.000000, 0.051295, 1419553.562725, 1427760.000000, 1.000000, 2, 25.384630, 489565.168313, 489565.168313
Z3, 27, 10, 720, 93600.000000, 0.051617, 1813356.064862, 1835288.000000, 1.000000, 2, 25.384630, 568325.668741, 568325.668741
Z3, 28, 10, 720, 23040.000000, 0.050999, 451773.564188, 460800.000000, 1.000000, 2, 25.384630, 296009.168606, 296009.168606
Z3, 29, 10, 720, 35840.000000, 0.051091, 701493.413713, 702744.000000, 1.000000, 2, 25.384630, 345953.138511, 345953.138511
Z3, 30, 10, 720, 13072.000000, 0.050934, 256645.855421, 261440.000000, 1.000000, 2, 25.384630, 256983.626853, 256983.626853
Z3, 31, 10, 720, 20608.000000, 0.051008, 404015.056462, 404072.000000, 1.000000, 2, 25.384630, 286457.467061, 286457.467061
Z3, 32, 10, 720, 22584.000000, 0.051003, 442797.482501, 442816.000000, 1.000000, 2, 25.384630, 294213.952269, 294213.952269
Z3, 33, 10, 720, 14712.000000, 0.050968, 288651.703029, 294240.000000, 1.000000, 2, 25.384630, 263384.796374, 263384.796374
Z3, 34, 10, 720, 20512.000000, 0.050990, 402274.955874, 410240.000000, 1.000000, 2, 25.384630, 286109.446943, 286109.446943
Z3, 35, 10, 720, 17992.000000, 0.051004, 352756.646538, 352784.000000, 1.000000, 2, 25.384630, 276205.785076, 276205.785076
Z3, 36, 10, 720, 11464.000000, 0.050936, 225066.750432, 229280.000000, 1.000000, 2, 25.384630, 250667.805855, 250667.805855
Z3, 37, 10, 720, 22376.000000, 0.050908, 439537.990100, 447520.000000, 1.000000, 2, 25.384630, 293562.053788, 293562.053788
Z3, 38, 10, 720, 29088.000000, 0.051038, 569928.288726, 570352.000000, 1.000000, 2, 25.384630, 319640.113514, 319640.113514
Z1, 0, 11, 720, 36680.000000, 0.171071, 214413.898323, 214496.000000, 1.000000, 2, 28.205585, 328041.219433, 328041.219433
Z2, 0, 11, 720, 6624.000000, 0.172723, 38350.422353, 38504.000000, 1.000000, 2, 28.205585, 292828.524239, 292828.524239
Z2, 1, 11, 720, 8224.000000, 0.050916, 161520.936444, 164480.000000, 1.000000, 2, 28.205585, 317462.627057, 317462.627057
Z2, 2, 11, 720, 8720.000000, 0.051001, 170977.039666, 170976.000000, 1.000000, 2, 28.205585, 319353.847701, 319353.847701
Z2, 3, 11, 720, 10080.000000, 0.051043, 197480.555610, 197640.000000, 1.000000, 2, 28.205585, 324654.550890, 324654.550890
Z2, 4, 11, 720, 36112.000000, 0.051181, 705574.334226, 708072.000000, 1.000000, 2, 28.205585, 426273.306613, 426273.306613
Z2, 5, 11, 720, 39392.000000, 0.051174, 769765.896744, 772392.000000, 1.000000, 2, 28.205585, 439111.619117, 439111.619117
Z2, 6, 11, 720, 43216.000000, 0.051194, 844161.425167, 847368.000000, 1.000000, 2, 28.205585, 453990.724802, 453990.724802
Z2, 7, 11, 720, 41864.000000, 0.051107, 819144.148551, 820856.000000, 1.000000, 2, 28.205585, 448987.269478, 448987.269478
Z3, 0, 11, 720, 11320.000000, 0.172199, 65737.896271, 65808.000000, 1.000000, 2, 28.205585, 298306.019022, 298306.019022
Z3, 1, 11, 720, 16208.000000, 0.050921, 318296.969816, 324160.000000, 1.000000, 2, 28.205585, 348817.833731, 348817.833731
Z3, 2, 11, 720, 12920.000000, 0.050962, 253522.232251, 258400.000000, 1.000000, 2, 28.205585, 335862.886218, 335862.886218
Z3, 3, 11, 720, 8968.000000, 0.050875, 176275.184275, 179360.000000, 1.000000, 2, 28.205585, 320413.476623, 320413.476623
Z3, 4, 11, 720, 12016.000000, 0.050979, 235704.898095, 240320.000000, 1.000000, 2, 28.205585, 332299.419387, 332299.419387
Z3, 5, 11, 720, 21880.000000, 0.050993, 429078.500971, 437600.000000, 1.000000, 2, 28.205585, 370974.139962, 370974.139962
Z3, 6, 11, 720, 13408.000000, 0.050935, 263237.459507, 268160.000000, 1.000000, 2, 28.205585, 337805.931670, 337805.931670
Z3, 7, 11, 720, 14528.000000, 0.051032, 284684.119768, 284856.000000, 1.000000, 2, 28.205585, 342095.263722, 342095.263722
Z3, 8, 11, 720, 15928.000000, 0.051011, 312246.378232, 312312.000000, 1.000000, 2, 28.205585, 347607.715415, 347607.715415
Z3, 9, 11, 720, 23504.000000, 0.051046, 460447.439564, 460856.000000, 1.000000, 2, 28.205585, 377247.927681, 377247.927681
Z3, 10, 11, 720, 50640.000000, 0.051130, 990416.585175, 992936.000000, 1.000000, 2, 28.205585, 483241.756803, 483241.756803
Z3, 11, 11, 720, 47296.000000, 0.051122, 925159.422558, 927368.000000, 1.000000, 2, 28.205585, 470190.324280, 470190.324280
Z3, 12, 11, 720, 34344.000000, 0.051064, 672567.758107, 673408.000000, 1.000000, 2, 28.205585, 419671.991390, 419671.991390
Z3, 13, 11, 720, 73648.000000, 0.051291, 1435885.437991, 1444072.000000, 1.000000, 2, 28.205585, 572335.527366, 572335.527366
Z3, 14, 11, 720, 59920.000000, 0.051177, 1170838.462591, 1174896.000000, 1.000000, 2, 28.205585, 519326.132286, 519326.132286
Z3, 15, 11, 720, 40664.000000, 0.051086, 795991.073875, 797328.000000, 1.000000, 2, 28.205585, 444356.654543, 444356.654543
Z3, 16, 11, 720, 56880.000000, 0.051160, 1111806.098514, 1115288.000000, 1.000000, 2, 28.205585, 507519.659471, 507519.659471
Z3, 17, 11, 720, 57216.000000, 0.051151, 1118570.506930, 1121880.000000, 1.000000, 2, 28.205585, 508872.541154, 508872.541154
Z3, 18, 11, 720, 28160.000000, 0.050976, 552416.823603, 563200.000000, 1.000000, 2, 28.205585, 395641.804489, 395641.804489
Z3, 19, 11, 720, 76696.000000, 0.051249, 1496536.517786, 1503840.000000, 1.000000, 2, 28.205585, 584465.743325, 584465.743325
Z3, 20, 11, 720, 80520.000000, 0.051306, 1569407.086890, 1578816.000000, 1.000000, 2, 28.205585, 599039.857146, 599039.857146
Z3, 21, 11, 720, 66560.000000, 0.051220, 1299492.385787, 1305096.000000, 1.000000, 2, 28.205585, 545056.916925, 545056.916925
Z3, 22, 11, 720, 77808.000000, 0.051381, 1514334.092369, 1525640.000000, 1.000000, 2, 28.205585, 588025.258242, 588025.258242
Z3, 23, 11, 720, 55056.000000, 0.051030, 1078894.767784, 1079528.000000, 1.000000, 2, 28.205585, 500937.393325, 500937.393325
Z3, 24, 11, 720, 36552.000000, 0.051112, 715135.388950, 716704.000000, 1.000000, 2, 28.205585, 428185.517558, 428185.517558
Z3, 25, 11, 720, 100304.000000, 0.051338, 1953796.408119, 1966744.000000, 1.000000, 2, 28.205585, 675917.721392, 675917.721392
Z3, 26, 11, 720, 133264.000000, 0.051664, 2579436.358006, 2613016.000000, 1.000000, 2, 28.205585, 801045.711369, 801045.711369
Z3, 27, 11, 720, 50760.000000, 0.051097, 993404.700863, 995288.000000, 1.000000, 2, 28.205585, 483839.379941, 483839.379941
Z3, 28, 11, 720, 14528.000000, 0.051006, 284829.235776, 284856.000000, 1.000000, 2, 28.205585, 342124.286923, 342124.286923
Z3, 29, 11, 720, 24392.000000, 0.051063, 477684.429039, 478272.000000, 1.000000, 2, 28.205585, 380695.325576, 380695.325576
Z3, 30, 11, 720, 22216.000000, 0.051028, 435368.817120, 435600.000000, 1.000000, 2, 28.205585, 372232.203192, 372232.203192
Z3, 31, 11, 720, 14368.000000, 0.050969, 281896.839255, 287360.000000, 1.000000, 2, 28.205585, 341537.807619, 341537.807619
Z3, 32, 11, 720, 21288.000000, 0.051276, 415164.989469, 417408.000000, 1.000000, 2, 28.205585, 368191.437662, 368191.437662
Z3, 33, 11, 720, 18544.000000, 0.050921, 364171.952633, 370880.000000, 1.000000, 2, 28.205585, 357992.830295, 357992.830295
Z3, 34, 11, 720, 12272.000000, 0.050954, 240844.683440, 245440.000000, 1.000000, 2, 28.205585, 333327.376456, 333327.376456
Z3, 35, 11, 720, 21736.000000, 0.051038, 425878.757005, 426192.000000, 1.000000, 2, 28.205585, 370334.191169, 370334.191169
Z3, 36, 11, 720, 22688.000000, 0.050950, 445299.313052, 453760.000000, 1.000000, 2, 28.205585, 374218.302379, 374218.302379
Z3, 37, 11, 720, 17768.000000, 0.050824, 349598.614828, 355360.000000, 1.000000, 2, 28.205585, 355078.162734, 355078.162734
Z3, 38, 11, 720, 33352.000000, 0.051007, 653871.037309, 653960.000000, 1.000000, 2, 28.205585, 415932.647230, 415932.647230
Z1, 0, 12, 4K, 11144.000000, 0.173935, 64069.911174, 64416.000000, 1.000000, 2, 31.027408, 394886.849710, 394886.849710
Z2, 0, 12, 1080, 6624.000000, 0.177003, 37423.094524, 37416.000000, 1.000000, 2, 31.027408, 389557.486380, 389557.486380
Z2, 1, 12, 1080, 8352.000000, 0.050961, 163890.033555, 167040.000000, 1.000000, 2, 31.027408, 414850.874186, 414850.874186
Z2, 2, 12, 1080, 8680.000000, 0.050852, 170691.418233, 173600.000000, 1.000000, 2, 31.027408, 416211.151122, 416211.151122
Z2, 3, 12, 1080, 33456.000000, 0.051089, 654857.209967, 656000.000000, 1.000000, 2, 31.027408, 513044.309469, 513044.309469
Z2, 4, 12, 1080, 13120.000000, 0.051028, 257113.741475, 257248.000000, 1.000000, 2, 31.027408, 433495.615770, 433495.615770
Z2, 5, 12, 1080, 110384.000000, 0.101935, 1082886.152941, 1092904.000000, 1.000000, 2, 31.027408, 598650.098063, 598650.098063
Z2, 6, 12, 1080, 52208.000000, 0.051154, 1020604.449310, 1023680.000000, 1.000000, 2, 31.027408, 586193.757337, 586193.757337
Z2, 7, 12, 1080, 36216.000000, 0.051030, 709700.176367, 710112.000000, 1.000000, 2, 31.027408, 524012.902749, 524012.902749
Z3, 0, 12, 720, 7896.000000, 0.173925, 45398.878827, 45640.000000, 1.000000, 2, 31.027408, 391152.643241, 391152.643241
Z3, 1, 12, 720, 10520.000000, 0.050901, 206675.703817, 210400.000000, 1.000000, 2, 31.027408, 423408.008239, 423408.008239
Z3, 2, 12, 720, 20088.000000, 0.050924, 394470.190873, 401760.000000, 1.000000, 2, 31.027408, 460966.905650, 460966.905650
Z3, 3, 12, 720, 10320.000000, 0.051014, 202297.408555, 202352.000000, 1.000000, 2, 31.027408, 422532.349186, 422532.349186
Z3, 4, 12, 720, 12664.000000, 0.050962, 248498.881520, 253280.000000, 1.000000, 2, 31.027408, 431772.643779, 431772.643779
Z3, 5, 12, 720, 15440.000000, 0.050826, 303781.529139, 308800.000000, 1.000000, 2, 31.027408, 442829.173303, 442829.173303
Z3, 6, 12, 720, 7712.000000, 0.050931, 151420.549371, 154240.000000, 1.000000, 2, 31.027408, 412356.977349, 412356.977349
Z3, 7, 12, 720, 10120.000000, 0.050948, 198633.901233, 202400.000000, 1.000000, 2, 31.027408, 421799.647722, 421799.647722
Z3, 8, 12, 720, 7576.000000, 0.050873, 148919.859257, 151520.000000, 1.000000, 2, 31.027408, 411856.839327, 411856.839327
Z3, 9, 12, 720, 24720.000000, 0.051055, 484183.723436, 484704.000000, 1.000000, 2, 31.027408, 478909.612162, 478909.612162
Z3, 10, 12, 720, 60536.000000, 0.051177, 1182875.119683, 1186976.000000, 1.000000, 2, 31.027408, 618647.891412, 618647.891412
Z3, 11, 12, 720, 65616.000000, 0.051227, 1280887.032229, 1286584.000000, 1.000000, 2, 31.027408, 638250.273921, 638250.273921
Z3, 12, 12, 720, 38936.000000, 0.051033, 762957.302138, 763448.000000, 1.000000, 2, 31.027408, 534664.327903, 534664.327903
Z3, 13, 12, 720, 87896.000000, 0.051544, 1705261.524135, 1723448.000000, 1.000000, 2, 31.027408, 723125.172302, 723125.172302
Z3, 14, 12, 720, 78296.000000, 0.051291, 1526505.624768, 1535208.000000, 1.000000, 2, 31.027408, 687373.992429, 687373.992429
Z3, 15, 12, 720, 45720.000000, 0.051228, 892480.674631, 896464.000000, 1.000000, 2, 31.027408, 560569.002401, 560569.002401
Z3, 16, 12, 720, 82616.000000, 0.051394, 1607502.821341, 1619920.000000, 1.000000, 2, 31.027408, 703573.431743, 703573.431743
Z3, 17, 12, 720, 109704.000000, 0.051996, 2109854.604200, 2151056.000000, 1.000000, 2, 31.027408, 804043.788315, 804043.788315
Z3, 18, 12, 720, 36544.000000, 0.050928, 717562.048382, 730880.000000, 1.000000, 2, 31.027408, 525585.277152, 525585.277152
Z3, 19, 12, 720, 28840.000000, 0.050992, 565578.914340, 576800.000000, 1.000000, 2, 31.027408, 495188.650343, 495188.650343
Z3, 20, 12, 720, 75104.000000, 0.051206, 1466703.120728, 1472624.000000, 1.000000, 2, 31.027408, 675413.491621, 675413.491621
Z3, 21, 12, 720, 96504.000000, 0.051307, 1880912.935857, 1892232.000000, 1.000000, 2, 31.027408, 758255.454646, 758255.454646
Z3, 22, 12, 720, 42960.000000, 0.051048, 841560.883874, 842352.000000, 1.000000, 2, 31.027408, 550385.044250, 550385.044250
Z3, 23, 12, 720, 68064.000000, 0.051124, 1331351.224474, 1334584.000000, 1.000000, 2, 31.027408, 648343.112370, 648343.112370
Z3, 24, 12, 720, 50352.000000, 0.051067, 985998.785909, 987288.000000, 1.000000, 2, 31.027408, 579272.624657, 579272.624657
Z3, 25, 12, 720, 31856.000000, 0.051042, 624113.475177, 624624.000000, 1.000000, 2, 31.027408, 506895.562511, 506895.562511
Z3, 26, 12, 720, 130312.000000, 0.051405, 2535006.322342, 2555136.000000, 1.000000, 2, 31.027408, 889074.131944, 889074.131944
Z3, 27, 12, 720, 138080.000000, 0.051763, 2667542.453104, 2707448.000000, 1.000000, 2, 31.027408, 915581.358096, 915581.358096
Z3, 28, 12, 720, 62000.000000, 0.051328, 1207917.705736, 1215680.000000, 1.000000, 2, 31.027408, 623656.408622, 623656.408622
Z3, 29, 12, 720, 77544.000000, 0.051438, 1507523.620670, 1520464.000000, 1.000000, 2, 31.027408, 683577.591609, 683577.591609
Z3, 30, 12, 720, 14080.000000, 0.050740, 277493.102089, 281600.000000, 1.000000, 2, 31.027408, 437571.487893, 437571.487893
Z3, 31, 12, 720, 21056.000000, 0.050919, 413519.511381, 421120.000000, 1.000000, 2, 31.027408, 464776.769751, 464776.769751
Z3, 32, 12, 720, 21064.000000, 0.050920, 413668.499607, 421280.000000, 1.000000, 2, 31.027408, 464806.567397, 464806.567397
Z3, 33, 12, 720, 16432.000000, 0.051037, 321962.497796, 322192.000000, 1.000000, 2, 31.027408, 446465.367034, 446465.367034
Z3, 34, 12, 720, 26024.000000, 0.050973, 510544.798227, 520480.000000, 1.000000, 2, 31.027408, 484181.827120, 484181.827120
Z3, 35, 12, 720, 25696.000000, 0.051032, 503527.198620, 503840.000000, 1.000000, 2, 31.027408, 482778.307199, 482778.307199
Z3, 36, 12, 720, 13400.000000, 0.051065, 262410.653089, 262744.000000, 1.000000, 2, 31.027408, 434554.998093, 434554.998093
Z3, 37, 12, 720, 31112.000000, 0.051105, 608785.833089, 610032.000000, 1.000000, 2, 31.027408, 503830.034093, 503830.034093
Z3, 38, 12, 720, 34872.000000, 0.051264, 680243.445693, 683760.000000, 1.000000, 2, 31.027408, 518121.556614, 518121.556614
