Zone, Tile_no, Seg_no, Reso, Seg_d_size, Seg_d_time, Bitrate, Bitrate1, Buf_lev, Buf_limit, Elapsed, Ref_vp, Local_avg,QoE,QoE1,Z1,Z2,Z3,delay,jitter,loss
Z1,0,1,720,9960.0,0.322458,30887.74352,30928.0,1.0,2,6e-05,30887.74352,30887.74352,1526903.686801,4127777.1445720005,188136.7823917,4650693.1304227,30659427.708132703,100,0,3
Z2,0,1,720,8952.0,0.32334,27686.027092,27712.0,1.0,2,6e-05,13843.013546,13843.013546,1526903.686801,4127777.1445720005,188136.7823917,4650693.1304227,30659427.708132703,100,0,3
Z2,1,1,720,5424.0,0.100873,53770.582812,54240.0,1.0,2,6e-05,17923.527604,17923.527604,1526903.686801,4127777.1445720005,188136.7823917,4650693.1304227,30659427.708132703,100,0,3
Z2,2,1,720,7080.0,0.100885,70178.916588,70800.0,1.0,2,6e-05,17544.729147,17544.729147,1526903.686801,4127777.1445720005,188136.7823917,4650693.1304227,30659427.708132703,100,0,3
Z2,3,1,720,18976.0,0.100968,187940.733698,189760.0,1.0,2,6e-05,37588.14674,37588.14674,1526903.686801,4127777.1445720005,188136.7823917,4650693.1304227,30659427.708132703,100,0,3
Z2,4,1,720,8720.0,0.10089,86430.766181,87200.0,1.0,2,6e-05,17286.153236,17286.153236,1526903.686801,4127777.1445720005,188136.7823917,4650693.1304227,30659427.708132703,100,0,3
Z2,5,1,720,8336.0,0.100935,82587.804032,83360.0,1.0,2,6e-05,16517.560806,16517.560806,1526903.686801,4127777.1445720005,188136.7823917,4650693.1304227,30659427.708132703,100,0,3
Z2,6,1,720,6376.0,0.100936,63168.740588,63760.0,1.0,2,6e-05,12633.748118,12633.748118,1526903.686801,4127777.1445720005,188136.7823917,4650693.1304227,30659427.708132703,100,0,3
Z2,7,1,720,6872.0,0.100885,68117.163107,68720.0,1.0,2,6e-05,13623.432621,13623.432621,1526903.686801,4127777.1445720005,188136.7823917,4650693.1304227,30659427.708132703,100,0,3
Z3,0,1,720,7080.0,1.527146,4636.098972,4632.0,1.0,2,6e-05,927.219794,927.219794,1526903.686801,4127777.1445720005,188136.7823917,4650693.1304227,30659427.708132703,100,0,3
Z3,1,1,720,7080.0,0.100938,70142.067408,70800.0,1.0,2,6e-05,14028.413482,14028.413482,1526903.686801,4127777.1445720005,188136.7823917,4650693.1304227,30659427.708132703,100,0,3
Z3,2,1,720,5664.0,0.100928,56119.213697,56640.0,1.0,2,6e-05,11223.842739,11223.842739,1526903.686801,4127777.1445720005,188136.7823917,4650693.1304227,30659427.708132703,100,0,3
Z3,3,1,720,7080.0,0.100947,70135.813843,70800.0,1.0,2,6e-05,14027.162769,14027.162769,1526903.686801,4127777.1445720005,188136.7823917,4650693.1304227,30659427.708132703,100,0,3
Z3,4,1,720,7080.0,0.100843,70208.145335,70800.0,1.0,2,6e-05,14041.629067,14041.629067,1526903.686801,4127777.1445720005,188136.7823917,4650693.1304227,30659427.708132703,100,0,3
Z3,5,1,720,5664.0,0.100843,56166.516268,56640.0,1.0,2,6e-05,11233.303254,11233.303254,1526903.686801,4127777.1445720005,188136.7823917,4650693.1304227,30659427.708132703,100,0,3
Z3,6,1,720,7080.0,0.101006,70094.845851,70096.0,1.0,2,6e-05,14018.96917,14018.96917,1526903.686801,4127777.1445720005,188136.7823917,4650693.1304227,30659427.708132703,100,0,3
Z3,7,1,720,7080.0,0.100949,70134.424313,70800.0,1.0,2,6e-05,14026.884863,14026.884863,1526903.686801,4127777.1445720005,188136.7823917,4650693.1304227,30659427.708132703,100,0,3
Z3,8,1,720,5664.0,0.100886,56142.57677,56640.0,1.0,2,6e-05,11228.515354,11228.515354,1526903.686801,4127777.1445720005,188136.7823917,4650693.1304227,30659427.708132703,100,0,3
Z3,9,1,720,7080.0,0.10088,70182.394925,70800.0,1.0,2,6e-05,14036.478985,14036.478985,1526903.686801,4127777.1445720005,188136.7823917,4650693.1304227,30659427.708132703,100,0,3
Z3,10,1,720,12904.0,0.100879,127915.621685,129040.0,1.0,2,6e-05,25583.124337,25583.124337,1526903.686801,4127777.1445720005,188136.7823917,4650693.1304227,30659427.708132703,100,0,3
Z3,11,1,720,17344.0,0.101045,171646.296205,171720.0,1.0,2,6e-05,34329.259241,34329.259241,1526903.686801,4127777.1445720005,188136.7823917,4650693.1304227,30659427.708132703,100,0,3
Z3,12,1,720,16912.0,0.101034,167389.195716,167440.0,1.0,2,6e-05,33477.839143,33477.839143,1526903.686801,4127777.1445720005,188136.7823917,4650693.1304227,30659427.708132703,100,0,3
Z3,13,1,720,13240.0,0.101019,131064.453222,131088.0,1.0,2,6e-05,26212.890644,26212.890644,1526903.686801,4127777.1445720005,188136.7823917,4650693.1304227,30659427.708132703,100,0,3
Z3,14,1,720,28328.0,0.10111,280170.111759,280472.0,1.0,2,6e-05,56034.022352,56034.022352,1526903.686801,4127777.1445720005,188136.7823917,4650693.1304227,30659427.708132703,100,0,3
Z3,15,1,720,30528.0,0.10101,302227.502228,302256.0,1.0,2,6e-05,60445.500446,60445.500446,1526903.686801,4127777.1445720005,188136.7823917,4650693.1304227,30659427.708132703,100,0,3
Z3,16,1,720,16360.0,0.101023,161943.319838,161976.0,1.0,2,6e-05,32388.663968,32388.663968,1526903.686801,4127777.1445720005,188136.7823917,4650693.1304227,30659427.708132703,100,0,3
Z3,17,1,720,33216.0,0.101064,328663.02541,328864.0,1.0,2,6e-05,65732.605082,65732.605082,1526903.686801,4127777.1445720005,188136.7823917,4650693.1304227,30659427.708132703,100,0,3
Z3,18,1,720,28000.0,0.101054,277079.581214,277224.0,1.0,2,6e-05,55415.916243,55415.916243,1526903.686801,4127777.1445720005,188136.7823917,4650693.1304227,30659427.708132703,100,0,3
Z3,19,1,720,15744.0,0.101011,155864.212809,155880.0,1.0,2,6e-05,31172.842562,31172.842562,1526903.686801,4127777.1445720005,188136.7823917,4650693.1304227,30659427.708132703,100,0,3
Z3,20,1,720,16024.0,0.101033,158601.645007,158648.0,1.0,2,6e-05,31720.329001,31720.329001,1526903.686801,4127777.1445720005,188136.7823917,4650693.1304227,30659427.708132703,100,0,3
Z3,21,1,720,11576.0,0.100983,114633.156076,115760.0,1.0,2,6e-05,22926.631215,22926.631215,1526903.686801,4127777.1445720005,188136.7823917,4650693.1304227,30659427.708132703,100,0,3
Z3,22,1,720,10816.0,0.10092,107173.999207,108160.0,1.0,2,6e-05,21434.799841,21434.799841,1526903.686801,4127777.1445720005,188136.7823917,4650693.1304227,30659427.708132703,100,0,3
Z3,23,1,720,13224.0,0.100934,131016.307686,132240.0,1.0,2,6e-05,26203.261537,26203.261537,1526903.686801,4127777.1445720005,188136.7823917,4650693.1304227,30659427.708132703,100,0,3
Z3,24,1,720,17528.0,0.10097,173596.117659,175280.0,1.0,2,6e-05,34719.223532,34719.223532,1526903.686801,4127777.1445720005,188136.7823917,4650693.1304227,30659427.708132703,100,0,3
Z3,25,1,720,23824.0,0.101007,235864.841051,235880.0,1.0,2,6e-05,47172.96821,47172.96821,1526903.686801,4127777.1445720005,188136.7823917,4650693.1304227,30659427.708132703,100,0,3
Z3,26,1,720,11024.0,0.101033,109112.864114,109144.0,1.0,2,6e-05,21822.572823,21822.572823,1526903.686801,4127777.1445720005,188136.7823917,4650693.1304227,30659427.708132703,100,0,3
Z3,27,1,720,15112.0,0.100978,149656.360791,151120.0,1.0,2,6e-05,29931.272158,29931.272158,1526903.686801,4127777.1445720005,188136.7823917,4650693.1304227,30659427.708132703,100,0,3
Z3,28,1,720,24552.0,0.101026,243026.547621,243088.0,1.0,2,6e-05,48605.309524,48605.309524,1526903.686801,4127777.1445720005,188136.7823917,4650693.1304227,30659427.708132703,100,0,3
Z3,29,1,720,10824.0,0.100944,107227.769853,108240.0,1.0,2,6e-05,21445.553971,21445.553971,1526903.686801,4127777.1445720005,188136.7823917,4650693.1304227,30659427.708132703,100,0,3
Z3,30,1,720,6872.0,0.100812,68166.488116,68720.0,1.0,2,6e-05,13633.297623,13633.297623,1526903.686801,4127777.1445720005,188136.7823917,4650693.1304227,30659427.708132703,100,0,3
Z3,31,1,720,6872.0,0.420488,16342.91585,16360.0,1.0,2,6e-05,3268.58317,3268.58317,1526903.686801,4127777.1445720005,188136.7823917,4650693.1304227,30659427.708132703,100,0,3
Z3,32,1,720,6376.0,0.100899,63191.904776,63760.0,1.0,2,6e-05,12638.380955,12638.380955,1526903.686801,4127777.1445720005,188136.7823917,4650693.1304227,30659427.708132703,100,0,3
Z3,33,1,720,6872.0,0.100846,68143.50594,68720.0,1.0,2,6e-05,13628.701188,13628.701188,1526903.686801,4127777.1445720005,188136.7823917,4650693.1304227,30659427.708132703,100,0,3
Z3,34,1,720,6872.0,0.100854,68138.100621,68720.0,1.0,2,6e-05,13627.620124,13627.620124,1526903.686801,4127777.1445720005,188136.7823917,4650693.1304227,30659427.708132703,100,0,3
Z3,35,1,720,6376.0,0.100951,63159.354538,63760.0,1.0,2,6e-05,12631.870908,12631.870908,1526903.686801,4127777.1445720005,188136.7823917,4650693.1304227,30659427.708132703,100,0,3
Z3,36,1,720,6872.0,0.100918,68094.88892,68720.0,1.0,2,6e-05,13618.977784,13618.977784,1526903.686801,4127777.1445720005,188136.7823917,4650693.1304227,30659427.708132703,100,0,3
Z3,37,1,720,6872.0,0.100949,68073.977949,68720.0,1.0,2,6e-05,13614.79559,13614.79559,1526903.686801,4127777.1445720005,188136.7823917,4650693.1304227,30659427.708132703,100,0,3
Z3,38,1,720,6376.0,0.100937,63168.114765,63760.0,1.0,2,6e-05,12633.622953,12633.622953,1526903.686801,4127777.1445720005,188136.7823917,4650693.1304227,30659427.708132703,100,0,3
Z1,0,2,720,15344.0,0.322327,47603.830892,47648.0,1.0,2,7.042218,22154.389131,22154.389131,1526903.686801,4127777.1445720005,188136.7823917,4650693.1304227,30659427.708132703,100,0,3
Z2,0,2,720,6624.0,0.322973,20509.454351,20568.0,1.0,2,7.042218,16735.513823,16735.513823,1526903.686801,4127777.1445720005,188136.7823917,4650693.1304227,30659427.708132703,100,0,3
Z2,1,2,720,5664.0,0.100938,56113.653926,56640.0,1.0,2,7.042218,23856.353738,23856.353738,1526903.686801,4127777.1445720005,188136.7823917,4650693.1304227,30659427.708132703,100,0,3
Z2,2,2,720,7080.0,0.10094,70140.67763,70800.0,1.0,2,7.042218,26661.758479,26661.758479,1526903.686801,4127777.1445720005,188136.7823917,4650693.1304227,30659427.708132703,100,0,3
Z2,3,2,720,7080.0,0.100913,70159.444274,70800.0,1.0,2,7.042218,26665.511808,26665.511808,1526903.686801,4127777.1445720005,188136.7823917,4650693.1304227,30659427.708132703,100,0,3
Z2,4,2,720,12128.0,0.100943,120147.013661,121280.0,1.0,2,7.042218,36663.025685,36663.025685,1526903.686801,4127777.1445720005,188136.7823917,4650693.1304227,30659427.708132703,100,0,3
Z2,5,2,720,18392.0,0.101057,181996.299118,182096.0,1.0,2,7.042218,49032.882777,49032.882777,1526903.686801,4127777.1445720005,188136.7823917,4650693.1304227,30659427.708132703,100,0,3
Z2,6,2,720,10632.0,0.100973,105295.475028,106320.0,1.0,2,7.042218,33692.717959,33692.717959,1526903.686801,4127777.1445720005,188136.7823917,4650693.1304227,30659427.708132703,100,0,3
Z2,7,2,720,8048.0,0.100926,79741.59285,80480.0,1.0,2,7.042218,28581.941523,28581.941523,1526903.686801,4127777.1445720005,188136.7823917,4650693.1304227,30659427.708132703,100,0,3
Z3,0,2,720,5424.0,0.323854,16748.287809,16792.0,1.0,2,7.042218,15983.280515,15983.280515,1526903.686801,4127777.1445720005,188136.7823917,4650693.1304227,30659427.708132703,100,0,3
Z3,1,2,720,7080.0,0.100963,70124.699147,70800.0,1.0,2,7.042218,26658.562782,26658.562782,1526903.686801,4127777.1445720005,188136.7823917,4650693.1304227,30659427.708132703,100,0,3
Z3,2,2,720,7080.0,0.100999,70099.703957,70800.0,1.0,2,7.042218,26653.563744,26653.563744,1526903.686801,4127777.1445720005,188136.7823917,4650693.1304227,30659427.708132703,100,0,3
Z3,3,2,720,5664.0,0.100958,56102.537689,56640.0,1.0,2,7.042218,23854.130491,23854.130491,1526903.686801,4127777.1445720005,188136.7823917,4650693.1304227,30659427.708132703,100,0,3
Z3,4,2,720,7080.0,0.100965,70123.310058,70800.0,1.0,2,7.042218,26658.284965,26658.284965,1526903.686801,4127777.1445720005,188136.7823917,4650693.1304227,30659427.708132703,100,0,3
Z3,5,2,720,7080.0,0.100945,70137.203428,70800.0,1.0,2,7.042218,26661.063638,26661.063638,1526903.686801,4127777.1445720005,188136.7823917,4650693.1304227,30659427.708132703,100,0,3
Z3,6,2,720,5664.0,0.100867,56153.152171,56640.0,1.0,2,7.042218,23864.253387,23864.253387,1526903.686801,4127777.1445720005,188136.7823917,4650693.1304227,30659427.708132703,100,0,3
Z3,7,2,720,7080.0,0.101006,70094.845851,70096.0,1.0,2,7.042218,26652.592123,26652.592123,1526903.686801,4127777.1445720005,188136.7823917,4650693.1304227,30659427.708132703,100,0,3
Z3,8,2,720,7080.0,0.100962,70125.393712,70800.0,1.0,2,7.042218,26658.701695,26658.701695,1526903.686801,4127777.1445720005,188136.7823917,4650693.1304227,30659427.708132703,100,0,3
Z3,9,2,720,12648.0,0.10106,125153.374233,125224.0,1.0,2,7.042218,37664.2978,37664.2978,1526903.686801,4127777.1445720005,188136.7823917,4650693.1304227,30659427.708132703,100,0,3
Z3,10,2,720,17112.0,0.101035,169367.051022,169424.0,1.0,2,7.042218,46507.033157,46507.033157,1526903.686801,4127777.1445720005,188136.7823917,4650693.1304227,30659427.708132703,100,0,3
Z3,11,2,720,15320.0,0.101076,151569.116309,151680.0,1.0,2,7.042218,42947.446215,42947.446215,1526903.686801,4127777.1445720005,188136.7823917,4650693.1304227,30659427.708132703,100,0,3
Z3,12,2,720,10704.0,0.10099,105990.692148,107040.0,1.0,2,7.042218,33831.761382,33831.761382,1526903.686801,4127777.1445720005,188136.7823917,4650693.1304227,30659427.708132703,100,0,3
Z3,13,2,720,18776.0,0.101056,185797.973401,185896.0,1.0,2,7.042218,49793.217633,49793.217633,1526903.686801,4127777.1445720005,188136.7823917,4650693.1304227,30659427.708132703,100,0,3
Z3,14,2,720,21848.0,0.101071,216164.874197,216312.0,1.0,2,7.042218,55866.597792,55866.597792,1526903.686801,4127777.1445720005,188136.7823917,4650693.1304227,30659427.708132703,100,0,3
Z3,15,2,720,12752.0,0.100983,126278.68057,127520.0,1.0,2,7.042218,37889.359067,37889.359067,1526903.686801,4127777.1445720005,188136.7823917,4650693.1304227,30659427.708132703,100,0,3
Z3,16,2,720,21856.0,0.101078,216229.050832,216392.0,1.0,2,7.042218,55879.433119,55879.433119,1526903.686801,4127777.1445720005,188136.7823917,4650693.1304227,30659427.708132703,100,0,3
Z3,17,2,720,16880.0,0.101076,167003.047212,167128.0,1.0,2,7.042218,46034.232395,46034.232395,1526903.686801,4127777.1445720005,188136.7823917,4650693.1304227,30659427.708132703,100,0,3
Z3,18,2,720,9160.0,0.101122,90583.651431,90688.0,1.0,2,7.042218,30750.353239,30750.353239,1526903.686801,4127777.1445720005,188136.7823917,4650693.1304227,30659427.708132703,100,0,3
Z3,19,2,720,11592.0,0.101058,114706.406222,114768.0,1.0,2,7.042218,35574.904197,35574.904197,1526903.686801,4127777.1445720005,188136.7823917,4650693.1304227,30659427.708132703,100,0,3
Z3,20,2,720,9952.0,0.101032,98503.444453,98528.0,1.0,2,7.042218,32334.311844,32334.311844,1526903.686801,4127777.1445720005,188136.7823917,4650693.1304227,30659427.708132703,100,0,3
Z3,21,2,720,11064.0,0.100952,109596.639987,110640.0,1.0,2,7.042218,34552.95095,34552.95095,1526903.686801,4127777.1445720005,188136.7823917,4650693.1304227,30659427.708132703,100,0,3
Z3,22,2,720,14728.0,0.103867,141796.720806,142984.0,1.0,2,7.042218,40992.967114,40992.967114,1526903.686801,4127777.1445720005,188136.7823917,4650693.1304227,30659427.708132703,100,0,3
Z3,23,2,720,16264.0,0.101093,160881.5645,161024.0,1.0,2,7.042218,44809.935853,44809.935853,1526903.686801,4127777.1445720005,188136.7823917,4650693.1304227,30659427.708132703,100,0,3
Z3,24,2,720,9504.0,0.101049,94053.380043,94096.0,1.0,2,7.042218,31444.298962,31444.298962,1526903.686801,4127777.1445720005,188136.7823917,4650693.1304227,30659427.708132703,100,0,3
Z3,25,2,720,12688.0,0.101027,125590.188761,125616.0,1.0,2,7.042218,37751.660705,37751.660705,1526903.686801,4127777.1445720005,188136.7823917,4650693.1304227,30659427.708132703,100,0,3
Z3,26,2,720,17320.0,0.100988,171505.525409,173200.0,1.0,2,7.042218,46934.728035,46934.728035,1526903.686801,4127777.1445720005,188136.7823917,4650693.1304227,30659427.708132703,100,0,3
Z3,27,2,720,9320.0,0.100994,92282.709864,93200.0,1.0,2,7.042218,31090.164926,31090.164926,1526903.686801,4127777.1445720005,188136.7823917,4650693.1304227,30659427.708132703,100,0,3
Z3,28,2,720,6376.0,0.101135,63044.445543,63128.0,1.0,2,7.042218,25242.512062,25242.512062,1526903.686801,4127777.1445720005,188136.7823917,4650693.1304227,30659427.708132703,100,0,3
Z3,29,2,720,6872.0,0.101085,67982.391057,68032.0,1.0,2,7.042218,26230.101164,26230.101164,1526903.686801,4127777.1445720005,188136.7823917,4650693.1304227,30659427.708132703,100,0,3
Z3,30,2,720,6872.0,0.101027,68021.420016,68032.0,1.0,2,7.042218,26237.906956,26237.906956,1526903.686801,4127777.1445720005,188136.7823917,4650693.1304227,30659427.708132703,100,0,3
Z3,31,2,720,6376.0,0.100826,63237.656954,63760.0,1.0,2,7.042218,25281.154344,25281.154344,1526903.686801,4127777.1445720005,188136.7823917,4650693.1304227,30659427.708132703,100,0,3
Z3,32,2,720,6872.0,0.101017,68028.153677,68032.0,1.0,2,7.042218,26239.253688,26239.253688,1526903.686801,4127777.1445720005,188136.7823917,4650693.1304227,30659427.708132703,100,0,3
Z3,33,2,720,6872.0,0.101157,67934.003579,68032.0,1.0,2,7.042218,26220.423669,26220.423669,1526903.686801,4127777.1445720005,188136.7823917,4650693.1304227,30659427.708132703,100,0,3
Z3,34,2,720,6376.0,0.101139,63041.952165,63128.0,1.0,2,7.042218,25242.013386,25242.013386,1526903.686801,4127777.1445720005,188136.7823917,4650693.1304227,30659427.708132703,100,0,3
Z3,35,2,720,6872.0,0.10096,68066.561014,68720.0,1.0,2,7.042218,26246.935156,26246.935156,1526903.686801,4127777.1445720005,188136.7823917,4650693.1304227,30659427.708132703,100,0,3
Z3,36,2,720,6872.0,0.10104,68012.66825,68032.0,1.0,2,7.042218,26236.156603,26236.156603,1526903.686801,4127777.1445720005,188136.7823917,4650693.1304227,30659427.708132703,100,0,3
Z3,37,2,720,6376.0,0.100869,63210.699025,63760.0,1.0,2,7.042218,25275.762758,25275.762758,1526903.686801,4127777.1445720005,188136.7823917,4650693.1304227,30659427.708132703,100,0,3
Z3,38,2,720,6872.0,0.100992,68044.993663,68720.0,1.0,2,7.042218,26242.621686,26242.621686,1526903.686801,4127777.1445720005,188136.7823917,4650693.1304227,30659427.708132703,100,0,3
Z1,0,3,720,12544.0,0.32226,38925.091541,38952.0,1.0,2,12.56662,34027.639994,34027.639994,1526903.686801,4127777.1445720005,188136.7823917,4650693.1304227,30659427.708132703,100,0,3
Z2,0,3,720,7080.0,0.322841,21930.300055,21984.0,1.0,2,12.56662,30628.681696,30628.681696,1526903.686801,4127777.1445720005,188136.7823917,4650693.1304227,30659427.708132703,100,0,3
Z2,1,3,720,5664.0,0.100876,56148.142274,56640.0,1.0,2,12.56662,37472.25014,37472.25014,1526903.686801,4127777.1445720005,188136.7823917,4650693.1304227,30659427.708132703,100,0,3
Z2,2,3,720,7080.0,0.10085,70203.272186,70800.0,1.0,2,12.56662,40283.276123,40283.276123,1526903.686801,4127777.1445720005,188136.7823917,4650693.1304227,30659427.708132703,100,0,3
Z2,3,3,720,18112.0,0.100984,179355.14537,181120.0,1.0,2,12.56662,62113.650759,62113.650759,1526903.686801,4127777.1445720005,188136.7823917,4650693.1304227,30659427.708132703,100,0,3
Z2,4,3,720,15304.0,0.100987,151544.258172,153040.0,1.0,2,12.56662,56551.47332,56551.47332,1526903.686801,4127777.1445720005,188136.7823917,4650693.1304227,30659427.708132703,100,0,3
Z2,5,3,720,17664.0,0.101038,174825.313248,174888.0,1.0,2,12.56662,61207.684335,61207.684335,1526903.686801,4127777.1445720005,188136.7823917,4650693.1304227,30659427.708132703,100,0,3
Z2,6,3,720,10240.0,0.100987,101399.189995,102400.0,1.0,2,12.56662,46522.459684,46522.459684,1526903.686801,4127777.1445720005,188136.7823917,4650693.1304227,30659427.708132703,100,0,3
Z2,7,3,720,8424.0,0.100897,83491.084968,84240.0,1.0,2,12.56662,42940.838679,42940.838679,1526903.686801,4127777.1445720005,188136.7823917,4650693.1304227,30659427.708132703,100,0,3
Z3,0,3,720,6624.0,0.322707,20526.359825,20568.0,1.0,2,12.56662,30347.89365,30347.89365,1526903.686801,4127777.1445720005,188136.7823917,4650693.1304227,30659427.708132703,100,0,3
Z3,1,3,720,5424.0,0.100894,53759.391044,54240.0,1.0,2,12.56662,36994.499894,36994.499894,1526903.686801,4127777.1445720005,188136.7823917,4650693.1304227,30659427.708132703,100,0,3
Z3,2,3,720,7080.0,0.100913,70159.444274,70800.0,1.0,2,12.56662,40274.51054,40274.51054,1526903.686801,4127777.1445720005,188136.7823917,4650693.1304227,30659427.708132703,100,0,3
Z3,3,3,720,7080.0,0.100813,70229.037922,70800.0,1.0,2,12.56662,40288.42927,40288.42927,1526903.686801,4127777.1445720005,188136.7823917,4650693.1304227,30659427.708132703,100,0,3
Z3,4,3,720,5664.0,0.425082,13324.487981,13320.0,1.0,2,12.56662,28907.519282,28907.519282,1526903.686801,4127777.1445720005,188136.7823917,4650693.1304227,30659427.708132703,100,0,3
Z3,5,3,720,7080.0,0.100884,70179.612228,70800.0,1.0,2,12.56662,40278.544131,40278.544131,1526903.686801,4127777.1445720005,188136.7823917,4650693.1304227,30659427.708132703,100,0,3
Z3,6,3,720,7080.0,0.10094,70140.67763,70800.0,1.0,2,12.56662,40270.757212,40270.757212,1526903.686801,4127777.1445720005,188136.7823917,4650693.1304227,30659427.708132703,100,0,3
Z3,7,3,720,5664.0,0.100802,56189.361322,56640.0,1.0,2,12.56662,37480.49395,37480.49395,1526903.686801,4127777.1445720005,188136.7823917,4650693.1304227,30659427.708132703,100,0,3
Z3,8,3,720,7080.0,0.100934,70144.847128,70800.0,1.0,2,12.56662,40271.591111,40271.591111,1526903.686801,4127777.1445720005,188136.7823917,4650693.1304227,30659427.708132703,100,0,3
Z3,9,3,720,7080.0,0.10085,70203.272186,70800.0,1.0,2,12.56662,40283.276123,40283.276123,1526903.686801,4127777.1445720005,188136.7823917,4650693.1304227,30659427.708132703,100,0,3
Z3,10,3,720,14120.0,0.10096,139857.369255,141200.0,1.0,2,12.56662,54214.095537,54214.095537,1526903.686801,4127777.1445720005,188136.7823917,4650693.1304227,30659427.708132703,100,0,3
Z3,11,3,720,17536.0,0.100985,173649.551914,175360.0,1.0,2,12.56662,60972.532068,60972.532068,1526903.686801,4127777.1445720005,188136.7823917,4650693.1304227,30659427.708132703,100,0,3
Z3,12,3,720,16008.0,0.100984,158520.16161,160080.0,1.0,2,12.56662,57946.654007,57946.654007,1526903.686801,4127777.1445720005,188136.7823917,4650693.1304227,30659427.708132703,100,0,3
Z3,13,3,720,10896.0,0.100975,107907.897995,108960.0,1.0,2,12.56662,47824.201284,47824.201284,1526903.686801,4127777.1445720005,188136.7823917,4650693.1304227,30659427.708132703,100,0,3
Z3,14,3,720,19720.0,0.101025,195199.208117,195240.0,1.0,2,12.56662,65282.463309,65282.463309,1526903.686801,4127777.1445720005,188136.7823917,4650693.1304227,30659427.708132703,100,0,3
Z3,15,3,720,20104.0,0.101027,198996.307918,199048.0,1.0,2,12.56662,66041.883269,66041.883269,1526903.686801,4127777.1445720005,188136.7823917,4650693.1304227,30659427.708132703,100,0,3
Z3,16,3,720,12504.0,0.101003,123798.303021,123800.0,1.0,2,12.56662,51002.28229,51002.28229,1526903.686801,4127777.1445720005,188136.7823917,4650693.1304227,30659427.708132703,100,0,3
Z3,17,3,720,23072.0,0.10091,228639.381627,230720.0,1.0,2,12.56662,71970.498011,71970.498011,1526903.686801,4127777.1445720005,188136.7823917,4650693.1304227,30659427.708132703,100,0,3
Z3,18,3,720,18632.0,0.10102,184438.725005,184472.0,1.0,2,12.56662,63130.366686,63130.366686,1526903.686801,4127777.1445720005,188136.7823917,4650693.1304227,30659427.708132703,100,0,3
Z3,19,3,720,9664.0,0.100868,95808.383234,96640.0,1.0,2,12.56662,45404.298332,45404.298332,1526903.686801,4127777.1445720005,188136.7823917,4650693.1304227,30659427.708132703,100,0,3
Z3,20,3,720,12280.0,0.100941,121655.224339,122800.0,1.0,2,12.56662,50573.666553,50573.666553,1526903.686801,4127777.1445720005,188136.7823917,4650693.1304227,30659427.708132703,100,0,3
Z3,21,3,720,10368.0,0.100897,102758.258422,103680.0,1.0,2,12.56662,46794.27337,46794.27337,1526903.686801,4127777.1445720005,188136.7823917,4650693.1304227,30659427.708132703,100,0,3
Z3,22,3,720,10520.0,0.101004,104154.290919,104152.0,1.0,2,12.56662,47073.479869,47073.479869,1526903.686801,4127777.1445720005,188136.7823917,4650693.1304227,30659427.708132703,100,0,3
Z3,23,3,720,15288.0,0.100951,151439.807431,152880.0,1.0,2,12.56662,56530.583172,56530.583172,1526903.686801,4127777.1445720005,188136.7823917,4650693.1304227,30659427.708132703,100,0,3
Z3,24,3,720,16344.0,0.101018,161792.947791,161816.0,1.0,2,12.56662,58601.211244,58601.211244,1526903.686801,4127777.1445720005,188136.7823917,4650693.1304227,30659427.708132703,100,0,3
Z3,25,3,720,9016.0,0.100996,89270.862212,90160.0,1.0,2,12.56662,44096.794128,44096.794128,1526903.686801,4127777.1445720005,188136.7823917,4650693.1304227,30659427.708132703,100,0,3
Z3,26,3,720,13800.0,0.101006,136625.546997,136632.0,1.0,2,12.56662,53567.731085,53567.731085,1526903.686801,4127777.1445720005,188136.7823917,4650693.1304227,30659427.708132703,100,0,3
Z3,27,3,720,9896.0,0.100933,98045.23793,98960.0,1.0,2,12.56662,45851.669272,45851.669272,1526903.686801,4127777.1445720005,188136.7823917,4650693.1304227,30659427.708132703,100,0,3
Z3,28,3,720,6376.0,0.100945,63163.108624,63760.0,1.0,2,12.56662,38875.24341,38875.24341,1526903.686801,4127777.1445720005,188136.7823917,4650693.1304227,30659427.708132703,100,0,3
Z3,29,3,720,6872.0,0.100892,68112.437061,68720.0,1.0,2,12.56662,39865.109098,39865.109098,1526903.686801,4127777.1445720005,188136.7823917,4650693.1304227,30659427.708132703,100,0,3
Z3,30,3,720,6872.0,0.100908,68101.637135,68720.0,1.0,2,12.56662,39862.949112,39862.949112,1526903.686801,4127777.1445720005,188136.7823917,4650693.1304227,30659427.708132703,100,0,3
Z3,31,3,720,6376.0,0.41473,15373.857691,15400.0,1.0,2,12.56662,29317.393224,29317.393224,1526903.686801,4127777.1445720005,188136.7823917,4650693.1304227,30659427.708132703,100,0,3
Z3,32,3,720,6872.0,0.100928,68088.142042,68720.0,1.0,2,12.56662,39860.250094,39860.250094,1526903.686801,4127777.1445720005,188136.7823917,4650693.1304227,30659427.708132703,100,0,3
Z3,33,3,720,6872.0,0.100909,68100.962253,68720.0,1.0,2,12.56662,39862.814136,39862.814136,1526903.686801,4127777.1445720005,188136.7823917,4650693.1304227,30659427.708132703,100,0,3
Z3,34,3,720,6376.0,0.100898,63192.531071,63760.0,1.0,2,12.56662,38881.1279,38881.1279,1526903.686801,4127777.1445720005,188136.7823917,4650693.1304227,30659427.708132703,100,0,3
Z3,35,3,720,6872.0,0.10094,68080.047553,68720.0,1.0,2,12.56662,39858.631196,39858.631196,1526903.686801,4127777.1445720005,188136.7823917,4650693.1304227,30659427.708132703,100,0,3
Z3,36,3,720,6872.0,0.100901,68106.361681,68720.0,1.0,2,12.56662,39863.894022,39863.894022,1526903.686801,4127777.1445720005,188136.7823917,4650693.1304227,30659427.708132703,100,0,3
Z3,37,3,720,6376.0,0.1009,63191.278494,63760.0,1.0,2,12.56662,38880.877384,38880.877384,1526903.686801,4127777.1445720005,188136.7823917,4650693.1304227,30659427.708132703,100,0,3
Z3,38,3,720,6872.0,0.100951,68072.629295,68720.0,1.0,2,12.56662,39857.147545,39857.147545,1526903.686801,4127777.1445720005,188136.7823917,4650693.1304227,30659427.708132703,100,0,3
Z1,0,4,720,6648.0,0.322385,20621.306823,20640.0,1.0,2,18.722049,43981.408909,43981.408909,1526903.686801,4127777.1445720005,188136.7823917,4650693.1304227,30659427.708132703,100,0,3
Z2,0,4,720,7296.0,0.322769,22604.40129,22656.0,1.0,2,18.722049,44378.027803,44378.027803,1526903.686801,4127777.1445720005,188136.7823917,4650693.1304227,30659427.708132703,100,0,3
Z2,1,4,720,7200.0,0.100842,71398.821919,72000.0,1.0,2,18.722049,54136.911928,54136.911928,1526903.686801,4127777.1445720005,188136.7823917,4650693.1304227,30659427.708132703,100,0,3
Z2,2,4,720,26248.0,0.339557,77300.718289,77424.0,1.0,2,18.722049,55317.291202,55317.291202,1526903.686801,4127777.1445720005,188136.7823917,4650693.1304227,30659427.708132703,100,0,3
Z2,3,4,720,17272.0,0.100943,171106.466025,172720.0,1.0,2,18.722049,74078.44075,74078.44075,1526903.686801,4127777.1445720005,188136.7823917,4650693.1304227,30659427.708132703,100,0,3
Z2,4,4,720,22592.0,0.101014,223652.167026,223680.0,1.0,2,18.722049,84587.58095,84587.58095,1526903.686801,4127777.1445720005,188136.7823917,4650693.1304227,30659427.708132703,100,0,3
Z2,5,4,720,8544.0,0.100923,84658.601112,85440.0,1.0,2,18.722049,56788.867767,56788.867767,1526903.686801,4127777.1445720005,188136.7823917,4650693.1304227,30659427.708132703,100,0,3
Z2,6,4,720,6424.0,0.100881,63678.988115,64240.0,1.0,2,18.722049,52592.945168,52592.945168,1526903.686801,4127777.1445720005,188136.7823917,4650693.1304227,30659427.708132703,100,0,3
Z2,7,4,720,6872.0,0.100886,68116.487917,68720.0,1.0,2,18.722049,53480.445128,53480.445128,1526903.686801,4127777.1445720005,188136.7823917,4650693.1304227,30659427.708132703,100,0,3
Z3,0,4,720,6624.0,0.323564,20471.993176,20504.0,1.0,2,18.722049,43951.54618,43951.54618,1526903.686801,4127777.1445720005,188136.7823917,4650693.1304227,30659427.708132703,100,0,3
Z3,1,4,720,6448.0,0.100953,63871.30645,64480.0,1.0,2,18.722049,52631.408834,52631.408834,1526903.686801,4127777.1445720005,188136.7823917,4650693.1304227,30659427.708132703,100,0,3
Z3,2,4,720,7448.0,0.100958,73773.252244,74480.0,1.0,2,18.722049,54611.797993,54611.797993,1526903.686801,4127777.1445720005,188136.7823917,4650693.1304227,30659427.708132703,100,0,3
Z3,3,4,720,7424.0,0.100821,73635.452931,74240.0,1.0,2,18.722049,54584.238131,54584.238131,1526903.686801,4127777.1445720005,188136.7823917,4650693.1304227,30659427.708132703,100,0,3
Z3,4,4,720,6648.0,0.100939,65861.559952,66480.0,1.0,2,18.722049,53029.459535,53029.459535,1526903.686801,4127777.1445720005,188136.7823917,4650693.1304227,30659427.708132703,100,0,3
Z3,5,4,720,7224.0,0.10096,71553.090333,72240.0,1.0,2,18.722049,54167.765611,54167.765611,1526903.686801,4127777.1445720005,188136.7823917,4650693.1304227,30659427.708132703,100,0,3
Z3,6,4,720,7240.0,0.100917,71742.124716,72400.0,1.0,2,18.722049,54205.572488,54205.572488,1526903.686801,4127777.1445720005,188136.7823917,4650693.1304227,30659427.708132703,100,0,3
Z3,7,4,720,6648.0,0.100935,65864.17001,66480.0,1.0,2,18.722049,53029.981547,53029.981547,1526903.686801,4127777.1445720005,188136.7823917,4650693.1304227,30659427.708132703,100,0,3
Z3,8,4,720,7232.0,0.100927,71655.751187,72320.0,1.0,2,18.722049,54188.297782,54188.297782,1526903.686801,4127777.1445720005,188136.7823917,4650693.1304227,30659427.708132703,100,0,3
Z3,9,4,720,7296.0,0.100897,72311.367038,72960.0,1.0,2,18.722049,54319.420952,54319.420952,1526903.686801,4127777.1445720005,188136.7823917,4650693.1304227,30659427.708132703,100,0,3
Z3,10,4,720,16456.0,0.100995,162938.759345,164560.0,1.0,2,18.722049,72444.899413,72444.899413,1526903.686801,4127777.1445720005,188136.7823917,4650693.1304227,30659427.708132703,100,0,3
Z3,11,4,720,25392.0,0.101077,251214.420689,251400.0,1.0,2,18.722049,90100.031682,90100.031682,1526903.686801,4127777.1445720005,188136.7823917,4650693.1304227,30659427.708132703,100,0,3
Z3,12,4,720,21592.0,0.101017,213746.201134,213776.0,1.0,2,18.722049,82606.387771,82606.387771,1526903.686801,4127777.1445720005,188136.7823917,4650693.1304227,30659427.708132703,100,0,3
Z3,13,4,720,13528.0,0.100934,134028.176828,135280.0,1.0,2,18.722049,66662.78291,66662.78291,1526903.686801,4127777.1445720005,188136.7823917,4650693.1304227,30659427.708132703,100,0,3
Z3,14,4,720,29512.0,0.10098,292255.892256,295120.0,1.0,2,18.722049,98308.325996,98308.325996,1526903.686801,4127777.1445720005,188136.7823917,4650693.1304227,30659427.708132703,100,0,3
Z3,15,4,720,29688.0,0.101095,293664.375093,293936.0,1.0,2,18.722049,98590.022563,98590.022563,1526903.686801,4127777.1445720005,188136.7823917,4650693.1304227,30659427.708132703,100,0,3
Z3,16,4,720,16760.0,0.101012,165920.880687,165936.0,1.0,2,18.722049,73041.323682,73041.323682,1526903.686801,4127777.1445720005,188136.7823917,4650693.1304227,30659427.708132703,100,0,3
Z3,17,4,720,33128.0,0.101099,327678.809879,328000.0,1.0,2,18.722049,105392.90952,105392.90952,1526903.686801,4127777.1445720005,188136.7823917,4650693.1304227,30659427.708132703,100,0,3
Z3,18,4,720,26240.0,0.340711,77015.417759,77176.0,1.0,2,18.722049,55260.231096,55260.231096,1526903.686801,4127777.1445720005,188136.7823917,4650693.1304227,30659427.708132703,100,0,3
Z3,19,4,720,14624.0,0.101006,144783.478209,144792.0,1.0,2,18.722049,68813.843186,68813.843186,1526903.686801,4127777.1445720005,188136.7823917,4650693.1304227,30659427.708132703,100,0,3
Z3,20,4,720,26816.0,0.10107,265321.064609,265504.0,1.0,2,18.722049,92921.360466,92921.360466,1526903.686801,4127777.1445720005,188136.7823917,4650693.1304227,30659427.708132703,100,0,3
Z3,21,4,720,23128.0,0.101032,228917.570671,228984.0,1.0,2,18.722049,85640.661679,85640.661679,1526903.686801,4127777.1445720005,188136.7823917,4650693.1304227,30659427.708132703,100,0,3
Z3,22,4,720,19440.0,0.10099,192494.306367,194400.0,1.0,2,18.722049,78356.008818,78356.008818,1526903.686801,4127777.1445720005,188136.7823917,4650693.1304227,30659427.708132703,100,0,3
Z3,23,4,720,29088.0,0.101087,287752.1343,288000.0,1.0,2,18.722049,97407.574405,97407.574405,1526903.686801,4127777.1445720005,188136.7823917,4650693.1304227,30659427.708132703,100,0,3
Z3,24,4,720,29840.0,0.101043,295319.814336,295440.0,1.0,2,18.722049,98921.110412,98921.110412,1526903.686801,4127777.1445720005,188136.7823917,4650693.1304227,30659427.708132703,100,0,3
Z3,25,4,720,17200.0,0.100912,170445.536705,172000.0,1.0,2,18.722049,73946.254886,73946.254886,1526903.686801,4127777.1445720005,188136.7823917,4650693.1304227,30659427.708132703,100,0,3
Z3,26,4,720,25664.0,0.101027,254031.100597,254096.0,1.0,2,18.722049,90663.367664,90663.367664,1526903.686801,4127777.1445720005,188136.7823917,4650693.1304227,30659427.708132703,100,0,3
Z3,27,4,720,26808.0,0.101047,265302.285075,265424.0,1.0,2,18.722049,92917.60456,92917.60456,1526903.686801,4127777.1445720005,188136.7823917,4650693.1304227,30659427.708132703,100,0,3
Z3,28,4,720,12720.0,0.100966,125983.00418,127200.0,1.0,2,18.722049,65053.748381,65053.748381,1526903.686801,4127777.1445720005,188136.7823917,4650693.1304227,30659427.708132703,100,0,3
Z3,29,4,720,11496.0,0.100985,113838.688914,114960.0,1.0,2,18.722049,62624.885327,62624.885327,1526903.686801,4127777.1445720005,188136.7823917,4650693.1304227,30659427.708132703,100,0,3
Z3,30,4,720,17472.0,0.100927,173115.221893,174720.0,1.0,2,18.722049,74480.191923,74480.191923,1526903.686801,4127777.1445720005,188136.7823917,4650693.1304227,30659427.708132703,100,0,3
Z3,31,4,720,6448.0,0.100933,63883.962629,64480.0,1.0,2,18.722049,52633.94007,52633.94007,1526903.686801,4127777.1445720005,188136.7823917,4650693.1304227,30659427.708132703,100,0,3
Z3,32,4,720,7200.0,0.100922,71342.224688,72000.0,1.0,2,18.722049,54125.592482,54125.592482,1526903.686801,4127777.1445720005,188136.7823917,4650693.1304227,30659427.708132703,100,0,3
Z3,33,4,720,7520.0,0.100908,74523.32818,75200.0,1.0,2,18.722049,54761.813181,54761.813181,1526903.686801,4127777.1445720005,188136.7823917,4650693.1304227,30659427.708132703,100,0,3
Z3,34,4,720,6728.0,0.100945,66650.156026,67280.0,1.0,2,18.722049,53187.17875,53187.17875,1526903.686801,4127777.1445720005,188136.7823917,4650693.1304227,30659427.708132703,100,0,3
Z3,35,4,720,7224.0,0.100897,71597.768021,72240.0,1.0,2,18.722049,54176.701149,54176.701149,1526903.686801,4127777.1445720005,188136.7823917,4650693.1304227,30659427.708132703,100,0,3
Z3,36,4,720,7256.0,0.100878,71928.468051,72560.0,1.0,2,18.722049,54242.841155,54242.841155,1526903.686801,4127777.1445720005,188136.7823917,4650693.1304227,30659427.708132703,100,0,3
Z3,37,4,720,6544.0,0.103416,63278.40953,63528.0,1.0,2,18.722049,52512.829451,52512.829451,1526903.686801,4127777.1445720005,188136.7823917,4650693.1304227,30659427.708132703,100,0,3
Z3,38,4,720,12272.0,0.100997,121508.55966,122720.0,1.0,2,18.722049,64158.859477,64158.859477,1526903.686801,4127777.1445720005,188136.7823917,4650693.1304227,30659427.708132703,100,0,3
Z1,0,5,720,8792.0,0.325854,26981.408852,27048.0,1.0,2,24.722558,69555.141247,69555.141247,1526903.686801,4127777.1445720005,188136.7823917,4650693.1304227,30659427.708132703,100,0,3
Z2,0,5,720,6624.0,0.323021,20506.406704,20504.0,1.0,2,24.722558,68260.140817,68260.140817,1526903.686801,4127777.1445720005,188136.7823917,4650693.1304227,30659427.708132703,100,0,3
Z2,1,5,720,7616.0,0.100977,75423.116155,76160.0,1.0,2,24.722558,79243.482708,79243.482708,1526903.686801,4127777.1445720005,188136.7823917,4650693.1304227,30659427.708132703,100,0,3
Z2,2,5,720,8816.0,0.100976,87307.875139,88160.0,1.0,2,24.722558,81620.434504,81620.434504,1526903.686801,4127777.1445720005,188136.7823917,4650693.1304227,30659427.708132703,100,0,3
Z2,3,5,720,14976.0,0.101068,148177.464677,148272.0,1.0,2,24.722558,93794.352412,93794.352412,1526903.686801,4127777.1445720005,188136.7823917,4650693.1304227,30659427.708132703,100,0,3
Z2,4,5,720,20272.0,0.101003,200706.909696,200712.0,1.0,2,24.722558,104300.241416,104300.241416,1526903.686801,4127777.1445720005,188136.7823917,4650693.1304227,30659427.708132703,100,0,3
Z2,5,5,720,21272.0,0.100929,210762.020827,212720.0,1.0,2,24.722558,106311.263642,106311.263642,1526903.686801,4127777.1445720005,188136.7823917,4650693.1304227,30659427.708132703,100,0,3
Z2,6,5,720,9680.0,0.10095,95889.053987,96800.0,1.0,2,24.722558,83336.670274,83336.670274,1526903.686801,4127777.1445720005,188136.7823917,4650693.1304227,30659427.708132703,100,0,3
Z2,7,5,720,12888.0,0.101008,127593.853952,127600.0,1.0,2,24.722558,89677.630267,89677.630267,1526903.686801,4127777.1445720005,188136.7823917,4650693.1304227,30659427.708132703,100,0,3
Z3,0,5,720,7712.0,0.322868,23885.92242,23944.0,1.0,2,24.722558,68936.043961,68936.043961,1526903.686801,4127777.1445720005,188136.7823917,4650693.1304227,30659427.708132703,100,0,3
Z3,1,5,720,9624.0,0.100872,95408.041875,96240.0,1.0,2,24.722558,83240.467852,83240.467852,1526903.686801,4127777.1445720005,188136.7823917,4650693.1304227,30659427.708132703,100,0,3
Z3,2,5,720,9096.0,0.101001,90058.514272,90056.0,1.0,2,24.722558,82170.562331,82170.562331,1526903.686801,4127777.1445720005,188136.7823917,4650693.1304227,30659427.708132703,100,0,3
Z3,3,5,720,7632.0,0.429681,17762.014145,17784.0,1.0,2,24.722558,67711.262306,67711.262306,1526903.686801,4127777.1445720005,188136.7823917,4650693.1304227,30659427.708132703,100,0,3
Z3,4,5,720,8304.0,0.100903,82296.85936,83040.0,1.0,2,24.722558,80618.231349,80618.231349,1526903.686801,4127777.1445720005,188136.7823917,4650693.1304227,30659427.708132703,100,0,3
Z3,5,5,720,8504.0,0.100911,84272.279533,85040.0,1.0,2,24.722558,81013.315383,81013.315383,1526903.686801,4127777.1445720005,188136.7823917,4650693.1304227,30659427.708132703,100,0,3
Z3,6,5,720,7384.0,0.100889,73189.346708,73840.0,1.0,2,24.722558,78796.728818,78796.728818,1526903.686801,4127777.1445720005,188136.7823917,4650693.1304227,30659427.708132703,100,0,3
Z3,7,5,720,8968.0,0.100877,88900.343983,89680.0,1.0,2,24.722558,81938.928273,81938.928273,1526903.686801,4127777.1445720005,188136.7823917,4650693.1304227,30659427.708132703,100,0,3
Z3,8,5,720,8912.0,0.100947,88283.950984,89120.0,1.0,2,24.722558,81815.649673,81815.649673,1526903.686801,4127777.1445720005,188136.7823917,4650693.1304227,30659427.708132703,100,0,3
Z3,9,5,720,16688.0,0.100983,165255.538061,166880.0,1.0,2,24.722558,97209.967089,97209.967089,1526903.686801,4127777.1445720005,188136.7823917,4650693.1304227,30659427.708132703,100,0,3
Z3,10,5,720,23832.0,0.101036,235876.321311,235960.0,1.0,2,24.722558,111334.123739,111334.123739,1526903.686801,4127777.1445720005,188136.7823917,4650693.1304227,30659427.708132703,100,0,3
Z3,11,5,720,21144.0,0.101,209346.534653,209344.0,1.0,2,24.722558,106028.166407,106028.166407,1526903.686801,4127777.1445720005,188136.7823917,4650693.1304227,30659427.708132703,100,0,3
Z3,12,5,720,14272.0,0.100983,141330.719032,142720.0,1.0,2,24.722558,92425.003283,92425.003283,1526903.686801,4127777.1445720005,188136.7823917,4650693.1304227,30659427.708132703,100,0,3
Z3,13,5,720,27640.0,0.101147,273265.643074,273656.0,1.0,2,24.722558,118811.988091,118811.988091,1526903.686801,4127777.1445720005,188136.7823917,4650693.1304227,30659427.708132703,100,0,3
Z3,14,5,720,33288.0,0.101073,329346.116173,329584.0,1.0,2,24.722558,130028.082711,130028.082711,1526903.686801,4127777.1445720005,188136.7823917,4650693.1304227,30659427.708132703,100,0,3
Z3,15,5,720,17576.0,0.101019,173987.071739,174016.0,1.0,2,24.722558,98956.273824,98956.273824,1526903.686801,4127777.1445720005,188136.7823917,4650693.1304227,30659427.708132703,100,0,3
Z3,16,5,720,34872.0,0.101104,344912.169647,345264.0,1.0,2,24.722558,133141.293406,133141.293406,1526903.686801,4127777.1445720005,188136.7823917,4650693.1304227,30659427.708132703,100,0,3
Z3,17,5,720,27336.0,0.101062,270487.423562,270648.0,1.0,2,24.722558,118256.344189,118256.344189,1526903.686801,4127777.1445720005,188136.7823917,4650693.1304227,30659427.708132703,100,0,3
Z3,18,5,720,25312.0,0.101026,250549.36353,250608.0,1.0,2,24.722558,114268.732183,114268.732183,1526903.686801,4127777.1445720005,188136.7823917,4650693.1304227,30659427.708132703,100,0,3
Z3,19,5,720,18312.0,0.101046,181224.392851,181304.0,1.0,2,24.722558,100403.738047,100403.738047,1526903.686801,4127777.1445720005,188136.7823917,4650693.1304227,30659427.708132703,100,0,3
Z3,20,5,720,41432.0,0.101144,409633.789449,410216.0,1.0,2,24.722558,146085.617366,146085.617366,1526903.686801,4127777.1445720005,188136.7823917,4650693.1304227,30659427.708132703,100,0,3
Z3,21,5,720,36760.0,0.101085,363654.350299,363960.0,1.0,2,24.722558,136889.729536,136889.729536,1526903.686801,4127777.1445720005,188136.7823917,4650693.1304227,30659427.708132703,100,0,3
Z3,22,5,720,21272.0,0.101032,210547.153377,210608.0,1.0,2,24.722558,106268.290152,106268.290152,1526903.686801,4127777.1445720005,188136.7823917,4650693.1304227,30659427.708132703,100,0,3
Z3,23,5,720,43464.0,0.10115,429698.467622,430336.0,1.0,2,24.722558,150098.553001,150098.553001,1526903.686801,4127777.1445720005,188136.7823917,4650693.1304227,30659427.708132703,100,0,3
Z3,24,5,720,42000.0,0.339771,123612.668533,123888.0,1.0,2,24.722558,88881.393183,88881.393183,1526903.686801,4127777.1445720005,188136.7823917,4650693.1304227,30659427.708132703,100,0,3
Z3,25,5,720,20304.0,0.100987,201055.581411,203040.0,1.0,2,24.722558,104369.975759,104369.975759,1526903.686801,4127777.1445720005,188136.7823917,4650693.1304227,30659427.708132703,100,0,3
Z3,26,5,720,32736.0,0.101088,323836.65717,324112.0,1.0,2,24.722558,128926.190911,128926.190911,1526903.686801,4127777.1445720005,188136.7823917,4650693.1304227,30659427.708132703,100,0,3
Z3,27,5,720,34608.0,0.101089,342351.789018,342648.0,1.0,2,24.722558,132629.21728,132629.21728,1526903.686801,4127777.1445720005,188136.7823917,4650693.1304227,30659427.708132703,100,0,3
Z3,28,5,720,13208.0,0.100821,131004.453437,132080.0,1.0,2,24.722558,90359.750164,90359.750164,1526903.686801,4127777.1445720005,188136.7823917,4650693.1304227,30659427.708132703,100,0,3
Z3,29,5,720,16320.0,0.100834,161850.169586,163200.0,1.0,2,24.722558,96528.893394,96528.893394,1526903.686801,4127777.1445720005,188136.7823917,4650693.1304227,30659427.708132703,100,0,3
Z3,30,5,720,8752.0,0.100919,86723.015488,87520.0,1.0,2,24.722558,81503.462574,81503.462574,1526903.686801,4127777.1445720005,188136.7823917,4650693.1304227,30659427.708132703,100,0,3
Z3,31,5,720,12760.0,0.101,126336.633663,126336.0,1.0,2,24.722558,89426.186209,89426.186209,1526903.686801,4127777.1445720005,188136.7823917,4650693.1304227,30659427.708132703,100,0,3
Z3,32,5,720,15440.0,0.100921,152990.95332,154400.0,1.0,2,24.722558,94757.050141,94757.050141,1526903.686801,4127777.1445720005,188136.7823917,4650693.1304227,30659427.708132703,100,0,3
Z3,33,5,720,10000.0,0.100942,99066.79083,100000.0,1.0,2,24.722558,83972.217643,83972.217643,1526903.686801,4127777.1445720005,188136.7823917,4650693.1304227,30659427.708132703,100,0,3
Z3,34,5,720,15200.0,0.100886,150665.107151,152000.0,1.0,2,24.722558,94291.880907,94291.880907,1526903.686801,4127777.1445720005,188136.7823917,4650693.1304227,30659427.708132703,100,0,3
Z3,35,5,720,18352.0,0.10089,181901.080385,183520.0,1.0,2,24.722558,100539.075554,100539.075554,1526903.686801,4127777.1445720005,188136.7823917,4650693.1304227,30659427.708132703,100,0,3
Z3,36,5,720,11224.0,0.100886,111254.287017,112240.0,1.0,2,24.722558,86409.71688,86409.71688,1526903.686801,4127777.1445720005,188136.7823917,4650693.1304227,30659427.708132703,100,0,3
Z3,37,5,720,23240.0,0.100946,230222.098944,232400.0,1.0,2,24.722558,110203.279265,110203.279265,1526903.686801,4127777.1445720005,188136.7823917,4650693.1304227,30659427.708132703,100,0,3
Z3,38,5,720,16824.0,0.101009,166559.415498,166568.0,1.0,2,24.722558,97470.742576,97470.742576,1526903.686801,4127777.1445720005,188136.7823917,4650693.1304227,30659427.708132703,100,0,3
Z1,0,6,720,7488.0,0.322364,23228.400194,23248.0,1.0,2,30.813821,89482.799662,89482.799662,1526903.686801,4127777.1445720005,188136.7823917,4650693.1304227,30659427.708132703,100,0,3
Z2,0,6,720,6624.0,0.324617,20405.585659,20440.0,1.0,2,30.813821,88918.236755,88918.236755,1526903.686801,4127777.1445720005,188136.7823917,4650693.1304227,30659427.708132703,100,0,3
Z2,1,6,720,6768.0,0.100862,67101.584343,67680.0,1.0,2,30.813821,98257.436492,98257.436492,1526903.686801,4127777.1445720005,188136.7823917,4650693.1304227,30659427.708132703,100,0,3
Z2,2,6,720,7752.0,0.100896,76831.588963,77520.0,1.0,2,30.813821,100203.437416,100203.437416,1526903.686801,4127777.1445720005,188136.7823917,4650693.1304227,30659427.708132703,100,0,3
Z2,3,6,720,10768.0,0.100973,106642.369742,107680.0,1.0,2,30.813821,106165.593572,106165.593572,1526903.686801,4127777.1445720005,188136.7823917,4650693.1304227,30659427.708132703,100,0,3
Z2,4,6,720,14912.0,0.100979,147674.268907,149120.0,1.0,2,30.813821,114371.973405,114371.973405,1526903.686801,4127777.1445720005,188136.7823917,4650693.1304227,30659427.708132703,100,0,3
Z2,5,6,720,14376.0,0.100981,142363.4149,143760.0,1.0,2,30.813821,113309.802603,113309.802603,1526903.686801,4127777.1445720005,188136.7823917,4650693.1304227,30659427.708132703,100,0,3
Z2,6,6,720,7176.0,0.100947,71086.807929,71760.0,1.0,2,30.813821,99054.481209,99054.481209,1526903.686801,4127777.1445720005,188136.7823917,4650693.1304227,30659427.708132703,100,0,3
Z2,7,6,720,8768.0,0.100858,86934.105376,87680.0,1.0,2,30.813821,102223.940698,102223.940698,1526903.686801,4127777.1445720005,188136.7823917,4650693.1304227,30659427.708132703,100,0,3
Z3,0,6,720,6760.0,0.322719,20947.015825,20992.0,1.0,2,30.813821,89026.522788,89026.522788,1526903.686801,4127777.1445720005,188136.7823917,4650693.1304227,30659427.708132703,100,0,3
Z3,1,6,720,8320.0,0.100979,82393.368918,83200.0,1.0,2,30.813821,101315.793407,101315.793407,1526903.686801,4127777.1445720005,188136.7823917,4650693.1304227,30659427.708132703,100,0,3
Z3,2,6,720,7800.0,0.10096,77258.320127,78000.0,1.0,2,30.813821,100288.783649,100288.783649,1526903.686801,4127777.1445720005,188136.7823917,4650693.1304227,30659427.708132703,100,0,3
Z3,3,6,720,6928.0,0.100959,68621.915827,69280.0,1.0,2,30.813821,98561.502789,98561.502789,1526903.686801,4127777.1445720005,188136.7823917,4650693.1304227,30659427.708132703,100,0,3
Z3,4,6,720,7472.0,0.100956,74012.441063,74720.0,1.0,2,30.813821,99639.607836,99639.607836,1526903.686801,4127777.1445720005,188136.7823917,4650693.1304227,30659427.708132703,100,0,3
Z3,5,6,720,7416.0,0.100957,73457.016353,74160.0,1.0,2,30.813821,99528.522894,99528.522894,1526903.686801,4127777.1445720005,188136.7823917,4650693.1304227,30659427.708132703,100,0,3
Z3,6,6,720,6760.0,0.100932,66975.785677,67600.0,1.0,2,30.813821,98232.276759,98232.276759,1526903.686801,4127777.1445720005,188136.7823917,4650693.1304227,30659427.708132703,100,0,3
Z3,7,6,720,7600.0,0.100949,75285.540223,76000.0,1.0,2,30.813821,99894.227668,99894.227668,1526903.686801,4127777.1445720005,188136.7823917,4650693.1304227,30659427.708132703,100,0,3
Z3,8,6,720,7600.0,0.100921,75306.4278,76000.0,1.0,2,30.813821,99898.405183,99898.405183,1526903.686801,4127777.1445720005,188136.7823917,4650693.1304227,30659427.708132703,100,0,3
Z3,9,6,720,12912.0,0.101008,127831.458894,127840.0,1.0,2,30.813821,110403.411402,110403.411402,1526903.686801,4127777.1445720005,188136.7823917,4650693.1304227,30659427.708132703,100,0,3
Z3,10,6,720,17552.0,0.1009,173954.410307,175520.0,1.0,2,30.813821,119628.001685,119628.001685,1526903.686801,4127777.1445720005,188136.7823917,4650693.1304227,30659427.708132703,100,0,3
Z3,11,6,720,14968.0,0.101064,148104.171614,148192.0,1.0,2,30.813821,114457.953946,114457.953946,1526903.686801,4127777.1445720005,188136.7823917,4650693.1304227,30659427.708132703,100,0,3
Z3,12,6,720,10336.0,0.100952,102385.29202,103360.0,1.0,2,30.813821,105314.178027,105314.178027,1526903.686801,4127777.1445720005,188136.7823917,4650693.1304227,30659427.708132703,100,0,3
Z3,13,6,720,18344.0,0.10093,181749.727534,183440.0,1.0,2,30.813821,121187.06513,121187.06513,1526903.686801,4127777.1445720005,188136.7823917,4650693.1304227,30659427.708132703,100,0,3
Z3,14,6,720,20456.0,0.101056,202422.419253,202528.0,1.0,2,30.813821,125321.603474,125321.603474,1526903.686801,4127777.1445720005,188136.7823917,4650693.1304227,30659427.708132703,100,0,3
Z3,15,6,720,12480.0,0.100988,123579.039094,124800.0,1.0,2,30.813821,109552.927442,109552.927442,1526903.686801,4127777.1445720005,188136.7823917,4650693.1304227,30659427.708132703,100,0,3
Z3,16,6,720,18912.0,0.101008,187232.69444,187240.0,1.0,2,30.813821,122283.658511,122283.658511,1526903.686801,4127777.1445720005,188136.7823917,4650693.1304227,30659427.708132703,100,0,3
Z3,17,6,720,16112.0,0.101069,159415.844621,159520.0,1.0,2,30.813821,116720.288547,116720.288547,1526903.686801,4127777.1445720005,188136.7823917,4650693.1304227,30659427.708132703,100,0,3
Z3,18,6,720,17456.0,0.100905,172994.400674,174560.0,1.0,2,30.813821,119435.999758,119435.999758,1526903.686801,4127777.1445720005,188136.7823917,4650693.1304227,30659427.708132703,100,0,3
Z3,19,6,720,16088.0,0.100981,159317.099256,160880.0,1.0,2,30.813821,116700.539474,116700.539474,1526903.686801,4127777.1445720005,188136.7823917,4650693.1304227,30659427.708132703,100,0,3
Z3,20,6,720,31984.0,0.101058,316491.519721,316672.0,1.0,2,30.813821,148135.423567,148135.423567,1526903.686801,4127777.1445720005,188136.7823917,4650693.1304227,30659427.708132703,100,0,3
Z3,21,6,720,21472.0,0.100986,212623.531975,214720.0,1.0,2,30.813821,127361.826018,127361.826018,1526903.686801,4127777.1445720005,188136.7823917,4650693.1304227,30659427.708132703,100,0,3
Z3,22,6,720,19320.0,0.100975,191334.488735,193200.0,1.0,2,30.813821,123104.01737,123104.01737,1526903.686801,4127777.1445720005,188136.7823917,4650693.1304227,30659427.708132703,100,0,3
Z3,23,6,720,33040.0,0.10101,327096.327096,327128.0,1.0,2,30.813821,150256.385042,150256.385042,1526903.686801,4127777.1445720005,188136.7823917,4650693.1304227,30659427.708132703,100,0,3
Z3,24,6,720,26472.0,0.100996,262109.390471,264720.0,1.0,2,30.813821,137258.997717,137258.997717,1526903.686801,4127777.1445720005,188136.7823917,4650693.1304227,30659427.708132703,100,0,3
Z3,25,6,720,12984.0,0.100973,128588.830678,129840.0,1.0,2,30.813821,110554.885759,110554.885759,1526903.686801,4127777.1445720005,188136.7823917,4650693.1304227,30659427.708132703,100,0,3
Z3,26,6,720,21128.0,0.100971,209248.199978,211280.0,1.0,2,30.813821,126686.759619,126686.759619,1526903.686801,4127777.1445720005,188136.7823917,4650693.1304227,30659427.708132703,100,0,3
Z3,27,6,720,21576.0,0.100983,213659.724904,215760.0,1.0,2,30.813821,127569.064604,127569.064604,1526903.686801,4127777.1445720005,188136.7823917,4650693.1304227,30659427.708132703,100,0,3
Z3,28,6,720,9568.0,0.100966,94764.574213,95680.0,1.0,2,30.813821,103790.034466,103790.034466,1526903.686801,4127777.1445720005,188136.7823917,4650693.1304227,30659427.708132703,100,0,3
Z3,29,6,720,12800.0,0.100749,127048.407428,128000.0,1.0,2,30.813821,110246.801109,110246.801109,1526903.686801,4127777.1445720005,188136.7823917,4650693.1304227,30659427.708132703,100,0,3
Z3,30,6,720,7048.0,0.100962,69808.44278,70480.0,1.0,2,30.813821,98798.808179,98798.808179,1526903.686801,4127777.1445720005,188136.7823917,4650693.1304227,30659427.708132703,100,0,3
Z3,31,6,720,8656.0,0.101033,85674.977483,85696.0,1.0,2,30.813821,101972.11512,101972.11512,1526903.686801,4127777.1445720005,188136.7823917,4650693.1304227,30659427.708132703,100,0,3
Z3,32,6,720,9488.0,0.100892,94041.152916,94880.0,1.0,2,30.813821,103645.350206,103645.350206,1526903.686801,4127777.1445720005,188136.7823917,4650693.1304227,30659427.708132703,100,0,3
Z3,33,6,720,8424.0,0.100912,83478.674489,84240.0,1.0,2,30.813821,101532.854521,101532.854521,1526903.686801,4127777.1445720005,188136.7823917,4650693.1304227,30659427.708132703,100,0,3
Z3,34,6,720,9328.0,0.100991,92364.666158,93280.0,1.0,2,30.813821,103310.052855,103310.052855,1526903.686801,4127777.1445720005,188136.7823917,4650693.1304227,30659427.708132703,100,0,3
Z3,35,6,720,8680.0,0.100863,86057.325283,86800.0,1.0,2,30.813821,102048.58468,102048.58468,1526903.686801,4127777.1445720005,188136.7823917,4650693.1304227,30659427.708132703,100,0,3
Z3,36,6,720,7160.0,0.100914,70951.50326,71600.0,1.0,2,30.813821,99027.420275,99027.420275,1526903.686801,4127777.1445720005,188136.7823917,4650693.1304227,30659427.708132703,100,0,3
Z3,37,6,720,10360.0,0.100919,102656.585975,103600.0,1.0,2,30.813821,105368.436818,105368.436818,1526903.686801,4127777.1445720005,188136.7823917,4650693.1304227,30659427.708132703,100,0,3
Z3,38,6,720,9048.0,0.100787,89773.482691,90480.0,1.0,2,30.813821,102791.816161,102791.816161,1526903.686801,4127777.1445720005,188136.7823917,4650693.1304227,30659427.708132703,100,0,3
