Zone, Tile_no, Seg_no, Reso, Seg_d_size, Seg_d_time, Bitrate, Bitrate1, Buf_lev, Buf_limit, Elapsed, Ref_vp, Local_avg
Z1, 0, 1, 720, 9960.000000, 0.172416, 57767.260579, 57904.000000, 1.000000, 2, 0.000054, 57767.260579, 57767.260579
Z2, 0, 1, 720, 8952.000000, 0.173012, 51742.075694, 51744.000000, 1.000000, 2, 0.000054, 25871.037847, 25871.037847
Z2, 1, 1, 720, 5424.000000, 0.050943, 106471.939226, 108480.000000, 1.000000, 2, 0.000054, 35490.646409, 35490.646409
Z2, 2, 1, 720, 7080.000000, 0.050869, 139181.033635, 141600.000000, 1.000000, 2, 0.000054, 34795.258409, 34795.258409
Z2, 3, 1, 720, 18976.000000, 0.051038, 371801.402876, 372072.000000, 1.000000, 2, 0.000054, 74360.280575, 74360.280575
Z2, 4, 1, 720, 8720.000000, 0.050993, 171003.863275, 174400.000000, 1.000000, 2, 0.000054, 34200.772655, 34200.772655
Z2, 5, 1, 720, 8336.000000, 0.050924, 163694.917917, 166720.000000, 1.000000, 2, 0.000054, 32738.983583, 32738.983583
Z2, 6, 1, 720, 6376.000000, 0.050868, 125344.027679, 127520.000000, 1.000000, 2, 0.000054, 25068.805536, 25068.805536
Z2, 7, 1, 720, 6872.000000, 0.050945, 134890.568260, 137440.000000, 1.000000, 2, 0.000054, 26978.113652, 26978.113652
Z3, 0, 1, 720, 7080.000000, 0.173888, 40715.863084, 40920.000000, 1.000000, 2, 0.000054, 8143.172617, 8143.172617
Z3, 1, 1, 720, 7080.000000, 0.050894, 139112.665540, 141600.000000, 1.000000, 2, 0.000054, 27822.533108, 27822.533108
Z3, 2, 1, 720, 5664.000000, 0.050914, 111246.415524, 113280.000000, 1.000000, 2, 0.000054, 22249.283105, 22249.283105
Z3, 3, 1, 720, 7080.000000, 0.050996, 138834.418386, 141600.000000, 1.000000, 2, 0.000054, 27766.883677, 27766.883677
Z3, 4, 1, 720, 7080.000000, 0.050982, 138872.543251, 141600.000000, 1.000000, 2, 0.000054, 27774.508650, 27774.508650
Z3, 5, 1, 720, 5664.000000, 0.050989, 111082.782561, 113280.000000, 1.000000, 2, 0.000054, 22216.556512, 22216.556512
Z3, 6, 1, 720, 7080.000000, 0.051012, 138790.872736, 138816.000000, 1.000000, 2, 0.000054, 27758.174547, 27758.174547
Z3, 7, 1, 720, 7080.000000, 0.051049, 138690.277968, 138816.000000, 1.000000, 2, 0.000054, 27738.055594, 27738.055594
Z3, 8, 1, 720, 5664.000000, 0.050986, 111089.318636, 113280.000000, 1.000000, 2, 0.000054, 22217.863727, 22217.863727
Z3, 9, 1, 720, 7080.000000, 0.050998, 138828.973685, 141600.000000, 1.000000, 2, 0.000054, 27765.794737, 27765.794737
Z3, 10, 1, 720, 12904.000000, 0.214744, 60090.153858, 60296.000000, 1.000000, 2, 0.000054, 12018.030772, 12018.030772
Z3, 11, 1, 720, 17344.000000, 0.051030, 339878.502841, 340072.000000, 1.000000, 2, 0.000054, 67975.700568, 67975.700568
Z3, 12, 1, 720, 16912.000000, 0.051072, 331140.350877, 331600.000000, 1.000000, 2, 0.000054, 66228.070175, 66228.070175
Z3, 13, 1, 720, 13240.000000, 0.051057, 259318.017118, 259600.000000, 1.000000, 2, 0.000054, 51863.603424, 51863.603424
Z3, 14, 1, 720, 28328.000000, 0.051124, 554103.747751, 555448.000000, 1.000000, 2, 0.000054, 110820.749550, 110820.749550
Z3, 15, 1, 720, 30528.000000, 0.051078, 597674.145425, 598584.000000, 1.000000, 2, 0.000054, 119534.829085, 119534.829085
Z3, 16, 1, 720, 16360.000000, 0.051055, 320438.742533, 320784.000000, 1.000000, 2, 0.000054, 64087.748507, 64087.748507
Z3, 17, 1, 720, 33216.000000, 0.051086, 650197.705829, 651288.000000, 1.000000, 2, 0.000054, 130039.541166, 130039.541166
Z3, 18, 1, 720, 28000.000000, 0.051123, 547698.687479, 549016.000000, 1.000000, 2, 0.000054, 109539.737496, 109539.737496
Z3, 19, 1, 720, 15744.000000, 0.051038, 308476.037462, 308704.000000, 1.000000, 2, 0.000054, 61695.207492, 61695.207492
Z3, 20, 1, 720, 16024.000000, 0.050871, 314992.824989, 320480.000000, 1.000000, 2, 0.000054, 62998.564998, 62998.564998
Z3, 21, 1, 720, 11576.000000, 0.050956, 227176.387472, 231520.000000, 1.000000, 2, 0.000054, 45435.277494, 45435.277494
Z3, 22, 1, 720, 10816.000000, 0.050861, 212658.028745, 216320.000000, 1.000000, 2, 0.000054, 42531.605749, 42531.605749
Z3, 23, 1, 720, 13224.000000, 0.051011, 259238.203525, 259288.000000, 1.000000, 2, 0.000054, 51847.640705, 51847.640705
Z3, 24, 1, 720, 17528.000000, 0.050975, 343854.830799, 350560.000000, 1.000000, 2, 0.000054, 68770.966160, 68770.966160
Z3, 25, 1, 720, 23824.000000, 0.050976, 467357.187696, 476480.000000, 1.000000, 2, 0.000054, 93471.437539, 93471.437539
Z3, 26, 1, 720, 11024.000000, 0.050942, 216402.968081, 220480.000000, 1.000000, 2, 0.000054, 43280.593616, 43280.593616
Z3, 27, 1, 720, 15112.000000, 0.050996, 296336.967605, 302240.000000, 1.000000, 2, 0.000054, 59267.393521, 59267.393521
Z3, 28, 1, 720, 24552.000000, 0.051042, 481015.634184, 481408.000000, 1.000000, 2, 0.000054, 96203.126837, 96203.126837
Z3, 29, 1, 720, 10824.000000, 0.050907, 212623.018445, 216480.000000, 1.000000, 2, 0.000054, 42524.603689, 42524.603689
Z3, 30, 1, 720, 6872.000000, 0.050957, 134858.802520, 137440.000000, 1.000000, 2, 0.000054, 26971.760504, 26971.760504
Z3, 31, 1, 720, 6872.000000, 0.050935, 134917.051144, 137440.000000, 1.000000, 2, 0.000054, 26983.410229, 26983.410229
Z3, 32, 1, 720, 6376.000000, 0.050924, 125206.189616, 127520.000000, 1.000000, 2, 0.000054, 25041.237923, 25041.237923
Z3, 33, 1, 720, 6872.000000, 0.326815, 21027.186635, 21072.000000, 1.000000, 2, 0.000054, 4205.437327, 4205.437327
Z3, 34, 1, 720, 6872.000000, 0.050980, 134797.959984, 137440.000000, 1.000000, 2, 0.000054, 26959.591997, 26959.591997
Z3, 35, 1, 720, 6376.000000, 0.050943, 125159.491981, 127520.000000, 1.000000, 2, 0.000054, 25031.898396, 25031.898396
Z3, 36, 1, 720, 6872.000000, 0.050940, 134903.808402, 137440.000000, 1.000000, 2, 0.000054, 26980.761680, 26980.761680
Z3, 37, 1, 720, 6872.000000, 0.050995, 134758.309638, 137440.000000, 1.000000, 2, 0.000054, 26951.661928, 26951.661928
Z3, 38, 1, 720, 6376.000000, 0.051001, 125017.156526, 125016.000000, 1.000000, 2, 0.000054, 25003.431305, 25003.431305
Z1, 0, 2, 720, 9320.000000, 0.172154, 54137.574497, 54184.000000, 1.000000, 2, 3.260157, 35830.946205, 35830.946205
Z2, 0, 2, 720, 6624.000000, 0.172168, 38474.048604, 38504.000000, 1.000000, 2, 3.260157, 32698.241026, 32698.241026
Z2, 1, 2, 720, 5424.000000, 0.304274, 17826.038373, 17840.000000, 1.000000, 2, 3.260157, 28568.638980, 28568.638980
Z2, 2, 2, 720, 7080.000000, 0.050883, 139142.739225, 141600.000000, 1.000000, 2, 3.260157, 52831.979150, 52831.979150
Z2, 3, 2, 720, 18392.000000, 0.051039, 360351.887772, 360624.000000, 1.000000, 2, 3.260157, 97073.808860, 97073.808860
Z2, 4, 2, 720, 9160.000000, 0.051024, 179523.361555, 179600.000000, 1.000000, 2, 3.260157, 60908.103616, 60908.103616
Z2, 5, 2, 720, 8048.000000, 0.050935, 158005.300874, 160960.000000, 1.000000, 2, 3.260157, 56604.491480, 56604.491480
Z2, 6, 2, 720, 6376.000000, 0.050847, 125395.795229, 127520.000000, 1.000000, 2, 3.260157, 50082.590351, 50082.590351
Z2, 7, 2, 720, 6872.000000, 0.050925, 134943.544428, 137440.000000, 1.000000, 2, 3.260157, 51992.140191, 51992.140191
Z3, 0, 2, 720, 7080.000000, 0.173818, 40732.260180, 40920.000000, 1.000000, 2, 3.260157, 33149.883341, 33149.883341
Z3, 1, 2, 720, 7080.000000, 0.050916, 139052.557153, 141600.000000, 1.000000, 2, 3.260157, 52813.942736, 52813.942736
Z3, 2, 2, 720, 5664.000000, 0.050996, 111067.534709, 113280.000000, 1.000000, 2, 3.260157, 47216.938247, 47216.938247
Z3, 3, 2, 720, 7080.000000, 0.050891, 139120.866165, 141600.000000, 1.000000, 2, 3.260157, 52827.604538, 52827.604538
Z3, 4, 2, 720, 7080.000000, 0.050944, 138976.130653, 141600.000000, 1.000000, 2, 3.260157, 52798.657436, 52798.657436
Z3, 5, 2, 720, 5664.000000, 0.050959, 111148.177947, 113280.000000, 1.000000, 2, 3.260157, 47233.066895, 47233.066895
Z3, 6, 2, 720, 7080.000000, 0.050903, 139088.069465, 141600.000000, 1.000000, 2, 3.260157, 52821.045198, 52821.045198
Z3, 7, 2, 720, 7080.000000, 0.050944, 138976.130653, 141600.000000, 1.000000, 2, 3.260157, 52798.657436, 52798.657436
Z3, 8, 2, 720, 5664.000000, 0.050893, 111292.319179, 113280.000000, 1.000000, 2, 3.260157, 47261.895141, 47261.895141
Z3, 9, 2, 720, 7080.000000, 0.050861, 139202.925621, 141600.000000, 1.000000, 2, 3.260157, 52844.016429, 52844.016429
Z3, 10, 2, 720, 12648.000000, 0.050903, 248472.585113, 252960.000000, 1.000000, 2, 3.260157, 74697.948328, 74697.948328
Z3, 11, 2, 720, 17112.000000, 0.050899, 336195.210122, 342240.000000, 1.000000, 2, 3.260157, 92242.473330, 92242.473330
Z3, 12, 2, 720, 15320.000000, 0.050961, 300622.044308, 306400.000000, 1.000000, 2, 3.260157, 85127.840167, 85127.840167
Z3, 13, 2, 720, 10704.000000, 0.050941, 210125.439234, 214080.000000, 1.000000, 2, 3.260157, 67028.519152, 67028.519152
Z3, 14, 2, 720, 18776.000000, 0.050929, 368670.109368, 375520.000000, 1.000000, 2, 3.260157, 98737.453179, 98737.453179
Z3, 15, 2, 720, 21848.000000, 0.050725, 430714.637753, 436960.000000, 1.000000, 2, 3.260157, 111146.358856, 111146.358856
Z3, 16, 2, 720, 12752.000000, 0.050845, 250801.455404, 255040.000000, 1.000000, 2, 3.260157, 75163.722386, 75163.722386
Z3, 17, 2, 720, 21856.000000, 0.050958, 428902.233212, 437120.000000, 1.000000, 2, 3.260157, 110783.877948, 110783.877948
Z3, 18, 2, 720, 16880.000000, 0.050845, 331989.379487, 337600.000000, 1.000000, 2, 3.260157, 91401.307203, 91401.307203
Z3, 19, 2, 720, 12128.000000, 0.050823, 238632.115381, 242560.000000, 1.000000, 2, 3.260157, 72729.854381, 72729.854381
Z3, 20, 2, 720, 15344.000000, 0.050869, 301637.539562, 306880.000000, 1.000000, 2, 3.260157, 85330.939218, 85330.939218
Z3, 21, 2, 720, 11592.000000, 0.050842, 228000.472051, 231840.000000, 1.000000, 2, 3.260157, 70603.525715, 70603.525715
Z3, 22, 2, 720, 9952.000000, 0.050945, 195347.924232, 199040.000000, 1.000000, 2, 3.260157, 64073.016152, 64073.016152
Z3, 23, 2, 720, 11064.000000, 0.050800, 217795.275591, 221280.000000, 1.000000, 2, 3.260157, 68562.486423, 68562.486423
Z3, 24, 2, 720, 14728.000000, 0.050777, 290052.582862, 294560.000000, 1.000000, 2, 3.260157, 83013.947878, 83013.947878
Z3, 25, 2, 720, 16264.000000, 0.050908, 319478.274534, 325280.000000, 1.000000, 2, 3.260157, 88899.086212, 88899.086212
Z3, 26, 2, 720, 9504.000000, 0.050816, 187027.707809, 190080.000000, 1.000000, 2, 3.260157, 62408.972867, 62408.972867
Z3, 27, 2, 720, 12688.000000, 0.050908, 249233.912155, 253760.000000, 1.000000, 2, 3.260157, 74850.213736, 74850.213736
Z3, 28, 2, 720, 17320.000000, 0.050795, 340978.442760, 346400.000000, 1.000000, 2, 3.260157, 93199.119857, 93199.119857
Z3, 29, 2, 720, 10632.000000, 0.050886, 208937.625280, 212640.000000, 1.000000, 2, 3.260157, 66790.956361, 66790.956361
Z3, 30, 2, 720, 6872.000000, 0.050871, 135086.788150, 137440.000000, 1.000000, 2, 3.260157, 52020.788935, 52020.788935
Z3, 31, 2, 720, 6872.000000, 0.050843, 135161.182464, 137440.000000, 1.000000, 2, 3.260157, 52035.667798, 52035.667798
Z3, 32, 2, 720, 6376.000000, 0.050761, 125608.242548, 127520.000000, 1.000000, 2, 3.260157, 50125.079815, 50125.079815
Z3, 33, 2, 720, 6872.000000, 0.305817, 22470.954852, 22528.000000, 1.000000, 2, 3.260157, 29497.622276, 29497.622276
Z3, 34, 2, 720, 6872.000000, 0.050837, 135177.134764, 137440.000000, 1.000000, 2, 3.260157, 52038.858258, 52038.858258
Z3, 35, 2, 720, 6376.000000, 0.309115, 20626.627630, 20632.000000, 1.000000, 2, 3.260157, 29128.756831, 29128.756831
Z3, 36, 2, 720, 6872.000000, 0.311966, 22028.041517, 22096.000000, 1.000000, 2, 3.260157, 29409.039609, 29409.039609
Z3, 37, 2, 720, 6872.000000, 0.050893, 135028.392903, 137440.000000, 1.000000, 2, 3.260157, 52009.109886, 52009.109886
Z3, 38, 2, 720, 6376.000000, 0.050817, 125469.823091, 127520.000000, 1.000000, 2, 3.260157, 50097.395923, 50097.395923
Z1, 0, 3, 720, 15304.000000, 0.172595, 88670.007822, 88976.000000, 1.000000, 2, 7.103146, 67831.397488, 67831.397488
Z2, 0, 3, 720, 6624.000000, 0.172297, 38445.242807, 38504.000000, 1.000000, 2, 7.103146, 57786.444485, 57786.444485
Z2, 1, 3, 720, 5664.000000, 0.050887, 111305.441468, 113280.000000, 1.000000, 2, 7.103146, 72358.484217, 72358.484217
Z2, 2, 3, 720, 7080.000000, 0.050940, 138987.043581, 141600.000000, 1.000000, 2, 7.103146, 77894.804640, 77894.804640
Z2, 3, 3, 720, 7080.000000, 0.051006, 138807.199153, 138816.000000, 1.000000, 2, 7.103146, 77858.835754, 77858.835754
Z2, 4, 3, 720, 12544.000000, 0.051000, 245960.784314, 245960.000000, 1.000000, 2, 7.103146, 99289.552786, 99289.552786
Z2, 5, 3, 720, 18632.000000, 0.051016, 365218.754900, 365328.000000, 1.000000, 2, 7.103146, 123141.146903, 123141.146903
Z2, 6, 3, 720, 10240.000000, 0.050913, 201127.413431, 204800.000000, 1.000000, 2, 7.103146, 90322.878610, 90322.878610
Z2, 7, 3, 720, 8424.000000, 0.050951, 165335.322172, 168480.000000, 1.000000, 2, 7.103146, 83164.460358, 83164.460358
Z3, 0, 3, 720, 5424.000000, 0.249457, 21743.226287, 21776.000000, 1.000000, 2, 7.103146, 54446.041181, 54446.041181
Z3, 1, 3, 720, 7080.000000, 0.050910, 139068.945197, 141600.000000, 1.000000, 2, 7.103146, 77911.184963, 77911.184963
Z3, 2, 3, 720, 7080.000000, 0.050916, 139052.557153, 141600.000000, 1.000000, 2, 7.103146, 77907.907354, 77907.907354
Z3, 3, 3, 720, 5664.000000, 0.050921, 111231.122720, 113280.000000, 1.000000, 2, 7.103146, 72343.620467, 72343.620467
Z3, 4, 3, 720, 7080.000000, 0.050958, 138937.948899, 141600.000000, 1.000000, 2, 7.103146, 77884.985703, 77884.985703
Z3, 5, 3, 720, 7080.000000, 0.050941, 138984.315188, 141600.000000, 1.000000, 2, 7.103146, 77894.258961, 77894.258961
Z3, 6, 3, 720, 5664.000000, 0.050929, 111213.650376, 113280.000000, 1.000000, 2, 7.103146, 72340.125999, 72340.125999
Z3, 7, 3, 720, 7080.000000, 0.050932, 139008.874578, 141600.000000, 1.000000, 2, 7.103146, 77899.170839, 77899.170839
Z3, 8, 3, 720, 7080.000000, 0.050940, 138987.043581, 141600.000000, 1.000000, 2, 7.103146, 77894.804640, 77894.804640
Z3, 9, 3, 720, 14120.000000, 0.051010, 276808.468928, 276856.000000, 1.000000, 2, 7.103146, 105459.089709, 105459.089709
Z3, 10, 3, 720, 17536.000000, 0.050934, 344288.687321, 350720.000000, 1.000000, 2, 7.103146, 118955.133388, 118955.133388
Z3, 11, 3, 720, 16008.000000, 0.050975, 314036.292300, 320160.000000, 1.000000, 2, 7.103146, 112904.654383, 112904.654383
Z3, 12, 3, 720, 10896.000000, 0.050953, 213844.130866, 217920.000000, 1.000000, 2, 7.103146, 92866.222097, 92866.222097
Z3, 13, 3, 720, 19720.000000, 0.050939, 387129.704156, 394400.000000, 1.000000, 2, 7.103146, 127523.336755, 127523.336755
Z3, 14, 3, 720, 20104.000000, 0.050897, 394993.811030, 402080.000000, 1.000000, 2, 7.103146, 129096.158129, 129096.158129
Z3, 15, 3, 720, 12504.000000, 0.050977, 245287.090256, 250080.000000, 1.000000, 2, 7.103146, 99154.813975, 99154.813975
Z3, 16, 3, 720, 23072.000000, 0.051023, 452188.228838, 452392.000000, 1.000000, 2, 7.103146, 140535.041691, 140535.041691
Z3, 17, 3, 720, 18112.000000, 0.051019, 355004.998138, 355136.000000, 1.000000, 2, 7.103146, 121098.395551, 121098.395551
Z3, 18, 3, 720, 9664.000000, 0.050990, 189527.358306, 193280.000000, 1.000000, 2, 7.103146, 88002.867585, 88002.867585
Z3, 19, 3, 720, 12280.000000, 0.050980, 240878.775991, 245600.000000, 1.000000, 2, 7.103146, 98273.151122, 98273.151122
Z3, 20, 3, 720, 10368.000000, 0.050925, 203593.519882, 207360.000000, 1.000000, 2, 7.103146, 90816.099900, 90816.099900
Z3, 21, 3, 720, 10520.000000, 0.050849, 206887.057759, 210400.000000, 1.000000, 2, 7.103146, 91474.807475, 91474.807475
Z3, 22, 3, 720, 15288.000000, 0.050996, 299788.218684, 305760.000000, 1.000000, 2, 7.103146, 110055.039660, 110055.039660
Z3, 23, 3, 720, 16344.000000, 0.050946, 320810.269697, 326880.000000, 1.000000, 2, 7.103146, 114259.449863, 114259.449863
Z3, 24, 3, 720, 9016.000000, 0.050915, 177079.446136, 180320.000000, 1.000000, 2, 7.103146, 85513.285151, 85513.285151
Z3, 25, 3, 720, 13800.000000, 0.050982, 270683.770743, 276000.000000, 1.000000, 2, 7.103146, 104234.150072, 104234.150072
Z3, 26, 3, 720, 17664.000000, 0.051029, 346156.107312, 346352.000000, 1.000000, 2, 7.103146, 119328.617386, 119328.617386
Z3, 27, 3, 720, 9896.000000, 0.050963, 194180.091439, 197920.000000, 1.000000, 2, 7.103146, 88933.414211, 88933.414211
Z3, 28, 3, 720, 6376.000000, 0.050827, 125445.137427, 127520.000000, 1.000000, 2, 7.103146, 75186.423409, 75186.423409
Z3, 29, 3, 720, 6872.000000, 0.050898, 135015.128296, 137440.000000, 1.000000, 2, 7.103146, 77100.421583, 77100.421583
Z3, 30, 3, 720, 6872.000000, 0.050933, 134922.348968, 137440.000000, 1.000000, 2, 7.103146, 77081.865717, 77081.865717
Z3, 31, 3, 720, 6376.000000, 0.050984, 125058.841990, 127520.000000, 1.000000, 2, 7.103146, 75109.164321, 75109.164321
Z3, 32, 3, 720, 6872.000000, 0.050916, 134967.397282, 137440.000000, 1.000000, 2, 7.103146, 77090.875380, 77090.875380
Z3, 33, 3, 720, 6872.000000, 0.050945, 134890.568260, 137440.000000, 1.000000, 2, 7.103146, 77075.509575, 77075.509575
Z3, 34, 3, 720, 6376.000000, 0.050942, 125161.948883, 127520.000000, 1.000000, 2, 7.103146, 75129.785700, 75129.785700
Z3, 35, 3, 720, 6872.000000, 0.050931, 134927.647209, 137440.000000, 1.000000, 2, 7.103146, 77082.925365, 77082.925365
Z3, 36, 3, 720, 6872.000000, 0.050943, 134895.864005, 137440.000000, 1.000000, 2, 7.103146, 77076.568724, 77076.568724
Z3, 37, 3, 720, 6376.000000, 0.050949, 125144.752596, 127520.000000, 1.000000, 2, 7.103146, 75126.346443, 75126.346443
Z3, 38, 3, 720, 6872.000000, 0.050920, 134956.794973, 137440.000000, 1.000000, 2, 7.103146, 77088.754918, 77088.754918
Z1, 0, 4, 720, 22592.000000, 0.172851, 130702.165449, 131344.000000, 1.000000, 2, 9.998058, 103229.188008, 103229.188008
Z2, 0, 4, 720, 6624.000000, 1.188544, 5573.205536, 5568.000000, 1.000000, 2, 9.998058, 78203.396025, 78203.396025
Z2, 1, 4, 720, 6648.000000, 0.050955, 130468.060053, 132960.000000, 1.000000, 2, 9.998058, 103182.366929, 103182.366929
Z2, 2, 4, 720, 7200.000000, 0.050923, 141389.941677, 144000.000000, 1.000000, 2, 9.998058, 105366.743253, 105366.743253
Z2, 3, 4, 720, 7296.000000, 0.051010, 143030.778279, 143056.000000, 1.000000, 2, 9.998058, 105694.910574, 105694.910574
Z2, 4, 4, 720, 17272.000000, 0.051080, 338136.256852, 338664.000000, 1.000000, 2, 9.998058, 144716.006288, 144716.006288
Z2, 5, 4, 720, 26240.000000, 0.051077, 513734.166063, 514504.000000, 1.000000, 2, 9.998058, 179835.588131, 179835.588131
Z2, 6, 4, 720, 12720.000000, 0.051025, 249289.563939, 249408.000000, 1.000000, 2, 9.998058, 126946.667706, 126946.667706
Z2, 7, 4, 720, 11496.000000, 0.050979, 225504.619549, 229920.000000, 1.000000, 2, 9.998058, 122189.678828, 122189.678828
Z3, 0, 4, 720, 6448.000000, 0.173746, 37111.645736, 37264.000000, 1.000000, 2, 9.998058, 84511.084065, 84511.084065
Z3, 1, 4, 720, 7448.000000, 0.051015, 145996.275605, 146032.000000, 1.000000, 2, 9.998058, 106288.010039, 106288.010039
Z3, 2, 4, 720, 7424.000000, 0.051004, 145557.211199, 145568.000000, 1.000000, 2, 9.998058, 106200.197158, 106200.197158
Z3, 3, 4, 720, 6648.000000, 0.051004, 130342.718218, 130352.000000, 1.000000, 2, 9.998058, 103157.298562, 103157.298562
Z3, 4, 4, 720, 7224.000000, 0.050842, 142087.250698, 144480.000000, 1.000000, 2, 9.998058, 105506.205058, 105506.205058
Z3, 5, 4, 720, 7240.000000, 0.050907, 142220.126898, 144800.000000, 1.000000, 2, 9.998058, 105532.780298, 105532.780298
Z3, 6, 4, 720, 6648.000000, 0.050985, 130391.291556, 132960.000000, 1.000000, 2, 9.998058, 103167.013229, 103167.013229
Z3, 7, 4, 720, 7232.000000, 0.050944, 141959.798995, 144640.000000, 1.000000, 2, 9.998058, 105480.714717, 105480.714717
Z3, 8, 4, 720, 7296.000000, 0.050897, 143348.330943, 145920.000000, 1.000000, 2, 9.998058, 105758.421106, 105758.421106
Z3, 9, 4, 720, 16456.000000, 0.051050, 322350.636631, 322664.000000, 1.000000, 2, 9.998058, 141558.882244, 141558.882244
Z3, 10, 4, 720, 25392.000000, 0.051090, 497005.284792, 497880.000000, 1.000000, 2, 9.998058, 176489.811876, 176489.811876
Z3, 11, 4, 720, 21592.000000, 0.051061, 422866.767200, 423368.000000, 1.000000, 2, 9.998058, 161662.108358, 161662.108358
Z3, 12, 4, 720, 13528.000000, 0.051059, 264948.393036, 265248.000000, 1.000000, 2, 9.998058, 130078.433525, 130078.433525
Z3, 13, 4, 720, 29512.000000, 0.051108, 577443.844408, 578664.000000, 1.000000, 2, 9.998058, 192577.523799, 192577.523799
Z3, 14, 4, 720, 29688.000000, 0.051104, 580932.999374, 582112.000000, 1.000000, 2, 9.998058, 193275.354793, 193275.354793
Z3, 15, 4, 720, 16760.000000, 0.051045, 328337.741209, 328624.000000, 1.000000, 2, 9.998058, 142756.303160, 142756.303160
Z3, 16, 4, 720, 33128.000000, 0.266089, 124499.697470, 124536.000000, 1.000000, 2, 9.998058, 101988.694412, 101988.694412
Z3, 17, 4, 720, 26248.000000, 0.051082, 513840.491758, 514664.000000, 1.000000, 2, 9.998058, 179856.853270, 179856.853270
Z3, 18, 4, 720, 14624.000000, 0.051048, 286475.474064, 286744.000000, 1.000000, 2, 9.998058, 134383.849731, 134383.849731
Z3, 19, 4, 720, 26816.000000, 0.051029, 525505.104940, 525800.000000, 1.000000, 2, 9.998058, 182189.775906, 182189.775906
Z3, 20, 4, 720, 23128.000000, 0.051113, 452487.625457, 453488.000000, 1.000000, 2, 9.998058, 167586.280009, 167586.280009
Z3, 21, 4, 720, 19440.000000, 0.051089, 380512.439077, 381176.000000, 1.000000, 2, 9.998058, 153191.242733, 153191.242733
Z3, 22, 4, 720, 29088.000000, 0.176688, 164629.176854, 165272.000000, 1.000000, 2, 9.998058, 110014.590289, 110014.590289
Z3, 23, 4, 720, 29840.000000, 0.052101, 572733.728719, 573840.000000, 1.000000, 2, 9.998058, 191635.500662, 191635.500662
Z3, 24, 4, 720, 17200.000000, 0.051044, 336964.187760, 337248.000000, 1.000000, 2, 9.998058, 144481.592470, 144481.592470
Z3, 25, 4, 720, 25664.000000, 0.051024, 502978.990279, 503208.000000, 1.000000, 2, 9.998058, 177684.552974, 177684.552974
Z3, 26, 4, 720, 26808.000000, 0.051061, 525019.094808, 525640.000000, 1.000000, 2, 9.998058, 182092.573880, 182092.573880
Z3, 27, 4, 720, 17472.000000, 0.051016, 342480.790340, 342584.000000, 1.000000, 2, 9.998058, 145584.912986, 145584.912986
Z3, 28, 4, 720, 6448.000000, 0.050899, 126682.253089, 128960.000000, 1.000000, 2, 9.998058, 102425.205536, 102425.205536
Z3, 29, 4, 720, 7200.000000, 0.050990, 141204.157678, 144000.000000, 1.000000, 2, 9.998058, 105329.586454, 105329.586454
Z3, 30, 4, 720, 7520.000000, 0.050971, 147534.872771, 150400.000000, 1.000000, 2, 9.998058, 106595.729472, 106595.729472
Z3, 31, 4, 720, 6728.000000, 0.050988, 131952.616302, 134560.000000, 1.000000, 2, 9.998058, 103479.278178, 103479.278178
Z3, 32, 4, 720, 7224.000000, 0.304973, 23687.342814, 23760.000000, 1.000000, 2, 9.998058, 81826.223481, 81826.223481
Z3, 33, 4, 720, 7256.000000, 0.050947, 142422.517518, 145120.000000, 1.000000, 2, 9.998058, 105573.258422, 105573.258422
Z3, 34, 4, 720, 6544.000000, 0.050941, 128462.338784, 130880.000000, 1.000000, 2, 9.998058, 102781.222675, 102781.222675
Z3, 35, 4, 720, 12272.000000, 0.051010, 240580.278377, 240624.000000, 1.000000, 2, 9.998058, 125204.810593, 125204.810593
Z3, 36, 4, 720, 8544.000000, 0.050926, 167772.846876, 170880.000000, 1.000000, 2, 9.998058, 110643.324293, 110643.324293
Z3, 37, 4, 720, 6424.000000, 0.050895, 126220.650359, 128480.000000, 1.000000, 2, 9.998058, 102332.884990, 102332.884990
Z3, 38, 4, 720, 6872.000000, 0.050979, 134800.604170, 137440.000000, 1.000000, 2, 9.998058, 104048.875752, 104048.875752
Z1, 0, 5, 720, 8792.000000, 0.172699, 50909.385694, 51112.000000, 1.000000, 2, 14.430910, 114230.752891, 114230.752891
Z2, 0, 5, 720, 6624.000000, 0.173461, 38187.258231, 38288.000000, 1.000000, 2, 14.430910, 111686.327398, 111686.327398
Z2, 1, 5, 720, 7616.000000, 0.050875, 149700.245700, 152320.000000, 1.000000, 2, 14.430910, 133988.924892, 133988.924892
Z2, 2, 5, 720, 8816.000000, 0.050829, 173444.293612, 176320.000000, 1.000000, 2, 14.430910, 138737.734474, 138737.734474
Z2, 3, 5, 720, 14976.000000, 0.050898, 294235.529883, 299520.000000, 1.000000, 2, 14.430910, 162895.981729, 162895.981729
Z2, 4, 5, 720, 20272.000000, 0.050860, 398584.349194, 405440.000000, 1.000000, 2, 14.430910, 183765.745591, 183765.745591
Z2, 5, 5, 720, 21272.000000, 0.050967, 417368.100928, 425440.000000, 1.000000, 2, 14.430910, 187522.495938, 187522.495938
Z2, 6, 5, 720, 9680.000000, 0.050870, 190288.971889, 193600.000000, 1.000000, 2, 14.430910, 142106.670130, 142106.670130
Z2, 7, 5, 720, 12888.000000, 0.050807, 253665.833448, 257760.000000, 1.000000, 2, 14.430910, 154782.042442, 154782.042442
Z3, 0, 5, 720, 7712.000000, 0.173962, 44331.520677, 44576.000000, 1.000000, 2, 14.430910, 112915.179887, 112915.179887
Z3, 1, 5, 720, 9624.000000, 0.051016, 188646.699075, 188704.000000, 1.000000, 2, 14.430910, 141778.215567, 141778.215567
Z3, 2, 5, 720, 9096.000000, 0.050957, 178503.444080, 181920.000000, 1.000000, 2, 14.430910, 139749.564568, 139749.564568
Z3, 3, 5, 720, 7632.000000, 0.050946, 149805.676599, 152640.000000, 1.000000, 2, 14.430910, 134010.011072, 134010.011072
Z3, 4, 5, 720, 8304.000000, 0.050973, 162909.775764, 166080.000000, 1.000000, 2, 14.430910, 136630.830905, 136630.830905
Z3, 5, 5, 720, 8504.000000, 0.050937, 166951.332038, 170080.000000, 1.000000, 2, 14.430910, 137439.142160, 137439.142160
Z3, 6, 5, 720, 7384.000000, 0.050869, 145157.168413, 147680.000000, 1.000000, 2, 14.430910, 133080.309435, 133080.309435
Z3, 7, 5, 720, 8968.000000, 0.050964, 175967.349502, 179360.000000, 1.000000, 2, 14.430910, 139242.345652, 139242.345652
Z3, 8, 5, 720, 8912.000000, 0.050961, 174878.828908, 178240.000000, 1.000000, 2, 14.430910, 139024.641534, 139024.641534
Z3, 9, 5, 720, 16688.000000, 0.050932, 327652.556350, 333760.000000, 1.000000, 2, 14.430910, 169579.387022, 169579.387022
Z3, 10, 5, 720, 23832.000000, 0.051062, 466726.724374, 467288.000000, 1.000000, 2, 14.430910, 197394.220627, 197394.220627
Z3, 11, 5, 720, 21144.000000, 0.051063, 414076.728747, 414584.000000, 1.000000, 2, 14.430910, 186864.221501, 186864.221501
Z3, 12, 5, 720, 14272.000000, 0.051096, 279317.363394, 279840.000000, 1.000000, 2, 14.430910, 159912.348431, 159912.348431
Z3, 13, 5, 720, 27640.000000, 0.051088, 541027.247103, 541960.000000, 1.000000, 2, 14.430910, 212254.325173, 212254.325173
Z3, 14, 5, 720, 33288.000000, 0.051059, 651951.663762, 652704.000000, 1.000000, 2, 14.430910, 234439.208504, 234439.208504
Z3, 15, 5, 720, 17576.000000, 0.051010, 344559.890218, 344624.000000, 1.000000, 2, 14.430910, 172960.853795, 172960.853795
Z3, 16, 5, 720, 34872.000000, 0.051060, 682961.222092, 683760.000000, 1.000000, 2, 14.430910, 240641.120170, 240641.120170
Z3, 17, 5, 720, 27336.000000, 0.051027, 535716.385443, 536000.000000, 1.000000, 2, 14.430910, 211192.152841, 211192.152841
Z3, 18, 5, 720, 25312.000000, 0.051055, 495779.061796, 496312.000000, 1.000000, 2, 14.430910, 203204.688111, 203204.688111
Z3, 19, 5, 720, 18312.000000, 0.050988, 359143.327842, 366240.000000, 1.000000, 2, 14.430910, 175877.541320, 175877.541320
Z3, 20, 5, 720, 41432.000000, 0.051067, 811326.296826, 812392.000000, 1.000000, 2, 14.430910, 266314.135117, 266314.135117
Z3, 21, 5, 720, 36760.000000, 0.051024, 720445.280652, 720784.000000, 1.000000, 2, 14.430910, 248137.931882, 248137.931882
Z3, 22, 5, 720, 21272.000000, 0.051083, 416420.335532, 417096.000000, 1.000000, 2, 14.430910, 187332.942858, 187332.942858
Z3, 23, 5, 720, 43464.000000, 0.051092, 850700.696782, 852232.000000, 1.000000, 2, 14.430910, 274189.015108, 274189.015108
Z3, 24, 5, 720, 42000.000000, 0.051040, 822884.012539, 823528.000000, 1.000000, 2, 14.430910, 268625.678260, 268625.678260
Z3, 25, 5, 720, 20304.000000, 0.050853, 399268.479736, 406080.000000, 1.000000, 2, 14.430910, 183902.571699, 183902.571699
Z3, 26, 5, 720, 32736.000000, 0.051018, 641655.886158, 641880.000000, 1.000000, 2, 14.430910, 232380.052984, 232380.052984
Z3, 27, 5, 720, 34608.000000, 0.051037, 678096.283089, 678584.000000, 1.000000, 2, 14.430910, 239668.132370, 239668.132370
Z3, 28, 5, 720, 13208.000000, 0.051031, 258823.068331, 258976.000000, 1.000000, 2, 14.430910, 155813.489418, 155813.489418
Z3, 29, 5, 720, 16320.000000, 0.050984, 320100.423662, 326400.000000, 1.000000, 2, 14.430910, 168068.960484, 168068.960484
Z3, 30, 5, 720, 8752.000000, 0.050931, 171840.333000, 175040.000000, 1.000000, 2, 14.430910, 138416.942352, 138416.942352
Z3, 31, 5, 720, 12760.000000, 0.050985, 250269.687163, 255200.000000, 1.000000, 2, 14.430910, 154102.813185, 154102.813185
Z3, 32, 5, 720, 15440.000000, 0.050992, 302792.594917, 308800.000000, 1.000000, 2, 14.430910, 164607.394735, 164607.394735
Z3, 33, 5, 720, 10000.000000, 0.050921, 196382.631920, 200000.000000, 1.000000, 2, 14.430910, 143325.402136, 143325.402136
Z3, 34, 5, 720, 15200.000000, 0.050888, 298695.173715, 304000.000000, 1.000000, 2, 14.430910, 163787.910495, 163787.910495
Z3, 35, 5, 720, 18352.000000, 0.050961, 360118.522007, 367040.000000, 1.000000, 2, 14.430910, 176072.580153, 176072.580153
Z3, 36, 5, 720, 11224.000000, 0.050897, 220523.802975, 224480.000000, 1.000000, 2, 14.430910, 148153.636347, 148153.636347
Z3, 37, 5, 720, 23240.000000, 0.051045, 455284.552846, 455680.000000, 1.000000, 2, 14.430910, 195105.786321, 195105.786321
Z3, 38, 5, 720, 16824.000000, 0.050928, 330348.727615, 336480.000000, 1.000000, 2, 14.430910, 170118.621275, 170118.621275
Z1, 0, 6, 720, 14912.000000, 0.172124, 86635.216472, 86696.000000, 1.000000, 2, 17.252211, 162442.233264, 162442.233264
Z2, 0, 6, 720, 6624.000000, 0.173985, 38072.247608, 38288.000000, 1.000000, 2, 17.252211, 152729.639491, 152729.639491
Z2, 1, 6, 720, 6768.000000, 0.310729, 21781.037496, 21832.000000, 1.000000, 2, 17.252211, 149471.397469, 149471.397469
Z2, 2, 6, 720, 7488.000000, 0.050889, 147143.783529, 149760.000000, 1.000000, 2, 17.252211, 174543.946676, 174543.946676
Z2, 3, 6, 720, 7752.000000, 0.050908, 152274.691601, 155040.000000, 1.000000, 2, 17.252211, 175570.128290, 175570.128290
Z2, 4, 6, 720, 10768.000000, 0.050914, 211493.891660, 215360.000000, 1.000000, 2, 17.252211, 187413.968302, 187413.968302
Z2, 5, 6, 720, 17456.000000, 0.050943, 342657.479929, 349120.000000, 1.000000, 2, 17.252211, 213646.685956, 213646.685956
Z2, 6, 6, 720, 9568.000000, 0.050941, 187825.131034, 191360.000000, 1.000000, 2, 17.252211, 182680.216177, 182680.216177
Z2, 7, 6, 720, 12800.000000, 0.050946, 251246.417776, 256000.000000, 1.000000, 2, 17.252211, 195364.473525, 195364.473525
Z3, 0, 6, 720, 6760.000000, 1.174569, 5755.302583, 5752.000000, 1.000000, 2, 17.252211, 146266.250486, 146266.250486
Z3, 1, 6, 720, 8320.000000, 0.050846, 163631.357432, 166400.000000, 1.000000, 2, 17.252211, 177841.461456, 177841.461456
Z3, 2, 6, 720, 7800.000000, 0.050916, 153193.495169, 156000.000000, 1.000000, 2, 17.252211, 175753.889004, 175753.889004
Z3, 3, 6, 720, 6928.000000, 0.050888, 136142.116019, 138560.000000, 1.000000, 2, 17.252211, 172343.613174, 172343.613174
Z3, 4, 6, 720, 7472.000000, 0.050876, 146866.892051, 149440.000000, 1.000000, 2, 17.252211, 174488.568380, 174488.568380
Z3, 5, 6, 720, 7416.000000, 0.050889, 145728.939456, 148320.000000, 1.000000, 2, 17.252211, 174260.977861, 174260.977861
Z3, 6, 6, 720, 6760.000000, 0.050807, 133052.532131, 135200.000000, 1.000000, 2, 17.252211, 171725.696396, 171725.696396
Z3, 7, 6, 720, 7600.000000, 0.050917, 149262.525286, 152000.000000, 1.000000, 2, 17.252211, 174967.695027, 174967.695027
Z3, 8, 6, 720, 7600.000000, 0.050915, 149268.388491, 152000.000000, 1.000000, 2, 17.252211, 174968.867668, 174968.867668
Z3, 9, 6, 720, 12912.000000, 0.051111, 252626.636145, 253176.000000, 1.000000, 2, 17.252211, 195640.517199, 195640.517199
Z3, 10, 6, 720, 17552.000000, 0.050822, 345362.244697, 351040.000000, 1.000000, 2, 17.252211, 214187.638909, 214187.638909
Z3, 11, 6, 720, 14968.000000, 0.050931, 293887.808996, 299360.000000, 1.000000, 2, 17.252211, 203892.751769, 203892.751769
Z3, 12, 6, 720, 10336.000000, 0.050998, 202674.614691, 206720.000000, 1.000000, 2, 17.252211, 185650.112908, 185650.112908
Z3, 13, 6, 720, 18344.000000, 0.217587, 84306.507282, 84528.000000, 1.000000, 2, 17.252211, 161976.491426, 161976.491426
Z3, 14, 6, 720, 20456.000000, 0.050828, 402455.339577, 409120.000000, 1.000000, 2, 17.252211, 225606.257885, 225606.257885
Z3, 15, 6, 720, 12480.000000, 0.216841, 57553.691414, 57776.000000, 1.000000, 2, 17.252211, 156625.928253, 156625.928253
Z3, 16, 6, 720, 18912.000000, 0.050968, 371056.349082, 378240.000000, 1.000000, 2, 17.252211, 219326.459786, 219326.459786
Z3, 17, 6, 720, 16112.000000, 0.050962, 316157.136690, 322240.000000, 1.000000, 2, 17.252211, 208346.617308, 208346.617308
Z3, 18, 6, 720, 16088.000000, 0.050892, 316120.411853, 321760.000000, 1.000000, 2, 17.252211, 208339.272340, 208339.272340
Z3, 19, 6, 720, 31984.000000, 0.050945, 627814.309550, 639680.000000, 1.000000, 2, 17.252211, 270678.051880, 270678.051880
Z3, 20, 6, 720, 21472.000000, 0.050926, 421631.386718, 429440.000000, 1.000000, 2, 17.252211, 229441.467313, 229441.467313
Z3, 21, 6, 720, 19320.000000, 0.050911, 379485.769284, 386400.000000, 1.000000, 2, 17.252211, 221012.343827, 221012.343827
Z3, 22, 6, 720, 33040.000000, 0.050965, 648288.040812, 660800.000000, 1.000000, 2, 17.252211, 274772.798132, 274772.798132
Z3, 23, 6, 720, 26472.000000, 0.050921, 519864.103219, 529440.000000, 1.000000, 2, 17.252211, 249088.010614, 249088.010614
Z3, 24, 6, 720, 12984.000000, 0.050927, 254953.168260, 259680.000000, 1.000000, 2, 17.252211, 196105.823622, 196105.823622
Z3, 25, 6, 720, 21128.000000, 0.050942, 414746.181932, 422560.000000, 1.000000, 2, 17.252211, 228064.426356, 228064.426356
Z3, 26, 6, 720, 21576.000000, 0.050975, 423266.307013, 431520.000000, 1.000000, 2, 17.252211, 229768.451372, 229768.451372
Z3, 27, 6, 720, 14376.000000, 0.050955, 282131.292317, 287520.000000, 1.000000, 2, 17.252211, 201541.448433, 201541.448433
Z3, 28, 6, 720, 7048.000000, 0.050861, 138573.759855, 140960.000000, 1.000000, 2, 17.252211, 172829.941941, 172829.941941
Z3, 29, 6, 720, 8656.000000, 0.050812, 170353.459813, 173120.000000, 1.000000, 2, 17.252211, 179185.881932, 179185.881932
Z3, 30, 6, 720, 9488.000000, 0.050827, 186672.437878, 189760.000000, 1.000000, 2, 17.252211, 182449.677545, 182449.677545
Z3, 31, 6, 720, 8424.000000, 0.050847, 165673.491061, 168480.000000, 1.000000, 2, 17.252211, 178249.888182, 178249.888182
Z3, 32, 6, 720, 9328.000000, 0.050924, 183174.927343, 186560.000000, 1.000000, 2, 17.252211, 181750.175438, 181750.175438
Z3, 33, 6, 720, 8680.000000, 0.050836, 170745.141238, 173600.000000, 1.000000, 2, 17.252211, 179264.218217, 179264.218217
Z3, 34, 6, 720, 7160.000000, 0.050845, 140820.139640, 143200.000000, 1.000000, 2, 17.252211, 173279.217898, 173279.217898
Z3, 35, 6, 720, 10360.000000, 0.050892, 203568.340800, 207200.000000, 1.000000, 2, 17.252211, 185828.858130, 185828.858130
Z3, 36, 6, 720, 9048.000000, 0.213400, 42399.250234, 42472.000000, 1.000000, 2, 17.252211, 153595.040017, 153595.040017
Z3, 37, 6, 720, 7176.000000, 0.050859, 141095.971215, 143520.000000, 1.000000, 2, 17.252211, 173334.384213, 173334.384213
Z3, 38, 6, 720, 8768.000000, 0.050881, 172323.657161, 175360.000000, 1.000000, 2, 17.252211, 179579.921402, 179579.921402
Z1, 0, 7, 720, 7408.000000, 0.171237, 43261.678259, 43320.000000, 1.000000, 2, 21.825617, 163138.292436, 163138.292436
Z2, 0, 7, 720, 6624.000000, 0.172010, 38509.388989, 38504.000000, 1.000000, 2, 21.825617, 162187.834582, 162187.834582
Z2, 1, 7, 720, 6792.000000, 0.050960, 133281.004710, 135840.000000, 1.000000, 2, 21.825617, 181142.157726, 181142.157726
Z2, 2, 7, 720, 7464.000000, 0.050942, 146519.571277, 149280.000000, 1.000000, 2, 21.825617, 183789.871039, 183789.871039
Z2, 3, 7, 720, 10144.000000, 0.050897, 199304.477671, 202880.000000, 1.000000, 2, 21.825617, 194346.852318, 194346.852318
Z2, 4, 7, 720, 14352.000000, 0.213765, 67139.148130, 67376.000000, 1.000000, 2, 21.825617, 167913.786410, 167913.786410
Z2, 5, 7, 720, 15008.000000, 0.050897, 294870.031633, 300160.000000, 1.000000, 2, 21.825617, 213459.963110, 213459.963110
Z2, 6, 7, 720, 7168.000000, 0.050861, 140933.131476, 143360.000000, 1.000000, 2, 21.825617, 182672.583079, 182672.583079
Z2, 7, 7, 720, 8160.000000, 0.050799, 160633.083328, 163200.000000, 1.000000, 2, 21.825617, 186612.573450, 186612.573450
Z3, 0, 7, 720, 6656.000000, 0.173931, 38268.048824, 38472.000000, 1.000000, 2, 21.825617, 162139.566549, 162139.566549
Z3, 1, 7, 720, 7664.000000, 0.050976, 150345.260515, 153280.000000, 1.000000, 2, 21.825617, 184555.008887, 184555.008887
Z3, 2, 7, 720, 7664.000000, 0.050786, 150907.730477, 153280.000000, 1.000000, 2, 21.825617, 184667.502879, 184667.502879
Z3, 3, 7, 720, 6920.000000, 0.050818, 136172.222441, 138400.000000, 1.000000, 2, 21.825617, 181720.401272, 181720.401272
Z3, 4, 7, 720, 7504.000000, 0.050664, 148113.058582, 150080.000000, 1.000000, 2, 21.825617, 184108.568500, 184108.568500
Z3, 5, 7, 720, 7480.000000, 0.050864, 147058.823529, 149600.000000, 1.000000, 2, 21.825617, 183897.721490, 183897.721490
Z3, 6, 7, 720, 6728.000000, 0.050911, 132152.187150, 134560.000000, 1.000000, 2, 21.825617, 180916.394214, 180916.394214
Z3, 7, 7, 720, 7632.000000, 0.050979, 149708.703584, 152640.000000, 1.000000, 2, 21.825617, 184427.697501, 184427.697501
Z3, 8, 7, 720, 7392.000000, 0.050744, 145672.394766, 147840.000000, 1.000000, 2, 21.825617, 183620.435737, 183620.435737
Z3, 9, 7, 720, 12800.000000, 0.050927, 251340.153553, 256000.000000, 1.000000, 2, 21.825617, 204753.987494, 204753.987494
Z3, 10, 7, 720, 16760.000000, 0.051146, 327689.359872, 328624.000000, 1.000000, 2, 21.825617, 220023.828758, 220023.828758
Z3, 11, 7, 720, 14104.000000, 0.051075, 276142.927068, 276544.000000, 1.000000, 2, 21.825617, 209714.542197, 209714.542197
Z3, 12, 7, 720, 9704.000000, 0.051025, 190181.283684, 190272.000000, 1.000000, 2, 21.825617, 192522.213521, 192522.213521
Z3, 13, 7, 720, 17248.000000, 0.214926, 80250.877046, 80592.000000, 1.000000, 2, 21.825617, 170536.132193, 170536.132193
Z3, 14, 7, 720, 21552.000000, 0.051116, 421629.235464, 422584.000000, 1.000000, 2, 21.825617, 238811.803877, 238811.803877
Z3, 15, 7, 720, 16688.000000, 0.051029, 327029.728194, 327208.000000, 1.000000, 2, 21.825617, 219891.902423, 219891.902423
Z3, 16, 7, 720, 23312.000000, 0.359339, 64874.672663, 64928.000000, 1.000000, 2, 21.825617, 167460.891316, 167460.891316
Z3, 17, 7, 720, 14952.000000, 0.051053, 292872.113294, 293176.000000, 1.000000, 2, 21.825617, 213060.379443, 213060.379443
Z3, 18, 7, 720, 16856.000000, 0.051012, 330432.055203, 330504.000000, 1.000000, 2, 21.825617, 220572.367824, 220572.367824
Z3, 19, 7, 720, 23928.000000, 0.051025, 468946.594806, 469176.000000, 1.000000, 2, 21.825617, 248275.275745, 248275.275745
Z3, 20, 7, 720, 29544.000000, 0.051025, 579010.289074, 579288.000000, 1.000000, 2, 21.825617, 270288.014599, 270288.014599
Z3, 21, 7, 720, 31920.000000, 0.051105, 624596.419137, 625880.000000, 1.000000, 2, 21.825617, 279405.240611, 279405.240611
Z3, 22, 7, 720, 15096.000000, 0.051003, 295982.589259, 296000.000000, 1.000000, 2, 21.825617, 213682.474636, 213682.474636
Z3, 23, 7, 720, 22296.000000, 0.051096, 436355.096289, 437176.000000, 1.000000, 2, 21.825617, 241756.976042, 241756.976042
Z3, 24, 7, 720, 24272.000000, 0.051093, 475055.291331, 475920.000000, 1.000000, 2, 21.825617, 249497.015050, 249497.015050
Z3, 25, 7, 720, 13368.000000, 0.051056, 261830.147289, 262112.000000, 1.000000, 2, 21.825617, 206851.986242, 206851.986242
Z3, 26, 7, 720, 21768.000000, 0.051088, 426088.318196, 426816.000000, 1.000000, 2, 21.825617, 239703.620423, 239703.620423
Z3, 27, 7, 720, 21680.000000, 0.051103, 424241.238283, 425096.000000, 1.000000, 2, 21.825617, 239334.204441, 239334.204441
Z3, 28, 7, 720, 9672.000000, 0.051030, 189535.567313, 189640.000000, 1.000000, 2, 21.825617, 192393.070246, 192393.070246
Z3, 29, 7, 720, 13368.000000, 0.051086, 261676.388835, 262112.000000, 1.000000, 2, 21.825617, 206821.234551, 206821.234551
Z3, 30, 7, 720, 13424.000000, 0.051023, 263097.034671, 263208.000000, 1.000000, 2, 21.825617, 207105.363718, 207105.363718
Z3, 31, 7, 720, 8064.000000, 0.051007, 158095.947615, 158112.000000, 1.000000, 2, 21.825617, 186105.146307, 186105.146307
Z3, 32, 7, 720, 9424.000000, 0.051023, 184701.017188, 184784.000000, 1.000000, 2, 21.825617, 191426.160221, 191426.160221
Z3, 33, 7, 720, 7368.000000, 0.050926, 144680.516828, 147360.000000, 1.000000, 2, 21.825617, 183422.060149, 183422.060149
Z3, 34, 7, 720, 8792.000000, 0.051033, 172280.681128, 172392.000000, 1.000000, 2, 21.825617, 188942.093009, 188942.093009
Z3, 35, 7, 720, 8568.000000, 0.051021, 167930.852002, 168000.000000, 1.000000, 2, 21.825617, 188072.127184, 188072.127184
Z3, 36, 7, 720, 7064.000000, 0.050985, 138550.554085, 141280.000000, 1.000000, 2, 21.825617, 182196.067601, 182196.067601
Z3, 37, 7, 720, 10104.000000, 0.051033, 197989.536182, 198112.000000, 1.000000, 2, 21.825617, 194083.864020, 194083.864020
Z3, 38, 7, 720, 8640.000000, 0.050964, 169531.433953, 172800.000000, 1.000000, 2, 21.825617, 188392.243575, 188392.243575
Z1, 0, 8, 720, 7744.000000, 0.171750, 45088.791849, 45280.000000, 1.000000, 2, 25.280865, 170418.642950, 170418.642950
Z2, 0, 8, 720, 6624.000000, 0.172346, 38434.312372, 38504.000000, 1.000000, 2, 25.280865, 169087.747054, 169087.747054
Z2, 1, 8, 720, 6968.000000, 0.050925, 136828.669612, 139360.000000, 1.000000, 2, 25.280865, 188766.618502, 188766.618502
Z2, 2, 8, 720, 7968.000000, 0.050898, 156548.390899, 159360.000000, 1.000000, 2, 25.280865, 192710.562760, 192710.562760
Z2, 3, 8, 720, 12752.000000, 0.050929, 250387.794773, 255040.000000, 1.000000, 2, 25.280865, 211478.443535, 211478.443535
Z2, 4, 8, 720, 18720.000000, 0.051026, 366871.790852, 367056.000000, 1.000000, 2, 25.280865, 234775.242750, 234775.242750
Z2, 5, 8, 720, 25648.000000, 0.051043, 502478.302608, 502896.000000, 1.000000, 2, 25.280865, 261896.545102, 261896.545102
Z2, 6, 8, 720, 9784.000000, 0.050944, 192054.020101, 195680.000000, 1.000000, 2, 25.280865, 199811.688600, 199811.688600
Z2, 7, 8, 720, 13192.000000, 0.050916, 259093.408752, 263840.000000, 1.000000, 2, 25.280865, 213219.566330, 213219.566330
Z3, 0, 8, 720, 6768.000000, 0.174098, 38874.656802, 38896.000000, 1.000000, 2, 25.280865, 169175.815940, 169175.815940
Z3, 1, 8, 720, 8032.000000, 0.051005, 157474.757377, 157488.000000, 1.000000, 2, 25.280865, 192895.836055, 192895.836055
Z3, 2, 8, 720, 7872.000000, 0.055239, 142508.010645, 143120.000000, 1.000000, 2, 25.280865, 189902.486709, 189902.486709
Z3, 3, 8, 720, 7024.000000, 0.050957, 137841.709677, 140480.000000, 1.000000, 2, 25.280865, 188969.226515, 188969.226515
Z3, 4, 8, 720, 7816.000000, 0.051041, 153131.796007, 153248.000000, 1.000000, 2, 25.280865, 192027.243781, 192027.243781
Z3, 5, 8, 720, 7936.000000, 0.050973, 155690.267396, 158720.000000, 1.000000, 2, 25.280865, 192538.938059, 192538.938059
Z3, 6, 8, 720, 6928.000000, 0.323677, 21404.054042, 21448.000000, 1.000000, 2, 25.280865, 165681.695388, 165681.695388
Z3, 7, 8, 720, 8048.000000, 0.050918, 158058.054126, 160960.000000, 1.000000, 2, 25.280865, 193012.495405, 193012.495405
Z3, 8, 8, 720, 7664.000000, 0.050963, 150383.611640, 153280.000000, 1.000000, 2, 25.280865, 191477.606908, 191477.606908
Z3, 9, 8, 720, 14248.000000, 0.051036, 279175.483972, 279368.000000, 1.000000, 2, 25.280865, 217235.981374, 217235.981374
Z3, 10, 8, 720, 19448.000000, 0.051161, 380133.304666, 381328.000000, 1.000000, 2, 25.280865, 237427.545513, 237427.545513
Z3, 11, 8, 720, 17344.000000, 0.050998, 340091.768305, 346880.000000, 1.000000, 2, 25.280865, 229419.238241, 229419.238241
Z3, 12, 8, 720, 11952.000000, 0.052839, 226196.559360, 229840.000000, 1.000000, 2, 25.280865, 206640.196452, 206640.196452
Z3, 13, 8, 720, 25224.000000, 0.051094, 493678.318394, 494584.000000, 1.000000, 2, 25.280865, 260136.548259, 260136.548259
Z3, 14, 8, 720, 35992.000000, 0.051138, 703821.033282, 705720.000000, 1.000000, 2, 25.280865, 302165.091236, 302165.091236
Z3, 15, 8, 720, 20016.000000, 0.051081, 391848.241029, 392464.000000, 1.000000, 2, 25.280865, 239770.532786, 239770.532786
Z3, 16, 8, 720, 36432.000000, 0.051066, 713429.679239, 714352.000000, 1.000000, 2, 25.280865, 304086.820428, 304086.820428
Z3, 17, 8, 720, 22472.000000, 0.051094, 439816.808236, 440624.000000, 1.000000, 2, 25.280865, 249364.246227, 249364.246227
Z3, 18, 8, 720, 21736.000000, 0.051092, 425428.638534, 426192.000000, 1.000000, 2, 25.280865, 246486.612287, 246486.612287
Z3, 19, 8, 720, 16848.000000, 0.051009, 330294.653885, 330352.000000, 1.000000, 2, 25.280865, 227459.815357, 227459.815357
Z3, 20, 8, 720, 47160.000000, 0.051215, 920823.977350, 924704.000000, 1.000000, 2, 25.280865, 345565.680050, 345565.680050
Z3, 21, 8, 720, 39472.000000, 0.051055, 773127.019881, 773960.000000, 1.000000, 2, 25.280865, 316026.288556, 316026.288556
Z3, 22, 8, 720, 26968.000000, 0.051155, 527182.093637, 528784.000000, 1.000000, 2, 25.280865, 266837.303307, 266837.303307
Z3, 23, 8, 720, 39776.000000, 0.051061, 778989.835687, 779920.000000, 1.000000, 2, 25.280865, 317198.851717, 317198.851717
Z3, 24, 8, 720, 34992.000000, 0.051103, 684734.751384, 686112.000000, 1.000000, 2, 25.280865, 298347.834857, 298347.834857
Z3, 25, 8, 720, 22464.000000, 0.051088, 439711.869715, 440464.000000, 1.000000, 2, 25.280865, 249343.258523, 249343.258523
Z3, 26, 8, 720, 43144.000000, 0.051161, 843298.606360, 845960.000000, 1.000000, 2, 25.280865, 330060.605852, 330060.605852
Z3, 27, 8, 720, 43672.000000, 0.051190, 853135.378004, 856312.000000, 1.000000, 2, 25.280865, 332027.960181, 332027.960181
Z3, 28, 8, 720, 18320.000000, 0.050974, 359398.909248, 366400.000000, 1.000000, 2, 25.280865, 233280.666430, 233280.666430
Z3, 29, 8, 720, 24560.000000, 0.051096, 480663.848442, 481568.000000, 1.000000, 2, 25.280865, 257533.654268, 257533.654268
Z3, 30, 8, 720, 19040.000000, 0.051033, 373091.920914, 373328.000000, 1.000000, 2, 25.280865, 236019.268763, 236019.268763
Z3, 31, 8, 720, 20160.000000, 0.051083, 394651.841121, 395288.000000, 1.000000, 2, 25.280865, 240331.252804, 240331.252804
Z3, 32, 8, 720, 16496.000000, 0.051055, 323102.536480, 323448.000000, 1.000000, 2, 25.280865, 226021.391876, 226021.391876
Z3, 33, 8, 720, 11624.000000, 0.051084, 227546.785686, 227920.000000, 1.000000, 2, 25.280865, 206910.241717, 206910.241717
Z3, 34, 8, 720, 21024.000000, 0.051062, 411734.753829, 412232.000000, 1.000000, 2, 25.280865, 243747.835346, 243747.835346
Z3, 35, 8, 720, 28496.000000, 0.051039, 558318.148867, 558744.000000, 1.000000, 2, 25.280865, 273064.514353, 273064.514353
Z3, 36, 8, 720, 12416.000000, 0.051077, 243083.971259, 243448.000000, 1.000000, 2, 25.280865, 210017.678832, 210017.678832
Z3, 37, 8, 720, 17312.000000, 0.051094, 338826.476690, 339448.000000, 1.000000, 2, 25.280865, 229166.179918, 229166.179918
Z3, 38, 8, 720, 14664.000000, 0.050972, 287687.357765, 293280.000000, 1.000000, 2, 25.280865, 218938.356133, 218938.356133
Z1, 0, 9, 720, 24464.000000, 0.171528, 142623.944779, 143064.000000, 1.000000, 2, 28.382191, 220503.024255, 220503.024255
Z2, 0, 9, 720, 6624.000000, 0.173759, 38121.766355, 38288.000000, 1.000000, 2, 28.382191, 199602.588570, 199602.588570
Z2, 1, 9, 720, 6776.000000, 0.050972, 132935.729420, 135520.000000, 1.000000, 2, 28.382191, 218565.381183, 218565.381183
Z2, 2, 9, 720, 7696.000000, 0.050998, 150907.878740, 153920.000000, 1.000000, 2, 28.382191, 222159.811047, 222159.811047
Z2, 3, 9, 720, 7496.000000, 0.051025, 146908.378246, 146976.000000, 1.000000, 2, 28.382191, 221359.910948, 221359.910948
Z2, 4, 9, 720, 16056.000000, 0.051069, 314398.167186, 314816.000000, 1.000000, 2, 28.382191, 254857.868736, 254857.868736
Z2, 5, 9, 720, 26344.000000, 0.051152, 515014.075696, 516544.000000, 1.000000, 2, 28.382191, 294981.050438, 294981.050438
Z2, 6, 9, 720, 23952.000000, 0.051019, 469472.157432, 469640.000000, 1.000000, 2, 28.382191, 285872.666785, 285872.666785
Z2, 7, 9, 720, 32816.000000, 0.051173, 641275.672718, 643448.000000, 1.000000, 2, 28.382191, 320233.369843, 320233.369843
Z3, 0, 9, 720, 6752.000000, 0.173833, 38841.876974, 39024.000000, 1.000000, 2, 28.382191, 199746.610694, 199746.610694
Z3, 1, 9, 720, 9824.000000, 0.051003, 192616.120620, 192624.000000, 1.000000, 2, 28.382191, 230501.459423, 230501.459423
Z3, 2, 9, 720, 8640.000000, 0.050994, 169431.697847, 172800.000000, 1.000000, 2, 28.382191, 225864.574868, 225864.574868
Z3, 3, 9, 720, 7248.000000, 0.051000, 142117.647059, 142112.000000, 1.000000, 2, 28.382191, 220401.764711, 220401.764711
Z3, 4, 9, 720, 8336.000000, 0.050972, 163540.767480, 166720.000000, 1.000000, 2, 28.382191, 224686.388795, 224686.388795
Z3, 5, 9, 720, 9640.000000, 0.051040, 188871.473354, 189016.000000, 1.000000, 2, 28.382191, 229752.529970, 229752.529970
Z3, 6, 9, 720, 10312.000000, 0.051015, 202136.626482, 202192.000000, 1.000000, 2, 28.382191, 232405.560595, 232405.560595
Z3, 7, 9, 720, 21208.000000, 0.051011, 415753.464939, 415840.000000, 1.000000, 2, 28.382191, 275128.928287, 275128.928287
Z3, 8, 9, 720, 8000.000000, 0.051016, 156813.548691, 156856.000000, 1.000000, 2, 28.382191, 223340.945037, 223340.945037
Z3, 9, 9, 720, 16880.000000, 0.051064, 330565.564781, 330976.000000, 1.000000, 2, 28.382191, 258091.348255, 258091.348255
Z3, 10, 9, 720, 23240.000000, 0.053752, 432356.005358, 438488.000000, 1.000000, 2, 28.382191, 278449.436371, 278449.436371
Z3, 11, 9, 720, 21680.000000, 0.051069, 424523.683644, 425096.000000, 1.000000, 2, 28.382191, 276882.972028, 276882.972028
Z3, 12, 9, 720, 16096.000000, 0.051073, 315156.736436, 315600.000000, 1.000000, 2, 28.382191, 255009.582586, 255009.582586
Z3, 13, 9, 720, 39872.000000, 0.179202, 222497.516769, 222744.000000, 1.000000, 2, 28.382191, 236477.738653, 236477.738653
Z3, 14, 9, 720, 46392.000000, 0.051175, 906536.394724, 909640.000000, 1.000000, 2, 28.382191, 373285.514244, 373285.514244
Z3, 15, 9, 720, 26168.000000, 0.051188, 511213.565679, 513096.000000, 1.000000, 2, 28.382191, 294220.948435, 294220.948435
Z3, 16, 9, 720, 48816.000000, 0.051532, 947294.884732, 957176.000000, 1.000000, 2, 28.382191, 381437.212245, 381437.212245
Z3, 17, 9, 720, 38664.000000, 0.051140, 756042.236996, 758112.000000, 1.000000, 2, 28.382191, 343186.682698, 343186.682698
Z3, 18, 9, 720, 19912.000000, 0.051039, 390133.035522, 390424.000000, 1.000000, 2, 28.382191, 270004.842403, 270004.842403
Z3, 19, 9, 720, 61688.000000, 0.051312, 1202213.907078, 1209568.000000, 1.000000, 2, 28.382191, 432421.016715, 432421.016715
Z3, 20, 9, 720, 59200.000000, 0.051263, 1154829.018981, 1160784.000000, 1.000000, 2, 28.382191, 422944.039095, 422944.039095
Z3, 21, 9, 720, 41064.000000, 0.051095, 803679.420687, 805176.000000, 1.000000, 2, 28.382191, 352714.119436, 352714.119436
Z3, 22, 9, 720, 55576.000000, 0.051221, 1085023.720740, 1089720.000000, 1.000000, 2, 28.382191, 408982.979447, 408982.979447
Z3, 23, 9, 720, 50200.000000, 0.051199, 980487.900154, 984312.000000, 1.000000, 2, 28.382191, 388075.815330, 388075.815330
Z3, 24, 9, 720, 30056.000000, 0.051095, 588237.596634, 589328.000000, 1.000000, 2, 28.382191, 309625.754626, 309625.754626
Z3, 25, 9, 720, 59504.000000, 0.051242, 1161234.924476, 1166744.000000, 1.000000, 2, 28.382191, 424225.220194, 424225.220194
Z3, 26, 9, 720, 65232.000000, 0.051208, 1273863.458835, 1279056.000000, 1.000000, 2, 28.382191, 446750.927066, 446750.927066
Z3, 27, 9, 720, 36648.000000, 0.051040, 718025.078370, 718584.000000, 1.000000, 2, 28.382191, 335583.250973, 335583.250973
Z3, 28, 9, 720, 8856.000000, 0.050995, 173664.084714, 177120.000000, 1.000000, 2, 28.382191, 226711.052242, 226711.052242
Z3, 29, 9, 720, 14088.000000, 0.051085, 275775.668004, 276232.000000, 1.000000, 2, 28.382191, 247133.368900, 247133.368900
Z3, 30, 9, 720, 15104.000000, 0.051099, 295583.083818, 296152.000000, 1.000000, 2, 28.382191, 251094.852062, 251094.852062
Z3, 31, 9, 720, 11784.000000, 0.051060, 230787.309048, 231056.000000, 1.000000, 2, 28.382191, 238135.697109, 238135.697109
Z3, 32, 9, 720, 18496.000000, 0.051088, 362041.966802, 362664.000000, 1.000000, 2, 28.382191, 264386.628659, 264386.628659
Z3, 33, 9, 720, 22376.000000, 0.051076, 438092.254679, 438744.000000, 1.000000, 2, 28.382191, 279596.686235, 279596.686235
Z3, 34, 9, 720, 8792.000000, 0.050931, 172625.709293, 175840.000000, 1.000000, 2, 28.382191, 226503.377158, 226503.377158
Z3, 35, 9, 720, 19464.000000, 0.050987, 381744.366211, 389280.000000, 1.000000, 2, 28.382191, 268327.108541, 268327.108541
Z3, 36, 9, 720, 20360.000000, 0.050982, 399356.635675, 407200.000000, 1.000000, 2, 28.382191, 271849.562434, 271849.562434
Z3, 37, 9, 720, 11344.000000, 0.051068, 222135.192293, 222424.000000, 1.000000, 2, 28.382191, 236405.273757, 236405.273757
Z3, 38, 9, 720, 15808.000000, 0.050997, 309979.018374, 316160.000000, 1.000000, 2, 28.382191, 253974.038974, 253974.038974
Z1, 0, 10, 720, 7480.000000, 0.172989, 43239.743568, 43488.000000, 1.000000, 2, 31.338622, 196552.242164, 196552.242164
Z2, 0, 10, 720, 6624.000000, 0.173778, 38117.598315, 38288.000000, 1.000000, 2, 31.338622, 195527.813114, 195527.813114
Z2, 1, 10, 720, 7008.000000, 0.304010, 23051.873294, 23048.000000, 1.000000, 2, 31.338622, 192514.668109, 192514.668109
Z2, 2, 10, 720, 7832.000000, 0.050956, 153701.232436, 156640.000000, 1.000000, 2, 31.338622, 218644.539938, 218644.539938
Z2, 3, 10, 720, 29728.000000, 0.051066, 582148.592018, 582896.000000, 1.000000, 2, 31.338622, 304334.011854, 304334.011854
Z2, 4, 10, 720, 35840.000000, 0.051038, 702221.873898, 702744.000000, 1.000000, 2, 31.338622, 328348.668230, 328348.668230
Z2, 5, 10, 720, 43888.000000, 0.051117, 858579.337598, 860544.000000, 1.000000, 2, 31.338622, 359620.160970, 359620.160970
Z2, 6, 10, 720, 17936.000000, 0.050975, 351858.754291, 358720.000000, 1.000000, 2, 31.338622, 258276.044309, 258276.044309
Z2, 7, 10, 720, 24920.000000, 0.051053, 488120.188823, 488624.000000, 1.000000, 2, 31.338622, 285528.331215, 285528.331215
Z3, 0, 10, 720, 6840.000000, 0.172048, 39756.347066, 39760.000000, 1.000000, 2, 31.338622, 195855.562864, 195855.562864
Z3, 1, 10, 720, 22064.000000, 0.050888, 433579.625845, 441280.000000, 1.000000, 2, 31.338622, 274620.218620, 274620.218620
Z3, 2, 10, 720, 15312.000000, 0.051017, 300135.249035, 300232.000000, 1.000000, 2, 31.338622, 247931.343258, 247931.343258
Z3, 3, 10, 720, 7752.000000, 0.050899, 152301.616928, 155040.000000, 1.000000, 2, 31.338622, 218364.616836, 218364.616836
Z3, 4, 10, 720, 11432.000000, 0.050834, 224888.853917, 228640.000000, 1.000000, 2, 31.338622, 232882.064234, 232882.064234
Z3, 5, 10, 720, 17232.000000, 0.050897, 338566.123740, 344640.000000, 1.000000, 2, 31.338622, 255617.518199, 255617.518199
Z3, 6, 10, 720, 23328.000000, 0.050936, 457986.492854, 466560.000000, 1.000000, 2, 31.338622, 279501.592021, 279501.592021
Z3, 7, 10, 720, 18496.000000, 0.050816, 363979.848866, 369920.000000, 1.000000, 2, 31.338622, 260700.263224, 260700.263224
Z3, 8, 10, 720, 7968.000000, 0.050666, 157265.227174, 159360.000000, 1.000000, 2, 31.338622, 219357.338885, 219357.338885
Z3, 9, 10, 720, 19568.000000, 0.050892, 384500.510886, 391360.000000, 1.000000, 2, 31.338622, 264804.395628, 264804.395628
Z3, 10, 10, 720, 36064.000000, 0.051030, 706721.536351, 707136.000000, 1.000000, 2, 31.338622, 329248.600721, 329248.600721
Z3, 11, 10, 720, 29248.000000, 0.050999, 573501.441205, 584960.000000, 1.000000, 2, 31.338622, 302604.581692, 302604.581692
Z3, 12, 10, 720, 24216.000000, 0.050980, 475009.807768, 484320.000000, 1.000000, 2, 31.338622, 282906.255004, 282906.255004
Z3, 13, 10, 720, 54424.000000, 0.051074, 1065591.103105, 1067136.000000, 1.000000, 2, 31.338622, 401022.514072, 401022.514072
Z3, 14, 10, 720, 56832.000000, 0.051095, 1112281.045112, 1114352.000000, 1.000000, 2, 31.338622, 410360.502473, 410360.502473
Z3, 15, 10, 720, 29576.000000, 0.051006, 579853.350586, 579920.000000, 1.000000, 2, 31.338622, 303874.963568, 303874.963568
Z3, 16, 10, 720, 52328.000000, 0.051013, 1025777.742928, 1026032.000000, 1.000000, 2, 31.338622, 393059.842036, 393059.842036
Z3, 17, 10, 720, 52840.000000, 0.051012, 1035834.705559, 1036072.000000, 1.000000, 2, 31.338622, 395071.234562, 395071.234562
Z3, 18, 10, 720, 35136.000000, 0.051051, 688252.923547, 688936.000000, 1.000000, 2, 31.338622, 325554.878160, 325554.878160
Z3, 19, 10, 720, 23160.000000, 0.050989, 454215.615133, 463200.000000, 1.000000, 2, 31.338622, 278747.416477, 278747.416477
Z3, 20, 10, 720, 77048.000000, 0.051221, 1504226.781984, 1510744.000000, 1.000000, 2, 31.338622, 488749.649847, 488749.649847
Z3, 21, 10, 720, 68968.000000, 0.051103, 1349588.086805, 1352312.000000, 1.000000, 2, 31.338622, 457821.910812, 457821.910812
Z3, 22, 10, 720, 52224.000000, 0.051139, 1021216.683940, 1024000.000000, 1.000000, 2, 31.338622, 392147.630239, 392147.630239
Z3, 23, 10, 720, 76384.000000, 0.051210, 1491583.675063, 1497720.000000, 1.000000, 2, 31.338622, 486221.028463, 486221.028463
Z3, 24, 10, 720, 57512.000000, 0.051083, 1125854.002310, 1127680.000000, 1.000000, 2, 31.338622, 413075.093913, 413075.093913
Z3, 25, 10, 720, 35600.000000, 0.050945, 698792.815782, 712000.000000, 1.000000, 2, 31.338622, 327662.856607, 327662.856607
Z3, 26, 10, 720, 72816.000000, 0.051135, 1423995.306542, 1427760.000000, 1.000000, 2, 31.338622, 472703.354759, 472703.354759
Z3, 27, 10, 720, 93600.000000, 0.051253, 1826234.561879, 1835288.000000, 1.000000, 2, 31.338622, 553151.205826, 553151.205826
Z3, 28, 10, 720, 23040.000000, 0.051026, 451534.511818, 451760.000000, 1.000000, 2, 31.338622, 278211.195814, 278211.195814
Z3, 29, 10, 720, 35840.000000, 0.051124, 701040.607151, 702744.000000, 1.000000, 2, 31.338622, 328112.414881, 328112.414881
Z3, 30, 10, 720, 13072.000000, 0.050930, 256666.012174, 261440.000000, 1.000000, 2, 31.338622, 239237.495885, 239237.495885
Z3, 31, 10, 720, 20608.000000, 0.050865, 405150.889610, 412160.000000, 1.000000, 2, 31.338622, 268934.471373, 268934.471373
Z3, 32, 10, 720, 22584.000000, 0.051043, 442450.482926, 442816.000000, 1.000000, 2, 31.338622, 276394.390036, 276394.390036
Z3, 33, 10, 720, 14712.000000, 0.051022, 288346.203598, 288464.000000, 1.000000, 2, 31.338622, 245573.534170, 245573.534170
Z3, 34, 10, 720, 20512.000000, 0.051082, 401550.448299, 402192.000000, 1.000000, 2, 31.338622, 268214.383110, 268214.383110
Z3, 35, 10, 720, 17992.000000, 0.051093, 352142.172118, 352784.000000, 1.000000, 2, 31.338622, 258332.727874, 258332.727874
Z3, 36, 10, 720, 11464.000000, 0.050958, 224969.582794, 229280.000000, 1.000000, 2, 31.338622, 232898.210009, 232898.210009
Z3, 37, 10, 720, 22376.000000, 0.050960, 439089.481947, 447520.000000, 1.000000, 2, 31.338622, 275722.189840, 275722.189840
Z3, 38, 10, 720, 29088.000000, 0.051107, 569158.823645, 570352.000000, 1.000000, 2, 31.338622, 301736.058179, 301736.058179
