Zone, Tile_no, Seg_no, Reso, Seg_d_size, Seg_d_time, Bitrate, Bitrate1, Buf_lev, Buf_limit, Elapsed, Ref_vp, Local_avg,QoE,QoE1,Z1,Z2,Z3,delay,jitter,loss
Z1,0,1, 720,9960.0,0.018885,527402.700556,553328.0,1.0,2,6.1e-05,527402.700556,527402.700556,1816865638.2102811,4537663440.623568,53659749.476363406,5931012711.922756,33138990736.055614,0,0,0
Z2,0,1, 720,8952.0,0.021411,418102.844332,426280.0,1.0,2,6.1e-05,209051.422166,209051.422166,1816865638.2102811,4537663440.623568,53659749.476363406,5931012711.922756,33138990736.055614,0,0,0
Z2,1,1, 720,5424.0,0.00075,7232000.0,5424000.0,1.0,2,6.1e-05,2410666.666667,2410666.666667,1816865638.2102811,4537663440.623568,53659749.476363406,5931012711.922756,33138990736.055614,0,0,0
Z2,2,1, 720,7080.0,0.000826,8571428.571429,7080000.0,1.0,2,6.1e-05,2142857.142857,2142857.142857,1816865638.2102811,4537663440.623568,53659749.476363406,5931012711.922756,33138990736.055614,0,0,0
Z2,3,1, 720,18976.0,0.000846,22430260.047281,18976000.0,1.0,2,6.1e-05,4486052.009456,4486052.009456,1816865638.2102811,4537663440.623568,53659749.476363406,5931012711.922756,33138990736.055614,0,0,0
Z2,4,1, 720,8720.0,0.000759,11488801.054018,8720000.0,1.0,2,6.1e-05,2297760.210804,2297760.210804,1816865638.2102811,4537663440.623568,53659749.476363406,5931012711.922756,33138990736.055614,0,0,0
Z2,5,1, 720,8336.0,0.000855,9749707.602339,8336000.0,1.0,2,6.1e-05,1949941.520468,1949941.520468,1816865638.2102811,4537663440.623568,53659749.476363406,5931012711.922756,33138990736.055614,0,0,0
Z2,6,1, 720,6376.0,0.000833,7654261.704682,6376000.0,1.0,2,6.1e-05,1530852.340936,1530852.340936,1816865638.2102811,4537663440.623568,53659749.476363406,5931012711.922756,33138990736.055614,0,0,0
Z2,7,1, 720,6872.0,0.000697,9859397.417504,6872000.0,1.0,2,6.1e-05,1971879.483501,1971879.483501,1816865638.2102811,4537663440.623568,53659749.476363406,5931012711.922756,33138990736.055614,0,0,0
Z3,0,1, 720,7080.0,0.022052,321059.314348,321816.0,1.0,2,6.1e-05,64211.86287,64211.86287,1816865638.2102811,4537663440.623568,53659749.476363406,5931012711.922756,33138990736.055614,0,0,0
Z3,1,1, 720,7080.0,0.000738,9593495.934959,7080000.0,1.0,2,6.1e-05,1918699.186992,1918699.186992,1816865638.2102811,4537663440.623568,53659749.476363406,5931012711.922756,33138990736.055614,0,0,0
Z3,2,1, 720,5664.0,0.000679,8341678.939617,5664000.0,1.0,2,6.1e-05,1668335.787923,1668335.787923,1816865638.2102811,4537663440.623568,53659749.476363406,5931012711.922756,33138990736.055614,0,0,0
Z3,3,1, 720,7080.0,0.000772,9170984.455959,7080000.0,1.0,2,6.1e-05,1834196.891192,1834196.891192,1816865638.2102811,4537663440.623568,53659749.476363406,5931012711.922756,33138990736.055614,0,0,0
Z3,4,1, 720,7080.0,0.00076,9315789.473684,7080000.0,1.0,2,6.1e-05,1863157.894737,1863157.894737,1816865638.2102811,4537663440.623568,53659749.476363406,5931012711.922756,33138990736.055614,0,0,0
Z3,5,1, 720,5664.0,0.000959,5906152.241919,5664000.0,1.0,2,6.1e-05,1181230.448384,1181230.448384,1816865638.2102811,4537663440.623568,53659749.476363406,5931012711.922756,33138990736.055614,0,0,0
Z3,6,1, 720,7080.0,0.000744,9516129.032258,7080000.0,1.0,2,6.1e-05,1903225.806452,1903225.806452,1816865638.2102811,4537663440.623568,53659749.476363406,5931012711.922756,33138990736.055614,0,0,0
Z3,7,1, 720,7080.0,0.000784,9030612.244898,7080000.0,1.0,2,6.1e-05,1806122.44898,1806122.44898,1816865638.2102811,4537663440.623568,53659749.476363406,5931012711.922756,33138990736.055614,0,0,0
Z3,8,1, 720,5664.0,0.000802,7062344.139651,5664000.0,1.0,2,6.1e-05,1412468.82793,1412468.82793,1816865638.2102811,4537663440.623568,53659749.476363406,5931012711.922756,33138990736.055614,0,0,0
Z3,9,1, 720,7080.0,0.000808,8762376.237624,7080000.0,1.0,2,6.1e-05,1752475.247525,1752475.247525,1816865638.2102811,4537663440.623568,53659749.476363406,5931012711.922756,33138990736.055614,0,0,0
Z3,10,1, 720,12904.0,0.000872,14798165.137615,12904000.0,1.0,2,6.1e-05,2959633.027523,2959633.027523,1816865638.2102811,4537663440.623568,53659749.476363406,5931012711.922756,33138990736.055614,0,0,0
Z3,11,1, 720,17344.0,0.000765,22671895.424837,17344000.0,1.0,2,6.1e-05,4534379.084967,4534379.084967,1816865638.2102811,4537663440.623568,53659749.476363406,5931012711.922756,33138990736.055614,0,0,0
Z3,12,1, 720,16912.0,0.000963,17561786.085151,16912000.0,1.0,2,6.1e-05,3512357.21703,3512357.21703,1816865638.2102811,4537663440.623568,53659749.476363406,5931012711.922756,33138990736.055614,0,0,0
Z3,13,1, 720,13240.0,0.000755,17536423.84106,13240000.0,1.0,2,6.1e-05,3507284.768212,3507284.768212,1816865638.2102811,4537663440.623568,53659749.476363406,5931012711.922756,33138990736.055614,0,0,0
Z3,14,1, 720,28328.0,0.000845,33524260.35503,28328000.0,1.0,2,6.1e-05,6704852.071006,6704852.071006,1816865638.2102811,4537663440.623568,53659749.476363406,5931012711.922756,33138990736.055614,0,0,0
Z3,15,1, 720,30528.0,0.000848,36000000.0,30528000.0,1.0,2,6.1e-05,7200000.0,7200000.0,1816865638.2102811,4537663440.623568,53659749.476363406,5931012711.922756,33138990736.055614,0,0,0
Z3,16,1, 720,16360.0,0.000798,20501253.132832,16360000.0,1.0,2,6.1e-05,4100250.626566,4100250.626566,1816865638.2102811,4537663440.623568,53659749.476363406,5931012711.922756,33138990736.055614,0,0,0
Z3,17,1, 720,33216.0,0.000859,38668218.859139,33216000.0,1.0,2,6.1e-05,7733643.771828,7733643.771828,1816865638.2102811,4537663440.623568,53659749.476363406,5931012711.922756,33138990736.055614,0,0,0
Z3,18,1, 720,28000.0,0.000856,32710280.373832,28000000.0,1.0,2,6.1e-05,6542056.074766,6542056.074766,1816865638.2102811,4537663440.623568,53659749.476363406,5931012711.922756,33138990736.055614,0,0,0
Z3,19,1, 720,15744.0,0.000881,17870601.589103,15744000.0,1.0,2,6.1e-05,3574120.317821,3574120.317821,1816865638.2102811,4537663440.623568,53659749.476363406,5931012711.922756,33138990736.055614,0,0,0
Z3,20,1, 720,16024.0,0.00082,19541463.414634,16024000.0,1.0,2,6.1e-05,3908292.682927,3908292.682927,1816865638.2102811,4537663440.623568,53659749.476363406,5931012711.922756,33138990736.055614,0,0,0
Z3,21,1, 720,11576.0,0.000834,13880095.923261,11576000.0,1.0,2,6.1e-05,2776019.184652,2776019.184652,1816865638.2102811,4537663440.623568,53659749.476363406,5931012711.922756,33138990736.055614,0,0,0
Z3,22,1, 720,10816.0,0.000818,13222493.887531,10816000.0,1.0,2,6.1e-05,2644498.777506,2644498.777506,1816865638.2102811,4537663440.623568,53659749.476363406,5931012711.922756,33138990736.055614,0,0,0
Z3,23,1, 720,13224.0,0.000779,16975609.756098,13224000.0,1.0,2,6.1e-05,3395121.95122,3395121.95122,1816865638.2102811,4537663440.623568,53659749.476363406,5931012711.922756,33138990736.055614,0,0,0
Z3,24,1, 720,17528.0,0.000733,23912687.585266,17528000.0,1.0,2,6.1e-05,4782537.517053,4782537.517053,1816865638.2102811,4537663440.623568,53659749.476363406,5931012711.922756,33138990736.055614,0,0,0
Z3,25,1, 720,23824.0,0.000772,30860103.626943,23824000.0,1.0,2,6.1e-05,6172020.725389,6172020.725389,1816865638.2102811,4537663440.623568,53659749.476363406,5931012711.922756,33138990736.055614,0,0,0
Z3,26,1, 720,11024.0,0.000697,15816355.810617,11024000.0,1.0,2,6.1e-05,3163271.162123,3163271.162123,1816865638.2102811,4537663440.623568,53659749.476363406,5931012711.922756,33138990736.055614,0,0,0
Z3,27,1, 720,15112.0,0.000852,17737089.201878,15112000.0,1.0,2,6.1e-05,3547417.840376,3547417.840376,1816865638.2102811,4537663440.623568,53659749.476363406,5931012711.922756,33138990736.055614,0,0,0
Z3,28,1, 720,24552.0,0.000905,27129281.767956,24552000.0,1.0,2,6.1e-05,5425856.353591,5425856.353591,1816865638.2102811,4537663440.623568,53659749.476363406,5931012711.922756,33138990736.055614,0,0,0
Z3,29,1, 720,10824.0,0.000786,13770992.366412,10824000.0,1.0,2,6.1e-05,2754198.473282,2754198.473282,1816865638.2102811,4537663440.623568,53659749.476363406,5931012711.922756,33138990736.055614,0,0,0
Z3,30,1, 720,6872.0,0.000734,9362397.820163,6872000.0,1.0,2,6.1e-05,1872479.564033,1872479.564033,1816865638.2102811,4537663440.623568,53659749.476363406,5931012711.922756,33138990736.055614,0,0,0
Z3,31,1, 720,6872.0,0.000795,8644025.157233,6872000.0,1.0,2,6.1e-05,1728805.031447,1728805.031447,1816865638.2102811,4537663440.623568,53659749.476363406,5931012711.922756,33138990736.055614,0,0,0
Z3,32,1, 720,6376.0,0.000663,9616892.911011,6376000.0,1.0,2,6.1e-05,1923378.582202,1923378.582202,1816865638.2102811,4537663440.623568,53659749.476363406,5931012711.922756,33138990736.055614,0,0,0
Z3,33,1, 720,6872.0,0.000807,8515489.467162,6872000.0,1.0,2,6.1e-05,1703097.893432,1703097.893432,1816865638.2102811,4537663440.623568,53659749.476363406,5931012711.922756,33138990736.055614,0,0,0
Z3,34,1, 720,6872.0,0.000901,7627081.021088,6872000.0,1.0,2,6.1e-05,1525416.204218,1525416.204218,1816865638.2102811,4537663440.623568,53659749.476363406,5931012711.922756,33138990736.055614,0,0,0
Z3,35,1, 720,6376.0,0.000739,8627875.507442,6376000.0,1.0,2,6.1e-05,1725575.101488,1725575.101488,1816865638.2102811,4537663440.623568,53659749.476363406,5931012711.922756,33138990736.055614,0,0,0
Z3,36,1, 720,6872.0,0.000907,7576626.240353,6872000.0,1.0,2,6.1e-05,1515325.248071,1515325.248071,1816865638.2102811,4537663440.623568,53659749.476363406,5931012711.922756,33138990736.055614,0,0,0
Z3,37,1, 720,6872.0,0.000784,8765306.122449,6872000.0,1.0,2,6.1e-05,1753061.22449,1753061.22449,1816865638.2102811,4537663440.623568,53659749.476363406,5931012711.922756,33138990736.055614,0,0,0
Z3,38,1, 720,6376.0,0.00067,9516417.910448,6376000.0,1.0,2,6.1e-05,1903283.58209,1903283.58209,1816865638.2102811,4537663440.623568,53659749.476363406,5931012711.922756,33138990736.055614,0,0,0
Z1,0,2, 4K,33112.0,0.023028,1437901.684905,1439648.0,1.895375,2,0.104686,2190863.919071,2190863.919071,1816865638.2102811,4537663440.623568,53659749.476363406,5931012711.922756,33138990736.055614,0,0,0
Z2,0,2, 4K,6624.0,0.021388,309706.377408,315424.0,1.895375,2,0.104686,1965224.857571,1965224.857571,1816865638.2102811,4537663440.623568,53659749.476363406,5931012711.922756,33138990736.055614,0,0,0
Z2,1,2, 4K,9736.0,0.000929,10480086.114101,9736000.0,1.895375,2,0.104686,3999300.80491,3999300.80491,1816865638.2102811,4537663440.623568,53659749.476363406,5931012711.922756,33138990736.055614,0,0,0
Z2,2,2, 4K,9976.0,0.000842,11847980.997625,9976000.0,1.895375,2,0.104686,4272879.781614,4272879.781614,1816865638.2102811,4537663440.623568,53659749.476363406,5931012711.922756,33138990736.055614,0,0,0
Z2,3,2, 4K,38152.0,0.000985,38732994.923858,38152000.0,1.895375,2,0.104686,9649882.566861,9649882.566861,1816865638.2102811,4537663440.623568,53659749.476363406,5931012711.922756,33138990736.055614,0,0,0
Z2,4,2, 4K,53912.0,0.001062,50764595.103578,53912000.0,1.895375,2,0.104686,12056202.602805,12056202.602805,1816865638.2102811,4537663440.623568,53659749.476363406,5931012711.922756,33138990736.055614,0,0,0
Z2,5,2, 4K,24608.0,0.000918,26806100.217865,24608000.0,1.895375,2,0.104686,7264503.625663,7264503.625663,1816865638.2102811,4537663440.623568,53659749.476363406,5931012711.922756,33138990736.055614,0,0,0
Z2,6,2, 4K,10280.0,0.000815,12613496.932515,10280000.0,1.895375,2,0.104686,4425982.968593,4425982.968593,1816865638.2102811,4537663440.623568,53659749.476363406,5931012711.922756,33138990736.055614,0,0,0
Z2,7,2, 4K,10280.0,0.000881,11668558.4563,10280000.0,1.895375,2,0.104686,4236995.273349,4236995.273349,1816865638.2102811,4537663440.623568,53659749.476363406,5931012711.922756,33138990736.055614,0,0,0
Z3,0,2, 4K,9976.0,0.022697,439529.453232,453448.0,1.895375,2,0.104686,1991189.472736,1991189.472736,1816865638.2102811,4537663440.623568,53659749.476363406,5931012711.922756,33138990736.055614,0,0,0
Z3,1,2, 4K,9976.0,0.000974,10242299.794661,9976000.0,1.895375,2,0.104686,3951743.541022,3951743.541022,1816865638.2102811,4537663440.623568,53659749.476363406,5931012711.922756,33138990736.055614,0,0,0
Z3,2,2, 4K,9976.0,0.000871,11453501.722158,9976000.0,1.895375,2,0.104686,4193983.926521,4193983.926521,1816865638.2102811,4537663440.623568,53659749.476363406,5931012711.922756,33138990736.055614,0,0,0
Z3,3,2, 4K,9976.0,0.000826,12077481.840194,9976000.0,1.895375,2,0.104686,4318779.950128,4318779.950128,1816865638.2102811,4537663440.623568,53659749.476363406,5931012711.922756,33138990736.055614,0,0,0
Z3,4,2, 4K,9976.0,0.000859,11613504.074505,9976000.0,1.895375,2,0.104686,4225984.396991,4225984.396991,1816865638.2102811,4537663440.623568,53659749.476363406,5931012711.922756,33138990736.055614,0,0,0
Z3,5,2, 4K,9976.0,0.000851,11722679.20094,9976000.0,1.895375,2,0.104686,4247819.422278,4247819.422278,1816865638.2102811,4537663440.623568,53659749.476363406,5931012711.922756,33138990736.055614,0,0,0
Z3,6,2, 4K,9976.0,0.000921,10831704.668838,9976000.0,1.895375,2,0.104686,4069624.515857,4069624.515857,1816865638.2102811,4537663440.623568,53659749.476363406,5931012711.922756,33138990736.055614,0,0,0
Z3,7,2, 4K,9976.0,0.000764,13057591.623037,9976000.0,1.895375,2,0.104686,4514801.906697,4514801.906697,1816865638.2102811,4537663440.623568,53659749.476363406,5931012711.922756,33138990736.055614,0,0,0
Z3,8,2, 4K,9976.0,0.000827,12062877.871826,9976000.0,1.895375,2,0.104686,4315859.156455,4315859.156455,1816865638.2102811,4537663440.623568,53659749.476363406,5931012711.922756,33138990736.055614,0,0,0
Z3,9,2, 4K,9976.0,0.000787,12675984.752224,9976000.0,1.895375,2,0.104686,4438480.532534,4438480.532534,1816865638.2102811,4537663440.623568,53659749.476363406,5931012711.922756,33138990736.055614,0,0,0
Z3,10,2, 4K,40320.0,0.000904,44601769.911504,40320000.0,1.895375,2,0.104686,10823637.56439,10823637.56439,1816865638.2102811,4537663440.623568,53659749.476363406,5931012711.922756,33138990736.055614,0,0,0
Z3,11,2, 4K,25056.0,0.000936,26769230.769231,25056000.0,1.895375,2,0.104686,7257129.735936,7257129.735936,1816865638.2102811,4537663440.623568,53659749.476363406,5931012711.922756,33138990736.055614,0,0,0
Z3,12,2, 4K,28696.0,0.00085,33760000.0,28696000.0,1.895375,2,0.104686,8655283.58209,8655283.58209,1816865638.2102811,4537663440.623568,53659749.476363406,5931012711.922756,33138990736.055614,0,0,0
Z3,13,2, 4K,25792.0,0.000892,28914798.206278,25792000.0,1.895375,2,0.104686,7686243.223345,7686243.223345,1816865638.2102811,4537663440.623568,53659749.476363406,5931012711.922756,33138990736.055614,0,0,0
Z3,14,2, 4K,40168.0,0.000986,40738336.713996,40168000.0,1.895375,2,0.104686,10050950.924889,10050950.924889,1816865638.2102811,4537663440.623568,53659749.476363406,5931012711.922756,33138990736.055614,0,0,0
Z3,15,2, 4K,41448.0,0.001008,41119047.619048,41448000.0,1.895375,2,0.104686,10127093.105899,10127093.105899,1816865638.2102811,4537663440.623568,53659749.476363406,5931012711.922756,33138990736.055614,0,0,0
Z3,16,2, 4K,44560.0,0.000963,46272066.458982,44560000.0,1.895375,2,0.104686,11157696.873886,11157696.873886,1816865638.2102811,4537663440.623568,53659749.476363406,5931012711.922756,33138990736.055614,0,0,0
Z3,17,2, 4K,39312.0,0.000945,41600000.0,39312000.0,1.895375,2,0.104686,10223283.58209,10223283.58209,1816865638.2102811,4537663440.623568,53659749.476363406,5931012711.922756,33138990736.055614,0,0,0
Z3,18,2, 4K,31560.0,0.000981,32171253.82263,31560000.0,1.895375,2,0.104686,8337534.346616,8337534.346616,1816865638.2102811,4537663440.623568,53659749.476363406,5931012711.922756,33138990736.055614,0,0,0
Z3,19,2, 4K,29312.0,0.00099,29608080.808081,29312000.0,1.895375,2,0.104686,7824899.743706,7824899.743706,1816865638.2102811,4537663440.623568,53659749.476363406,5931012711.922756,33138990736.055614,0,0,0
Z3,20,2, 4K,35968.0,0.000935,38468449.197861,35968000.0,1.895375,2,0.104686,9596973.421662,9596973.421662,1816865638.2102811,4537663440.623568,53659749.476363406,5931012711.922756,33138990736.055614,0,0,0
Z3,21,2, 4K,35592.0,0.000926,38436285.097192,35592000.0,1.895375,2,0.104686,9590540.601528,9590540.601528,1816865638.2102811,4537663440.623568,53659749.476363406,5931012711.922756,33138990736.055614,0,0,0
Z3,22,2, 4K,42440.0,0.000989,42912032.355915,42440000.0,1.895375,2,0.104686,10485690.053273,10485690.053273,1816865638.2102811,4537663440.623568,53659749.476363406,5931012711.922756,33138990736.055614,0,0,0
Z3,23,2, 4K,61624.0,0.001078,57165120.593692,61624000.0,1.895375,2,0.104686,13336307.700828,13336307.700828,1816865638.2102811,4537663440.623568,53659749.476363406,5931012711.922756,33138990736.055614,0,0,0
Z3,24,2, 4K,64952.0,0.001028,63182879.377432,64952000.0,1.895375,2,0.104686,14539859.457576,14539859.457576,1816865638.2102811,4537663440.623568,53659749.476363406,5931012711.922756,33138990736.055614,0,0,0
Z3,25,2, 4K,73400.0,0.001057,69441816.461684,73400000.0,1.895375,2,0.104686,15791646.874426,15791646.874426,1816865638.2102811,4537663440.623568,53659749.476363406,5931012711.922756,33138990736.055614,0,0,0
Z3,26,2, 4K,52792.0,0.001025,51504390.243902,52792000.0,1.895375,2,0.104686,12204161.63087,12204161.63087,1816865638.2102811,4537663440.623568,53659749.476363406,5931012711.922756,33138990736.055614,0,0,0
Z3,27,2, 4K,67272.0,0.001123,59903829.029386,67272000.0,1.895375,2,0.104686,13884049.387967,13884049.387967,1816865638.2102811,4537663440.623568,53659749.476363406,5931012711.922756,33138990736.055614,0,0,0
Z3,28,2, 4K,64968.0,0.0011,59061818.181818,64968000.0,1.895375,2,0.104686,13715647.218453,13715647.218453,1816865638.2102811,4537663440.623568,53659749.476363406,5931012711.922756,33138990736.055614,0,0,0
Z3,29,2, 4K,52408.0,0.001129,46419840.566873,52408000.0,1.895375,2,0.104686,11187251.695464,11187251.695464,1816865638.2102811,4537663440.623568,53659749.476363406,5931012711.922756,33138990736.055614,0,0,0
Z3,30,2, 4K,10280.0,0.000931,11041890.440387,10280000.0,1.895375,2,0.104686,4111661.670167,4111661.670167,1816865638.2102811,4537663440.623568,53659749.476363406,5931012711.922756,33138990736.055614,0,0,0
Z3,31,2, 4K,10280.0,0.000881,11668558.4563,10280000.0,1.895375,2,0.104686,4236995.273349,4236995.273349,1816865638.2102811,4537663440.623568,53659749.476363406,5931012711.922756,33138990736.055614,0,0,0
Z3,32,2, 4K,10280.0,0.000884,11628959.276018,10280000.0,1.895375,2,0.104686,4229075.437293,4229075.437293,1816865638.2102811,4537663440.623568,53659749.476363406,5931012711.922756,33138990736.055614,0,0,0
Z3,33,2, 4K,10280.0,0.00093,11053763.44086,10280000.0,1.895375,2,0.104686,4114036.270262,4114036.270262,1816865638.2102811,4537663440.623568,53659749.476363406,5931012711.922756,33138990736.055614,0,0,0
Z3,34,2, 4K,10280.0,0.000949,10832455.216017,10280000.0,1.895375,2,0.104686,4069774.625293,4069774.625293,1816865638.2102811,4537663440.623568,53659749.476363406,5931012711.922756,33138990736.055614,0,0,0
Z3,35,2, 4K,10280.0,0.000905,11359116.022099,10280000.0,1.895375,2,0.104686,4175106.786509,4175106.786509,1816865638.2102811,4537663440.623568,53659749.476363406,5931012711.922756,33138990736.055614,0,0,0
Z3,36,2, 4K,10280.0,0.00088,11681818.181818,10280000.0,1.895375,2,0.104686,4239647.218453,4239647.218453,1816865638.2102811,4537663440.623568,53659749.476363406,5931012711.922756,33138990736.055614,0,0,0
Z3,37,2, 4K,10280.0,0.00097,10597938.14433,10280000.0,1.895375,2,0.104686,4022871.210956,4022871.210956,1816865638.2102811,4537663440.623568,53659749.476363406,5931012711.922756,33138990736.055614,0,0,0
Z3,38,2, 4K,10280.0,0.000924,11125541.125541,10280000.0,1.895375,2,0.104686,4128391.807198,4128391.807198,1816865638.2102811,4537663440.623568,53659749.476363406,5931012711.922756,33138990736.055614,0,0,0
Z1,0,3, 4K,37368.0,0.021612,1729039.422543,1779424.0,1.780096,2,0.219965,4474199.691706,4474199.691706,1816865638.2102811,4537663440.623568,53659749.476363406,5931012711.922756,33138990736.055614,0,0,0
Z2,0,3, 4K,6624.0,0.02129,311131.986848,315424.0,1.780096,2,0.219965,4190618.204567,4190618.204567,1816865638.2102811,4537663440.623568,53659749.476363406,5931012711.922756,33138990736.055614,0,0,0
Z2,1,3, 4K,9736.0,0.000815,11946012.269939,9736000.0,1.780096,2,0.219965,6517594.261186,6517594.261186,1816865638.2102811,4537663440.623568,53659749.476363406,5931012711.922756,33138990736.055614,0,0,0
Z2,2,3, 4K,9976.0,0.000869,11479861.910242,9976000.0,1.780096,2,0.219965,6424364.189246,6424364.189246,1816865638.2102811,4537663440.623568,53659749.476363406,5931012711.922756,33138990736.055614,0,0,0
Z2,3,3, 4K,41472.0,0.001036,40030888.030888,41472000.0,1.780096,2,0.219965,12134569.413375,12134569.413375,1816865638.2102811,4537663440.623568,53659749.476363406,5931012711.922756,33138990736.055614,0,0,0
Z2,4,3, 4K,64608.0,0.001174,55032367.972743,64608000.0,1.780096,2,0.219965,15134865.401746,15134865.401746,1816865638.2102811,4537663440.623568,53659749.476363406,5931012711.922756,33138990736.055614,0,0,0
Z2,5,3, 4K,26312.0,0.000992,26524193.548387,26312000.0,1.780096,2,0.219965,9433230.516875,9433230.516875,1816865638.2102811,4537663440.623568,53659749.476363406,5931012711.922756,33138990736.055614,0,0,0
Z2,6,3, 4K,10280.0,0.000887,11589627.959414,10280000.0,1.780096,2,0.219965,6446317.399081,6446317.399081,1816865638.2102811,4537663440.623568,53659749.476363406,5931012711.922756,33138990736.055614,0,0,0
Z2,7,3, 4K,10280.0,0.001047,9818529.13085,10280000.0,1.780096,2,0.219965,6092097.633368,6092097.633368,1816865638.2102811,4537663440.623568,53659749.476363406,5931012711.922756,33138990736.055614,0,0,0
Z3,0,3, 4K,9976.0,0.023389,426525.289666,433736.0,1.780096,2,0.219965,4213696.865131,4213696.865131,1816865638.2102811,4537663440.623568,53659749.476363406,5931012711.922756,33138990736.055614,0,0,0
Z3,1,3, 4K,9976.0,0.000885,11272316.384181,9976000.0,1.780096,2,0.219965,6382855.084034,6382855.084034,1816865638.2102811,4537663440.623568,53659749.476363406,5931012711.922756,33138990736.055614,0,0,0
Z3,2,3, 4K,9976.0,0.00088,11336363.636364,9976000.0,1.780096,2,0.219965,6395664.534471,6395664.534471,1816865638.2102811,4537663440.623568,53659749.476363406,5931012711.922756,33138990736.055614,0,0,0
Z3,3,3, 4K,9976.0,0.00091,10962637.362637,9976000.0,1.780096,2,0.219965,6320919.279725,6320919.279725,1816865638.2102811,4537663440.623568,53659749.476363406,5931012711.922756,33138990736.055614,0,0,0
Z3,4,3, 4K,9976.0,0.000898,11109131.403118,9976000.0,1.780096,2,0.219965,6350218.087821,6350218.087821,1816865638.2102811,4537663440.623568,53659749.476363406,5931012711.922756,33138990736.055614,0,0,0
Z3,5,3, 4K,9976.0,0.000839,11890345.649583,9976000.0,1.780096,2,0.219965,6506460.937114,6506460.937114,1816865638.2102811,4537663440.623568,53659749.476363406,5931012711.922756,33138990736.055614,0,0,0
Z3,6,3, 4K,9976.0,0.000835,11947305.389222,9976000.0,1.780096,2,0.219965,6517852.885042,6517852.885042,1816865638.2102811,4537663440.623568,53659749.476363406,5931012711.922756,33138990736.055614,0,0,0
Z3,7,3, 4K,9976.0,0.000834,11961630.695444,9976000.0,1.780096,2,0.219965,6520717.946287,6520717.946287,1816865638.2102811,4537663440.623568,53659749.476363406,5931012711.922756,33138990736.055614,0,0,0
Z3,8,3, 4K,9976.0,0.000836,11933014.354067,9976000.0,1.780096,2,0.219965,6514994.678011,6514994.678011,1816865638.2102811,4537663440.623568,53659749.476363406,5931012711.922756,33138990736.055614,0,0,0
Z3,9,3, 4K,9976.0,0.000787,12675984.752224,9976000.0,1.780096,2,0.219965,6663588.757643,6663588.757643,1816865638.2102811,4537663440.623568,53659749.476363406,5931012711.922756,33138990736.055614,0,0,0
Z3,10,3, 4K,46944.0,0.000925,50750270.27027,46944000.0,1.780096,2,0.219965,14278445.861252,14278445.861252,1816865638.2102811,4537663440.623568,53659749.476363406,5931012711.922756,33138990736.055614,0,0,0
Z3,11,3, 4K,25776.0,0.000859,30006984.866123,25776000.0,1.780096,2,0.219965,10129788.780422,10129788.780422,1816865638.2102811,4537663440.623568,53659749.476363406,5931012711.922756,33138990736.055614,0,0,0
Z3,12,3, 4K,29160.0,0.000929,31388589.881593,29160000.0,1.780096,2,0.219965,10406109.783516,10406109.783516,1816865638.2102811,4537663440.623568,53659749.476363406,5931012711.922756,33138990736.055614,0,0,0
Z3,13,3, 4K,27488.0,0.000909,30239823.982398,27488000.0,1.780096,2,0.219965,10176356.603677,10176356.603677,1816865638.2102811,4537663440.623568,53659749.476363406,5931012711.922756,33138990736.055614,0,0,0
Z3,14,3, 4K,44488.0,0.000927,47991370.010787,44488000.0,1.780096,2,0.219965,13726665.809355,13726665.809355,1816865638.2102811,4537663440.623568,53659749.476363406,5931012711.922756,33138990736.055614,0,0,0
Z3,15,3, 4K,39320.0,0.000983,40000000.0,39320000.0,1.780096,2,0.219965,12128391.807198,12128391.807198,1816865638.2102811,4537663440.623568,53659749.476363406,5931012711.922756,33138990736.055614,0,0,0
Z3,16,3, 4K,43888.0,0.001003,43756729.810568,43888000.0,1.780096,2,0.219965,12879737.769311,12879737.769311,1816865638.2102811,4537663440.623568,53659749.476363406,5931012711.922756,33138990736.055614,0,0,0
Z3,17,3, 4K,44080.0,0.00095,46400000.0,44080000.0,1.780096,2,0.219965,13408391.807198,13408391.807198,1816865638.2102811,4537663440.623568,53659749.476363406,5931012711.922756,33138990736.055614,0,0,0
Z3,18,3, 4K,34432.0,0.000906,38004415.011038,34432000.0,1.780096,2,0.219965,11729274.809405,11729274.809405,1816865638.2102811,4537663440.623568,53659749.476363406,5931012711.922756,33138990736.055614,0,0,0
Z3,19,3, 4K,31336.0,0.001029,30452866.86103,31336000.0,1.780096,2,0.219965,10218965.179404,10218965.179404,1816865638.2102811,4537663440.623568,53659749.476363406,5931012711.922756,33138990736.055614,0,0,0
Z3,20,3, 4K,37168.0,0.00111,33484684.684685,37168000.0,1.780096,2,0.219965,10825328.744135,10825328.744135,1816865638.2102811,4537663440.623568,53659749.476363406,5931012711.922756,33138990736.055614,0,0,0
Z3,21,3, 4K,36888.0,0.001031,35778855.480116,36888000.0,1.780096,2,0.219965,11284162.903221,11284162.903221,1816865638.2102811,4537663440.623568,53659749.476363406,5931012711.922756,33138990736.055614,0,0,0
Z3,22,3, 4K,45448.0,0.000996,45630522.088353,45448000.0,1.780096,2,0.219965,13254496.224868,13254496.224868,1816865638.2102811,4537663440.623568,53659749.476363406,5931012711.922756,33138990736.055614,0,0,0
Z3,23,3, 4K,60880.0,0.001108,54945848.375451,60880000.0,1.780096,2,0.219965,15117561.482288,15117561.482288,1816865638.2102811,4537663440.623568,53659749.476363406,5931012711.922756,33138990736.055614,0,0,0
Z3,24,3, 4K,64936.0,0.001144,56762237.762238,64936000.0,1.780096,2,0.219965,15480839.359645,15480839.359645,1816865638.2102811,4537663440.623568,53659749.476363406,5931012711.922756,33138990736.055614,0,0,0
Z3,25,3, 4K,68152.0,0.001119,60904378.909741,68152000.0,1.780096,2,0.219965,16309267.589146,16309267.589146,1816865638.2102811,4537663440.623568,53659749.476363406,5931012711.922756,33138990736.055614,0,0,0
Z3,26,3, 4K,51256.0,0.001073,47768872.320596,51256000.0,1.780096,2,0.219965,13682166.271317,13682166.271317,1816865638.2102811,4537663440.623568,53659749.476363406,5931012711.922756,33138990736.055614,0,0,0
Z3,27,3, 4K,77296.0,0.001228,62944625.407166,77296000.0,1.780096,2,0.219965,16717316.888631,16717316.888631,1816865638.2102811,4537663440.623568,53659749.476363406,5931012711.922756,33138990736.055614,0,0,0
Z3,28,3, 4K,69656.0,0.001164,59841924.398625,69656000.0,1.780096,2,0.219965,16096776.686923,16096776.686923,1816865638.2102811,4537663440.623568,53659749.476363406,5931012711.922756,33138990736.055614,0,0,0
Z3,29,3, 4K,53752.0,0.001078,49862708.719852,53752000.0,1.780096,2,0.219965,14100933.551168,14100933.551168,1816865638.2102811,4537663440.623568,53659749.476363406,5931012711.922756,33138990736.055614,0,0,0
Z3,30,3, 4K,10280.0,0.00097,10597938.14433,10280000.0,1.780096,2,0.219965,6247979.436064,6247979.436064,1816865638.2102811,4537663440.623568,53659749.476363406,5931012711.922756,33138990736.055614,0,0,0
Z3,31,3, 4K,10280.0,0.000994,10342052.313883,10280000.0,1.780096,2,0.219965,6196802.269974,6196802.269974,1816865638.2102811,4537663440.623568,53659749.476363406,5931012711.922756,33138990736.055614,0,0,0
Z3,32,3, 4K,10280.0,0.000954,10775681.341719,10280000.0,1.780096,2,0.219965,6283528.075542,6283528.075542,1816865638.2102811,4537663440.623568,53659749.476363406,5931012711.922756,33138990736.055614,0,0,0
Z3,33,3, 4K,10280.0,0.000837,12281959.378734,10280000.0,1.780096,2,0.219965,6584783.682944,6584783.682944,1816865638.2102811,4537663440.623568,53659749.476363406,5931012711.922756,33138990736.055614,0,0,0
Z3,34,3, 4K,10280.0,0.00078,13179487.179487,10280000.0,1.780096,2,0.219965,6764289.243095,6764289.243095,1816865638.2102811,4537663440.623568,53659749.476363406,5931012711.922756,33138990736.055614,0,0,0
Z3,35,3, 4K,10280.0,0.000833,12340936.37455,10280000.0,1.780096,2,0.219965,6596579.082108,6596579.082108,1816865638.2102811,4537663440.623568,53659749.476363406,5931012711.922756,33138990736.055614,0,0,0
Z3,36,3, 4K,10288.0,0.000725,14190344.827586,10288000.0,1.780096,2,0.219965,6966460.772715,6966460.772715,1816865638.2102811,4537663440.623568,53659749.476363406,5931012711.922756,33138990736.055614,0,0,0
Z3,37,3, 4K,10280.0,0.000818,12567237.163814,10280000.0,1.780096,2,0.219965,6641839.239961,6641839.239961,1816865638.2102811,4537663440.623568,53659749.476363406,5931012711.922756,33138990736.055614,0,0,0
Z3,38,3, 4K,10280.0,0.000872,11788990.825688,10280000.0,1.780096,2,0.219965,6486189.972335,6486189.972335,1816865638.2102811,4537663440.623568,53659749.476363406,5931012711.922756,33138990736.055614,0,0,0
Z1,0,4, 4K,78920.0,0.022887,3448245.729016,3587272.0,1.665235,2,1.334826,7175839.118139,7175839.118139,1816865638.2102811,4537663440.623568,53659749.476363406,5931012711.922756,33138990736.055614,0,0,0
Z2,0,4, 4K,6624.0,0.022542,293851.477242,301088.0,1.665235,2,1.334826,6544960.267784,6544960.267784,1816865638.2102811,4537663440.623568,53659749.476363406,5931012711.922756,33138990736.055614,0,0,0
Z2,1,4, 4K,9856.0,0.000913,10795180.722892,9856000.0,1.665235,2,1.334826,8645226.116914,8645226.116914,1816865638.2102811,4537663440.623568,53659749.476363406,5931012711.922756,33138990736.055614,0,0,0
Z2,2,4, 4K,10000.0,0.000841,11890606.420927,10000000.0,1.665235,2,1.334826,8864311.256521,8864311.256521,1816865638.2102811,4537663440.623568,53659749.476363406,5931012711.922756,33138990736.055614,0,0,0
Z2,3,4, 4K,61192.0,0.001125,54392888.888889,61192000.0,1.665235,2,1.334826,17364767.750113,17364767.750113,1816865638.2102811,4537663440.623568,53659749.476363406,5931012711.922756,33138990736.055614,0,0,0
Z2,4,4, 4K,105968.0,0.001051,100825880.114177,105968000.0,1.665235,2,1.334826,26651365.995171,26651365.995171,1816865638.2102811,4537663440.623568,53659749.476363406,5931012711.922756,33138990736.055614,0,0,0
Z2,5,4, 4K,53008.0,0.001157,45815038.893691,53008000.0,1.665235,2,1.334826,15649197.751074,15649197.751074,1816865638.2102811,4537663440.623568,53659749.476363406,5931012711.922756,33138990736.055614,0,0,0
Z2,6,4, 4K,17976.0,0.000767,23436766.623207,17976000.0,1.665235,2,1.334826,11173543.296977,11173543.296977,1816865638.2102811,4537663440.623568,53659749.476363406,5931012711.922756,33138990736.055614,0,0,0
Z2,7,4, 4K,11688.0,0.000925,12635675.675676,11688000.0,1.665235,2,1.334826,9013325.107471,9013325.107471,1816865638.2102811,4537663440.623568,53659749.476363406,5931012711.922756,33138990736.055614,0,0,0
Z3,0,4, 4K,10160.0,0.023201,437912.158959,441736.0,1.665235,2,1.334826,6573772.404127,6573772.404127,1816865638.2102811,4537663440.623568,53659749.476363406,5931012711.922756,33138990736.055614,0,0,0
Z3,1,4, 4K,10112.0,0.000775,13047741.935484,10112000.0,1.665235,2,1.334826,9095738.359432,9095738.359432,1816865638.2102811,4537663440.623568,53659749.476363406,5931012711.922756,33138990736.055614,0,0,0
Z3,2,4, 4K,10000.0,0.000766,13054830.287206,10000000.0,1.665235,2,1.334826,9097156.029777,9097156.029777,1816865638.2102811,4537663440.623568,53659749.476363406,5931012711.922756,33138990736.055614,0,0,0
Z3,3,4, 4K,10000.0,0.000774,12919896.640827,10000000.0,1.665235,2,1.334826,9070169.300501,9070169.300501,1816865638.2102811,4537663440.623568,53659749.476363406,5931012711.922756,33138990736.055614,0,0,0
Z3,4,4, 4K,10000.0,0.000694,14409221.902017,10000000.0,1.665235,2,1.334826,9368034.352739,9368034.352739,1816865638.2102811,4537663440.623568,53659749.476363406,5931012711.922756,33138990736.055614,0,0,0
Z3,5,4, 4K,10000.0,0.000767,13037809.647979,10000000.0,1.665235,2,1.334826,9093751.901931,9093751.901931,1816865638.2102811,4537663440.623568,53659749.476363406,5931012711.922756,33138990736.055614,0,0,0
Z3,6,4, 4K,10400.0,0.000669,15545590.433483,10400000.0,1.665235,2,1.334826,9595308.059032,9595308.059032,1816865638.2102811,4537663440.623568,53659749.476363406,5931012711.922756,33138990736.055614,0,0,0
Z3,7,4, 4K,10000.0,0.000807,12391573.729864,10000000.0,1.665235,2,1.334826,8964504.718308,8964504.718308,1816865638.2102811,4537663440.623568,53659749.476363406,5931012711.922756,33138990736.055614,0,0,0
Z3,8,4, 4K,10000.0,0.000775,12903225.806452,10000000.0,1.665235,2,1.334826,9066835.133626,9066835.133626,1816865638.2102811,4537663440.623568,53659749.476363406,5931012711.922756,33138990736.055614,0,0,0
Z3,9,4, 4K,10016.0,0.000775,12923870.967742,10016000.0,1.665235,2,1.334826,9070964.165884,9070964.165884,1816865638.2102811,4537663440.623568,53659749.476363406,5931012711.922756,33138990736.055614,0,0,0
Z3,10,4, 4K,69528.0,0.000956,72728033.472803,69528000.0,1.665235,2,1.334826,21031796.666896,21031796.666896,1816865638.2102811,4537663440.623568,53659749.476363406,5931012711.922756,33138990736.055614,0,0,0
Z3,11,4, 4K,50216.0,0.000842,59638954.869359,50216000.0,1.665235,2,1.334826,18413980.946207,18413980.946207,1816865638.2102811,4537663440.623568,53659749.476363406,5931012711.922756,33138990736.055614,0,0,0
Z3,12,4, 4K,53360.0,0.000815,65472392.638037,53360000.0,1.665235,2,1.334826,19580668.499943,19580668.499943,1816865638.2102811,4537663440.623568,53659749.476363406,5931012711.922756,33138990736.055614,0,0,0
Z3,13,4, 4K,45608.0,0.000816,55892156.862745,45608000.0,1.665235,2,1.334826,17664621.344884,17664621.344884,1816865638.2102811,4537663440.623568,53659749.476363406,5931012711.922756,33138990736.055614,0,0,0
Z3,14,4, 4K,88024.0,0.00107,82265420.560748,88024000.0,1.665235,2,1.334826,22939274.084485,22939274.084485,1816865638.2102811,4537663440.623568,53659749.476363406,5931012711.922756,33138990736.055614,0,0,0
Z3,15,4, 4K,65880.0,0.001133,58146513.680494,65880000.0,1.665235,2,1.334826,18115492.708434,18115492.708434,1816865638.2102811,4537663440.623568,53659749.476363406,5931012711.922756,33138990736.055614,0,0,0
Z3,16,4, 4K,81544.0,0.001101,74063578.564941,81544000.0,1.665235,2,1.334826,21298905.685324,21298905.685324,1816865638.2102811,4537663440.623568,53659749.476363406,5931012711.922756,33138990736.055614,0,0,0
Z3,17,4, 4K,79088.0,0.001051,75250237.868696,79088000.0,1.665235,2,1.334826,21536237.546075,21536237.546075,1816865638.2102811,4537663440.623568,53659749.476363406,5931012711.922756,33138990736.055614,0,0,0
Z3,18,4, 4K,60616.0,0.001125,53880888.888889,60616000.0,1.665235,2,1.334826,17262367.750113,17262367.750113,1816865638.2102811,4537663440.623568,53659749.476363406,5931012711.922756,33138990736.055614,0,0,0
Z3,19,4, 4K,55928.0,0.000944,59245762.711864,55928000.0,1.665235,2,1.334826,18335342.514708,18335342.514708,1816865638.2102811,4537663440.623568,53659749.476363406,5931012711.922756,33138990736.055614,0,0,0
Z3,20,4, 4K,60512.0,0.000936,64649572.649573,60512000.0,1.665235,2,1.334826,19416104.50225,19416104.50225,1816865638.2102811,4537663440.623568,53659749.476363406,5931012711.922756,33138990736.055614,0,0,0
Z3,21,4, 4K,116408.0,0.001234,94333873.581848,116408000.0,1.665235,2,1.334826,25352964.688705,25352964.688705,1816865638.2102811,4537663440.623568,53659749.476363406,5931012711.922756,33138990736.055614,0,0,0
Z3,22,4, 4K,104248.0,0.00148,70437837.837838,104248000.0,1.665235,2,1.334826,20573757.539903,20573757.539903,1816865638.2102811,4537663440.623568,53659749.476363406,5931012711.922756,33138990736.055614,0,0,0
Z3,23,4, 4K,138368.0,0.001513,91452742.894911,138368000.0,1.665235,2,1.334826,24776738.551318,24776738.551318,1816865638.2102811,4537663440.623568,53659749.476363406,5931012711.922756,33138990736.055614,0,0,0
Z3,24,4, 4K,139408.0,0.001392,100149425.287356,139408000.0,1.665235,2,1.334826,26516075.029807,26516075.029807,1816865638.2102811,4537663440.623568,53659749.476363406,5931012711.922756,33138990736.055614,0,0,0
Z3,25,4, 4K,141032.0,0.001478,95420838.971583,141032000.0,1.665235,2,1.334826,25570357.766652,25570357.766652,1816865638.2102811,4537663440.623568,53659749.476363406,5931012711.922756,33138990736.055614,0,0,0
Z3,26,4, 4K,125672.0,0.001293,97194122.196442,125672000.0,1.665235,2,1.334826,25925014.411624,25925014.411624,1816865638.2102811,4537663440.623568,53659749.476363406,5931012711.922756,33138990736.055614,0,0,0
Z3,27,4, 4K,147320.0,0.001502,98082556.591212,147320000.0,1.665235,2,1.334826,26102701.290578,26102701.290578,1816865638.2102811,4537663440.623568,53659749.476363406,5931012711.922756,33138990736.055614,0,0,0
Z3,28,4, 4K,120984.0,0.001442,83900138.696255,120984000.0,1.665235,2,1.334826,23266217.711586,23266217.711586,1816865638.2102811,4537663440.623568,53659749.476363406,5931012711.922756,33138990736.055614,0,0,0
Z3,29,4, 4K,87456.0,0.00118,74115254.237288,87456000.0,1.665235,2,1.334826,21309240.819793,21309240.819793,1816865638.2102811,4537663440.623568,53659749.476363406,5931012711.922756,33138990736.055614,0,0,0
Z3,30,4, 4K,19872.0,0.000886,22428893.905192,19872000.0,1.665235,2,1.334826,10971968.753374,10971968.753374,1816865638.2102811,4537663440.623568,53659749.476363406,5931012711.922756,33138990736.055614,0,0,0
Z3,31,4, 4K,17320.0,0.000791,21896333.754741,17320000.0,1.665235,2,1.334826,10865456.723284,10865456.723284,1816865638.2102811,4537663440.623568,53659749.476363406,5931012711.922756,33138990736.055614,0,0,0
Z3,32,4, 4K,20880.0,0.000782,26700767.263427,20880000.0,1.665235,2,1.334826,11826343.425021,11826343.425021,1816865638.2102811,4537663440.623568,53659749.476363406,5931012711.922756,33138990736.055614,0,0,0
Z3,33,4, 4K,18648.0,0.000775,24061935.483871,18648000.0,1.665235,2,1.334826,11298577.06911,11298577.06911,1816865638.2102811,4537663440.623568,53659749.476363406,5931012711.922756,33138990736.055614,0,0,0
Z3,34,4, 4K,15368.0,0.000671,22903129.657228,15368000.0,1.665235,2,1.334826,11066815.903781,11066815.903781,1816865638.2102811,4537663440.623568,53659749.476363406,5931012711.922756,33138990736.055614,0,0,0
Z3,35,4, 4K,17240.0,0.000758,22744063.324538,17240000.0,1.665235,2,1.334826,11035002.637243,11035002.637243,1816865638.2102811,4537663440.623568,53659749.476363406,5931012711.922756,33138990736.055614,0,0,0
Z3,36,4, 4K,34944.0,0.000801,43625468.164794,34944000.0,1.665235,2,1.334826,15211283.605294,15211283.605294,1816865638.2102811,4537663440.623568,53659749.476363406,5931012711.922756,33138990736.055614,0,0,0
Z3,37,4, 4K,16344.0,0.004496,3635231.316726,4086000.0,1.665235,2,1.334826,7213236.235681,7213236.235681,1816865638.2102811,4537663440.623568,53659749.476363406,5931012711.922756,33138990736.055614,0,0,0
Z3,38,4, 4K,11896.0,0.000758,15693931.398417,11896000.0,1.665235,2,1.334826,9624976.252019,9624976.252019,1816865638.2102811,4537663440.623568,53659749.476363406,5931012711.922756,33138990736.055614,0,0,0
Z1,0,5, 4K,86352.0,0.021604,3997037.585632,4112000.0,1.542346,2,1.457715,10424383.769145,10424383.769145,1816865638.2102811,4537663440.623568,53659749.476363406,5931012711.922756,33138990736.055614,0,0,0
Z2,0,5, 4K,6624.0,0.020788,318645.37233,331200.0,1.542346,2,1.457715,9688705.326485,9688705.326485,1816865638.2102811,4537663440.623568,53659749.476363406,5931012711.922756,33138990736.055614,0,0,0
Z2,1,5, 4K,15440.0,0.000826,18692493.946731,15440000.0,1.542346,2,1.457715,13363475.041365,13363475.041365,1816865638.2102811,4537663440.623568,53659749.476363406,5931012711.922756,33138990736.055614,0,0,0
Z2,2,5, 4K,14656.0,0.000817,17938800.489596,14656000.0,1.542346,2,1.457715,13212736.349938,13212736.349938,1816865638.2102811,4537663440.623568,53659749.476363406,5931012711.922756,33138990736.055614,0,0,0
Z2,3,5, 4K,59096.0,0.001385,42668592.057762,59096000.0,1.542346,2,1.457715,18158694.663571,18158694.663571,1816865638.2102811,4537663440.623568,53659749.476363406,5931012711.922756,33138990736.055614,0,0,0
Z2,4,5, 4K,117640.0,0.001283,91691348.402182,117640000.0,1.542346,2,1.457715,27963245.932455,27963245.932455,1816865638.2102811,4537663440.623568,53659749.476363406,5931012711.922756,33138990736.055614,0,0,0
Z2,5,5, 4K,68288.0,0.001087,62822447.102116,68288000.0,1.542346,2,1.457715,22189465.672442,22189465.672442,1816865638.2102811,4537663440.623568,53659749.476363406,5931012711.922756,33138990736.055614,0,0,0
Z2,6,5, 4K,47432.0,0.001073,44205032.618826,47432000.0,1.542346,2,1.457715,18465982.775784,18465982.775784,1816865638.2102811,4537663440.623568,53659749.476363406,5931012711.922756,33138990736.055614,0,0,0
Z2,7,5, 4K,40216.0,0.001294,31078825.347759,40216000.0,1.542346,2,1.457715,15840741.321571,15840741.321571,1816865638.2102811,4537663440.623568,53659749.476363406,5931012711.922756,33138990736.055614,0,0,0
Z3,0,5, 4K,16504.0,0.022608,730007.077141,750176.0,1.542346,2,1.457715,9770977.667447,9770977.667447,1816865638.2102811,4537663440.623568,53659749.476363406,5931012711.922756,33138990736.055614,0,0,0
Z3,1,5, 4K,16120.0,0.001037,15544840.887175,16120000.0,1.542346,2,1.457715,12733944.429454,12733944.429454,1816865638.2102811,4537663440.623568,53659749.476363406,5931012711.922756,33138990736.055614,0,0,0
Z3,2,5, 4K,15008.0,0.000811,18505548.705302,15008000.0,1.542346,2,1.457715,13326085.993079,13326085.993079,1816865638.2102811,4537663440.623568,53659749.476363406,5931012711.922756,33138990736.055614,0,0,0
Z3,3,5, 4K,15032.0,0.000928,16198275.862069,15032000.0,1.542346,2,1.457715,12864631.424433,12864631.424433,1816865638.2102811,4537663440.623568,53659749.476363406,5931012711.922756,33138990736.055614,0,0,0
Z3,4,5, 4K,12928.0,0.00106,12196226.415094,12928000.0,1.542346,2,1.457715,12064221.535038,12064221.535038,1816865638.2102811,4537663440.623568,53659749.476363406,5931012711.922756,33138990736.055614,0,0,0
Z3,5,5, 4K,13640.0,0.000692,19710982.65896,13640000.0,1.542346,2,1.457715,13567172.783811,13567172.783811,1816865638.2102811,4537663440.623568,53659749.476363406,5931012711.922756,33138990736.055614,0,0,0
Z3,6,5, 4K,14648.0,0.00075,19530666.666667,14648000.0,1.542346,2,1.457715,13531109.585352,13531109.585352,1816865638.2102811,4537663440.623568,53659749.476363406,5931012711.922756,33138990736.055614,0,0,0
Z3,7,5, 4K,15008.0,0.001005,14933333.333333,15008000.0,1.542346,2,1.457715,12611642.918685,12611642.918685,1816865638.2102811,4537663440.623568,53659749.476363406,5931012711.922756,33138990736.055614,0,0,0
Z3,8,5, 4K,14312.0,0.000904,15831858.40708,14312000.0,1.542346,2,1.457715,12791347.933435,12791347.933435,1816865638.2102811,4537663440.623568,53659749.476363406,5931012711.922756,33138990736.055614,0,0,0
Z3,9,5, 4K,14200.0,0.000945,15026455.026455,14200000.0,1.542346,2,1.457715,12630267.25731,12630267.25731,1816865638.2102811,4537663440.623568,53659749.476363406,5931012711.922756,33138990736.055614,0,0,0
Z3,10,5, 4K,67288.0,0.001269,53024428.684003,67288000.0,1.542346,2,1.457715,20229861.988819,20229861.988819,1816865638.2102811,4537663440.623568,53659749.476363406,5931012711.922756,33138990736.055614,0,0,0
Z3,11,5, 4K,52536.0,0.000964,54497925.311203,52536000.0,1.542346,2,1.457715,20524561.314259,20524561.314259,1816865638.2102811,4537663440.623568,53659749.476363406,5931012711.922756,33138990736.055614,0,0,0
Z3,12,5, 4K,52032.0,0.001,52032000.0,52032000.0,1.542346,2,1.457715,20031376.252019,20031376.252019,1816865638.2102811,4537663440.623568,53659749.476363406,5931012711.922756,33138990736.055614,0,0,0
Z3,13,5, 4K,44632.0,0.001017,43885939.036382,44632000.0,1.542346,2,1.457715,18402164.059295,18402164.059295,1816865638.2102811,4537663440.623568,53659749.476363406,5931012711.922756,33138990736.055614,0,0,0
Z3,14,5, 4K,76304.0,0.001179,64719253.60475,76304000.0,1.542346,2,1.457715,22568826.972969,22568826.972969,1816865638.2102811,4537663440.623568,53659749.476363406,5931012711.922756,33138990736.055614,0,0,0
Z3,15,5, 4K,71856.0,0.001219,58946677.604594,71856000.0,1.542346,2,1.457715,21414311.772938,21414311.772938,1816865638.2102811,4537663440.623568,53659749.476363406,5931012711.922756,33138990736.055614,0,0,0
Z3,16,5, 4K,82648.0,0.001284,64367601.246106,82648000.0,1.542346,2,1.457715,22498496.50124,22498496.50124,1816865638.2102811,4537663440.623568,53659749.476363406,5931012711.922756,33138990736.055614,0,0,0
Z3,17,5, 4K,76072.0,0.001053,72243114.909782,76072000.0,1.542346,2,1.457715,24073599.233975,24073599.233975,1816865638.2102811,4537663440.623568,53659749.476363406,5931012711.922756,33138990736.055614,0,0,0
Z3,18,5, 4K,59304.0,0.001012,58600790.513834,59304000.0,1.542346,2,1.457715,21345134.354786,21345134.354786,1816865638.2102811,4537663440.623568,53659749.476363406,5931012711.922756,33138990736.055614,0,0,0
Z3,19,5, 4K,43064.0,0.001063,40511759.172154,43064000.0,1.542346,2,1.457715,17727328.08645,17727328.08645,1816865638.2102811,4537663440.623568,53659749.476363406,5931012711.922756,33138990736.055614,0,0,0
Z3,20,5, 4K,54872.0,0.001036,52965250.965251,54872000.0,1.542346,2,1.457715,20218026.445069,20218026.445069,1816865638.2102811,4537663440.623568,53659749.476363406,5931012711.922756,33138990736.055614,0,0,0
Z3,21,5, 4K,135784.0,0.001452,93515151.515152,135784000.0,1.542346,2,1.457715,28328006.555049,28328006.555049,1816865638.2102811,4537663440.623568,53659749.476363406,5931012711.922756,33138990736.055614,0,0,0
Z3,22,5, 4K,118304.0,0.001475,80206101.694915,118304000.0,1.542346,2,1.457715,25666196.591002,25666196.591002,1816865638.2102811,4537663440.623568,53659749.476363406,5931012711.922756,33138990736.055614,0,0,0
Z3,23,5, 4K,147040.0,0.001513,97184401.850628,147040000.0,1.542346,2,1.457715,29061856.622144,29061856.622144,1816865638.2102811,4537663440.623568,53659749.476363406,5931012711.922756,33138990736.055614,0,0,0
Z3,24,5, 4K,179520.0,0.001724,104129930.394432,179520000.0,1.542346,2,1.457715,30450962.330905,30450962.330905,1816865638.2102811,4537663440.623568,53659749.476363406,5931012711.922756,33138990736.055614,0,0,0
Z3,25,5, 4K,172688.0,0.001484,116366576.819407,172688000.0,1.542346,2,1.457715,32898291.6159,32898291.6159,1816865638.2102811,4537663440.623568,53659749.476363406,5931012711.922756,33138990736.055614,0,0,0
Z3,26,5, 4K,145128.0,0.001264,114816455.696203,145128000.0,1.542346,2,1.457715,32588267.391259,32588267.391259,1816865638.2102811,4537663440.623568,53659749.476363406,5931012711.922756,33138990736.055614,0,0,0
Z3,27,5, 4K,179592.0,0.001375,130612363.636364,179592000.0,1.542346,2,1.457715,35747448.979291,35747448.979291,1816865638.2102811,4537663440.623568,53659749.476363406,5931012711.922756,33138990736.055614,0,0,0
Z3,28,5, 4K,140720.0,0.001472,95597826.086957,140720000.0,1.542346,2,1.457715,28744541.46941,28744541.46941,1816865638.2102811,4537663440.623568,53659749.476363406,5931012711.922756,33138990736.055614,0,0,0
Z3,29,5, 4K,83928.0,0.001274,65877551.020408,83928000.0,1.542346,2,1.457715,22800486.4561,22800486.4561,1816865638.2102811,4537663440.623568,53659749.476363406,5931012711.922756,33138990736.055614,0,0,0
Z3,30,5, 4K,82192.0,0.001348,60973293.768546,82192000.0,1.542346,2,1.457715,21819635.005728,21819635.005728,1816865638.2102811,4537663440.623568,53659749.476363406,5931012711.922756,33138990736.055614,0,0,0
Z3,31,5, 4K,68504.0,0.00113,60623008.849558,68504000.0,1.542346,2,1.457715,21749578.02193,21749578.02193,1816865638.2102811,4537663440.623568,53659749.476363406,5931012711.922756,33138990736.055614,0,0,0
Z3,32,5, 4K,53776.0,0.000975,55154871.794872,53776000.0,1.542346,2,1.457715,20655950.610993,20655950.610993,1816865638.2102811,4537663440.623568,53659749.476363406,5931012711.922756,33138990736.055614,0,0,0
Z3,33,5, 4K,72968.0,0.001235,59083400.809717,72968000.0,1.542346,2,1.457715,21441656.413962,21441656.413962,1816865638.2102811,4537663440.623568,53659749.476363406,5931012711.922756,33138990736.055614,0,0,0
Z3,34,5, 4K,78200.0,0.00115,68000000.0,78200000.0,1.542346,2,1.457715,23224976.252019,23224976.252019,1816865638.2102811,4537663440.623568,53659749.476363406,5931012711.922756,33138990736.055614,0,0,0
Z3,35,5, 4K,63936.0,0.001209,52883374.689826,63936000.0,1.542346,2,1.457715,20201651.189984,20201651.189984,1816865638.2102811,4537663440.623568,53659749.476363406,5931012711.922756,33138990736.055614,0,0,0
Z3,36,5, 4K,86888.0,0.001395,62285304.659498,86888000.0,1.542346,2,1.457715,22082037.183918,22082037.183918,1816865638.2102811,4537663440.623568,53659749.476363406,5931012711.922756,33138990736.055614,0,0,0
Z3,37,5, 4K,53856.0,0.001004,53641434.262948,53856000.0,1.542346,2,1.457715,20353263.104608,20353263.104608,1816865638.2102811,4537663440.623568,53659749.476363406,5931012711.922756,33138990736.055614,0,0,0
Z3,38,5, 4K,42888.0,0.001102,38918330.30853,42888000.0,1.542346,2,1.457715,17408642.313725,17408642.313725,1816865638.2102811,4537663440.623568,53659749.476363406,5931012711.922756,33138990736.055614,0,0,0
Z1,0,6, 4K,32384.0,0.022204,1458475.950279,1472000.0,1.418725,2,2.581336,15797053.921691,15797053.921691,1816865638.2102811,4537663440.623568,53659749.476363406,5931012711.922756,33138990736.055614,0,0,0
Z2,0,6, 4K,11672.0,0.026151,446330.924248,448920.0,1.418725,2,2.581336,15594624.916485,15594624.916485,1816865638.2102811,4537663440.623568,53659749.476363406,5931012711.922756,33138990736.055614,0,0,0
Z2,1,6, 4K,36784.0,0.001297,28360832.690825,36784000.0,1.418725,2,2.581336,21177525.2698,21177525.2698,1816865638.2102811,4537663440.623568,53659749.476363406,5931012711.922756,33138990736.055614,0,0,0
Z2,2,6, 4K,30448.0,0.001035,29418357.487923,30448000.0,1.418725,2,2.581336,21389030.22922,21389030.22922,1816865638.2102811,4537663440.623568,53659749.476363406,5931012711.922756,33138990736.055614,0,0,0
Z2,3,6, 4K,89424.0,0.001142,78304728.54641,89424000.0,1.418725,2,2.581336,31166304.440917,31166304.440917,1816865638.2102811,4537663440.623568,53659749.476363406,5931012711.922756,33138990736.055614,0,0,0
Z2,4,6, 4K,37976.0,0.000882,43056689.342404,37976000.0,1.418725,2,2.581336,24116696.600116,24116696.600116,1816865638.2102811,4537663440.623568,53659749.476363406,5931012711.922756,33138990736.055614,0,0,0
Z2,5,6, 4K,44392.0,0.000897,49489409.141583,44392000.0,1.418725,2,2.581336,25403240.559952,25403240.559952,1816865638.2102811,4537663440.623568,53659749.476363406,5931012711.922756,33138990736.055614,0,0,0
Z2,6,6, 4K,23176.0,0.000897,25837235.22854,23176000.0,1.418725,2,2.581336,20672805.777343,20672805.777343,1816865638.2102811,4537663440.623568,53659749.476363406,5931012711.922756,33138990736.055614,0,0,0
Z2,7,6, 4K,20712.0,0.000884,23429864.253394,20712000.0,1.418725,2,2.581336,20191331.582314,20191331.582314,1816865638.2102811,4537663440.623568,53659749.476363406,5931012711.922756,33138990736.055614,0,0,0
Z3,0,6, 4K,6624.0,0.022003,301049.856838,301088.0,1.418725,2,2.581336,15565568.703003,15565568.703003,1816865638.2102811,4537663440.623568,53659749.476363406,5931012711.922756,33138990736.055614,0,0,0
Z3,1,6, 4K,12000.0,0.001079,11121408.71177,12000000.0,1.418725,2,2.581336,17729640.473989,17729640.473989,1816865638.2102811,4537663440.623568,53659749.476363406,5931012711.922756,33138990736.055614,0,0,0
Z3,2,6, 4K,12312.0,0.000951,12946372.239748,12312000.0,1.418725,2,2.581336,18094633.179585,18094633.179585,1816865638.2102811,4537663440.623568,53659749.476363406,5931012711.922756,33138990736.055614,0,0,0
Z3,3,6, 4K,11800.0,0.000866,13625866.050808,11800000.0,1.418725,2,2.581336,18230531.941797,18230531.941797,1816865638.2102811,4537663440.623568,53659749.476363406,5931012711.922756,33138990736.055614,0,0,0
Z3,4,6, 4K,11672.0,0.000955,12221989.528796,11672000.0,1.418725,2,2.581336,17949756.637394,17949756.637394,1816865638.2102811,4537663440.623568,53659749.476363406,5931012711.922756,33138990736.055614,0,0,0
Z3,5,6, 4K,11856.0,0.000963,12311526.479751,11856000.0,1.418725,2,2.581336,17967664.027585,17967664.027585,1816865638.2102811,4537663440.623568,53659749.476363406,5931012711.922756,33138990736.055614,0,0,0
Z3,6,6, 4K,11392.0,0.001457,7818805.765271,11392000.0,1.418725,2,2.581336,17069119.884689,17069119.884689,1816865638.2102811,4537663440.623568,53659749.476363406,5931012711.922756,33138990736.055614,0,0,0
Z3,7,6, 4K,11608.0,0.000792,14656565.656566,11608000.0,1.418725,2,2.581336,18436671.862948,18436671.862948,1816865638.2102811,4537663440.623568,53659749.476363406,5931012711.922756,33138990736.055614,0,0,0
Z3,8,6, 4K,11808.0,0.001035,11408695.652174,11808000.0,1.418725,2,2.581336,17787097.86207,17787097.86207,1816865638.2102811,4537663440.623568,53659749.476363406,5931012711.922756,33138990736.055614,0,0,0
Z3,9,6, 4K,11616.0,0.000902,12878048.780488,11616000.0,1.418725,2,2.581336,18080968.487733,18080968.487733,1816865638.2102811,4537663440.623568,53659749.476363406,5931012711.922756,33138990736.055614,0,0,0
Z3,10,6, 4K,11320.0,0.001031,10979631.4258,11320000.0,1.418725,2,2.581336,17701285.016795,17701285.016795,1816865638.2102811,4537663440.623568,53659749.476363406,5931012711.922756,33138990736.055614,0,0,0
Z3,11,6, 4K,11456.0,0.000953,12020986.358867,11456000.0,1.418725,2,2.581336,17909556.003409,17909556.003409,1816865638.2102811,4537663440.623568,53659749.476363406,5931012711.922756,33138990736.055614,0,0,0
Z3,12,6, 4K,30472.0,0.001197,25456975.772765,30472000.0,1.418725,2,2.581336,20596753.886188,20596753.886188,1816865638.2102811,4537663440.623568,53659749.476363406,5931012711.922756,33138990736.055614,0,0,0
Z3,13,6, 4K,27608.0,0.00089,31020224.719101,27608000.0,1.418725,2,2.581336,21709403.675455,21709403.675455,1816865638.2102811,4537663440.623568,53659749.476363406,5931012711.922756,33138990736.055614,0,0,0
Z3,14,6, 4K,24088.0,0.001025,23500487.804878,24088000.0,1.418725,2,2.581336,20205456.292611,20205456.292611,1816865638.2102811,4537663440.623568,53659749.476363406,5931012711.922756,33138990736.055614,0,0,0
Z3,15,6, 4K,38328.0,0.000815,47028220.858896,38328000.0,1.418725,2,2.581336,24911002.903414,24911002.903414,1816865638.2102811,4537663440.623568,53659749.476363406,5931012711.922756,33138990736.055614,0,0,0
Z3,16,6, 4K,32072.0,0.001069,30001870.90739,32072000.0,1.418725,2,2.581336,21505732.913113,21505732.913113,1816865638.2102811,4537663440.623568,53659749.476363406,5931012711.922756,33138990736.055614,0,0,0
Z3,17,6, 4K,42136.0,0.001075,39196279.069767,42136000.0,1.418725,2,2.581336,23344614.545589,23344614.545589,1816865638.2102811,4537663440.623568,53659749.476363406,5931012711.922756,33138990736.055614,0,0,0
Z3,18,6, 4K,36072.0,0.001089,33123966.942149,36072000.0,1.418725,2,2.581336,22130152.120065,22130152.120065,1816865638.2102811,4537663440.623568,53659749.476363406,5931012711.922756,33138990736.055614,0,0,0
Z3,19,6, 4K,27192.0,0.000886,30690744.920993,27192000.0,1.418725,2,2.581336,21643507.715834,21643507.715834,1816865638.2102811,4537663440.623568,53659749.476363406,5931012711.922756,33138990736.055614,0,0,0
Z3,20,6, 4K,23688.0,0.000804,29462686.567164,23688000.0,1.418725,2,2.581336,21397896.045068,21397896.045068,1816865638.2102811,4537663440.623568,53659749.476363406,5931012711.922756,33138990736.055614,0,0,0
Z3,21,6, 4K,86000.0,0.00147,58503401.360544,86000000.0,1.418725,2,2.581336,27206039.003744,27206039.003744,1816865638.2102811,4537663440.623568,53659749.476363406,5931012711.922756,33138990736.055614,0,0,0
Z3,22,6, 4K,62728.0,0.00122,51416393.442623,62728000.0,1.418725,2,2.581336,25788637.42016,25788637.42016,1816865638.2102811,4537663440.623568,53659749.476363406,5931012711.922756,33138990736.055614,0,0,0
Z3,23,6, 4K,65864.0,0.001283,51335931.410756,65864000.0,1.418725,2,2.581336,25772545.013786,25772545.013786,1816865638.2102811,4537663440.623568,53659749.476363406,5931012711.922756,33138990736.055614,0,0,0
Z3,24,6, 4K,82512.0,0.001303,63324635.456639,82512000.0,1.418725,2,2.581336,28170285.822963,28170285.822963,1816865638.2102811,4537663440.623568,53659749.476363406,5931012711.922756,33138990736.055614,0,0,0
Z3,25,6, 4K,102240.0,0.001441,70950728.660652,102240000.0,1.418725,2,2.581336,29695504.463766,29695504.463766,1816865638.2102811,4537663440.623568,53659749.476363406,5931012711.922756,33138990736.055614,0,0,0
Z3,26,6, 4K,69304.0,0.001299,53351809.083911,69304000.0,1.418725,2,2.581336,26175720.548417,26175720.548417,1816865638.2102811,4537663440.623568,53659749.476363406,5931012711.922756,33138990736.055614,0,0,0
Z3,27,6, 4K,73800.0,0.001068,69101123.595506,73800000.0,1.418725,2,2.581336,29325583.450736,29325583.450736,1816865638.2102811,4537663440.623568,53659749.476363406,5931012711.922756,33138990736.055614,0,0,0
Z3,28,6, 4K,59424.0,0.001364,43565982.404692,59424000.0,1.418725,2,2.581336,24218555.212574,24218555.212574,1816865638.2102811,4537663440.623568,53659749.476363406,5931012711.922756,33138990736.055614,0,0,0
Z3,29,6, 4K,38896.0,0.001051,37008563.273073,38896000.0,1.418725,2,2.581336,22907071.38625,22907071.38625,1816865638.2102811,4537663440.623568,53659749.476363406,5931012711.922756,33138990736.055614,0,0,0
Z3,30,6, 4K,30224.0,0.0009,33582222.222222,30224000.0,1.418725,2,2.581336,22221803.17608,22221803.17608,1816865638.2102811,4537663440.623568,53659749.476363406,5931012711.922756,33138990736.055614,0,0,0
Z3,31,6, 4K,34568.0,0.000995,34741708.542714,34568000.0,1.418725,2,2.581336,22453700.440178,22453700.440178,1816865638.2102811,4537663440.623568,53659749.476363406,5931012711.922756,33138990736.055614,0,0,0
Z3,32,6, 4K,62896.0,0.001153,54549869.904597,62896000.0,1.418725,2,2.581336,26415332.712555,26415332.712555,1816865638.2102811,4537663440.623568,53659749.476363406,5931012711.922756,33138990736.055614,0,0,0
Z3,33,6, 4K,50288.0,0.001181,42580863.674852,50288000.0,1.418725,2,2.581336,24021531.466606,24021531.466606,1816865638.2102811,4537663440.623568,53659749.476363406,5931012711.922756,33138990736.055614,0,0,0
Z3,34,6, 4K,37280.0,0.000996,37429718.875502,37280000.0,1.418725,2,2.581336,22991302.506736,22991302.506736,1816865638.2102811,4537663440.623568,53659749.476363406,5931012711.922756,33138990736.055614,0,0,0
Z3,35,6, 4K,26840.0,0.000955,28104712.041885,26840000.0,1.418725,2,2.581336,21126301.140012,21126301.140012,1816865638.2102811,4537663440.623568,53659749.476363406,5931012711.922756,33138990736.055614,0,0,0
Z3,36,6, 4K,30408.0,0.001012,30047430.83004,30408000.0,1.418725,2,2.581336,21514844.897643,21514844.897643,1816865638.2102811,4537663440.623568,53659749.476363406,5931012711.922756,33138990736.055614,0,0,0
Z3,37,6, 4K,24136.0,0.000946,25513742.071882,24136000.0,1.418725,2,2.581336,20608107.146012,20608107.146012,1816865638.2102811,4537663440.623568,53659749.476363406,5931012711.922756,33138990736.055614,0,0,0
Z3,38,6, 4K,21376.0,0.000786,27195928.753181,21376000.0,1.418725,2,2.581336,20944544.482271,20944544.482271,1816865638.2102811,4537663440.623568,53659749.476363406,5931012711.922756,33138990736.055614,0,0,0
Z1,0,7, 4K,33008.0,0.018974,1739643.722989,1833776.0,1.294648,2,2.705413,19067365.001761,19067365.001761,1816865638.2102811,4537663440.623568,53659749.476363406,5931012711.922756,33138990736.055614,0,0,0
Z2,0,7, 4K,11888.0,0.022597,526087.533743,540360.0,1.294648,2,2.705413,18824653.763912,18824653.763912,1816865638.2102811,4537663440.623568,53659749.476363406,5931012711.922756,33138990736.055614,0,0,0
Z2,1,7, 4K,40440.0,0.000955,42345549.73822,40440000.0,1.294648,2,2.705413,27188546.204807,27188546.204807,1816865638.2102811,4537663440.623568,53659749.476363406,5931012711.922756,33138990736.055614,0,0,0
Z2,2,7, 4K,30824.0,0.000823,37453219.927096,30824000.0,1.294648,2,2.705413,26210080.242582,26210080.242582,1816865638.2102811,4537663440.623568,53659749.476363406,5931012711.922756,33138990736.055614,0,0,0
Z2,3,7, 4K,76304.0,0.001098,69493624.772313,76304000.0,1.294648,2,2.705413,32618161.211626,32618161.211626,1816865638.2102811,4537663440.623568,53659749.476363406,5931012711.922756,33138990736.055614,0,0,0
Z2,4,7, 4K,40368.0,0.001008,40047619.047619,40368000.0,1.294648,2,2.705413,26728960.066687,26728960.066687,1816865638.2102811,4537663440.623568,53659749.476363406,5931012711.922756,33138990736.055614,0,0,0
Z2,5,7, 4K,46048.0,0.000994,46325955.734406,46048000.0,1.294648,2,2.705413,27984627.404044,27984627.404044,1816865638.2102811,4537663440.623568,53659749.476363406,5931012711.922756,33138990736.055614,0,0,0
Z2,6,7, 4K,66864.0,0.00103,64916504.854369,66864000.0,1.294648,2,2.705413,31702737.228037,31702737.228037,1816865638.2102811,4537663440.623568,53659749.476363406,5931012711.922756,33138990736.055614,0,0,0
Z2,7,7, 4K,21440.0,0.000922,23253796.095445,21440000.0,1.294648,2,2.705413,23370195.476252,23370195.476252,1816865638.2102811,4537663440.623568,53659749.476363406,5931012711.922756,33138990736.055614,0,0,0
Z3,0,7, 4K,6624.0,0.026078,254007.209142,254768.0,1.294648,2,2.705413,18770237.698991,18770237.698991,1816865638.2102811,4537663440.623568,53659749.476363406,5931012711.922756,33138990736.055614,0,0,0
Z3,1,7, 4K,12288.0,0.000913,13458926.615553,12288000.0,1.294648,2,2.705413,21411221.580274,21411221.580274,1816865638.2102811,4537663440.623568,53659749.476363406,5931012711.922756,33138990736.055614,0,0,0
Z3,2,7, 4K,12288.0,0.000935,13142245.989305,12288000.0,1.294648,2,2.705413,21347885.455024,21347885.455024,1816865638.2102811,4537663440.623568,53659749.476363406,5931012711.922756,33138990736.055614,0,0,0
Z3,3,7, 4K,12304.0,0.000926,13287257.019438,12304000.0,1.294648,2,2.705413,21376887.661051,21376887.661051,1816865638.2102811,4537663440.623568,53659749.476363406,5931012711.922756,33138990736.055614,0,0,0
Z3,4,7, 4K,11832.0,0.00106,11162264.150943,11832000.0,1.294648,2,2.705413,20951889.087352,20951889.087352,1816865638.2102811,4537663440.623568,53659749.476363406,5931012711.922756,33138990736.055614,0,0,0
Z3,5,7, 4K,12664.0,0.001087,11650413.983441,12664000.0,1.294648,2,2.705413,21049519.053851,21049519.053851,1816865638.2102811,4537663440.623568,53659749.476363406,5931012711.922756,33138990736.055614,0,0,0
Z3,6,7, 4K,11360.0,0.000774,14677002.583979,11360000.0,1.294648,2,2.705413,21654836.773959,21654836.773959,1816865638.2102811,4537663440.623568,53659749.476363406,5931012711.922756,33138990736.055614,0,0,0
Z3,7,7, 4K,11624.0,0.000818,14210268.948655,11624000.0,1.294648,2,2.705413,21561490.046894,21561490.046894,1816865638.2102811,4537663440.623568,53659749.476363406,5931012711.922756,33138990736.055614,0,0,0
Z3,8,7, 4K,12008.0,0.000819,14661782.661783,12008000.0,1.294648,2,2.705413,21651792.78952,21651792.78952,1816865638.2102811,4537663440.623568,53659749.476363406,5931012711.922756,33138990736.055614,0,0,0
Z3,9,7, 4K,11744.0,0.000991,11850655.903128,11744000.0,1.294648,2,2.705413,21089567.437789,21089567.437789,1816865638.2102811,4537663440.623568,53659749.476363406,5931012711.922756,33138990736.055614,0,0,0
Z3,10,7, 4K,11584.0,0.000811,14283600.493218,11584000.0,1.294648,2,2.705413,21576156.355807,21576156.355807,1816865638.2102811,4537663440.623568,53659749.476363406,5931012711.922756,33138990736.055614,0,0,0
Z3,11,7, 4K,11528.0,0.000893,12909294.512878,11528000.0,1.294648,2,2.705413,21301295.159739,21301295.159739,1816865638.2102811,4537663440.623568,53659749.476363406,5931012711.922756,33138990736.055614,0,0,0
Z3,12,7, 4K,32448.0,0.001199,27062552.126772,32448000.0,1.294648,2,2.705413,24131946.682518,24131946.682518,1816865638.2102811,4537663440.623568,53659749.476363406,5931012711.922756,33138990736.055614,0,0,0
Z3,13,7, 4K,29808.0,0.001264,23582278.481013,29808000.0,1.294648,2,2.705413,23435891.953366,23435891.953366,1816865638.2102811,4537663440.623568,53659749.476363406,5931012711.922756,33138990736.055614,0,0,0
Z3,14,7, 4K,26008.0,0.000768,33864583.333333,26008000.0,1.294648,2,2.705413,25492352.92383,25492352.92383,1816865638.2102811,4537663440.623568,53659749.476363406,5931012711.922756,33138990736.055614,0,0,0
Z3,15,7, 4K,43712.0,0.001133,38580759.046778,43712000.0,1.294648,2,2.705413,26435588.066519,26435588.066519,1816865638.2102811,4537663440.623568,53659749.476363406,5931012711.922756,33138990736.055614,0,0,0
Z3,16,7, 4K,42976.0,0.000901,47698113.207547,42976000.0,1.294648,2,2.705413,28259058.898673,28259058.898673,1816865638.2102811,4537663440.623568,53659749.476363406,5931012711.922756,33138990736.055614,0,0,0
Z3,17,7, 4K,80888.0,0.00162,49930864.197531,80888000.0,1.294648,2,2.705413,28705609.096669,28705609.096669,1816865638.2102811,4537663440.623568,53659749.476363406,5931012711.922756,33138990736.055614,0,0,0
Z3,18,7, 4K,51248.0,0.001018,50341846.75835,51248000.0,1.294648,2,2.705413,28787805.608833,28787805.608833,1816865638.2102811,4537663440.623568,53659749.476363406,5931012711.922756,33138990736.055614,0,0,0
Z3,19,7, 4K,29472.0,0.001083,27213296.398892,29472000.0,1.294648,2,2.705413,24162095.536942,24162095.536942,1816865638.2102811,4537663440.623568,53659749.476363406,5931012711.922756,33138990736.055614,0,0,0
Z3,20,7, 4K,23856.0,0.001405,16979359.430605,23856000.0,1.294648,2,2.705413,22115308.143284,22115308.143284,1816865638.2102811,4537663440.623568,53659749.476363406,5931012711.922756,33138990736.055614,0,0,0
Z3,21,7, 4K,78816.0,0.001201,65625312.2398,78816000.0,1.294648,2,2.705413,31844498.705123,31844498.705123,1816865638.2102811,4537663440.623568,53659749.476363406,5931012711.922756,33138990736.055614,0,0,0
Z3,22,7, 4K,66288.0,0.00127,52195275.590551,66288000.0,1.294648,2,2.705413,29158491.375273,29158491.375273,1816865638.2102811,4537663440.623568,53659749.476363406,5931012711.922756,33138990736.055614,0,0,0
Z3,23,7, 4K,69920.0,0.001121,62372881.355932,69920000.0,1.294648,2,2.705413,31194012.52835,31194012.52835,1816865638.2102811,4537663440.623568,53659749.476363406,5931012711.922756,33138990736.055614,0,0,0
Z3,24,7, 4K,81944.0,0.001308,62648318.042813,81944000.0,1.294648,2,2.705413,31249099.865726,31249099.865726,1816865638.2102811,4537663440.623568,53659749.476363406,5931012711.922756,33138990736.055614,0,0,0
Z3,25,7, 4K,102376.0,0.001675,61120000.0,102376000.0,1.294648,2,2.705413,30943436.257163,30943436.257163,1816865638.2102811,4537663440.623568,53659749.476363406,5931012711.922756,33138990736.055614,0,0,0
Z3,26,7, 4K,76792.0,0.001562,49162612.035851,76792000.0,1.294648,2,2.705413,28551958.664333,28551958.664333,1816865638.2102811,4537663440.623568,53659749.476363406,5931012711.922756,33138990736.055614,0,0,0
Z3,27,7, 4K,81072.0,0.001587,51085066.162571,81072000.0,1.294648,2,2.705413,28936449.489677,28936449.489677,1816865638.2102811,4537663440.623568,53659749.476363406,5931012711.922756,33138990736.055614,0,0,0
Z3,28,7, 4K,62656.0,0.000999,62718718.718719,62656000.0,1.294648,2,2.705413,31263180.000907,31263180.000907,1816865638.2102811,4537663440.623568,53659749.476363406,5931012711.922756,33138990736.055614,0,0,0
Z3,29,7, 4K,41248.0,0.000955,43191623.036649,41248000.0,1.294648,2,2.705413,27357760.864493,27357760.864493,1816865638.2102811,4537663440.623568,53659749.476363406,5931012711.922756,33138990736.055614,0,0,0
Z3,30,7, 4K,51888.0,0.001127,46040816.326531,51888000.0,1.294648,2,2.705413,27927599.522469,27927599.522469,1816865638.2102811,4537663440.623568,53659749.476363406,5931012711.922756,33138990736.055614,0,0,0
Z3,31,7, 4K,60864.0,0.001863,32669887.278583,60864000.0,1.294648,2,2.705413,25253413.71288,25253413.71288,1816865638.2102811,4537663440.623568,53659749.476363406,5931012711.922756,33138990736.055614,0,0,0
Z3,32,7, 4K,30224.0,0.000928,32568965.517241,30224000.0,1.294648,2,2.705413,25233229.360611,25233229.360611,1816865638.2102811,4537663440.623568,53659749.476363406,5931012711.922756,33138990736.055614,0,0,0
Z3,33,7, 4K,29312.0,0.000899,32605116.79644,29312000.0,1.294648,2,2.705413,25240459.616451,25240459.616451,1816865638.2102811,4537663440.623568,53659749.476363406,5931012711.922756,33138990736.055614,0,0,0
Z3,34,7, 4K,25728.0,0.00098,26253061.22449,25728000.0,1.294648,2,2.705413,23970048.502061,23970048.502061,1816865638.2102811,4537663440.623568,53659749.476363406,5931012711.922756,33138990736.055614,0,0,0
Z3,35,7, 4K,27640.0,0.001288,21459627.329193,27640000.0,1.294648,2,2.705413,23011361.723002,23011361.723002,1816865638.2102811,4537663440.623568,53659749.476363406,5931012711.922756,33138990736.055614,0,0,0
Z3,36,7, 4K,32608.0,0.000943,34579003.181336,32608000.0,1.294648,2,2.705413,25635236.89343,25635236.89343,1816865638.2102811,4537663440.623568,53659749.476363406,5931012711.922756,33138990736.055614,0,0,0
Z3,37,7, 4K,25080.0,0.001083,23157894.736842,25080000.0,1.294648,2,2.705413,23351015.204532,23351015.204532,1816865638.2102811,4537663440.623568,53659749.476363406,5931012711.922756,33138990736.055614,0,0,0
Z3,38,7, 4K,21912.0,0.00104,21069230.769231,21912000.0,1.294648,2,2.705413,22933282.411009,22933282.411009,1816865638.2102811,4537663440.623568,53659749.476363406,5931012711.922756,33138990736.055614,0,0,0
Z1,0,8, 4K,12368.0,0.021049,587581.357784,588952.0,1.171581,2,3.82848,20693000.517428,20693000.517428,1816865638.2102811,4537663440.623568,53659749.476363406,5931012711.922756,33138990736.055614,0,0,0
Z2,0,8, 4K,6624.0,0.022048,300435.413643,301088.0,1.171581,2,3.82848,20635571.3286,20635571.3286,1816865638.2102811,4537663440.623568,53659749.476363406,5931012711.922756,33138990736.055614,0,0,0
Z2,1,8, 4K,12736.0,0.000885,14390960.451977,12736000.0,1.171581,2,3.82848,23453676.336267,23453676.336267,1816865638.2102811,4537663440.623568,53659749.476363406,5931012711.922756,33138990736.055614,0,0,0
Z2,2,8, 4K,12272.0,0.000913,13441401.971522,12272000.0,1.171581,2,3.82848,23263764.640176,23263764.640176,1816865638.2102811,4537663440.623568,53659749.476363406,5931012711.922756,33138990736.055614,0,0,0
Z2,3,8, 4K,47728.0,0.001124,42462633.451957,47728000.0,1.171581,2,3.82848,29068010.936263,29068010.936263,1816865638.2102811,4537663440.623568,53659749.476363406,5931012711.922756,33138990736.055614,0,0,0
Z2,4,8, 4K,47048.0,0.001118,42082289.80322,47048000.0,1.171581,2,3.82848,28991942.206516,28991942.206516,1816865638.2102811,4537663440.623568,53659749.476363406,5931012711.922756,33138990736.055614,0,0,0
Z2,5,8, 4K,46672.0,0.001372,34017492.71137,46672000.0,1.171581,2,3.82848,27378982.788146,27378982.788146,1816865638.2102811,4537663440.623568,53659749.476363406,5931012711.922756,33138990736.055614,0,0,0
Z2,6,8, 4K,116120.0,0.001913,60700470.465238,116120000.0,1.171581,2,3.82848,32715578.338919,32715578.338919,1816865638.2102811,4537663440.623568,53659749.476363406,5931012711.922756,33138990736.055614,0,0,0
Z2,7,8, 4K,109880.0,0.001641,66959171.237051,109880000.0,1.171581,2,3.82848,33967318.493282,33967318.493282,1816865638.2102811,4537663440.623568,53659749.476363406,5931012711.922756,33138990736.055614,0,0,0
Z3,0,8, 4K,13168.0,0.021809,603787.427209,627040.0,1.171581,2,3.82848,20696241.731313,20696241.731313,1816865638.2102811,4537663440.623568,53659749.476363406,5931012711.922756,33138990736.055614,0,0,0
Z3,1,8, 4K,12440.0,0.000887,14024802.70575,12440000.0,1.171581,2,3.82848,23380444.787022,23380444.787022,1816865638.2102811,4537663440.623568,53659749.476363406,5931012711.922756,33138990736.055614,0,0,0
Z3,2,8, 4K,12288.0,0.000885,13884745.762712,12288000.0,1.171581,2,3.82848,23352433.398414,23352433.398414,1816865638.2102811,4537663440.623568,53659749.476363406,5931012711.922756,33138990736.055614,0,0,0
Z3,3,8, 4K,13040.0,0.000665,19609022.556391,13040000.0,1.171581,2,3.82848,24497288.75715,24497288.75715,1816865638.2102811,4537663440.623568,53659749.476363406,5931012711.922756,33138990736.055614,0,0,0
Z3,4,8, 4K,11984.0,0.000871,13758897.818599,11984000.0,1.171581,2,3.82848,23327263.809592,23327263.809592,1816865638.2102811,4537663440.623568,53659749.476363406,5931012711.922756,33138990736.055614,0,0,0
Z3,5,8, 4K,12736.0,0.004612,2761491.760624,3184000.0,1.171581,2,3.82848,21127782.597997,21127782.597997,1816865638.2102811,4537663440.623568,53659749.476363406,5931012711.922756,33138990736.055614,0,0,0
Z3,6,8, 4K,12728.0,0.000949,13412012.644889,12728000.0,1.171581,2,3.82848,23257886.77485,23257886.77485,1816865638.2102811,4537663440.623568,53659749.476363406,5931012711.922756,33138990736.055614,0,0,0
Z3,7,8, 4K,13416.0,0.001012,13256916.996047,13416000.0,1.171581,2,3.82848,23226867.645081,23226867.645081,1816865638.2102811,4537663440.623568,53659749.476363406,5931012711.922756,33138990736.055614,0,0,0
Z3,8,8, 4K,12296.0,0.000768,16010416.666667,12296000.0,1.171581,2,3.82848,23777567.579205,23777567.579205,1816865638.2102811,4537663440.623568,53659749.476363406,5931012711.922756,33138990736.055614,0,0,0
Z3,9,8, 4K,36848.0,0.001059,34795089.707271,36848000.0,1.171581,2,3.82848,27534502.187326,27534502.187326,1816865638.2102811,4537663440.623568,53659749.476363406,5931012711.922756,33138990736.055614,0,0,0
Z3,10,8, 4K,37200.0,0.001,37200000.0,37200000.0,1.171581,2,3.82848,28015484.245872,28015484.245872,1816865638.2102811,4537663440.623568,53659749.476363406,5931012711.922756,33138990736.055614,0,0,0
Z3,11,8, 4K,36304.0,0.000998,36376753.507014,36304000.0,1.171581,2,3.82848,27850834.947274,27850834.947274,1816865638.2102811,4537663440.623568,53659749.476363406,5931012711.922756,33138990736.055614,0,0,0
Z3,12,8, 4K,72440.0,0.001177,61546304.163127,72440000.0,1.171581,2,3.82848,32884745.078497,32884745.078497,1816865638.2102811,4537663440.623568,53659749.476363406,5931012711.922756,33138990736.055614,0,0,0
Z3,13,8, 4K,94656.0,0.001253,75543495.610535,94656000.0,1.171581,2,3.82848,35684183.367979,35684183.367979,1816865638.2102811,4537663440.623568,53659749.476363406,5931012711.922756,33138990736.055614,0,0,0
Z3,14,8, 4K,126944.0,0.00134,94734328.358209,126944000.0,1.171581,2,3.82848,39522349.917513,39522349.917513,1816865638.2102811,4537663440.623568,53659749.476363406,5931012711.922756,33138990736.055614,0,0,0
Z3,15,8, 4K,91896.0,0.001412,65082152.974504,91896000.0,1.171581,2,3.82848,33591914.840773,33591914.840773,1816865638.2102811,4537663440.623568,53659749.476363406,5931012711.922756,33138990736.055614,0,0,0
Z3,16,8, 4K,51968.0,0.00112,46400000.0,51968000.0,1.171581,2,3.82848,29855484.245872,29855484.245872,1816865638.2102811,4537663440.623568,53659749.476363406,5931012711.922756,33138990736.055614,0,0,0
Z3,17,8, 4K,33024.0,0.001289,25619860.356866,33024000.0,1.171581,2,3.82848,25699456.317245,25699456.317245,1816865638.2102811,4537663440.623568,53659749.476363406,5931012711.922756,33138990736.055614,0,0,0
Z3,18,8, 4K,183840.0,0.001969,93367191.46775,183840000.0,1.171581,2,3.82848,39248922.539422,39248922.539422,1816865638.2102811,4537663440.623568,53659749.476363406,5931012711.922756,33138990736.055614,0,0,0
Z3,19,8, 4K,154184.0,0.001502,102652463.382157,154184000.0,1.171581,2,3.82848,41105976.922303,41105976.922303,1816865638.2102811,4537663440.623568,53659749.476363406,5931012711.922756,33138990736.055614,0,0,0
Z3,20,8, 4K,155104.0,0.001525,101707540.983607,155104000.0,1.171581,2,3.82848,40916992.442593,40916992.442593,1816865638.2102811,4537663440.623568,53659749.476363406,5931012711.922756,33138990736.055614,0,0,0
Z3,21,8, 4K,164936.0,0.001553,106204764.971024,164936000.0,1.171581,2,3.82848,41816437.240076,41816437.240076,1816865638.2102811,4537663440.623568,53659749.476363406,5931012711.922756,33138990736.055614,0,0,0
Z3,22,8, 4K,148008.0,0.001586,93321563.682219,148008000.0,1.171581,2,3.82848,39239796.982316,39239796.982316,1816865638.2102811,4537663440.623568,53659749.476363406,5931012711.922756,33138990736.055614,0,0,0
Z3,23,8, 4K,158128.0,0.001501,105348434.377082,158128000.0,1.171581,2,3.82848,41645171.121288,41645171.121288,1816865638.2102811,4537663440.623568,53659749.476363406,5931012711.922756,33138990736.055614,0,0,0
Z3,24,8, 4K,212408.0,0.002054,103411879.259981,106204000.0,1.171581,2,3.82848,41257860.097868,41257860.097868,1816865638.2102811,4537663440.623568,53659749.476363406,5931012711.922756,33138990736.055614,0,0,0
Z3,25,8, 4K,148464.0,0.001487,99841291.190316,148464000.0,1.171581,2,3.82848,40543742.483935,40543742.483935,1816865638.2102811,4537663440.623568,53659749.476363406,5931012711.922756,33138990736.055614,0,0,0
Z3,26,8, 4K,105600.0,0.001245,84819277.108434,105600000.0,1.171581,2,3.82848,37539339.667558,37539339.667558,1816865638.2102811,4537663440.623568,53659749.476363406,5931012711.922756,33138990736.055614,0,0,0
Z3,27,8, 4K,99296.0,0.001307,75972456.006121,99296000.0,1.171581,2,3.82848,35769975.447096,35769975.447096,1816865638.2102811,4537663440.623568,53659749.476363406,5931012711.922756,33138990736.055614,0,0,0
Z3,28,8, 4K,81552.0,0.001235,66034008.097166,81552000.0,1.171581,2,3.82848,33782285.865305,33782285.865305,1816865638.2102811,4537663440.623568,53659749.476363406,5931012711.922756,33138990736.055614,0,0,0
Z3,29,8, 4K,74800.0,0.001154,64818024.263432,74800000.0,1.171581,2,3.82848,33539089.098558,33539089.098558,1816865638.2102811,4537663440.623568,53659749.476363406,5931012711.922756,33138990736.055614,0,0,0
Z3,30,8, 4K,60904.0,0.001404,43378917.378917,60904000.0,1.171581,2,3.82848,29251267.721655,29251267.721655,1816865638.2102811,4537663440.623568,53659749.476363406,5931012711.922756,33138990736.055614,0,0,0
Z3,31,8, 4K,56704.0,0.001401,40473947.180585,56704000.0,1.171581,2,3.82848,28670273.681989,28670273.681989,1816865638.2102811,4537663440.623568,53659749.476363406,5931012711.922756,33138990736.055614,0,0,0
Z3,32,8, 4K,77872.0,0.001468,53046321.525886,77872000.0,1.171581,2,3.82848,31184748.551049,31184748.551049,1816865638.2102811,4537663440.623568,53659749.476363406,5931012711.922756,33138990736.055614,0,0,0
Z3,33,8, 4K,87632.0,0.001266,69219589.257504,87632000.0,1.171581,2,3.82848,34419402.097372,34419402.097372,1816865638.2102811,4537663440.623568,53659749.476363406,5931012711.922756,33138990736.055614,0,0,0
Z3,34,8, 4K,57472.0,0.001265,45432411.067194,57472000.0,1.171581,2,3.82848,29661966.45931,29661966.45931,1816865638.2102811,4537663440.623568,53659749.476363406,5931012711.922756,33138990736.055614,0,0,0
Z3,35,8, 4K,71616.0,0.00109,65702752.293578,71616000.0,1.171581,2,3.82848,33716034.704587,33716034.704587,1816865638.2102811,4537663440.623568,53659749.476363406,5931012711.922756,33138990736.055614,0,0,0
Z3,36,8, 4K,59800.0,0.001457,41043239.533288,59800000.0,1.171581,2,3.82848,28784132.152529,28784132.152529,1816865638.2102811,4537663440.623568,53659749.476363406,5931012711.922756,33138990736.055614,0,0,0
Z3,37,8, 4K,54240.0,0.001107,48997289.9729,54240000.0,1.171581,2,3.82848,30374942.240452,30374942.240452,1816865638.2102811,4537663440.623568,53659749.476363406,5931012711.922756,33138990736.055614,0,0,0
Z3,38,8, 4K,48376.0,0.001017,47567354.965585,48376000.0,1.171581,2,3.82848,30088955.238989,30088955.238989,1816865638.2102811,4537663440.623568,53659749.476363406,5931012711.922756,33138990736.055614,0,0,0
Z1,0,9, 4K,143136.0,0.021525,6649756.097561,6816000.0,1.040355,2,3.959706,28280120.178817,28280120.178817,1816865638.2102811,4537663440.623568,53659749.476363406,5931012711.922756,33138990736.055614,0,0,0
Z2,0,9, 4K,6624.0,0.022582,293330.97157,301088.0,1.040355,2,3.959706,27008835.153619,27008835.153619,1816865638.2102811,4537663440.623568,53659749.476363406,5931012711.922756,33138990736.055614,0,0,0
Z2,1,9, 4K,13352.0,0.000913,14624315.443593,13352000.0,1.040355,2,3.959706,29875032.048024,29875032.048024,1816865638.2102811,4537663440.623568,53659749.476363406,5931012711.922756,33138990736.055614,0,0,0
Z2,2,9, 4K,12808.0,0.000838,15284009.546539,12808000.0,1.040355,2,3.959706,30006970.868613,30006970.868613,1816865638.2102811,4537663440.623568,53659749.476363406,5931012711.922756,33138990736.055614,0,0,0
Z2,3,9, 4K,62864.0,0.000975,64475897.435897,62864000.0,1.040355,2,3.959706,39845348.446485,39845348.446485,1816865638.2102811,4537663440.623568,53659749.476363406,5931012711.922756,33138990736.055614,0,0,0
Z2,4,9, 4K,158280.0,0.001531,103383409.536251,158280000.0,1.040355,2,3.959706,47626850.866555,47626850.866555,1816865638.2102811,4537663440.623568,53659749.476363406,5931012711.922756,33138990736.055614,0,0,0
Z2,5,9, 4K,143784.0,0.00129,111460465.116279,143784000.0,1.040355,2,3.959706,49242261.982561,49242261.982561,1816865638.2102811,4537663440.623568,53659749.476363406,5931012711.922756,33138990736.055614,0,0,0
Z2,6,9, 4K,59784.0,0.001037,57650916.104147,59784000.0,1.040355,2,3.959706,38480352.180135,38480352.180135,1816865638.2102811,4537663440.623568,53659749.476363406,5931012711.922756,33138990736.055614,0,0,0
Z2,7,9, 4K,59624.0,0.00106,56249056.603774,59624000.0,1.040355,2,3.959706,38199980.28006,38199980.28006,1816865638.2102811,4537663440.623568,53659749.476363406,5931012711.922756,33138990736.055614,0,0,0
Z3,0,9, 4K,19152.0,0.020836,919178.345172,957600.0,1.040355,2,3.959706,27134004.62834,27134004.62834,1816865638.2102811,4537663440.623568,53659749.476363406,5931012711.922756,33138990736.055614,0,0,0
Z3,1,9, 4K,15048.0,0.000879,17119453.924915,15048000.0,1.040355,2,3.959706,30374059.744288,30374059.744288,1816865638.2102811,4537663440.623568,53659749.476363406,5931012711.922756,33138990736.055614,0,0,0
Z3,2,9, 4K,13656.0,0.000916,14908296.943231,13656000.0,1.040355,2,3.959706,29931828.347952,29931828.347952,1816865638.2102811,4537663440.623568,53659749.476363406,5931012711.922756,33138990736.055614,0,0,0
Z3,3,9, 4K,15568.0,0.000881,17670828.603859,15568000.0,1.040355,2,3.959706,30484334.680077,30484334.680077,1816865638.2102811,4537663440.623568,53659749.476363406,5931012711.922756,33138990736.055614,0,0,0
Z3,4,9, 4K,19992.0,0.000983,20337741.607325,19992000.0,1.040355,2,3.959706,31017717.28077,31017717.28077,1816865638.2102811,4537663440.623568,53659749.476363406,5931012711.922756,33138990736.055614,0,0,0
Z3,5,9, 4K,43816.0,0.001071,40911297.852474,43816000.0,1.040355,2,3.959706,35132428.5298,35132428.5298,1816865638.2102811,4537663440.623568,53659749.476363406,5931012711.922756,33138990736.055614,0,0,0
Z3,6,9, 4K,32640.0,0.001033,31597289.448209,32640000.0,1.040355,2,3.959706,33269626.848947,33269626.848947,1816865638.2102811,4537663440.623568,53659749.476363406,5931012711.922756,33138990736.055614,0,0,0
Z3,7,9, 4K,13112.0,0.000893,14683090.705487,13112000.0,1.040355,2,3.959706,29886787.100403,29886787.100403,1816865638.2102811,4537663440.623568,53659749.476363406,5931012711.922756,33138990736.055614,0,0,0
Z3,8,9, 4K,12720.0,0.000895,14212290.502793,12720000.0,1.040355,2,3.959706,29792627.059864,29792627.059864,1816865638.2102811,4537663440.623568,53659749.476363406,5931012711.922756,33138990736.055614,0,0,0
Z3,9,9, 4K,11704.0,0.000826,14169491.525424,11704000.0,1.040355,2,3.959706,29784067.26439,29784067.26439,1816865638.2102811,4537663440.623568,53659749.476363406,5931012711.922756,33138990736.055614,0,0,0
Z3,10,9, 4K,56456.0,0.001075,52517209.302326,56456000.0,1.040355,2,3.959706,37453610.81977,37453610.81977,1816865638.2102811,4537663440.623568,53659749.476363406,5931012711.922756,33138990736.055614,0,0,0
Z3,11,9, 4K,42936.0,0.00099,43369696.969697,42936000.0,1.040355,2,3.959706,35624108.353245,35624108.353245,1816865638.2102811,4537663440.623568,53659749.476363406,5931012711.922756,33138990736.055614,0,0,0
Z3,12,9, 4K,49664.0,0.000976,50885245.901639,49664000.0,1.040355,2,3.959706,37127218.139633,37127218.139633,1816865638.2102811,4537663440.623568,53659749.476363406,5931012711.922756,33138990736.055614,0,0,0
Z3,13,9, 4K,55832.0,0.001085,51458064.516129,55832000.0,1.040355,2,3.959706,37241781.862531,37241781.862531,1816865638.2102811,4537663440.623568,53659749.476363406,5931012711.922756,33138990736.055614,0,0,0
Z3,14,9, 4K,101440.0,0.001336,75928143.712575,101440000.0,1.040355,2,3.959706,42135797.70182,42135797.70182,1816865638.2102811,4537663440.623568,53659749.476363406,5931012711.922756,33138990736.055614,0,0,0
Z3,15,9, 4K,127064.0,0.001497,84879091.516366,127064000.0,1.040355,2,3.959706,43925987.262579,43925987.262579,1816865638.2102811,4537663440.623568,53659749.476363406,5931012711.922756,33138990736.055614,0,0,0
Z3,16,9, 4K,186256.0,0.001982,93973763.874874,186256000.0,1.040355,2,3.959706,45744921.73428,45744921.73428,1816865638.2102811,4537663440.623568,53659749.476363406,5931012711.922756,33138990736.055614,0,0,0
Z3,17,9, 4K,117264.0,0.001548,75751937.984496,117264000.0,1.040355,2,3.959706,42100556.556205,42100556.556205,1816865638.2102811,4537663440.623568,53659749.476363406,5931012711.922756,33138990736.055614,0,0,0
Z3,18,9, 4K,90064.0,0.004435,20307553.551297,22516000.0,1.040355,2,3.959706,31011679.669565,31011679.669565,1816865638.2102811,4537663440.623568,53659749.476363406,5931012711.922756,33138990736.055614,0,0,0
Z3,19,9, 4K,46808.0,0.001519,30815009.874918,46808000.0,1.040355,2,3.959706,33113170.934289,33113170.934289,1816865638.2102811,4537663440.623568,53659749.476363406,5931012711.922756,33138990736.055614,0,0,0
Z3,20,9, 4K,65080.0,0.001314,49528158.295282,65080000.0,1.040355,2,3.959706,36855800.618362,36855800.618362,1816865638.2102811,4537663440.623568,53659749.476363406,5931012711.922756,33138990736.055614,0,0,0
Z3,21,9, 4K,210712.0,0.002018,104416253.716551,105356000.0,1.040355,2,3.959706,47833419.702615,47833419.702615,1816865638.2102811,4537663440.623568,53659749.476363406,5931012711.922756,33138990736.055614,0,0,0
Z3,22,9, 4K,212696.0,0.002214,96068654.019874,106348000.0,1.040355,2,3.959706,46163899.76328,46163899.76328,1816865638.2102811,4537663440.623568,53659749.476363406,5931012711.922756,33138990736.055614,0,0,0
Z3,23,9, 4K,204264.0,0.001883,108477960.701009,204264000.0,1.040355,2,3.959706,48645761.099507,48645761.099507,1816865638.2102811,4537663440.623568,53659749.476363406,5931012711.922756,33138990736.055614,0,0,0
Z3,24,9, 4K,225960.0,0.001872,120705128.205128,225960000.0,1.040355,2,3.959706,51091194.600331,51091194.600331,1816865638.2102811,4537663440.623568,53659749.476363406,5931012711.922756,33138990736.055614,0,0,0
Z3,25,9, 4K,199056.0,0.001447,137564616.447823,199056000.0,1.040355,2,3.959706,54463092.24887,54463092.24887,1816865638.2102811,4537663440.623568,53659749.476363406,5931012711.922756,33138990736.055614,0,0,0
Z3,26,9, 4K,204104.0,0.001654,123400241.837969,204104000.0,1.040355,2,3.959706,51630217.326899,51630217.326899,1816865638.2102811,4537663440.623568,53659749.476363406,5931012711.922756,33138990736.055614,0,0,0
Z3,27,9, 4K,264656.0,0.002058,128598639.455782,132328000.0,1.040355,2,3.959706,52669896.850462,52669896.850462,1816865638.2102811,4537663440.623568,53659749.476363406,5931012711.922756,33138990736.055614,0,0,0
Z3,28,9, 4K,229440.0,0.001846,124290357.529794,229440000.0,1.040355,2,3.959706,51808240.465264,51808240.465264,1816865638.2102811,4537663440.623568,53659749.476363406,5931012711.922756,33138990736.055614,0,0,0
Z3,29,9, 4K,144400.0,0.001375,105018181.818182,144400000.0,1.040355,2,3.959706,47953805.322942,47953805.322942,1816865638.2102811,4537663440.623568,53659749.476363406,5931012711.922756,33138990736.055614,0,0,0
Z3,30,9, 4K,71424.0,0.001038,68809248.554913,71424000.0,1.040355,2,3.959706,40712018.670288,40712018.670288,1816865638.2102811,4537663440.623568,53659749.476363406,5931012711.922756,33138990736.055614,0,0,0
Z3,31,9, 4K,71768.0,0.001307,54910482.019893,71768000.0,1.040355,2,3.959706,37932265.363284,37932265.363284,1816865638.2102811,4537663440.623568,53659749.476363406,5931012711.922756,33138990736.055614,0,0,0
Z3,32,9, 4K,78016.0,0.001136,68676056.338028,78016000.0,1.040355,2,3.959706,40685380.226911,40685380.226911,1816865638.2102811,4537663440.623568,53659749.476363406,5931012711.922756,33138990736.055614,0,0,0
Z3,33,9, 4K,85112.0,0.001076,79100371.747212,85112000.0,1.040355,2,3.959706,42770243.308748,42770243.308748,1816865638.2102811,4537663440.623568,53659749.476363406,5931012711.922756,33138990736.055614,0,0,0
Z3,34,9, 4K,105792.0,0.001226,86290375.203915,105792000.0,1.040355,2,3.959706,44208244.000088,44208244.000088,1816865638.2102811,4537663440.623568,53659749.476363406,5931012711.922756,33138990736.055614,0,0,0
Z3,35,9, 4K,59104.0,0.000913,64736035.049288,59104000.0,1.040355,2,3.959706,39897375.969163,39897375.969163,1816865638.2102811,4537663440.623568,53659749.476363406,5931012711.922756,33138990736.055614,0,0,0
Z3,36,9, 4K,89744.0,0.001255,71509163.346614,89744000.0,1.040355,2,3.959706,41252001.628628,41252001.628628,1816865638.2102811,4537663440.623568,53659749.476363406,5931012711.922756,33138990736.055614,0,0,0
Z3,37,9, 4K,82576.0,0.001127,73270629.991127,82576000.0,1.040355,2,3.959706,41604294.957531,41604294.957531,1816865638.2102811,4537663440.623568,53659749.476363406,5931012711.922756,33138990736.055614,0,0,0
Z3,38,9, 4K,72616.0,0.004232,17158790.170132,18154000.0,1.040355,2,3.959706,30381926.993332,30381926.993332,1816865638.2102811,4537663440.623568,53659749.476363406,5931012711.922756,33138990736.055614,0,0,0
Z1,0,10, 4K,91896.0,0.021397,4294807.68332,4376000.0,1.0,2,5.095512,23457222.46829,23457222.46829,1816865638.2102811,4537663440.623568,53659749.476363406,5931012711.922756,33138990736.055614,0,0,0
Z2,0,10, 4K,11528.0,0.021629,532988.117805,548952.0,1.0,2,5.095512,22704858.555187,22704858.555187,1816865638.2102811,4537663440.623568,53659749.476363406,5931012711.922756,33138990736.055614,0,0,0
Z2,1,10, 4K,75360.0,0.001106,68137432.188065,75360000.0,1.0,2,5.095512,36225747.369239,36225747.369239,1816865638.2102811,4537663440.623568,53659749.476363406,5931012711.922756,33138990736.055614,0,0,0
Z2,2,10, 4K,99416.0,0.001441,68990978.487162,99416000.0,1.0,2,5.095512,36396456.629058,36396456.629058,1816865638.2102811,4537663440.623568,53659749.476363406,5931012711.922756,33138990736.055614,0,0,0
Z2,3,10, 4K,176696.0,0.00174,101549425.287356,176696000.0,1.0,2,5.095512,42908145.989097,42908145.989097,1816865638.2102811,4537663440.623568,53659749.476363406,5931012711.922756,33138990736.055614,0,0,0
Z2,4,10, 4K,150256.0,0.001519,98917709.019092,150256000.0,1.0,2,5.095512,42381802.735444,42381802.735444,1816865638.2102811,4537663440.623568,53659749.476363406,5931012711.922756,33138990736.055614,0,0,0
Z2,5,10, 4K,171632.0,0.001589,108012586.53241,171632000.0,1.0,2,5.095512,44200778.238108,44200778.238108,1816865638.2102811,4537663440.623568,53659749.476363406,5931012711.922756,33138990736.055614,0,0,0
Z2,6,10, 4K,75936.0,0.001329,57137697.51693,75936000.0,1.0,2,5.095512,34025800.435012,34025800.435012,1816865638.2102811,4537663440.623568,53659749.476363406,5931012711.922756,33138990736.055614,0,0,0
Z2,7,10, 4K,96152.0,0.001452,66220385.674931,96152000.0,1.0,2,5.095512,35842338.066612,35842338.066612,1816865638.2102811,4537663440.623568,53659749.476363406,5931012711.922756,33138990736.055614,0,0,0
Z3,0,10, 4K,6624.0,0.021745,304621.752127,315424.0,1.0,2,5.095512,22659185.282051,22659185.282051,1816865638.2102811,4537663440.623568,53659749.476363406,5931012711.922756,33138990736.055614,0,0,0
Z3,1,10, 4K,21424.0,0.000983,21794506.612411,21424000.0,1.0,2,5.095512,26957162.254108,26957162.254108,1816865638.2102811,4537663440.623568,53659749.476363406,5931012711.922756,33138990736.055614,0,0,0
Z3,2,10, 4K,61888.0,0.001114,55554757.630162,61888000.0,1.0,2,5.095512,33709212.457658,33709212.457658,1816865638.2102811,4537663440.623568,53659749.476363406,5931012711.922756,33138990736.055614,0,0,0
Z3,3,10, 4K,32688.0,0.000998,32753507.014028,32688000.0,1.0,2,5.095512,29148962.334431,29148962.334431,1816865638.2102811,4537663440.623568,53659749.476363406,5931012711.922756,33138990736.055614,0,0,0
Z3,4,10, 4K,21168.0,0.001033,20491771.539206,21168000.0,1.0,2,5.095512,26696615.239467,26696615.239467,1816865638.2102811,4537663440.623568,53659749.476363406,5931012711.922756,33138990736.055614,0,0,0
Z3,5,10, 4K,28472.0,0.001036,27482625.482625,28472000.0,1.0,2,5.095512,28094786.028151,28094786.028151,1816865638.2102811,4537663440.623568,53659749.476363406,5931012711.922756,33138990736.055614,0,0,0
Z3,6,10, 4K,45352.0,0.001094,41455210.23766,45352000.0,1.0,2,5.095512,30889302.979158,30889302.979158,1816865638.2102811,4537663440.623568,53659749.476363406,5931012711.922756,33138990736.055614,0,0,0
Z3,7,10, 4K,72936.0,0.001117,65296329.453894,72936000.0,1.0,2,5.095512,35657526.822405,35657526.822405,1816865638.2102811,4537663440.623568,53659749.476363406,5931012711.922756,33138990736.055614,0,0,0
Z3,8,10, 4K,27848.0,0.00101,27572277.227723,27848000.0,1.0,2,5.095512,28112716.37717,28112716.37717,1816865638.2102811,4537663440.623568,53659749.476363406,5931012711.922756,33138990736.055614,0,0,0
Z3,9,10, 4K,13192.0,0.000975,13530256.410256,13192000.0,1.0,2,5.095512,25304312.213677,25304312.213677,1816865638.2102811,4537663440.623568,53659749.476363406,5931012711.922756,33138990736.055614,0,0,0
Z3,10,10, 4K,11896.0,0.000916,12986899.563319,11896000.0,1.0,2,5.095512,25195640.84429,25195640.84429,1816865638.2102811,4537663440.623568,53659749.476363406,5931012711.922756,33138990736.055614,0,0,0
Z3,11,10, 4K,11408.0,0.000926,12319654.427646,11408000.0,1.0,2,5.095512,25062191.817155,25062191.817155,1816865638.2102811,4537663440.623568,53659749.476363406,5931012711.922756,33138990736.055614,0,0,0
Z3,12,10, 4K,100176.0,0.001262,79378763.866878,100176000.0,1.0,2,5.095512,38474013.705001,38474013.705001,1816865638.2102811,4537663440.623568,53659749.476363406,5931012711.922756,33138990736.055614,0,0,0
Z3,13,10, 4K,71264.0,0.001154,61753899.480069,71264000.0,1.0,2,5.095512,34949040.82764,34949040.82764,1816865638.2102811,4537663440.623568,53659749.476363406,5931012711.922756,33138990736.055614,0,0,0
Z3,14,10, 4K,87864.0,0.001315,66816730.038023,87864000.0,1.0,2,5.095512,35961606.93923,35961606.93923,1816865638.2102811,4537663440.623568,53659749.476363406,5931012711.922756,33138990736.055614,0,0,0
Z3,15,10, 4K,125616.0,0.001449,86691511.387164,125616000.0,1.0,2,5.095512,39936563.209058,39936563.209058,1816865638.2102811,4537663440.623568,53659749.476363406,5931012711.922756,33138990736.055614,0,0,0
Z3,16,10, 4K,148008.0,0.001575,93973333.333333,148008000.0,1.0,2,5.095512,41392927.598292,41392927.598292,1816865638.2102811,4537663440.623568,53659749.476363406,5931012711.922756,33138990736.055614,0,0,0
Z3,17,10, 4K,196960.0,0.001834,107393675.027263,196960000.0,1.0,2,5.095512,44076995.937078,44076995.937078,1816865638.2102811,4537663440.623568,53659749.476363406,5931012711.922756,33138990736.055614,0,0,0
Z3,18,10, 4K,128568.0,0.001434,89656903.76569,128568000.0,1.0,2,5.095512,40529641.684764,40529641.684764,1816865638.2102811,4537663440.623568,53659749.476363406,5931012711.922756,33138990736.055614,0,0,0
Z3,19,10, 4K,101392.0,0.001417,71553987.297107,101392000.0,1.0,2,5.095512,36909058.391047,36909058.391047,1816865638.2102811,4537663440.623568,53659749.476363406,5931012711.922756,33138990736.055614,0,0,0
Z3,20,10, 4K,96624.0,0.001376,70220930.232558,96624000.0,1.0,2,5.095512,36642446.978137,36642446.978137,1816865638.2102811,4537663440.623568,53659749.476363406,5931012711.922756,33138990736.055614,0,0,0
Z3,21,10, 4K,235888.0,0.002239,105354175.971416,117944000.0,1.0,2,5.095512,43669096.125909,43669096.125909,1816865638.2102811,4537663440.623568,53659749.476363406,5931012711.922756,33138990736.055614,0,0,0
Z3,22,10, 4K,238056.0,0.002164,110007393.715342,119028000.0,1.0,2,5.095512,44599739.674694,44599739.674694,1816865638.2102811,4537663440.623568,53659749.476363406,5931012711.922756,33138990736.055614,0,0,0
Z3,23,10, 4K,231240.0,0.001987,116376446.904882,231240000.0,1.0,2,5.095512,45873550.312602,45873550.312602,1816865638.2102811,4537663440.623568,53659749.476363406,5931012711.922756,33138990736.055614,0,0,0
Z3,24,10, 4K,299680.0,0.002281,131380973.257343,149840000.0,1.0,2,5.095512,48874455.583094,48874455.583094,1816865638.2102811,4537663440.623568,53659749.476363406,5931012711.922756,33138990736.055614,0,0,0
Z3,25,10, 4K,228120.0,0.001878,121469648.5623,228120000.0,1.0,2,5.095512,46892190.644086,46892190.644086,1816865638.2102811,4537663440.623568,53659749.476363406,5931012711.922756,33138990736.055614,0,0,0
Z3,26,10, 4K,227320.0,0.001838,123677910.772579,227320000.0,1.0,2,5.095512,47333843.086142,47333843.086142,1816865638.2102811,4537663440.623568,53659749.476363406,5931012711.922756,33138990736.055614,0,0,0
Z3,27,10, 4K,304072.0,0.002337,130112109.542148,152036000.0,1.0,2,5.095512,48620682.840055,48620682.840055,1816865638.2102811,4537663440.623568,53659749.476363406,5931012711.922756,33138990736.055614,0,0,0
Z3,28,10, 4K,353400.0,0.002056,171887159.533074,176700000.0,1.0,2,5.095512,56975692.838241,56975692.838241,1816865638.2102811,4537663440.623568,53659749.476363406,5931012711.922756,33138990736.055614,0,0,0
Z3,29,10, 4K,172656.0,0.001716,100615384.615385,172656000.0,1.0,2,5.095512,42721337.854703,42721337.854703,1816865638.2102811,4537663440.623568,53659749.476363406,5931012711.922756,33138990736.055614,0,0,0
Z3,30,10, 4K,98848.0,0.001416,69807909.60452,98848000.0,1.0,2,5.095512,36559842.85253,36559842.85253,1816865638.2102811,4537663440.623568,53659749.476363406,5931012711.922756,33138990736.055614,0,0,0
Z3,31,10, 4K,91496.0,0.001453,62970406.056435,91496000.0,1.0,2,5.095512,35192342.142913,35192342.142913,1816865638.2102811,4537663440.623568,53659749.476363406,5931012711.922756,33138990736.055614,0,0,0
Z3,32,10, 4K,97576.0,0.001432,68139664.804469,97576000.0,1.0,2,5.095512,36226193.89252,36226193.89252,1816865638.2102811,4537663440.623568,53659749.476363406,5931012711.922756,33138990736.055614,0,0,0
Z3,33,10, 4K,97704.0,0.001462,66829001.367989,97704000.0,1.0,2,5.095512,35964061.205224,35964061.205224,1816865638.2102811,4537663440.623568,53659749.476363406,5931012711.922756,33138990736.055614,0,0,0
Z3,34,10, 4K,88320.0,0.001385,63768953.068592,88320000.0,1.0,2,5.095512,35352051.545344,35352051.545344,1816865638.2102811,4537663440.623568,53659749.476363406,5931012711.922756,33138990736.055614,0,0,0
Z3,35,10, 4K,87440.0,0.001334,65547226.386807,87440000.0,1.0,2,5.095512,35707706.208987,35707706.208987,1816865638.2102811,4537663440.623568,53659749.476363406,5931012711.922756,33138990736.055614,0,0,0
Z3,36,10, 4K,104440.0,0.001423,73394237.526353,104440000.0,1.0,2,5.095512,37277108.436896,37277108.436896,1816865638.2102811,4537663440.623568,53659749.476363406,5931012711.922756,33138990736.055614,0,0,0
Z3,37,10, 4K,121960.0,0.001481,82349763.673194,121960000.0,1.0,2,5.095512,39068213.666265,39068213.666265,1816865638.2102811,4537663440.623568,53659749.476363406,5931012711.922756,33138990736.055614,0,0,0
Z3,38,10, 4K,101328.0,0.001371,73908096.280088,101328000.0,1.0,2,5.095512,37379880.187643,37379880.187643,1816865638.2102811,4537663440.623568,53659749.476363406,5931012711.922756,33138990736.055614,0,0,0
Z1,0,11, 4K,106528.0,0.021728,4902798.232695,5072760.0,1.864183,2,5.231329,32921254.083546,32921254.083546,1816865638.2102811,4537663440.623568,53659749.476363406,5931012711.922756,33138990736.055614,0,0,0
Z2,0,11, 4K,20560.0,0.023264,883768.913343,893912.0,1.864183,2,5.231329,32117448.219676,32117448.219676,1816865638.2102811,4537663440.623568,53659749.476363406,5931012711.922756,33138990736.055614,0,0,0
Z2,1,11, 4K,91920.0,0.001193,77049455.155071,91920000.0,1.864183,2,5.231329,47350585.468021,47350585.468021,1816865638.2102811,4537663440.623568,53659749.476363406,5931012711.922756,33138990736.055614,0,0,0
Z2,2,11, 4K,89648.0,0.001216,73723684.210526,89648000.0,1.864183,2,5.231329,46685431.279112,46685431.279112,1816865638.2102811,4537663440.623568,53659749.476363406,5931012711.922756,33138990736.055614,0,0,0
Z2,3,11, 4K,207096.0,0.001869,110805778.491172,207096000.0,1.864183,2,5.231329,54101850.135241,54101850.135241,1816865638.2102811,4537663440.623568,53659749.476363406,5931012711.922756,33138990736.055614,0,0,0
Z2,4,11, 4K,144872.0,0.00166,87272289.156627,144872000.0,1.864183,2,5.231329,49395152.268332,49395152.268332,1816865638.2102811,4537663440.623568,53659749.476363406,5931012711.922756,33138990736.055614,0,0,0
Z2,5,11, 4K,187144.0,0.001686,110998813.76038,187144000.0,1.864183,2,5.231329,54140457.189083,54140457.189083,1816865638.2102811,4537663440.623568,53659749.476363406,5931012711.922756,33138990736.055614,0,0,0
Z2,6,11, 4K,96736.0,0.001241,77950040.290089,96736000.0,1.864183,2,5.231329,47530702.495025,47530702.495025,1816865638.2102811,4537663440.623568,53659749.476363406,5931012711.922756,33138990736.055614,0,0,0
Z2,7,11, 4K,148752.0,0.001397,106479599.141016,148752000.0,1.864183,2,5.231329,53236614.26521,53236614.26521,1816865638.2102811,4537663440.623568,53659749.476363406,5931012711.922756,33138990736.055614,0,0,0
Z3,0,11, 4K,6624.0,0.021913,302286.31406,315424.0,1.864183,2,5.231329,32001151.699819,32001151.699819,1816865638.2102811,4537663440.623568,53659749.476363406,5931012711.922756,33138990736.055614,0,0,0
Z3,1,11, 4K,30984.0,0.000927,33423948.220065,30984000.0,1.864183,2,5.231329,38625484.08102,38625484.08102,1816865638.2102811,4537663440.623568,53659749.476363406,5931012711.922756,33138990736.055614,0,0,0
Z3,2,11, 4K,34936.0,0.001183,29531699.070161,34936000.0,1.864183,2,5.231329,37847034.251039,37847034.251039,1816865638.2102811,4537663440.623568,53659749.476363406,5931012711.922756,33138990736.055614,0,0,0
Z3,3,11, 4K,27632.0,0.001012,27304347.826087,27632000.0,1.864183,2,5.231329,37401564.002225,37401564.002225,1816865638.2102811,4537663440.623568,53659749.476363406,5931012711.922756,33138990736.055614,0,0,0
Z3,4,11, 4K,23520.0,0.00096,24500000.0,23520000.0,1.864183,2,5.231329,36840694.437007,36840694.437007,1816865638.2102811,4537663440.623568,53659749.476363406,5931012711.922756,33138990736.055614,0,0,0
Z3,5,11, 4K,31368.0,0.000959,32709071.949948,31368000.0,1.864183,2,5.231329,38482508.826997,38482508.826997,1816865638.2102811,4537663440.623568,53659749.476363406,5931012711.922756,33138990736.055614,0,0,0
Z3,6,11, 4K,54312.0,0.001075,50522790.697674,54312000.0,1.864183,2,5.231329,42045252.576542,42045252.576542,1816865638.2102811,4537663440.623568,53659749.476363406,5931012711.922756,33138990736.055614,0,0,0
Z3,7,11, 4K,40752.0,0.001007,40468718.967229,40752000.0,1.864183,2,5.231329,40034438.230453,40034438.230453,1816865638.2102811,4537663440.623568,53659749.476363406,5931012711.922756,33138990736.055614,0,0,0
Z3,8,11, 4K,38360.0,0.001008,38055555.555556,38360000.0,1.864183,2,5.231329,39551805.548118,39551805.548118,1816865638.2102811,4537663440.623568,53659749.476363406,5931012711.922756,33138990736.055614,0,0,0
Z3,9,11, 4K,36560.0,0.001006,36341948.310139,36560000.0,1.864183,2,5.231329,39209084.099035,39209084.099035,1816865638.2102811,4537663440.623568,53659749.476363406,5931012711.922756,33138990736.055614,0,0,0
Z3,10,11, 4K,21080.0,0.000848,24858490.566038,21080000.0,1.864183,2,5.231329,36912392.550215,36912392.550215,1816865638.2102811,4537663440.623568,53659749.476363406,5931012711.922756,33138990736.055614,0,0,0
Z3,11,11, 4K,15416.0,0.000956,16125523.012552,15416000.0,1.864183,2,5.231329,35165799.039518,35165799.039518,1816865638.2102811,4537663440.623568,53659749.476363406,5931012711.922756,33138990736.055614,0,0,0
Z3,12,11, 4K,138720.0,0.001452,95537190.082645,138720000.0,1.864183,2,5.231329,51048132.453536,51048132.453536,1816865638.2102811,4537663440.623568,53659749.476363406,5931012711.922756,33138990736.055614,0,0,0
Z3,13,11, 4K,120856.0,0.001597,75676894.176581,120856000.0,1.864183,2,5.231329,47076073.272323,47076073.272323,1816865638.2102811,4537663440.623568,53659749.476363406,5931012711.922756,33138990736.055614,0,0,0
Z3,14,11, 4K,114584.0,0.00144,79572222.222222,114584000.0,1.864183,2,5.231329,47855138.881452,47855138.881452,1816865638.2102811,4537663440.623568,53659749.476363406,5931012711.922756,33138990736.055614,0,0,0
Z3,15,11, 4K,144272.0,0.00162,89056790.123457,144272000.0,1.864183,2,5.231329,49752052.461698,49752052.461698,1816865638.2102811,4537663440.623568,53659749.476363406,5931012711.922756,33138990736.055614,0,0,0
Z3,16,11, 4K,138616.0,0.001433,96731332.868109,138616000.0,1.864183,2,5.231329,51286961.010629,51286961.010629,1816865638.2102811,4537663440.623568,53659749.476363406,5931012711.922756,33138990736.055614,0,0,0
Z3,17,11, 4K,211528.0,0.001895,111624274.406332,211528000.0,1.864183,2,5.231329,54265549.318274,54265549.318274,1816865638.2102811,4537663440.623568,53659749.476363406,5931012711.922756,33138990736.055614,0,0,0
Z3,18,11, 4K,135616.0,0.001391,97495327.102804,135616000.0,1.864183,2,5.231329,51439759.857568,51439759.857568,1816865638.2102811,4537663440.623568,53659749.476363406,5931012711.922756,33138990736.055614,0,0,0
Z3,19,11, 4K,99488.0,0.001393,71419956.927495,99488000.0,1.864183,2,5.231329,46224685.822506,46224685.822506,1816865638.2102811,4537663440.623568,53659749.476363406,5931012711.922756,33138990736.055614,0,0,0
Z3,20,11, 4K,90224.0,0.001347,66981440.237565,90224000.0,1.864183,2,5.231329,45336982.48452,45336982.48452,1816865638.2102811,4537663440.623568,53659749.476363406,5931012711.922756,33138990736.055614,0,0,0
Z3,21,11, 4K,254456.0,0.002072,122806949.80695,127228000.0,1.864183,2,5.231329,56502084.398397,56502084.398397,1816865638.2102811,4537663440.623568,53659749.476363406,5931012711.922756,33138990736.055614,0,0,0
Z3,22,11, 4K,295200.0,0.002111,139838938.891521,147600000.0,1.864183,2,5.231329,59908482.215311,59908482.215311,1816865638.2102811,4537663440.623568,53659749.476363406,5931012711.922756,33138990736.055614,0,0,0
Z3,23,11, 4K,337696.0,0.002153,156849047.840223,168848000.0,1.864183,2,5.231329,63310504.005052,63310504.005052,1816865638.2102811,4537663440.623568,53659749.476363406,5931012711.922756,33138990736.055614,0,0,0
Z3,24,11, 4K,372720.0,0.002258,165066430.469442,186360000.0,1.864183,2,5.231329,64953980.530896,64953980.530896,1816865638.2102811,4537663440.623568,53659749.476363406,5931012711.922756,33138990736.055614,0,0,0
Z3,25,11, 4K,225672.0,0.001811,124611816.67587,225672000.0,1.864183,2,5.231329,56863057.772181,56863057.772181,1816865638.2102811,4537663440.623568,53659749.476363406,5931012711.922756,33138990736.055614,0,0,0
Z3,26,11, 4K,265312.0,0.001983,133793242.561775,265312000.0,1.864183,2,5.231329,58699342.949362,58699342.949362,1816865638.2102811,4537663440.623568,53659749.476363406,5931012711.922756,33138990736.055614,0,0,0
Z3,27,11, 4K,373248.0,0.002299,162352327.098739,186624000.0,1.864183,2,5.231329,64411159.856755,64411159.856755,1816865638.2102811,4537663440.623568,53659749.476363406,5931012711.922756,33138990736.055614,0,0,0
Z3,28,11, 4K,513952.0,0.006479,79325821.886094,85658664.0,1.864183,2,5.231329,47805858.814226,47805858.814226,1816865638.2102811,4537663440.623568,53659749.476363406,5931012711.922756,33138990736.055614,0,0,0
Z3,29,11, 4K,265808.0,0.002073,128223830.197781,132904000.0,1.864183,2,5.231329,57585460.476563,57585460.476563,1816865638.2102811,4537663440.623568,53659749.476363406,5931012711.922756,33138990736.055614,0,0,0
Z3,30,11, 4K,102392.0,0.001298,78884437.596302,102392000.0,1.864183,2,5.231329,47717581.956268,47717581.956268,1816865638.2102811,4537663440.623568,53659749.476363406,5931012711.922756,33138990736.055614,0,0,0
Z3,31,11, 4K,91552.0,0.001374,66631732.16885,91552000.0,1.864183,2,5.231329,45267040.870777,45267040.870777,1816865638.2102811,4537663440.623568,53659749.476363406,5931012711.922756,33138990736.055614,0,0,0
Z3,32,11, 4K,101968.0,0.001391,73305535.585909,101968000.0,1.864183,2,5.231329,46601801.554189,46601801.554189,1816865638.2102811,4537663440.623568,53659749.476363406,5931012711.922756,33138990736.055614,0,0,0
Z3,33,11, 4K,107392.0,0.00136,78964705.882353,107392000.0,1.864183,2,5.231329,47733635.613478,47733635.613478,1816865638.2102811,4537663440.623568,53659749.476363406,5931012711.922756,33138990736.055614,0,0,0
Z3,34,11, 4K,80560.0,0.001182,68155668.358714,80560000.0,1.864183,2,5.231329,45571828.10875,45571828.10875,1816865638.2102811,4537663440.623568,53659749.476363406,5931012711.922756,33138990736.055614,0,0,0
Z3,35,11, 4K,93112.0,0.001253,74311252.992817,93112000.0,1.864183,2,5.231329,46802945.035571,46802945.035571,1816865638.2102811,4537663440.623568,53659749.476363406,5931012711.922756,33138990736.055614,0,0,0
Z3,36,11, 4K,90024.0,0.001318,68303490.136571,90024000.0,1.864183,2,5.231329,45601392.464321,45601392.464321,1816865638.2102811,4537663440.623568,53659749.476363406,5931012711.922756,33138990736.055614,0,0,0
Z3,37,11, 4K,76112.0,0.001149,66241949.521323,76112000.0,1.864183,2,5.231329,45189084.341272,45189084.341272,1816865638.2102811,4537663440.623568,53659749.476363406,5931012711.922756,33138990736.055614,0,0,0
Z3,38,11, 4K,104384.0,0.001466,71203274.215553,104384000.0,1.864183,2,5.231329,46181349.280118,46181349.280118,1816865638.2102811,4537663440.623568,53659749.476363406,5931012711.922756,33138990736.055614,0,0,0
Z1,0,12, 4K,177168.0,0.022356,7924852.388621,8053088.0,1.721182,2,5.37433,43552473.603996,43552473.603996,1816865638.2102811,4537663440.623568,53659749.476363406,5931012711.922756,33138990736.055614,0,0,0
Z2,0,12, 4K,6624.0,0.021096,313993.174061,315424.0,1.721182,2,5.37433,42030301.761084,42030301.761084,1816865638.2102811,4537663440.623568,53659749.476363406,5931012711.922756,33138990736.055614,0,0,0
Z2,1,12, 4K,20480.0,0.000815,25128834.355828,20480000.0,1.721182,2,5.37433,46993269.997437,46993269.997437,1816865638.2102811,4537663440.623568,53659749.476363406,5931012711.922756,33138990736.055614,0,0,0
Z2,2,12, 4K,11144.0,0.000819,13606837.606838,11144000.0,1.721182,2,5.37433,44688870.647639,44688870.647639,1816865638.2102811,4537663440.623568,53659749.476363406,5931012711.922756,33138990736.055614,0,0,0
Z2,3,12, 4K,104480.0,0.001381,75655322.230268,104480000.0,1.721182,2,5.37433,57098567.572325,57098567.572325,1816865638.2102811,4537663440.623568,53659749.476363406,5931012711.922756,33138990736.055614,0,0,0
Z2,4,12, 4K,214760.0,0.001964,109348268.839104,214760000.0,1.721182,2,5.37433,63837156.894092,63837156.894092,1816865638.2102811,4537663440.623568,53659749.476363406,5931012711.922756,33138990736.055614,0,0,0
Z2,5,12, 4K,256424.0,0.00195,131499487.179487,256424000.0,1.721182,2,5.37433,68267400.562169,68267400.562169,1816865638.2102811,4537663440.623568,53659749.476363406,5931012711.922756,33138990736.055614,0,0,0
Z2,6,12, 4K,80536.0,0.001315,61244106.463878,80536000.0,1.721182,2,5.37433,54216324.419047,54216324.419047,1816865638.2102811,4537663440.623568,53659749.476363406,5931012711.922756,33138990736.055614,0,0,0
Z2,7,12, 4K,97728.0,0.001375,71074909.090909,97728000.0,1.721182,2,5.37433,56182484.944453,56182484.944453,1816865638.2102811,4537663440.623568,53659749.476363406,5931012711.922756,33138990736.055614,0,0,0
Z3,0,12, 4K,19496.0,0.021693,898723.090398,928376.0,1.721182,2,5.37433,42147247.744351,42147247.744351,1816865638.2102811,4537663440.623568,53659749.476363406,5931012711.922756,33138990736.055614,0,0,0
Z3,1,12, 4K,41600.0,0.001221,34070434.070434,41600000.0,1.721182,2,5.37433,48781589.940358,48781589.940358,1816865638.2102811,4537663440.623568,53659749.476363406,5931012711.922756,33138990736.055614,0,0,0
Z3,2,12, 4K,26232.0,0.000936,28025641.025641,26232000.0,1.721182,2,5.37433,47572631.3314,47572631.3314,1816865638.2102811,4537663440.623568,53659749.476363406,5931012711.922756,33138990736.055614,0,0,0
Z3,3,12, 4K,35912.0,0.001137,31584872.471416,35912000.0,1.721182,2,5.37433,48284477.620555,48284477.620555,1816865638.2102811,4537663440.623568,53659749.476363406,5931012711.922756,33138990736.055614,0,0,0
Z3,4,12, 4K,31912.0,0.001087,29357865.685373,31912000.0,1.721182,2,5.37433,47839076.263346,47839076.263346,1816865638.2102811,4537663440.623568,53659749.476363406,5931012711.922756,33138990736.055614,0,0,0
Z3,5,12, 4K,19240.0,0.001006,19125248.508946,19240000.0,1.721182,2,5.37433,45792552.828061,45792552.828061,1816865638.2102811,4537663440.623568,53659749.476363406,5931012711.922756,33138990736.055614,0,0,0
Z3,6,12, 4K,15136.0,0.001054,14360531.309298,15136000.0,1.721182,2,5.37433,44839609.388131,44839609.388131,1816865638.2102811,4537663440.623568,53659749.476363406,5931012711.922756,33138990736.055614,0,0,0
Z3,7,12, 4K,11880.0,0.00099,12000000.0,11880000.0,1.721182,2,5.37433,44367503.126271,44367503.126271,1816865638.2102811,4537663440.623568,53659749.476363406,5931012711.922756,33138990736.055614,0,0,0
Z3,8,12, 4K,11424.0,0.000923,12377031.419285,11424000.0,1.721182,2,5.37433,44442909.410128,44442909.410128,1816865638.2102811,4537663440.623568,53659749.476363406,5931012711.922756,33138990736.055614,0,0,0
Z3,9,12, 4K,12184.0,0.000877,13892816.419612,12184000.0,1.721182,2,5.37433,44746066.410194,44746066.410194,1816865638.2102811,4537663440.623568,53659749.476363406,5931012711.922756,33138990736.055614,0,0,0
Z3,10,12, 4K,110704.0,0.00186,59518279.569892,110704000.0,1.721182,2,5.37433,53871159.04025,53871159.04025,1816865638.2102811,4537663440.623568,53659749.476363406,5931012711.922756,33138990736.055614,0,0,0
Z3,11,12, 4K,129784.0,0.001255,103413545.816733,129784000.0,1.721182,2,5.37433,62650212.289618,62650212.289618,1816865638.2102811,4537663440.623568,53659749.476363406,5931012711.922756,33138990736.055614,0,0,0
Z3,12,12, 4K,166568.0,0.001607,103651524.579963,166568000.0,1.721182,2,5.37433,62697808.042264,62697808.042264,1816865638.2102811,4537663440.623568,53659749.476363406,5931012711.922756,33138990736.055614,0,0,0
Z3,13,12, 4K,122960.0,0.001285,95688715.953307,122960000.0,1.721182,2,5.37433,61105246.316933,61105246.316933,1816865638.2102811,4537663440.623568,53659749.476363406,5931012711.922756,33138990736.055614,0,0,0
Z3,14,12, 4K,171640.0,0.001378,124557329.46299,171640000.0,1.721182,2,5.37433,66878969.018869,66878969.018869,1816865638.2102811,4537663440.623568,53659749.476363406,5931012711.922756,33138990736.055614,0,0,0
Z3,15,12, 4K,164560.0,0.001559,105554842.847979,164560000.0,1.721182,2,5.37433,63078471.695867,63078471.695867,1816865638.2102811,4537663440.623568,53659749.476363406,5931012711.922756,33138990736.055614,0,0,0
Z3,16,12, 4K,200832.0,0.001773,113272419.62775,200832000.0,1.721182,2,5.37433,64621987.051821,64621987.051821,1816865638.2102811,4537663440.623568,53659749.476363406,5931012711.922756,33138990736.055614,0,0,0
Z3,17,12, 4K,163440.0,0.001768,92443438.914027,163440000.0,1.721182,2,5.37433,60456190.909077,60456190.909077,1816865638.2102811,4537663440.623568,53659749.476363406,5931012711.922756,33138990736.055614,0,0,0
Z3,18,12, 4K,195408.0,0.001708,114407494.145199,195408000.0,1.721182,2,5.37433,64849001.955311,64849001.955311,1816865638.2102811,4537663440.623568,53659749.476363406,5931012711.922756,33138990736.055614,0,0,0
Z3,19,12, 4K,141952.0,0.001589,89334172.435494,141952000.0,1.721182,2,5.37433,59834337.61337,59834337.61337,1816865638.2102811,4537663440.623568,53659749.476363406,5931012711.922756,33138990736.055614,0,0,0
Z3,20,12, 4K,115864.0,0.001474,78605156.037992,115864000.0,1.721182,2,5.37433,57688534.33387,57688534.33387,1816865638.2102811,4537663440.623568,53659749.476363406,5931012711.922756,33138990736.055614,0,0,0
Z3,21,12, 4K,248576.0,0.002119,117308164.22841,124288000.0,1.721182,2,5.37433,65429135.971953,65429135.971953,1816865638.2102811,4537663440.623568,53659749.476363406,5931012711.922756,33138990736.055614,0,0,0
Z3,22,12, 4K,345040.0,0.005712,60406162.464986,69008000.0,1.721182,2,5.37433,54048735.619269,54048735.619269,1816865638.2102811,4537663440.623568,53659749.476363406,5931012711.922756,33138990736.055614,0,0,0
Z3,23,12, 4K,295296.0,0.002196,134469945.355191,147648000.0,1.721182,2,5.37433,68861492.19731,68861492.19731,1816865638.2102811,4537663440.623568,53659749.476363406,5931012711.922756,33138990736.055614,0,0,0
Z3,24,12, 4K,385520.0,0.002412,159834162.52073,192760000.0,1.721182,2,5.37433,73934335.630417,73934335.630417,1816865638.2102811,4537663440.623568,53659749.476363406,5931012711.922756,33138990736.055614,0,0,0
Z3,25,12, 4K,219952.0,0.001774,123986471.251409,219952000.0,1.721182,2,5.37433,66764797.376553,66764797.376553,1816865638.2102811,4537663440.623568,53659749.476363406,5931012711.922756,33138990736.055614,0,0,0
Z3,26,12, 4K,323240.0,0.002247,143854027.592345,161620000.0,1.721182,2,5.37433,70738308.644741,70738308.644741,1816865638.2102811,4537663440.623568,53659749.476363406,5931012711.922756,33138990736.055614,0,0,0
Z3,27,12, 4K,481656.0,0.00241,199857261.410788,240828000.0,1.721182,2,5.37433,81938955.408429,81938955.408429,1816865638.2102811,4537663440.623568,53659749.476363406,5931012711.922756,33138990736.055614,0,0,0
Z3,28,12, 4K,552784.0,0.002408,229561461.79402,276392000.0,1.721182,2,5.37433,87879795.485075,87879795.485075,1816865638.2102811,4537663440.623568,53659749.476363406,5931012711.922756,33138990736.055614,0,0,0
Z3,29,12, 4K,439328.0,0.002363,185919593.736775,219664000.0,1.721182,2,5.37433,79151421.873627,79151421.873627,1816865638.2102811,4537663440.623568,53659749.476363406,5931012711.922756,33138990736.055614,0,0,0
Z3,30,12, 4K,78928.0,0.001291,61137103.020914,78928000.0,1.721182,2,5.37433,54194923.730454,54194923.730454,1816865638.2102811,4537663440.623568,53659749.476363406,5931012711.922756,33138990736.055614,0,0,0
Z3,31,12, 4K,90936.0,0.001339,67913368.185213,90936000.0,1.721182,2,5.37433,55550176.763314,55550176.763314,1816865638.2102811,4537663440.623568,53659749.476363406,5931012711.922756,33138990736.055614,0,0,0
Z3,32,12, 4K,108688.0,0.001482,73338731.443995,108688000.0,1.721182,2,5.37433,56635249.41507,56635249.41507,1816865638.2102811,4537663440.623568,53659749.476363406,5931012711.922756,33138990736.055614,0,0,0
Z3,33,12, 4K,106656.0,0.001474,72358208.955224,106656000.0,1.721182,2,5.37433,56439144.917316,56439144.917316,1816865638.2102811,4537663440.623568,53659749.476363406,5931012711.922756,33138990736.055614,0,0,0
Z3,34,12, 4K,105120.0,0.001388,75734870.317003,105120000.0,1.721182,2,5.37433,57114477.189672,57114477.189672,1816865638.2102811,4537663440.623568,53659749.476363406,5931012711.922756,33138990736.055614,0,0,0
Z3,35,12, 4K,114168.0,0.004337,26324187.226193,28542000.0,1.721182,2,5.37433,47232340.57151,47232340.57151,1816865638.2102811,4537663440.623568,53659749.476363406,5931012711.922756,33138990736.055614,0,0,0
Z3,36,12, 4K,172408.0,0.001627,105966810.079902,172408000.0,1.721182,2,5.37433,63160865.142252,63160865.142252,1816865638.2102811,4537663440.623568,53659749.476363406,5931012711.922756,33138990736.055614,0,0,0
Z3,37,12, 4K,121920.0,0.001276,95548589.341693,121920000.0,1.721182,2,5.37433,61077220.99461,61077220.99461,1816865638.2102811,4537663440.623568,53659749.476363406,5931012711.922756,33138990736.055614,0,0,0
Z3,38,12, 4K,90808.0,0.001264,71841772.151899,90808000.0,1.721182,2,5.37433,56335857.556651,56335857.556651,1816865638.2102811,4537663440.623568,53659749.476363406,5931012711.922756,33138990736.055614,0,0,0
Z1,0,13, 4K,12072.0,0.021386,564481.436454,574856.0,1.575392,2,6.52012,46935282.850825,46935282.850825,1816865638.2102811,4537663440.623568,53659749.476363406,5931012711.922756,33138990736.055614,0,0,0
Z2,0,13, 4K,6624.0,0.021244,311805.686311,315424.0,1.575392,2,6.52012,46884747.700797,46884747.700797,1816865638.2102811,4537663440.623568,53659749.476363406,5931012711.922756,33138990736.055614,0,0,0
Z2,1,13, 4K,14096.0,0.000925,15238918.918919,14096000.0,1.575392,2,6.52012,49870170.347318,49870170.347318,1816865638.2102811,4537663440.623568,53659749.476363406,5931012711.922756,33138990736.055614,0,0,0
Z2,2,13, 4K,11568.0,0.00086,13451162.790698,11568000.0,1.575392,2,6.52012,49512619.121674,49512619.121674,1816865638.2102811,4537663440.623568,53659749.476363406,5931012711.922756,33138990736.055614,0,0,0
Z2,3,13, 4K,265632.0,0.002129,124768435.885392,132816000.0,1.575392,2,6.52012,71776073.740613,71776073.740613,1816865638.2102811,4537663440.623568,53659749.476363406,5931012711.922756,33138990736.055614,0,0,0
Z2,4,13, 4K,231376.0,0.002021,114485898.070262,115688000.0,1.575392,2,6.52012,69719566.177587,69719566.177587,1816865638.2102811,4537663440.623568,53659749.476363406,5931012711.922756,33138990736.055614,0,0,0
Z2,5,13, 4K,217208.0,0.001807,120203652.462645,217208000.0,1.575392,2,6.52012,70863117.056063,70863117.056063,1816865638.2102811,4537663440.623568,53659749.476363406,5931012711.922756,33138990736.055614,0,0,0
Z2,6,13, 4K,162672.0,0.001678,96943980.929678,162672000.0,1.575392,2,6.52012,66211182.74947,66211182.74947,1816865638.2102811,4537663440.623568,53659749.476363406,5931012711.922756,33138990736.055614,0,0,0
Z2,7,13, 4K,176832.0,0.001728,102333333.333333,176832000.0,1.575392,2,6.52012,67289053.230201,67289053.230201,1816865638.2102811,4537663440.623568,53659749.476363406,5931012711.922756,33138990736.055614,0,0,0
Z3,0,13, 4K,18240.0,0.023093,789849.738016,793040.0,1.575392,2,6.52012,46980356.511137,46980356.511137,1816865638.2102811,4537663440.623568,53659749.476363406,5931012711.922756,33138990736.055614,0,0,0
Z3,1,13, 4K,19120.0,0.00096,19916666.666667,19120000.0,1.575392,2,6.52012,50805719.896868,50805719.896868,1816865638.2102811,4537663440.623568,53659749.476363406,5931012711.922756,33138990736.055614,0,0,0
Z3,2,13, 4K,17576.0,0.000968,18157024.793388,17576000.0,1.575392,2,6.52012,50453791.522212,50453791.522212,1816865638.2102811,4537663440.623568,53659749.476363406,5931012711.922756,33138990736.055614,0,0,0
Z3,3,13, 4K,13752.0,0.000765,17976470.588235,13752000.0,1.575392,2,6.52012,50417680.681181,50417680.681181,1816865638.2102811,4537663440.623568,53659749.476363406,5931012711.922756,33138990736.055614,0,0,0
Z3,4,13, 4K,20424.0,0.000943,21658536.585366,20424000.0,1.575392,2,6.52012,51154093.880607,51154093.880607,1816865638.2102811,4537663440.623568,53659749.476363406,5931012711.922756,33138990736.055614,0,0,0
Z3,5,13, 4K,31888.0,0.00093,34288172.043011,31888000.0,1.575392,2,6.52012,53680020.972136,53680020.972136,1816865638.2102811,4537663440.623568,53659749.476363406,5931012711.922756,33138990736.055614,0,0,0
Z3,6,13, 4K,34824.0,0.000962,36199584.199584,34824000.0,1.575392,2,6.52012,54062303.403451,54062303.403451,1816865638.2102811,4537663440.623568,53659749.476363406,5931012711.922756,33138990736.055614,0,0,0
Z3,7,13, 4K,27304.0,0.00097,28148453.608247,27304000.0,1.575392,2,6.52012,52452077.285184,52452077.285184,1816865638.2102811,4537663440.623568,53659749.476363406,5931012711.922756,33138990736.055614,0,0,0
Z3,8,13, 4K,24832.0,0.000885,28058757.062147,24832000.0,1.575392,2,6.52012,52434137.975964,52434137.975964,1816865638.2102811,4537663440.623568,53659749.476363406,5931012711.922756,33138990736.055614,0,0,0
Z3,9,13, 4K,102416.0,0.001119,91524575.513852,102416000.0,1.575392,2,6.52012,65127301.666305,65127301.666305,1816865638.2102811,4537663440.623568,53659749.476363406,5931012711.922756,33138990736.055614,0,0,0
Z3,10,13, 4K,123344.0,0.001407,87664534.470505,123344000.0,1.575392,2,6.52012,64355293.457635,64355293.457635,1816865638.2102811,4537663440.623568,53659749.476363406,5931012711.922756,33138990736.055614,0,0,0
Z3,11,13, 4K,125056.0,0.001385,90293140.794224,125056000.0,1.575392,2,6.52012,64881014.722379,64881014.722379,1816865638.2102811,4537663440.623568,53659749.476363406,5931012711.922756,33138990736.055614,0,0,0
Z3,12,13, 4K,117608.0,0.001369,85907962.01607,117608000.0,1.575392,2,6.52012,64003978.966748,64003978.966748,1816865638.2102811,4537663440.623568,53659749.476363406,5931012711.922756,33138990736.055614,0,0,0
Z3,13,13, 4K,166128.0,0.001626,102169741.697417,166128000.0,1.575392,2,6.52012,67256334.903018,67256334.903018,1816865638.2102811,4537663440.623568,53659749.476363406,5931012711.922756,33138990736.055614,0,0,0
Z3,14,13, 4K,184040.0,0.001614,114027261.462206,184040000.0,1.575392,2,6.52012,69627838.855975,69627838.855975,1816865638.2102811,4537663440.623568,53659749.476363406,5931012711.922756,33138990736.055614,0,0,0
Z3,15,13, 4K,326472.0,0.001907,171196643.943367,326472000.0,1.575392,2,6.52012,81061715.352208,81061715.352208,1816865638.2102811,4537663440.623568,53659749.476363406,5931012711.922756,33138990736.055614,0,0,0
Z3,16,13, 4K,315832.0,0.002083,151623619.779165,157916000.0,1.575392,2,6.52012,77147110.519367,77147110.519367,1816865638.2102811,4537663440.623568,53659749.476363406,5931012711.922756,33138990736.055614,0,0,0
Z3,17,13, 4K,278216.0,0.001835,151616348.773842,278216000.0,1.575392,2,6.52012,77145656.318303,77145656.318303,1816865638.2102811,4537663440.623568,53659749.476363406,5931012711.922756,33138990736.055614,0,0,0
Z3,18,13, 4K,183344.0,0.001616,113455445.544554,183344000.0,1.575392,2,6.52012,69513475.672445,69513475.672445,1816865638.2102811,4537663440.623568,53659749.476363406,5931012711.922756,33138990736.055614,0,0,0
Z3,19,13, 4K,213632.0,0.001612,132526054.590571,213632000.0,1.575392,2,6.52012,73327597.481648,73327597.481648,1816865638.2102811,4537663440.623568,53659749.476363406,5931012711.922756,33138990736.055614,0,0,0
Z3,20,13, 4K,248704.0,0.001723,144343586.767266,248704000.0,1.575392,2,6.52012,75691103.916988,75691103.916988,1816865638.2102811,4537663440.623568,53659749.476363406,5931012711.922756,33138990736.055614,0,0,0
Z3,21,13, 4K,291920.0,0.001814,160926130.099228,291920000.0,1.575392,2,6.52012,79007612.58338,79007612.58338,1816865638.2102811,4537663440.623568,53659749.476363406,5931012711.922756,33138990736.055614,0,0,0
Z3,22,13, 4K,272896.0,0.001703,160244274.80916,272896000.0,1.575392,2,6.52012,78871241.525366,78871241.525366,1816865638.2102811,4537663440.623568,53659749.476363406,5931012711.922756,33138990736.055614,0,0,0
Z3,23,13, 4K,353984.0,0.001885,187789920.424403,353984000.0,1.575392,2,6.52012,84380370.648415,84380370.648415,1816865638.2102811,4537663440.623568,53659749.476363406,5931012711.922756,33138990736.055614,0,0,0
Z3,24,13, 4K,187896.0,0.001386,135567099.5671,187896000.0,1.575392,2,6.52012,73935806.476954,73935806.476954,1816865638.2102811,4537663440.623568,53659749.476363406,5931012711.922756,33138990736.055614,0,0,0
Z3,25,13, 4K,267712.0,0.001527,175318925.99869,267712000.0,1.575392,2,6.52012,81886171.763272,81886171.763272,1816865638.2102811,4537663440.623568,53659749.476363406,5931012711.922756,33138990736.055614,0,0,0
Z3,26,13, 4K,360608.0,0.00216,166948148.148148,180304000.0,1.575392,2,6.52012,80212016.193164,80212016.193164,1816865638.2102811,4537663440.623568,53659749.476363406,5931012711.922756,33138990736.055614,0,0,0
Z3,27,13, 4K,316984.0,0.001848,171528138.528139,316984000.0,1.575392,2,6.52012,81128014.269162,81128014.269162,1816865638.2102811,4537663440.623568,53659749.476363406,5931012711.922756,33138990736.055614,0,0,0
Z3,28,13, 4K,344104.0,0.002013,170940884.25236,172052000.0,1.575392,2,6.52012,81010563.414006,81010563.414006,1816865638.2102811,4537663440.623568,53659749.476363406,5931012711.922756,33138990736.055614,0,0,0
Z3,29,13, 4K,316392.0,0.002073,152625180.89725,158196000.0,1.575392,2,6.52012,77347422.742984,77347422.742984,1816865638.2102811,4537663440.623568,53659749.476363406,5931012711.922756,33138990736.055614,0,0,0
Z3,30,13, 4K,94808.0,0.001122,84499108.734403,94808000.0,1.575392,2,6.52012,63722208.310415,63722208.310415,1816865638.2102811,4537663440.623568,53659749.476363406,5931012711.922756,33138990736.055614,0,0,0
Z3,31,13, 4K,89856.0,0.001149,78203655.35248,89856000.0,1.575392,2,6.52012,62463117.63403,62463117.63403,1816865638.2102811,4537663440.623568,53659749.476363406,5931012711.922756,33138990736.055614,0,0,0
Z3,32,13, 4K,76680.0,0.001225,62595918.367347,76680000.0,1.575392,2,6.52012,59341570.237004,59341570.237004,1816865638.2102811,4537663440.623568,53659749.476363406,5931012711.922756,33138990736.055614,0,0,0
Z3,33,13, 4K,75464.0,0.001107,68169828.36495,75464000.0,1.575392,2,6.52012,60456352.236524,60456352.236524,1816865638.2102811,4537663440.623568,53659749.476363406,5931012711.922756,33138990736.055614,0,0,0
Z3,34,13, 4K,75568.0,0.000975,77505641.025641,75568000.0,1.575392,2,6.52012,62323514.768662,62323514.768662,1816865638.2102811,4537663440.623568,53659749.476363406,5931012711.922756,33138990736.055614,0,0,0
Z3,35,13, 4K,53048.0,0.00094,56434042.553191,53048000.0,1.575392,2,6.52012,58109195.074173,58109195.074173,1816865638.2102811,4537663440.623568,53659749.476363406,5931012711.922756,33138990736.055614,0,0,0
Z3,36,13, 4K,71632.0,0.000977,73318321.392016,71632000.0,1.575392,2,6.52012,61486050.841937,61486050.841937,1816865638.2102811,4537663440.623568,53659749.476363406,5931012711.922756,33138990736.055614,0,0,0
Z3,37,13, 4K,124120.0,0.001267,97963693.764799,124120000.0,1.575392,2,6.52012,66415125.316494,66415125.316494,1816865638.2102811,4537663440.623568,53659749.476363406,5931012711.922756,33138990736.055614,0,0,0
Z3,38,13, 4K,159576.0,0.001618,98625463.535229,159576000.0,1.575392,2,6.52012,66547479.27058,66547479.27058,1816865638.2102811,4537663440.623568,53659749.476363406,5931012711.922756,33138990736.055614,0,0,0
Z1,0,14, 4K,36464.0,0.019493,1870620.222644,1919152.0,1.439549,2,6.655963,63489845.281082,63489845.281082,1816865638.2102811,4537663440.623568,53659749.476363406,5931012711.922756,33138990736.055614,0,0,0
Z2,0,14, 4K,6624.0,0.022409,295595.519657,301088.0,1.439549,2,6.655963,63174840.340485,63174840.340485,1816865638.2102811,4537663440.623568,53659749.476363406,5931012711.922756,33138990736.055614,0,0,0
Z2,1,14, 4K,65528.0,0.001159,56538395.168248,65528000.0,1.439549,2,6.655963,74423400.270203,74423400.270203,1816865638.2102811,4537663440.623568,53659749.476363406,5931012711.922756,33138990736.055614,0,0,0
Z2,2,14, 4K,26120.0,0.001059,24664778.09254,26120000.0,1.439549,2,6.655963,68048676.855062,68048676.855062,1816865638.2102811,4537663440.623568,53659749.476363406,5931012711.922756,33138990736.055614,0,0,0
Z2,3,14, 4K,276584.0,0.002239,123530147.387226,138292000.0,1.439549,2,6.655963,87821750.713999,87821750.713999,1816865638.2102811,4537663440.623568,53659749.476363406,5931012711.922756,33138990736.055614,0,0,0
Z2,4,14, 4K,310648.0,0.002237,138868126.955744,155324000.0,1.439549,2,6.655963,90889346.627702,90889346.627702,1816865638.2102811,4537663440.623568,53659749.476363406,5931012711.922756,33138990736.055614,0,0,0
Z2,5,14, 4K,211048.0,0.001436,146969359.331476,211048000.0,1.439549,2,6.655963,92509593.102849,92509593.102849,1816865638.2102811,4537663440.623568,53659749.476363406,5931012711.922756,33138990736.055614,0,0,0
Z2,6,14, 4K,102528.0,0.001207,84944490.472245,102528000.0,1.439549,2,6.655963,80104619.331003,80104619.331003,1816865638.2102811,4537663440.623568,53659749.476363406,5931012711.922756,33138990736.055614,0,0,0
Z2,7,14, 4K,101856.0,0.001145,88957205.240175,101856000.0,1.439549,2,6.655963,80907162.284588,80907162.284588,1816865638.2102811,4537663440.623568,53659749.476363406,5931012711.922756,33138990736.055614,0,0,0
Z3,0,14, 4K,19944.0,0.025737,774915.491316,797760.0,1.439549,2,6.655963,63270704.334817,63270704.334817,1816865638.2102811,4537663440.623568,53659749.476363406,5931012711.922756,33138990736.055614,0,0,0
Z3,1,14, 4K,27688.0,0.000912,30359649.122807,27688000.0,1.439549,2,6.655963,69187651.061115,69187651.061115,1816865638.2102811,4537663440.623568,53659749.476363406,5931012711.922756,33138990736.055614,0,0,0
Z3,2,14, 4K,29160.0,0.000956,30502092.050209,29160000.0,1.439549,2,6.655963,69216139.646595,69216139.646595,1816865638.2102811,4537663440.623568,53659749.476363406,5931012711.922756,33138990736.055614,0,0,0
Z3,3,14, 4K,17040.0,0.000839,20309892.72944,17040000.0,1.439549,2,6.655963,67177699.782441,67177699.782441,1816865638.2102811,4537663440.623568,53659749.476363406,5931012711.922756,33138990736.055614,0,0,0
Z3,4,14, 4K,29288.0,0.000803,36473225.404732,29288000.0,1.439549,2,6.655963,70410366.3175,70410366.3175,1816865638.2102811,4537663440.623568,53659749.476363406,5931012711.922756,33138990736.055614,0,0,0
Z3,5,14, 4K,29392.0,0.000837,35115890.083632,29392000.0,1.439549,2,6.655963,70138899.25328,70138899.25328,1816865638.2102811,4537663440.623568,53659749.476363406,5931012711.922756,33138990736.055614,0,0,0
Z3,6,14, 4K,19864.0,0.00095,20909473.684211,19864000.0,1.439549,2,6.655963,67297615.973396,67297615.973396,1816865638.2102811,4537663440.623568,53659749.476363406,5931012711.922756,33138990736.055614,0,0,0
Z3,7,14, 4K,46568.0,0.000846,55044917.257683,46568000.0,1.439549,2,6.655963,74124704.68809,74124704.68809,1816865638.2102811,4537663440.623568,53659749.476363406,5931012711.922756,33138990736.055614,0,0,0
Z3,8,14, 4K,77848.0,0.001108,70259927.797834,77848000.0,1.439549,2,6.655963,77167706.79612,77167706.79612,1816865638.2102811,4537663440.623568,53659749.476363406,5931012711.922756,33138990736.055614,0,0,0
Z3,9,14, 4K,121432.0,0.001396,86985673.352436,121432000.0,1.439549,2,6.655963,80512855.907041,80512855.907041,1816865638.2102811,4537663440.623568,53659749.476363406,5931012711.922756,33138990736.055614,0,0,0
Z3,10,14, 4K,178104.0,0.001616,110212871.287129,178104000.0,1.439549,2,6.655963,85158295.493979,85158295.493979,1816865638.2102811,4537663440.623568,53659749.476363406,5931012711.922756,33138990736.055614,0,0,0
Z3,11,14, 4K,144672.0,0.001455,99430927.835052,144672000.0,1.439549,2,6.655963,83001906.803564,83001906.803564,1816865638.2102811,4537663440.623568,53659749.476363406,5931012711.922756,33138990736.055614,0,0,0
Z3,12,14, 4K,153792.0,0.001521,101112426.035503,153792000.0,1.439549,2,6.655963,83338206.443654,83338206.443654,1816865638.2102811,4537663440.623568,53659749.476363406,5931012711.922756,33138990736.055614,0,0,0
Z3,13,14, 4K,193616.0,0.001652,117200968.523002,193616000.0,1.439549,2,6.655963,86555914.941154,86555914.941154,1816865638.2102811,4537663440.623568,53659749.476363406,5931012711.922756,33138990736.055614,0,0,0
Z3,14,14, 4K,215184.0,0.005459,39418208.463088,43036800.0,1.439549,2,6.655963,70999362.929171,70999362.929171,1816865638.2102811,4537663440.623568,53659749.476363406,5931012711.922756,33138990736.055614,0,0,0
Z3,15,14, 4K,391928.0,0.002493,157211391.897312,195964000.0,1.439549,2,6.655963,94557999.616016,94557999.616016,1816865638.2102811,4537663440.623568,53659749.476363406,5931012711.922756,33138990736.055614,0,0,0
Z3,16,14, 4K,320024.0,0.002014,158899702.085402,160012000.0,1.439549,2,6.655963,94895661.653634,94895661.653634,1816865638.2102811,4537663440.623568,53659749.476363406,5931012711.922756,33138990736.055614,0,0,0
Z3,17,14, 4K,268840.0,0.002062,130378273.520854,134420000.0,1.439549,2,6.655963,89191375.940724,89191375.940724,1816865638.2102811,4537663440.623568,53659749.476363406,5931012711.922756,33138990736.055614,0,0,0
Z3,18,14, 4K,275832.0,0.002073,133059334.298119,137916000.0,1.439549,2,6.655963,89727588.096177,89727588.096177,1816865638.2102811,4537663440.623568,53659749.476363406,5931012711.922756,33138990736.055614,0,0,0
Z3,19,14, 4K,163384.0,0.001418,115221438.64598,163384000.0,1.439549,2,6.655963,86160008.96575,86160008.96575,1816865638.2102811,4537663440.623568,53659749.476363406,5931012711.922756,33138990736.055614,0,0,0
Z3,20,14, 4K,193688.0,0.001476,131224932.249322,193688000.0,1.439549,2,6.655963,89360707.686418,89360707.686418,1816865638.2102811,4537663440.623568,53659749.476363406,5931012711.922756,33138990736.055614,0,0,0
Z3,21,14, 4K,225432.0,0.001646,136957472.660996,225432000.0,1.439549,2,6.655963,90507215.768753,90507215.768753,1816865638.2102811,4537663440.623568,53659749.476363406,5931012711.922756,33138990736.055614,0,0,0
Z3,22,14, 4K,248896.0,0.001589,156636878.539962,248896000.0,1.439549,2,6.655963,94443096.944546,94443096.944546,1816865638.2102811,4537663440.623568,53659749.476363406,5931012711.922756,33138990736.055614,0,0,0
Z3,23,14, 4K,266808.0,0.001849,144298539.751217,266808000.0,1.439549,2,6.655963,91975429.186797,91975429.186797,1816865638.2102811,4537663440.623568,53659749.476363406,5931012711.922756,33138990736.055614,0,0,0
Z3,24,14, 4K,164848.0,0.001429,115358992.302309,164848000.0,1.439549,2,6.655963,86187519.697015,86187519.697015,1816865638.2102811,4537663440.623568,53659749.476363406,5931012711.922756,33138990736.055614,0,0,0
Z3,25,14, 4K,188952.0,0.001404,134581196.581197,188952000.0,1.439549,2,6.655963,90031960.552793,90031960.552793,1816865638.2102811,4537663440.623568,53659749.476363406,5931012711.922756,33138990736.055614,0,0,0
Z3,26,14, 4K,335320.0,0.001924,174282744.282744,335320000.0,1.439549,2,6.655963,97972270.093102,97972270.093102,1816865638.2102811,4537663440.623568,53659749.476363406,5931012711.922756,33138990736.055614,0,0,0
Z3,27,14, 4K,365224.0,0.001782,204951739.618406,365224000.0,1.439549,2,6.655963,104106069.160235,104106069.160235,1816865638.2102811,4537663440.623568,53659749.476363406,5931012711.922756,33138990736.055614,0,0,0
Z3,28,14, 4K,392736.0,0.002164,181486136.783734,196368000.0,1.439549,2,6.655963,99412948.5933,99412948.5933,1816865638.2102811,4537663440.623568,53659749.476363406,5931012711.922756,33138990736.055614,0,0,0
Z3,29,14, 4K,324128.0,0.001783,181787997.75659,324128000.0,1.439549,2,6.655963,99473320.787871,99473320.787871,1816865638.2102811,4537663440.623568,53659749.476363406,5931012711.922756,33138990736.055614,0,0,0
Z3,30,14, 4K,37424.0,0.00077,48602597.402597,37424000.0,1.439549,2,6.655963,72836240.717073,72836240.717073,1816865638.2102811,4537663440.623568,53659749.476363406,5931012711.922756,33138990736.055614,0,0,0
Z3,31,14, 4K,36240.0,0.000813,44575645.756458,36240000.0,1.439549,2,6.655963,72030850.387845,72030850.387845,1816865638.2102811,4537663440.623568,53659749.476363406,5931012711.922756,33138990736.055614,0,0,0
Z3,32,14, 4K,32904.0,0.000844,38985781.990521,32904000.0,1.439549,2,6.655963,70912877.634658,70912877.634658,1816865638.2102811,4537663440.623568,53659749.476363406,5931012711.922756,33138990736.055614,0,0,0
Z3,33,14, 4K,33208.0,0.000847,39206611.570248,33208000.0,1.439549,2,6.655963,70957043.550603,70957043.550603,1816865638.2102811,4537663440.623568,53659749.476363406,5931012711.922756,33138990736.055614,0,0,0
Z3,34,14, 4K,27104.0,0.000989,27405460.060667,27104000.0,1.439549,2,6.655963,68596813.248687,68596813.248687,1816865638.2102811,4537663440.623568,53659749.476363406,5931012711.922756,33138990736.055614,0,0,0
Z3,35,14, 4K,27712.0,0.000874,31707093.82151,27712000.0,1.439549,2,6.655963,69457140.000856,69457140.000856,1816865638.2102811,4537663440.623568,53659749.476363406,5931012711.922756,33138990736.055614,0,0,0
Z3,36,14, 4K,69480.0,0.005256,13219178.082192,13896000.0,1.439549,2,6.655963,65759556.852992,65759556.852992,1816865638.2102811,4537663440.623568,53659749.476363406,5931012711.922756,33138990736.055614,0,0,0
Z3,37,14, 4K,104904.0,0.001153,90983521.248916,104904000.0,1.439549,2,6.655963,81312425.486337,81312425.486337,1816865638.2102811,4537663440.623568,53659749.476363406,5931012711.922756,33138990736.055614,0,0,0
Z3,38,14, 4K,111104.0,0.00158,70318987.341772,111104000.0,1.439549,2,6.655963,77179518.704908,77179518.704908,1816865638.2102811,4537663440.623568,53659749.476363406,5931012711.922756,33138990736.055614,0,0,0
Z1,0,15, 4K,278440.0,0.022227,12527106.672066,12656360.0,1.295089,2,7.800423,64903320.783304,64903320.783304,1816865638.2102811,4537663440.623568,53659749.476363406,5931012711.922756,33138990736.055614,0,0,0
Z2,0,15, 4K,6624.0,0.023355,283622.350674,288000.0,1.295089,2,7.800423,62454623.919025,62454623.919025,1816865638.2102811,4537663440.623568,53659749.476363406,5931012711.922756,33138990736.055614,0,0,0
Z2,1,15, 4K,92296.0,0.001177,78416312.659303,92296000.0,1.295089,2,7.800423,78081161.980751,78081161.980751,1816865638.2102811,4537663440.623568,53659749.476363406,5931012711.922756,33138990736.055614,0,0,0
Z2,2,15, 4K,97816.0,0.001397,70018611.30995,97816000.0,1.295089,2,7.800423,76401621.71088,76401621.71088,1816865638.2102811,4537663440.623568,53659749.476363406,5931012711.922756,33138990736.055614,0,0,0
Z2,3,15, 4K,40600.0,0.001136,35739436.619718,40600000.0,1.295089,2,7.800423,69545786.772834,69545786.772834,1816865638.2102811,4537663440.623568,53659749.476363406,5931012711.922756,33138990736.055614,0,0,0
Z2,4,15, 4K,232152.0,0.001981,117189298.334175,232152000.0,1.295089,2,7.800423,85835759.115725,85835759.115725,1816865638.2102811,4537663440.623568,53659749.476363406,5931012711.922756,33138990736.055614,0,0,0
Z2,5,15, 4K,255400.0,0.001925,132675324.675325,255400000.0,1.295089,2,7.800423,88932964.383955,88932964.383955,1816865638.2102811,4537663440.623568,53659749.476363406,5931012711.922756,33138990736.055614,0,0,0
Z2,6,15, 4K,249784.0,0.001964,127181262.729124,249784000.0,1.295089,2,7.800423,87834151.994715,87834151.994715,1816865638.2102811,4537663440.623568,53659749.476363406,5931012711.922756,33138990736.055614,0,0,0
Z2,7,15, 4K,288648.0,0.002105,137124940.617577,144324000.0,1.295089,2,7.800423,89822887.572406,89822887.572406,1816865638.2102811,4537663440.623568,53659749.476363406,5931012711.922756,33138990736.055614,0,0,0
Z3,0,15, 4K,12608.0,0.022068,571324.995469,573088.0,1.295089,2,7.800423,62512164.447984,62512164.447984,1816865638.2102811,4537663440.623568,53659749.476363406,5931012711.922756,33138990736.055614,0,0,0
Z3,1,15, 4K,14232.0,0.000857,16606767.794632,14232000.0,1.295089,2,7.800423,65719253.007817,65719253.007817,1816865638.2102811,4537663440.623568,53659749.476363406,5931012711.922756,33138990736.055614,0,0,0
Z3,2,15, 4K,18288.0,0.000759,24094861.660079,18288000.0,1.295089,2,7.800423,67216871.780906,67216871.780906,1816865638.2102811,4537663440.623568,53659749.476363406,5931012711.922756,33138990736.055614,0,0,0
Z3,3,15, 4K,17960.0,0.000837,21457586.618877,17960000.0,1.295089,2,7.800423,66689416.772666,66689416.772666,1816865638.2102811,4537663440.623568,53659749.476363406,5931012711.922756,33138990736.055614,0,0,0
Z3,4,15, 4K,30136.0,0.00093,32404301.075269,30136000.0,1.295089,2,7.800423,68878759.663944,68878759.663944,1816865638.2102811,4537663440.623568,53659749.476363406,5931012711.922756,33138990736.055614,0,0,0
Z3,5,15, 4K,38832.0,0.000965,40240414.507772,38832000.0,1.295089,2,7.800423,70445982.350445,70445982.350445,1816865638.2102811,4537663440.623568,53659749.476363406,5931012711.922756,33138990736.055614,0,0,0
Z3,6,15, 4K,80120.0,0.001139,70342405.618964,80120000.0,1.295089,2,7.800423,76466380.572683,76466380.572683,1816865638.2102811,4537663440.623568,53659749.476363406,5931012711.922756,33138990736.055614,0,0,0
Z3,7,15, 4K,115624.0,0.001408,82119318.181818,115624000.0,1.295089,2,7.800423,78821763.085254,78821763.085254,1816865638.2102811,4537663440.623568,53659749.476363406,5931012711.922756,33138990736.055614,0,0,0
Z3,8,15, 4K,91976.0,0.001153,79771032.090199,91976000.0,1.295089,2,7.800423,78352105.86693,78352105.86693,1816865638.2102811,4537663440.623568,53659749.476363406,5931012711.922756,33138990736.055614,0,0,0
Z3,9,15, 4K,131496.0,0.00141,93259574.468085,131496000.0,1.295089,2,7.800423,81049814.342507,81049814.342507,1816865638.2102811,4537663440.623568,53659749.476363406,5931012711.922756,33138990736.055614,0,0,0
Z3,10,15, 4K,151608.0,0.001512,100269841.269841,151608000.0,1.295089,2,7.800423,82451867.702859,82451867.702859,1816865638.2102811,4537663440.623568,53659749.476363406,5931012711.922756,33138990736.055614,0,0,0
Z3,11,15, 4K,133200.0,0.00158,84303797.468354,133200000.0,1.295089,2,7.800423,79258658.942561,79258658.942561,1816865638.2102811,4537663440.623568,53659749.476363406,5931012711.922756,33138990736.055614,0,0,0
Z3,12,15, 4K,197848.0,0.004719,41925831.744014,49462000.0,1.295089,2,7.800423,70783065.797693,70783065.797693,1816865638.2102811,4537663440.623568,53659749.476363406,5931012711.922756,33138990736.055614,0,0,0
Z3,13,15, 4K,216432.0,0.001871,115677177.97969,216432000.0,1.295089,2,7.800423,85533335.044828,85533335.044828,1816865638.2102811,4537663440.623568,53659749.476363406,5931012711.922756,33138990736.055614,0,0,0
Z3,14,15, 4K,250032.0,0.002169,115275242.047026,125016000.0,1.295089,2,7.800423,85452947.858296,85452947.858296,1816865638.2102811,4537663440.623568,53659749.476363406,5931012711.922756,33138990736.055614,0,0,0
Z3,15,15, 4K,238656.0,0.00197,121145177.664975,238656000.0,1.295089,2,7.800423,86626934.981885,86626934.981885,1816865638.2102811,4537663440.623568,53659749.476363406,5931012711.922756,33138990736.055614,0,0,0
Z3,16,15, 4K,165160.0,0.001501,110033311.125916,165160000.0,1.295089,2,7.800423,84404561.674074,84404561.674074,1816865638.2102811,4537663440.623568,53659749.476363406,5931012711.922756,33138990736.055614,0,0,0
Z3,17,15, 4K,167848.0,0.001703,98560187.903699,167848000.0,1.295089,2,7.800423,82109937.02963,82109937.02963,1816865638.2102811,4537663440.623568,53659749.476363406,5931012711.922756,33138990736.055614,0,0,0
Z3,18,15, 4K,132104.0,0.001368,96567251.461988,132104000.0,1.295089,2,7.800423,81711349.741288,81711349.741288,1816865638.2102811,4537663440.623568,53659749.476363406,5931012711.922756,33138990736.055614,0,0,0
Z3,19,15, 4K,143824.0,0.001423,101070976.809557,143824000.0,1.295089,2,7.800423,82612094.810802,82612094.810802,1816865638.2102811,4537663440.623568,53659749.476363406,5931012711.922756,33138990736.055614,0,0,0
Z3,20,15, 4K,175072.0,0.001423,123030217.849613,175072000.0,1.295089,2,7.800423,87003943.018813,87003943.018813,1816865638.2102811,4537663440.623568,53659749.476363406,5931012711.922756,33138990736.055614,0,0,0
Z3,21,15, 4K,170296.0,0.001541,110510058.403634,170296000.0,1.295089,2,7.800423,84499911.129617,84499911.129617,1816865638.2102811,4537663440.623568,53659749.476363406,5931012711.922756,33138990736.055614,0,0,0
Z3,22,15, 4K,193376.0,0.001543,125324692.158133,193376000.0,1.295089,2,7.800423,87462837.880517,87462837.880517,1816865638.2102811,4537663440.623568,53659749.476363406,5931012711.922756,33138990736.055614,0,0,0
Z3,23,15, 4K,150872.0,0.001609,93767557.489124,150872000.0,1.295089,2,7.800423,81151410.946715,81151410.946715,1816865638.2102811,4537663440.623568,53659749.476363406,5931012711.922756,33138990736.055614,0,0,0
Z3,24,15, 4K,172416.0,0.001538,112104031.209363,172416000.0,1.295089,2,7.800423,84818705.690763,84818705.690763,1816865638.2102811,4537663440.623568,53659749.476363406,5931012711.922756,33138990736.055614,0,0,0
Z3,25,15, 4K,210512.0,0.00159,132397484.27673,210512000.0,1.295089,2,7.800423,88877396.304236,88877396.304236,1816865638.2102811,4537663440.623568,53659749.476363406,5931012711.922756,33138990736.055614,0,0,0
Z3,26,15, 4K,202256.0,0.001914,105671891.327064,202256000.0,1.295089,2,7.800423,83532277.714303,83532277.714303,1816865638.2102811,4537663440.623568,53659749.476363406,5931012711.922756,33138990736.055614,0,0,0
Z3,27,15, 4K,207528.0,0.001908,108767295.597484,207528000.0,1.295089,2,7.800423,84151358.568387,84151358.568387,1816865638.2102811,4537663440.623568,53659749.476363406,5931012711.922756,33138990736.055614,0,0,0
Z3,28,15, 4K,46288.0,0.001151,40215464.813206,46288000.0,1.295089,2,7.800423,70440992.411532,70440992.411532,1816865638.2102811,4537663440.623568,53659749.476363406,5931012711.922756,33138990736.055614,0,0,0
Z3,29,15, 4K,38120.0,0.001187,32114574.557709,38120000.0,1.295089,2,7.800423,68820814.360432,68820814.360432,1816865638.2102811,4537663440.623568,53659749.476363406,5931012711.922756,33138990736.055614,0,0,0
Z3,30,15, 4K,29864.0,0.001005,29715422.885572,29864000.0,1.295089,2,7.800423,68340984.026005,68340984.026005,1816865638.2102811,4537663440.623568,53659749.476363406,5931012711.922756,33138990736.055614,0,0,0
Z3,31,15, 4K,29864.0,0.001053,28360873.694207,29864000.0,1.295089,2,7.800423,68070074.187732,68070074.187732,1816865638.2102811,4537663440.623568,53659749.476363406,5931012711.922756,33138990736.055614,0,0,0
Z3,32,15, 4K,42832.0,0.001373,31195921.340131,42832000.0,1.295089,2,7.800423,68637083.716917,68637083.716917,1816865638.2102811,4537663440.623568,53659749.476363406,5931012711.922756,33138990736.055614,0,0,0
Z3,33,15, 4K,53400.0,0.001066,50093808.630394,53400000.0,1.295089,2,7.800423,72416661.174969,72416661.174969,1816865638.2102811,4537663440.623568,53659749.476363406,5931012711.922756,33138990736.055614,0,0,0
Z3,34,15, 4K,54248.0,0.001239,43783696.529459,54248000.0,1.295089,2,7.800423,71154638.754782,71154638.754782,1816865638.2102811,4537663440.623568,53659749.476363406,5931012711.922756,33138990736.055614,0,0,0
Z3,35,15, 4K,56416.0,0.001135,49705726.872247,56416000.0,1.295089,2,7.800423,72339044.82334,72339044.82334,1816865638.2102811,4537663440.623568,53659749.476363406,5931012711.922756,33138990736.055614,0,0,0
Z3,36,15, 4K,63392.0,0.001406,45086770.981508,63392000.0,1.295089,2,7.800423,71415253.645192,71415253.645192,1816865638.2102811,4537663440.623568,53659749.476363406,5931012711.922756,33138990736.055614,0,0,0
Z3,37,15, 4K,78136.0,0.001339,58353995.519044,78136000.0,1.295089,2,7.800423,74068698.552699,74068698.552699,1816865638.2102811,4537663440.623568,53659749.476363406,5931012711.922756,33138990736.055614,0,0,0
Z3,38,15, 4K,85200.0,0.001288,66149068.322981,85200000.0,1.295089,2,7.800423,75627713.113487,75627713.113487,1816865638.2102811,4537663440.623568,53659749.476363406,5931012711.922756,33138990736.055614,0,0,0
