Zone, Tile_no, Seg_no, Reso, Seg_d_size, Seg_d_time, Bitrate, Bitrate1, Buf_lev, Buf_limit, Elapsed, Ref_vp, Local_avg,QoE,QoE1,Z1,Z2,Z3,delay,jitter,loss
Z1,0,1,720,9960.0,0.344595,28903.495408,28952.0,1.0,2,6.2e-05,28903.495408,28903.495408,1799734.0359923998,4796390.0539112,278250.5913066,5349862.0735925995,35316422.2527806,100,25,3
Z2,0,1,720,8952.0,0.32139,27854.009148,27880.0,1.0,2,6.2e-05,13927.004574,13927.004574,1799734.0359923998,4796390.0539112,278250.5913066,5349862.0735925995,35316422.2527806,100,25,3
Z2,1,1,720,5424.0,0.07761,69887.901044,70440.0,1.0,2,6.2e-05,23295.967015,23295.967015,1799734.0359923998,4796390.0539112,278250.5913066,5349862.0735925995,35316422.2527806,100,25,3
Z2,2,1,720,7080.0,0.096782,73154.098903,73744.0,1.0,2,6.2e-05,18288.524726,18288.524726,1799734.0359923998,4796390.0539112,278250.5913066,5349862.0735925995,35316422.2527806,100,25,3
Z2,3,1,720,18976.0,0.08951,211998.659368,213208.0,1.0,2,6.2e-05,42399.731874,42399.731874,1799734.0359923998,4796390.0539112,278250.5913066,5349862.0735925995,35316422.2527806,100,25,3
Z2,4,1,720,8720.0,0.100565,86710.088003,87200.0,1.0,2,6.2e-05,17342.017601,17342.017601,1799734.0359923998,4796390.0539112,278250.5913066,5349862.0735925995,35316422.2527806,100,25,3
Z2,5,1,720,8336.0,0.078025,106837.552067,106864.0,1.0,2,6.2e-05,21367.510413,21367.510413,1799734.0359923998,4796390.0539112,278250.5913066,5349862.0735925995,35316422.2527806,100,25,3
Z2,6,1,720,6376.0,0.095003,67113.670095,67112.0,1.0,2,6.2e-05,13422.734019,13422.734019,1799734.0359923998,4796390.0539112,278250.5913066,5349862.0735925995,35316422.2527806,100,25,3
Z2,7,1,720,6872.0,0.098269,69930.496901,70120.0,1.0,2,6.2e-05,13986.09938,13986.09938,1799734.0359923998,4796390.0539112,278250.5913066,5349862.0735925995,35316422.2527806,100,25,3
Z3,0,1,720,7080.0,0.346257,20447.240056,20456.0,1.0,2,6.2e-05,4089.448011,4089.448011,1799734.0359923998,4796390.0539112,278250.5913066,5349862.0735925995,35316422.2527806,100,25,3
Z3,1,1,720,7080.0,0.114628,61765.013784,62104.0,1.0,2,6.2e-05,12353.002757,12353.002757,1799734.0359923998,4796390.0539112,278250.5913066,5349862.0735925995,35316422.2527806,100,25,3
Z3,2,1,720,5664.0,0.083741,67637.119213,68240.0,1.0,2,6.2e-05,13527.423843,13527.423843,1799734.0359923998,4796390.0539112,278250.5913066,5349862.0735925995,35316422.2527806,100,25,3
Z3,3,1,720,7080.0,0.115066,61529.904577,61560.0,1.0,2,6.2e-05,12305.980915,12305.980915,1799734.0359923998,4796390.0539112,278250.5913066,5349862.0735925995,35316422.2527806,100,25,3
Z3,4,1,720,7080.0,0.102836,68847.485316,69408.0,1.0,2,6.2e-05,13769.497063,13769.497063,1799734.0359923998,4796390.0539112,278250.5913066,5349862.0735925995,35316422.2527806,100,25,3
Z3,5,1,720,5664.0,0.077513,73071.613794,73552.0,1.0,2,6.2e-05,14614.322759,14614.322759,1799734.0359923998,4796390.0539112,278250.5913066,5349862.0735925995,35316422.2527806,100,25,3
Z3,6,1,720,7080.0,0.09772,72451.903397,72984.0,1.0,2,6.2e-05,14490.380679,14490.380679,1799734.0359923998,4796390.0539112,278250.5913066,5349862.0735925995,35316422.2527806,100,25,3
Z3,7,1,720,7080.0,0.111986,63222.188488,63776.0,1.0,2,6.2e-05,12644.437698,12644.437698,1799734.0359923998,4796390.0539112,278250.5913066,5349862.0735925995,35316422.2527806,100,25,3
Z3,8,1,720,5664.0,0.076578,73963.801614,74520.0,1.0,2,6.2e-05,14792.760323,14792.760323,1799734.0359923998,4796390.0539112,278250.5913066,5349862.0735925995,35316422.2527806,100,25,3
Z3,9,1,720,7080.0,0.119302,59345.191195,59488.0,1.0,2,6.2e-05,11869.038239,11869.038239,1799734.0359923998,4796390.0539112,278250.5913066,5349862.0735925995,35316422.2527806,100,25,3
Z3,10,1,720,12904.0,0.094863,136027.745275,137272.0,1.0,2,6.2e-05,27205.549055,27205.549055,1799734.0359923998,4796390.0539112,278250.5913066,5349862.0735925995,35316422.2527806,100,25,3
Z3,11,1,720,17344.0,0.107003,162088.913395,162088.0,1.0,2,6.2e-05,32417.782679,32417.782679,1799734.0359923998,4796390.0539112,278250.5913066,5349862.0735925995,35316422.2527806,100,25,3
Z3,12,1,720,16912.0,0.089795,188340.108024,190016.0,1.0,2,6.2e-05,37668.021605,37668.021605,1799734.0359923998,4796390.0539112,278250.5913066,5349862.0735925995,35316422.2527806,100,25,3
Z3,13,1,720,13240.0,0.109158,121292.072042,121464.0,1.0,2,6.2e-05,24258.414408,24258.414408,1799734.0359923998,4796390.0539112,278250.5913066,5349862.0735925995,35316422.2527806,100,25,3
Z3,14,1,720,28328.0,0.390365,72567.981248,72632.0,1.0,2,6.2e-05,14513.59625,14513.59625,1799734.0359923998,4796390.0539112,278250.5913066,5349862.0735925995,35316422.2527806,100,25,3
Z3,15,1,720,30528.0,0.096445,316532.738867,318000.0,1.0,2,6.2e-05,63306.547773,63306.547773,1799734.0359923998,4796390.0539112,278250.5913066,5349862.0735925995,35316422.2527806,100,25,3
Z3,16,1,720,16360.0,0.096956,168736.334007,170416.0,1.0,2,6.2e-05,33747.266801,33747.266801,1799734.0359923998,4796390.0539112,278250.5913066,5349862.0735925995,35316422.2527806,100,25,3
Z3,17,1,720,33216.0,0.122144,271941.315169,272256.0,1.0,2,6.2e-05,54388.263034,54388.263034,1799734.0359923998,4796390.0539112,278250.5913066,5349862.0735925995,35316422.2527806,100,25,3
Z3,18,1,720,28000.0,0.081497,343570.928991,345672.0,1.0,2,6.2e-05,68714.185798,68714.185798,1799734.0359923998,4796390.0539112,278250.5913066,5349862.0735925995,35316422.2527806,100,25,3
Z3,19,1,720,15744.0,0.094432,166723.144697,167488.0,1.0,2,6.2e-05,33344.628939,33344.628939,1799734.0359923998,4796390.0539112,278250.5913066,5349862.0735925995,35316422.2527806,100,25,3
Z3,20,1,720,16024.0,0.097674,164055.941192,165192.0,1.0,2,6.2e-05,32811.188238,32811.188238,1799734.0359923998,4796390.0539112,278250.5913066,5349862.0735925995,35316422.2527806,100,25,3
Z3,21,1,720,11576.0,0.099029,116895.050945,116928.0,1.0,2,6.2e-05,23379.010189,23379.010189,1799734.0359923998,4796390.0539112,278250.5913066,5349862.0735925995,35316422.2527806,100,25,3
Z3,22,1,720,10816.0,0.107732,100397.282145,101080.0,1.0,2,6.2e-05,20079.456429,20079.456429,1799734.0359923998,4796390.0539112,278250.5913066,5349862.0735925995,35316422.2527806,100,25,3
Z3,23,1,720,13224.0,0.117658,112393.5474,113024.0,1.0,2,6.2e-05,22478.70948,22478.70948,1799734.0359923998,4796390.0539112,278250.5913066,5349862.0735925995,35316422.2527806,100,25,3
Z3,24,1,720,17528.0,0.113915,153869.112935,155112.0,1.0,2,6.2e-05,30773.822587,30773.822587,1799734.0359923998,4796390.0539112,278250.5913066,5349862.0735925995,35316422.2527806,100,25,3
Z3,25,1,720,23824.0,0.501149,47538.755939,47552.0,1.0,2,6.2e-05,9507.751188,9507.751188,1799734.0359923998,4796390.0539112,278250.5913066,5349862.0735925995,35316422.2527806,100,25,3
Z3,26,1,720,11024.0,0.106411,103598.312205,104000.0,1.0,2,6.2e-05,20719.662441,20719.662441,1799734.0359923998,4796390.0539112,278250.5913066,5349862.0735925995,35316422.2527806,100,25,3
Z3,27,1,720,15112.0,0.107102,141099.139138,141232.0,1.0,2,6.2e-05,28219.827828,28219.827828,1799734.0359923998,4796390.0539112,278250.5913066,5349862.0735925995,35316422.2527806,100,25,3
Z3,28,1,720,24552.0,0.123942,198092.656242,199608.0,1.0,2,6.2e-05,39618.531248,39618.531248,1799734.0359923998,4796390.0539112,278250.5913066,5349862.0735925995,35316422.2527806,100,25,3
Z3,29,1,720,10824.0,0.0768,140937.5,142416.0,1.0,2,6.2e-05,28187.5,28187.5,1799734.0359923998,4796390.0539112,278250.5913066,5349862.0735925995,35316422.2527806,100,25,3
Z3,30,1,720,6872.0,0.105673,65030.80257,65440.0,1.0,2,6.2e-05,13006.160514,13006.160514,1799734.0359923998,4796390.0539112,278250.5913066,5349862.0735925995,35316422.2527806,100,25,3
Z3,31,1,720,6872.0,0.106097,64770.91718,64824.0,1.0,2,6.2e-05,12954.183436,12954.183436,1799734.0359923998,4796390.0539112,278250.5913066,5349862.0735925995,35316422.2527806,100,25,3
Z3,32,1,720,6376.0,0.112801,56524.321593,56928.0,1.0,2,6.2e-05,11304.864319,11304.864319,1799734.0359923998,4796390.0539112,278250.5913066,5349862.0735925995,35316422.2527806,100,25,3
Z3,33,1,720,6872.0,0.091575,75042.315042,75512.0,1.0,2,6.2e-05,15008.463008,15008.463008,1799734.0359923998,4796390.0539112,278250.5913066,5349862.0735925995,35316422.2527806,100,25,3
Z3,34,1,720,6872.0,0.124216,55322.985767,55416.0,1.0,2,6.2e-05,11064.597153,11064.597153,1799734.0359923998,4796390.0539112,278250.5913066,5349862.0735925995,35316422.2527806,100,25,3
Z3,35,1,720,6376.0,0.09837,64816.509098,65056.0,1.0,2,6.2e-05,12963.30182,12963.30182,1799734.0359923998,4796390.0539112,278250.5913066,5349862.0735925995,35316422.2527806,100,25,3
Z3,36,1,720,6872.0,0.102284,67185.483556,67368.0,1.0,2,6.2e-05,13437.096711,13437.096711,1799734.0359923998,4796390.0539112,278250.5913066,5349862.0735925995,35316422.2527806,100,25,3
Z3,37,1,720,6872.0,0.111032,61892.067152,61904.0,1.0,2,6.2e-05,12378.41343,12378.41343,1799734.0359923998,4796390.0539112,278250.5913066,5349862.0735925995,35316422.2527806,100,25,3
Z3,38,1,720,6376.0,0.083998,75906.569204,76816.0,1.0,2,6.2e-05,15181.313841,15181.313841,1799734.0359923998,4796390.0539112,278250.5913066,5349862.0735925995,35316422.2527806,100,25,3
Z1,0,2,720,9320.0,0.335095,27813.008251,27816.0,1.0,2,6.223725,20743.915491,20743.915491,1799734.0359923998,4796390.0539112,278250.5913066,5349862.0735925995,35316422.2527806,100,25,3
Z2,0,2,720,6624.0,0.317026,20894.185335,20888.0,1.0,2,6.223725,19360.150908,19360.150908,1799734.0359923998,4796390.0539112,278250.5913066,5349862.0735925995,35316422.2527806,100,25,3
Z2,1,2,720,5424.0,0.117133,46306.335533,46352.0,1.0,2,6.223725,24442.580947,24442.580947,1799734.0359923998,4796390.0539112,278250.5913066,5349862.0735925995,35316422.2527806,100,25,3
Z2,2,2,720,7080.0,0.09006,78614.257162,78664.0,1.0,2,6.223725,30904.165273,30904.165273,1799734.0359923998,4796390.0539112,278250.5913066,5349862.0735925995,35316422.2527806,100,25,3
Z2,3,2,720,18392.0,0.095902,191779.107839,193600.0,1.0,2,6.223725,53537.135409,53537.135409,1799734.0359923998,4796390.0539112,278250.5913066,5349862.0735925995,35316422.2527806,100,25,3
Z2,4,2,720,9160.0,0.092682,98832.567273,99560.0,1.0,2,6.223725,34947.827295,34947.827295,1799734.0359923998,4796390.0539112,278250.5913066,5349862.0735925995,35316422.2527806,100,25,3
Z2,5,2,720,8048.0,0.114003,70594.633475,70592.0,1.0,2,6.223725,29300.240536,29300.240536,1799734.0359923998,4796390.0539112,278250.5913066,5349862.0735925995,35316422.2527806,100,25,3
Z2,6,2,720,6376.0,0.121701,52390.695228,52688.0,1.0,2,6.223725,25659.452886,25659.452886,1799734.0359923998,4796390.0539112,278250.5913066,5349862.0735925995,35316422.2527806,100,25,3
Z2,7,2,720,6872.0,0.088694,77479.874625,78088.0,1.0,2,6.223725,30677.288766,30677.288766,1799734.0359923998,4796390.0539112,278250.5913066,5349862.0735925995,35316422.2527806,100,25,3
Z3,0,2,720,7080.0,0.307338,23036.52656,23056.0,1.0,2,6.223725,19788.619153,19788.619153,1799734.0359923998,4796390.0539112,278250.5913066,5349862.0735925995,35316422.2527806,100,25,3
Z3,1,2,720,7080.0,0.111616,63431.766055,63776.0,1.0,2,6.223725,27867.667052,27867.667052,1799734.0359923998,4796390.0539112,278250.5913066,5349862.0735925995,35316422.2527806,100,25,3
Z3,2,2,720,5664.0,0.120057,47177.590644,47200.0,1.0,2,6.223725,24616.83197,24616.83197,1799734.0359923998,4796390.0539112,278250.5913066,5349862.0735925995,35316422.2527806,100,25,3
Z3,3,2,720,7080.0,0.113921,62148.330861,62648.0,1.0,2,6.223725,27610.980013,27610.980013,1799734.0359923998,4796390.0539112,278250.5913066,5349862.0735925995,35316422.2527806,100,25,3
Z3,4,2,720,7080.0,0.096724,73197.965345,73744.0,1.0,2,6.223725,29820.90691,29820.90691,1799734.0359923998,4796390.0539112,278250.5913066,5349862.0735925995,35316422.2527806,100,25,3
Z3,5,2,720,5664.0,0.080293,70541.641239,70800.0,1.0,2,6.223725,29289.642089,29289.642089,1799734.0359923998,4796390.0539112,278250.5913066,5349862.0735925995,35316422.2527806,100,25,3
Z3,6,2,720,7080.0,0.080486,87965.608926,88496.0,1.0,2,6.223725,32774.435626,32774.435626,1799734.0359923998,4796390.0539112,278250.5913066,5349862.0735925995,35316422.2527806,100,25,3
Z3,7,2,720,7080.0,0.078472,90223.264349,90768.0,1.0,2,6.223725,33225.966711,33225.966711,1799734.0359923998,4796390.0539112,278250.5913066,5349862.0735925995,35316422.2527806,100,25,3
Z3,8,2,720,5664.0,0.115209,49162.825821,49248.0,1.0,2,6.223725,25013.879005,25013.879005,1799734.0359923998,4796390.0539112,278250.5913066,5349862.0735925995,35316422.2527806,100,25,3
Z3,9,2,720,7080.0,0.437913,16167.594933,16200.0,1.0,2,6.223725,18414.832827,18414.832827,1799734.0359923998,4796390.0539112,278250.5913066,5349862.0735925995,35316422.2527806,100,25,3
Z3,10,2,720,12648.0,0.079438,159218.510033,160096.0,1.0,2,6.223725,47025.015847,47025.015847,1799734.0359923998,4796390.0539112,278250.5913066,5349862.0735925995,35316422.2527806,100,25,3
Z3,11,2,720,17112.0,0.099503,171974.71433,172848.0,1.0,2,6.223725,49576.256707,49576.256707,1799734.0359923998,4796390.0539112,278250.5913066,5349862.0735925995,35316422.2527806,100,25,3
Z3,12,2,720,15320.0,0.103988,147324.691311,148736.0,1.0,2,6.223725,44646.252103,44646.252103,1799734.0359923998,4796390.0539112,278250.5913066,5349862.0735925995,35316422.2527806,100,25,3
Z3,13,2,720,10704.0,0.114139,93780.390576,93888.0,1.0,2,6.223725,33937.391956,33937.391956,1799734.0359923998,4796390.0539112,278250.5913066,5349862.0735925995,35316422.2527806,100,25,3
Z3,14,2,720,18776.0,0.085994,218340.814475,220888.0,1.0,2,6.223725,58849.476736,58849.476736,1799734.0359923998,4796390.0539112,278250.5913066,5349862.0735925995,35316422.2527806,100,25,3
Z3,15,2,720,21848.0,0.095566,228616.872109,229976.0,1.0,2,6.223725,60904.688263,60904.688263,1799734.0359923998,4796390.0539112,278250.5913066,5349862.0735925995,35316422.2527806,100,25,3
Z3,16,2,720,12752.0,0.122065,104468.930488,104520.0,1.0,2,6.223725,36075.099938,36075.099938,1799734.0359923998,4796390.0539112,278250.5913066,5349862.0735925995,35316422.2527806,100,25,3
Z3,17,2,720,21856.0,0.124313,175814.275257,176256.0,1.0,2,6.223725,50344.168892,50344.168892,1799734.0359923998,4796390.0539112,278250.5913066,5349862.0735925995,35316422.2527806,100,25,3
Z3,18,2,720,16880.0,0.095771,176253.772019,177680.0,1.0,2,6.223725,50432.068245,50432.068245,1799734.0359923998,4796390.0539112,278250.5913066,5349862.0735925995,35316422.2527806,100,25,3
Z3,19,2,720,12128.0,0.098514,123109.40577,123752.0,1.0,2,6.223725,39803.194995,39803.194995,1799734.0359923998,4796390.0539112,278250.5913066,5349862.0735925995,35316422.2527806,100,25,3
Z3,20,2,720,15344.0,0.088489,173400.083626,174360.0,1.0,2,6.223725,49861.330566,49861.330566,1799734.0359923998,4796390.0539112,278250.5913066,5349862.0735925995,35316422.2527806,100,25,3
Z3,21,2,720,11592.0,0.089368,129710.858473,130240.0,1.0,2,6.223725,41123.485535,41123.485535,1799734.0359923998,4796390.0539112,278250.5913066,5349862.0735925995,35316422.2527806,100,25,3
Z3,22,2,720,9952.0,0.108278,91911.560982,92144.0,1.0,2,6.223725,33563.626037,33563.626037,1799734.0359923998,4796390.0539112,278250.5913066,5349862.0735925995,35316422.2527806,100,25,3
Z3,23,2,720,11064.0,0.122472,90339.016265,90688.0,1.0,2,6.223725,33249.117094,33249.117094,1799734.0359923998,4796390.0539112,278250.5913066,5349862.0735925995,35316422.2527806,100,25,3
Z3,24,2,720,14728.0,0.101972,144431.804809,145816.0,1.0,2,6.223725,44067.674803,44067.674803,1799734.0359923998,4796390.0539112,278250.5913066,5349862.0735925995,35316422.2527806,100,25,3
Z3,25,2,720,16264.0,0.096125,169196.358908,169416.0,1.0,2,6.223725,49020.585622,49020.585622,1799734.0359923998,4796390.0539112,278250.5913066,5349862.0735925995,35316422.2527806,100,25,3
Z3,26,2,720,9504.0,0.096012,98987.626547,99000.0,1.0,2,6.223725,34978.83915,34978.83915,1799734.0359923998,4796390.0539112,278250.5913066,5349862.0735925995,35316422.2527806,100,25,3
Z3,27,2,720,12688.0,0.089934,141081.237352,142560.0,1.0,2,6.223725,43397.561311,43397.561311,1799734.0359923998,4796390.0539112,278250.5913066,5349862.0735925995,35316422.2527806,100,25,3
Z3,28,2,720,17320.0,0.119259,145230.129382,145544.0,1.0,2,6.223725,44227.339717,44227.339717,1799734.0359923998,4796390.0539112,278250.5913066,5349862.0735925995,35316422.2527806,100,25,3
Z3,29,2,720,10632.0,0.091323,116421.930948,116832.0,1.0,2,6.223725,38465.70003,38465.70003,1799734.0359923998,4796390.0539112,278250.5913066,5349862.0735925995,35316422.2527806,100,25,3
Z3,30,2,720,6872.0,0.086146,79771.550623,79904.0,1.0,2,6.223725,31135.623965,31135.623965,1799734.0359923998,4796390.0539112,278250.5913066,5349862.0735925995,35316422.2527806,100,25,3
Z3,31,2,720,6872.0,0.107369,64003.576451,64224.0,1.0,2,6.223725,27982.029131,27982.029131,1799734.0359923998,4796390.0539112,278250.5913066,5349862.0735925995,35316422.2527806,100,25,3
Z3,32,2,720,6376.0,0.09954,64054.651396,64400.0,1.0,2,6.223725,27992.24412,27992.24412,1799734.0359923998,4796390.0539112,278250.5913066,5349862.0735925995,35316422.2527806,100,25,3
Z3,33,2,720,6872.0,0.098082,70063.824147,70120.0,1.0,2,6.223725,29194.07867,29194.07867,1799734.0359923998,4796390.0539112,278250.5913066,5349862.0735925995,35316422.2527806,100,25,3
Z3,34,2,720,6872.0,0.104265,65908.981921,66072.0,1.0,2,6.223725,28363.110225,28363.110225,1799734.0359923998,4796390.0539112,278250.5913066,5349862.0735925995,35316422.2527806,100,25,3
Z3,35,2,720,6376.0,0.110547,57676.825242,57960.0,1.0,2,6.223725,26716.678889,26716.678889,1799734.0359923998,4796390.0539112,278250.5913066,5349862.0735925995,35316422.2527806,100,25,3
Z3,36,2,720,6872.0,0.123534,55628.409992,55864.0,1.0,2,6.223725,26306.995839,26306.995839,1799734.0359923998,4796390.0539112,278250.5913066,5349862.0735925995,35316422.2527806,100,25,3
Z3,37,2,720,6872.0,0.105476,65152.262126,65440.0,1.0,2,6.223725,28211.766266,28211.766266,1799734.0359923998,4796390.0539112,278250.5913066,5349862.0735925995,35316422.2527806,100,25,3
Z3,38,2,720,6376.0,0.094027,67810.309805,67824.0,1.0,2,6.223725,28743.375802,28743.375802,1799734.0359923998,4796390.0539112,278250.5913066,5349862.0735925995,35316422.2527806,100,25,3
Z1,0,3,720,15304.0,0.301527,50754.990432,50840.0,1.0,2,12.096747,38894.373888,38894.373888,1799734.0359923998,4796390.0539112,278250.5913066,5349862.0735925995,35316422.2527806,100,25,3
Z2,0,3,720,6624.0,0.315697,20982.144271,21024.0,1.0,2,12.096747,32939.804656,32939.804656,1799734.0359923998,4796390.0539112,278250.5913066,5349862.0735925995,35316422.2527806,100,25,3
Z2,1,3,720,5664.0,0.125264,45216.502746,45312.0,1.0,2,12.096747,37786.676351,37786.676351,1799734.0359923998,4796390.0539112,278250.5913066,5349862.0735925995,35316422.2527806,100,25,3
Z2,2,3,720,7080.0,0.124988,56645.437962,57096.0,1.0,2,12.096747,40072.463394,40072.463394,1799734.0359923998,4796390.0539112,278250.5913066,5349862.0735925995,35316422.2527806,100,25,3
Z2,3,3,720,7080.0,0.119095,59448.339561,59488.0,1.0,2,12.096747,40633.043714,40633.043714,1799734.0359923998,4796390.0539112,278250.5913066,5349862.0735925995,35316422.2527806,100,25,3
Z2,4,3,720,12544.0,0.083401,150405.870433,151128.0,1.0,2,12.096747,58824.549888,58824.549888,1799734.0359923998,4796390.0539112,278250.5913066,5349862.0735925995,35316422.2527806,100,25,3
Z2,5,3,720,18632.0,0.125574,148374.663545,149056.0,1.0,2,12.096747,58418.308511,58418.308511,1799734.0359923998,4796390.0539112,278250.5913066,5349862.0735925995,35316422.2527806,100,25,3
Z2,6,3,720,10240.0,0.087572,116932.352807,117696.0,1.0,2,12.096747,52129.846363,52129.846363,1799734.0359923998,4796390.0539112,278250.5913066,5349862.0735925995,35316422.2527806,100,25,3
Z2,7,3,720,8424.0,0.117051,71968.629059,72000.0,1.0,2,12.096747,43137.101614,43137.101614,1799734.0359923998,4796390.0539112,278250.5913066,5349862.0735925995,35316422.2527806,100,25,3
Z3,0,3,720,5424.0,0.307776,17623.206488,17664.0,1.0,2,12.096747,32268.017099,32268.017099,1799734.0359923998,4796390.0539112,278250.5913066,5349862.0735925995,35316422.2527806,100,25,3
Z3,1,3,720,7080.0,0.088051,80407.945395,80448.0,1.0,2,12.096747,44824.964881,44824.964881,1799734.0359923998,4796390.0539112,278250.5913066,5349862.0735925995,35316422.2527806,100,25,3
Z3,2,3,720,7080.0,0.076589,92441.473319,93152.0,1.0,2,12.096747,47231.670465,47231.670465,1799734.0359923998,4796390.0539112,278250.5913066,5349862.0735925995,35316422.2527806,100,25,3
Z3,3,3,720,5664.0,0.117921,48032.157122,48408.0,1.0,2,12.096747,38349.807226,38349.807226,1799734.0359923998,4796390.0539112,278250.5913066,5349862.0735925995,35316422.2527806,100,25,3
Z3,4,3,720,7080.0,0.096604,73288.890729,73744.0,1.0,2,12.096747,43401.153948,43401.153948,1799734.0359923998,4796390.0539112,278250.5913066,5349862.0735925995,35316422.2527806,100,25,3
Z3,5,3,720,7080.0,0.093103,76044.810586,76128.0,1.0,2,12.096747,43952.337919,43952.337919,1799734.0359923998,4796390.0539112,278250.5913066,5349862.0735925995,35316422.2527806,100,25,3
Z3,6,3,720,5664.0,0.10097,56095.87006,56640.0,1.0,2,12.096747,39962.549814,39962.549814,1799734.0359923998,4796390.0539112,278250.5913066,5349862.0735925995,35316422.2527806,100,25,3
Z3,7,3,720,7080.0,0.083441,84850.373318,85296.0,1.0,2,12.096747,45713.450465,45713.450465,1799734.0359923998,4796390.0539112,278250.5913066,5349862.0735925995,35316422.2527806,100,25,3
Z3,8,3,720,7080.0,0.093634,75613.559177,76128.0,1.0,2,12.096747,43866.087637,43866.087637,1799734.0359923998,4796390.0539112,278250.5913066,5349862.0735925995,35316422.2527806,100,25,3
Z3,9,3,720,14120.0,0.105986,133225.142943,134472.0,1.0,2,12.096747,55388.40439,55388.40439,1799734.0359923998,4796390.0539112,278250.5913066,5349862.0735925995,35316422.2527806,100,25,3
Z3,10,3,720,17536.0,0.080015,219158.907705,219200.0,1.0,2,12.096747,72575.157343,72575.157343,1799734.0359923998,4796390.0539112,278250.5913066,5349862.0735925995,35316422.2527806,100,25,3
Z3,11,3,720,16008.0,0.078945,202774.083222,205224.0,1.0,2,12.096747,69298.192446,69298.192446,1799734.0359923998,4796390.0539112,278250.5913066,5349862.0735925995,35316422.2527806,100,25,3
Z3,12,3,720,10896.0,0.097023,112303.268297,112328.0,1.0,2,12.096747,51204.029461,51204.029461,1799734.0359923998,4796390.0539112,278250.5913066,5349862.0735925995,35316422.2527806,100,25,3
Z3,13,3,720,19720.0,0.117362,168027.129735,168544.0,1.0,2,12.096747,62348.801749,62348.801749,1799734.0359923998,4796390.0539112,278250.5913066,5349862.0735925995,35316422.2527806,100,25,3
Z3,14,3,720,20104.0,0.106507,188757.546452,189656.0,1.0,2,12.096747,66494.885092,66494.885092,1799734.0359923998,4796390.0539112,278250.5913066,5349862.0735925995,35316422.2527806,100,25,3
Z3,15,3,720,12504.0,0.124338,100564.590069,100832.0,1.0,2,12.096747,48856.293816,48856.293816,1799734.0359923998,4796390.0539112,278250.5913066,5349862.0735925995,35316422.2527806,100,25,3
Z3,16,3,720,23072.0,0.117704,196017.12771,197192.0,1.0,2,12.096747,67946.801344,67946.801344,1799734.0359923998,4796390.0539112,278250.5913066,5349862.0735925995,35316422.2527806,100,25,3
Z3,17,3,720,18112.0,0.082854,218601.395225,220872.0,1.0,2,12.096747,72463.654847,72463.654847,1799734.0359923998,4796390.0539112,278250.5913066,5349862.0735925995,35316422.2527806,100,25,3
Z3,18,3,720,9664.0,0.091992,105052.613271,106192.0,1.0,2,12.096747,49753.898456,49753.898456,1799734.0359923998,4796390.0539112,278250.5913066,5349862.0735925995,35316422.2527806,100,25,3
Z3,19,3,720,12280.0,0.080573,152408.375014,153496.0,1.0,2,12.096747,59225.050805,59225.050805,1799734.0359923998,4796390.0539112,278250.5913066,5349862.0735925995,35316422.2527806,100,25,3
Z3,20,3,720,10368.0,0.07735,134040.077569,134648.0,1.0,2,12.096747,55551.391316,55551.391316,1799734.0359923998,4796390.0539112,278250.5913066,5349862.0735925995,35316422.2527806,100,25,3
Z3,21,3,720,10520.0,0.087816,119795.936959,120912.0,1.0,2,12.096747,52702.563194,52702.563194,1799734.0359923998,4796390.0539112,278250.5913066,5349862.0735925995,35316422.2527806,100,25,3
Z3,22,3,720,15288.0,0.116791,130900.49747,131792.0,1.0,2,12.096747,54923.475296,54923.475296,1799734.0359923998,4796390.0539112,278250.5913066,5349862.0735925995,35316422.2527806,100,25,3
Z3,23,3,720,16344.0,0.122288,133651.707445,133960.0,1.0,2,12.096747,55473.717291,55473.717291,1799734.0359923998,4796390.0539112,278250.5913066,5349862.0735925995,35316422.2527806,100,25,3
Z3,24,3,720,9016.0,0.07627,118211.616625,118624.0,1.0,2,12.096747,52385.699127,52385.699127,1799734.0359923998,4796390.0539112,278250.5913066,5349862.0735925995,35316422.2527806,100,25,3
Z3,25,3,720,13800.0,0.104499,132058.679987,132688.0,1.0,2,12.096747,55155.111799,55155.111799,1799734.0359923998,4796390.0539112,278250.5913066,5349862.0735925995,35316422.2527806,100,25,3
Z3,26,3,720,17664.0,0.079271,222830.543326,223592.0,1.0,2,12.096747,73309.484467,73309.484467,1799734.0359923998,4796390.0539112,278250.5913066,5349862.0735925995,35316422.2527806,100,25,3
Z3,27,3,720,9896.0,0.101265,97723.794006,97976.0,1.0,2,12.096747,48288.134603,48288.134603,1799734.0359923998,4796390.0539112,278250.5913066,5349862.0735925995,35316422.2527806,100,25,3
Z3,28,3,720,6376.0,0.1114,57235.18851,57440.0,1.0,2,12.096747,40190.413504,40190.413504,1799734.0359923998,4796390.0539112,278250.5913066,5349862.0735925995,35316422.2527806,100,25,3
Z3,29,3,720,6872.0,0.08717,78834.461397,78984.0,1.0,2,12.096747,44510.268081,44510.268081,1799734.0359923998,4796390.0539112,278250.5913066,5349862.0735925995,35316422.2527806,100,25,3
Z3,30,3,720,6872.0,0.089614,76684.446627,77208.0,1.0,2,12.096747,44080.265127,44080.265127,1799734.0359923998,4796390.0539112,278250.5913066,5349862.0735925995,35316422.2527806,100,25,3
Z3,31,3,720,6376.0,0.11637,54790.753631,54960.0,1.0,2,12.096747,39701.526528,39701.526528,1799734.0359923998,4796390.0539112,278250.5913066,5349862.0735925995,35316422.2527806,100,25,3
Z3,32,3,720,6872.0,0.10326,66550.455162,66712.0,1.0,2,12.096747,42053.466834,42053.466834,1799734.0359923998,4796390.0539112,278250.5913066,5349862.0735925995,35316422.2527806,100,25,3
Z3,33,3,720,6872.0,0.120705,56932.19005,57264.0,1.0,2,12.096747,40129.813812,40129.813812,1799734.0359923998,4796390.0539112,278250.5913066,5349862.0735925995,35316422.2527806,100,25,3
Z3,34,3,720,6376.0,0.104118,61238.210492,61304.0,1.0,2,12.096747,40991.0179,40991.0179,1799734.0359923998,4796390.0539112,278250.5913066,5349862.0735925995,35316422.2527806,100,25,3
Z3,35,3,720,6872.0,0.424614,16184.110745,16200.0,1.0,2,12.096747,31980.197951,31980.197951,1799734.0359923998,4796390.0539112,278250.5913066,5349862.0735925995,35316422.2527806,100,25,3
Z3,36,3,720,6872.0,0.125087,54937.763317,54976.0,1.0,2,12.096747,39730.928465,39730.928465,1799734.0359923998,4796390.0539112,278250.5913066,5349862.0735925995,35316422.2527806,100,25,3
Z3,37,3,720,6376.0,0.115503,55202.029385,55440.0,1.0,2,12.096747,39783.781679,39783.781679,1799734.0359923998,4796390.0539112,278250.5913066,5349862.0735925995,35316422.2527806,100,25,3
Z3,38,3,720,6872.0,0.113133,60742.665712,60808.0,1.0,2,12.096747,40891.908944,40891.908944,1799734.0359923998,4796390.0539112,278250.5913066,5349862.0735925995,35316422.2527806,100,25,3
Z1,0,4,720,22592.0,0.369223,61187.954163,61224.0,1.0,2,17.922398,53129.499777,53129.499777,1799734.0359923998,4796390.0539112,278250.5913066,5349862.0735925995,35316422.2527806,100,25,3
Z2,0,4,720,6624.0,0.293436,22573.917311,22600.0,1.0,2,17.922398,45406.692406,45406.692406,1799734.0359923998,4796390.0539112,278250.5913066,5349862.0735925995,35316422.2527806,100,25,3
Z2,1,4,720,6648.0,0.082795,80294.703786,81072.0,1.0,2,17.922398,56950.849701,56950.849701,1799734.0359923998,4796390.0539112,278250.5913066,5349862.0735925995,35316422.2527806,100,25,3
Z2,2,4,720,7200.0,0.409244,17593.416153,17600.0,1.0,2,17.922398,44410.592175,44410.592175,1799734.0359923998,4796390.0539112,278250.5913066,5349862.0735925995,35316422.2527806,100,25,3
Z2,3,4,720,7296.0,0.102161,71416.685428,71528.0,1.0,2,17.922398,55175.24603,55175.24603,1799734.0359923998,4796390.0539112,278250.5913066,5349862.0735925995,35316422.2527806,100,25,3
Z2,4,4,720,17272.0,0.079355,217654.842165,218632.0,1.0,2,17.922398,84422.877377,84422.877377,1799734.0359923998,4796390.0539112,278250.5913066,5349862.0735925995,35316422.2527806,100,25,3
Z2,5,4,720,26240.0,0.101115,259506.502497,259800.0,1.0,2,17.922398,92793.209444,92793.209444,1799734.0359923998,4796390.0539112,278250.5913066,5349862.0735925995,35316422.2527806,100,25,3
Z2,6,4,720,12720.0,0.11353,112040.870255,112560.0,1.0,2,17.922398,63300.082995,63300.082995,1799734.0359923998,4796390.0539112,278250.5913066,5349862.0735925995,35316422.2527806,100,25,3
Z2,7,4,720,11496.0,0.118916,96673.281981,97416.0,1.0,2,17.922398,60226.56534,60226.56534,1799734.0359923998,4796390.0539112,278250.5913066,5349862.0735925995,35316422.2527806,100,25,3
Z3,0,4,720,6448.0,0.311234,20717.530861,20728.0,1.0,2,17.922398,45035.415116,45035.415116,1799734.0359923998,4796390.0539112,278250.5913066,5349862.0735925995,35316422.2527806,100,25,3
Z3,1,4,720,7448.0,0.114162,65240.622974,65328.0,1.0,2,17.922398,53940.033539,53940.033539,1799734.0359923998,4796390.0539112,278250.5913066,5349862.0735925995,35316422.2527806,100,25,3
Z3,2,4,720,7424.0,0.120705,61505.322895,61864.0,1.0,2,17.922398,53192.973523,53192.973523,1799734.0359923998,4796390.0539112,278250.5913066,5349862.0735925995,35316422.2527806,100,25,3
Z3,3,4,720,6648.0,0.082428,80652.205561,81072.0,1.0,2,17.922398,57022.350056,57022.350056,1799734.0359923998,4796390.0539112,278250.5913066,5349862.0735925995,35316422.2527806,100,25,3
Z3,4,4,720,7224.0,0.078692,91800.945458,92608.0,1.0,2,17.922398,59252.098036,59252.098036,1799734.0359923998,4796390.0539112,278250.5913066,5349862.0735925995,35316422.2527806,100,25,3
Z3,5,4,720,7240.0,0.117626,61551.017632,61880.0,1.0,2,17.922398,53202.112471,53202.112471,1799734.0359923998,4796390.0539112,278250.5913066,5349862.0735925995,35316422.2527806,100,25,3
Z3,6,4,720,6648.0,0.106051,62686.820492,62712.0,1.0,2,17.922398,53429.273043,53429.273043,1799734.0359923998,4796390.0539112,278250.5913066,5349862.0735925995,35316422.2527806,100,25,3
Z3,7,4,720,7232.0,0.104122,69456.983154,69536.0,1.0,2,17.922398,54783.305575,54783.305575,1799734.0359923998,4796390.0539112,278250.5913066,5349862.0735925995,35316422.2527806,100,25,3
Z3,8,4,720,7296.0,0.096143,75886.960049,76000.0,1.0,2,17.922398,56069.300954,56069.300954,1799734.0359923998,4796390.0539112,278250.5913066,5349862.0735925995,35316422.2527806,100,25,3
Z3,9,4,720,16456.0,0.125927,130678.885386,131648.0,1.0,2,17.922398,67027.686021,67027.686021,1799734.0359923998,4796390.0539112,278250.5913066,5349862.0735925995,35316422.2527806,100,25,3
Z3,10,4,720,25392.0,0.119635,212245.580307,213376.0,1.0,2,17.922398,83341.025005,83341.025005,1799734.0359923998,4796390.0539112,278250.5913066,5349862.0735925995,35316422.2527806,100,25,3
Z3,11,4,720,21592.0,0.08881,243125.774125,245360.0,1.0,2,17.922398,89517.063769,89517.063769,1799734.0359923998,4796390.0539112,278250.5913066,5349862.0735925995,35316422.2527806,100,25,3
Z3,12,4,720,13528.0,0.109456,123593.041953,124104.0,1.0,2,17.922398,65610.517335,65610.517335,1799734.0359923998,4796390.0539112,278250.5913066,5349862.0735925995,35316422.2527806,100,25,3
Z3,13,4,720,29512.0,0.089469,329857.268998,331592.0,1.0,2,17.922398,106863.362744,106863.362744,1799734.0359923998,4796390.0539112,278250.5913066,5349862.0735925995,35316422.2527806,100,25,3
Z3,14,4,720,29688.0,0.124656,238159.414709,239416.0,1.0,2,17.922398,88523.791886,88523.791886,1799734.0359923998,4796390.0539112,278250.5913066,5349862.0735925995,35316422.2527806,100,25,3
Z3,15,4,720,16760.0,0.115096,145617.571419,145736.0,1.0,2,17.922398,70015.423228,70015.423228,1799734.0359923998,4796390.0539112,278250.5913066,5349862.0735925995,35316422.2527806,100,25,3
Z3,16,4,720,33128.0,0.121931,271694.646972,273784.0,1.0,2,17.922398,95230.838339,95230.838339,1799734.0359923998,4796390.0539112,278250.5913066,5349862.0735925995,35316422.2527806,100,25,3
Z3,17,4,720,26248.0,0.112521,233272.011447,234352.0,1.0,2,17.922398,87546.311233,87546.311233,1799734.0359923998,4796390.0539112,278250.5913066,5349862.0735925995,35316422.2527806,100,25,3
Z3,18,4,720,14624.0,0.123383,118525.242537,118888.0,1.0,2,17.922398,64596.957452,64596.957452,1799734.0359923998,4796390.0539112,278250.5913066,5349862.0735925995,35316422.2527806,100,25,3
Z3,19,4,720,26816.0,0.09587,279712.110149,282272.0,1.0,2,17.922398,96834.330974,96834.330974,1799734.0359923998,4796390.0539112,278250.5913066,5349862.0735925995,35316422.2527806,100,25,3
Z3,20,4,720,23128.0,0.118379,195372.490053,196000.0,1.0,2,17.922398,79966.406955,79966.406955,1799734.0359923998,4796390.0539112,278250.5913066,5349862.0735925995,35316422.2527806,100,25,3
Z3,21,4,720,19440.0,0.107017,181653.382173,181680.0,1.0,2,17.922398,77222.585379,77222.585379,1799734.0359923998,4796390.0539112,278250.5913066,5349862.0735925995,35316422.2527806,100,25,3
Z3,22,4,720,29088.0,0.079586,365491.418089,368200.0,1.0,2,17.922398,113990.192562,113990.192562,1799734.0359923998,4796390.0539112,278250.5913066,5349862.0735925995,35316422.2527806,100,25,3
Z3,23,4,720,29840.0,0.099744,299165.864613,301408.0,1.0,2,17.922398,100725.081867,100725.081867,1799734.0359923998,4796390.0539112,278250.5913066,5349862.0735925995,35316422.2527806,100,25,3
Z3,24,4,720,17200.0,0.085903,200225.836117,202352.0,1.0,2,17.922398,80937.076168,80937.076168,1799734.0359923998,4796390.0539112,278250.5913066,5349862.0735925995,35316422.2527806,100,25,3
Z3,25,4,720,25664.0,0.116852,219628.247698,221240.0,1.0,2,17.922398,84817.558484,84817.558484,1799734.0359923998,4796390.0539112,278250.5913066,5349862.0735925995,35316422.2527806,100,25,3
Z3,26,4,720,26808.0,0.123329,217369.799479,217944.0,1.0,2,17.922398,84365.86884,84365.86884,1799734.0359923998,4796390.0539112,278250.5913066,5349862.0735925995,35316422.2527806,100,25,3
Z3,27,4,720,17472.0,0.121004,144391.920928,144392.0,1.0,2,17.922398,69770.29313,69770.29313,1799734.0359923998,4796390.0539112,278250.5913066,5349862.0735925995,35316422.2527806,100,25,3
Z3,28,4,720,6448.0,0.114779,56177.523763,56560.0,1.0,2,17.922398,52127.413697,52127.413697,1799734.0359923998,4796390.0539112,278250.5913066,5349862.0735925995,35316422.2527806,100,25,3
Z3,29,4,720,7200.0,0.108358,66446.409125,66664.0,1.0,2,17.922398,54181.190769,54181.190769,1799734.0359923998,4796390.0539112,278250.5913066,5349862.0735925995,35316422.2527806,100,25,3
Z3,30,4,720,7520.0,0.085333,88125.34424,88464.0,1.0,2,17.922398,58516.977792,58516.977792,1799734.0359923998,4796390.0539112,278250.5913066,5349862.0735925995,35316422.2527806,100,25,3
Z3,31,4,720,6728.0,0.084327,79784.647859,80088.0,1.0,2,17.922398,56848.838516,56848.838516,1799734.0359923998,4796390.0539112,278250.5913066,5349862.0735925995,35316422.2527806,100,25,3
Z3,32,4,720,7224.0,0.086679,83341.985948,84000.0,1.0,2,17.922398,57560.306134,57560.306134,1799734.0359923998,4796390.0539112,278250.5913066,5349862.0735925995,35316422.2527806,100,25,3
Z3,33,4,720,7256.0,0.118201,61386.959501,61488.0,1.0,2,17.922398,53169.300844,53169.300844,1799734.0359923998,4796390.0539112,278250.5913066,5349862.0735925995,35316422.2527806,100,25,3
Z3,34,4,720,6544.0,0.077861,84047.21234,84984.0,1.0,2,17.922398,57701.351412,57701.351412,1799734.0359923998,4796390.0539112,278250.5913066,5349862.0735925995,35316422.2527806,100,25,3
Z3,35,4,720,12272.0,0.107235,114440.248053,114688.0,1.0,2,17.922398,63779.958555,63779.958555,1799734.0359923998,4796390.0539112,278250.5913066,5349862.0735925995,35316422.2527806,100,25,3
Z3,36,4,720,8544.0,0.09162,93254.747872,93888.0,1.0,2,17.922398,59542.858518,59542.858518,1799734.0359923998,4796390.0539112,278250.5913066,5349862.0735925995,35316422.2527806,100,25,3
Z3,37,4,720,6424.0,0.119998,53534.22557,53976.0,1.0,2,17.922398,51598.754058,51598.754058,1799734.0359923998,4796390.0539112,278250.5913066,5349862.0735925995,35316422.2527806,100,25,3
Z3,38,4,720,6872.0,0.087159,78844.410789,78984.0,1.0,2,17.922398,56660.791102,56660.791102,1799734.0359923998,4796390.0539112,278250.5913066,5349862.0735925995,35316422.2527806,100,25,3
Z1,0,5,720,8792.0,0.347715,25285.075421,25336.0,1.0,2,23.890866,61717.806186,61717.806186,1799734.0359923998,4796390.0539112,278250.5913066,5349862.0735925995,35316422.2527806,100,25,3
Z2,0,5,720,6624.0,0.334599,19796.831431,19832.0,1.0,2,23.890866,60620.157388,60620.157388,1799734.0359923998,4796390.0539112,278250.5913066,5349862.0735925995,35316422.2527806,100,25,3
Z2,1,5,720,7616.0,0.109037,69847.849812,69864.0,1.0,2,23.890866,70630.361065,70630.361065,1799734.0359923998,4796390.0539112,278250.5913066,5349862.0735925995,35316422.2527806,100,25,3
Z2,2,5,720,8816.0,0.110923,79478.557197,80144.0,1.0,2,23.890866,72556.502542,72556.502542,1799734.0359923998,4796390.0539112,278250.5913066,5349862.0735925995,35316422.2527806,100,25,3
Z2,3,5,720,14976.0,0.108984,137414.666373,138664.0,1.0,2,23.890866,84143.724377,84143.724377,1799734.0359923998,4796390.0539112,278250.5913066,5349862.0735925995,35316422.2527806,100,25,3
Z2,4,5,720,20272.0,0.125299,161789.00071,162176.0,1.0,2,23.890866,89018.591244,89018.591244,1799734.0359923998,4796390.0539112,278250.5913066,5349862.0735925995,35316422.2527806,100,25,3
Z2,5,5,720,21272.0,0.116464,182648.715483,183376.0,1.0,2,23.890866,93190.534199,93190.534199,1799734.0359923998,4796390.0539112,278250.5913066,5349862.0735925995,35316422.2527806,100,25,3
Z2,6,5,720,9680.0,0.084855,114076.954805,115232.0,1.0,2,23.890866,79476.182063,79476.182063,1799734.0359923998,4796390.0539112,278250.5913066,5349862.0735925995,35316422.2527806,100,25,3
Z2,7,5,720,12888.0,0.094087,136979.603984,137104.0,1.0,2,23.890866,84056.711899,84056.711899,1799734.0359923998,4796390.0539112,278250.5913066,5349862.0735925995,35316422.2527806,100,25,3
Z3,0,5,720,7712.0,0.347189,22212.68531,22224.0,1.0,2,23.890866,61103.328164,61103.328164,1799734.0359923998,4796390.0539112,278250.5913066,5349862.0735925995,35316422.2527806,100,25,3
Z3,1,5,720,9624.0,0.11749,81913.354328,82256.0,1.0,2,23.890866,73043.461968,73043.461968,1799734.0359923998,4796390.0539112,278250.5913066,5349862.0735925995,35316422.2527806,100,25,3
Z3,2,5,720,9096.0,0.096593,94168.314474,94744.0,1.0,2,23.890866,75494.453997,75494.453997,1799734.0359923998,4796390.0539112,278250.5913066,5349862.0735925995,35316422.2527806,100,25,3
Z3,3,5,720,7632.0,0.089729,85056.113408,85752.0,1.0,2,23.890866,73672.013784,73672.013784,1799734.0359923998,4796390.0539112,278250.5913066,5349862.0735925995,35316422.2527806,100,25,3
Z3,4,5,720,8304.0,0.110658,75042.021363,75488.0,1.0,2,23.890866,71669.195375,71669.195375,1799734.0359923998,4796390.0539112,278250.5913066,5349862.0735925995,35316422.2527806,100,25,3
Z3,5,5,720,8504.0,0.104151,81650.680262,81768.0,1.0,2,23.890866,72990.927154,72990.927154,1799734.0359923998,4796390.0539112,278250.5913066,5349862.0735925995,35316422.2527806,100,25,3
Z3,6,5,720,7384.0,0.114349,64574.242013,64768.0,1.0,2,23.890866,69575.639505,69575.639505,1799734.0359923998,4796390.0539112,278250.5913066,5349862.0735925995,35316422.2527806,100,25,3
Z3,7,5,720,8968.0,0.10501,85401.390344,85408.0,1.0,2,23.890866,73741.069171,73741.069171,1799734.0359923998,4796390.0539112,278250.5913066,5349862.0735925995,35316422.2527806,100,25,3
Z3,8,5,720,8912.0,0.09505,93761.178327,93808.0,1.0,2,23.890866,75413.026767,75413.026767,1799734.0359923998,4796390.0539112,278250.5913066,5349862.0735925995,35316422.2527806,100,25,3
Z3,9,5,720,16688.0,0.090644,184104.849742,185416.0,1.0,2,23.890866,93481.76105,93481.76105,1799734.0359923998,4796390.0539112,278250.5913066,5349862.0735925995,35316422.2527806,100,25,3
Z3,10,5,720,23832.0,0.110372,215924.328634,216648.0,1.0,2,23.890866,99845.656829,99845.656829,1799734.0359923998,4796390.0539112,278250.5913066,5349862.0735925995,35316422.2527806,100,25,3
Z3,11,5,720,21144.0,0.12064,175265.251989,176200.0,1.0,2,23.890866,91713.8415,91713.8415,1799734.0359923998,4796390.0539112,278250.5913066,5349862.0735925995,35316422.2527806,100,25,3
Z3,12,5,720,14272.0,0.119242,119689.371195,119928.0,1.0,2,23.890866,80598.665341,80598.665341,1799734.0359923998,4796390.0539112,278250.5913066,5349862.0735925995,35316422.2527806,100,25,3
Z3,13,5,720,27640.0,0.103512,267022.181003,268344.0,1.0,2,23.890866,110065.227303,110065.227303,1799734.0359923998,4796390.0539112,278250.5913066,5349862.0735925995,35316422.2527806,100,25,3
Z3,14,5,720,33288.0,0.121869,273145.754868,275104.0,1.0,2,23.890866,111289.942076,111289.942076,1799734.0359923998,4796390.0539112,278250.5913066,5349862.0735925995,35316422.2527806,100,25,3
Z3,15,5,720,17576.0,0.090105,195061.317352,195288.0,1.0,2,23.890866,95673.054572,95673.054572,1799734.0359923998,4796390.0539112,278250.5913066,5349862.0735925995,35316422.2527806,100,25,3
Z3,16,5,720,34872.0,0.121881,286115.145101,288192.0,1.0,2,23.890866,113883.820122,113883.820122,1799734.0359923998,4796390.0539112,278250.5913066,5349862.0735925995,35316422.2527806,100,25,3
Z3,17,5,720,27336.0,0.109366,249949.710148,250784.0,1.0,2,23.890866,106650.733132,106650.733132,1799734.0359923998,4796390.0539112,278250.5913066,5349862.0735925995,35316422.2527806,100,25,3
Z3,18,5,720,25312.0,0.12454,203243.937691,204128.0,1.0,2,23.890866,97309.57864,97309.57864,1799734.0359923998,4796390.0539112,278250.5913066,5349862.0735925995,35316422.2527806,100,25,3
Z3,19,5,720,18312.0,0.125753,145618.792395,146496.0,1.0,2,23.890866,85784.549581,85784.549581,1799734.0359923998,4796390.0539112,278250.5913066,5349862.0735925995,35316422.2527806,100,25,3
Z3,20,5,720,41432.0,0.124248,333462.108042,334128.0,1.0,2,23.890866,123353.21271,123353.21271,1799734.0359923998,4796390.0539112,278250.5913066,5349862.0735925995,35316422.2527806,100,25,3
Z3,21,5,720,36760.0,0.104511,351733.310369,353456.0,1.0,2,23.890866,127007.453176,127007.453176,1799734.0359923998,4796390.0539112,278250.5913066,5349862.0735925995,35316422.2527806,100,25,3
Z3,22,5,720,21272.0,0.125801,169092.455545,170176.0,1.0,2,23.890866,90479.282211,90479.282211,1799734.0359923998,4796390.0539112,278250.5913066,5349862.0735925995,35316422.2527806,100,25,3
Z3,23,5,720,43464.0,0.11752,369843.430905,371480.0,1.0,2,23.890866,130629.477283,130629.477283,1799734.0359923998,4796390.0539112,278250.5913066,5349862.0735925995,35316422.2527806,100,25,3
Z3,24,5,720,42000.0,0.08569,490138.872681,494112.0,1.0,2,23.890866,154688.565638,154688.565638,1799734.0359923998,4796390.0539112,278250.5913066,5349862.0735925995,35316422.2527806,100,25,3
Z3,25,5,720,20304.0,0.117148,173319.220132,173536.0,1.0,2,23.890866,91324.635128,91324.635128,1799734.0359923998,4796390.0539112,278250.5913066,5349862.0735925995,35316422.2527806,100,25,3
Z3,26,5,720,32736.0,0.113009,289676.043501,289696.0,1.0,2,23.890866,114595.999802,114595.999802,1799734.0359923998,4796390.0539112,278250.5913066,5349862.0735925995,35316422.2527806,100,25,3
Z3,27,5,720,34608.0,0.115693,299136.507827,300936.0,1.0,2,23.890866,116488.092667,116488.092667,1799734.0359923998,4796390.0539112,278250.5913066,5349862.0735925995,35316422.2527806,100,25,3
Z3,28,5,720,13208.0,0.106159,124417.147863,124600.0,1.0,2,23.890866,81544.220675,81544.220675,1799734.0359923998,4796390.0539112,278250.5913066,5349862.0735925995,35316422.2527806,100,25,3
Z3,29,5,720,16320.0,0.080153,203610.594738,204000.0,1.0,2,23.890866,97382.91005,97382.91005,1799734.0359923998,4796390.0539112,278250.5913066,5349862.0735925995,35316422.2527806,100,25,3
Z3,30,5,720,8752.0,0.113173,77332.932767,77448.0,1.0,2,23.890866,72127.377655,72127.377655,1799734.0359923998,4796390.0539112,278250.5913066,5349862.0735925995,35316422.2527806,100,25,3
Z3,31,5,720,12760.0,0.099466,128285.042125,128888.0,1.0,2,23.890866,82317.799527,82317.799527,1799734.0359923998,4796390.0539112,278250.5913066,5349862.0735925995,35316422.2527806,100,25,3
Z3,32,5,720,15440.0,0.111299,138725.415323,139096.0,1.0,2,23.890866,84405.874167,84405.874167,1799734.0359923998,4796390.0539112,278250.5913066,5349862.0735925995,35316422.2527806,100,25,3
Z3,33,5,720,10000.0,0.097379,102691.545405,103088.0,1.0,2,23.890866,77199.100183,77199.100183,1799734.0359923998,4796390.0539112,278250.5913066,5349862.0735925995,35316422.2527806,100,25,3
Z3,34,5,720,15200.0,0.115364,131756.873895,132168.0,1.0,2,23.890866,83012.165881,83012.165881,1799734.0359923998,4796390.0539112,278250.5913066,5349862.0735925995,35316422.2527806,100,25,3
Z3,35,5,720,18352.0,0.077942,235457.134793,238336.0,1.0,2,23.890866,103752.218061,103752.218061,1799734.0359923998,4796390.0539112,278250.5913066,5349862.0735925995,35316422.2527806,100,25,3
Z3,36,5,720,11224.0,0.095641,117355.527441,118144.0,1.0,2,23.890866,80131.89659,80131.89659,1799734.0359923998,4796390.0539112,278250.5913066,5349862.0735925995,35316422.2527806,100,25,3
Z3,37,5,720,23240.0,0.109804,211649.848822,213208.0,1.0,2,23.890866,98990.760866,98990.760866,1799734.0359923998,4796390.0539112,278250.5913066,5349862.0735925995,35316422.2527806,100,25,3
Z3,38,5,720,16824.0,0.115749,145348.987896,146288.0,1.0,2,23.890866,85730.588681,85730.588681,1799734.0359923998,4796390.0539112,278250.5913066,5349862.0735925995,35316422.2527806,100,25,3
Z1,0,6,720,12800.0,0.337942,37876.321972,37976.0,1.0,2,29.773763,78124.539235,78124.539235,1799734.0359923998,4796390.0539112,278250.5913066,5349862.0735925995,35316422.2527806,100,25,3
Z2,0,6,720,7752.0,0.338069,22930.230219,22928.0,1.0,2,29.773763,75135.320884,75135.320884,1799734.0359923998,4796390.0539112,278250.5913066,5349862.0735925995,35316422.2527806,100,25,3
Z2,1,6,720,10768.0,0.082158,131064.53419,131312.0,1.0,2,29.773763,96762.181679,96762.181679,1799734.0359923998,4796390.0539112,278250.5913066,5349862.0735925995,35316422.2527806,100,25,3
Z2,2,6,720,14912.0,0.113237,131688.405733,131960.0,1.0,2,29.773763,96886.955987,96886.955987,1799734.0359923998,4796390.0539112,278250.5913066,5349862.0735925995,35316422.2527806,100,25,3
Z2,3,6,720,17456.0,0.425962,40980.181331,41072.0,1.0,2,29.773763,78745.311107,78745.311107,1799734.0359923998,4796390.0539112,278250.5913066,5349862.0735925995,35316422.2527806,100,25,3
Z2,4,6,720,9568.0,0.099561,96101.887285,96640.0,1.0,2,29.773763,89769.652298,89769.652298,1799734.0359923998,4796390.0539112,278250.5913066,5349862.0735925995,35316422.2527806,100,25,3
Z2,5,6,720,14376.0,0.104834,137131.083427,138224.0,1.0,2,29.773763,97975.491526,97975.491526,1799734.0359923998,4796390.0539112,278250.5913066,5349862.0735925995,35316422.2527806,100,25,3
Z2,6,6,720,7176.0,0.081321,88242.889291,88592.0,1.0,2,29.773763,88197.852699,88197.852699,1799734.0359923998,4796390.0539112,278250.5913066,5349862.0735925995,35316422.2527806,100,25,3
Z2,7,6,720,8768.0,0.088549,99018.622458,99632.0,1.0,2,29.773763,90352.999332,90352.999332,1799734.0359923998,4796390.0539112,278250.5913066,5349862.0735925995,35316422.2527806,100,25,3
Z3,0,6,720,6624.0,0.345932,19148.271915,19200.0,1.0,2,29.773763,74378.929223,74378.929223,1799734.0359923998,4796390.0539112,278250.5913066,5349862.0735925995,35316422.2527806,100,25,3
Z3,1,6,720,6760.0,0.082713,81728.386106,82432.0,1.0,2,29.773763,86894.952062,86894.952062,1799734.0359923998,4796390.0539112,278250.5913066,5349862.0735925995,35316422.2527806,100,25,3
Z3,2,6,720,8320.0,0.097676,85179.573283,85768.0,1.0,2,29.773763,87585.189497,87585.189497,1799734.0359923998,4796390.0539112,278250.5913066,5349862.0735925995,35316422.2527806,100,25,3
Z3,3,6,720,7800.0,0.096016,81236.46059,81248.0,1.0,2,29.773763,86796.566958,86796.566958,1799734.0359923998,4796390.0539112,278250.5913066,5349862.0735925995,35316422.2527806,100,25,3
Z3,4,6,720,6928.0,0.118909,58263.041486,58704.0,1.0,2,29.773763,82201.883138,82201.883138,1799734.0359923998,4796390.0539112,278250.5913066,5349862.0735925995,35316422.2527806,100,25,3
Z3,5,6,720,7472.0,0.088285,84634.988956,84904.0,1.0,2,29.773763,87476.272632,87476.272632,1799734.0359923998,4796390.0539112,278250.5913066,5349862.0735925995,35316422.2527806,100,25,3
Z3,6,6,720,7416.0,0.111387,66578.685125,66808.0,1.0,2,29.773763,83865.011865,83865.011865,1799734.0359923998,4796390.0539112,278250.5913066,5349862.0735925995,35316422.2527806,100,25,3
Z3,7,6,720,6760.0,0.115183,58689.216291,58776.0,1.0,2,29.773763,82287.118099,82287.118099,1799734.0359923998,4796390.0539112,278250.5913066,5349862.0735925995,35316422.2527806,100,25,3
Z3,8,6,720,7600.0,0.086296,88068.971911,88368.0,1.0,2,29.773763,88163.069223,88163.069223,1799734.0359923998,4796390.0539112,278250.5913066,5349862.0735925995,35316422.2527806,100,25,3
Z3,9,6,720,7600.0,0.105214,72233.733153,72376.0,1.0,2,29.773763,84996.021471,84996.021471,1799734.0359923998,4796390.0539112,278250.5913066,5349862.0735925995,35316422.2527806,100,25,3
Z3,10,6,720,6768.0,0.11239,60218.880683,60424.0,1.0,2,29.773763,82593.050977,82593.050977,1799734.0359923998,4796390.0539112,278250.5913066,5349862.0735925995,35316422.2527806,100,25,3
Z3,11,6,720,7488.0,0.079567,94109.366949,94784.0,1.0,2,29.773763,89371.14823,89371.14823,1799734.0359923998,4796390.0539112,278250.5913066,5349862.0735925995,35316422.2527806,100,25,3
Z3,12,6,720,12912.0,0.125014,103284.432144,103296.0,1.0,2,29.773763,91206.161269,91206.161269,1799734.0359923998,4796390.0539112,278250.5913066,5349862.0735925995,35316422.2527806,100,25,3
Z3,13,6,720,17552.0,0.07746,226594.371288,227944.0,1.0,2,29.773763,115868.149098,115868.149098,1799734.0359923998,4796390.0539112,278250.5913066,5349862.0735925995,35316422.2527806,100,25,3
Z3,14,6,720,14968.0,0.121974,122714.676898,123696.0,1.0,2,29.773763,95092.21022,95092.21022,1799734.0359923998,4796390.0539112,278250.5913066,5349862.0735925995,35316422.2527806,100,25,3
Z3,15,6,720,10336.0,0.120849,85528.221169,86128.0,1.0,2,29.773763,87654.919074,87654.919074,1799734.0359923998,4796390.0539112,278250.5913066,5349862.0735925995,35316422.2527806,100,25,3
Z3,16,6,720,18344.0,0.088361,207602.901733,208448.0,1.0,2,29.773763,112069.855187,112069.855187,1799734.0359923998,4796390.0539112,278250.5913066,5349862.0735925995,35316422.2527806,100,25,3
Z3,17,6,720,20456.0,0.10144,201656.15142,202528.0,1.0,2,29.773763,110880.505124,110880.505124,1799734.0359923998,4796390.0539112,278250.5913066,5349862.0735925995,35316422.2527806,100,25,3
Z3,18,6,720,12480.0,0.112272,111158.614793,111424.0,1.0,2,29.773763,92780.997799,92780.997799,1799734.0359923998,4796390.0539112,278250.5913066,5349862.0735925995,35316422.2527806,100,25,3
Z3,19,6,720,18912.0,0.088996,212503.932761,214904.0,1.0,2,29.773763,113050.061393,113050.061393,1799734.0359923998,4796390.0539112,278250.5913066,5349862.0735925995,35316422.2527806,100,25,3
Z3,20,6,720,16112.0,0.107544,149817.749014,150576.0,1.0,2,29.773763,100512.824643,100512.824643,1799734.0359923998,4796390.0539112,278250.5913066,5349862.0735925995,35316422.2527806,100,25,3
Z3,21,6,720,16088.0,0.098414,163472.676652,164160.0,1.0,2,29.773763,103243.810171,103243.810171,1799734.0359923998,4796390.0539112,278250.5913066,5349862.0735925995,35316422.2527806,100,25,3
Z3,22,6,720,31984.0,0.125968,253905.753842,255872.0,1.0,2,29.773763,121330.425609,121330.425609,1799734.0359923998,4796390.0539112,278250.5913066,5349862.0735925995,35316422.2527806,100,25,3
Z3,23,6,720,21472.0,0.117323,183016.117897,183520.0,1.0,2,29.773763,107152.49842,107152.49842,1799734.0359923998,4796390.0539112,278250.5913066,5349862.0735925995,35316422.2527806,100,25,3
Z3,24,6,720,19320.0,0.108286,178416.415788,178888.0,1.0,2,29.773763,106232.557998,106232.557998,1799734.0359923998,4796390.0539112,278250.5913066,5349862.0735925995,35316422.2527806,100,25,3
Z3,25,6,720,33040.0,0.109128,302763.726999,303112.0,1.0,2,29.773763,131102.02024,131102.02024,1799734.0359923998,4796390.0539112,278250.5913066,5349862.0735925995,35316422.2527806,100,25,3
Z3,26,6,720,26472.0,0.110723,239083.117329,240648.0,1.0,2,29.773763,118365.898306,118365.898306,1799734.0359923998,4796390.0539112,278250.5913066,5349862.0735925995,35316422.2527806,100,25,3
Z3,27,6,720,12984.0,0.119543,108613.636934,109104.0,1.0,2,29.773763,92272.002227,92272.002227,1799734.0359923998,4796390.0539112,278250.5913066,5349862.0735925995,35316422.2527806,100,25,3
Z3,28,6,720,21128.0,0.104317,202536.499324,203152.0,1.0,2,29.773763,111056.574705,111056.574705,1799734.0359923998,4796390.0539112,278250.5913066,5349862.0735925995,35316422.2527806,100,25,3
Z3,29,6,720,21576.0,0.105588,204341.402432,205480.0,1.0,2,29.773763,111417.555327,111417.555327,1799734.0359923998,4796390.0539112,278250.5913066,5349862.0735925995,35316422.2527806,100,25,3
Z3,30,6,720,7048.0,0.106927,65914.128331,66488.0,1.0,2,29.773763,83732.100507,83732.100507,1799734.0359923998,4796390.0539112,278250.5913066,5349862.0735925995,35316422.2527806,100,25,3
Z3,31,6,720,8656.0,0.091072,95045.678145,95120.0,1.0,2,29.773763,89558.410469,89558.410469,1799734.0359923998,4796390.0539112,278250.5913066,5349862.0735925995,35316422.2527806,100,25,3
Z3,32,6,720,9488.0,0.104541,90758.649716,91224.0,1.0,2,29.773763,88701.004784,88701.004784,1799734.0359923998,4796390.0539112,278250.5913066,5349862.0735925995,35316422.2527806,100,25,3
Z3,33,6,720,8424.0,0.087256,96543.504172,96824.0,1.0,2,29.773763,89857.975675,89857.975675,1799734.0359923998,4796390.0539112,278250.5913066,5349862.0735925995,35316422.2527806,100,25,3
Z3,34,6,720,9328.0,0.08933,104421.806784,104808.0,1.0,2,29.773763,91433.636197,91433.636197,1799734.0359923998,4796390.0539112,278250.5913066,5349862.0735925995,35316422.2527806,100,25,3
Z3,35,6,720,8680.0,0.07704,112668.74351,112720.0,1.0,2,29.773763,93083.023542,93083.023542,1799734.0359923998,4796390.0539112,278250.5913066,5349862.0735925995,35316422.2527806,100,25,3
Z3,36,6,720,7160.0,0.088832,80601.585014,81360.0,1.0,2,29.773763,86669.591843,86669.591843,1799734.0359923998,4796390.0539112,278250.5913066,5349862.0735925995,35316422.2527806,100,25,3
Z3,37,6,720,10360.0,0.078108,132636.861781,132816.0,1.0,2,29.773763,97076.647197,97076.647197,1799734.0359923998,4796390.0539112,278250.5913066,5349862.0735925995,35316422.2527806,100,25,3
Z3,38,6,720,9048.0,0.115614,78260.418288,78672.0,1.0,2,29.773763,86201.358498,86201.358498,1799734.0359923998,4796390.0539112,278250.5913066,5349862.0735925995,35316422.2527806,100,25,3
Z1,0,7,720,14352.0,0.308265,46557.345141,46592.0,1.0,2,35.674298,81950.765566,81950.765566,1799734.0359923998,4796390.0539112,278250.5913066,5349862.0735925995,35316422.2527806,100,25,3
Z2,0,7,720,6624.0,0.342154,19359.703525,19368.0,1.0,2,35.674298,76511.237242,76511.237242,1799734.0359923998,4796390.0539112,278250.5913066,5349862.0735925995,35316422.2527806,100,25,3
Z2,1,7,720,6792.0,0.081629,83205.723456,83848.0,1.0,2,35.674298,89280.441228,89280.441228,1799734.0359923998,4796390.0539112,278250.5913066,5349862.0735925995,35316422.2527806,100,25,3
Z2,2,7,720,7408.0,0.078092,94862.469907,94968.0,1.0,2,35.674298,91611.790519,91611.790519,1799734.0359923998,4796390.0539112,278250.5913066,5349862.0735925995,35316422.2527806,100,25,3
Z2,3,7,720,7464.0,0.090677,82314.14802,82928.0,1.0,2,35.674298,89102.126141,89102.126141,1799734.0359923998,4796390.0539112,278250.5913066,5349862.0735925995,35316422.2527806,100,25,3
Z2,4,7,720,10144.0,0.125026,81135.123894,81152.0,1.0,2,35.674298,88866.321316,88866.321316,1799734.0359923998,4796390.0539112,278250.5913066,5349862.0735925995,35316422.2527806,100,25,3
Z2,5,7,720,16856.0,0.083707,201369.06113,203080.0,1.0,2,35.674298,112913.108763,112913.108763,1799734.0359923998,4796390.0539112,278250.5913066,5349862.0735925995,35316422.2527806,100,25,3
Z2,6,7,720,9672.0,0.084524,114429.037906,115136.0,1.0,2,35.674298,95525.104119,95525.104119,1799734.0359923998,4796390.0539112,278250.5913066,5349862.0735925995,35316422.2527806,100,25,3
Z2,7,7,720,13368.0,0.10608,126018.099548,126112.0,1.0,2,35.674298,97842.916447,97842.916447,1799734.0359923998,4796390.0539112,278250.5913066,5349862.0735925995,35316422.2527806,100,25,3
Z3,0,7,720,6656.0,0.323597,20568.793901,20600.0,1.0,2,35.674298,76753.055317,76753.055317,1799734.0359923998,4796390.0539112,278250.5913066,5349862.0735925995,35316422.2527806,100,25,3
Z3,1,7,720,7664.0,0.124111,61751.174352,61800.0,1.0,2,35.674298,84989.531408,84989.531408,1799734.0359923998,4796390.0539112,278250.5913066,5349862.0735925995,35316422.2527806,100,25,3
Z3,2,7,720,7664.0,0.125575,61031.256221,61312.0,1.0,2,35.674298,84845.547782,84845.547782,1799734.0359923998,4796390.0539112,278250.5913066,5349862.0735925995,35316422.2527806,100,25,3
Z3,3,7,720,6920.0,0.084034,82347.621201,82376.0,1.0,2,35.674298,89108.820777,89108.820777,1799734.0359923998,4796390.0539112,278250.5913066,5349862.0735925995,35316422.2527806,100,25,3
Z3,4,7,720,7504.0,0.107017,70119.700608,70128.0,1.0,2,35.674298,86663.236659,86663.236659,1799734.0359923998,4796390.0539112,278250.5913066,5349862.0735925995,35316422.2527806,100,25,3
Z3,5,7,720,7480.0,0.078746,94988.95182,95896.0,1.0,2,35.674298,91637.086901,91637.086901,1799734.0359923998,4796390.0539112,278250.5913066,5349862.0735925995,35316422.2527806,100,25,3
Z3,6,7,720,6728.0,0.120452,55856.274699,56064.0,1.0,2,35.674298,83810.551477,83810.551477,1799734.0359923998,4796390.0539112,278250.5913066,5349862.0735925995,35316422.2527806,100,25,3
Z3,7,7,720,7632.0,0.082161,92890.7876,93072.0,1.0,2,35.674298,91217.454057,91217.454057,1799734.0359923998,4796390.0539112,278250.5913066,5349862.0735925995,35316422.2527806,100,25,3
Z3,8,7,720,7392.0,0.09698,76221.901423,77000.0,1.0,2,35.674298,87883.676822,87883.676822,1799734.0359923998,4796390.0539112,278250.5913066,5349862.0735925995,35316422.2527806,100,25,3
Z3,9,7,720,12800.0,0.097896,130751.001062,131952.0,1.0,2,35.674298,98789.49675,98789.49675,1799734.0359923998,4796390.0539112,278250.5913066,5349862.0735925995,35316422.2527806,100,25,3
Z3,10,7,720,16760.0,0.081205,206391.232067,206912.0,1.0,2,35.674298,113917.542951,113917.542951,1799734.0359923998,4796390.0539112,278250.5913066,5349862.0735925995,35316422.2527806,100,25,3
Z3,11,7,720,14104.0,0.094882,148647.794102,150040.0,1.0,2,35.674298,102368.855358,102368.855358,1799734.0359923998,4796390.0539112,278250.5913066,5349862.0735925995,35316422.2527806,100,25,3
Z3,12,7,720,9704.0,0.084156,115309.663007,115520.0,1.0,2,35.674298,95701.229139,95701.229139,1799734.0359923998,4796390.0539112,278250.5913066,5349862.0735925995,35316422.2527806,100,25,3
Z3,13,7,720,17248.0,0.103122,167258.199026,167456.0,1.0,2,35.674298,106090.936343,106090.936343,1799734.0359923998,4796390.0539112,278250.5913066,5349862.0735925995,35316422.2527806,100,25,3
Z3,14,7,720,21552.0,0.1183,182180.896027,182640.0,1.0,2,35.674298,109075.475743,109075.475743,1799734.0359923998,4796390.0539112,278250.5913066,5349862.0735925995,35316422.2527806,100,25,3
Z3,15,7,720,16688.0,0.100658,165789.107672,166880.0,1.0,2,35.674298,105797.118072,105797.118072,1799734.0359923998,4796390.0539112,278250.5913066,5349862.0735925995,35316422.2527806,100,25,3
Z3,16,7,720,23312.0,0.121543,191800.432769,192656.0,1.0,2,35.674298,110999.383091,110999.383091,1799734.0359923998,4796390.0539112,278250.5913066,5349862.0735925995,35316422.2527806,100,25,3
Z3,17,7,720,14952.0,0.108458,137859.816703,138440.0,1.0,2,35.674298,100211.259878,100211.259878,1799734.0359923998,4796390.0539112,278250.5913066,5349862.0735925995,35316422.2527806,100,25,3
Z3,18,7,720,23928.0,0.121327,197219.085612,197752.0,1.0,2,35.674298,112083.11366,112083.11366,1799734.0359923998,4796390.0539112,278250.5913066,5349862.0735925995,35316422.2527806,100,25,3
Z3,19,7,720,29544.0,0.106242,278082.114418,278712.0,1.0,2,35.674298,128255.719421,128255.719421,1799734.0359923998,4796390.0539112,278250.5913066,5349862.0735925995,35316422.2527806,100,25,3
Z3,20,7,720,31920.0,0.110003,290173.904348,290176.0,1.0,2,35.674298,130674.077407,130674.077407,1799734.0359923998,4796390.0539112,278250.5913066,5349862.0735925995,35316422.2527806,100,25,3
Z3,21,7,720,15096.0,0.110479,136641.352655,137232.0,1.0,2,35.674298,99967.567068,99967.567068,1799734.0359923998,4796390.0539112,278250.5913066,5349862.0735925995,35316422.2527806,100,25,3
Z3,22,7,720,22296.0,0.096601,230805.06413,232248.0,1.0,2,35.674298,118800.309363,118800.309363,1799734.0359923998,4796390.0539112,278250.5913066,5349862.0735925995,35316422.2527806,100,25,3
Z3,23,7,720,24272.0,0.095569,253973.568835,255488.0,1.0,2,35.674298,123434.010304,123434.010304,1799734.0359923998,4796390.0539112,278250.5913066,5349862.0735925995,35316422.2527806,100,25,3
Z3,24,7,720,13368.0,0.082497,162042.256082,163024.0,1.0,2,35.674298,105047.747754,105047.747754,1799734.0359923998,4796390.0539112,278250.5913066,5349862.0735925995,35316422.2527806,100,25,3
Z3,25,7,720,21768.0,0.106055,205251.991891,205352.0,1.0,2,35.674298,113689.694915,113689.694915,1799734.0359923998,4796390.0539112,278250.5913066,5349862.0735925995,35316422.2527806,100,25,3
Z3,26,7,720,21680.0,0.106694,203197.93053,204528.0,1.0,2,35.674298,113278.882643,113278.882643,1799734.0359923998,4796390.0539112,278250.5913066,5349862.0735925995,35316422.2527806,100,25,3
Z3,27,7,720,15008.0,0.124634,120416.579745,121032.0,1.0,2,35.674298,96722.612486,96722.612486,1799734.0359923998,4796390.0539112,278250.5913066,5349862.0735925995,35316422.2527806,100,25,3
Z3,28,7,720,13424.0,0.121831,110185.420788,110936.0,1.0,2,35.674298,94676.380695,94676.380695,1799734.0359923998,4796390.0539112,278250.5913066,5349862.0735925995,35316422.2527806,100,25,3
Z3,29,7,720,8064.0,0.114617,70356.055384,70736.0,1.0,2,35.674298,86710.507614,86710.507614,1799734.0359923998,4796390.0539112,278250.5913066,5349862.0735925995,35316422.2527806,100,25,3
Z3,30,7,720,9424.0,0.095769,98403.449968,99200.0,1.0,2,35.674298,92319.986531,92319.986531,1799734.0359923998,4796390.0539112,278250.5913066,5349862.0735925995,35316422.2527806,100,25,3
Z3,31,7,720,7368.0,0.099876,73771.476631,74424.0,1.0,2,35.674298,87393.591863,87393.591863,1799734.0359923998,4796390.0539112,278250.5913066,5349862.0735925995,35316422.2527806,100,25,3
Z3,32,7,720,8792.0,0.118726,74052.86121,74504.0,1.0,2,35.674298,87449.868779,87449.868779,1799734.0359923998,4796390.0539112,278250.5913066,5349862.0735925995,35316422.2527806,100,25,3
Z3,33,7,720,8568.0,0.117623,72842.896372,73224.0,1.0,2,35.674298,87207.875812,87207.875812,1799734.0359923998,4796390.0539112,278250.5913066,5349862.0735925995,35316422.2527806,100,25,3
Z3,34,7,720,7064.0,0.118043,59842.599731,59864.0,1.0,2,35.674298,84607.816483,84607.816483,1799734.0359923998,4796390.0539112,278250.5913066,5349862.0735925995,35316422.2527806,100,25,3
Z3,35,7,720,10104.0,0.113412,89091.101471,89408.0,1.0,2,35.674298,90457.516831,90457.516831,1799734.0359923998,4796390.0539112,278250.5913066,5349862.0735925995,35316422.2527806,100,25,3
Z3,36,7,720,8640.0,0.116758,73999.212045,74480.0,1.0,2,35.674298,87439.138946,87439.138946,1799734.0359923998,4796390.0539112,278250.5913066,5349862.0735925995,35316422.2527806,100,25,3
Z3,37,7,720,7168.0,0.122788,58377.040102,58752.0,1.0,2,35.674298,84314.704558,84314.704558,1799734.0359923998,4796390.0539112,278250.5913066,5349862.0735925995,35316422.2527806,100,25,3
Z3,38,7,720,8160.0,0.078879,103449.587343,104608.0,1.0,2,35.674298,93329.214006,93329.214006,1799734.0359923998,4796390.0539112,278250.5913066,5349862.0735925995,35316422.2527806,100,25,3
