Zone, Tile_no, Seg_no, Reso, Seg_d_size, Seg_d_time, Bitrate, Bitrate1, Buf_lev, Buf_limit, Elapsed, Ref_vp, Local_avg,QoE,QoE1,Z1,Z2,Z3,delay,jitter,loss
Z1,0,1,720,9960.0,0.218119,45663.147181,45688.0,1.0,2,5.9e-05,45663.147181,45663.147181,8669879.7965677,23883204.5453381,1337856.5943235,25777933.935137503,177911181.4228415,50,25,0
Z2,0,1,720,8952.0,0.201934,44331.316173,44536.0,1.0,2,5.9e-05,22165.658086,22165.658086,8669879.7965677,23883204.5453381,1337856.5943235,25777933.935137503,177911181.4228415,50,25,0
Z2,1,1,720,5424.0,0.072859,74445.161202,75328.0,1.0,2,5.9e-05,24815.053734,24815.053734,8669879.7965677,23883204.5453381,1337856.5943235,25777933.935137503,177911181.4228415,50,25,0
Z2,2,1,720,7080.0,0.057439,123261.198837,124208.0,1.0,2,5.9e-05,30815.299709,30815.299709,8669879.7965677,23883204.5453381,1337856.5943235,25777933.935137503,177911181.4228415,50,25,0
Z2,3,1,720,18976.0,0.059619,318287.79416,321624.0,1.0,2,5.9e-05,63657.558832,63657.558832,8669879.7965677,23883204.5453381,1337856.5943235,25777933.935137503,177911181.4228415,50,25,0
Z2,4,1,720,8720.0,0.03203,272244.770528,272496.0,1.0,2,5.9e-05,54448.954106,54448.954106,8669879.7965677,23883204.5453381,1337856.5943235,25777933.935137503,177911181.4228415,50,25,0
Z2,5,1,720,8336.0,0.071428,116704.933639,117408.0,1.0,2,5.9e-05,23340.986728,23340.986728,8669879.7965677,23883204.5453381,1337856.5943235,25777933.935137503,177911181.4228415,50,25,0
Z2,6,1,720,6376.0,0.040826,156174.986528,159400.0,1.0,2,5.9e-05,31234.997306,31234.997306,8669879.7965677,23883204.5453381,1337856.5943235,25777933.935137503,177911181.4228415,50,25,0
Z2,7,1,720,6872.0,0.067966,101109.378219,102560.0,1.0,2,5.9e-05,20221.875644,20221.875644,8669879.7965677,23883204.5453381,1337856.5943235,25777933.935137503,177911181.4228415,50,25,0
Z3,0,1,720,7080.0,0.184374,38400.208272,38472.0,1.0,2,5.9e-05,7680.041654,7680.041654,8669879.7965677,23883204.5453381,1337856.5943235,25777933.935137503,177911181.4228415,50,25,0
Z3,1,1,720,7080.0,0.051907,136397.788352,138816.0,1.0,2,5.9e-05,27279.55767,27279.55767,8669879.7965677,23883204.5453381,1337856.5943235,25777933.935137503,177911181.4228415,50,25,0
Z3,2,1,720,5664.0,0.072269,78373.853243,78664.0,1.0,2,5.9e-05,15674.770649,15674.770649,8669879.7965677,23883204.5453381,1337856.5943235,25777933.935137503,177911181.4228415,50,25,0
Z3,3,1,720,7080.0,0.029053,243692.56187,244136.0,1.0,2,5.9e-05,48738.512374,48738.512374,8669879.7965677,23883204.5453381,1337856.5943235,25777933.935137503,177911181.4228415,50,25,0
Z3,4,1,720,7080.0,0.066521,106432.555133,107272.0,1.0,2,5.9e-05,21286.511027,21286.511027,8669879.7965677,23883204.5453381,1337856.5943235,25777933.935137503,177911181.4228415,50,25,0
Z3,5,1,720,5664.0,0.041298,137149.498765,138144.0,1.0,2,5.9e-05,27429.899753,27429.899753,8669879.7965677,23883204.5453381,1337856.5943235,25777933.935137503,177911181.4228415,50,25,0
Z3,6,1,720,7080.0,0.050646,139793.863286,141600.0,1.0,2,5.9e-05,27958.772657,27958.772657,8669879.7965677,23883204.5453381,1337856.5943235,25777933.935137503,177911181.4228415,50,25,0
Z3,7,1,720,7080.0,0.039678,178436.413126,181536.0,1.0,2,5.9e-05,35687.282625,35687.282625,8669879.7965677,23883204.5453381,1337856.5943235,25777933.935137503,177911181.4228415,50,25,0
Z3,8,1,720,5664.0,0.037889,149489.297685,153080.0,1.0,2,5.9e-05,29897.859537,29897.859537,8669879.7965677,23883204.5453381,1337856.5943235,25777933.935137503,177911181.4228415,50,25,0
Z3,9,1,720,7080.0,0.038498,183905.657437,186312.0,1.0,2,5.9e-05,36781.131487,36781.131487,8669879.7965677,23883204.5453381,1337856.5943235,25777933.935137503,177911181.4228415,50,25,0
Z3,10,1,720,12904.0,0.05344,241467.065868,243464.0,1.0,2,5.9e-05,48293.413174,48293.413174,8669879.7965677,23883204.5453381,1337856.5943235,25777933.935137503,177911181.4228415,50,25,0
Z3,11,1,720,17344.0,0.029433,589270.546665,598064.0,1.0,2,5.9e-05,117854.109333,117854.109333,8669879.7965677,23883204.5453381,1337856.5943235,25777933.935137503,177911181.4228415,50,25,0
Z3,12,1,720,16912.0,0.070898,238539.874185,241600.0,1.0,2,5.9e-05,47707.974837,47707.974837,8669879.7965677,23883204.5453381,1337856.5943235,25777933.935137503,177911181.4228415,50,25,0
Z3,13,1,720,13240.0,0.04296,308193.668529,315232.0,1.0,2,5.9e-05,61638.733706,61638.733706,8669879.7965677,23883204.5453381,1337856.5943235,25777933.935137503,177911181.4228415,50,25,0
Z3,14,1,720,28328.0,0.075296,376221.844454,377704.0,1.0,2,5.9e-05,75244.368891,75244.368891,8669879.7965677,23883204.5453381,1337856.5943235,25777933.935137503,177911181.4228415,50,25,0
Z3,15,1,720,30528.0,0.034887,875053.744948,897880.0,1.0,2,5.9e-05,175010.74899,175010.74899,8669879.7965677,23883204.5453381,1337856.5943235,25777933.935137503,177911181.4228415,50,25,0
Z3,16,1,720,16360.0,0.037543,435766.987188,442160.0,1.0,2,5.9e-05,87153.397438,87153.397438,8669879.7965677,23883204.5453381,1337856.5943235,25777933.935137503,177911181.4228415,50,25,0
Z3,17,1,720,33216.0,0.048144,689930.209372,692000.0,1.0,2,5.9e-05,137986.041874,137986.041874,8669879.7965677,23883204.5453381,1337856.5943235,25777933.935137503,177911181.4228415,50,25,0
Z3,18,1,720,28000.0,0.051712,541460.39604,549016.0,1.0,2,5.9e-05,108292.079208,108292.079208,8669879.7965677,23883204.5453381,1337856.5943235,25777933.935137503,177911181.4228415,50,25,0
Z3,19,1,720,15744.0,0.053828,292487.181393,297056.0,1.0,2,5.9e-05,58497.436279,58497.436279,8669879.7965677,23883204.5453381,1337856.5943235,25777933.935137503,177911181.4228415,50,25,0
Z3,20,1,720,16024.0,0.059729,268278.390731,271592.0,1.0,2,5.9e-05,53655.678146,53655.678146,8669879.7965677,23883204.5453381,1337856.5943235,25777933.935137503,177911181.4228415,50,25,0
Z3,21,1,720,11576.0,0.042091,275023.164097,275616.0,1.0,2,5.9e-05,55004.632819,55004.632819,8669879.7965677,23883204.5453381,1337856.5943235,25777933.935137503,177911181.4228415,50,25,0
Z3,22,1,720,10816.0,0.032287,334995.509028,338000.0,1.0,2,5.9e-05,66999.101806,66999.101806,8669879.7965677,23883204.5453381,1337856.5943235,25777933.935137503,177911181.4228415,50,25,0
Z3,23,1,720,13224.0,0.048109,274875.802864,275496.0,1.0,2,5.9e-05,54975.160573,54975.160573,8669879.7965677,23883204.5453381,1337856.5943235,25777933.935137503,177911181.4228415,50,25,0
Z3,24,1,720,17528.0,0.035222,497643.518256,500800.0,1.0,2,5.9e-05,99528.703651,99528.703651,8669879.7965677,23883204.5453381,1337856.5943235,25777933.935137503,177911181.4228415,50,25,0
Z3,25,1,720,23824.0,0.030489,781396.569254,794128.0,1.0,2,5.9e-05,156279.313851,156279.313851,8669879.7965677,23883204.5453381,1337856.5943235,25777933.935137503,177911181.4228415,50,25,0
Z3,26,1,720,11024.0,0.036118,305221.773077,306216.0,1.0,2,5.9e-05,61044.354615,61044.354615,8669879.7965677,23883204.5453381,1337856.5943235,25777933.935137503,177911181.4228415,50,25,0
Z3,27,1,720,15112.0,0.054283,278392.867012,279848.0,1.0,2,5.9e-05,55678.573402,55678.573402,8669879.7965677,23883204.5453381,1337856.5943235,25777933.935137503,177911181.4228415,50,25,0
Z3,28,1,720,24552.0,0.06268,391703.892789,396000.0,1.0,2,5.9e-05,78340.778558,78340.778558,8669879.7965677,23883204.5453381,1337856.5943235,25777933.935137503,177911181.4228415,50,25,0
Z3,29,1,720,10824.0,0.029821,362965.695315,373240.0,1.0,2,5.9e-05,72593.139063,72593.139063,8669879.7965677,23883204.5453381,1337856.5943235,25777933.935137503,177911181.4228415,50,25,0
Z3,30,1,720,6872.0,0.040027,171684.113224,171800.0,1.0,2,5.9e-05,34336.822645,34336.822645,8669879.7965677,23883204.5453381,1337856.5943235,25777933.935137503,177911181.4228415,50,25,0
Z3,31,1,720,6872.0,0.059503,115489.975295,116472.0,1.0,2,5.9e-05,23097.995059,23097.995059,8669879.7965677,23883204.5453381,1337856.5943235,25777933.935137503,177911181.4228415,50,25,0
Z3,32,1,720,6376.0,0.052477,121500.847991,122608.0,1.0,2,5.9e-05,24300.169598,24300.169598,8669879.7965677,23883204.5453381,1337856.5943235,25777933.935137503,177911181.4228415,50,25,0
Z3,33,1,720,6872.0,0.067167,102312.147334,102560.0,1.0,2,5.9e-05,20462.429467,20462.429467,8669879.7965677,23883204.5453381,1337856.5943235,25777933.935137503,177911181.4228415,50,25,0
Z3,34,1,720,6872.0,0.038634,177874.41114,180840.0,1.0,2,5.9e-05,35574.882228,35574.882228,8669879.7965677,23883204.5453381,1337856.5943235,25777933.935137503,177911181.4228415,50,25,0
Z3,35,1,720,6376.0,0.073088,87237.302977,87336.0,1.0,2,5.9e-05,17447.460595,17447.460595,8669879.7965677,23883204.5453381,1337856.5943235,25777933.935137503,177911181.4228415,50,25,0
Z3,36,1,720,6872.0,0.036684,187329.625995,190888.0,1.0,2,5.9e-05,37465.925199,37465.925199,8669879.7965677,23883204.5453381,1337856.5943235,25777933.935137503,177911181.4228415,50,25,0
Z3,37,1,720,6872.0,0.045488,151072.810412,152704.0,1.0,2,5.9e-05,30214.562082,30214.562082,8669879.7965677,23883204.5453381,1337856.5943235,25777933.935137503,177911181.4228415,50,25,0
Z3,38,1,720,6376.0,0.064107,99458.717457,99624.0,1.0,2,5.9e-05,19891.743491,19891.743491,8669879.7965677,23883204.5453381,1337856.5943235,25777933.935137503,177911181.4228415,50,25,0
Z1,0,2,720,7080.0,0.173759,40746.09085,40920.0,1.0,2,2.847071,28040.961661,28040.961661,8669879.7965677,23883204.5453381,1337856.5943235,25777933.935137503,177911181.4228415,50,25,0
Z2,0,2,720,6624.0,0.187652,35299.383966,35416.0,1.0,2,2.847071,26951.620285,26951.620285,8669879.7965677,23883204.5453381,1337856.5943235,25777933.935137503,177911181.4228415,50,25,0
Z2,1,2,720,5424.0,0.048589,111630.204367,113000.0,1.0,2,2.847071,42217.784365,42217.784365,8669879.7965677,23883204.5453381,1337856.5943235,25777933.935137503,177911181.4228415,50,25,0
Z2,2,2,720,7080.0,0.069009,102595.313655,102608.0,1.0,2,2.847071,40410.806222,40410.806222,8669879.7965677,23883204.5453381,1337856.5943235,25777933.935137503,177911181.4228415,50,25,0
Z2,3,2,720,12648.0,0.048389,261381.718986,263496.0,1.0,2,2.847071,72168.087288,72168.087288,8669879.7965677,23883204.5453381,1337856.5943235,25777933.935137503,177911181.4228415,50,25,0
Z2,4,2,720,15344.0,0.042212,363498.531223,365328.0,1.0,2,2.847071,92591.449736,92591.449736,8669879.7965677,23883204.5453381,1337856.5943235,25777933.935137503,177911181.4228415,50,25,0
Z2,5,2,720,18392.0,0.03092,594825.355757,613064.0,1.0,2,2.847071,138856.814643,138856.814643,8669879.7965677,23883204.5453381,1337856.5943235,25777933.935137503,177911181.4228415,50,25,0
Z2,6,2,720,9160.0,0.062127,147439.921451,147736.0,1.0,2,2.847071,49379.727782,49379.727782,8669879.7965677,23883204.5453381,1337856.5943235,25777933.935137503,177911181.4228415,50,25,0
Z2,7,2,720,8048.0,0.066552,120927.996153,121936.0,1.0,2,2.847071,44077.342722,44077.342722,8669879.7965677,23883204.5453381,1337856.5943235,25777933.935137503,177911181.4228415,50,25,0
Z3,0,2,720,7080.0,0.171391,41309.053568,41400.0,1.0,2,2.847071,28153.554205,28153.554205,8669879.7965677,23883204.5453381,1337856.5943235,25777933.935137503,177911181.4228415,50,25,0
Z3,1,2,720,7080.0,0.056685,124900.767399,126424.0,1.0,2,2.847071,44871.896971,44871.896971,8669879.7965677,23883204.5453381,1337856.5943235,25777933.935137503,177911181.4228415,50,25,0
Z3,2,2,720,5664.0,0.032251,175622.461319,177000.0,1.0,2,2.847071,55016.235755,55016.235755,8669879.7965677,23883204.5453381,1337856.5943235,25777933.935137503,177911181.4228415,50,25,0
Z3,3,2,720,7080.0,0.07147,99062.543725,99712.0,1.0,2,2.847071,39704.252236,39704.252236,8669879.7965677,23883204.5453381,1337856.5943235,25777933.935137503,177911181.4228415,50,25,0
Z3,4,2,720,7080.0,0.06161,114916.409674,116064.0,1.0,2,2.847071,42875.025426,42875.025426,8669879.7965677,23883204.5453381,1337856.5943235,25777933.935137503,177911181.4228415,50,25,0
Z3,5,2,720,5664.0,0.06112,92670.157068,92848.0,1.0,2,2.847071,38425.774905,38425.774905,8669879.7965677,23883204.5453381,1337856.5943235,25777933.935137503,177911181.4228415,50,25,0
Z3,6,2,720,7080.0,0.072953,97048.784834,98328.0,1.0,2,2.847071,39301.500458,39301.500458,8669879.7965677,23883204.5453381,1337856.5943235,25777933.935137503,177911181.4228415,50,25,0
Z3,7,2,720,7080.0,0.075714,93509.786829,94400.0,1.0,2,2.847071,38593.700857,38593.700857,8669879.7965677,23883204.5453381,1337856.5943235,25777933.935137503,177911181.4228415,50,25,0
Z3,8,2,720,5664.0,0.039484,143450.5116,145224.0,1.0,2,2.847071,48581.845811,48581.845811,8669879.7965677,23883204.5453381,1337856.5943235,25777933.935137503,177911181.4228415,50,25,0
Z3,9,2,720,17112.0,0.035799,478002.178832,488912.0,1.0,2,2.847071,115492.179258,115492.179258,8669879.7965677,23883204.5453381,1337856.5943235,25777933.935137503,177911181.4228415,50,25,0
Z3,10,2,720,15320.0,0.047716,321066.308995,325952.0,1.0,2,2.847071,84105.00529,84105.00529,8669879.7965677,23883204.5453381,1337856.5943235,25777933.935137503,177911181.4228415,50,25,0
Z3,11,2,720,10704.0,0.027476,389576.357548,396440.0,1.0,2,2.847071,97807.015001,97807.015001,8669879.7965677,23883204.5453381,1337856.5943235,25777933.935137503,177911181.4228415,50,25,0
Z3,12,2,720,18776.0,0.03678,510494.834149,521552.0,1.0,2,2.847071,121990.710321,121990.710321,8669879.7965677,23883204.5453381,1337856.5943235,25777933.935137503,177911181.4228415,50,25,0
Z3,13,2,720,21848.0,0.049927,437598.894386,445872.0,1.0,2,2.847071,107411.522369,107411.522369,8669879.7965677,23883204.5453381,1337856.5943235,25777933.935137503,177911181.4228415,50,25,0
Z3,14,2,720,12752.0,0.061213,208321.761717,209048.0,1.0,2,2.847071,61556.095835,61556.095835,8669879.7965677,23883204.5453381,1337856.5943235,25777933.935137503,177911181.4228415,50,25,0
Z3,15,2,720,21856.0,0.047508,460048.833881,465016.0,1.0,2,2.847071,111901.510267,111901.510267,8669879.7965677,23883204.5453381,1337856.5943235,25777933.935137503,177911181.4228415,50,25,0
Z3,16,2,720,16880.0,0.060354,279683.202439,281328.0,1.0,2,2.847071,75828.383979,75828.383979,8669879.7965677,23883204.5453381,1337856.5943235,25777933.935137503,177911181.4228415,50,25,0
Z3,17,2,720,12128.0,0.044039,275392.265946,275632.0,1.0,2,2.847071,74970.196681,74970.196681,8669879.7965677,23883204.5453381,1337856.5943235,25777933.935137503,177911181.4228415,50,25,0
Z3,18,2,720,11592.0,0.050105,231354.156272,231840.0,1.0,2,2.847071,66162.574746,66162.574746,8669879.7965677,23883204.5453381,1337856.5943235,25777933.935137503,177911181.4228415,50,25,0
Z3,19,2,720,9952.0,0.034801,285968.794,292704.0,1.0,2,2.847071,77085.502291,77085.502291,8669879.7965677,23883204.5453381,1337856.5943235,25777933.935137503,177911181.4228415,50,25,0
Z3,20,2,720,11064.0,0.057982,190817.840019,194104.0,1.0,2,2.847071,58055.311495,58055.311495,8669879.7965677,23883204.5453381,1337856.5943235,25777933.935137503,177911181.4228415,50,25,0
Z3,21,2,720,14728.0,0.065466,224971.741056,226584.0,1.0,2,2.847071,64886.091703,64886.091703,8669879.7965677,23883204.5453381,1337856.5943235,25777933.935137503,177911181.4228415,50,25,0
Z3,22,2,720,16264.0,0.047656,341279.167366,346040.0,1.0,2,2.847071,88147.576965,88147.576965,8669879.7965677,23883204.5453381,1337856.5943235,25777933.935137503,177911181.4228415,50,25,0
Z3,23,2,720,9504.0,0.062724,151520.948919,153288.0,1.0,2,2.847071,50195.933275,50195.933275,8669879.7965677,23883204.5453381,1337856.5943235,25777933.935137503,177911181.4228415,50,25,0
Z3,24,2,720,12688.0,0.068591,184980.536805,186584.0,1.0,2,2.847071,56887.850852,56887.850852,8669879.7965677,23883204.5453381,1337856.5943235,25777933.935137503,177911181.4228415,50,25,0
Z3,25,2,720,17320.0,0.035533,487434.216081,494856.0,1.0,2,2.847071,117378.586708,117378.586708,8669879.7965677,23883204.5453381,1337856.5943235,25777933.935137503,177911181.4228415,50,25,0
Z3,26,2,720,10632.0,0.067891,156603.968125,158680.0,1.0,2,2.847071,51212.537116,51212.537116,8669879.7965677,23883204.5453381,1337856.5943235,25777933.935137503,177911181.4228415,50,25,0
Z3,27,2,720,9320.0,0.049033,190076.071217,190200.0,1.0,2,2.847071,57906.957735,57906.957735,8669879.7965677,23883204.5453381,1337856.5943235,25777933.935137503,177911181.4228415,50,25,0
Z3,28,2,720,6376.0,0.067056,95084.705321,95160.0,1.0,2,2.847071,38908.684556,38908.684556,8669879.7965677,23883204.5453381,1337856.5943235,25777933.935137503,177911181.4228415,50,25,0
Z3,29,2,720,6872.0,0.046778,146906.665527,149384.0,1.0,2,2.847071,49273.076597,49273.076597,8669879.7965677,23883204.5453381,1337856.5943235,25777933.935137503,177911181.4228415,50,25,0
Z3,30,2,720,6872.0,0.063259,108632.763717,109072.0,1.0,2,2.847071,41618.296235,41618.296235,8669879.7965677,23883204.5453381,1337856.5943235,25777933.935137503,177911181.4228415,50,25,0
Z3,31,2,720,6376.0,0.04655,136970.998926,138608.0,1.0,2,2.847071,47285.943277,47285.943277,8669879.7965677,23883204.5453381,1337856.5943235,25777933.935137503,177911181.4228415,50,25,0
Z3,32,2,720,6872.0,0.042383,162140.480853,163616.0,1.0,2,2.847071,52319.839662,52319.839662,8669879.7965677,23883204.5453381,1337856.5943235,25777933.935137503,177911181.4228415,50,25,0
Z3,33,2,720,6872.0,0.067645,101589.178801,102560.0,1.0,2,2.847071,40209.579252,40209.579252,8669879.7965677,23883204.5453381,1337856.5943235,25777933.935137503,177911181.4228415,50,25,0
Z3,34,2,720,6376.0,0.059094,107895.894676,108064.0,1.0,2,2.847071,41470.922427,41470.922427,8669879.7965677,23883204.5453381,1337856.5943235,25777933.935137503,177911181.4228415,50,25,0
Z3,35,2,720,6872.0,0.073678,93270.718532,94136.0,1.0,2,2.847071,38545.887198,38545.887198,8669879.7965677,23883204.5453381,1337856.5943235,25777933.935137503,177911181.4228415,50,25,0
Z3,36,2,720,6872.0,0.047184,145642.590709,146208.0,1.0,2,2.847071,49020.261633,49020.261633,8669879.7965677,23883204.5453381,1337856.5943235,25777933.935137503,177911181.4228415,50,25,0
Z3,37,2,720,6376.0,0.042102,151441.736735,151808.0,1.0,2,2.847071,50180.090838,50180.090838,8669879.7965677,23883204.5453381,1337856.5943235,25777933.935137503,177911181.4228415,50,25,0
Z3,38,2,720,6872.0,0.057997,118488.887356,120560.0,1.0,2,2.847071,43589.520963,43589.520963,8669879.7965677,23883204.5453381,1337856.5943235,25777933.935137503,177911181.4228415,50,25,0
Z1,0,3,720,9896.0,0.184988,53495.361861,53776.0,1.0,2,5.790143,54288.593335,54288.593335,8669879.7965677,23883204.5453381,1337856.5943235,25777933.935137503,177911181.4228415,50,25,0
Z2,0,3,720,6624.0,0.17893,37020.063712,37208.0,1.0,2,5.790143,50993.533705,50993.533705,8669879.7965677,23883204.5453381,1337856.5943235,25777933.935137503,177911181.4228415,50,25,0
Z2,1,3,720,5424.0,0.067719,80095.689541,80952.0,1.0,2,5.790143,59608.658871,59608.658871,8669879.7965677,23883204.5453381,1337856.5943235,25777933.935137503,177911181.4228415,50,25,0
Z2,2,3,720,7080.0,0.075424,93869.325414,94400.0,1.0,2,5.790143,62363.386045,62363.386045,8669879.7965677,23883204.5453381,1337856.5943235,25777933.935137503,177911181.4228415,50,25,0
Z2,3,3,720,18632.0,0.059667,312266.411919,315792.0,1.0,2,5.790143,106042.803346,106042.803346,8669879.7965677,23883204.5453381,1337856.5943235,25777933.935137503,177911181.4228415,50,25,0
Z2,4,3,720,9664.0,0.029615,326321.121054,333240.0,1.0,2,5.790143,108853.745173,108853.745173,8669879.7965677,23883204.5453381,1337856.5943235,25777933.935137503,177911181.4228415,50,25,0
Z2,5,3,720,8424.0,0.042203,199606.663033,200568.0,1.0,2,5.790143,83510.853569,83510.853569,8669879.7965677,23883204.5453381,1337856.5943235,25777933.935137503,177911181.4228415,50,25,0
Z2,6,3,720,6376.0,0.039023,163390.820798,163480.0,1.0,2,5.790143,76267.685122,76267.685122,8669879.7965677,23883204.5453381,1337856.5943235,25777933.935137503,177911181.4228415,50,25,0
Z2,7,3,720,6872.0,0.027359,251178.771154,254512.0,1.0,2,5.790143,93825.275193,93825.275193,8669879.7965677,23883204.5453381,1337856.5943235,25777933.935137503,177911181.4228415,50,25,0
Z3,0,3,720,7080.0,0.192573,36765.278622,36872.0,1.0,2,5.790143,50942.576687,50942.576687,8669879.7965677,23883204.5453381,1337856.5943235,25777933.935137503,177911181.4228415,50,25,0
Z3,1,3,720,7080.0,0.05578,126927.214055,128720.0,1.0,2,5.790143,68974.963774,68974.963774,8669879.7965677,23883204.5453381,1337856.5943235,25777933.935137503,177911181.4228415,50,25,0
Z3,2,3,720,5664.0,0.074952,75568.363753,76536.0,1.0,2,5.790143,58703.193713,58703.193713,8669879.7965677,23883204.5453381,1337856.5943235,25777933.935137503,177911181.4228415,50,25,0
Z3,3,3,720,7080.0,0.060852,116347.860383,118000.0,1.0,2,5.790143,66859.093039,66859.093039,8669879.7965677,23883204.5453381,1337856.5943235,25777933.935137503,177911181.4228415,50,25,0
Z3,4,3,720,7080.0,0.043488,162803.532009,164648.0,1.0,2,5.790143,76150.227364,76150.227364,8669879.7965677,23883204.5453381,1337856.5943235,25777933.935137503,177911181.4228415,50,25,0
Z3,5,3,720,5664.0,0.040053,141412.628268,141600.0,1.0,2,5.790143,71872.046616,71872.046616,8669879.7965677,23883204.5453381,1337856.5943235,25777933.935137503,177911181.4228415,50,25,0
Z3,6,3,720,7080.0,0.040181,176202.68286,177000.0,1.0,2,5.790143,78830.057535,78830.057535,8669879.7965677,23883204.5453381,1337856.5943235,25777933.935137503,177911181.4228415,50,25,0
Z3,7,3,720,7080.0,0.065511,108073.453313,108920.0,1.0,2,5.790143,65204.211625,65204.211625,8669879.7965677,23883204.5453381,1337856.5943235,25777933.935137503,177911181.4228415,50,25,0
Z3,8,3,720,5664.0,0.065651,86274.390337,87136.0,1.0,2,5.790143,60844.39903,60844.39903,8669879.7965677,23883204.5453381,1337856.5943235,25777933.935137503,177911181.4228415,50,25,0
Z3,9,3,720,7080.0,0.042842,165258.391298,168568.0,1.0,2,5.790143,76641.199222,76641.199222,8669879.7965677,23883204.5453381,1337856.5943235,25777933.935137503,177911181.4228415,50,25,0
Z3,10,3,720,14120.0,0.050006,282366.116066,282400.0,1.0,2,5.790143,100062.744176,100062.744176,8669879.7965677,23883204.5453381,1337856.5943235,25777933.935137503,177911181.4228415,50,25,0
Z3,11,3,720,17536.0,0.062377,281129.262388,282832.0,1.0,2,5.790143,99815.37344,99815.37344,8669879.7965677,23883204.5453381,1337856.5943235,25777933.935137503,177911181.4228415,50,25,0
Z3,12,3,720,16008.0,0.046839,341766.476654,348000.0,1.0,2,5.790143,111942.816293,111942.816293,8669879.7965677,23883204.5453381,1337856.5943235,25777933.935137503,177911181.4228415,50,25,0
Z3,13,3,720,10896.0,0.055236,197262.65479,198104.0,1.0,2,5.790143,83042.051921,83042.051921,8669879.7965677,23883204.5453381,1337856.5943235,25777933.935137503,177911181.4228415,50,25,0
Z3,14,3,720,19720.0,0.061653,319854.670495,323272.0,1.0,2,5.790143,107560.455062,107560.455062,8669879.7965677,23883204.5453381,1337856.5943235,25777933.935137503,177911181.4228415,50,25,0
Z3,15,3,720,20104.0,0.029886,672689.553637,693240.0,1.0,2,5.790143,178127.43169,178127.43169,8669879.7965677,23883204.5453381,1337856.5943235,25777933.935137503,177911181.4228415,50,25,0
Z3,16,3,720,12504.0,0.046299,270070.627875,271824.0,1.0,2,5.790143,97603.646538,97603.646538,8669879.7965677,23883204.5453381,1337856.5943235,25777933.935137503,177911181.4228415,50,25,0
Z3,17,3,720,23072.0,0.067064,344029.583681,344352.0,1.0,2,5.790143,112395.437699,112395.437699,8669879.7965677,23883204.5453381,1337856.5943235,25777933.935137503,177911181.4228415,50,25,0
Z3,18,3,720,18112.0,0.068588,264069.516534,266352.0,1.0,2,5.790143,96403.424269,96403.424269,8669879.7965677,23883204.5453381,1337856.5943235,25777933.935137503,177911181.4228415,50,25,0
Z3,19,3,720,12544.0,0.063365,197964.175807,199104.0,1.0,2,5.790143,83182.356124,83182.356124,8669879.7965677,23883204.5453381,1337856.5943235,25777933.935137503,177911181.4228415,50,25,0
Z3,20,3,720,15304.0,0.049977,306220.861596,312320.0,1.0,2,5.790143,104833.693282,104833.693282,8669879.7965677,23883204.5453381,1337856.5943235,25777933.935137503,177911181.4228415,50,25,0
Z3,21,3,720,12280.0,0.042144,291381.928626,292376.0,1.0,2,5.790143,101865.906688,101865.906688,8669879.7965677,23883204.5453381,1337856.5943235,25777933.935137503,177911181.4228415,50,25,0
Z3,22,3,720,10368.0,0.036485,284171.577361,288000.0,1.0,2,5.790143,100423.836435,100423.836435,8669879.7965677,23883204.5453381,1337856.5943235,25777933.935137503,177911181.4228415,50,25,0
Z3,23,3,720,10520.0,0.029676,354495.214989,362752.0,1.0,2,5.790143,114488.56396,114488.56396,8669879.7965677,23883204.5453381,1337856.5943235,25777933.935137503,177911181.4228415,50,25,0
Z3,24,3,720,15288.0,0.049688,307679.922718,312000.0,1.0,2,5.790143,105125.505506,105125.505506,8669879.7965677,23883204.5453381,1337856.5943235,25777933.935137503,177911181.4228415,50,25,0
Z3,25,3,720,16344.0,0.029532,553433.563592,563584.0,1.0,2,5.790143,154276.233681,154276.233681,8669879.7965677,23883204.5453381,1337856.5943235,25777933.935137503,177911181.4228415,50,25,0
Z3,26,3,720,9016.0,0.072774,123890.400418,125216.0,1.0,2,5.790143,68367.601046,68367.601046,8669879.7965677,23883204.5453381,1337856.5943235,25777933.935137503,177911181.4228415,50,25,0
Z3,27,3,720,13800.0,0.042403,325448.671085,328568.0,1.0,2,5.790143,108679.25518,108679.25518,8669879.7965677,23883204.5453381,1337856.5943235,25777933.935137503,177911181.4228415,50,25,0
Z3,28,3,720,17664.0,0.049674,355598.502235,360488.0,1.0,2,5.790143,114709.22141,114709.22141,8669879.7965677,23883204.5453381,1337856.5943235,25777933.935137503,177911181.4228415,50,25,0
Z3,29,3,720,10240.0,0.025873,395779.383914,409600.0,1.0,2,5.790143,122745.397745,122745.397745,8669879.7965677,23883204.5453381,1337856.5943235,25777933.935137503,177911181.4228415,50,25,0
Z3,30,3,720,6872.0,0.034284,200443.355501,202112.0,1.0,2,5.790143,83678.192063,83678.192063,8669879.7965677,23883204.5453381,1337856.5943235,25777933.935137503,177911181.4228415,50,25,0
Z3,31,3,720,6872.0,0.03887,176794.443015,180840.0,1.0,2,5.790143,78948.409566,78948.409566,8669879.7965677,23883204.5453381,1337856.5943235,25777933.935137503,177911181.4228415,50,25,0
Z3,32,3,720,6376.0,0.04692,135890.87809,138608.0,1.0,2,5.790143,70767.696581,70767.696581,8669879.7965677,23883204.5453381,1337856.5943235,25777933.935137503,177911181.4228415,50,25,0
Z3,33,3,720,6872.0,0.074756,91925.731714,92864.0,1.0,2,5.790143,61974.667305,61974.667305,8669879.7965677,23883204.5453381,1337856.5943235,25777933.935137503,177911181.4228415,50,25,0
Z3,34,3,720,6872.0,0.05368,128017.883756,129656.0,1.0,2,5.790143,69193.097714,69193.097714,8669879.7965677,23883204.5453381,1337856.5943235,25777933.935137503,177911181.4228415,50,25,0
Z3,35,3,720,6376.0,0.030651,208019.314215,212528.0,1.0,2,5.790143,85193.383806,85193.383806,8669879.7965677,23883204.5453381,1337856.5943235,25777933.935137503,177911181.4228415,50,25,0
Z3,36,3,720,6872.0,0.036066,190539.566351,190888.0,1.0,2,5.790143,81697.434233,81697.434233,8669879.7965677,23883204.5453381,1337856.5943235,25777933.935137503,177911181.4228415,50,25,0
Z3,37,3,720,6872.0,0.055216,124456.679223,124944.0,1.0,2,5.790143,68480.856807,68480.856807,8669879.7965677,23883204.5453381,1337856.5943235,25777933.935137503,177911181.4228415,50,25,0
Z3,38,3,720,6376.0,0.059426,107293.104029,108064.0,1.0,2,5.790143,65048.141768,65048.141768,8669879.7965677,23883204.5453381,1337856.5943235,25777933.935137503,177911181.4228415,50,25,0
Z1,0,4,720,22592.0,0.179411,125923.159672,126208.0,1.0,2,8.593113,90232.773703,90232.773703,8669879.7965677,23883204.5453381,1337856.5943235,25777933.935137503,177911181.4228415,50,25,0
Z2,0,4,720,6624.0,0.17361,38154.484189,38288.0,1.0,2,8.593113,72679.038606,72679.038606,8669879.7965677,23883204.5453381,1337856.5943235,25777933.935137503,177911181.4228415,50,25,0
Z2,1,4,720,6648.0,0.038014,174882.937865,174944.0,1.0,2,8.593113,100024.729341,100024.729341,8669879.7965677,23883204.5453381,1337856.5943235,25777933.935137503,177911181.4228415,50,25,0
Z2,2,4,720,7200.0,0.060075,119850.187266,120000.0,1.0,2,8.593113,89018.179221,89018.179221,8669879.7965677,23883204.5453381,1337856.5943235,25777933.935137503,177911181.4228415,50,25,0
Z2,3,4,720,7296.0,0.036274,201135.799746,202664.0,1.0,2,8.593113,105275.301718,105275.301718,8669879.7965677,23883204.5453381,1337856.5943235,25777933.935137503,177911181.4228415,50,25,0
Z2,4,4,720,17272.0,0.055667,310273.591176,314032.0,1.0,2,8.593113,127102.860004,127102.860004,8669879.7965677,23883204.5453381,1337856.5943235,25777933.935137503,177911181.4228415,50,25,0
Z2,5,4,720,26240.0,0.069427,377950.941276,380288.0,1.0,2,8.593113,140638.330024,140638.330024,8669879.7965677,23883204.5453381,1337856.5943235,25777933.935137503,177911181.4228415,50,25,0
Z2,6,4,720,12720.0,0.053556,237508.40242,240000.0,1.0,2,8.593113,112549.822252,112549.822252,8669879.7965677,23883204.5453381,1337856.5943235,25777933.935137503,177911181.4228415,50,25,0
Z2,7,4,720,11496.0,0.060244,190823.982471,191600.0,1.0,2,8.593113,103212.938263,103212.938263,8669879.7965677,23883204.5453381,1337856.5943235,25777933.935137503,177911181.4228415,50,25,0
Z3,0,4,720,6448.0,0.134483,47946.580609,48112.0,1.0,2,8.593113,74637.45789,74637.45789,8669879.7965677,23883204.5453381,1337856.5943235,25777933.935137503,177911181.4228415,50,25,0
Z3,1,4,720,7448.0,0.027566,270187.912646,275848.0,1.0,2,8.593113,119085.724298,119085.724298,8669879.7965677,23883204.5453381,1337856.5943235,25777933.935137503,177911181.4228415,50,25,0
Z3,2,4,720,7424.0,0.026671,278354.76735,285536.0,1.0,2,8.593113,120719.095238,120719.095238,8669879.7965677,23883204.5453381,1337856.5943235,25777933.935137503,177911181.4228415,50,25,0
Z3,3,4,720,6648.0,0.031466,211275.66262,214448.0,1.0,2,8.593113,107303.274292,107303.274292,8669879.7965677,23883204.5453381,1337856.5943235,25777933.935137503,177911181.4228415,50,25,0
Z3,4,4,720,7224.0,0.038044,189885.395857,190104.0,1.0,2,8.593113,103025.22094,103025.22094,8669879.7965677,23883204.5453381,1337856.5943235,25777933.935137503,177911181.4228415,50,25,0
Z3,5,4,720,7240.0,0.032578,222235.864694,226248.0,1.0,2,8.593113,109495.314707,109495.314707,8669879.7965677,23883204.5453381,1337856.5943235,25777933.935137503,177911181.4228415,50,25,0
Z3,6,4,720,6648.0,0.056318,118043.964629,118712.0,1.0,2,8.593113,88656.934694,88656.934694,8669879.7965677,23883204.5453381,1337856.5943235,25777933.935137503,177911181.4228415,50,25,0
Z3,7,4,720,7232.0,0.037636,192156.445956,195456.0,1.0,2,8.593113,103479.43096,103479.43096,8669879.7965677,23883204.5453381,1337856.5943235,25777933.935137503,177911181.4228415,50,25,0
Z3,8,4,720,7296.0,0.066626,109506.799147,110544.0,1.0,2,8.593113,86949.501598,86949.501598,8669879.7965677,23883204.5453381,1337856.5943235,25777933.935137503,177911181.4228415,50,25,0
Z3,9,4,720,16456.0,0.067174,244975.734659,245608.0,1.0,2,8.593113,114043.2887,114043.2887,8669879.7965677,23883204.5453381,1337856.5943235,25777933.935137503,177911181.4228415,50,25,0
Z3,10,4,720,25392.0,0.044567,569748.91736,577088.0,1.0,2,8.593113,178997.92524,178997.92524,8669879.7965677,23883204.5453381,1337856.5943235,25777933.935137503,177911181.4228415,50,25,0
Z3,11,4,720,21592.0,0.065858,327856.904249,332184.0,1.0,2,8.593113,130619.522618,130619.522618,8669879.7965677,23883204.5453381,1337856.5943235,25777933.935137503,177911181.4228415,50,25,0
Z3,12,4,720,13528.0,0.037508,360669.723792,365616.0,1.0,2,8.593113,137182.086527,137182.086527,8669879.7965677,23883204.5453381,1337856.5943235,25777933.935137503,177911181.4228415,50,25,0
Z3,13,4,720,29512.0,0.04301,686166.007905,686320.0,1.0,2,8.593113,202281.343349,202281.343349,8669879.7965677,23883204.5453381,1337856.5943235,25777933.935137503,177911181.4228415,50,25,0
Z3,14,4,720,29688.0,0.068826,431348.618255,436584.0,1.0,2,8.593113,151317.865419,151317.865419,8669879.7965677,23883204.5453381,1337856.5943235,25777933.935137503,177911181.4228415,50,25,0
Z3,15,4,720,16760.0,0.039773,421391.396173,429736.0,1.0,2,8.593113,149326.421003,149326.421003,8669879.7965677,23883204.5453381,1337856.5943235,25777933.935137503,177911181.4228415,50,25,0
Z3,16,4,720,33128.0,0.071566,462901.377749,466584.0,1.0,2,8.593113,157628.417318,157628.417318,8669879.7965677,23883204.5453381,1337856.5943235,25777933.935137503,177911181.4228415,50,25,0
Z3,17,4,720,26248.0,0.058113,451671.742983,452544.0,1.0,2,8.593113,155382.490365,155382.490365,8669879.7965677,23883204.5453381,1337856.5943235,25777933.935137503,177911181.4228415,50,25,0
Z3,18,4,720,14624.0,0.045724,319832.035692,324976.0,1.0,2,8.593113,129014.548907,129014.548907,8669879.7965677,23883204.5453381,1337856.5943235,25777933.935137503,177911181.4228415,50,25,0
Z3,19,4,720,26816.0,0.066344,404196.310141,406296.0,1.0,2,8.593113,145887.403797,145887.403797,8669879.7965677,23883204.5453381,1337856.5943235,25777933.935137503,177911181.4228415,50,25,0
Z3,20,4,720,23128.0,0.060611,381580.901157,385464.0,1.0,2,8.593113,141364.322,141364.322,8669879.7965677,23883204.5453381,1337856.5943235,25777933.935137503,177911181.4228415,50,25,0
Z3,21,4,720,19440.0,0.040424,480902.434198,486000.0,1.0,2,8.593113,161228.628608,161228.628608,8669879.7965677,23883204.5453381,1337856.5943235,25777933.935137503,177911181.4228415,50,25,0
Z3,22,4,720,29088.0,0.066536,437176.866659,440720.0,1.0,2,8.593113,152483.5151,152483.5151,8669879.7965677,23883204.5453381,1337856.5943235,25777933.935137503,177911181.4228415,50,25,0
Z3,23,4,720,29840.0,0.032515,917730.278333,932496.0,1.0,2,8.593113,248594.197435,248594.197435,8669879.7965677,23883204.5453381,1337856.5943235,25777933.935137503,177911181.4228415,50,25,0
Z3,24,4,720,17200.0,0.044204,389105.058366,390904.0,1.0,2,8.593113,142869.153441,142869.153441,8669879.7965677,23883204.5453381,1337856.5943235,25777933.935137503,177911181.4228415,50,25,0
Z3,25,4,720,25664.0,0.0689,372481.857765,377408.0,1.0,2,8.593113,139544.513321,139544.513321,8669879.7965677,23883204.5453381,1337856.5943235,25777933.935137503,177911181.4228415,50,25,0
Z3,26,4,720,26808.0,0.03989,672048.132364,687384.0,1.0,2,8.593113,199457.768241,199457.768241,8669879.7965677,23883204.5453381,1337856.5943235,25777933.935137503,177911181.4228415,50,25,0
Z3,27,4,720,17472.0,0.066648,262153.402953,264720.0,1.0,2,8.593113,117478.822359,117478.822359,8669879.7965677,23883204.5453381,1337856.5943235,25777933.935137503,177911181.4228415,50,25,0
Z3,28,4,720,6448.0,0.027733,232502.794505,238808.0,1.0,2,8.593113,111548.700669,111548.700669,8669879.7965677,23883204.5453381,1337856.5943235,25777933.935137503,177911181.4228415,50,25,0
Z3,29,4,720,7200.0,0.051769,139079.371825,141176.0,1.0,2,8.593113,92864.016133,92864.016133,8669879.7965677,23883204.5453381,1337856.5943235,25777933.935137503,177911181.4228415,50,25,0
Z3,30,4,720,7520.0,0.028946,259794.099357,268568.0,1.0,2,8.593113,117006.96164,117006.96164,8669879.7965677,23883204.5453381,1337856.5943235,25777933.935137503,177911181.4228415,50,25,0
Z3,31,4,720,6728.0,0.028524,235871.546768,240280.0,1.0,2,8.593113,112222.451122,112222.451122,8669879.7965677,23883204.5453381,1337856.5943235,25777933.935137503,177911181.4228415,50,25,0
Z3,32,4,720,7224.0,0.058699,123068.536091,124544.0,1.0,2,8.593113,89661.848986,89661.848986,8669879.7965677,23883204.5453381,1337856.5943235,25777933.935137503,177911181.4228415,50,25,0
Z3,33,4,720,7256.0,0.047496,152770.759643,154376.0,1.0,2,8.593113,95602.293697,95602.293697,8669879.7965677,23883204.5453381,1337856.5943235,25777933.935137503,177911181.4228415,50,25,0
Z3,34,4,720,6544.0,0.070756,92486.856238,93480.0,1.0,2,8.593113,83545.513016,83545.513016,8669879.7965677,23883204.5453381,1337856.5943235,25777933.935137503,177911181.4228415,50,25,0
Z3,35,4,720,12272.0,0.029199,420288.36604,423168.0,1.0,2,8.593113,149105.814976,149105.814976,8669879.7965677,23883204.5453381,1337856.5943235,25777933.935137503,177911181.4228415,50,25,0
Z3,36,4,720,8544.0,0.041239,207182.5214,208384.0,1.0,2,8.593113,106484.646048,106484.646048,8669879.7965677,23883204.5453381,1337856.5943235,25777933.935137503,177911181.4228415,50,25,0
Z3,37,4,720,6424.0,0.074934,85728.774655,86808.0,1.0,2,8.593113,82193.896699,82193.896699,8669879.7965677,23883204.5453381,1337856.5943235,25777933.935137503,177911181.4228415,50,25,0
Z3,38,4,720,6872.0,0.049894,137731.991823,140240.0,1.0,2,8.593113,92594.540133,92594.540133,8669879.7965677,23883204.5453381,1337856.5943235,25777933.935137503,177911181.4228415,50,25,0
Z1,0,5,720,20272.0,0.193972,104509.929268,105032.0,1.0,2,11.315165,113496.525986,113496.525986,8669879.7965677,23883204.5453381,1337856.5943235,25777933.935137503,177911181.4228415,50,25,0
Z2,0,5,720,6624.0,0.168254,39369.049176,39424.0,1.0,2,11.315165,100468.349968,100468.349968,8669879.7965677,23883204.5453381,1337856.5943235,25777933.935137503,177911181.4228415,50,25,0
Z2,1,5,720,7616.0,0.066493,114538.37246,115392.0,1.0,2,11.315165,115502.214625,115502.214625,8669879.7965677,23883204.5453381,1337856.5943235,25777933.935137503,177911181.4228415,50,25,0
Z2,2,5,720,8792.0,0.035012,251113.903804,251200.0,1.0,2,11.315165,142817.320894,142817.320894,8669879.7965677,23883204.5453381,1337856.5943235,25777933.935137503,177911181.4228415,50,25,0
Z2,3,5,720,8816.0,0.053877,163631.976539,166336.0,1.0,2,11.315165,125320.935441,125320.935441,8669879.7965677,23883204.5453381,1337856.5943235,25777933.935137503,177911181.4228415,50,25,0
Z2,4,5,720,14976.0,0.059997,249612.480624,253824.0,1.0,2,11.315165,142517.036258,142517.036258,8669879.7965677,23883204.5453381,1337856.5943235,25777933.935137503,177911181.4228415,50,25,0
Z2,5,5,720,25312.0,0.067227,376515.388162,377784.0,1.0,2,11.315165,167897.617765,167897.617765,8669879.7965677,23883204.5453381,1337856.5943235,25777933.935137503,177911181.4228415,50,25,0
Z2,6,5,720,13208.0,0.074633,176972.652848,178480.0,1.0,2,11.315165,127989.070702,127989.070702,8669879.7965677,23883204.5453381,1337856.5943235,25777933.935137503,177911181.4228415,50,25,0
Z2,7,5,720,16320.0,0.050073,325924.15074,326400.0,1.0,2,11.315165,157779.370281,157779.370281,8669879.7965677,23883204.5453381,1337856.5943235,25777933.935137503,177911181.4228415,50,25,0
Z3,0,5,720,7712.0,0.202273,38126.690166,38176.0,1.0,2,11.315165,100219.878166,100219.878166,8669879.7965677,23883204.5453381,1337856.5943235,25777933.935137503,177911181.4228415,50,25,0
Z3,1,5,720,9624.0,0.045326,212328.464899,213864.0,1.0,2,11.315165,135060.233113,135060.233113,8669879.7965677,23883204.5453381,1337856.5943235,25777933.935137503,177911181.4228415,50,25,0
Z3,2,5,720,9096.0,0.060369,150673.358843,151600.0,1.0,2,11.315165,122729.211901,122729.211901,8669879.7965677,23883204.5453381,1337856.5943235,25777933.935137503,177911181.4228415,50,25,0
Z3,3,5,720,7632.0,0.073882,103299.856528,104544.0,1.0,2,11.315165,113254.511438,113254.511438,8669879.7965677,23883204.5453381,1337856.5943235,25777933.935137503,177911181.4228415,50,25,0
Z3,4,5,720,8304.0,0.047618,174387.836532,176680.0,1.0,2,11.315165,127472.107439,127472.107439,8669879.7965677,23883204.5453381,1337856.5943235,25777933.935137503,177911181.4228415,50,25,0
Z3,5,5,720,8504.0,0.054562,155859.389319,157480.0,1.0,2,11.315165,123766.417997,123766.417997,8669879.7965677,23883204.5453381,1337856.5943235,25777933.935137503,177911181.4228415,50,25,0
Z3,6,5,720,7384.0,0.064529,114429.17138,115368.0,1.0,2,11.315165,115480.374409,115480.374409,8669879.7965677,23883204.5453381,1337856.5943235,25777933.935137503,177911181.4228415,50,25,0
Z3,7,5,720,8968.0,0.055867,160524.101885,163048.0,1.0,2,11.315165,124699.36051,124699.36051,8669879.7965677,23883204.5453381,1337856.5943235,25777933.935137503,177911181.4228415,50,25,0
Z3,8,5,720,8912.0,0.072181,123467.394467,123776.0,1.0,2,11.315165,117288.019026,117288.019026,8669879.7965677,23883204.5453381,1337856.5943235,25777933.935137503,177911181.4228415,50,25,0
Z3,9,5,720,16688.0,0.047077,354483.08091,355056.0,1.0,2,11.315165,163491.156315,163491.156315,8669879.7965677,23883204.5453381,1337856.5943235,25777933.935137503,177911181.4228415,50,25,0
Z3,10,5,720,23832.0,0.074214,321125.39413,322048.0,1.0,2,11.315165,156819.618959,156819.618959,8669879.7965677,23883204.5453381,1337856.5943235,25777933.935137503,177911181.4228415,50,25,0
Z3,11,5,720,21144.0,0.057616,366981.394057,370944.0,1.0,2,11.315165,165990.818944,165990.818944,8669879.7965677,23883204.5453381,1337856.5943235,25777933.935137503,177911181.4228415,50,25,0
Z3,12,5,720,14272.0,0.062327,228985.832785,230192.0,1.0,2,11.315165,138391.70669,138391.70669,8669879.7965677,23883204.5453381,1337856.5943235,25777933.935137503,177911181.4228415,50,25,0
Z3,13,5,720,27640.0,0.074133,372843.403073,373512.0,1.0,2,11.315165,167163.220747,167163.220747,8669879.7965677,23883204.5453381,1337856.5943235,25777933.935137503,177911181.4228415,50,25,0
Z3,14,5,720,33288.0,0.047126,706361.668718,708248.0,1.0,2,11.315165,233866.873876,233866.873876,8669879.7965677,23883204.5453381,1337856.5943235,25777933.935137503,177911181.4228415,50,25,0
Z3,15,5,720,17576.0,0.042844,410232.471291,418472.0,1.0,2,11.315165,174641.034391,174641.034391,8669879.7965677,23883204.5453381,1337856.5943235,25777933.935137503,177911181.4228415,50,25,0
Z3,16,5,720,34872.0,0.063987,544985.70022,553520.0,1.0,2,11.315165,201591.680177,201591.680177,8669879.7965677,23883204.5453381,1337856.5943235,25777933.935137503,177911181.4228415,50,25,0
Z3,17,5,720,27336.0,0.073399,372430.1421,374464.0,1.0,2,11.315165,167080.568553,167080.568553,8669879.7965677,23883204.5453381,1337856.5943235,25777933.935137503,177911181.4228415,50,25,0
Z3,18,5,720,18312.0,0.030692,596637.560276,610400.0,1.0,2,11.315165,211922.052188,211922.052188,8669879.7965677,23883204.5453381,1337856.5943235,25777933.935137503,177911181.4228415,50,25,0
Z3,19,5,720,41432.0,0.067159,616924.016141,618384.0,1.0,2,11.315165,215979.343361,215979.343361,8669879.7965677,23883204.5453381,1337856.5943235,25777933.935137503,177911181.4228415,50,25,0
Z3,20,5,720,36760.0,0.039349,934204.172914,942560.0,1.0,2,11.315165,279435.374716,279435.374716,8669879.7965677,23883204.5453381,1337856.5943235,25777933.935137503,177911181.4228415,50,25,0
Z3,21,5,720,21272.0,0.072114,294977.396899,295440.0,1.0,2,11.315165,151590.019513,151590.019513,8669879.7965677,23883204.5453381,1337856.5943235,25777933.935137503,177911181.4228415,50,25,0
Z3,22,5,720,43464.0,0.075591,574989.086002,579520.0,1.0,2,11.315165,207592.357333,207592.357333,8669879.7965677,23883204.5453381,1337856.5943235,25777933.935137503,177911181.4228415,50,25,0
Z3,23,5,720,42000.0,0.048057,873962.169923,875000.0,1.0,2,11.315165,267386.974117,267386.974117,8669879.7965677,23883204.5453381,1337856.5943235,25777933.935137503,177911181.4228415,50,25,0
Z3,24,5,720,20304.0,0.06575,308806.08365,312368.0,1.0,2,11.315165,154355.756863,154355.756863,8669879.7965677,23883204.5453381,1337856.5943235,25777933.935137503,177911181.4228415,50,25,0
Z3,25,5,720,32736.0,0.068258,479592.13572,481408.0,1.0,2,11.315165,188512.967277,188512.967277,8669879.7965677,23883204.5453381,1337856.5943235,25777933.935137503,177911181.4228415,50,25,0
Z3,26,5,720,34608.0,0.055661,621763.892133,629232.0,1.0,2,11.315165,216947.318559,216947.318559,8669879.7965677,23883204.5453381,1337856.5943235,25777933.935137503,177911181.4228415,50,25,0
Z3,27,5,720,21272.0,0.049717,427861.697206,434120.0,1.0,2,11.315165,178166.879574,178166.879574,8669879.7965677,23883204.5453381,1337856.5943235,25777933.935137503,177911181.4228415,50,25,0
Z3,28,5,720,8752.0,0.040695,215063.275587,218800.0,1.0,2,11.315165,135607.19525,135607.19525,8669879.7965677,23883204.5453381,1337856.5943235,25777933.935137503,177911181.4228415,50,25,0
Z3,29,5,720,12760.0,0.030854,413560.640436,425328.0,1.0,2,11.315165,175306.66822,175306.66822,8669879.7965677,23883204.5453381,1337856.5943235,25777933.935137503,177911181.4228415,50,25,0
Z3,30,5,720,15440.0,0.064921,237827.513439,241248.0,1.0,2,11.315165,140160.042821,140160.042821,8669879.7965677,23883204.5453381,1337856.5943235,25777933.935137503,177911181.4228415,50,25,0
Z3,31,5,720,10000.0,0.04389,227842.333105,232552.0,1.0,2,11.315165,138163.006754,138163.006754,8669879.7965677,23883204.5453381,1337856.5943235,25777933.935137503,177911181.4228415,50,25,0
Z3,32,5,720,15200.0,0.072186,210567.145984,211104.0,1.0,2,11.315165,134707.96933,134707.96933,8669879.7965677,23883204.5453381,1337856.5943235,25777933.935137503,177911181.4228415,50,25,0
Z3,33,5,720,18352.0,0.055626,329917.664402,333672.0,1.0,2,11.315165,158578.073013,158578.073013,8669879.7965677,23883204.5453381,1337856.5943235,25777933.935137503,177911181.4228415,50,25,0
Z3,34,5,720,11224.0,0.040505,277101.592396,280600.0,1.0,2,11.315165,148014.858612,148014.858612,8669879.7965677,23883204.5453381,1337856.5943235,25777933.935137503,177911181.4228415,50,25,0
Z3,35,5,720,23240.0,0.075893,306220.600055,309864.0,1.0,2,11.315165,153838.660144,153838.660144,8669879.7965677,23883204.5453381,1337856.5943235,25777933.935137503,177911181.4228415,50,25,0
Z3,36,5,720,16824.0,0.041322,407143.894294,410336.0,1.0,2,11.315165,174023.318992,174023.318992,8669879.7965677,23883204.5453381,1337856.5943235,25777933.935137503,177911181.4228415,50,25,0
Z3,37,5,720,9680.0,0.071967,134506.09307,136336.0,1.0,2,11.315165,119495.758747,119495.758747,8669879.7965677,23883204.5453381,1337856.5943235,25777933.935137503,177911181.4228415,50,25,0
Z3,38,5,720,12888.0,0.069753,184766.246613,186776.0,1.0,2,11.315165,129547.789455,129547.789455,8669879.7965677,23883204.5453381,1337856.5943235,25777933.935137503,177911181.4228415,50,25,0
Z1,0,6,720,7488.0,0.16317,45890.788748,45936.0,1.0,2,14.490982,118834.203714,118834.203714,8669879.7965677,23883204.5453381,1337856.5943235,25777933.935137503,177911181.4228415,50,25,0
Z2,0,6,720,6624.0,0.193417,34247.248174,34320.0,1.0,2,14.490982,116505.495599,116505.495599,8669879.7965677,23883204.5453381,1337856.5943235,25777933.935137503,177911181.4228415,50,25,0
Z2,1,6,720,6768.0,0.054548,124074.20987,125328.0,1.0,2,14.490982,134470.887938,134470.887938,8669879.7965677,23883204.5453381,1337856.5943235,25777933.935137503,177911181.4228415,50,25,0
Z2,2,6,720,7752.0,0.071284,108748.106167,109176.0,1.0,2,14.490982,131405.667197,131405.667197,8669879.7965677,23883204.5453381,1337856.5943235,25777933.935137503,177911181.4228415,50,25,0
Z2,3,6,720,10768.0,0.058113,185294.168258,185648.0,1.0,2,14.490982,146714.879616,146714.879616,8669879.7965677,23883204.5453381,1337856.5943235,25777933.935137503,177911181.4228415,50,25,0
Z2,4,6,720,14912.0,0.055304,269636.915955,271120.0,1.0,2,14.490982,163583.429155,163583.429155,8669879.7965677,23883204.5453381,1337856.5943235,25777933.935137503,177911181.4228415,50,25,0
Z2,5,6,720,14376.0,0.075651,190030.534957,191680.0,1.0,2,14.490982,147662.152955,147662.152955,8669879.7965677,23883204.5453381,1337856.5943235,25777933.935137503,177911181.4228415,50,25,0
Z2,6,6,720,7176.0,0.070217,102197.473546,102512.0,1.0,2,14.490982,130095.540673,130095.540673,8669879.7965677,23883204.5453381,1337856.5943235,25777933.935137503,177911181.4228415,50,25,0
Z2,7,6,720,8768.0,0.071758,122188.466791,123488.0,1.0,2,14.490982,134093.739322,134093.739322,8669879.7965677,23883204.5453381,1337856.5943235,25777933.935137503,177911181.4228415,50,25,0
Z3,0,6,720,6760.0,0.168557,40105.127642,40232.0,1.0,2,14.490982,117677.071493,117677.071493,8669879.7965677,23883204.5453381,1337856.5943235,25777933.935137503,177911181.4228415,50,25,0
Z3,1,6,720,8320.0,0.038548,215834.803362,218944.0,1.0,2,14.490982,152823.006637,152823.006637,8669879.7965677,23883204.5453381,1337856.5943235,25777933.935137503,177911181.4228415,50,25,0
Z3,2,6,720,7800.0,0.07798,100025.647602,101296.0,1.0,2,14.490982,129661.175484,129661.175484,8669879.7965677,23883204.5453381,1337856.5943235,25777933.935137503,177911181.4228415,50,25,0
Z3,3,6,720,6928.0,0.040796,169820.570644,173200.0,1.0,2,14.490982,143620.160093,143620.160093,8669879.7965677,23883204.5453381,1337856.5943235,25777933.935137503,177911181.4228415,50,25,0
Z3,4,6,720,7472.0,0.06088,122733.245729,124528.0,1.0,2,14.490982,134202.69511,134202.69511,8669879.7965677,23883204.5453381,1337856.5943235,25777933.935137503,177911181.4228415,50,25,0
Z3,5,6,720,7416.0,0.06315,117434.679335,117712.0,1.0,2,14.490982,133142.981831,133142.981831,8669879.7965677,23883204.5453381,1337856.5943235,25777933.935137503,177911181.4228415,50,25,0
Z3,6,6,720,6760.0,0.075214,89876.884623,90128.0,1.0,2,14.490982,127631.422889,127631.422889,8669879.7965677,23883204.5453381,1337856.5943235,25777933.935137503,177911181.4228415,50,25,0
Z3,7,6,720,7600.0,0.035435,214477.211796,217136.0,1.0,2,14.490982,152551.488323,152551.488323,8669879.7965677,23883204.5453381,1337856.5943235,25777933.935137503,177911181.4228415,50,25,0
Z3,8,6,720,7600.0,0.048333,157242.463741,158328.0,1.0,2,14.490982,141104.538712,141104.538712,8669879.7965677,23883204.5453381,1337856.5943235,25777933.935137503,177911181.4228415,50,25,0
Z3,9,6,720,12912.0,0.073554,175544.49792,176872.0,1.0,2,14.490982,144764.945548,144764.945548,8669879.7965677,23883204.5453381,1337856.5943235,25777933.935137503,177911181.4228415,50,25,0
Z3,10,6,720,17552.0,0.061563,285106.313857,287736.0,1.0,2,14.490982,166677.308736,166677.308736,8669879.7965677,23883204.5453381,1337856.5943235,25777933.935137503,177911181.4228415,50,25,0
Z3,11,6,720,14968.0,0.052808,283441.902742,287840.0,1.0,2,14.490982,166344.426513,166344.426513,8669879.7965677,23883204.5453381,1337856.5943235,25777933.935137503,177911181.4228415,50,25,0
Z3,12,6,720,10336.0,0.06637,155733.011903,156600.0,1.0,2,14.490982,140802.648345,140802.648345,8669879.7965677,23883204.5453381,1337856.5943235,25777933.935137503,177911181.4228415,50,25,0
Z3,13,6,720,18344.0,0.026608,689416.716777,705536.0,1.0,2,14.490982,247539.389319,247539.389319,8669879.7965677,23883204.5453381,1337856.5943235,25777933.935137503,177911181.4228415,50,25,0
Z3,14,6,720,20456.0,0.030124,679059.885805,681864.0,1.0,2,14.490982,245468.023125,245468.023125,8669879.7965677,23883204.5453381,1337856.5943235,25777933.935137503,177911181.4228415,50,25,0
Z3,15,6,720,12480.0,0.066369,188039.5968,189088.0,1.0,2,14.490982,147263.965324,147263.965324,8669879.7965677,23883204.5453381,1337856.5943235,25777933.935137503,177911181.4228415,50,25,0
Z3,16,6,720,18912.0,0.054978,343992.142311,350216.0,1.0,2,14.490982,178454.474426,178454.474426,8669879.7965677,23883204.5453381,1337856.5943235,25777933.935137503,177911181.4228415,50,25,0
Z3,17,6,720,16112.0,0.068261,236035.217767,236936.0,1.0,2,14.490982,156863.089518,156863.089518,8669879.7965677,23883204.5453381,1337856.5943235,25777933.935137503,177911181.4228415,50,25,0
Z3,18,6,720,17456.0,0.027843,626943.935639,646512.0,1.0,2,14.490982,235044.833092,235044.833092,8669879.7965677,23883204.5453381,1337856.5943235,25777933.935137503,177911181.4228415,50,25,0
Z3,19,6,720,16088.0,0.053353,301538.807565,303544.0,1.0,2,14.490982,169963.807477,169963.807477,8669879.7965677,23883204.5453381,1337856.5943235,25777933.935137503,177911181.4228415,50,25,0
Z3,20,6,720,31984.0,0.057414,557076.671195,561120.0,1.0,2,14.490982,221071.380203,221071.380203,8669879.7965677,23883204.5453381,1337856.5943235,25777933.935137503,177911181.4228415,50,25,0
Z3,21,6,720,21472.0,0.0665,322887.218045,325328.0,1.0,2,14.490982,174233.489573,174233.489573,8669879.7965677,23883204.5453381,1337856.5943235,25777933.935137503,177911181.4228415,50,25,0
Z3,22,6,720,19320.0,0.057821,334134.656959,338944.0,1.0,2,14.490982,176482.977356,176482.977356,8669879.7965677,23883204.5453381,1337856.5943235,25777933.935137503,177911181.4228415,50,25,0
Z3,23,6,720,33040.0,0.061972,533144.000516,541632.0,1.0,2,14.490982,216284.846067,216284.846067,8669879.7965677,23883204.5453381,1337856.5943235,25777933.935137503,177911181.4228415,50,25,0
Z3,24,6,720,26472.0,0.046992,563329.928498,575472.0,1.0,2,14.490982,222322.031664,222322.031664,8669879.7965677,23883204.5453381,1337856.5943235,25777933.935137503,177911181.4228415,50,25,0
Z3,25,6,720,12984.0,0.047045,275991.072378,276248.0,1.0,2,14.490982,164854.26044,164854.26044,8669879.7965677,23883204.5453381,1337856.5943235,25777933.935137503,177911181.4228415,50,25,0
Z3,26,6,720,21128.0,0.072834,290084.301288,293440.0,1.0,2,14.490982,167672.906222,167672.906222,8669879.7965677,23883204.5453381,1337856.5943235,25777933.935137503,177911181.4228415,50,25,0
Z3,27,6,720,21576.0,0.063836,337991.102199,342472.0,1.0,2,14.490982,177254.266404,177254.266404,8669879.7965677,23883204.5453381,1337856.5943235,25777933.935137503,177911181.4228415,50,25,0
Z3,28,6,720,9568.0,0.068853,138962.717674,140704.0,1.0,2,14.490982,137448.589499,137448.589499,8669879.7965677,23883204.5453381,1337856.5943235,25777933.935137503,177911181.4228415,50,25,0
Z3,29,6,720,12800.0,0.070628,181231.239735,182856.0,1.0,2,14.490982,145902.293911,145902.293911,8669879.7965677,23883204.5453381,1337856.5943235,25777933.935137503,177911181.4228415,50,25,0
Z3,30,6,720,7048.0,0.040797,172757.800819,176200.0,1.0,2,14.490982,144207.606128,144207.606128,8669879.7965677,23883204.5453381,1337856.5943235,25777933.935137503,177911181.4228415,50,25,0
Z3,31,6,720,8656.0,0.026592,325511.43201,332920.0,1.0,2,14.490982,174758.332366,174758.332366,8669879.7965677,23883204.5453381,1337856.5943235,25777933.935137503,177911181.4228415,50,25,0
Z3,32,6,720,9488.0,0.075761,125235.939336,126504.0,1.0,2,14.490982,134703.233831,134703.233831,8669879.7965677,23883204.5453381,1337856.5943235,25777933.935137503,177911181.4228415,50,25,0
Z3,33,6,720,8424.0,0.071925,117122.002086,118640.0,1.0,2,14.490982,133080.446381,133080.446381,8669879.7965677,23883204.5453381,1337856.5943235,25777933.935137503,177911181.4228415,50,25,0
Z3,34,6,720,9328.0,0.043408,214891.264283,216928.0,1.0,2,14.490982,152634.298821,152634.298821,8669879.7965677,23883204.5453381,1337856.5943235,25777933.935137503,177911181.4228415,50,25,0
Z3,35,6,720,8680.0,0.05899,147143.583658,149648.0,1.0,2,14.490982,139084.762696,139084.762696,8669879.7965677,23883204.5453381,1337856.5943235,25777933.935137503,177911181.4228415,50,25,0
Z3,36,6,720,7160.0,0.066911,107007.816353,108480.0,1.0,2,14.490982,131057.609235,131057.609235,8669879.7965677,23883204.5453381,1337856.5943235,25777933.935137503,177911181.4228415,50,25,0
Z3,37,6,720,10360.0,0.047175,219607.843137,220424.0,1.0,2,14.490982,153577.614592,153577.614592,8669879.7965677,23883204.5453381,1337856.5943235,25777933.935137503,177911181.4228415,50,25,0
Z3,38,6,720,9048.0,0.068757,131593.874078,133056.0,1.0,2,14.490982,135974.82078,135974.82078,8669879.7965677,23883204.5453381,1337856.5943235,25777933.935137503,177911181.4228415,50,25,0
Z1,0,7,720,14352.0,0.206715,69428.923881,69664.0,1.0,2,17.616538,126162.828085,126162.828085,8669879.7965677,23883204.5453381,1337856.5943235,25777933.935137503,177911181.4228415,50,25,0
Z2,0,7,720,6624.0,0.170066,38949.584279,38960.0,1.0,2,17.616538,120066.960164,120066.960164,8669879.7965677,23883204.5453381,1337856.5943235,25777933.935137503,177911181.4228415,50,25,0
Z2,1,7,720,6792.0,0.047646,142551.315955,144504.0,1.0,2,17.616538,140787.3065,140787.3065,8669879.7965677,23883204.5453381,1337856.5943235,25777933.935137503,177911181.4228415,50,25,0
Z2,2,7,720,7408.0,0.040011,185149.084002,185200.0,1.0,2,17.616538,149306.860109,149306.860109,8669879.7965677,23883204.5453381,1337856.5943235,25777933.935137503,177911181.4228415,50,25,0
Z2,3,7,720,7464.0,0.035162,212274.614641,213256.0,1.0,2,17.616538,154731.966237,154731.966237,8669879.7965677,23883204.5453381,1337856.5943235,25777933.935137503,177911181.4228415,50,25,0
Z2,4,7,720,10144.0,0.059338,170952.846405,171928.0,1.0,2,17.616538,146467.61259,146467.61259,8669879.7965677,23883204.5453381,1337856.5943235,25777933.935137503,177911181.4228415,50,25,0
Z2,5,7,720,16856.0,0.04095,411623.931624,421400.0,1.0,2,17.616538,194601.829633,194601.829633,8669879.7965677,23883204.5453381,1337856.5943235,25777933.935137503,177911181.4228415,50,25,0
Z2,6,7,720,9672.0,0.047536,203466.84618,205784.0,1.0,2,17.616538,152970.412544,152970.412544,8669879.7965677,23883204.5453381,1337856.5943235,25777933.935137503,177911181.4228415,50,25,0
Z2,7,7,720,13368.0,0.028835,463603.259927,477424.0,1.0,2,17.616538,204997.695294,204997.695294,8669879.7965677,23883204.5453381,1337856.5943235,25777933.935137503,177911181.4228415,50,25,0
Z3,0,7,720,6656.0,0.198594,33515.614772,33616.0,1.0,2,17.616538,118980.166263,118980.166263,8669879.7965677,23883204.5453381,1337856.5943235,25777933.935137503,177911181.4228415,50,25,0
Z3,1,7,720,7664.0,0.05145,148960.155491,150272.0,1.0,2,17.616538,142069.074407,142069.074407,8669879.7965677,23883204.5453381,1337856.5943235,25777933.935137503,177911181.4228415,50,25,0
Z3,2,7,720,7664.0,0.038256,200334.588038,201680.0,1.0,2,17.616538,152343.960916,152343.960916,8669879.7965677,23883204.5453381,1337856.5943235,25777933.935137503,177911181.4228415,50,25,0
Z3,3,7,720,6920.0,0.044632,155045.707116,157272.0,1.0,2,17.616538,143286.184732,143286.184732,8669879.7965677,23883204.5453381,1337856.5943235,25777933.935137503,177911181.4228415,50,25,0
Z3,4,7,720,7504.0,0.054102,138700.972238,138960.0,1.0,2,17.616538,140017.237756,140017.237756,8669879.7965677,23883204.5453381,1337856.5943235,25777933.935137503,177911181.4228415,50,25,0
Z3,5,7,720,7480.0,0.050604,147814.402024,149600.0,1.0,2,17.616538,141839.923713,141839.923713,8669879.7965677,23883204.5453381,1337856.5943235,25777933.935137503,177911181.4228415,50,25,0
Z3,6,7,720,6728.0,0.06898,97535.517541,98936.0,1.0,2,17.616538,131784.146817,131784.146817,8669879.7965677,23883204.5453381,1337856.5943235,25777933.935137503,177911181.4228415,50,25,0
Z3,7,7,720,7632.0,0.032892,232032.105071,238496.0,1.0,2,17.616538,158683.464323,158683.464323,8669879.7965677,23883204.5453381,1337856.5943235,25777933.935137503,177911181.4228415,50,25,0
Z3,8,7,720,7392.0,0.070854,104327.208062,105600.0,1.0,2,17.616538,133142.484921,133142.484921,8669879.7965677,23883204.5453381,1337856.5943235,25777933.935137503,177911181.4228415,50,25,0
Z3,9,7,720,12800.0,0.053837,237754.704014,241504.0,1.0,2,17.616538,159827.984111,159827.984111,8669879.7965677,23883204.5453381,1337856.5943235,25777933.935137503,177911181.4228415,50,25,0
Z3,10,7,720,16760.0,0.070575,237477.860432,239424.0,1.0,2,17.616538,159772.615395,159772.615395,8669879.7965677,23883204.5453381,1337856.5943235,25777933.935137503,177911181.4228415,50,25,0
Z3,11,7,720,14104.0,0.068772,205083.464201,207408.0,1.0,2,17.616538,153293.736149,153293.736149,8669879.7965677,23883204.5453381,1337856.5943235,25777933.935137503,177911181.4228415,50,25,0
Z3,12,7,720,9704.0,0.072573,133713.640059,134776.0,1.0,2,17.616538,139019.77132,139019.77132,8669879.7965677,23883204.5453381,1337856.5943235,25777933.935137503,177911181.4228415,50,25,0
Z3,13,7,720,17248.0,0.02907,593326.453388,594752.0,1.0,2,17.616538,230942.333986,230942.333986,8669879.7965677,23883204.5453381,1337856.5943235,25777933.935137503,177911181.4228415,50,25,0
Z3,14,7,720,21552.0,0.059149,364367.952121,365288.0,1.0,2,17.616538,185150.633733,185150.633733,8669879.7965677,23883204.5453381,1337856.5943235,25777933.935137503,177911181.4228415,50,25,0
Z3,15,7,720,16688.0,0.032306,516560.391259,521496.0,1.0,2,17.616538,215589.12156,215589.12156,8669879.7965677,23883204.5453381,1337856.5943235,25777933.935137503,177911181.4228415,50,25,0
Z3,16,7,720,23312.0,0.073226,318356.867779,319336.0,1.0,2,17.616538,175948.416864,175948.416864,8669879.7965677,23883204.5453381,1337856.5943235,25777933.935137503,177911181.4228415,50,25,0
Z3,17,7,720,14952.0,0.060706,246301.848252,249200.0,1.0,2,17.616538,161537.412959,161537.412959,8669879.7965677,23883204.5453381,1337856.5943235,25777933.935137503,177911181.4228415,50,25,0
Z3,18,7,720,23928.0,0.075456,317111.959288,319040.0,1.0,2,17.616538,175699.435166,175699.435166,8669879.7965677,23883204.5453381,1337856.5943235,25777933.935137503,177911181.4228415,50,25,0
Z3,19,7,720,29544.0,0.054757,539547.45512,547104.0,1.0,2,17.616538,220186.534332,220186.534332,8669879.7965677,23883204.5453381,1337856.5943235,25777933.935137503,177911181.4228415,50,25,0
Z3,20,7,720,31920.0,0.048924,652440.51999,665000.0,1.0,2,17.616538,242765.147307,242765.147307,8669879.7965677,23883204.5453381,1337856.5943235,25777933.935137503,177911181.4228415,50,25,0
Z3,21,7,720,15096.0,0.027785,543314.738168,559104.0,1.0,2,17.616538,220939.990942,220939.990942,8669879.7965677,23883204.5453381,1337856.5943235,25777933.935137503,177911181.4228415,50,25,0
Z3,22,7,720,22296.0,0.06627,336441.828882,337816.0,1.0,2,17.616538,179565.409085,179565.409085,8669879.7965677,23883204.5453381,1337856.5943235,25777933.935137503,177911181.4228415,50,25,0
Z3,23,7,720,24272.0,0.075136,323040.88586,323624.0,1.0,2,17.616538,176885.220481,176885.220481,8669879.7965677,23883204.5453381,1337856.5943235,25777933.935137503,177911181.4228415,50,25,0
Z3,24,7,720,13368.0,0.065444,204266.242895,205656.0,1.0,2,17.616538,153130.291887,153130.291887,8669879.7965677,23883204.5453381,1337856.5943235,25777933.935137503,177911181.4228415,50,25,0
Z3,25,7,720,21768.0,0.039765,547416.069408,558152.0,1.0,2,17.616538,221760.25719,221760.25719,8669879.7965677,23883204.5453381,1337856.5943235,25777933.935137503,177911181.4228415,50,25,0
Z3,26,7,720,21680.0,0.072544,298853.109837,301104.0,1.0,2,17.616538,172047.665276,172047.665276,8669879.7965677,23883204.5453381,1337856.5943235,25777933.935137503,177911181.4228415,50,25,0
Z3,27,7,720,15008.0,0.041023,365843.551179,366048.0,1.0,2,17.616538,185445.753544,185445.753544,8669879.7965677,23883204.5453381,1337856.5943235,25777933.935137503,177911181.4228415,50,25,0
Z3,28,7,720,13424.0,0.037676,356301.093534,362808.0,1.0,2,17.616538,183537.262015,183537.262015,8669879.7965677,23883204.5453381,1337856.5943235,25777933.935137503,177911181.4228415,50,25,0
Z3,29,7,720,8064.0,0.037869,212944.624891,217944.0,1.0,2,17.616538,154865.968287,154865.968287,8669879.7965677,23883204.5453381,1337856.5943235,25777933.935137503,177911181.4228415,50,25,0
Z3,30,7,720,9424.0,0.034797,270827.944938,277176.0,1.0,2,17.616538,166442.632296,166442.632296,8669879.7965677,23883204.5453381,1337856.5943235,25777933.935137503,177911181.4228415,50,25,0
Z3,31,7,720,7368.0,0.06098,120826.500492,122800.0,1.0,2,17.616538,136442.343407,136442.343407,8669879.7965677,23883204.5453381,1337856.5943235,25777933.935137503,177911181.4228415,50,25,0
Z3,32,7,720,8792.0,0.049388,178018.951972,179424.0,1.0,2,17.616538,147880.833703,147880.833703,8669879.7965677,23883204.5453381,1337856.5943235,25777933.935137503,177911181.4228415,50,25,0
Z3,33,7,720,8568.0,0.029043,295010.845987,295448.0,1.0,2,17.616538,171279.212506,171279.212506,8669879.7965677,23883204.5453381,1337856.5943235,25777933.935137503,177911181.4228415,50,25,0
Z3,34,7,720,7064.0,0.031738,222572.310795,227864.0,1.0,2,17.616538,156791.505467,156791.505467,8669879.7965677,23883204.5453381,1337856.5943235,25777933.935137503,177911181.4228415,50,25,0
Z3,35,7,720,10104.0,0.063243,159764.717044,160376.0,1.0,2,17.616538,144229.986717,144229.986717,8669879.7965677,23883204.5453381,1337856.5943235,25777933.935137503,177911181.4228415,50,25,0
Z3,36,7,720,8640.0,0.026202,329745.82093,332304.0,1.0,2,17.616538,178226.207494,178226.207494,8669879.7965677,23883204.5453381,1337856.5943235,25777933.935137503,177911181.4228415,50,25,0
Z3,37,7,720,7168.0,0.039388,181984.360719,183792.0,1.0,2,17.616538,148673.915452,148673.915452,8669879.7965677,23883204.5453381,1337856.5943235,25777933.935137503,177911181.4228415,50,25,0
Z3,38,7,720,8160.0,0.069029,118211.186603,118256.0,1.0,2,17.616538,135919.280629,135919.280629,8669879.7965677,23883204.5453381,1337856.5943235,25777933.935137503,177911181.4228415,50,25,0
Z1,0,8,720,7744.0,0.222944,34735.180135,34880.0,1.0,2,20.477138,121407.69585,121407.69585,8669879.7965677,23883204.5453381,1337856.5943235,25777933.935137503,177911181.4228415,50,25,0
Z2,0,8,720,6624.0,0.167111,39638.324228,39664.0,1.0,2,20.477138,122388.324669,122388.324669,8669879.7965677,23883204.5453381,1337856.5943235,25777933.935137503,177911181.4228415,50,25,0
Z2,1,8,720,6968.0,0.068323,101986.154004,102464.0,1.0,2,20.477138,134857.890624,134857.890624,8669879.7965677,23883204.5453381,1337856.5943235,25777933.935137503,177911181.4228415,50,25,0
Z2,2,8,720,7968.0,0.06059,131506.849315,132800.0,1.0,2,20.477138,140762.029686,140762.029686,8669879.7965677,23883204.5453381,1337856.5943235,25777933.935137503,177911181.4228415,50,25,0
Z2,3,8,720,12752.0,0.065264,195391.027213,196184.0,1.0,2,20.477138,153538.865266,153538.865266,8669879.7965677,23883204.5453381,1337856.5943235,25777933.935137503,177911181.4228415,50,25,0
Z2,4,8,720,18720.0,0.041648,449481.367653,456584.0,1.0,2,20.477138,204356.933354,204356.933354,8669879.7965677,23883204.5453381,1337856.5943235,25777933.935137503,177911181.4228415,50,25,0
Z2,5,8,720,25648.0,0.07585,338141.067897,341968.0,1.0,2,20.477138,182088.873403,182088.873403,8669879.7965677,23883204.5453381,1337856.5943235,25777933.935137503,177911181.4228415,50,25,0
Z2,6,8,720,9784.0,0.043125,226875.362319,227528.0,1.0,2,20.477138,159835.732287,159835.732287,8669879.7965677,23883204.5453381,1337856.5943235,25777933.935137503,177911181.4228415,50,25,0
Z2,7,8,720,13192.0,0.052579,250898.647749,253688.0,1.0,2,20.477138,164640.389373,164640.389373,8669879.7965677,23883204.5453381,1337856.5943235,25777933.935137503,177911181.4228415,50,25,0
Z3,0,8,720,6768.0,0.22046,30699.446612,30760.0,1.0,2,20.477138,120600.549146,120600.549146,8669879.7965677,23883204.5453381,1337856.5943235,25777933.935137503,177911181.4228415,50,25,0
Z3,1,8,720,8032.0,0.037278,215462.202908,217080.0,1.0,2,20.477138,157553.100405,157553.100405,8669879.7965677,23883204.5453381,1337856.5943235,25777933.935137503,177911181.4228415,50,25,0
Z3,2,8,720,7872.0,0.070605,111493.520289,112456.0,1.0,2,20.477138,136759.363881,136759.363881,8669879.7965677,23883204.5453381,1337856.5943235,25777933.935137503,177911181.4228415,50,25,0
Z3,3,8,720,7024.0,0.066659,105372.117794,106424.0,1.0,2,20.477138,135535.083382,135535.083382,8669879.7965677,23883204.5453381,1337856.5943235,25777933.935137503,177911181.4228415,50,25,0
Z3,4,8,720,7816.0,0.051464,151873.154049,153248.0,1.0,2,20.477138,144835.290633,144835.290633,8669879.7965677,23883204.5453381,1337856.5943235,25777933.935137503,177911181.4228415,50,25,0
Z3,5,8,720,7936.0,0.037365,212391.275258,214480.0,1.0,2,20.477138,156938.914875,156938.914875,8669879.7965677,23883204.5453381,1337856.5943235,25777933.935137503,177911181.4228415,50,25,0
Z3,6,8,720,6928.0,0.06148,112687.0527,113568.0,1.0,2,20.477138,136998.070363,136998.070363,8669879.7965677,23883204.5453381,1337856.5943235,25777933.935137503,177911181.4228415,50,25,0
Z3,7,8,720,8048.0,0.041825,192420.800956,196288.0,1.0,2,20.477138,152944.820015,152944.820015,8669879.7965677,23883204.5453381,1337856.5943235,25777933.935137503,177911181.4228415,50,25,0
Z3,8,8,720,7664.0,0.055584,137881.404721,139344.0,1.0,2,20.477138,142036.940768,142036.940768,8669879.7965677,23883204.5453381,1337856.5943235,25777933.935137503,177911181.4228415,50,25,0
Z3,9,8,720,14248.0,0.052484,271473.210883,274000.0,1.0,2,20.477138,168755.302,168755.302,8669879.7965677,23883204.5453381,1337856.5943235,25777933.935137503,177911181.4228415,50,25,0
Z3,10,8,720,19448.0,0.035646,545587.162655,555656.0,1.0,2,20.477138,223578.092354,223578.092354,8669879.7965677,23883204.5453381,1337856.5943235,25777933.935137503,177911181.4228415,50,25,0
Z3,11,8,720,17344.0,0.056168,308787.921948,309712.0,1.0,2,20.477138,176218.244213,176218.244213,8669879.7965677,23883204.5453381,1337856.5943235,25777933.935137503,177911181.4228415,50,25,0
Z3,12,8,720,11952.0,0.067394,177345.164258,178384.0,1.0,2,20.477138,149929.692675,149929.692675,8669879.7965677,23883204.5453381,1337856.5943235,25777933.935137503,177911181.4228415,50,25,0
Z3,13,8,720,25224.0,0.052168,483514.798344,485072.0,1.0,2,20.477138,211163.619492,211163.619492,8669879.7965677,23883204.5453381,1337856.5943235,25777933.935137503,177911181.4228415,50,25,0
Z3,14,8,720,35992.0,0.05036,714694.201747,719840.0,1.0,2,20.477138,257399.500173,257399.500173,8669879.7965677,23883204.5453381,1337856.5943235,25777933.935137503,177911181.4228415,50,25,0
Z3,15,8,720,20016.0,0.041885,477879.909275,488192.0,1.0,2,20.477138,210036.641678,210036.641678,8669879.7965677,23883204.5453381,1337856.5943235,25777933.935137503,177911181.4228415,50,25,0
Z3,16,8,720,36432.0,0.061807,589447.797175,597240.0,1.0,2,20.477138,232350.219258,232350.219258,8669879.7965677,23883204.5453381,1337856.5943235,25777933.935137503,177911181.4228415,50,25,0
Z3,17,8,720,22472.0,0.073712,304862.166269,307832.0,1.0,2,20.477138,175433.093077,175433.093077,8669879.7965677,23883204.5453381,1337856.5943235,25777933.935137503,177911181.4228415,50,25,0
Z3,18,8,720,21736.0,0.061046,356059.365069,356320.0,1.0,2,20.477138,185672.532837,185672.532837,8669879.7965677,23883204.5453381,1337856.5943235,25777933.935137503,177911181.4228415,50,25,0
Z3,19,8,720,16848.0,0.063037,267271.602392,267424.0,1.0,2,20.477138,167914.980302,167914.980302,8669879.7965677,23883204.5453381,1337856.5943235,25777933.935137503,177911181.4228415,50,25,0
Z3,20,8,720,47160.0,0.07018,671986.320889,673712.0,1.0,2,20.477138,248857.924001,248857.924001,8669879.7965677,23883204.5453381,1337856.5943235,25777933.935137503,177911181.4228415,50,25,0
Z3,21,8,720,39472.0,0.073437,537494.723368,540712.0,1.0,2,20.477138,221959.604497,221959.604497,8669879.7965677,23883204.5453381,1337856.5943235,25777933.935137503,177911181.4228415,50,25,0
Z3,22,8,720,26968.0,0.073978,364540.80943,369424.0,1.0,2,20.477138,187368.821709,187368.821709,8669879.7965677,23883204.5453381,1337856.5943235,25777933.935137503,177911181.4228415,50,25,0
Z3,23,8,720,39776.0,0.057516,691564.086515,697824.0,1.0,2,20.477138,252773.477126,252773.477126,8669879.7965677,23883204.5453381,1337856.5943235,25777933.935137503,177911181.4228415,50,25,0
Z3,24,8,720,34992.0,0.06151,568883.108438,573632.0,1.0,2,20.477138,228237.281511,228237.281511,8669879.7965677,23883204.5453381,1337856.5943235,25777933.935137503,177911181.4228415,50,25,0
Z3,25,8,720,22464.0,0.035665,629861.208468,641824.0,1.0,2,20.477138,240432.901517,240432.901517,8669879.7965677,23883204.5453381,1337856.5943235,25777933.935137503,177911181.4228415,50,25,0
Z3,26,8,720,43144.0,0.046147,934925.34726,937912.0,1.0,2,20.477138,301445.729275,301445.729275,8669879.7965677,23883204.5453381,1337856.5943235,25777933.935137503,177911181.4228415,50,25,0
Z3,27,8,720,43672.0,0.05412,806947.524021,808736.0,1.0,2,20.477138,275850.164627,275850.164627,8669879.7965677,23883204.5453381,1337856.5943235,25777933.935137503,177911181.4228415,50,25,0
Z3,28,8,720,18320.0,0.067511,271363.185259,273432.0,1.0,2,20.477138,168733.296875,168733.296875,8669879.7965677,23883204.5453381,1337856.5943235,25777933.935137503,177911181.4228415,50,25,0
Z3,29,8,720,24560.0,0.075154,326795.646273,327464.0,1.0,2,20.477138,179819.789078,179819.789078,8669879.7965677,23883204.5453381,1337856.5943235,25777933.935137503,177911181.4228415,50,25,0
Z3,30,8,720,19040.0,0.058314,326508.214151,328272.0,1.0,2,20.477138,179762.302654,179762.302654,8669879.7965677,23883204.5453381,1337856.5943235,25777933.935137503,177911181.4228415,50,25,0
Z3,31,8,720,20160.0,0.044911,448887.800316,458176.0,1.0,2,20.477138,204238.219887,204238.219887,8669879.7965677,23883204.5453381,1337856.5943235,25777933.935137503,177911181.4228415,50,25,0
Z3,32,8,720,16496.0,0.061315,269036.94039,270424.0,1.0,2,20.477138,168268.047901,168268.047901,8669879.7965677,23883204.5453381,1337856.5943235,25777933.935137503,177911181.4228415,50,25,0
Z3,33,8,720,11624.0,0.054382,213747.195763,215256.0,1.0,2,20.477138,157210.098976,157210.098976,8669879.7965677,23883204.5453381,1337856.5943235,25777933.935137503,177911181.4228415,50,25,0
Z3,34,8,720,21024.0,0.043429,484100.48585,488928.0,1.0,2,20.477138,211280.756993,211280.756993,8669879.7965677,23883204.5453381,1337856.5943235,25777933.935137503,177911181.4228415,50,25,0
Z3,35,8,720,28496.0,0.061047,466787.884745,467144.0,1.0,2,20.477138,207818.236772,207818.236772,8669879.7965677,23883204.5453381,1337856.5943235,25777933.935137503,177911181.4228415,50,25,0
Z3,36,8,720,12416.0,0.054378,228327.632498,229920.0,1.0,2,20.477138,160126.186323,160126.186323,8669879.7965677,23883204.5453381,1337856.5943235,25777933.935137503,177911181.4228415,50,25,0
Z3,37,8,720,17312.0,0.075347,229763.626953,230824.0,1.0,2,20.477138,160413.385214,160413.385214,8669879.7965677,23883204.5453381,1337856.5943235,25777933.935137503,177911181.4228415,50,25,0
Z3,38,8,720,14664.0,0.055083,266216.437013,266616.0,1.0,2,20.477138,167703.947226,167703.947226,8669879.7965677,23883204.5453381,1337856.5943235,25777933.935137503,177911181.4228415,50,25,0
Z1,0,9,720,7696.0,0.192891,39898.180838,40080.0,1.0,2,23.663555,148137.185029,148137.185029,8669879.7965677,23883204.5453381,1337856.5943235,25777933.935137503,177911181.4228415,50,25,0
Z2,0,9,720,6624.0,0.202525,32707.073201,32792.0,1.0,2,23.663555,146698.963502,146698.963502,8669879.7965677,23883204.5453381,1337856.5943235,25777933.935137503,177911181.4228415,50,25,0
Z2,1,9,720,6776.0,0.034927,194004.638245,199288.0,1.0,2,23.663555,178958.476511,178958.476511,8669879.7965677,23883204.5453381,1337856.5943235,25777933.935137503,177911181.4228415,50,25,0
Z2,2,9,720,7496.0,0.066829,112166.873663,113568.0,1.0,2,23.663555,162590.923594,162590.923594,8669879.7965677,23883204.5453381,1337856.5943235,25777933.935137503,177911181.4228415,50,25,0
Z2,3,9,720,16056.0,0.072592,221181.397399,223000.0,1.0,2,23.663555,184393.828341,184393.828341,8669879.7965677,23883204.5453381,1337856.5943235,25777933.935137503,177911181.4228415,50,25,0
Z2,4,9,720,24464.0,0.074129,330019.290696,330592.0,1.0,2,23.663555,206161.407001,206161.407001,8669879.7965677,23883204.5453381,1337856.5943235,25777933.935137503,177911181.4228415,50,25,0
Z2,5,9,720,36648.0,0.059942,611391.011311,621152.0,1.0,2,23.663555,262435.751124,262435.751124,8669879.7965677,23883204.5453381,1337856.5943235,25777933.935137503,177911181.4228415,50,25,0
Z2,6,9,720,11344.0,0.05912,191880.920162,192264.0,1.0,2,23.663555,178533.732894,178533.732894,8669879.7965677,23883204.5453381,1337856.5943235,25777933.935137503,177911181.4228415,50,25,0
Z2,7,9,720,15808.0,0.039371,401513.804577,405328.0,1.0,2,23.663555,220460.309777,220460.309777,8669879.7965677,23883204.5453381,1337856.5943235,25777933.935137503,177911181.4228415,50,25,0
Z3,0,9,720,6752.0,0.222098,30400.994156,30408.0,1.0,2,23.663555,146237.747693,146237.747693,8669879.7965677,23883204.5453381,1337856.5943235,25777933.935137503,177911181.4228415,50,25,0
Z3,1,9,720,9824.0,0.048134,204096.896165,204664.0,1.0,2,23.663555,180976.928094,180976.928094,8669879.7965677,23883204.5453381,1337856.5943235,25777933.935137503,177911181.4228415,50,25,0
Z3,2,9,720,8640.0,0.074031,116707.865624,116752.0,1.0,2,23.663555,163499.121986,163499.121986,8669879.7965677,23883204.5453381,1337856.5943235,25777933.935137503,177911181.4228415,50,25,0
Z3,3,9,720,7248.0,0.048392,149776.822615,151000.0,1.0,2,23.663555,170112.913385,170112.913385,8669879.7965677,23883204.5453381,1337856.5943235,25777933.935137503,177911181.4228415,50,25,0
Z3,4,9,720,8336.0,0.074485,111915.150701,112648.0,1.0,2,23.663555,162540.579002,162540.579002,8669879.7965677,23883204.5453381,1337856.5943235,25777933.935137503,177911181.4228415,50,25,0
Z3,5,9,720,9640.0,0.029254,329527.585971,332408.0,1.0,2,23.663555,206063.066056,206063.066056,8669879.7965677,23883204.5453381,1337856.5943235,25777933.935137503,177911181.4228415,50,25,0
Z3,6,9,720,10312.0,0.04892,210793.131643,214832.0,1.0,2,23.663555,182316.17519,182316.17519,8669879.7965677,23883204.5453381,1337856.5943235,25777933.935137503,177911181.4228415,50,25,0
Z3,7,9,720,21208.0,0.070443,301066.110188,302968.0,1.0,2,23.663555,200370.770899,200370.770899,8669879.7965677,23883204.5453381,1337856.5943235,25777933.935137503,177911181.4228415,50,25,0
Z3,8,9,720,8000.0,0.042676,187458.993345,190472.0,1.0,2,23.663555,177649.34753,177649.34753,8669879.7965677,23883204.5453381,1337856.5943235,25777933.935137503,177911181.4228415,50,25,0
Z3,9,9,720,16880.0,0.032598,517823.179336,527496.0,1.0,2,23.663555,243722.184729,243722.184729,8669879.7965677,23883204.5453381,1337856.5943235,25777933.935137503,177911181.4228415,50,25,0
Z3,10,9,720,23240.0,0.059482,390706.432198,393896.0,1.0,2,23.663555,218298.835301,218298.835301,8669879.7965677,23883204.5453381,1337856.5943235,25777933.935137503,177911181.4228415,50,25,0
Z3,11,9,720,21680.0,0.066517,325931.716704,328480.0,1.0,2,23.663555,205343.892202,205343.892202,8669879.7965677,23883204.5453381,1337856.5943235,25777933.935137503,177911181.4228415,50,25,0
Z3,12,9,720,16096.0,0.047585,338257.854366,342464.0,1.0,2,23.663555,207809.119735,207809.119735,8669879.7965677,23883204.5453381,1337856.5943235,25777933.935137503,177911181.4228415,50,25,0
Z3,13,9,720,39872.0,0.039674,1004990.673993,1022352.0,1.0,2,23.663555,341155.68366,341155.68366,8669879.7965677,23883204.5453381,1337856.5943235,25777933.935137503,177911181.4228415,50,25,0
Z3,14,9,720,46392.0,0.069332,669128.252466,672344.0,1.0,2,23.663555,273983.199355,273983.199355,8669879.7965677,23883204.5453381,1337856.5943235,25777933.935137503,177911181.4228415,50,25,0
Z3,15,9,720,26168.0,0.050397,519237.256186,523360.0,1.0,2,23.663555,244005.000099,244005.000099,8669879.7965677,23883204.5453381,1337856.5943235,25777933.935137503,177911181.4228415,50,25,0
Z3,16,9,720,48816.0,0.05536,881791.907514,887560.0,1.0,2,23.663555,316515.930364,316515.930364,8669879.7965677,23883204.5453381,1337856.5943235,25777933.935137503,177911181.4228415,50,25,0
Z3,17,9,720,38664.0,0.051697,747896.396309,758112.0,1.0,2,23.663555,289736.828123,289736.828123,8669879.7965677,23883204.5453381,1337856.5943235,25777933.935137503,177911181.4228415,50,25,0
Z3,18,9,720,26344.0,0.05384,489301.634473,497056.0,1.0,2,23.663555,238017.875756,238017.875756,8669879.7965677,23883204.5453381,1337856.5943235,25777933.935137503,177911181.4228415,50,25,0
Z3,19,9,720,19912.0,0.070331,283118.397293,284456.0,1.0,2,23.663555,196781.22832,196781.22832,8669879.7965677,23883204.5453381,1337856.5943235,25777933.935137503,177911181.4228415,50,25,0
Z3,20,9,720,61688.0,0.063054,978336.029435,979168.0,1.0,2,23.663555,335824.754748,335824.754748,8669879.7965677,23883204.5453381,1337856.5943235,25777933.935137503,177911181.4228415,50,25,0
Z3,21,9,720,59200.0,0.062584,945928.671865,954832.0,1.0,2,23.663555,329343.283234,329343.283234,8669879.7965677,23883204.5453381,1337856.5943235,25777933.935137503,177911181.4228415,50,25,0
Z3,22,9,720,41064.0,0.046525,882622.246104,892688.0,1.0,2,23.663555,316681.998082,316681.998082,8669879.7965677,23883204.5453381,1337856.5943235,25777933.935137503,177911181.4228415,50,25,0
Z3,23,9,720,55576.0,0.057008,974880.718496,975016.0,1.0,2,23.663555,335133.692561,335133.692561,8669879.7965677,23883204.5453381,1337856.5943235,25777933.935137503,177911181.4228415,50,25,0
Z3,24,9,720,50200.0,0.069778,719424.460432,727536.0,1.0,2,23.663555,284042.440948,284042.440948,8669879.7965677,23883204.5453381,1337856.5943235,25777933.935137503,177911181.4228415,50,25,0
Z3,25,9,720,30056.0,0.060395,497657.090819,500928.0,1.0,2,23.663555,239688.967025,239688.967025,8669879.7965677,23883204.5453381,1337856.5943235,25777933.935137503,177911181.4228415,50,25,0
Z3,26,9,720,59504.0,0.075497,788163.768097,793384.0,1.0,2,23.663555,297790.302481,297790.302481,8669879.7965677,23883204.5453381,1337856.5943235,25777933.935137503,177911181.4228415,50,25,0
Z3,27,9,720,65232.0,0.060627,1075956.257113,1087200.0,1.0,2,23.663555,355348.800284,355348.800284,8669879.7965677,23883204.5453381,1337856.5943235,25777933.935137503,177911181.4228415,50,25,0
Z3,28,9,720,23952.0,0.073138,327490.497416,328104.0,1.0,2,23.663555,205655.648345,205655.648345,8669879.7965677,23883204.5453381,1337856.5943235,25777933.935137503,177911181.4228415,50,25,0
Z3,29,9,720,32816.0,0.053387,614681.476764,619168.0,1.0,2,23.663555,263093.844214,263093.844214,8669879.7965677,23883204.5453381,1337856.5943235,25777933.935137503,177911181.4228415,50,25,0
Z3,30,9,720,8856.0,0.045753,193561.077962,196800.0,1.0,2,23.663555,178869.764454,178869.764454,8669879.7965677,23883204.5453381,1337856.5943235,25777933.935137503,177911181.4228415,50,25,0
Z3,31,9,720,14088.0,0.032913,428037.55355,440248.0,1.0,2,23.663555,225765.059572,225765.059572,8669879.7965677,23883204.5453381,1337856.5943235,25777933.935137503,177911181.4228415,50,25,0
Z3,32,9,720,15104.0,0.068637,220056.237889,222112.0,1.0,2,23.663555,184168.796439,184168.796439,8669879.7965677,23883204.5453381,1337856.5943235,25777933.935137503,177911181.4228415,50,25,0
Z3,33,9,720,11784.0,0.038977,302332.144598,310104.0,1.0,2,23.663555,200623.977781,200623.977781,8669879.7965677,23883204.5453381,1337856.5943235,25777933.935137503,177911181.4228415,50,25,0
Z3,34,9,720,18496.0,0.065879,280757.145676,284552.0,1.0,2,23.663555,196308.977997,196308.977997,8669879.7965677,23883204.5453381,1337856.5943235,25777933.935137503,177911181.4228415,50,25,0
Z3,35,9,720,22376.0,0.063616,351735.412475,355168.0,1.0,2,23.663555,210504.631356,210504.631356,8669879.7965677,23883204.5453381,1337856.5943235,25777933.935137503,177911181.4228415,50,25,0
Z3,36,9,720,8792.0,0.053993,162835.923175,165880.0,1.0,2,23.663555,172724.733497,172724.733497,8669879.7965677,23883204.5453381,1337856.5943235,25777933.935137503,177911181.4228415,50,25,0
Z3,37,9,720,19464.0,0.038687,503114.741386,512208.0,1.0,2,23.663555,240780.497139,240780.497139,8669879.7965677,23883204.5453381,1337856.5943235,25777933.935137503,177911181.4228415,50,25,0
Z3,38,9,720,20360.0,0.047831,425665.363467,433184.0,1.0,2,23.663555,225290.621555,225290.621555,8669879.7965677,23883204.5453381,1337856.5943235,25777933.935137503,177911181.4228415,50,25,0
Z1,0,10,720,35840.0,0.202404,177071.599376,177424.0,1.0,2,26.807199,223751.692107,223751.692107,8669879.7965677,23883204.5453381,1337856.5943235,25777933.935137503,177911181.4228415,50,25,0
Z2,0,10,720,6624.0,0.226203,29283.431254,29304.0,1.0,2,26.807199,194194.058483,194194.058483,8669879.7965677,23883204.5453381,1337856.5943235,25777933.935137503,177911181.4228415,50,25,0
Z2,1,10,720,7008.0,0.032744,214023.943318,219000.0,1.0,2,26.807199,231142.160896,231142.160896,8669879.7965677,23883204.5453381,1337856.5943235,25777933.935137503,177911181.4228415,50,25,0
Z2,2,10,720,7480.0,0.047039,159016.985905,159144.0,1.0,2,26.807199,220140.769413,220140.769413,8669879.7965677,23883204.5453381,1337856.5943235,25777933.935137503,177911181.4228415,50,25,0
Z2,3,10,720,7832.0,0.053393,146685.895155,147768.0,1.0,2,26.807199,217674.551263,217674.551263,8669879.7965677,23883204.5453381,1337856.5943235,25777933.935137503,177911181.4228415,50,25,0
Z2,4,10,720,29728.0,0.057229,519456.918695,521536.0,1.0,2,26.807199,292228.755971,292228.755971,8669879.7965677,23883204.5453381,1337856.5943235,25777933.935137503,177911181.4228415,50,25,0
Z2,5,10,720,35136.0,0.062453,562599.074504,566704.0,1.0,2,26.807199,300857.187133,300857.187133,8669879.7965677,23883204.5453381,1337856.5943235,25777933.935137503,177911181.4228415,50,25,0
Z2,6,10,720,23040.0,0.074209,310474.470752,311344.0,1.0,2,26.807199,250432.266383,250432.266383,8669879.7965677,23883204.5453381,1337856.5943235,25777933.935137503,177911181.4228415,50,25,0
Z2,7,10,720,35840.0,0.049028,731010.850942,731424.0,1.0,2,26.807199,334539.542421,334539.542421,8669879.7965677,23883204.5453381,1337856.5943235,25777933.935137503,177911181.4228415,50,25,0
Z3,0,10,720,6840.0,0.221953,30817.335202,30944.0,1.0,2,26.807199,194500.839273,194500.839273,8669879.7965677,23883204.5453381,1337856.5943235,25777933.935137503,177911181.4228415,50,25,0
Z3,1,10,720,22064.0,0.072224,305494.018609,306440.0,1.0,2,26.807199,249436.175954,249436.175954,8669879.7965677,23883204.5453381,1337856.5943235,25777933.935137503,177911181.4228415,50,25,0
Z3,2,10,720,15312.0,0.045711,334974.076262,340264.0,1.0,2,26.807199,255332.187485,255332.187485,8669879.7965677,23883204.5453381,1337856.5943235,25777933.935137503,177911181.4228415,50,25,0
Z3,3,10,720,7752.0,0.060611,127897.576348,129200.0,1.0,2,26.807199,213916.887502,213916.887502,8669879.7965677,23883204.5453381,1337856.5943235,25777933.935137503,177911181.4228415,50,25,0
Z3,4,10,720,11432.0,0.029197,391547.076754,394200.0,1.0,2,26.807199,266646.787583,266646.787583,8669879.7965677,23883204.5453381,1337856.5943235,25777933.935137503,177911181.4228415,50,25,0
Z3,5,10,720,17232.0,0.052079,330881.929377,331384.0,1.0,2,26.807199,254513.758108,254513.758108,8669879.7965677,23883204.5453381,1337856.5943235,25777933.935137503,177911181.4228415,50,25,0
Z3,6,10,720,23328.0,0.073334,318106.199035,319560.0,1.0,2,26.807199,251958.612039,251958.612039,8669879.7965677,23883204.5453381,1337856.5943235,25777933.935137503,177911181.4228415,50,25,0
Z3,7,10,720,18496.0,0.042654,433628.73353,440376.0,1.0,2,26.807199,275063.118938,275063.118938,8669879.7965677,23883204.5453381,1337856.5943235,25777933.935137503,177911181.4228415,50,25,0
Z3,8,10,720,7968.0,0.028581,278786.606487,284568.0,1.0,2,26.807199,244094.69353,244094.69353,8669879.7965677,23883204.5453381,1337856.5943235,25777933.935137503,177911181.4228415,50,25,0
Z3,9,10,720,19568.0,0.02905,673597.246127,674752.0,1.0,2,26.807199,323056.821458,323056.821458,8669879.7965677,23883204.5453381,1337856.5943235,25777933.935137503,177911181.4228415,50,25,0
Z3,10,10,720,36064.0,0.061927,582363.104946,591208.0,1.0,2,26.807199,304809.993222,304809.993222,8669879.7965677,23883204.5453381,1337856.5943235,25777933.935137503,177911181.4228415,50,25,0
Z3,11,10,720,29248.0,0.069473,420998.085587,423880.0,1.0,2,26.807199,272536.98935,272536.98935,8669879.7965677,23883204.5453381,1337856.5943235,25777933.935137503,177911181.4228415,50,25,0
Z3,12,10,720,24216.0,0.052698,459524.08061,465688.0,1.0,2,26.807199,280242.188354,280242.188354,8669879.7965677,23883204.5453381,1337856.5943235,25777933.935137503,177911181.4228415,50,25,0
Z3,13,10,720,54424.0,0.058935,923458.047001,938344.0,1.0,2,26.807199,373028.981632,373028.981632,8669879.7965677,23883204.5453381,1337856.5943235,25777933.935137503,177911181.4228415,50,25,0
Z3,14,10,720,56832.0,0.069614,816387.50826,823648.0,1.0,2,26.807199,351614.873884,351614.873884,8669879.7965677,23883204.5453381,1337856.5943235,25777933.935137503,177911181.4228415,50,25,0
Z3,15,10,720,29576.0,0.063105,468679.185485,469456.0,1.0,2,26.807199,282073.209329,282073.209329,8669879.7965677,23883204.5453381,1337856.5943235,25777933.935137503,177911181.4228415,50,25,0
Z3,16,10,720,52328.0,0.063138,828787.734803,830600.0,1.0,2,26.807199,354094.919193,354094.919193,8669879.7965677,23883204.5453381,1337856.5943235,25777933.935137503,177911181.4228415,50,25,0
Z3,17,10,720,52840.0,0.059349,890326.711486,895592.0,1.0,2,26.807199,366402.71453,366402.71453,8669879.7965677,23883204.5453381,1337856.5943235,25777933.935137503,177911181.4228415,50,25,0
Z3,18,10,720,23160.0,0.058161,398204.98272,399304.0,1.0,2,26.807199,267978.368776,267978.368776,8669879.7965677,23883204.5453381,1337856.5943235,25777933.935137503,177911181.4228415,50,25,0
Z3,19,10,720,77048.0,0.068096,1131461.466165,1133056.0,1.0,2,26.807199,414629.665465,414629.665465,8669879.7965677,23883204.5453381,1337856.5943235,25777933.935137503,177911181.4228415,50,25,0
Z3,20,10,720,68968.0,0.074996,919622.37986,932000.0,1.0,2,26.807199,372261.848204,372261.848204,8669879.7965677,23883204.5453381,1337856.5943235,25777933.935137503,177911181.4228415,50,25,0
Z3,21,10,720,52224.0,0.061155,853961.246014,856128.0,1.0,2,26.807199,359129.621435,359129.621435,8669879.7965677,23883204.5453381,1337856.5943235,25777933.935137503,177911181.4228415,50,25,0
Z3,22,10,720,76384.0,0.071905,1062290.522217,1075824.0,1.0,2,26.807199,400795.476676,400795.476676,8669879.7965677,23883204.5453381,1337856.5943235,25777933.935137503,177911181.4228415,50,25,0
Z3,23,10,720,57512.0,0.075292,763852.733358,766824.0,1.0,2,26.807199,341107.918904,341107.918904,8669879.7965677,23883204.5453381,1337856.5943235,25777933.935137503,177911181.4228415,50,25,0
Z3,24,10,720,35600.0,0.051148,696019.394698,698032.0,1.0,2,26.807199,327541.251172,327541.251172,8669879.7965677,23883204.5453381,1337856.5943235,25777933.935137503,177911181.4228415,50,25,0
Z3,25,10,720,72816.0,0.061511,1183788.265513,1193704.0,1.0,2,26.807199,425095.025335,425095.025335,8669879.7965677,23883204.5453381,1337856.5943235,25777933.935137503,177911181.4228415,50,25,0
Z3,26,10,720,93600.0,0.07409,1263328.384397,1264864.0,1.0,2,26.807199,441003.049112,441003.049112,8669879.7965677,23883204.5453381,1337856.5943235,25777933.935137503,177911181.4228415,50,25,0
Z3,27,10,720,43888.0,0.056707,773943.252156,783712.0,1.0,2,26.807199,343126.022663,343126.022663,8669879.7965677,23883204.5453381,1337856.5943235,25777933.935137503,177911181.4228415,50,25,0
Z3,28,10,720,13072.0,0.029588,441800.730026,450752.0,1.0,2,26.807199,276697.518237,276697.518237,8669879.7965677,23883204.5453381,1337856.5943235,25777933.935137503,177911181.4228415,50,25,0
Z3,29,10,720,20608.0,0.066327,310703.031948,312240.0,1.0,2,26.807199,250477.978622,250477.978622,8669879.7965677,23883204.5453381,1337856.5943235,25777933.935137503,177911181.4228415,50,25,0
Z3,30,10,720,22584.0,0.049971,451942.126433,460896.0,1.0,2,26.807199,278725.797519,278725.797519,8669879.7965677,23883204.5453381,1337856.5943235,25777933.935137503,177911181.4228415,50,25,0
Z3,31,10,720,14712.0,0.036809,399684.859681,408664.0,1.0,2,26.807199,268274.344169,268274.344169,8669879.7965677,23883204.5453381,1337856.5943235,25777933.935137503,177911181.4228415,50,25,0
Z3,32,10,720,20512.0,0.070256,291960.828968,293024.0,1.0,2,26.807199,246729.538026,246729.538026,8669879.7965677,23883204.5453381,1337856.5943235,25777933.935137503,177911181.4228415,50,25,0
Z3,33,10,720,17992.0,0.036164,497511.337241,499776.0,1.0,2,26.807199,287839.639681,287839.639681,8669879.7965677,23883204.5453381,1337856.5943235,25777933.935137503,177911181.4228415,50,25,0
Z3,34,10,720,11464.0,0.039469,290455.800755,293944.0,1.0,2,26.807199,246428.532383,246428.532383,8669879.7965677,23883204.5453381,1337856.5943235,25777933.935137503,177911181.4228415,50,25,0
Z3,35,10,720,22376.0,0.07529,297197.502988,298344.0,1.0,2,26.807199,247776.87283,247776.87283,8669879.7965677,23883204.5453381,1337856.5943235,25777933.935137503,177911181.4228415,50,25,0
Z3,36,10,720,29088.0,0.058383,498227.223678,501512.0,1.0,2,26.807199,287982.816968,287982.816968,8669879.7965677,23883204.5453381,1337856.5943235,25777933.935137503,177911181.4228415,50,25,0
Z3,37,10,720,17936.0,0.027401,654574.65056,664296.0,1.0,2,26.807199,319252.302344,319252.302344,8669879.7965677,23883204.5453381,1337856.5943235,25777933.935137503,177911181.4228415,50,25,0
Z3,38,10,720,24920.0,0.070508,353435.071198,356000.0,1.0,2,26.807199,259024.386472,259024.386472,8669879.7965677,23883204.5453381,1337856.5943235,25777933.935137503,177911181.4228415,50,25,0
Z1,0,11,720,41864.0,0.202021,207225.981457,207240.0,1.0,2,29.985303,274150.807948,274150.807948,8669879.7965677,23883204.5453381,1337856.5943235,25777933.935137503,177911181.4228415,50,25,0
Z2,0,11,720,10080.0,0.210334,47923.778372,48000.0,1.0,2,29.985303,242290.36733,242290.36733,8669879.7965677,23883204.5453381,1337856.5943235,25777933.935137503,177911181.4228415,50,25,0
Z2,1,11,720,36112.0,0.060493,596961.631924,601864.0,1.0,2,29.985303,352097.938041,352097.938041,8669879.7965677,23883204.5453381,1337856.5943235,25777933.935137503,177911181.4228415,50,25,0
Z2,2,11,720,36680.0,0.066018,555606.046836,555752.0,1.0,2,29.985303,343826.821023,343826.821023,8669879.7965677,23883204.5453381,1337856.5943235,25777933.935137503,177911181.4228415,50,25,0
Z2,3,11,720,39392.0,0.075487,521838.197305,525224.0,1.0,2,29.985303,337073.251117,337073.251117,8669879.7965677,23883204.5453381,1337856.5943235,25777933.935137503,177911181.4228415,50,25,0
Z2,4,11,720,43216.0,0.054133,798330.038978,800296.0,1.0,2,29.985303,392371.619452,392371.619452,8669879.7965677,23883204.5453381,1337856.5943235,25777933.935137503,177911181.4228415,50,25,0
Z2,5,11,720,50760.0,0.07242,700911.350456,705000.0,1.0,2,29.985303,372887.881747,372887.881747,8669879.7965677,23883204.5453381,1337856.5943235,25777933.935137503,177911181.4228415,50,25,0
Z2,6,11,720,17768.0,0.044498,399298.844892,403816.0,1.0,2,29.985303,312565.380635,312565.380635,8669879.7965677,23883204.5453381,1337856.5943235,25777933.935137503,177911181.4228415,50,25,0
Z2,7,11,720,33352.0,0.042534,784125.640664,794088.0,1.0,2,29.985303,389530.739789,389530.739789,8669879.7965677,23883204.5453381,1337856.5943235,25777933.935137503,177911181.4228415,50,25,0
Z3,0,11,720,6624.0,0.164584,40246.925582,40384.0,1.0,2,29.985303,240754.996773,240754.996773,8669879.7965677,23883204.5453381,1337856.5943235,25777933.935137503,177911181.4228415,50,25,0
Z3,1,11,720,11320.0,0.075455,150023.192631,150928.0,1.0,2,29.985303,262710.250182,262710.250182,8669879.7965677,23883204.5453381,1337856.5943235,25777933.935137503,177911181.4228415,50,25,0
Z3,2,11,720,16208.0,0.04291,377720.811,385904.0,1.0,2,29.985303,308249.773856,308249.773856,8669879.7965677,23883204.5453381,1337856.5943235,25777933.935137503,177911181.4228415,50,25,0
Z3,3,11,720,12920.0,0.026566,486335.918091,496920.0,1.0,2,29.985303,329972.795274,329972.795274,8669879.7965677,23883204.5453381,1337856.5943235,25777933.935137503,177911181.4228415,50,25,0
Z3,4,11,720,8968.0,0.04224,212310.606061,213520.0,1.0,2,29.985303,275167.732868,275167.732868,8669879.7965677,23883204.5453381,1337856.5943235,25777933.935137503,177911181.4228415,50,25,0
Z3,5,11,720,12016.0,0.028871,416196.183021,429136.0,1.0,2,29.985303,315944.84826,315944.84826,8669879.7965677,23883204.5453381,1337856.5943235,25777933.935137503,177911181.4228415,50,25,0
Z3,6,11,720,21880.0,0.075014,291678.886608,291728.0,1.0,2,29.985303,291041.388978,291041.388978,8669879.7965677,23883204.5453381,1337856.5943235,25777933.935137503,177911181.4228415,50,25,0
Z3,7,11,720,13408.0,0.046944,285616.905249,291472.0,1.0,2,29.985303,289828.992706,289828.992706,8669879.7965677,23883204.5453381,1337856.5943235,25777933.935137503,177911181.4228415,50,25,0
Z3,8,11,720,14528.0,0.045537,319037.266399,322840.0,1.0,2,29.985303,296513.064936,296513.064936,8669879.7965677,23883204.5453381,1337856.5943235,25777933.935137503,177911181.4228415,50,25,0
Z3,9,11,720,15928.0,0.026608,598616.957306,612608.0,1.0,2,29.985303,352429.003117,352429.003117,8669879.7965677,23883204.5453381,1337856.5943235,25777933.935137503,177911181.4228415,50,25,0
Z3,10,11,720,8224.0,0.058694,140116.536614,141792.0,1.0,2,29.985303,260728.918979,260728.918979,8669879.7965677,23883204.5453381,1337856.5943235,25777933.935137503,177911181.4228415,50,25,0
Z3,11,11,720,8720.0,0.050093,174076.218234,174400.0,1.0,2,29.985303,267520.855303,267520.855303,8669879.7965677,23883204.5453381,1337856.5943235,25777933.935137503,177911181.4228415,50,25,0
Z3,12,11,720,23504.0,0.063756,368655.49909,373072.0,1.0,2,29.985303,306436.711474,306436.711474,8669879.7965677,23883204.5453381,1337856.5943235,25777933.935137503,177911181.4228415,50,25,0
Z3,13,11,720,50640.0,0.072696,696599.537801,703328.0,1.0,2,29.985303,372025.519216,372025.519216,8669879.7965677,23883204.5453381,1337856.5943235,25777933.935137503,177911181.4228415,50,25,0
Z3,14,11,720,47296.0,0.069526,680263.498547,685448.0,1.0,2,29.985303,368758.311366,368758.311366,8669879.7965677,23883204.5453381,1337856.5943235,25777933.935137503,177911181.4228415,50,25,0
Z3,15,11,720,34344.0,0.059787,574439.259371,582096.0,1.0,2,29.985303,347593.46353,347593.46353,8669879.7965677,23883204.5453381,1337856.5943235,25777933.935137503,177911181.4228415,50,25,0
Z3,16,11,720,73648.0,0.066423,1108772.56372,1115872.0,1.0,2,29.985303,454460.1244,454460.1244,8669879.7965677,23883204.5453381,1337856.5943235,25777933.935137503,177911181.4228415,50,25,0
Z3,17,11,720,59920.0,0.071272,840722.864519,843936.0,1.0,2,29.985303,400850.18456,400850.18456,8669879.7965677,23883204.5453381,1337856.5943235,25777933.935137503,177911181.4228415,50,25,0
Z3,18,11,720,40664.0,0.058575,694221.08408,701096.0,1.0,2,29.985303,371549.828472,371549.828472,8669879.7965677,23883204.5453381,1337856.5943235,25777933.935137503,177911181.4228415,50,25,0
Z3,19,11,720,56880.0,0.06427,885016.337327,888744.0,1.0,2,29.985303,409708.879122,409708.879122,8669879.7965677,23883204.5453381,1337856.5943235,25777933.935137503,177911181.4228415,50,25,0
Z3,20,11,720,57216.0,0.05605,1020802.854594,1021712.0,1.0,2,29.985303,436866.182575,436866.182575,8669879.7965677,23883204.5453381,1337856.5943235,25777933.935137503,177911181.4228415,50,25,0
Z3,21,11,720,28160.0,0.045731,615774.857318,625776.0,1.0,2,29.985303,355860.58312,355860.58312,8669879.7965677,23883204.5453381,1337856.5943235,25777933.935137503,177911181.4228415,50,25,0
Z3,22,11,720,76696.0,0.067673,1133332.348204,1144712.0,1.0,2,29.985303,459372.081297,459372.081297,8669879.7965677,23883204.5453381,1337856.5943235,25777933.935137503,177911181.4228415,50,25,0
Z3,23,11,720,80520.0,0.073826,1090672.662748,1103008.0,1.0,2,29.985303,450840.144206,450840.144206,8669879.7965677,23883204.5453381,1337856.5943235,25777933.935137503,177911181.4228415,50,25,0
Z3,24,11,720,66560.0,0.069009,964511.875263,964632.0,1.0,2,29.985303,425607.986709,425607.986709,8669879.7965677,23883204.5453381,1337856.5943235,25777933.935137503,177911181.4228415,50,25,0
Z3,25,11,720,77808.0,0.067796,1147678.329105,1161312.0,1.0,2,29.985303,462241.277477,462241.277477,8669879.7965677,23883204.5453381,1337856.5943235,25777933.935137503,177911181.4228415,50,25,0
Z3,26,11,720,55056.0,0.062003,887957.034337,888000.0,1.0,2,29.985303,410297.018524,410297.018524,8669879.7965677,23883204.5453381,1337856.5943235,25777933.935137503,177911181.4228415,50,25,0
Z3,27,11,720,36552.0,0.050526,723429.521435,731040.0,1.0,2,29.985303,377391.515943,377391.515943,8669879.7965677,23883204.5453381,1337856.5943235,25777933.935137503,177911181.4228415,50,25,0
Z3,28,11,720,100304.0,0.07635,1313739.358219,1319784.0,1.0,2,29.985303,495453.4833,495453.4833,8669879.7965677,23883204.5453381,1337856.5943235,25777933.935137503,177911181.4228415,50,25,0
Z3,29,11,720,133264.0,0.074042,1799843.332163,1800864.0,1.0,2,29.985303,592674.278089,592674.278089,8669879.7965677,23883204.5453381,1337856.5943235,25777933.935137503,177911181.4228415,50,25,0
Z3,30,11,720,14528.0,0.039163,370962.387968,372512.0,1.0,2,29.985303,306898.08925,306898.08925,8669879.7965677,23883204.5453381,1337856.5943235,25777933.935137503,177911181.4228415,50,25,0
Z3,31,11,720,24392.0,0.072913,334535.679508,338776.0,1.0,2,29.985303,299612.747558,299612.747558,8669879.7965677,23883204.5453381,1337856.5943235,25777933.935137503,177911181.4228415,50,25,0
Z3,32,11,720,22216.0,0.074631,297677.908644,300216.0,1.0,2,29.985303,292241.193385,292241.193385,8669879.7965677,23883204.5453381,1337856.5943235,25777933.935137503,177911181.4228415,50,25,0
Z3,33,11,720,14368.0,0.070891,202677.349734,205256.0,1.0,2,29.985303,273241.081603,273241.081603,8669879.7965677,23883204.5453381,1337856.5943235,25777933.935137503,177911181.4228415,50,25,0
Z3,34,11,720,21288.0,0.048208,441586.458679,443496.0,1.0,2,29.985303,321022.903392,321022.903392,8669879.7965677,23883204.5453381,1337856.5943235,25777933.935137503,177911181.4228415,50,25,0
Z3,35,11,720,18544.0,0.034258,541304.220912,545408.0,1.0,2,29.985303,340966.455839,340966.455839,8669879.7965677,23883204.5453381,1337856.5943235,25777933.935137503,177911181.4228415,50,25,0
Z3,36,11,720,12272.0,0.04745,258630.136986,261104.0,1.0,2,29.985303,284431.639053,284431.639053,8669879.7965677,23883204.5453381,1337856.5943235,25777933.935137503,177911181.4228415,50,25,0
Z3,37,11,720,21736.0,0.072215,300990.09901,301888.0,1.0,2,29.985303,292903.631458,292903.631458,8669879.7965677,23883204.5453381,1337856.5943235,25777933.935137503,177911181.4228415,50,25,0
Z3,38,11,720,22688.0,0.054149,418992.040481,420144.0,1.0,2,29.985303,316504.019752,316504.019752,8669879.7965677,23883204.5453381,1337856.5943235,25777933.935137503,177911181.4228415,50,25,0
Z1,0,12,720,65984.0,0.167743,393363.6575,395112.0,1.0,2,33.187545,371534.513932,371534.513932,8669879.7965677,23883204.5453381,1337856.5943235,25777933.935137503,177911181.4228415,50,25,0
Z2,0,12,720,6624.0,0.1433,46224.703419,46320.0,1.0,2,33.187545,302106.723116,302106.723116,8669879.7965677,23883204.5453381,1337856.5943235,25777933.935137503,177911181.4228415,50,25,0
Z2,1,12,720,6760.0,0.032428,208461.823116,211248.0,1.0,2,33.187545,334554.147055,334554.147055,8669879.7965677,23883204.5453381,1337856.5943235,25777933.935137503,177911181.4228415,50,25,0
Z2,2,12,720,7528.0,0.028555,263631.588163,268856.0,1.0,2,33.187545,345588.100064,345588.100064,8669879.7965677,23883204.5453381,1337856.5943235,25777933.935137503,177911181.4228415,50,25,0
Z2,3,12,720,7704.0,0.042161,182728.11366,183424.0,1.0,2,33.187545,329407.405164,329407.405164,8669879.7965677,23883204.5453381,1337856.5943235,25777933.935137503,177911181.4228415,50,25,0
Z2,4,12,720,58576.0,0.071293,821623.441292,825008.0,1.0,2,33.187545,457186.47069,457186.47069,8669879.7965677,23883204.5453381,1337856.5943235,25777933.935137503,177911181.4228415,50,25,0
Z2,5,12,720,36544.0,0.06241,585547.187951,589416.0,1.0,2,33.187545,409971.220022,409971.220022,8669879.7965677,23883204.5453381,1337856.5943235,25777933.935137503,177911181.4228415,50,25,0
Z2,6,12,720,62000.0,0.064589,959915.775132,968744.0,1.0,2,33.187545,484844.937458,484844.937458,8669879.7965677,23883204.5453381,1337856.5943235,25777933.935137503,177911181.4228415,50,25,0
Z2,7,12,720,77544.0,0.07164,1082412.060302,1092168.0,1.0,2,33.187545,509344.194492,509344.194492,8669879.7965677,23883204.5453381,1337856.5943235,25777933.935137503,177911181.4228415,50,25,0
Z3,0,12,720,7896.0,0.219013,36052.654409,36048.0,1.0,2,33.187545,300072.313314,300072.313314,8669879.7965677,23883204.5453381,1337856.5943235,25777933.935137503,177911181.4228415,50,25,0
Z3,1,12,720,10520.0,0.038283,274795.601181,276840.0,1.0,2,33.187545,347820.902668,347820.902668,8669879.7965677,23883204.5453381,1337856.5943235,25777933.935137503,177911181.4228415,50,25,0
Z3,2,12,720,20088.0,0.03806,527798.213347,528624.0,1.0,2,33.187545,398421.425101,398421.425101,8669879.7965677,23883204.5453381,1337856.5943235,25777933.935137503,177911181.4228415,50,25,0
Z3,3,12,720,10320.0,0.039893,258692.001103,264608.0,1.0,2,33.187545,344600.182652,344600.182652,8669879.7965677,23883204.5453381,1337856.5943235,25777933.935137503,177911181.4228415,50,25,0
Z3,4,12,720,12664.0,0.039855,317751.850458,324712.0,1.0,2,33.187545,356412.152523,356412.152523,8669879.7965677,23883204.5453381,1337856.5943235,25777933.935137503,177911181.4228415,50,25,0
Z3,5,12,720,15440.0,0.075512,204470.812586,205864.0,1.0,2,33.187545,333755.944949,333755.944949,8669879.7965677,23883204.5453381,1337856.5943235,25777933.935137503,177911181.4228415,50,25,0
Z3,6,12,720,7712.0,0.055135,139874.852634,140216.0,1.0,2,33.187545,320836.752959,320836.752959,8669879.7965677,23883204.5453381,1337856.5943235,25777933.935137503,177911181.4228415,50,25,0
Z3,7,12,720,10120.0,0.02833,357218.496294,361424.0,1.0,2,33.187545,364305.481691,364305.481691,8669879.7965677,23883204.5453381,1337856.5943235,25777933.935137503,177911181.4228415,50,25,0
Z3,8,12,720,7576.0,0.072523,104463.411607,105216.0,1.0,2,33.187545,313754.464753,313754.464753,8669879.7965677,23883204.5453381,1337856.5943235,25777933.935137503,177911181.4228415,50,25,0
Z3,9,12,720,24720.0,0.069049,358006.632971,358256.0,1.0,2,33.187545,364463.109026,364463.109026,8669879.7965677,23883204.5453381,1337856.5943235,25777933.935137503,177911181.4228415,50,25,0
Z3,10,12,720,60536.0,0.071431,847475.185844,852616.0,1.0,2,33.187545,462356.819601,462356.819601,8669879.7965677,23883204.5453381,1337856.5943235,25777933.935137503,177911181.4228415,50,25,0
Z3,11,12,720,65616.0,0.074363,882374.299047,886696.0,1.0,2,33.187545,469336.642241,469336.642241,8669879.7965677,23883204.5453381,1337856.5943235,25777933.935137503,177911181.4228415,50,25,0
Z3,12,12,720,38936.0,0.067166,579698.061519,581128.0,1.0,2,33.187545,408801.394736,408801.394736,8669879.7965677,23883204.5453381,1337856.5943235,25777933.935137503,177911181.4228415,50,25,0
Z3,13,12,720,87896.0,0.071064,1236856.917708,1237968.0,1.0,2,33.187545,540233.165973,540233.165973,8669879.7965677,23883204.5453381,1337856.5943235,25777933.935137503,177911181.4228415,50,25,0
Z3,14,12,720,78296.0,0.068826,1137593.35135,1151408.0,1.0,2,33.187545,520380.452702,520380.452702,8669879.7965677,23883204.5453381,1337856.5943235,25777933.935137503,177911181.4228415,50,25,0
Z3,15,12,720,45720.0,0.070966,644252.177099,653136.0,1.0,2,33.187545,421712.217852,421712.217852,8669879.7965677,23883204.5453381,1337856.5943235,25777933.935137503,177911181.4228415,50,25,0
Z3,16,12,720,82616.0,0.074964,1102075.662985,1116432.0,1.0,2,33.187545,513276.915029,513276.915029,8669879.7965677,23883204.5453381,1337856.5943235,25777933.935137503,177911181.4228415,50,25,0
Z3,17,12,720,109704.0,0.06811,1610688.591984,1613288.0,1.0,2,33.187545,614999.500828,614999.500828,8669879.7965677,23883204.5453381,1337856.5943235,25777933.935137503,177911181.4228415,50,25,0
Z3,18,12,720,28840.0,0.074946,384810.396819,389728.0,1.0,2,33.187545,369823.861796,369823.861796,8669879.7965677,23883204.5453381,1337856.5943235,25777933.935137503,177911181.4228415,50,25,0
Z3,19,12,720,75104.0,0.06426,1168751.945223,1173496.0,1.0,2,33.187545,526612.171476,526612.171476,8669879.7965677,23883204.5453381,1337856.5943235,25777933.935137503,177911181.4228415,50,25,0
Z3,20,12,720,96504.0,0.06927,1393157.210914,1398608.0,1.0,2,33.187545,571493.224615,571493.224615,8669879.7965677,23883204.5453381,1337856.5943235,25777933.935137503,177911181.4228415,50,25,0
Z3,21,12,720,42960.0,0.067737,634217.635856,641192.0,1.0,2,33.187545,419705.309603,419705.309603,8669879.7965677,23883204.5453381,1337856.5943235,25777933.935137503,177911181.4228415,50,25,0
Z3,22,12,720,68064.0,0.05608,1213694.721826,1215424.0,1.0,2,33.187545,535600.726797,535600.726797,8669879.7965677,23883204.5453381,1337856.5943235,25777933.935137503,177911181.4228415,50,25,0
Z3,23,12,720,50352.0,0.07075,711689.045936,719312.0,1.0,2,33.187545,435199.591619,435199.591619,8669879.7965677,23883204.5453381,1337856.5943235,25777933.935137503,177911181.4228415,50,25,0
Z3,24,12,720,31856.0,0.064042,497423.565785,497744.0,1.0,2,33.187545,392346.495589,392346.495589,8669879.7965677,23883204.5453381,1337856.5943235,25777933.935137503,177911181.4228415,50,25,0
Z3,25,12,720,130312.0,0.102152,1275667.632548,1277568.0,1.0,2,33.187545,547995.308941,547995.308941,8669879.7965677,23883204.5453381,1337856.5943235,25777933.935137503,177911181.4228415,50,25,0
Z3,26,12,720,138080.0,0.105803,1305066.964075,1315040.0,1.0,2,33.187545,553875.175247,553875.175247,8669879.7965677,23883204.5453381,1337856.5943235,25777933.935137503,177911181.4228415,50,25,0
Z3,27,12,720,50256.0,0.062616,802606.362591,810576.0,1.0,2,33.187545,453383.05495,453383.05495,8669879.7965677,23883204.5453381,1337856.5943235,25777933.935137503,177911181.4228415,50,25,0
Z3,28,12,720,14080.0,0.053244,264442.941928,265656.0,1.0,2,33.187545,345750.370817,345750.370817,8669879.7965677,23883204.5453381,1337856.5943235,25777933.935137503,177911181.4228415,50,25,0
Z3,29,12,720,21056.0,0.061123,344485.709144,345176.0,1.0,2,33.187545,361758.924261,361758.924261,8669879.7965677,23883204.5453381,1337856.5943235,25777933.935137503,177911181.4228415,50,25,0
Z3,30,12,720,21064.0,0.074037,284506.395451,284648.0,1.0,2,33.187545,349763.061522,349763.061522,8669879.7965677,23883204.5453381,1337856.5943235,25777933.935137503,177911181.4228415,50,25,0
Z3,31,12,720,16432.0,0.073698,222963.988168,225088.0,1.0,2,33.187545,337454.580065,337454.580065,8669879.7965677,23883204.5453381,1337856.5943235,25777933.935137503,177911181.4228415,50,25,0
Z3,32,12,720,26024.0,0.068895,377734.233254,382704.0,1.0,2,33.187545,368408.629082,368408.629082,8669879.7965677,23883204.5453381,1337856.5943235,25777933.935137503,177911181.4228415,50,25,0
Z3,33,12,720,25696.0,0.0586,438498.293515,443032.0,1.0,2,33.187545,380561.441135,380561.441135,8669879.7965677,23883204.5453381,1337856.5943235,25777933.935137503,177911181.4228415,50,25,0
Z3,34,12,720,13400.0,0.030893,433755.219629,446664.0,1.0,2,33.187545,379612.826358,379612.826358,8669879.7965677,23883204.5453381,1337856.5943235,25777933.935137503,177911181.4228415,50,25,0
Z3,35,12,720,31112.0,0.068229,455993.785634,457528.0,1.0,2,33.187545,384060.539559,384060.539559,8669879.7965677,23883204.5453381,1337856.5943235,25777933.935137503,177911181.4228415,50,25,0
Z3,36,12,720,34872.0,0.043705,797894.977691,810976.0,1.0,2,33.187545,452440.77797,452440.77797,8669879.7965677,23883204.5453381,1337856.5943235,25777933.935137503,177911181.4228415,50,25,0
Z3,37,12,720,18096.0,0.032698,553428.344241,565496.0,1.0,2,33.187545,403547.45128,403547.45128,8669879.7965677,23883204.5453381,1337856.5943235,25777933.935137503,177911181.4228415,50,25,0
Z3,38,12,720,26888.0,0.075175,357672.098437,358504.0,1.0,2,33.187545,364396.202119,364396.202119,8669879.7965677,23883204.5453381,1337856.5943235,25777933.935137503,177911181.4228415,50,25,0
