Zone, Tile_no, Seg_no, Reso, Seg_d_size, Seg_d_time, Bitrate, Bitrate1, Buf_lev, Buf_limit, Elapsed, Ref_vp, Local_avg
Z1, 0, 1, 720, 9960.000000, 0.271304, 36711.585528, 36752.000000, 1.000000, 2, 0.000064, 36711.585528, 36711.585528
Z2, 0, 1, 720, 8952.000000, 0.152125, 58846.343468, 58888.000000, 1.000000, 2, 0.000064, 29423.171734, 29423.171734
Z2, 1, 1, 720, 5424.000000, 0.039118, 138657.395572, 139072.000000, 1.000000, 2, 0.000064, 46219.131857, 46219.131857
Z2, 2, 1, 720, 7080.000000, 0.055257, 128128.562897, 128720.000000, 1.000000, 2, 0.000064, 32032.140724, 32032.140724
Z2, 3, 1, 720, 18976.000000, 0.069271, 273938.589020, 275008.000000, 1.000000, 2, 0.000064, 54787.717804, 54787.717804
Z2, 4, 1, 720, 8720.000000, 0.051620, 168926.772569, 170976.000000, 1.000000, 2, 0.000064, 33785.354514, 33785.354514
Z2, 5, 1, 720, 8336.000000, 0.050090, 166420.443202, 166720.000000, 1.000000, 2, 0.000064, 33284.088640, 33284.088640
Z2, 6, 1, 720, 6376.000000, 0.055155, 115601.486719, 115920.000000, 1.000000, 2, 0.000064, 23120.297344, 23120.297344
Z2, 7, 1, 720, 6872.000000, 0.060055, 114428.440596, 114528.000000, 1.000000, 2, 0.000064, 22885.688119, 22885.688119
Z3, 0, 1, 720, 7080.000000, 0.280139, 25273.167963, 25280.000000, 1.000000, 2, 0.000064, 5054.633593, 5054.633593
Z3, 1, 1, 720, 7080.000000, 0.070484, 100448.328699, 101136.000000, 1.000000, 2, 0.000064, 20089.665740, 20089.665740
Z3, 2, 1, 720, 5664.000000, 0.065293, 86747.430812, 87136.000000, 1.000000, 2, 0.000064, 17349.486162, 17349.486162
Z3, 3, 1, 720, 7080.000000, 0.060767, 116510.606086, 118000.000000, 1.000000, 2, 0.000064, 23302.121217, 23302.121217
Z3, 4, 1, 720, 7080.000000, 0.046356, 152731.038053, 153912.000000, 1.000000, 2, 0.000064, 30546.207611, 30546.207611
Z3, 5, 1, 720, 5664.000000, 0.074115, 76421.776968, 76536.000000, 1.000000, 2, 0.000064, 15284.355394, 15284.355394
Z3, 6, 1, 720, 7080.000000, 0.063373, 111719.501996, 112376.000000, 1.000000, 2, 0.000064, 22343.900399, 22343.900399
Z3, 7, 1, 720, 7080.000000, 0.035945, 196967.589373, 202280.000000, 1.000000, 2, 0.000064, 39393.517875, 39393.517875
Z3, 8, 1, 720, 5664.000000, 0.029093, 194686.006943, 195304.000000, 1.000000, 2, 0.000064, 38937.201389, 38937.201389
Z3, 9, 1, 720, 7080.000000, 0.068752, 102978.822434, 104112.000000, 1.000000, 2, 0.000064, 20595.764487, 20595.764487
Z3, 10, 1, 720, 12904.000000, 0.032733, 394219.900406, 403248.000000, 1.000000, 2, 0.000064, 78843.980081, 78843.980081
Z3, 11, 1, 720, 17344.000000, 0.062444, 277752.866568, 279736.000000, 1.000000, 2, 0.000064, 55550.573314, 55550.573314
Z3, 12, 1, 720, 16912.000000, 0.067959, 248855.927839, 252416.000000, 1.000000, 2, 0.000064, 49771.185568, 49771.185568
Z3, 13, 1, 720, 13240.000000, 0.037260, 355340.848094, 357832.000000, 1.000000, 2, 0.000064, 71068.169619, 71068.169619
Z3, 14, 1, 720, 28328.000000, 0.040906, 692514.545543, 708200.000000, 1.000000, 2, 0.000064, 138502.909109, 138502.909109
Z3, 15, 1, 720, 30528.000000, 0.063672, 479457.218243, 484568.000000, 1.000000, 2, 0.000064, 95891.443649, 95891.443649
Z3, 16, 1, 720, 16360.000000, 0.036908, 443264.332936, 454440.000000, 1.000000, 2, 0.000064, 88652.866587, 88652.866587
Z3, 17, 1, 720, 33216.000000, 0.056521, 587675.377293, 593136.000000, 1.000000, 2, 0.000064, 117535.075459, 117535.075459
Z3, 18, 1, 720, 28000.000000, 0.058233, 480827.022479, 482752.000000, 1.000000, 2, 0.000064, 96165.404496, 96165.404496
Z3, 19, 1, 720, 15744.000000, 0.067871, 231969.471497, 234984.000000, 1.000000, 2, 0.000064, 46393.894299, 46393.894299
Z3, 20, 1, 720, 16024.000000, 0.053270, 300807.208560, 302336.000000, 1.000000, 2, 0.000064, 60161.441712, 60161.441712
Z3, 21, 1, 720, 11576.000000, 0.075926, 152464.241498, 154344.000000, 1.000000, 2, 0.000064, 30492.848300, 30492.848300
Z3, 22, 1, 720, 10816.000000, 0.068777, 157261.875336, 159056.000000, 1.000000, 2, 0.000064, 31452.375067, 31452.375067
Z3, 23, 1, 720, 13224.000000, 0.058735, 225146.846003, 228000.000000, 1.000000, 2, 0.000064, 45029.369201, 45029.369201
Z3, 24, 1, 720, 17528.000000, 0.048660, 360213.727908, 365160.000000, 1.000000, 2, 0.000064, 72042.745582, 72042.745582
Z3, 25, 1, 720, 23824.000000, 0.069810, 341269.159146, 345272.000000, 1.000000, 2, 0.000064, 68253.831829, 68253.831829
Z3, 26, 1, 720, 11024.000000, 0.045481, 242386.930806, 244976.000000, 1.000000, 2, 0.000064, 48477.386161, 48477.386161
Z3, 27, 1, 720, 15112.000000, 0.030711, 492071.244831, 503728.000000, 1.000000, 2, 0.000064, 98414.248966, 98414.248966
Z3, 28, 1, 720, 24552.000000, 0.059330, 413821.001180, 416128.000000, 1.000000, 2, 0.000064, 82764.200236, 82764.200236
Z3, 29, 1, 720, 10824.000000, 0.040016, 270491.803279, 270600.000000, 1.000000, 2, 0.000064, 54098.360656, 54098.360656
Z3, 30, 1, 720, 6872.000000, 0.027637, 248652.169193, 254512.000000, 1.000000, 2, 0.000064, 49730.433839, 49730.433839
Z3, 31, 1, 720, 6872.000000, 0.064717, 106185.391783, 107368.000000, 1.000000, 2, 0.000064, 21237.078357, 21237.078357
Z3, 32, 1, 720, 6376.000000, 0.062097, 102678.068184, 102832.000000, 1.000000, 2, 0.000064, 20535.613637, 20535.613637
Z3, 33, 1, 720, 6872.000000, 0.030276, 226978.464791, 229064.000000, 1.000000, 2, 0.000064, 45395.692958, 45395.692958
Z3, 34, 1, 720, 6872.000000, 0.047063, 146017.040988, 146208.000000, 1.000000, 2, 0.000064, 29203.408198, 29203.408198
Z3, 35, 1, 720, 6376.000000, 0.047682, 133719.223187, 135656.000000, 1.000000, 2, 0.000064, 26743.844637, 26743.844637
Z3, 36, 1, 720, 6872.000000, 0.068822, 99851.791578, 101056.000000, 1.000000, 2, 0.000064, 19970.358316, 19970.358316
Z3, 37, 1, 720, 6872.000000, 0.035353, 194382.372076, 196336.000000, 1.000000, 2, 0.000064, 38876.474415, 38876.474415
Z3, 38, 1, 720, 6376.000000, 0.056443, 112963.520720, 113856.000000, 1.000000, 2, 0.000064, 22592.704144, 22592.704144
Z1, 0, 2, 720, 9320.000000, 0.207833, 44843.696622, 45024.000000, 1.000000, 2, 3.119893, 31561.443468, 31561.443468
Z2, 0, 2, 720, 6624.000000, 0.147819, 44811.560084, 45056.000000, 1.000000, 2, 3.119893, 31555.016161, 31555.016161
Z2, 1, 2, 720, 5424.000000, 0.313050, 17326.305702, 17328.000000, 1.000000, 2, 3.119893, 26057.965284, 26057.965284
Z2, 2, 2, 720, 7080.000000, 0.061905, 114368.790889, 116064.000000, 1.000000, 2, 3.119893, 45466.462322, 45466.462322
Z2, 3, 2, 720, 18392.000000, 0.048800, 376885.245902, 383160.000000, 1.000000, 2, 3.119893, 97969.753324, 97969.753324
Z2, 4, 2, 720, 9160.000000, 0.068434, 133851.594237, 134704.000000, 1.000000, 2, 3.119893, 49363.022991, 49363.022991
Z2, 5, 2, 720, 8048.000000, 0.049999, 160963.219264, 164240.000000, 1.000000, 2, 3.119893, 54785.347997, 54785.347997
Z2, 6, 2, 720, 6376.000000, 0.040643, 156878.183205, 159400.000000, 1.000000, 2, 3.119893, 53968.340785, 53968.340785
Z2, 7, 2, 720, 6872.000000, 0.073936, 92945.249946, 94136.000000, 1.000000, 2, 3.119893, 41181.754133, 41181.754133
Z3, 0, 2, 720, 7080.000000, 0.221358, 31984.387282, 32032.000000, 1.000000, 2, 3.119893, 28989.581600, 28989.581600
Z3, 1, 2, 720, 7080.000000, 0.047170, 150095.399618, 150632.000000, 1.000000, 2, 3.119893, 52611.784068, 52611.784068
Z3, 2, 2, 720, 5664.000000, 0.033192, 170643.528561, 171632.000000, 1.000000, 2, 3.119893, 56721.409856, 56721.409856
Z3, 3, 2, 720, 7080.000000, 0.067308, 105188.090569, 105664.000000, 1.000000, 2, 3.119893, 43630.322258, 43630.322258
Z3, 4, 2, 720, 7080.000000, 0.051465, 137569.221801, 138816.000000, 1.000000, 2, 3.119893, 50106.548504, 50106.548504
Z3, 5, 2, 720, 5664.000000, 0.033710, 168021.358647, 171632.000000, 1.000000, 2, 3.119893, 56196.975873, 56196.975873
Z3, 6, 2, 720, 7080.000000, 0.039020, 181445.412609, 181536.000000, 1.000000, 2, 3.119893, 58881.786666, 58881.786666
Z3, 7, 2, 720, 7080.000000, 0.051576, 137273.150302, 138816.000000, 1.000000, 2, 3.119893, 50047.334204, 50047.334204
Z3, 8, 2, 720, 5664.000000, 0.061032, 92803.775069, 92848.000000, 1.000000, 2, 3.119893, 41153.459158, 41153.459158
Z3, 9, 2, 720, 7080.000000, 0.057867, 122349.525636, 124208.000000, 1.000000, 2, 3.119893, 47062.609271, 47062.609271
Z3, 10, 2, 720, 12648.000000, 0.058176, 217409.240924, 218064.000000, 1.000000, 2, 3.119893, 66074.552329, 66074.552329
Z3, 11, 2, 720, 17112.000000, 0.026191, 653354.205643, 658152.000000, 1.000000, 2, 3.119893, 153263.545273, 153263.545273
Z3, 12, 2, 720, 15320.000000, 0.038342, 399561.838193, 403152.000000, 1.000000, 2, 3.119893, 102505.071783, 102505.071783
Z3, 13, 2, 720, 10704.000000, 0.033775, 316920.799408, 324360.000000, 1.000000, 2, 3.119893, 85976.864026, 85976.864026
Z3, 14, 2, 720, 18776.000000, 0.052951, 354591.981266, 361072.000000, 1.000000, 2, 3.119893, 93511.100397, 93511.100397
Z3, 15, 2, 720, 21848.000000, 0.050180, 435392.586688, 436960.000000, 1.000000, 2, 3.119893, 109671.221482, 109671.221482
Z3, 16, 2, 720, 12752.000000, 0.026692, 477746.141166, 490456.000000, 1.000000, 2, 3.119893, 118141.932377, 118141.932377
Z3, 17, 2, 720, 21856.000000, 0.066960, 326403.823178, 331144.000000, 1.000000, 2, 3.119893, 87873.468780, 87873.468780
Z3, 18, 2, 720, 16880.000000, 0.066804, 252679.480271, 255752.000000, 1.000000, 2, 3.119893, 73128.600198, 73128.600198
Z3, 19, 2, 720, 12128.000000, 0.064034, 189399.381579, 189496.000000, 1.000000, 2, 3.119893, 60472.580460, 60472.580460
Z3, 20, 2, 720, 15344.000000, 0.032827, 467420.111494, 479496.000000, 1.000000, 2, 3.119893, 116076.726443, 116076.726443
Z3, 21, 2, 720, 11592.000000, 0.028892, 401218.330334, 414000.000000, 1.000000, 2, 3.119893, 102836.370211, 102836.370211
Z3, 22, 2, 720, 9952.000000, 0.069569, 143052.221535, 144224.000000, 1.000000, 2, 3.119893, 51203.148451, 51203.148451
Z3, 23, 2, 720, 11064.000000, 0.051669, 214132.264994, 216936.000000, 1.000000, 2, 3.119893, 65419.157143, 65419.157143
Z3, 24, 2, 720, 14728.000000, 0.222610, 66160.549841, 66336.000000, 1.000000, 2, 3.119893, 35824.814112, 35824.814112
Z3, 25, 2, 720, 16264.000000, 0.026446, 614989.034258, 625536.000000, 1.000000, 2, 3.119893, 145590.510996, 145590.510996
Z3, 26, 2, 720, 9504.000000, 0.057626, 164925.554437, 166736.000000, 1.000000, 2, 3.119893, 55577.815031, 55577.815031
Z3, 27, 2, 720, 12688.000000, 0.033633, 377248.535664, 384480.000000, 1.000000, 2, 3.119893, 98042.411277, 98042.411277
Z3, 28, 2, 720, 17320.000000, 0.040965, 422799.951178, 433000.000000, 1.000000, 2, 3.119893, 107152.694380, 107152.694380
Z3, 29, 2, 720, 10632.000000, 0.033265, 319615.211183, 322176.000000, 1.000000, 2, 3.119893, 86515.746381, 86515.746381
Z3, 30, 2, 720, 6872.000000, 0.287632, 23891.639317, 23944.000000, 1.000000, 2, 3.119893, 27371.032007, 27371.032007
Z3, 31, 2, 720, 6872.000000, 0.059735, 115041.432996, 116472.000000, 1.000000, 2, 3.119893, 45600.990743, 45600.990743
Z3, 32, 2, 720, 6376.000000, 0.035417, 180026.540927, 182168.000000, 1.000000, 2, 3.119893, 58598.012329, 58598.012329
Z3, 33, 2, 720, 6872.000000, 0.071851, 95642.371018, 96784.000000, 1.000000, 2, 3.119893, 41721.178348, 41721.178348
Z3, 34, 2, 720, 6872.000000, 0.041063, 167352.604534, 167608.000000, 1.000000, 2, 3.119893, 56063.225051, 56063.225051
Z3, 35, 2, 720, 6376.000000, 0.074953, 85066.641762, 86160.000000, 1.000000, 2, 3.119893, 39606.032496, 39606.032496
Z3, 36, 2, 720, 6872.000000, 0.047551, 144518.516961, 146208.000000, 1.000000, 2, 3.119893, 51496.407536, 51496.407536
Z3, 37, 2, 720, 6872.000000, 0.064042, 107304.581368, 107368.000000, 1.000000, 2, 3.119893, 44053.620418, 44053.620418
Z3, 38, 2, 720, 6376.000000, 0.065562, 97251.456636, 98088.000000, 1.000000, 2, 3.119893, 42042.995471, 42042.995471
Z1, 0, 3, 720, 7080.000000, 0.188052, 37649.160870, 37656.000000, 1.000000, 2, 6.632386, 49572.827645, 49572.827645
Z2, 0, 3, 720, 6624.000000, 0.183339, 36129.792352, 36192.000000, 1.000000, 2, 6.632386, 49268.953942, 49268.953942
Z2, 1, 3, 720, 5664.000000, 0.066028, 85781.789544, 85816.000000, 1.000000, 2, 6.632386, 59199.353380, 59199.353380
Z2, 2, 3, 720, 7080.000000, 0.069821, 101402.156944, 102608.000000, 1.000000, 2, 6.632386, 62323.426860, 62323.426860
Z2, 3, 3, 720, 12544.000000, 0.050639, 247714.212366, 250880.000000, 1.000000, 2, 6.632386, 91585.837944, 91585.837944
Z2, 4, 3, 720, 15304.000000, 0.063173, 242255.393918, 242920.000000, 1.000000, 2, 6.632386, 90494.074255, 90494.074255
Z2, 5, 3, 720, 9896.000000, 0.038375, 257876.221498, 260416.000000, 1.000000, 2, 6.632386, 93618.239771, 93618.239771
Z2, 6, 3, 720, 6376.000000, 0.058938, 108181.478842, 109928.000000, 1.000000, 2, 6.632386, 63679.291240, 63679.291240
Z2, 7, 3, 720, 6872.000000, 0.032353, 212406.886533, 214744.000000, 1.000000, 2, 6.632386, 84524.372778, 84524.372778
Z3, 0, 3, 720, 5424.000000, 0.253577, 21389.952559, 21432.000000, 1.000000, 2, 6.632386, 46320.985983, 46320.985983
Z3, 1, 3, 720, 7080.000000, 0.052309, 135349.557438, 136152.000000, 1.000000, 2, 6.632386, 69112.906959, 69112.906959
Z3, 2, 3, 720, 7080.000000, 0.042717, 165741.976262, 168568.000000, 1.000000, 2, 6.632386, 75191.390724, 75191.390724
Z3, 3, 3, 720, 5664.000000, 0.044575, 127066.741447, 128720.000000, 1.000000, 2, 6.632386, 67456.343761, 67456.343761
Z3, 4, 3, 720, 7080.000000, 0.027675, 255826.558266, 262216.000000, 1.000000, 2, 6.632386, 93208.307124, 93208.307124
Z3, 5, 3, 720, 7080.000000, 0.032627, 216998.191682, 221248.000000, 1.000000, 2, 6.632386, 85442.633808, 85442.633808
Z3, 6, 3, 720, 5664.000000, 0.067300, 84160.475483, 84536.000000, 1.000000, 2, 6.632386, 58875.090568, 58875.090568
Z3, 7, 3, 720, 7080.000000, 0.053297, 132840.497589, 133584.000000, 1.000000, 2, 6.632386, 68611.094989, 68611.094989
Z3, 8, 3, 720, 7080.000000, 0.067422, 105010.234048, 105664.000000, 1.000000, 2, 6.632386, 63045.042281, 63045.042281
Z3, 9, 3, 720, 14120.000000, 0.052470, 269106.155899, 271536.000000, 1.000000, 2, 6.632386, 95864.226651, 95864.226651
Z3, 10, 3, 720, 17536.000000, 0.033904, 517225.106182, 531392.000000, 1.000000, 2, 6.632386, 145488.016708, 145488.016708
Z3, 11, 3, 720, 16008.000000, 0.047641, 336013.097962, 340592.000000, 1.000000, 2, 6.632386, 109245.615064, 109245.615064
Z3, 12, 3, 720, 10896.000000, 0.068716, 158565.690669, 160232.000000, 1.000000, 2, 6.632386, 73756.133605, 73756.133605
Z3, 13, 3, 720, 19720.000000, 0.027943, 705722.363383, 730368.000000, 1.000000, 2, 6.632386, 183187.468148, 183187.468148
Z3, 14, 3, 720, 20104.000000, 0.069716, 288369.958116, 291360.000000, 1.000000, 2, 6.632386, 99716.987094, 99716.987094
Z3, 15, 3, 720, 12504.000000, 0.029312, 426582.969432, 431168.000000, 1.000000, 2, 6.632386, 127359.589358, 127359.589358
Z3, 16, 3, 720, 23072.000000, 0.067376, 342436.475896, 344352.000000, 1.000000, 2, 6.632386, 110530.290651, 110530.290651
Z3, 17, 3, 720, 18112.000000, 0.072895, 248466.973043, 251552.000000, 1.000000, 2, 6.632386, 91736.390080, 91736.390080
Z3, 18, 3, 720, 18632.000000, 0.059342, 313976.610158, 315792.000000, 1.000000, 2, 6.632386, 104838.317503, 104838.317503
Z3, 19, 3, 720, 9664.000000, 0.058277, 165828.714587, 166616.000000, 1.000000, 2, 6.632386, 75208.738389, 75208.738389
Z3, 20, 3, 720, 12280.000000, 0.067069, 183095.021545, 183280.000000, 1.000000, 2, 6.632386, 78661.999780, 78661.999780
Z3, 21, 3, 720, 10368.000000, 0.064413, 160961.296633, 162000.000000, 1.000000, 2, 6.632386, 74235.254798, 74235.254798
Z3, 22, 3, 720, 10520.000000, 0.065534, 160527.359844, 161840.000000, 1.000000, 2, 6.632386, 74148.467440, 74148.467440
Z3, 23, 3, 720, 15288.000000, 0.031743, 481617.994518, 493160.000000, 1.000000, 2, 6.632386, 138366.594375, 138366.594375
Z3, 24, 3, 720, 16344.000000, 0.037446, 436468.514661, 441728.000000, 1.000000, 2, 6.632386, 129336.698404, 129336.698404
Z3, 25, 3, 720, 9016.000000, 0.037833, 238310.469696, 243672.000000, 1.000000, 2, 6.632386, 89705.089410, 89705.089410
Z3, 26, 3, 720, 13800.000000, 0.030785, 448270.261491, 460000.000000, 1.000000, 2, 6.632386, 131697.047769, 131697.047769
Z3, 27, 3, 720, 17664.000000, 0.050342, 350879.980930, 353280.000000, 1.000000, 2, 6.632386, 112218.991657, 112218.991657
Z3, 28, 3, 720, 10240.000000, 0.053081, 192912.718298, 193200.000000, 1.000000, 2, 6.632386, 80625.539131, 80625.539131
Z3, 29, 3, 720, 8424.000000, 0.074028, 113794.780353, 113832.000000, 1.000000, 2, 6.632386, 64801.951542, 64801.951542
Z3, 30, 3, 720, 6376.000000, 0.041886, 152222.699709, 155512.000000, 1.000000, 2, 6.632386, 72487.535413, 72487.535413
Z3, 31, 3, 720, 6872.000000, 0.035577, 193158.501279, 196336.000000, 1.000000, 2, 6.632386, 80674.695727, 80674.695727
Z3, 32, 3, 720, 6872.000000, 0.043932, 156423.563689, 159808.000000, 1.000000, 2, 6.632386, 73327.708209, 73327.708209
Z3, 33, 3, 720, 6376.000000, 0.051042, 124916.735238, 125016.000000, 1.000000, 2, 6.632386, 67026.342519, 67026.342519
Z3, 34, 3, 720, 6872.000000, 0.065497, 104920.836069, 105720.000000, 1.000000, 2, 6.632386, 63027.162685, 63027.162685
Z3, 35, 3, 720, 6872.000000, 0.043594, 157636.371978, 159808.000000, 1.000000, 2, 6.632386, 73570.269867, 73570.269867
Z3, 36, 3, 720, 6376.000000, 0.071779, 88828.208808, 89800.000000, 1.000000, 2, 6.632386, 59808.637233, 59808.637233
Z3, 37, 3, 720, 6872.000000, 0.027251, 252174.232138, 254512.000000, 1.000000, 2, 6.632386, 92477.841899, 92477.841899
Z3, 38, 3, 720, 6872.000000, 0.059705, 115099.237920, 116472.000000, 1.000000, 2, 6.632386, 65062.843055, 65062.843055
Z1, 0, 4, 720, 22592.000000, 0.185050, 122085.922724, 122112.000000, 1.000000, 2, 9.572190, 89480.027600, 89480.027600
Z2, 0, 4, 720, 6624.000000, 0.183675, 36063.699469, 36192.000000, 1.000000, 2, 9.572190, 72275.582949, 72275.582949
Z2, 1, 4, 720, 6648.000000, 0.029784, 223207.091056, 229240.000000, 1.000000, 2, 9.572190, 109704.261266, 109704.261266
Z2, 2, 4, 720, 7200.000000, 0.062203, 115750.044210, 116128.000000, 1.000000, 2, 9.572190, 88212.851897, 88212.851897
Z2, 3, 4, 720, 7296.000000, 0.066301, 110043.589086, 110544.000000, 1.000000, 2, 9.572190, 87071.560872, 87071.560872
Z2, 4, 4, 720, 17272.000000, 0.041372, 417480.421541, 421264.000000, 1.000000, 2, 9.572190, 148558.927363, 148558.927363
Z2, 5, 4, 720, 26240.000000, 0.061358, 427654.095635, 430160.000000, 1.000000, 2, 9.572190, 150593.662182, 150593.662182
Z2, 6, 4, 720, 12720.000000, 0.037370, 340379.983944, 343776.000000, 1.000000, 2, 9.572190, 133138.839844, 133138.839844
Z2, 7, 4, 720, 11496.000000, 0.049901, 230376.144767, 234608.000000, 1.000000, 2, 9.572190, 111138.072009, 111138.072009
Z3, 0, 4, 720, 6448.000000, 0.197736, 32609.135413, 32728.000000, 1.000000, 2, 9.572190, 71584.670138, 71584.670138
Z3, 1, 4, 720, 7448.000000, 0.053800, 138438.661710, 140528.000000, 1.000000, 2, 9.572190, 92750.575397, 92750.575397
Z3, 2, 4, 720, 7424.000000, 0.324619, 22869.887468, 22912.000000, 1.000000, 2, 9.572190, 69636.820549, 69636.820549
Z3, 3, 4, 720, 6648.000000, 0.055131, 120585.514502, 120872.000000, 1.000000, 2, 9.572190, 89179.945956, 89179.945956
Z3, 4, 4, 720, 7224.000000, 0.030510, 236774.827925, 240800.000000, 1.000000, 2, 9.572190, 112417.808640, 112417.808640
Z3, 5, 4, 720, 7240.000000, 0.039107, 185133.096377, 185640.000000, 1.000000, 2, 9.572190, 102089.462331, 102089.462331
Z3, 6, 4, 720, 6648.000000, 0.046826, 141972.408491, 144520.000000, 1.000000, 2, 9.572190, 93457.324753, 93457.324753
Z3, 7, 4, 720, 7232.000000, 0.057023, 126826.017572, 126872.000000, 1.000000, 2, 9.572190, 90428.046570, 90428.046570
Z3, 8, 4, 720, 7296.000000, 0.055396, 131706.260380, 132648.000000, 1.000000, 2, 9.572190, 91404.095131, 91404.095131
Z3, 9, 4, 720, 16456.000000, 0.042918, 383428.864346, 391808.000000, 1.000000, 2, 9.572190, 141748.615924, 141748.615924
Z3, 10, 4, 720, 25392.000000, 0.052365, 484904.038957, 488304.000000, 1.000000, 2, 9.572190, 162043.650847, 162043.650847
Z3, 11, 4, 720, 21592.000000, 0.040589, 531966.789032, 539800.000000, 1.000000, 2, 9.572190, 171456.200862, 171456.200862
Z3, 12, 4, 720, 13528.000000, 0.054292, 249171.148604, 250512.000000, 1.000000, 2, 9.572190, 114897.072776, 114897.072776
Z3, 13, 4, 720, 29512.000000, 0.070905, 416218.884423, 421600.000000, 1.000000, 2, 9.572190, 148306.619940, 148306.619940
Z3, 14, 4, 720, 29688.000000, 0.034222, 867512.126702, 873176.000000, 1.000000, 2, 9.572190, 238565.268396, 238565.268396
Z3, 15, 4, 720, 16760.000000, 0.062125, 269778.672032, 270320.000000, 1.000000, 2, 9.572190, 119018.577462, 119018.577462
Z3, 16, 4, 720, 33128.000000, 0.052092, 635951.777624, 637072.000000, 1.000000, 2, 9.572190, 192253.198580, 192253.198580
Z3, 17, 4, 720, 26248.000000, 0.040412, 649510.046521, 656200.000000, 1.000000, 2, 9.572190, 194964.852359, 194964.852359
Z3, 18, 4, 720, 14624.000000, 0.056882, 257093.632432, 261136.000000, 1.000000, 2, 9.572190, 116481.569542, 116481.569542
Z3, 19, 4, 720, 26816.000000, 0.070661, 379502.129888, 383080.000000, 1.000000, 2, 9.572190, 140963.269033, 140963.269033
Z3, 20, 4, 720, 23128.000000, 0.064609, 357968.704051, 361368.000000, 1.000000, 2, 9.572190, 136656.583865, 136656.583865
Z3, 21, 4, 720, 19440.000000, 0.055111, 352742.646659, 353448.000000, 1.000000, 2, 9.572190, 135611.372387, 135611.372387
Z3, 22, 4, 720, 29088.000000, 0.052170, 557561.817136, 559384.000000, 1.000000, 2, 9.572190, 176575.206483, 176575.206483
Z3, 23, 4, 720, 29840.000000, 0.053040, 562594.268477, 563016.000000, 1.000000, 2, 9.572190, 177581.696751, 177581.696751
Z3, 24, 4, 720, 17200.000000, 0.041246, 417010.134316, 419512.000000, 1.000000, 2, 9.572190, 148464.869918, 148464.869918
Z3, 25, 4, 720, 25664.000000, 0.039624, 647688.269736, 658048.000000, 1.000000, 2, 9.572190, 194600.497002, 194600.497002
Z3, 26, 4, 720, 26808.000000, 0.629892, 42559.676897, 42616.000000, 1.000000, 2, 9.572190, 73574.778435, 73574.778435
Z3, 27, 4, 720, 17472.000000, 0.046752, 373716.632444, 379824.000000, 1.000000, 2, 9.572190, 139806.169544, 139806.169544
Z3, 28, 4, 720, 6448.000000, 0.035519, 181536.642360, 184224.000000, 1.000000, 2, 9.572190, 101370.171527, 101370.171527
Z3, 29, 4, 720, 7200.000000, 0.032215, 223498.370324, 225000.000000, 1.000000, 2, 9.572190, 109762.517120, 109762.517120
Z3, 30, 4, 720, 7520.000000, 0.050712, 148288.373560, 150400.000000, 1.000000, 2, 9.572190, 94720.517767, 94720.517767
Z3, 31, 4, 720, 6728.000000, 0.072148, 93252.758219, 93440.000000, 1.000000, 2, 9.572190, 83713.394699, 83713.394699
Z3, 32, 4, 720, 7224.000000, 0.038719, 186575.066505, 190104.000000, 1.000000, 2, 9.572190, 102377.856356, 102377.856356
Z3, 33, 4, 720, 7256.000000, 0.325790, 22272.015716, 22320.000000, 1.000000, 2, 9.572190, 69517.246198, 69517.246198
Z3, 34, 4, 720, 6544.000000, 0.050020, 130827.668932, 130880.000000, 1.000000, 2, 9.572190, 91228.376842, 91228.376842
Z3, 35, 4, 720, 12272.000000, 0.072482, 169311.001352, 170440.000000, 1.000000, 2, 9.572190, 98925.043326, 98925.043326
Z3, 36, 4, 720, 8544.000000, 0.069868, 122287.742600, 123824.000000, 1.000000, 2, 9.572190, 89520.391575, 89520.391575
Z3, 37, 4, 720, 6424.000000, 0.051443, 124876.076434, 125960.000000, 1.000000, 2, 9.572190, 90038.058342, 90038.058342
Z3, 38, 4, 720, 6872.000000, 0.062384, 110156.450372, 110832.000000, 1.000000, 2, 9.572190, 87094.133130, 87094.133130
Z1, 0, 5, 720, 20272.000000, 0.204773, 98997.426419, 99368.000000, 1.000000, 2, 13.578001, 106893.618413, 106893.618413
Z2, 0, 5, 720, 6624.000000, 0.155334, 42643.593804, 42728.000000, 1.000000, 2, 13.578001, 95622.851890, 95622.851890
Z2, 1, 5, 720, 7616.000000, 0.068589, 111038.213125, 112000.000000, 1.000000, 2, 13.578001, 109301.775755, 109301.775755
Z2, 2, 5, 720, 8792.000000, 0.031835, 276174.022302, 283608.000000, 1.000000, 2, 13.578001, 142328.937590, 142328.937590
Z2, 3, 5, 720, 8816.000000, 0.038961, 226277.559611, 232000.000000, 1.000000, 2, 13.578001, 132349.645052, 132349.645052
Z2, 4, 5, 720, 14976.000000, 0.036898, 405875.657217, 416000.000000, 1.000000, 2, 13.578001, 168269.264573, 168269.264573
Z2, 5, 5, 720, 25312.000000, 0.055272, 457953.394124, 460216.000000, 1.000000, 2, 13.578001, 178684.811954, 178684.811954
Z2, 6, 5, 720, 13208.000000, 0.069926, 188885.393130, 191416.000000, 1.000000, 2, 13.578001, 124871.211756, 124871.211756
Z2, 7, 5, 720, 16320.000000, 0.035653, 457745.491263, 466280.000000, 1.000000, 2, 13.578001, 178643.231382, 178643.231382
Z3, 0, 5, 720, 7712.000000, 0.198768, 38799.001851, 38944.000000, 1.000000, 2, 13.578001, 94853.933500, 94853.933500
Z3, 1, 5, 720, 9624.000000, 0.026333, 365472.980671, 370152.000000, 1.000000, 2, 13.578001, 160188.729264, 160188.729264
Z3, 2, 5, 720, 9096.000000, 0.208336, 43660.241149, 43728.000000, 1.000000, 2, 13.578001, 95826.181359, 95826.181359
Z3, 3, 5, 720, 7632.000000, 0.070967, 107542.942494, 109024.000000, 1.000000, 2, 13.578001, 108602.721629, 108602.721629
Z3, 4, 5, 720, 8304.000000, 0.065976, 125863.950527, 127752.000000, 1.000000, 2, 13.578001, 112266.923235, 112266.923235
Z3, 5, 5, 720, 8504.000000, 0.057664, 147475.027747, 149192.000000, 1.000000, 2, 13.578001, 116589.138679, 116589.138679
Z3, 6, 5, 720, 7384.000000, 0.049048, 150546.403523, 150688.000000, 1.000000, 2, 13.578001, 117203.413834, 117203.413834
Z3, 7, 5, 720, 8968.000000, 0.074022, 121153.170679, 121184.000000, 1.000000, 2, 13.578001, 111324.767265, 111324.767265
Z3, 8, 5, 720, 8912.000000, 0.029019, 307109.135394, 307304.000000, 1.000000, 2, 13.578001, 148515.960208, 148515.960208
Z3, 9, 5, 720, 16688.000000, 0.069416, 240405.670162, 241848.000000, 1.000000, 2, 13.578001, 135175.267162, 135175.267162
Z3, 10, 5, 720, 23832.000000, 0.466172, 51122.761556, 51136.000000, 1.000000, 2, 13.578001, 97318.685441, 97318.685441
Z3, 11, 5, 720, 21144.000000, 0.123978, 170546.387262, 171896.000000, 1.000000, 2, 13.578001, 121203.410582, 121203.410582
Z3, 12, 5, 720, 14272.000000, 0.060617, 235445.502087, 237864.000000, 1.000000, 2, 13.578001, 134183.233547, 134183.233547
Z3, 13, 5, 720, 27640.000000, 0.063658, 434195.230764, 438728.000000, 1.000000, 2, 13.578001, 173933.179283, 173933.179283
Z3, 14, 5, 720, 33288.000000, 0.051163, 650626.429256, 652704.000000, 1.000000, 2, 13.578001, 217219.418981, 217219.418981
Z3, 15, 5, 720, 17576.000000, 0.059162, 297082.586796, 297896.000000, 1.000000, 2, 13.578001, 146510.650489, 146510.650489
Z3, 16, 5, 720, 34872.000000, 0.052818, 660229.467227, 670608.000000, 1.000000, 2, 13.578001, 219140.026575, 219140.026575
Z3, 17, 5, 720, 27336.000000, 0.073977, 369520.256296, 374464.000000, 1.000000, 2, 13.578001, 160998.184389, 160998.184389
Z3, 18, 5, 720, 18312.000000, 0.061447, 298012.921705, 300192.000000, 1.000000, 2, 13.578001, 146696.717471, 146696.717471
Z3, 19, 5, 720, 41432.000000, 0.052825, 784325.603407, 796768.000000, 1.000000, 2, 13.578001, 243959.253811, 243959.253811
Z3, 20, 5, 720, 36760.000000, 0.043831, 838675.823048, 854880.000000, 1.000000, 2, 13.578001, 254829.297739, 254829.297739
Z3, 21, 5, 720, 21272.000000, 0.063715, 333861.728008, 337648.000000, 1.000000, 2, 13.578001, 153866.478731, 153866.478731
Z3, 22, 5, 720, 43464.000000, 0.071693, 606251.656368, 612168.000000, 1.000000, 2, 13.578001, 208344.464403, 208344.464403
Z3, 23, 5, 720, 42000.000000, 0.044347, 947076.465150, 954544.000000, 1.000000, 2, 13.578001, 276509.426160, 276509.426160
Z3, 24, 5, 720, 20304.000000, 0.048869, 415478.114960, 423000.000000, 1.000000, 2, 13.578001, 170189.756122, 170189.756122
Z3, 25, 5, 720, 32736.000000, 0.063147, 518409.425626, 519616.000000, 1.000000, 2, 13.578001, 190776.018255, 190776.018255
Z3, 26, 5, 720, 34608.000000, 0.038017, 910329.589394, 910736.000000, 1.000000, 2, 13.578001, 269160.051008, 269160.051008
Z3, 27, 5, 720, 21272.000000, 0.044688, 476011.457214, 483448.000000, 1.000000, 2, 13.578001, 182296.424573, 182296.424573
Z3, 28, 5, 720, 8752.000000, 0.029732, 294362.975918, 301792.000000, 1.000000, 2, 13.578001, 145966.728313, 145966.728313
Z3, 29, 5, 720, 12760.000000, 0.191805, 66525.898699, 66800.000000, 1.000000, 2, 13.578001, 100399.312869, 100399.312869
Z3, 30, 5, 720, 15440.000000, 0.028934, 533628.257413, 551424.000000, 1.000000, 2, 13.578001, 193819.784612, 193819.784612
Z3, 31, 5, 720, 10000.000000, 0.065828, 151911.040894, 153840.000000, 1.000000, 2, 13.578001, 117476.341309, 117476.341309
Z3, 32, 5, 720, 15200.000000, 0.029543, 514504.281894, 524136.000000, 1.000000, 2, 13.578001, 189994.989508, 189994.989508
Z3, 33, 5, 720, 18352.000000, 0.046002, 398939.176558, 398952.000000, 1.000000, 2, 13.578001, 166881.968441, 166881.968441
Z3, 34, 5, 720, 11224.000000, 0.049144, 228390.037441, 229056.000000, 1.000000, 2, 13.578001, 132772.140618, 132772.140618
Z3, 35, 5, 720, 23240.000000, 0.054870, 423546.564607, 430368.000000, 1.000000, 2, 13.578001, 171803.446051, 171803.446051
Z3, 36, 5, 720, 16824.000000, 0.058246, 288843.869107, 290064.000000, 1.000000, 2, 13.578001, 144862.906951, 144862.906951
Z3, 37, 5, 720, 9680.000000, 0.068423, 141472.896541, 142352.000000, 1.000000, 2, 13.578001, 115388.712438, 115388.712438
Z3, 38, 5, 720, 12888.000000, 0.040885, 315225.632873, 322200.000000, 1.000000, 2, 13.578001, 150139.259704, 150139.259704
Z1, 0, 6, 720, 14912.000000, 0.149161, 99972.512922, 100080.000000, 1.000000, 2, 17.280099, 147541.058145, 147541.058145
Z2, 0, 6, 720, 6624.000000, 0.237337, 27909.681171, 27944.000000, 1.000000, 2, 17.280099, 133128.491794, 133128.491794
Z2, 1, 6, 720, 6768.000000, 0.039668, 170616.113744, 173536.000000, 1.000000, 2, 17.280099, 161669.778309, 161669.778309
Z2, 2, 6, 720, 7488.000000, 0.038734, 193318.531523, 197048.000000, 1.000000, 2, 17.280099, 166210.261865, 166210.261865
Z2, 3, 6, 720, 7752.000000, 0.037344, 207583.547558, 209512.000000, 1.000000, 2, 17.280099, 169063.265072, 169063.265072
Z2, 4, 6, 720, 10768.000000, 0.032828, 328012.672109, 336496.000000, 1.000000, 2, 17.280099, 193149.089982, 193149.089982
Z2, 5, 6, 720, 17456.000000, 0.038910, 448625.032125, 459368.000000, 1.000000, 2, 17.280099, 217271.561985, 217271.561985
Z2, 6, 6, 720, 9568.000000, 0.042344, 225958.813527, 227808.000000, 1.000000, 2, 17.280099, 172738.318266, 172738.318266
Z2, 7, 6, 720, 12800.000000, 0.072877, 175638.404435, 177776.000000, 1.000000, 2, 17.280099, 162674.236447, 162674.236447
Z3, 0, 6, 720, 6760.000000, 0.237136, 28506.848391, 28520.000000, 1.000000, 2, 17.280099, 133247.925238, 133247.925238
Z3, 1, 6, 720, 8320.000000, 0.066626, 124876.174466, 126056.000000, 1.000000, 2, 17.280099, 152521.790453, 152521.790453
Z3, 2, 6, 720, 7800.000000, 0.042179, 184926.148083, 185712.000000, 1.000000, 2, 17.280099, 164531.785177, 164531.785177
Z3, 3, 6, 720, 6928.000000, 0.324794, 21330.443296, 21376.000000, 1.000000, 2, 17.280099, 131812.644219, 131812.644219
Z3, 4, 6, 720, 7472.000000, 0.038069, 196275.184533, 196624.000000, 1.000000, 2, 17.280099, 166801.592467, 166801.592467
Z3, 5, 6, 720, 7416.000000, 0.075082, 98772.009270, 98880.000000, 1.000000, 2, 17.280099, 147300.957414, 147300.957414
Z3, 6, 6, 720, 6760.000000, 0.033339, 202765.529860, 204848.000000, 1.000000, 2, 17.280099, 168099.661532, 168099.661532
Z3, 7, 6, 720, 7600.000000, 0.029277, 259589.438809, 262064.000000, 1.000000, 2, 17.280099, 179464.443322, 179464.443322
Z3, 8, 6, 720, 7600.000000, 0.028711, 264706.906760, 271424.000000, 1.000000, 2, 17.280099, 180487.936912, 180487.936912
Z3, 9, 6, 720, 12912.000000, 0.065147, 198197.921623, 198640.000000, 1.000000, 2, 17.280099, 167186.139885, 167186.139885
Z3, 10, 6, 720, 17552.000000, 0.074367, 236018.664192, 237184.000000, 1.000000, 2, 17.280099, 174750.288399, 174750.288399
Z3, 11, 6, 720, 14968.000000, 0.069837, 214327.648668, 216920.000000, 1.000000, 2, 17.280099, 170412.085294, 170412.085294
Z3, 12, 6, 720, 10336.000000, 0.061794, 167265.430301, 169440.000000, 1.000000, 2, 17.280099, 160999.641620, 160999.641620
Z3, 13, 6, 720, 18344.000000, 0.028393, 646074.736731, 655136.000000, 1.000000, 2, 17.280099, 256761.502906, 256761.502906
Z3, 14, 6, 720, 20456.000000, 0.072474, 282252.945884, 284104.000000, 1.000000, 2, 17.280099, 183997.144737, 183997.144737
Z3, 15, 6, 720, 12480.000000, 0.042051, 296782.478419, 297136.000000, 1.000000, 2, 17.280099, 186903.051244, 186903.051244
Z3, 16, 6, 720, 18912.000000, 0.067440, 280427.046263, 282264.000000, 1.000000, 2, 17.280099, 183631.964813, 183631.964813
Z3, 17, 6, 720, 16112.000000, 0.063111, 255296.224113, 255744.000000, 1.000000, 2, 17.280099, 178605.800383, 178605.800383
Z3, 18, 6, 720, 16088.000000, 0.050991, 315506.658038, 321760.000000, 1.000000, 2, 17.280099, 190647.887168, 190647.887168
Z3, 19, 6, 720, 31984.000000, 0.048126, 664588.787765, 666328.000000, 1.000000, 2, 17.280099, 260464.313113, 260464.313113
Z3, 20, 6, 720, 21472.000000, 0.063184, 339832.869081, 340824.000000, 1.000000, 2, 17.280099, 195513.129376, 195513.129376
Z3, 21, 6, 720, 19320.000000, 0.032038, 603033.897247, 603744.000000, 1.000000, 2, 17.280099, 248153.335010, 248153.335010
Z3, 22, 6, 720, 33040.000000, 0.042463, 778089.159975, 786664.000000, 1.000000, 2, 17.280099, 283164.387555, 283164.387555
Z3, 23, 6, 720, 26472.000000, 0.045982, 575703.536166, 588264.000000, 1.000000, 2, 17.280099, 242687.262793, 242687.262793
Z3, 24, 6, 720, 12984.000000, 0.032485, 399692.165615, 405744.000000, 1.000000, 2, 17.280099, 207484.988683, 207484.988683
Z3, 25, 6, 720, 21128.000000, 0.058820, 359197.551853, 364272.000000, 1.000000, 2, 17.280099, 199386.065931, 199386.065931
Z3, 26, 6, 720, 21576.000000, 0.040792, 528927.240635, 539400.000000, 1.000000, 2, 17.280099, 233332.003687, 233332.003687
Z3, 27, 6, 720, 14376.000000, 0.072844, 197353.248037, 199664.000000, 1.000000, 2, 17.280099, 167017.205168, 167017.205168
Z3, 28, 6, 720, 7048.000000, 0.074698, 94353.262470, 95240.000000, 1.000000, 2, 17.280099, 146417.208054, 146417.208054
Z3, 29, 6, 720, 8656.000000, 0.038202, 226584.995550, 227784.000000, 1.000000, 2, 17.280099, 172863.554670, 172863.554670
Z3, 30, 6, 720, 9488.000000, 0.063812, 148686.767379, 150600.000000, 1.000000, 2, 17.280099, 157283.909036, 157283.909036
Z3, 31, 6, 720, 8424.000000, 0.073691, 114315.180958, 115392.000000, 1.000000, 2, 17.280099, 150409.591752, 150409.591752
Z3, 32, 6, 720, 9328.000000, 0.069008, 135172.733596, 135184.000000, 1.000000, 2, 17.280099, 154581.102279, 154581.102279
Z3, 33, 6, 720, 8680.000000, 0.065403, 132715.624666, 133536.000000, 1.000000, 2, 17.280099, 154089.680493, 154089.680493
Z3, 34, 6, 720, 7160.000000, 0.052543, 136269.341301, 137688.000000, 1.000000, 2, 17.280099, 154800.423820, 154800.423820
Z3, 35, 6, 720, 10360.000000, 0.040014, 258909.381716, 259000.000000, 1.000000, 2, 17.280099, 179328.431903, 179328.431903
Z3, 36, 6, 720, 9048.000000, 0.056093, 161303.549462, 161568.000000, 1.000000, 2, 17.280099, 159807.265453, 159807.265453
Z3, 37, 6, 720, 7176.000000, 0.056619, 126741.906427, 128136.000000, 1.000000, 2, 17.280099, 152894.936846, 152894.936846
Z3, 38, 6, 720, 8768.000000, 0.042058, 208474.012079, 208760.000000, 1.000000, 2, 17.280099, 169241.357976, 169241.357976
Z1, 0, 7, 720, 7408.000000, 0.199587, 37116.645874, 37224.000000, 1.000000, 2, 20.516464, 157214.395823, 157214.395823
Z2, 0, 7, 720, 6624.000000, 0.213556, 31017.625354, 31096.000000, 1.000000, 2, 20.516464, 155994.591719, 155994.591719
Z2, 1, 7, 720, 6792.000000, 0.035261, 192620.742463, 194056.000000, 1.000000, 2, 20.516464, 188315.215141, 188315.215141
Z2, 2, 7, 720, 7464.000000, 0.312634, 23874.562588, 23920.000000, 1.000000, 2, 20.516464, 154565.979166, 154565.979166
Z2, 3, 7, 720, 10144.000000, 0.041647, 243570.965496, 247408.000000, 1.000000, 2, 20.516464, 198505.259748, 198505.259748
Z2, 4, 7, 720, 14352.000000, 0.038563, 372170.214973, 377680.000000, 1.000000, 2, 20.516464, 224225.109643, 224225.109643
Z2, 5, 7, 720, 15008.000000, 0.040932, 366656.894361, 375200.000000, 1.000000, 2, 20.516464, 223122.445521, 223122.445521
Z2, 6, 7, 720, 7168.000000, 0.058004, 123577.684298, 123584.000000, 1.000000, 2, 20.516464, 174506.603508, 174506.603508
Z2, 7, 7, 720, 8160.000000, 0.031605, 258186.995729, 263224.000000, 1.000000, 2, 20.516464, 201428.465794, 201428.465794
Z3, 0, 7, 720, 6656.000000, 1.275989, 5216.345909, 5216.000000, 1.000000, 2, 20.516464, 150834.335830, 150834.335830
Z3, 1, 7, 720, 7664.000000, 0.072921, 105100.039769, 106440.000000, 1.000000, 2, 20.516464, 170811.074602, 170811.074602
Z3, 2, 7, 720, 7664.000000, 0.027775, 275931.593159, 283848.000000, 1.000000, 2, 20.516464, 204977.385280, 204977.385280
Z3, 3, 7, 720, 6920.000000, 0.056021, 123525.106656, 123568.000000, 1.000000, 2, 20.516464, 174496.087980, 174496.087980
Z3, 4, 7, 720, 7504.000000, 0.058717, 127799.444795, 129376.000000, 1.000000, 2, 20.516464, 175350.955607, 175350.955607
Z3, 5, 7, 720, 7480.000000, 0.039086, 191372.870081, 191792.000000, 1.000000, 2, 20.516464, 188065.640665, 188065.640665
Z3, 6, 7, 720, 6728.000000, 0.060076, 111991.477462, 112128.000000, 1.000000, 2, 20.516464, 172189.362141, 172189.362141
Z3, 7, 7, 720, 7632.000000, 0.029571, 258090.696967, 263168.000000, 1.000000, 2, 20.516464, 201409.206042, 201409.206042
Z3, 8, 7, 720, 7392.000000, 0.037828, 195410.806810, 199776.000000, 1.000000, 2, 20.516464, 188873.228011, 188873.228011
Z3, 9, 7, 720, 12800.000000, 0.070946, 180418.910157, 182856.000000, 1.000000, 2, 20.516464, 185874.848680, 185874.848680
Z3, 10, 7, 720, 16760.000000, 0.075282, 222629.579448, 223464.000000, 1.000000, 2, 20.516464, 194316.982538, 194316.982538
Z3, 11, 7, 720, 14104.000000, 0.075842, 185965.559980, 188048.000000, 1.000000, 2, 20.516464, 186984.178645, 186984.178645
Z3, 12, 7, 720, 9704.000000, 0.045935, 211255.034288, 215640.000000, 1.000000, 2, 20.516464, 192042.073506, 192042.073506
Z3, 13, 7, 720, 17248.000000, 0.048116, 358467.037992, 359328.000000, 1.000000, 2, 20.516464, 221484.474247, 221484.474247
Z3, 14, 7, 720, 21552.000000, 0.045061, 478284.991456, 478928.000000, 1.000000, 2, 20.516464, 245448.064940, 245448.064940
Z3, 15, 7, 720, 16688.000000, 0.065736, 253863.940611, 256736.000000, 1.000000, 2, 20.516464, 200563.854771, 200563.854771
Z3, 16, 7, 720, 23312.000000, 0.054483, 427876.585357, 431696.000000, 1.000000, 2, 20.516464, 235366.383720, 235366.383720
Z3, 17, 7, 720, 14952.000000, 0.027674, 540290.525403, 553776.000000, 1.000000, 2, 20.516464, 257849.171729, 257849.171729
Z3, 18, 7, 720, 16856.000000, 0.063946, 263597.410315, 267552.000000, 1.000000, 2, 20.516464, 202510.548712, 202510.548712
Z3, 19, 7, 720, 23928.000000, 0.056754, 421609.049582, 427280.000000, 1.000000, 2, 20.516464, 234112.876565, 234112.876565
Z3, 20, 7, 720, 29544.000000, 0.063703, 463777.216144, 468952.000000, 1.000000, 2, 20.516464, 242546.509877, 242546.509877
Z3, 21, 7, 720, 31920.000000, 0.073766, 432719.681154, 437256.000000, 1.000000, 2, 20.516464, 236335.002879, 236335.002879
Z3, 22, 7, 720, 15096.000000, 0.070017, 215604.781696, 215656.000000, 1.000000, 2, 20.516464, 192912.022988, 192912.022988
Z3, 23, 7, 720, 22296.000000, 0.069724, 319775.113304, 323128.000000, 1.000000, 2, 20.516464, 213746.089309, 213746.089309
Z3, 24, 7, 720, 24272.000000, 0.057288, 423683.843039, 425824.000000, 1.000000, 2, 20.516464, 234527.835256, 234527.835256
Z3, 25, 7, 720, 13368.000000, 0.072853, 183492.786845, 185664.000000, 1.000000, 2, 20.516464, 186489.624018, 186489.624018
Z3, 26, 7, 720, 21768.000000, 0.035922, 605979.622515, 621936.000000, 1.000000, 2, 20.516464, 270986.991152, 270986.991152
Z3, 27, 7, 720, 21680.000000, 0.054105, 400702.338046, 401480.000000, 1.000000, 2, 20.516464, 229931.534258, 229931.534258
Z3, 28, 7, 720, 9672.000000, 0.052842, 183036.221188, 186000.000000, 1.000000, 2, 20.516464, 186398.310886, 186398.310886
Z3, 29, 7, 720, 13368.000000, 0.039745, 336344.194238, 342768.000000, 1.000000, 2, 20.516464, 217059.905496, 217059.905496
Z3, 30, 7, 720, 13424.000000, 0.055800, 240573.476703, 244072.000000, 1.000000, 2, 20.516464, 197905.761989, 197905.761989
Z3, 31, 7, 720, 8064.000000, 0.053369, 151098.952575, 152144.000000, 1.000000, 2, 20.516464, 180010.857164, 180010.857164
Z3, 32, 7, 720, 9424.000000, 0.062992, 149606.299213, 152000.000000, 1.000000, 2, 20.516464, 179712.326491, 179712.326491
Z3, 33, 7, 720, 7368.000000, 0.061737, 119344.963312, 120784.000000, 1.000000, 2, 20.516464, 173660.059311, 173660.059311
Z3, 34, 7, 720, 8792.000000, 0.071980, 122145.040289, 123824.000000, 1.000000, 2, 20.516464, 174220.074706, 174220.074706
Z3, 35, 7, 720, 8568.000000, 0.067672, 126610.710486, 127880.000000, 1.000000, 2, 20.516464, 175113.208746, 175113.208746
Z3, 36, 7, 720, 7064.000000, 0.046807, 150917.597795, 153560.000000, 1.000000, 2, 20.516464, 179974.586208, 179974.586208
Z3, 37, 7, 720, 10104.000000, 0.075811, 133278.811782, 134720.000000, 1.000000, 2, 20.516464, 176446.829005, 176446.829005
Z3, 38, 7, 720, 8640.000000, 0.070259, 122973.569222, 123424.000000, 1.000000, 2, 20.516464, 174385.780493, 174385.780493
Z1, 0, 8, 720, 7744.000000, 0.208800, 37088.122605, 37224.000000, 1.000000, 2, 24.939574, 158783.557430, 158783.557430
Z2, 0, 8, 720, 6624.000000, 0.172738, 38347.092128, 38504.000000, 1.000000, 2, 24.939574, 159035.351335, 159035.351335
Z2, 1, 8, 720, 6968.000000, 0.075421, 92388.061680, 92904.000000, 1.000000, 2, 24.939574, 169843.545245, 169843.545245
Z2, 2, 8, 720, 7968.000000, 0.067751, 117607.120190, 118920.000000, 1.000000, 2, 24.939574, 174887.356947, 174887.356947
Z2, 3, 8, 720, 12752.000000, 0.040217, 317079.841858, 318800.000000, 1.000000, 2, 24.939574, 214781.901281, 214781.901281
Z2, 4, 8, 720, 18720.000000, 0.037558, 498429.096331, 505944.000000, 1.000000, 2, 24.939574, 251051.752175, 251051.752175
Z2, 5, 8, 720, 25648.000000, 0.074825, 342773.137320, 346592.000000, 1.000000, 2, 24.939574, 219920.560373, 219920.560373
Z2, 6, 8, 720, 9784.000000, 0.052195, 187450.905259, 188152.000000, 1.000000, 2, 24.939574, 188856.113961, 188856.113961
Z2, 7, 8, 720, 13192.000000, 0.058999, 223597.010119, 227448.000000, 1.000000, 2, 24.939574, 196085.334933, 196085.334933
Z3, 0, 8, 720, 6768.000000, 0.159720, 42374.154771, 42560.000000, 1.000000, 2, 24.939574, 159840.763863, 159840.763863
Z3, 1, 8, 720, 8032.000000, 0.056980, 140961.740962, 143424.000000, 1.000000, 2, 24.939574, 179558.281101, 179558.281101
Z3, 2, 8, 720, 7872.000000, 0.027796, 283206.216722, 291552.000000, 1.000000, 2, 24.939574, 208007.176253, 208007.176253
Z3, 3, 8, 720, 7024.000000, 0.057355, 122465.347398, 123224.000000, 1.000000, 2, 24.939574, 175859.002389, 175859.002389
Z3, 4, 8, 720, 7816.000000, 0.065755, 118865.485514, 120240.000000, 1.000000, 2, 24.939574, 175139.030012, 175139.030012
Z3, 5, 8, 720, 7936.000000, 0.056094, 141476.806789, 141712.000000, 1.000000, 2, 24.939574, 179661.294267, 179661.294267
Z3, 6, 8, 720, 6928.000000, 0.063763, 108652.353246, 109968.000000, 1.000000, 2, 24.939574, 173096.403558, 173096.403558
Z3, 7, 8, 720, 8048.000000, 0.042415, 189744.194271, 191616.000000, 1.000000, 2, 24.939574, 189314.771763, 189314.771763
Z3, 8, 8, 720, 7664.000000, 0.032037, 239223.397946, 239496.000000, 1.000000, 2, 24.939574, 199210.612498, 199210.612498
Z3, 9, 8, 720, 14248.000000, 0.063627, 223930.092571, 226152.000000, 1.000000, 2, 24.939574, 196151.951423, 196151.951423
Z3, 10, 8, 720, 19448.000000, 0.028627, 679358.647431, 694568.000000, 1.000000, 2, 24.939574, 287237.662395, 287237.662395
Z3, 11, 8, 720, 17344.000000, 0.044318, 391353.400424, 394176.000000, 1.000000, 2, 24.939574, 229636.612994, 229636.612994
Z3, 12, 8, 720, 11952.000000, 0.067213, 177822.742624, 178384.000000, 1.000000, 2, 24.939574, 186930.481434, 186930.481434
Z3, 13, 8, 720, 25224.000000, 0.065469, 385281.583650, 388056.000000, 1.000000, 2, 24.939574, 228422.249639, 228422.249639
Z3, 14, 8, 720, 35992.000000, 0.066940, 537675.530326, 545328.000000, 1.000000, 2, 24.939574, 258901.038974, 258901.038974
Z3, 15, 8, 720, 20016.000000, 0.063422, 315600.264892, 317712.000000, 1.000000, 2, 24.939574, 214485.985888, 214485.985888
Z3, 16, 8, 720, 36432.000000, 0.053035, 686942.585085, 687392.000000, 1.000000, 2, 24.939574, 288754.449926, 288754.449926
Z3, 17, 8, 720, 22472.000000, 0.037696, 596137.521222, 607344.000000, 1.000000, 2, 24.939574, 270593.437154, 270593.437154
Z3, 18, 8, 720, 21736.000000, 0.066207, 328303.653692, 329328.000000, 1.000000, 2, 24.939574, 217026.663648, 217026.663648
Z3, 19, 8, 720, 16848.000000, 0.045497, 370310.130338, 374400.000000, 1.000000, 2, 24.939574, 225427.958977, 225427.958977
Z3, 20, 8, 720, 47160.000000, 0.053335, 884222.368051, 889808.000000, 1.000000, 2, 24.939574, 328210.406519, 328210.406519
Z3, 21, 8, 720, 39472.000000, 0.053453, 738443.118253, 744752.000000, 1.000000, 2, 24.939574, 299054.556560, 299054.556560
Z3, 22, 8, 720, 26968.000000, 0.059122, 456141.537837, 457080.000000, 1.000000, 2, 24.939574, 242594.240477, 242594.240477
Z3, 23, 8, 720, 39776.000000, 0.058462, 680373.575998, 685792.000000, 1.000000, 2, 24.939574, 287440.648109, 287440.648109
Z3, 24, 8, 720, 34992.000000, 0.073170, 478228.782288, 479336.000000, 1.000000, 2, 24.939574, 247011.689367, 247011.689367
Z3, 25, 8, 720, 22464.000000, 0.061580, 364793.764209, 368256.000000, 1.000000, 2, 24.939574, 224324.685751, 224324.685751
Z3, 26, 8, 720, 43144.000000, 0.056593, 762355.768381, 770424.000000, 1.000000, 2, 24.939574, 303837.086585, 303837.086585
Z3, 27, 8, 720, 43672.000000, 0.064939, 672508.046012, 682368.000000, 1.000000, 2, 24.939574, 285867.542112, 285867.542112
Z3, 28, 8, 720, 18320.000000, 0.048463, 378020.345418, 381664.000000, 1.000000, 2, 24.939574, 226970.001993, 226970.001993
Z3, 29, 8, 720, 24560.000000, 0.060217, 407858.246010, 409328.000000, 1.000000, 2, 24.939574, 232937.582111, 232937.582111
Z3, 30, 8, 720, 19040.000000, 0.040939, 465082.195462, 476000.000000, 1.000000, 2, 24.939574, 244382.372001, 244382.372001
Z3, 31, 8, 720, 20160.000000, 0.211246, 95433.759692, 95544.000000, 1.000000, 2, 24.939574, 170452.684848, 170452.684848
Z3, 32, 8, 720, 16496.000000, 0.070904, 232652.600700, 235656.000000, 1.000000, 2, 24.939574, 197896.453049, 197896.453049
Z3, 33, 8, 720, 11624.000000, 0.224008, 51891.003893, 51888.000000, 1.000000, 2, 24.939574, 161744.133688, 161744.133688
Z3, 34, 8, 720, 21024.000000, 0.204066, 103025.491753, 103056.000000, 1.000000, 2, 24.939574, 171971.031260, 171971.031260
Z3, 35, 8, 720, 28496.000000, 0.082771, 344275.168839, 347512.000000, 1.000000, 2, 24.939574, 220220.966677, 220220.966677
Z3, 36, 8, 720, 12416.000000, 0.056817, 218526.145344, 221712.000000, 1.000000, 2, 24.939574, 195071.161978, 195071.161978
Z3, 37, 8, 720, 17312.000000, 0.028824, 600610.602276, 618280.000000, 1.000000, 2, 24.939574, 271488.053364, 271488.053364
Z3, 38, 8, 720, 14664.000000, 0.066523, 220435.037506, 222176.000000, 1.000000, 2, 24.939574, 195452.940410, 195452.940410
Z1, 0, 9, 720, 24464.000000, 0.180763, 135337.430780, 135904.000000, 1.000000, 2, 28.474694, 200489.136492, 200489.136492
Z2, 0, 9, 720, 6624.000000, 0.154254, 42942.160333, 43008.000000, 1.000000, 2, 28.474694, 182010.082402, 182010.082402
Z2, 1, 9, 720, 6776.000000, 0.061374, 110405.057516, 111080.000000, 1.000000, 2, 28.474694, 195502.661839, 195502.661839
Z2, 2, 9, 720, 7696.000000, 0.054371, 141546.044767, 142512.000000, 1.000000, 2, 28.474694, 201730.859289, 201730.859289
Z2, 3, 9, 720, 7496.000000, 0.044530, 168335.953290, 170360.000000, 1.000000, 2, 28.474694, 207088.840994, 207088.840994
Z2, 4, 9, 720, 16056.000000, 0.062695, 256096.977430, 258960.000000, 1.000000, 2, 28.474694, 224641.045822, 224641.045822
Z2, 5, 9, 720, 26344.000000, 0.053720, 490394.638868, 497056.000000, 1.000000, 2, 28.474694, 271500.578110, 271500.578110
Z2, 6, 9, 720, 23952.000000, 0.059042, 405677.314454, 405960.000000, 1.000000, 2, 28.474694, 254557.113227, 254557.113227
Z2, 7, 9, 720, 32816.000000, 0.275332, 119187.017855, 119328.000000, 1.000000, 2, 28.474694, 197259.053907, 197259.053907
Z3, 0, 9, 720, 6752.000000, 0.157607, 42840.736769, 43000.000000, 1.000000, 2, 28.474694, 181989.797690, 181989.797690
Z3, 1, 9, 720, 9824.000000, 0.065647, 149648.879614, 151136.000000, 1.000000, 2, 28.474694, 203351.426259, 203351.426259
Z3, 2, 9, 720, 8640.000000, 0.054443, 158698.087908, 160000.000000, 1.000000, 2, 28.474694, 205161.267918, 205161.267918
Z3, 3, 9, 720, 7248.000000, 0.069494, 104296.773822, 105040.000000, 1.000000, 2, 28.474694, 194281.005100, 194281.005100
Z3, 4, 9, 720, 8336.000000, 0.027504, 303083.187900, 308736.000000, 1.000000, 2, 28.474694, 234038.287916, 234038.287916
Z3, 5, 9, 720, 9640.000000, 0.054021, 178449.121638, 178512.000000, 1.000000, 2, 28.474694, 209111.474663, 209111.474663
Z3, 6, 9, 720, 10312.000000, 0.063846, 161513.642202, 163680.000000, 1.000000, 2, 28.474694, 205724.378776, 205724.378776
Z3, 7, 9, 720, 21208.000000, 0.126640, 167466.835123, 168312.000000, 1.000000, 2, 28.474694, 206915.017361, 206915.017361
Z3, 8, 9, 720, 8000.000000, 0.067565, 118404.499371, 119400.000000, 1.000000, 2, 28.474694, 197102.550210, 197102.550210
Z3, 9, 9, 720, 16880.000000, 0.032059, 526529.211766, 527496.000000, 1.000000, 2, 28.474694, 278727.492689, 278727.492689
Z3, 10, 9, 720, 23240.000000, 0.061861, 375680.962157, 380976.000000, 1.000000, 2, 28.474694, 248557.842767, 248557.842767
Z3, 11, 9, 720, 21680.000000, 0.058477, 370744.053218, 373792.000000, 1.000000, 2, 28.474694, 247570.460979, 247570.460979
Z3, 12, 9, 720, 16096.000000, 0.029865, 538958.647246, 555032.000000, 1.000000, 2, 28.474694, 281213.379785, 281213.379785
Z3, 13, 9, 720, 39872.000000, 0.063124, 631645.649832, 632888.000000, 1.000000, 2, 28.474694, 299750.780302, 299750.780302
Z3, 14, 9, 720, 46392.000000, 0.062728, 739574.033924, 748256.000000, 1.000000, 2, 28.474694, 321336.457121, 321336.457121
Z3, 15, 9, 720, 26168.000000, 0.074024, 353506.970712, 353616.000000, 1.000000, 2, 28.474694, 244123.044478, 244123.044478
Z3, 16, 9, 720, 48816.000000, 0.074368, 656411.359725, 659672.000000, 1.000000, 2, 28.474694, 304703.922281, 304703.922281
Z3, 17, 9, 720, 38664.000000, 0.192167, 201199.997918, 201368.000000, 1.000000, 2, 28.474694, 213661.649920, 213661.649920
Z3, 18, 9, 720, 19912.000000, 0.030533, 652146.857498, 663728.000000, 1.000000, 2, 28.474694, 303851.021836, 303851.021836
Z3, 19, 9, 720, 61688.000000, 0.094656, 651707.234618, 656248.000000, 1.000000, 2, 28.474694, 303763.097260, 303763.097260
Z3, 20, 9, 720, 59200.000000, 0.082445, 718054.460549, 721944.000000, 1.000000, 2, 28.474694, 317032.542446, 317032.542446
Z3, 21, 9, 720, 41064.000000, 0.069026, 594906.267204, 595128.000000, 1.000000, 2, 28.474694, 292402.903777, 292402.903777
Z3, 22, 9, 720, 55576.000000, 0.072464, 766946.345772, 771888.000000, 1.000000, 2, 28.474694, 326810.919490, 326810.919490
Z3, 23, 9, 720, 50200.000000, 0.048376, 1037704.646932, 1045832.000000, 1.000000, 2, 28.474694, 380962.579722, 380962.579722
Z3, 24, 9, 720, 30056.000000, 0.057162, 525803.855708, 527296.000000, 1.000000, 2, 28.474694, 278582.421478, 278582.421478
Z3, 25, 9, 720, 59504.000000, 0.474781, 125329.362380, 125528.000000, 1.000000, 2, 28.474694, 198487.522812, 198487.522812
Z3, 26, 9, 720, 65232.000000, 0.112337, 580681.342745, 582424.000000, 1.000000, 2, 28.474694, 289557.918885, 289557.918885
Z3, 27, 9, 720, 36648.000000, 0.075016, 488535.779034, 488640.000000, 1.000000, 2, 28.474694, 271128.806143, 271128.806143
Z3, 28, 9, 720, 8856.000000, 0.033762, 262306.735383, 268360.000000, 1.000000, 2, 28.474694, 225882.997412, 225882.997412
Z3, 29, 9, 720, 14088.000000, 0.039085, 360445.183574, 361224.000000, 1.000000, 2, 28.474694, 245510.687051, 245510.687051
Z3, 30, 9, 720, 15104.000000, 0.059890, 252195.692102, 256000.000000, 1.000000, 2, 28.474694, 223860.788756, 223860.788756
Z3, 31, 9, 720, 11784.000000, 0.035633, 330704.683860, 336680.000000, 1.000000, 2, 28.474694, 239562.587108, 239562.587108
Z3, 32, 9, 720, 18496.000000, 0.062185, 297435.072767, 298320.000000, 1.000000, 2, 28.474694, 232908.664889, 232908.664889
Z3, 33, 9, 720, 22376.000000, 0.074997, 298358.601011, 302376.000000, 1.000000, 2, 28.474694, 233093.370538, 233093.370538
Z3, 34, 9, 720, 8792.000000, 0.042234, 208173.509495, 209328.000000, 1.000000, 2, 28.474694, 215056.352235, 215056.352235
Z3, 35, 9, 720, 19464.000000, 0.044225, 440113.058225, 442360.000000, 1.000000, 2, 28.474694, 261444.261981, 261444.261981
Z3, 36, 9, 720, 20360.000000, 0.063005, 323148.956432, 323168.000000, 1.000000, 2, 28.474694, 238051.441622, 238051.441622
Z3, 37, 9, 720, 11344.000000, 0.037301, 304120.532962, 306592.000000, 1.000000, 2, 28.474694, 234245.756928, 234245.756928
Z3, 38, 9, 720, 15808.000000, 0.061055, 258914.093850, 259144.000000, 1.000000, 2, 28.474694, 225204.469106, 225204.469106
Z1, 0, 10, 720, 35840.000000, 0.521081, 68780.093690, 68784.000000, 1.000000, 2, 32.434290, 175915.361269, 175915.361269
Z2, 0, 10, 720, 6624.000000, 0.195275, 33921.392907, 33968.000000, 1.000000, 2, 32.434290, 168943.621113, 168943.621113
Z2, 1, 10, 720, 7008.000000, 0.070764, 99033.406817, 100112.000000, 1.000000, 2, 32.434290, 181966.023895, 181966.023895
Z2, 2, 10, 720, 7480.000000, 0.285841, 26168.394317, 26240.000000, 1.000000, 2, 32.434290, 167393.021395, 167393.021395
Z2, 3, 10, 720, 7832.000000, 0.053877, 145368.153386, 147768.000000, 1.000000, 2, 32.434290, 191232.973209, 191232.973209
Z2, 4, 10, 720, 29728.000000, 0.073482, 404561.661359, 407232.000000, 1.000000, 2, 32.434290, 243071.674803, 243071.674803
Z2, 5, 10, 720, 35136.000000, 0.168226, 208861.888174, 209136.000000, 1.000000, 2, 32.434290, 203931.720166, 203931.720166
Z2, 6, 10, 720, 23040.000000, 0.066228, 347889.110346, 349088.000000, 1.000000, 2, 32.434290, 231737.164601, 231737.164601
Z2, 7, 10, 720, 35840.000000, 0.057658, 621596.309272, 628768.000000, 1.000000, 2, 32.434290, 286478.604386, 286478.604386
Z3, 0, 10, 720, 6840.000000, 0.210394, 32510.432807, 32568.000000, 1.000000, 2, 32.434290, 168661.429093, 168661.429093
Z3, 1, 10, 720, 22064.000000, 0.043542, 506729.135088, 513112.000000, 1.000000, 2, 32.434290, 263505.169549, 263505.169549
Z3, 2, 10, 720, 15312.000000, 0.060701, 252252.845917, 255200.000000, 1.000000, 2, 32.434290, 212609.911715, 212609.911715
Z3, 3, 10, 720, 7752.000000, 0.075053, 103287.010513, 103360.000000, 1.000000, 2, 32.434290, 182816.744634, 182816.744634
Z3, 4, 10, 720, 11432.000000, 0.028010, 408139.950018, 408280.000000, 1.000000, 2, 32.434290, 243787.332535, 243787.332535
Z3, 5, 10, 720, 17232.000000, 0.058616, 293981.165552, 297096.000000, 1.000000, 2, 32.434290, 220955.575642, 220955.575642
Z3, 6, 10, 720, 23328.000000, 0.048153, 484455.797147, 486000.000000, 1.000000, 2, 32.434290, 259050.501961, 259050.501961
Z3, 7, 10, 720, 18496.000000, 0.073598, 251311.176934, 253368.000000, 1.000000, 2, 32.434290, 212421.577918, 212421.577918
Z3, 8, 10, 720, 7968.000000, 0.027969, 284886.839000, 295104.000000, 1.000000, 2, 32.434290, 219136.710331, 219136.710331
Z3, 9, 10, 720, 19568.000000, 0.046665, 419329.261759, 425384.000000, 1.000000, 2, 32.434290, 246025.194883, 246025.194883
Z3, 10, 10, 720, 36064.000000, 0.072629, 496550.964491, 500888.000000, 1.000000, 2, 32.434290, 261469.535429, 261469.535429
Z3, 11, 10, 720, 29248.000000, 0.057673, 507135.054532, 513120.000000, 1.000000, 2, 32.434290, 263586.353438, 263586.353438
Z3, 12, 10, 720, 24216.000000, 0.372857, 64947.151321, 65096.000000, 1.000000, 2, 32.434290, 175148.772795, 175148.772795
Z3, 13, 10, 720, 54424.000000, 0.057000, 954807.017544, 954800.000000, 1.000000, 2, 32.434290, 353120.746040, 353120.746040
Z3, 14, 10, 720, 56832.000000, 0.068003, 835727.835537, 835760.000000, 1.000000, 2, 32.434290, 329304.909639, 329304.909639
Z3, 15, 10, 720, 29576.000000, 0.038116, 775947.108826, 778312.000000, 1.000000, 2, 32.434290, 317348.764296, 317348.764296
Z3, 16, 10, 720, 52328.000000, 0.052525, 996249.405045, 1006304.000000, 1.000000, 2, 32.434290, 361409.223540, 361409.223540
Z3, 17, 10, 720, 52840.000000, 0.068846, 767510.094995, 777056.000000, 1.000000, 2, 32.434290, 315661.361530, 315661.361530
Z3, 18, 10, 720, 23160.000000, 0.061955, 373819.707852, 379672.000000, 1.000000, 2, 32.434290, 236923.284102, 236923.284102
Z3, 19, 10, 720, 77048.000000, 0.062482, 1233123.139464, 1242704.000000, 1.000000, 2, 32.434290, 408783.970424, 408783.970424
Z3, 20, 10, 720, 68968.000000, 0.063738, 1082054.661270, 1094728.000000, 1.000000, 2, 32.434290, 378570.274785, 378570.274785
Z3, 21, 10, 720, 52224.000000, 0.038648, 1351273.028359, 1374312.000000, 1.000000, 2, 32.434290, 432413.948203, 432413.948203
Z3, 22, 10, 720, 76384.000000, 0.102235, 747141.389935, 748856.000000, 1.000000, 2, 32.434290, 311587.620518, 311587.620518
Z3, 23, 10, 720, 57512.000000, 0.059535, 966019.988242, 974776.000000, 1.000000, 2, 32.434290, 355363.340180, 355363.340180
Z3, 24, 10, 720, 35600.000000, 0.067574, 526829.845799, 531336.000000, 1.000000, 2, 32.434290, 267525.311691, 267525.311691
Z3, 25, 10, 720, 72816.000000, 0.073355, 992652.170949, 997472.000000, 1.000000, 2, 32.434290, 360689.776721, 360689.776721
Z3, 26, 10, 720, 93600.000000, 0.201926, 463536.146905, 465664.000000, 1.000000, 2, 32.434290, 254866.571912, 254866.571912
Z3, 27, 10, 720, 43888.000000, 0.064584, 679549.114332, 685744.000000, 1.000000, 2, 32.434290, 298069.165398, 298069.165398
Z3, 28, 10, 720, 13072.000000, 0.028363, 460882.135176, 466856.000000, 1.000000, 2, 32.434290, 254335.769567, 254335.769567
Z3, 29, 10, 720, 20608.000000, 0.074466, 276743.748825, 278480.000000, 1.000000, 2, 32.434290, 217508.092296, 217508.092296
Z3, 30, 10, 720, 22584.000000, 0.067114, 336502.071103, 337072.000000, 1.000000, 2, 32.434290, 229459.756752, 229459.756752
Z3, 31, 10, 720, 14712.000000, 0.073854, 199203.834593, 201528.000000, 1.000000, 2, 32.434290, 202000.109450, 202000.109450
Z3, 32, 10, 720, 20512.000000, 0.056319, 364211.012269, 366280.000000, 1.000000, 2, 32.434290, 235001.544985, 235001.544985
Z3, 33, 10, 720, 17992.000000, 0.060837, 295741.078620, 299864.000000, 1.000000, 2, 32.434290, 221307.558255, 221307.558255
Z3, 34, 10, 720, 11464.000000, 0.051184, 223976.242576, 224784.000000, 1.000000, 2, 32.434290, 206954.591046, 206954.591046
Z3, 35, 10, 720, 22376.000000, 0.068552, 326409.149259, 329056.000000, 1.000000, 2, 32.434290, 227441.172383, 227441.172383
Z3, 36, 10, 720, 29088.000000, 0.068205, 426478.997141, 427760.000000, 1.000000, 2, 32.434290, 247455.141960, 247455.141960
Z3, 37, 10, 720, 17936.000000, 0.066624, 269212.295869, 271752.000000, 1.000000, 2, 32.434290, 216001.801705, 216001.801705
Z3, 38, 10, 720, 24920.000000, 0.069022, 361044.304714, 361152.000000, 1.000000, 2, 32.434290, 234368.203474, 234368.203474
