Zone, Tile_no, Seg_no, Reso, Seg_d_size, Seg_d_time, Bitrate, Bitrate1, Buf_lev, Buf_limit, Elapsed, Ref_vp, Local_avg
Z1, 0, 1, 720, 9960.000000, 0.323406, 30797.202278, 30832.000000, 1.000000, 2, 0.000066, 30797.202278, 30797.202278
Z2, 0, 1, 720, 8952.000000, 0.324327, 27601.772285, 27624.000000, 1.000000, 2, 0.000066, 13800.886143, 13800.886143
Z2, 1, 1, 720, 5424.000000, 0.100841, 53787.645898, 54240.000000, 1.000000, 2, 0.000066, 17929.215299, 17929.215299
Z2, 2, 1, 720, 7080.000000, 0.100825, 70220.679395, 70800.000000, 1.000000, 2, 0.000066, 17555.169849, 17555.169849
Z2, 3, 1, 720, 18976.000000, 0.101051, 187786.365301, 187880.000000, 1.000000, 2, 0.000066, 37557.273060, 37557.273060
Z2, 4, 1, 720, 8720.000000, 0.101013, 86325.522458, 86336.000000, 1.000000, 2, 0.000066, 17265.104492, 17265.104492
Z2, 5, 1, 720, 8336.000000, 0.101014, 82523.214604, 82528.000000, 1.000000, 2, 0.000066, 16504.642921, 16504.642921
Z2, 6, 1, 720, 6376.000000, 0.100977, 63143.091991, 63760.000000, 1.000000, 2, 0.000066, 12628.618398, 12628.618398
Z2, 7, 1, 720, 6872.000000, 0.100989, 68047.015021, 68720.000000, 1.000000, 2, 0.000066, 13609.403004, 13609.403004
Z3, 0, 1, 720, 7080.000000, 0.322646, 21943.554236, 21984.000000, 1.000000, 2, 0.000066, 4388.710847, 4388.710847
Z3, 1, 1, 720, 7080.000000, 0.100956, 70129.561393, 70800.000000, 1.000000, 2, 0.000066, 14025.912279, 14025.912279
Z3, 2, 1, 720, 5664.000000, 0.100949, 56107.539451, 56640.000000, 1.000000, 2, 0.000066, 11221.507890, 11221.507890
Z3, 3, 1, 720, 7080.000000, 0.100939, 70141.372512, 70800.000000, 1.000000, 2, 0.000066, 14028.274502, 14028.274502
Z3, 4, 1, 720, 7080.000000, 0.100952, 70132.340122, 70800.000000, 1.000000, 2, 0.000066, 14026.468024, 14026.468024
Z3, 5, 1, 720, 5664.000000, 0.100949, 56107.539451, 56640.000000, 1.000000, 2, 0.000066, 11221.507890, 11221.507890
Z3, 6, 1, 720, 7080.000000, 0.100891, 70174.743040, 70800.000000, 1.000000, 2, 0.000066, 14034.948608, 14034.948608
Z3, 7, 1, 720, 7080.000000, 0.100872, 70187.960980, 70800.000000, 1.000000, 2, 0.000066, 14037.592196, 14037.592196
Z3, 8, 1, 720, 5664.000000, 0.100881, 56145.359384, 56640.000000, 1.000000, 2, 0.000066, 11229.071877, 11229.071877
Z3, 9, 1, 720, 7080.000000, 0.100884, 70179.612228, 70800.000000, 1.000000, 2, 0.000066, 14035.922446, 14035.922446
Z3, 10, 1, 720, 12904.000000, 0.100917, 127867.455434, 129040.000000, 1.000000, 2, 0.000066, 25573.491087, 25573.491087
Z3, 11, 1, 720, 17344.000000, 0.100916, 171865.710096, 173440.000000, 1.000000, 2, 0.000066, 34373.142019, 34373.142019
Z3, 12, 1, 720, 16912.000000, 0.100965, 167503.590353, 169120.000000, 1.000000, 2, 0.000066, 33500.718071, 33500.718071
Z3, 13, 1, 720, 13240.000000, 0.100872, 131255.452455, 132400.000000, 1.000000, 2, 0.000066, 26251.090491, 26251.090491
Z3, 14, 1, 720, 28328.000000, 0.101079, 280256.037357, 280472.000000, 1.000000, 2, 0.000066, 56051.207471, 56051.207471
Z3, 15, 1, 720, 30528.000000, 0.101014, 302215.534480, 302256.000000, 1.000000, 2, 0.000066, 60443.106896, 60443.106896
Z3, 16, 1, 720, 16360.000000, 0.101032, 161928.893816, 161976.000000, 1.000000, 2, 0.000066, 32385.778763, 32385.778763
Z3, 17, 1, 720, 33216.000000, 0.101038, 328747.599913, 328864.000000, 1.000000, 2, 0.000066, 65749.519983, 65749.519983
Z3, 18, 1, 720, 28000.000000, 0.101000, 277227.722772, 277224.000000, 1.000000, 2, 0.000066, 55445.544554, 55445.544554
Z3, 19, 1, 720, 15744.000000, 0.100952, 155955.305492, 157440.000000, 1.000000, 2, 0.000066, 31191.061098, 31191.061098
Z3, 20, 1, 720, 16024.000000, 0.100955, 158724.184042, 160240.000000, 1.000000, 2, 0.000066, 31744.836808, 31744.836808
Z3, 21, 1, 720, 11576.000000, 0.101020, 114591.170065, 114608.000000, 1.000000, 2, 0.000066, 22918.234013, 22918.234013
Z3, 22, 1, 720, 10816.000000, 0.100998, 107091.229529, 108160.000000, 1.000000, 2, 0.000066, 21418.245906, 21418.245906
Z3, 23, 1, 720, 13224.000000, 0.100904, 131055.260446, 132240.000000, 1.000000, 2, 0.000066, 26211.052089, 26211.052089
Z3, 24, 1, 720, 17528.000000, 0.101020, 173510.196001, 173544.000000, 1.000000, 2, 0.000066, 34702.039200, 34702.039200
Z3, 25, 1, 720, 23824.000000, 0.100928, 236049.461002, 238240.000000, 1.000000, 2, 0.000066, 47209.892200, 47209.892200
Z3, 26, 1, 720, 11024.000000, 0.100920, 109235.037654, 110240.000000, 1.000000, 2, 0.000066, 21847.007531, 21847.007531
Z3, 27, 1, 720, 15112.000000, 0.100991, 149637.096375, 151120.000000, 1.000000, 2, 0.000066, 29927.419275, 29927.419275
Z3, 28, 1, 720, 24552.000000, 0.101007, 243072.262318, 243088.000000, 1.000000, 2, 0.000066, 48614.452464, 48614.452464
Z3, 29, 1, 720, 10824.000000, 0.100969, 107201.220176, 108240.000000, 1.000000, 2, 0.000066, 21440.244035, 21440.244035
Z3, 30, 1, 720, 6872.000000, 0.100922, 68092.190008, 68720.000000, 1.000000, 2, 0.000066, 13618.438002, 13618.438002
Z3, 31, 1, 720, 6872.000000, 0.100919, 68094.214172, 68720.000000, 1.000000, 2, 0.000066, 13618.842834, 13618.842834
Z3, 32, 1, 720, 6376.000000, 0.100873, 63208.192480, 63760.000000, 1.000000, 2, 0.000066, 12641.638496, 12641.638496
Z3, 33, 1, 720, 6872.000000, 0.100946, 68076.001030, 68720.000000, 1.000000, 2, 0.000066, 13615.200206, 13615.200206
Z3, 34, 1, 720, 6872.000000, 0.100937, 68082.070995, 68720.000000, 1.000000, 2, 0.000066, 13616.414199, 13616.414199
Z3, 35, 1, 720, 6376.000000, 0.100938, 63167.488954, 63760.000000, 1.000000, 2, 0.000066, 12633.497791, 12633.497791
Z3, 36, 1, 720, 6872.000000, 0.100930, 68086.792827, 68720.000000, 1.000000, 2, 0.000066, 13617.358565, 13617.358565
Z3, 37, 1, 720, 6872.000000, 0.100957, 68068.583654, 68720.000000, 1.000000, 2, 0.000066, 13613.716731, 13613.716731
Z3, 38, 1, 720, 6376.000000, 0.100982, 63139.965538, 63760.000000, 1.000000, 2, 0.000066, 12627.993108, 12627.993108
Z1, 0, 2, 720, 9320.000000, 0.322686, 28882.566954, 28944.000000, 1.000000, 2, 5.519583, 18404.506498, 18404.506498
Z2, 0, 2, 720, 6624.000000, 0.323339, 20486.238901, 20504.000000, 1.000000, 2, 5.519583, 16725.240888, 16725.240888
Z2, 1, 2, 720, 5424.000000, 0.100952, 53728.504636, 54240.000000, 1.000000, 2, 5.519583, 23373.694035, 23373.694035
Z2, 2, 2, 720, 7080.000000, 0.100984, 70110.116454, 70800.000000, 1.000000, 2, 5.519583, 26650.016399, 26650.016399
Z2, 3, 2, 720, 18392.000000, 0.101070, 181972.890076, 182096.000000, 1.000000, 2, 5.519583, 49022.571123, 49022.571123
Z2, 4, 2, 720, 9160.000000, 0.101019, 90676.011443, 90688.000000, 1.000000, 2, 5.519583, 30763.195396, 30763.195396
Z2, 5, 2, 720, 8048.000000, 0.100951, 79721.845252, 80480.000000, 1.000000, 2, 5.519583, 28572.362158, 28572.362158
Z2, 6, 2, 720, 6376.000000, 0.100942, 63164.985833, 63760.000000, 1.000000, 2, 5.519583, 25260.990274, 25260.990274
Z2, 7, 2, 720, 6872.000000, 0.101037, 68014.687689, 68032.000000, 1.000000, 2, 5.519583, 26230.930645, 26230.930645
Z3, 0, 2, 720, 7080.000000, 0.323270, 21901.197142, 21912.000000, 1.000000, 2, 5.519583, 17008.232536, 17008.232536
Z3, 1, 2, 720, 7080.000000, 0.100950, 70133.729569, 70800.000000, 1.000000, 2, 5.519583, 26654.739022, 26654.739022
Z3, 2, 2, 720, 5664.000000, 0.101005, 56076.431860, 56072.000000, 1.000000, 2, 5.519583, 23843.279480, 23843.279480
Z3, 3, 2, 720, 7080.000000, 0.101091, 70035.908241, 70096.000000, 1.000000, 2, 5.519583, 26635.174756, 26635.174756
Z3, 4, 2, 720, 7080.000000, 0.101008, 70093.457944, 70096.000000, 1.000000, 2, 5.519583, 26646.684696, 26646.684696
Z3, 5, 2, 720, 5664.000000, 0.100996, 56081.428967, 56640.000000, 1.000000, 2, 5.519583, 23844.278901, 23844.278901
Z3, 6, 2, 720, 7080.000000, 0.100992, 70104.562738, 70800.000000, 1.000000, 2, 5.519583, 26648.905655, 26648.905655
Z3, 7, 2, 720, 7080.000000, 0.101051, 70063.631236, 70096.000000, 1.000000, 2, 5.519583, 26640.719355, 26640.719355
Z3, 8, 2, 720, 5664.000000, 0.101007, 56075.321512, 56072.000000, 1.000000, 2, 5.519583, 23843.057410, 23843.057410
Z3, 9, 2, 720, 7080.000000, 0.101052, 70062.937893, 70096.000000, 1.000000, 2, 5.519583, 26640.580686, 26640.580686
Z3, 10, 2, 720, 12648.000000, 0.101074, 125136.038942, 125224.000000, 1.000000, 2, 5.519583, 37655.200896, 37655.200896
Z3, 11, 2, 720, 17112.000000, 0.101089, 169276.578065, 169424.000000, 1.000000, 2, 5.519583, 46483.308721, 46483.308721
Z3, 12, 2, 720, 15320.000000, 0.101086, 151554.122233, 151680.000000, 1.000000, 2, 5.519583, 42938.817554, 42938.817554
Z3, 13, 2, 720, 10704.000000, 0.101057, 105920.421148, 105976.000000, 1.000000, 2, 5.519583, 33812.077337, 33812.077337
Z3, 14, 2, 720, 18776.000000, 0.101071, 185770.399026, 185896.000000, 1.000000, 2, 5.519583, 49782.072913, 49782.072913
Z3, 15, 2, 720, 21848.000000, 0.101120, 216060.126582, 216312.000000, 1.000000, 2, 5.519583, 55840.018424, 55840.018424
Z3, 16, 2, 720, 12752.000000, 0.101083, 126153.754835, 126256.000000, 1.000000, 2, 5.519583, 37858.744075, 37858.744075
Z3, 17, 2, 720, 21856.000000, 0.101091, 216201.244423, 216392.000000, 1.000000, 2, 5.519583, 55868.241992, 55868.241992
Z3, 18, 2, 720, 16880.000000, 0.101016, 167102.241229, 167128.000000, 1.000000, 2, 5.519583, 46048.441354, 46048.441354
Z3, 19, 2, 720, 12128.000000, 0.101083, 119980.609994, 120072.000000, 1.000000, 2, 5.519583, 36624.115106, 36624.115106
Z3, 20, 2, 720, 15344.000000, 0.101039, 151862.152238, 151920.000000, 1.000000, 2, 5.519583, 43000.423555, 43000.423555
Z3, 21, 2, 720, 11592.000000, 0.101114, 114642.878335, 114768.000000, 1.000000, 2, 5.519583, 35556.568775, 35556.568775
Z3, 22, 2, 720, 9952.000000, 0.101093, 98444.007003, 98528.000000, 1.000000, 2, 5.519583, 32316.794508, 32316.794508
Z3, 23, 2, 720, 11064.000000, 0.100981, 109565.165724, 110640.000000, 1.000000, 2, 5.519583, 34541.026253, 34541.026253
Z3, 24, 2, 720, 14728.000000, 0.101083, 145702.046833, 145816.000000, 1.000000, 2, 5.519583, 41768.402474, 41768.402474
Z3, 25, 2, 720, 16264.000000, 0.101081, 160900.663824, 161024.000000, 1.000000, 2, 5.519583, 44808.125872, 44808.125872
Z3, 26, 2, 720, 9504.000000, 0.101056, 94046.865104, 94096.000000, 1.000000, 2, 5.519583, 31437.366129, 31437.366129
Z3, 27, 2, 720, 12688.000000, 0.101079, 125525.579003, 125616.000000, 1.000000, 2, 5.519583, 37733.108908, 37733.108908
Z3, 28, 2, 720, 17320.000000, 0.101061, 171381.640791, 171480.000000, 1.000000, 2, 5.519583, 46904.321266, 46904.321266
Z3, 29, 2, 720, 10632.000000, 0.101089, 105174.648082, 105264.000000, 1.000000, 2, 5.519583, 33662.922724, 33662.922724
Z3, 30, 2, 720, 6872.000000, 0.101054, 68003.245789, 68032.000000, 1.000000, 2, 5.519583, 26228.642266, 26228.642266
Z3, 31, 2, 720, 6872.000000, 0.101051, 68005.264668, 68032.000000, 1.000000, 2, 5.519583, 26229.046041, 26229.046041
Z3, 32, 2, 720, 6376.000000, 0.100978, 63142.466676, 63760.000000, 1.000000, 2, 5.519583, 25256.486443, 25256.486443
Z3, 33, 2, 720, 6872.000000, 0.101026, 68022.093323, 68032.000000, 1.000000, 2, 5.519583, 26232.411772, 26232.411772
Z3, 34, 2, 720, 6872.000000, 0.101016, 68028.827116, 68032.000000, 1.000000, 2, 5.519583, 26233.758531, 26233.758531
Z3, 35, 2, 720, 6376.000000, 0.101011, 63121.838216, 63128.000000, 1.000000, 2, 5.519583, 25252.360751, 25252.360751
Z3, 36, 2, 720, 6872.000000, 0.101021, 68025.460053, 68032.000000, 1.000000, 2, 5.519583, 26233.085118, 26233.085118
Z3, 37, 2, 720, 6872.000000, 0.101007, 68034.888671, 68032.000000, 1.000000, 2, 5.519583, 26234.970842, 26234.970842
Z3, 38, 2, 720, 6376.000000, 0.100980, 63141.216082, 63760.000000, 1.000000, 2, 5.519583, 25256.236324, 25256.236324
Z1, 0, 3, 720, 15304.000000, 0.321542, 47595.648469, 47672.000000, 1.000000, 2, 11.042396, 34775.366018, 34775.366018
Z2, 0, 3, 720, 6624.000000, 0.322801, 20520.382527, 20568.000000, 1.000000, 2, 11.042396, 29360.312830, 29360.312830
Z2, 1, 3, 720, 5664.000000, 0.100983, 56088.648584, 56640.000000, 1.000000, 2, 11.042396, 36473.966041, 36473.966041
Z2, 2, 3, 720, 7080.000000, 0.101064, 70054.618855, 70096.000000, 1.000000, 2, 11.042396, 39267.160095, 39267.160095
Z2, 3, 3, 720, 7080.000000, 0.101002, 70097.621829, 70096.000000, 1.000000, 2, 11.042396, 39275.760690, 39275.760690
Z2, 4, 3, 720, 12544.000000, 0.101106, 124067.810021, 124192.000000, 1.000000, 2, 11.042396, 50069.798328, 50069.798328
Z2, 5, 3, 720, 18632.000000, 0.101071, 184345.658003, 184472.000000, 1.000000, 2, 11.042396, 62125.367925, 62125.367925
Z2, 6, 3, 720, 10240.000000, 0.101018, 101368.073017, 101384.000000, 1.000000, 2, 11.042396, 45529.850927, 45529.850927
Z2, 7, 3, 720, 8424.000000, 0.100958, 83440.638681, 84240.000000, 1.000000, 2, 11.042396, 41944.364060, 41944.364060
Z3, 0, 3, 720, 5424.000000, 0.323651, 16758.792650, 16792.000000, 1.000000, 2, 11.042396, 28607.994854, 28607.994854
Z3, 1, 3, 720, 7080.000000, 0.100933, 70145.542092, 70800.000000, 1.000000, 2, 11.042396, 39285.344743, 39285.344743
Z3, 2, 3, 720, 7080.000000, 0.100953, 70131.645419, 70800.000000, 1.000000, 2, 11.042396, 39282.565408, 39282.565408
Z3, 3, 3, 720, 5664.000000, 0.100978, 56091.425855, 56640.000000, 1.000000, 2, 11.042396, 36474.521495, 36474.521495
Z3, 4, 3, 720, 7080.000000, 0.101005, 70095.539825, 70096.000000, 1.000000, 2, 11.042396, 39275.344289, 39275.344289
Z3, 5, 3, 720, 7080.000000, 0.100973, 70117.754251, 70800.000000, 1.000000, 2, 11.042396, 39279.787174, 39279.787174
Z3, 6, 3, 720, 5664.000000, 0.100986, 56086.982354, 56640.000000, 1.000000, 2, 11.042396, 36473.632795, 36473.632795
Z3, 7, 3, 720, 7080.000000, 0.101045, 70067.791578, 70096.000000, 1.000000, 2, 11.042396, 39269.794640, 39269.794640
Z3, 8, 3, 720, 7080.000000, 0.101017, 70087.213043, 70096.000000, 1.000000, 2, 11.042396, 39273.678933, 39273.678933
Z3, 9, 3, 720, 14120.000000, 0.101062, 139716.213809, 139800.000000, 1.000000, 2, 11.042396, 53199.479086, 53199.479086
Z3, 10, 3, 720, 17536.000000, 0.101051, 173536.135219, 173616.000000, 1.000000, 2, 11.042396, 59963.463368, 59963.463368
Z3, 11, 3, 720, 16008.000000, 0.101095, 158346.110094, 158488.000000, 1.000000, 2, 11.042396, 56925.458343, 56925.458343
Z3, 12, 3, 720, 10896.000000, 0.101085, 107790.473364, 107880.000000, 1.000000, 2, 11.042396, 46814.330997, 46814.330997
Z3, 13, 3, 720, 19720.000000, 0.100998, 195251.391117, 197200.000000, 1.000000, 2, 11.042396, 64306.514547, 64306.514547
Z3, 14, 3, 720, 20104.000000, 0.101088, 198876.226654, 199048.000000, 1.000000, 2, 11.042396, 65031.481655, 65031.481655
Z3, 15, 3, 720, 12504.000000, 0.101051, 123739.497877, 123800.000000, 1.000000, 2, 11.042396, 50004.135900, 50004.135900
Z3, 16, 3, 720, 23072.000000, 0.101125, 228153.275649, 228432.000000, 1.000000, 2, 11.042396, 70886.891454, 70886.891454
Z3, 17, 3, 720, 18112.000000, 0.100999, 179328.508203, 181120.000000, 1.000000, 2, 11.042396, 61121.937965, 61121.937965
Z3, 18, 3, 720, 9664.000000, 0.100979, 95703.066974, 96640.000000, 1.000000, 2, 11.042396, 44396.849719, 44396.849719
Z3, 19, 3, 720, 12280.000000, 0.101052, 121521.592843, 121584.000000, 1.000000, 2, 11.042396, 49560.554893, 49560.554893
Z3, 20, 3, 720, 10368.000000, 0.101069, 102583.383629, 102648.000000, 1.000000, 2, 11.042396, 45772.913050, 45772.913050
Z3, 21, 3, 720, 10520.000000, 0.101062, 104094.516238, 104152.000000, 1.000000, 2, 11.042396, 46075.139572, 46075.139572
Z3, 22, 3, 720, 15288.000000, 0.101036, 151312.403500, 151360.000000, 1.000000, 2, 11.042396, 55518.717024, 55518.717024
Z3, 23, 3, 720, 16344.000000, 0.101140, 161597.785248, 161816.000000, 1.000000, 2, 11.042396, 57575.793374, 57575.793374
Z3, 24, 3, 720, 9016.000000, 0.101035, 89236.403227, 89264.000000, 1.000000, 2, 11.042396, 43103.516969, 43103.516969
Z3, 25, 3, 720, 13800.000000, 0.101044, 136574.165710, 136632.000000, 1.000000, 2, 11.042396, 52571.069466, 52571.069466
Z3, 26, 3, 720, 17664.000000, 0.101009, 174875.506143, 174888.000000, 1.000000, 2, 11.042396, 60231.337553, 60231.337553
Z3, 27, 3, 720, 9896.000000, 0.101068, 97914.275537, 97976.000000, 1.000000, 2, 11.042396, 44839.091432, 44839.091432
Z3, 28, 3, 720, 6376.000000, 0.100965, 63150.596741, 63760.000000, 1.000000, 2, 11.042396, 37886.355672, 37886.355672
Z3, 29, 3, 720, 6872.000000, 0.101000, 68039.603960, 68032.000000, 1.000000, 2, 11.042396, 38864.157116, 38864.157116
Z3, 30, 3, 720, 6872.000000, 0.100922, 68092.190008, 68720.000000, 1.000000, 2, 11.042396, 38874.674326, 38874.674326
Z3, 31, 3, 720, 6376.000000, 0.100936, 63168.740588, 63760.000000, 1.000000, 2, 11.042396, 37889.984442, 37889.984442
Z3, 32, 3, 720, 6872.000000, 0.101006, 68035.562244, 68032.000000, 1.000000, 2, 11.042396, 38863.348773, 38863.348773
Z3, 33, 3, 720, 6872.000000, 0.101004, 68036.909429, 68032.000000, 1.000000, 2, 11.042396, 38863.618210, 38863.618210
Z3, 34, 3, 720, 6376.000000, 0.100985, 63138.089815, 63760.000000, 1.000000, 2, 11.042396, 37883.854287, 37883.854287
Z3, 35, 3, 720, 6872.000000, 0.101042, 68011.322025, 68032.000000, 1.000000, 2, 11.042396, 38858.500729, 38858.500729
Z3, 36, 3, 720, 6872.000000, 0.101009, 68033.541566, 68032.000000, 1.000000, 2, 11.042396, 38862.944637, 38862.944637
Z3, 37, 3, 720, 6376.000000, 0.100986, 63137.464599, 63760.000000, 1.000000, 2, 11.042396, 37883.729244, 37883.729244
Z3, 38, 3, 720, 6872.000000, 0.100976, 68055.775630, 68720.000000, 1.000000, 2, 11.042396, 38867.391450, 38867.391450
Z1, 0, 4, 720, 7200.000000, 0.322304, 22339.158062, 22360.000000, 1.000000, 2, 16.563610, 43335.223063, 43335.223063
Z2, 0, 4, 720, 6624.000000, 0.323206, 20494.669035, 20504.000000, 1.000000, 2, 16.563610, 42966.325257, 42966.325257
Z2, 1, 4, 720, 6648.000000, 0.100946, 65856.992848, 66480.000000, 1.000000, 2, 16.563610, 52038.790020, 52038.790020
Z2, 2, 4, 720, 7296.000000, 0.100955, 72269.823189, 72960.000000, 1.000000, 2, 16.563610, 53321.356088, 53321.356088
Z2, 3, 4, 720, 17272.000000, 0.101081, 170872.864337, 171008.000000, 1.000000, 2, 16.563610, 73041.964317, 73041.964317
Z2, 4, 4, 720, 22592.000000, 0.101086, 223492.867459, 223680.000000, 1.000000, 2, 16.563610, 83565.964942, 83565.964942
Z2, 5, 4, 720, 17472.000000, 0.101208, 172634.574342, 172984.000000, 1.000000, 2, 16.563610, 73394.306319, 73394.306319
Z2, 6, 4, 720, 6424.000000, 0.100956, 63631.681128, 64240.000000, 1.000000, 2, 16.563610, 51593.727676, 51593.727676
Z2, 7, 4, 720, 6872.000000, 0.100970, 68059.819748, 68720.000000, 1.000000, 2, 16.563610, 52479.355400, 52479.355400
Z3, 0, 4, 720, 6448.000000, 0.323098, 19956.793295, 19960.000000, 1.000000, 2, 16.563610, 42858.750109, 42858.750109
Z3, 1, 4, 720, 7448.000000, 0.100921, 73800.299244, 74480.000000, 1.000000, 2, 16.563610, 53627.451299, 53627.451299
Z3, 2, 4, 720, 7424.000000, 0.100851, 73613.548701, 74240.000000, 1.000000, 2, 16.563610, 53590.101190, 53590.101190
Z3, 3, 4, 720, 6648.000000, 0.100951, 65853.731018, 66480.000000, 1.000000, 2, 16.563610, 52038.137654, 52038.137654
Z3, 4, 4, 720, 7224.000000, 0.100946, 71563.013889, 72240.000000, 1.000000, 2, 16.563610, 53179.994228, 53179.994228
Z3, 5, 4, 720, 7240.000000, 0.100943, 71723.646018, 72400.000000, 1.000000, 2, 16.563610, 53212.120654, 53212.120654
Z3, 6, 4, 720, 6648.000000, 0.100867, 65908.572675, 66480.000000, 1.000000, 2, 16.563610, 52049.105985, 52049.105985
Z3, 7, 4, 720, 7232.000000, 0.100948, 71640.844791, 72320.000000, 1.000000, 2, 16.563610, 53195.560408, 53195.560408
Z3, 8, 4, 720, 7296.000000, 0.100931, 72287.007956, 72960.000000, 1.000000, 2, 16.563610, 53324.793041, 53324.793041
Z3, 9, 4, 720, 16456.000000, 0.101077, 162806.573207, 162928.000000, 1.000000, 2, 16.563610, 71428.706091, 71428.706091
Z3, 10, 4, 720, 25392.000000, 0.101008, 251386.028829, 251400.000000, 1.000000, 2, 16.563610, 89144.597216, 89144.597216
Z3, 11, 4, 720, 21592.000000, 0.101088, 213596.074707, 213776.000000, 1.000000, 2, 16.563610, 81586.606392, 81586.606392
Z3, 12, 4, 720, 13528.000000, 0.101064, 133855.774559, 133936.000000, 1.000000, 2, 16.563610, 65638.546362, 65638.546362
Z3, 13, 4, 720, 29512.000000, 0.101111, 291877.243821, 292192.000000, 1.000000, 2, 16.563610, 97242.840214, 97242.840214
Z3, 14, 4, 720, 29688.000000, 0.101101, 293646.947112, 293936.000000, 1.000000, 2, 16.563610, 97596.780873, 97596.780873
Z3, 15, 4, 720, 16760.000000, 0.101039, 165876.542721, 165936.000000, 1.000000, 2, 16.563610, 72042.699994, 72042.699994
Z3, 16, 4, 720, 33128.000000, 0.101117, 327620.479247, 328000.000000, 1.000000, 2, 16.563610, 104391.487299, 104391.487299
Z3, 17, 4, 720, 26248.000000, 0.101110, 259598.457126, 259880.000000, 1.000000, 2, 16.563610, 90787.082875, 90787.082875
Z3, 18, 4, 720, 26240.000000, 0.101049, 259675.998773, 259800.000000, 1.000000, 2, 16.563610, 90802.591205, 90802.591205
Z3, 19, 4, 720, 14624.000000, 0.100996, 144797.813775, 146240.000000, 1.000000, 2, 16.563610, 67826.954205, 67826.954205
Z3, 20, 4, 720, 26816.000000, 0.101125, 265176.761434, 265504.000000, 1.000000, 2, 16.563610, 91902.743737, 91902.743737
Z3, 21, 4, 720, 23128.000000, 0.101090, 228786.230092, 228984.000000, 1.000000, 2, 16.563610, 84624.637469, 84624.637469
Z3, 22, 4, 720, 19440.000000, 0.101072, 192338.135191, 192472.000000, 1.000000, 2, 16.563610, 77335.018488, 77335.018488
Z3, 23, 4, 720, 29088.000000, 0.101113, 287678.142276, 288000.000000, 1.000000, 2, 16.563610, 96403.019905, 96403.019905
Z3, 24, 4, 720, 29840.000000, 0.101058, 295275.980130, 295440.000000, 1.000000, 2, 16.563610, 97922.587476, 97922.587476
Z3, 25, 4, 720, 17200.000000, 0.101033, 170241.406273, 170296.000000, 1.000000, 2, 16.563610, 72915.672705, 72915.672705
Z3, 26, 4, 720, 25664.000000, 0.101111, 253820.059143, 254096.000000, 1.000000, 2, 16.563610, 89631.403279, 89631.403279
Z3, 27, 4, 720, 26808.000000, 0.101146, 265042.611670, 265424.000000, 1.000000, 2, 16.563610, 91875.913784, 91875.913784
Z3, 28, 4, 720, 12720.000000, 0.101083, 125837.183305, 125936.000000, 1.000000, 2, 16.563610, 64034.828111, 64034.828111
Z3, 29, 4, 720, 11496.000000, 0.100980, 113844.325609, 114960.000000, 1.000000, 2, 16.563610, 61636.256572, 61636.256572
Z3, 30, 4, 720, 6448.000000, 0.100941, 63878.899555, 64480.000000, 1.000000, 2, 16.563610, 51643.171361, 51643.171361
Z3, 31, 4, 720, 7200.000000, 0.100967, 71310.428160, 72000.000000, 1.000000, 2, 16.563610, 53129.477082, 53129.477082
Z3, 32, 4, 720, 7520.000000, 0.101026, 74436.283729, 74448.000000, 1.000000, 2, 16.563610, 53754.648196, 53754.648196
Z3, 33, 4, 720, 6728.000000, 0.101002, 66612.542326, 66608.000000, 1.000000, 2, 16.563610, 52189.899915, 52189.899915
Z3, 34, 4, 720, 7224.000000, 0.100942, 71565.849696, 72240.000000, 1.000000, 2, 16.563610, 53180.561389, 53180.561389
Z3, 35, 4, 720, 7256.000000, 0.100992, 71847.275032, 72560.000000, 1.000000, 2, 16.563610, 53236.846456, 53236.846456
Z3, 36, 4, 720, 6544.000000, 0.100969, 64811.971991, 65440.000000, 1.000000, 2, 16.563610, 51829.785848, 51829.785848
Z3, 37, 4, 720, 12272.000000, 0.101060, 121432.812191, 121504.000000, 1.000000, 2, 16.563610, 63153.953888, 63153.953888
Z3, 38, 4, 720, 8544.000000, 0.100996, 84597.409798, 85440.000000, 1.000000, 2, 16.563610, 55786.873410, 55786.873410
Z1, 0, 5, 720, 8792.000000, 0.322195, 27287.822592, 27304.000000, 1.000000, 2, 22.085459, 61244.437928, 61244.437928
Z2, 0, 5, 720, 6624.000000, 0.322811, 20519.746849, 20568.000000, 1.000000, 2, 22.085459, 59890.822780, 59890.822780
Z2, 1, 5, 720, 7616.000000, 0.100939, 75451.510318, 76160.000000, 1.000000, 2, 22.085459, 70877.175473, 70877.175473
Z2, 2, 5, 720, 8816.000000, 0.101019, 87270.711450, 87280.000000, 1.000000, 2, 22.085459, 73241.015700, 73241.015700
Z2, 3, 5, 720, 14976.000000, 0.101074, 148168.668500, 148272.000000, 1.000000, 2, 22.085459, 85420.607110, 85420.607110
Z2, 4, 5, 720, 20272.000000, 0.101061, 200591.721831, 200712.000000, 1.000000, 2, 22.085459, 95905.217776, 95905.217776
Z2, 5, 5, 720, 21272.000000, 0.101053, 210503.399206, 210608.000000, 1.000000, 2, 22.085459, 97887.553251, 97887.553251
Z2, 6, 5, 720, 9680.000000, 0.101040, 95803.642122, 95840.000000, 1.000000, 2, 22.085459, 74947.601834, 74947.601834
Z2, 7, 5, 720, 12888.000000, 0.101058, 127530.724930, 127600.000000, 1.000000, 2, 22.085459, 81293.018396, 81293.018396
Z3, 0, 5, 720, 7712.000000, 0.322714, 23897.320848, 23944.000000, 1.000000, 2, 22.085459, 60566.337579, 60566.337579
Z3, 1, 5, 720, 9624.000000, 0.101014, 95273.922427, 95280.000000, 1.000000, 2, 22.085459, 74841.657895, 74841.657895
Z3, 2, 5, 720, 9096.000000, 0.101059, 90006.827695, 90056.000000, 1.000000, 2, 22.085459, 73788.238949, 73788.238949
Z3, 3, 5, 720, 7632.000000, 0.100951, 75601.034165, 76320.000000, 1.000000, 2, 22.085459, 70907.080243, 70907.080243
Z3, 4, 5, 720, 8304.000000, 0.101002, 82216.193739, 82216.000000, 1.000000, 2, 22.085459, 72230.112158, 72230.112158
Z3, 5, 5, 720, 8504.000000, 0.100997, 84200.520808, 85040.000000, 1.000000, 2, 22.085459, 72626.977571, 72626.977571
Z3, 6, 5, 720, 7384.000000, 0.100981, 73122.666640, 73840.000000, 1.000000, 2, 22.085459, 70411.406738, 70411.406738
Z3, 7, 5, 720, 8968.000000, 0.101027, 88768.349055, 88792.000000, 1.000000, 2, 22.085459, 73540.543221, 73540.543221
Z3, 8, 5, 720, 8912.000000, 0.101020, 88220.154425, 88232.000000, 1.000000, 2, 22.085459, 73430.904295, 73430.904295
Z3, 9, 5, 720, 16688.000000, 0.101055, 165137.796250, 165224.000000, 1.000000, 2, 22.085459, 88814.432660, 88814.432660
Z3, 10, 5, 720, 23832.000000, 0.101078, 235778.309820, 235960.000000, 1.000000, 2, 22.085459, 102942.535374, 102942.535374
Z3, 11, 5, 720, 21144.000000, 0.101099, 209141.534535, 209344.000000, 1.000000, 2, 22.085459, 97615.180317, 97615.180317
Z3, 12, 5, 720, 14272.000000, 0.100964, 141357.315479, 142720.000000, 1.000000, 2, 22.085459, 84058.336506, 84058.336506
Z3, 13, 5, 720, 27640.000000, 0.104643, 264136.158176, 265768.000000, 1.000000, 2, 22.085459, 108614.105045, 108614.105045
Z3, 14, 5, 720, 33288.000000, 0.101080, 329323.308271, 329584.000000, 1.000000, 2, 22.085459, 121651.535064, 121651.535064
Z3, 15, 5, 720, 17576.000000, 0.101053, 173928.532552, 174016.000000, 1.000000, 2, 22.085459, 90572.579920, 90572.579920
Z3, 16, 5, 720, 34872.000000, 0.101134, 344809.856230, 345264.000000, 1.000000, 2, 22.085459, 124748.844656, 124748.844656
Z3, 17, 5, 720, 27336.000000, 0.101108, 270364.362860, 270648.000000, 1.000000, 2, 22.085459, 109859.745982, 109859.745982
Z3, 18, 5, 720, 25312.000000, 0.101128, 250296.653746, 250608.000000, 1.000000, 2, 22.085459, 105846.204159, 105846.204159
Z3, 19, 5, 720, 18312.000000, 0.101080, 181163.434903, 181304.000000, 1.000000, 2, 22.085459, 92019.560390, 92019.560390
Z3, 20, 5, 720, 41432.000000, 0.101130, 409690.497380, 410216.000000, 1.000000, 2, 22.085459, 137724.972886, 137724.972886
Z3, 21, 5, 720, 36760.000000, 0.101147, 363431.441368, 363960.000000, 1.000000, 2, 22.085459, 128473.161683, 128473.161683
Z3, 22, 5, 720, 21272.000000, 0.101116, 210372.245738, 210608.000000, 1.000000, 2, 22.085459, 97861.322557, 97861.322557
Z3, 23, 5, 720, 43464.000000, 0.101193, 429515.875604, 430336.000000, 1.000000, 2, 22.085459, 141690.048531, 141690.048531
Z3, 24, 5, 720, 42000.000000, 0.101169, 415146.932361, 415840.000000, 1.000000, 2, 22.085459, 138816.259882, 138816.259882
Z3, 25, 5, 720, 20304.000000, 0.101093, 200844.766700, 201024.000000, 1.000000, 2, 22.085459, 95955.826750, 95955.826750
Z3, 26, 5, 720, 32736.000000, 0.101059, 323929.585688, 324112.000000, 1.000000, 2, 22.085459, 120572.790547, 120572.790547
Z3, 27, 5, 720, 34608.000000, 0.101115, 342263.759086, 342648.000000, 1.000000, 2, 22.085459, 124239.625227, 124239.625227
Z3, 28, 5, 720, 13208.000000, 0.101042, 130717.919281, 130768.000000, 1.000000, 2, 22.085459, 81930.457266, 81930.457266
Z3, 29, 5, 720, 16320.000000, 0.101030, 161536.177373, 161584.000000, 1.000000, 2, 22.085459, 88094.108884, 88094.108884
Z3, 30, 5, 720, 8752.000000, 0.101087, 86578.887493, 86648.000000, 1.000000, 2, 22.085459, 73102.650908, 73102.650908
Z3, 31, 5, 720, 12760.000000, 0.101025, 126305.369958, 126336.000000, 1.000000, 2, 22.085459, 81047.947401, 81047.947401
Z3, 32, 5, 720, 15440.000000, 0.100949, 152948.518559, 154400.000000, 1.000000, 2, 22.085459, 86376.577122, 86376.577122
Z3, 33, 5, 720, 10000.000000, 0.100949, 99059.921346, 100000.000000, 1.000000, 2, 22.085459, 75598.857679, 75598.857679
Z3, 34, 5, 720, 15200.000000, 0.101056, 150411.652945, 150488.000000, 1.000000, 2, 22.085459, 85869.203999, 85869.203999
Z3, 35, 5, 720, 18352.000000, 0.101031, 181647.217191, 181696.000000, 1.000000, 2, 22.085459, 92116.316848, 92116.316848
Z3, 36, 5, 720, 11224.000000, 0.101000, 111128.712871, 111128.000000, 1.000000, 2, 22.085459, 78012.615984, 78012.615984
Z3, 37, 5, 720, 23240.000000, 0.101058, 229966.949672, 230096.000000, 1.000000, 2, 22.085459, 101780.263344, 101780.263344
Z3, 38, 5, 720, 16824.000000, 0.100976, 166613.848835, 168240.000000, 1.000000, 2, 22.085459, 89109.643177, 89109.643177
Z1, 0, 6, 720, 7488.000000, 0.322636, 23208.817367, 23248.000000, 1.000000, 2, 27.610995, 81123.413543, 81123.413543
Z2, 0, 6, 720, 6624.000000, 0.323421, 20481.044830, 20504.000000, 1.000000, 2, 27.610995, 80577.859035, 80577.859035
Z2, 1, 6, 720, 6768.000000, 0.100978, 67024.500386, 67680.000000, 1.000000, 2, 27.610995, 89886.550146, 89886.550146
Z2, 2, 6, 720, 7752.000000, 0.100893, 76833.873510, 77520.000000, 1.000000, 2, 27.610995, 91848.424771, 91848.424771
Z2, 3, 6, 720, 10768.000000, 0.100974, 106641.313605, 107680.000000, 1.000000, 2, 27.610995, 97809.912790, 97809.912790
Z2, 4, 6, 720, 14912.000000, 0.100982, 147669.881761, 149120.000000, 1.000000, 2, 27.610995, 106015.626421, 106015.626421
Z2, 5, 6, 720, 14376.000000, 0.101052, 142263.389146, 142336.000000, 1.000000, 2, 27.610995, 104934.327898, 104934.327898
Z2, 6, 6, 720, 7176.000000, 0.100956, 71080.470700, 71760.000000, 1.000000, 2, 27.610995, 90697.744209, 90697.744209
Z2, 7, 6, 720, 8768.000000, 0.101179, 86658.298659, 86808.000000, 1.000000, 2, 27.610995, 93813.309801, 93813.309801
Z3, 0, 6, 720, 6760.000000, 0.323903, 20870.445782, 20928.000000, 1.000000, 2, 27.610995, 80655.739226, 80655.739226
Z3, 1, 6, 720, 8320.000000, 0.101001, 82375.422026, 82376.000000, 1.000000, 2, 27.610995, 92956.734474, 92956.734474
Z3, 2, 6, 720, 7800.000000, 0.100951, 77265.207873, 78000.000000, 1.000000, 2, 27.610995, 91934.691644, 91934.691644
Z3, 3, 6, 720, 6928.000000, 0.100992, 68599.493029, 69280.000000, 1.000000, 2, 27.610995, 90201.548675, 90201.548675
Z3, 4, 6, 720, 7472.000000, 0.100951, 74016.106824, 74720.000000, 1.000000, 2, 27.610995, 91284.871434, 91284.871434
Z3, 5, 6, 720, 7416.000000, 0.100936, 73472.299279, 74160.000000, 1.000000, 2, 27.610995, 91176.109925, 91176.109925
Z3, 6, 6, 720, 6760.000000, 0.100996, 66933.343895, 67600.000000, 1.000000, 2, 27.610995, 89868.318848, 89868.318848
Z3, 7, 6, 720, 7600.000000, 0.100987, 75257.211324, 76000.000000, 1.000000, 2, 27.610995, 91533.092334, 91533.092334
Z3, 8, 6, 720, 7600.000000, 0.100990, 75254.975740, 76000.000000, 1.000000, 2, 27.610995, 91532.645217, 91532.645217
Z3, 9, 6, 720, 12912.000000, 0.101076, 127745.458863, 127840.000000, 1.000000, 2, 27.610995, 102030.741842, 102030.741842
Z3, 10, 6, 720, 17552.000000, 0.100980, 173816.597346, 175520.000000, 1.000000, 2, 27.610995, 111244.969538, 111244.969538
Z3, 11, 6, 720, 14968.000000, 0.100925, 148308.149616, 149680.000000, 1.000000, 2, 27.610995, 106143.279992, 106143.279992
Z3, 12, 6, 720, 10336.000000, 0.101046, 102290.046118, 102336.000000, 1.000000, 2, 27.610995, 96939.659293, 96939.659293
Z3, 13, 6, 720, 18344.000000, 0.101193, 181277.361082, 181616.000000, 1.000000, 2, 27.610995, 112737.122286, 112737.122286
Z3, 14, 6, 720, 20456.000000, 0.101081, 202372.354844, 202528.000000, 1.000000, 2, 27.610995, 116956.121038, 116956.121038
Z3, 15, 6, 720, 12480.000000, 0.101034, 123522.774512, 123560.000000, 1.000000, 2, 27.610995, 101186.204972, 101186.204972
Z3, 16, 6, 720, 18912.000000, 0.101000, 187247.524752, 187240.000000, 1.000000, 2, 27.610995, 113931.155020, 113931.155020
Z3, 17, 6, 720, 16112.000000, 0.101001, 159523.173038, 159520.000000, 1.000000, 2, 27.610995, 108386.284677, 108386.284677
Z3, 18, 6, 720, 17456.000000, 0.101064, 172722.235415, 172824.000000, 1.000000, 2, 27.610995, 111026.097152, 111026.097152
Z3, 19, 6, 720, 16088.000000, 0.101074, 159170.508736, 159280.000000, 1.000000, 2, 27.610995, 108315.751816, 108315.751816
Z3, 20, 6, 720, 31984.000000, 0.101131, 316263.064738, 316672.000000, 1.000000, 2, 27.610995, 139734.263017, 139734.263017
Z3, 21, 6, 720, 21472.000000, 0.101070, 212446.819036, 212592.000000, 1.000000, 2, 27.610995, 118971.013876, 118971.013876
Z3, 22, 6, 720, 19320.000000, 0.101084, 191128.170630, 191280.000000, 1.000000, 2, 27.610995, 114707.284195, 114707.284195
Z3, 23, 6, 720, 33040.000000, 0.101123, 326730.812970, 327128.000000, 1.000000, 2, 27.610995, 141827.812663, 141827.812663
Z3, 24, 6, 720, 26472.000000, 0.101101, 261837.172728, 262096.000000, 1.000000, 2, 27.610995, 128849.084615, 128849.084615
Z3, 25, 6, 720, 12984.000000, 0.101030, 128516.282292, 128552.000000, 1.000000, 2, 27.610995, 102184.906528, 102184.906528
Z3, 26, 6, 720, 21128.000000, 0.100999, 209190.190002, 211280.000000, 1.000000, 2, 27.610995, 118319.688070, 118319.688070
Z3, 27, 6, 720, 21576.000000, 0.101049, 213520.173381, 213616.000000, 1.000000, 2, 27.610995, 119185.684745, 119185.684745
Z3, 28, 6, 720, 9568.000000, 0.100980, 94751.435928, 95680.000000, 1.000000, 2, 27.610995, 95431.937255, 95431.937255
Z3, 29, 6, 720, 12800.000000, 0.101067, 126648.658810, 126728.000000, 1.000000, 2, 27.610995, 101811.381831, 101811.381831
Z3, 30, 6, 720, 7048.000000, 0.100885, 69861.723745, 70480.000000, 1.000000, 2, 27.610995, 90453.994818, 90453.994818
Z3, 31, 6, 720, 8656.000000, 0.100984, 85716.549156, 86560.000000, 1.000000, 2, 27.610995, 93624.959900, 93624.959900
Z3, 32, 6, 720, 9488.000000, 0.101034, 93908.981135, 93936.000000, 1.000000, 2, 27.610995, 95263.446296, 95263.446296
Z3, 33, 6, 720, 8424.000000, 0.100849, 83530.823310, 84240.000000, 1.000000, 2, 27.610995, 93187.814731, 93187.814731
Z3, 34, 6, 720, 9328.000000, 0.101061, 92300.689682, 92352.000000, 1.000000, 2, 27.610995, 94941.788006, 94941.788006
Z3, 35, 6, 720, 8680.000000, 0.101021, 85922.728938, 85936.000000, 1.000000, 2, 27.610995, 93666.195857, 93666.195857
Z3, 36, 6, 720, 7160.000000, 0.100898, 70962.754465, 71600.000000, 1.000000, 2, 27.610995, 90674.200962, 90674.200962
Z3, 37, 6, 720, 10360.000000, 0.101068, 102505.243994, 102568.000000, 1.000000, 2, 27.610995, 96982.698868, 96982.698868
Z3, 38, 6, 720, 9048.000000, 0.101084, 89509.714693, 89584.000000, 1.000000, 2, 27.610995, 94383.593008, 94383.593008
Z1, 0, 7, 720, 14352.000000, 0.321806, 44598.298354, 44704.000000, 1.000000, 2, 33.133805, 90675.009462, 90675.009462
Z2, 0, 7, 720, 6624.000000, 0.322923, 20512.629946, 20568.000000, 1.000000, 2, 33.133805, 85857.875780, 85857.875780
Z2, 1, 7, 720, 6792.000000, 0.100958, 67275.500703, 67920.000000, 1.000000, 2, 33.133805, 95210.449932, 95210.449932
Z2, 2, 7, 720, 7408.000000, 0.100939, 73390.859826, 74080.000000, 1.000000, 2, 33.133805, 96433.521757, 96433.521757
Z2, 3, 7, 720, 7464.000000, 0.100949, 73938.325293, 74640.000000, 1.000000, 2, 33.133805, 96543.014850, 96543.014850
Z2, 4, 7, 720, 10144.000000, 0.100991, 100444.594073, 101440.000000, 1.000000, 2, 33.133805, 101844.268606, 101844.268606
Z2, 5, 7, 720, 16856.000000, 0.101000, 166891.089109, 166888.000000, 1.000000, 2, 33.133805, 115133.567613, 115133.567613
Z2, 6, 7, 720, 9672.000000, 0.100955, 95805.061661, 96720.000000, 1.000000, 2, 33.133805, 100916.362123, 100916.362123
Z2, 7, 7, 720, 13368.000000, 0.100949, 132423.302856, 133680.000000, 1.000000, 2, 33.133805, 108240.010362, 108240.010362
Z3, 0, 7, 720, 6656.000000, 0.322812, 20618.812188, 20664.000000, 1.000000, 2, 33.133805, 85879.112229, 85879.112229
Z3, 1, 7, 720, 7664.000000, 0.100988, 75890.204777, 76640.000000, 1.000000, 2, 33.133805, 96933.390747, 96933.390747
Z3, 2, 7, 720, 7664.000000, 0.100960, 75911.251981, 76640.000000, 1.000000, 2, 33.133805, 96937.600187, 96937.600187
Z3, 3, 7, 720, 6920.000000, 0.100944, 68552.860992, 69200.000000, 1.000000, 2, 33.133805, 95465.921990, 95465.921990
Z3, 4, 7, 720, 7504.000000, 0.100907, 74365.504871, 75040.000000, 1.000000, 2, 33.133805, 96628.450765, 96628.450765
Z3, 5, 7, 720, 7480.000000, 0.100931, 74110.035569, 74800.000000, 1.000000, 2, 33.133805, 96577.356905, 96577.356905
Z3, 6, 7, 720, 6728.000000, 0.100884, 66690.456366, 67280.000000, 1.000000, 2, 33.133805, 95093.441064, 95093.441064
Z3, 7, 7, 720, 7632.000000, 0.100941, 75608.523791, 76320.000000, 1.000000, 2, 33.133805, 96877.054549, 96877.054549
Z3, 8, 7, 720, 7392.000000, 0.100956, 73220.016641, 73920.000000, 1.000000, 2, 33.133805, 96399.353119, 96399.353119
Z3, 9, 7, 720, 12800.000000, 0.101002, 126730.163759, 126728.000000, 1.000000, 2, 33.133805, 107101.382543, 107101.382543
Z3, 10, 7, 720, 16760.000000, 0.100967, 165994.829994, 167600.000000, 1.000000, 2, 33.133805, 114954.315790, 114954.315790
Z3, 11, 7, 720, 14104.000000, 0.100974, 139679.521461, 141040.000000, 1.000000, 2, 33.133805, 109691.254083, 109691.254083
Z3, 12, 7, 720, 9704.000000, 0.100971, 96106.802943, 97040.000000, 1.000000, 2, 33.133805, 100976.710380, 100976.710380
Z3, 13, 7, 720, 17248.000000, 0.105161, 164015.176729, 164264.000000, 1.000000, 2, 33.133805, 114558.385137, 114558.385137
Z3, 14, 7, 720, 21552.000000, 0.101047, 213286.886300, 213384.000000, 1.000000, 2, 33.133805, 124412.727051, 124412.727051
Z3, 15, 7, 720, 16688.000000, 0.100933, 165337.402039, 166880.000000, 1.000000, 2, 33.133805, 114822.830199, 114822.830199
Z3, 16, 7, 720, 23312.000000, 0.101020, 230766.184914, 230808.000000, 1.000000, 2, 33.133805, 127908.586774, 127908.586774
Z3, 17, 7, 720, 14952.000000, 0.100900, 148186.323092, 149520.000000, 1.000000, 2, 33.133805, 111392.614410, 111392.614410
Z3, 18, 7, 720, 23928.000000, 0.100979, 236960.160033, 239280.000000, 1.000000, 2, 33.133805, 129147.381798, 129147.381798
Z3, 19, 7, 720, 29544.000000, 0.101057, 292349.861959, 292512.000000, 1.000000, 2, 33.133805, 140225.322183, 140225.322183
Z3, 20, 7, 720, 31920.000000, 0.101007, 316017.701743, 316032.000000, 1.000000, 2, 33.133805, 144958.890140, 144958.890140
Z3, 21, 7, 720, 15096.000000, 0.100968, 149512.716900, 150960.000000, 1.000000, 2, 33.133805, 111657.893171, 111657.893171
Z3, 22, 7, 720, 22296.000000, 0.101092, 220551.576782, 220752.000000, 1.000000, 2, 33.133805, 125865.665148, 125865.665148
Z3, 23, 7, 720, 24272.000000, 0.101070, 240150.390818, 240312.000000, 1.000000, 2, 33.133805, 129785.427955, 129785.427955
Z3, 24, 7, 720, 13368.000000, 0.101003, 132352.504381, 132352.000000, 1.000000, 2, 33.133805, 108225.850667, 108225.850667
Z3, 25, 7, 720, 21768.000000, 0.100969, 215590.923947, 217680.000000, 1.000000, 2, 33.133805, 124873.534581, 124873.534581
Z3, 26, 7, 720, 21680.000000, 0.100930, 214802.338254, 216800.000000, 1.000000, 2, 33.133805, 124715.817442, 124715.817442
Z3, 27, 7, 720, 15008.000000, 0.101002, 148591.117008, 148592.000000, 1.000000, 2, 33.133805, 111473.573193, 111473.573193
Z3, 28, 7, 720, 13424.000000, 0.100823, 133144.223044, 134240.000000, 1.000000, 2, 33.133805, 108384.194400, 108384.194400
Z3, 29, 7, 720, 8064.000000, 0.100822, 79982.543492, 80640.000000, 1.000000, 2, 33.133805, 97751.858490, 97751.858490
Z3, 30, 7, 720, 9424.000000, 0.100889, 93409.588756, 94240.000000, 1.000000, 2, 33.133805, 100437.267542, 100437.267542
Z3, 31, 7, 720, 7368.000000, 0.100938, 72995.304048, 73680.000000, 1.000000, 2, 33.133805, 96354.410601, 96354.410601
Z3, 32, 7, 720, 8792.000000, 0.100914, 87123.689478, 87920.000000, 1.000000, 2, 33.133805, 99180.087687, 99180.087687
Z3, 33, 7, 720, 8568.000000, 0.101025, 84810.690423, 84824.000000, 1.000000, 2, 33.133805, 98717.487876, 98717.487876
Z3, 34, 7, 720, 7064.000000, 0.100741, 70120.407778, 70640.000000, 1.000000, 2, 33.133805, 95779.431347, 95779.431347
Z3, 35, 7, 720, 10104.000000, 0.101029, 100010.887963, 100032.000000, 1.000000, 2, 33.133805, 101757.527384, 101757.527384
Z3, 36, 7, 720, 8640.000000, 0.100862, 85661.597034, 86400.000000, 1.000000, 2, 33.133805, 98887.669198, 98887.669198
Z3, 37, 7, 720, 7168.000000, 0.100899, 71041.338368, 71680.000000, 1.000000, 2, 33.133805, 95963.617465, 95963.617465
Z3, 38, 7, 720, 8160.000000, 0.100768, 80978.088282, 81600.000000, 1.000000, 2, 33.133805, 97950.967448, 97950.967448
