Zone, Tile_no, Seg_no, Reso, Seg_d_size, Seg_d_time, Bitrate, Bitrate1, Buf_lev, Buf_limit, Elapsed, Ref_vp, Local_avg,QoE,QoE1,Z1,Z2,Z3,delay,jitter,loss
Z1,0,1,720,9960.0,0.473658,21027.830207,21056.0,1.0,2,6e-05,21027.830207,21027.830207,832321.6823019999,2332679.5416267007,126512.177302,2479210.5273019997,17482789.120549005,150,0,3
Z2,0,1,720,8952.0,0.474569,18863.431872,18880.0,1.0,2,6e-05,9431.715936,9431.715936,832321.6823019999,2332679.5416267007,126512.177302,2479210.5273019997,17482789.120549005,150,0,3
Z2,1,1,720,5424.0,0.150952,35931.951879,36160.0,1.0,2,6e-05,11977.317293,11977.317293,832321.6823019999,2332679.5416267007,126512.177302,2479210.5273019997,17482789.120549005,150,0,3
Z2,2,1,720,7080.0,0.150978,46894.249493,47200.0,1.0,2,6e-05,11723.562373,11723.562373,832321.6823019999,2332679.5416267007,126512.177302,2479210.5273019997,17482789.120549005,150,0,3
Z2,3,1,720,18976.0,0.151046,125630.602598,125664.0,1.0,2,6e-05,25126.12052,25126.12052,832321.6823019999,2332679.5416267007,126512.177302,2479210.5273019997,17482789.120549005,150,0,3
Z2,4,1,720,8720.0,0.151025,57738.784969,57744.0,1.0,2,6e-05,11547.756994,11547.756994,832321.6823019999,2332679.5416267007,126512.177302,2479210.5273019997,17482789.120549005,150,0,3
Z2,5,1,720,8336.0,0.151034,55192.870479,55200.0,1.0,2,6e-05,11038.574096,11038.574096,832321.6823019999,2332679.5416267007,126512.177302,2479210.5273019997,17482789.120549005,150,0,3
Z2,6,1,720,6376.0,0.150984,42229.640227,42504.0,1.0,2,6e-05,8445.928045,8445.928045,832321.6823019999,2332679.5416267007,126512.177302,2479210.5273019997,17482789.120549005,150,0,3
Z2,7,1,720,6872.0,0.150974,45517.771272,45808.0,1.0,2,6e-05,9103.554254,9103.554254,832321.6823019999,2332679.5416267007,126512.177302,2479210.5273019997,17482789.120549005,150,0,3
Z3,0,1,720,7080.0,0.47328,14959.432049,14968.0,1.0,2,6e-05,2991.88641,2991.88641,832321.6823019999,2332679.5416267007,126512.177302,2479210.5273019997,17482789.120549005,150,0,3
Z3,1,1,720,7080.0,0.150976,46894.870708,47200.0,1.0,2,6e-05,9378.974142,9378.974142,832321.6823019999,2332679.5416267007,126512.177302,2479210.5273019997,17482789.120549005,150,0,3
Z3,2,1,720,5664.0,0.150958,37520.369904,37760.0,1.0,2,6e-05,7504.073981,7504.073981,832321.6823019999,2332679.5416267007,126512.177302,2479210.5273019997,17482789.120549005,150,0,3
Z3,3,1,720,7080.0,0.150924,46911.028067,47200.0,1.0,2,6e-05,9382.205613,9382.205613,832321.6823019999,2332679.5416267007,126512.177302,2479210.5273019997,17482789.120549005,150,0,3
Z3,4,1,720,7080.0,0.150983,46892.696529,47200.0,1.0,2,6e-05,9378.539306,9378.539306,832321.6823019999,2332679.5416267007,126512.177302,2479210.5273019997,17482789.120549005,150,0,3
Z3,5,1,720,5664.0,0.150975,37516.145057,37760.0,1.0,2,6e-05,7503.229011,7503.229011,832321.6823019999,2332679.5416267007,126512.177302,2479210.5273019997,17482789.120549005,150,0,3
Z3,6,1,720,7080.0,0.150976,46894.870708,47200.0,1.0,2,6e-05,9378.974142,9378.974142,832321.6823019999,2332679.5416267007,126512.177302,2479210.5273019997,17482789.120549005,150,0,3
Z3,7,1,720,7080.0,0.150983,46892.696529,47200.0,1.0,2,6e-05,9378.539306,9378.539306,832321.6823019999,2332679.5416267007,126512.177302,2479210.5273019997,17482789.120549005,150,0,3
Z3,8,1,720,5664.0,0.150968,37517.884585,37760.0,1.0,2,6e-05,7503.576917,7503.576917,832321.6823019999,2332679.5416267007,126512.177302,2479210.5273019997,17482789.120549005,150,0,3
Z3,9,1,720,7080.0,0.15099,46890.522551,47200.0,1.0,2,6e-05,9378.10451,9378.10451,832321.6823019999,2332679.5416267007,126512.177302,2479210.5273019997,17482789.120549005,150,0,3
Z3,10,1,720,12904.0,0.151032,85438.847397,85456.0,1.0,2,6e-05,17087.769479,17087.769479,832321.6823019999,2332679.5416267007,126512.177302,2479210.5273019997,17482789.120549005,150,0,3
Z3,11,1,720,17344.0,0.151091,114791.748019,114856.0,1.0,2,6e-05,22958.349604,22958.349604,832321.6823019999,2332679.5416267007,126512.177302,2479210.5273019997,17482789.120549005,150,0,3
Z3,12,1,720,16912.0,0.151042,111968.856345,112000.0,1.0,2,6e-05,22393.771269,22393.771269,832321.6823019999,2332679.5416267007,126512.177302,2479210.5273019997,17482789.120549005,150,0,3
Z3,13,1,720,13240.0,0.151049,87653.675297,87680.0,1.0,2,6e-05,17530.735059,17530.735059,832321.6823019999,2332679.5416267007,126512.177302,2479210.5273019997,17482789.120549005,150,0,3
Z3,14,1,720,28328.0,0.15112,187453.679195,187600.0,1.0,2,6e-05,37490.735839,37490.735839,832321.6823019999,2332679.5416267007,126512.177302,2479210.5273019997,17482789.120549005,150,0,3
Z3,15,1,720,30528.0,0.151095,202045.070982,202168.0,1.0,2,6e-05,40409.014196,40409.014196,832321.6823019999,2332679.5416267007,126512.177302,2479210.5273019997,17482789.120549005,150,0,3
Z3,16,1,720,16360.0,0.150986,108354.416966,109064.0,1.0,2,6e-05,21670.883393,21670.883393,832321.6823019999,2332679.5416267007,126512.177302,2479210.5273019997,17482789.120549005,150,0,3
Z3,17,1,720,33216.0,0.151173,219721.775714,219968.0,1.0,2,6e-05,43944.355143,43944.355143,832321.6823019999,2332679.5416267007,126512.177302,2479210.5273019997,17482789.120549005,150,0,3
Z3,18,1,720,28000.0,0.151107,185299.158874,185424.0,1.0,2,6e-05,37059.831775,37059.831775,832321.6823019999,2332679.5416267007,126512.177302,2479210.5273019997,17482789.120549005,150,0,3
Z3,19,1,720,15744.0,0.151069,104217.278197,104264.0,1.0,2,6e-05,20843.455639,20843.455639,832321.6823019999,2332679.5416267007,126512.177302,2479210.5273019997,17482789.120549005,150,0,3
Z3,20,1,720,16024.0,0.15103,106098.1262,106112.0,1.0,2,6e-05,21219.62524,21219.62524,832321.6823019999,2332679.5416267007,126512.177302,2479210.5273019997,17482789.120549005,150,0,3
Z3,21,1,720,11576.0,0.151066,76628.758291,76656.0,1.0,2,6e-05,15325.751658,15325.751658,832321.6823019999,2332679.5416267007,126512.177302,2479210.5273019997,17482789.120549005,150,0,3
Z3,22,1,720,10816.0,0.15104,71610.169492,71624.0,1.0,2,6e-05,14322.033898,14322.033898,832321.6823019999,2332679.5416267007,126512.177302,2479210.5273019997,17482789.120549005,150,0,3
Z3,23,1,720,13224.0,0.151079,87530.364908,87576.0,1.0,2,6e-05,17506.072982,17506.072982,832321.6823019999,2332679.5416267007,126512.177302,2479210.5273019997,17482789.120549005,150,0,3
Z3,24,1,720,17528.0,0.151058,116034.900502,116072.0,1.0,2,6e-05,23206.9801,23206.9801,832321.6823019999,2332679.5416267007,126512.177302,2479210.5273019997,17482789.120549005,150,0,3
Z3,25,1,720,23824.0,0.150964,157812.458599,158824.0,1.0,2,6e-05,31562.49172,31562.49172,832321.6823019999,2332679.5416267007,126512.177302,2479210.5273019997,17482789.120549005,150,0,3
Z3,26,1,720,11024.0,0.15107,72972.794069,73000.0,1.0,2,6e-05,14594.558814,14594.558814,832321.6823019999,2332679.5416267007,126512.177302,2479210.5273019997,17482789.120549005,150,0,3
Z3,27,1,720,15112.0,0.150936,100121.905973,100744.0,1.0,2,6e-05,20024.381195,20024.381195,832321.6823019999,2332679.5416267007,126512.177302,2479210.5273019997,17482789.120549005,150,0,3
Z3,28,1,720,24552.0,0.151089,162500.248198,162592.0,1.0,2,6e-05,32500.04964,32500.04964,832321.6823019999,2332679.5416267007,126512.177302,2479210.5273019997,17482789.120549005,150,0,3
Z3,29,1,720,10824.0,0.151035,71665.507995,71680.0,1.0,2,6e-05,14333.101599,14333.101599,832321.6823019999,2332679.5416267007,126512.177302,2479210.5273019997,17482789.120549005,150,0,3
Z3,30,1,720,6872.0,0.151015,45505.41337,45504.0,1.0,2,6e-05,9101.082674,9101.082674,832321.6823019999,2332679.5416267007,126512.177302,2479210.5273019997,17482789.120549005,150,0,3
Z3,31,1,720,6872.0,0.150995,45511.440776,45808.0,1.0,2,6e-05,9102.288155,9102.288155,832321.6823019999,2332679.5416267007,126512.177302,2479210.5273019997,17482789.120549005,150,0,3
Z3,32,1,720,6376.0,0.150964,42235.23489,42504.0,1.0,2,6e-05,8447.046978,8447.046978,832321.6823019999,2332679.5416267007,126512.177302,2479210.5273019997,17482789.120549005,150,0,3
Z3,33,1,720,6872.0,0.150977,45516.866808,45808.0,1.0,2,6e-05,9103.373362,9103.373362,832321.6823019999,2332679.5416267007,126512.177302,2479210.5273019997,17482789.120549005,150,0,3
Z3,34,1,720,6872.0,0.150937,45528.929288,45808.0,1.0,2,6e-05,9105.785858,9105.785858,832321.6823019999,2332679.5416267007,126512.177302,2479210.5273019997,17482789.120549005,150,0,3
Z3,35,1,720,6376.0,0.150947,42239.99152,42504.0,1.0,2,6e-05,8447.998304,8447.998304,832321.6823019999,2332679.5416267007,126512.177302,2479210.5273019997,17482789.120549005,150,0,3
Z3,36,1,720,6872.0,0.150976,45517.168292,45808.0,1.0,2,6e-05,9103.433658,9103.433658,832321.6823019999,2332679.5416267007,126512.177302,2479210.5273019997,17482789.120549005,150,0,3
Z3,37,1,720,6872.0,0.150992,45512.345025,45808.0,1.0,2,6e-05,9102.469005,9102.469005,832321.6823019999,2332679.5416267007,126512.177302,2479210.5273019997,17482789.120549005,150,0,3
Z3,38,1,720,6376.0,0.150932,42244.189436,42504.0,1.0,2,6e-05,8448.837887,8448.837887,832321.6823019999,2332679.5416267007,126512.177302,2479210.5273019997,17482789.120549005,150,0,3
Z1,0,2,720,15344.0,0.471529,32540.94658,32576.0,1.0,2,8.223348,14957.027203,14957.027203,832321.6823019999,2332679.5416267007,126512.177302,2479210.5273019997,17482789.120549005,150,0,3
Z2,0,2,720,6624.0,0.473967,13975.656533,14000.0,1.0,2,8.223348,11243.969194,11243.969194,832321.6823019999,2332679.5416267007,126512.177302,2479210.5273019997,17482789.120549005,150,0,3
Z2,1,2,720,5664.0,0.150911,37532.055317,37760.0,1.0,2,8.223348,15955.248951,15955.248951,832321.6823019999,2332679.5416267007,126512.177302,2479210.5273019997,17482789.120549005,150,0,3
Z2,2,2,720,7080.0,0.150921,46911.960562,47200.0,1.0,2,8.223348,17831.23,17831.23,832321.6823019999,2332679.5416267007,126512.177302,2479210.5273019997,17482789.120549005,150,0,3
Z2,3,2,720,7080.0,0.150945,46904.50164,47200.0,1.0,2,8.223348,17829.738215,17829.738215,832321.6823019999,2332679.5416267007,126512.177302,2479210.5273019997,17482789.120549005,150,0,3
Z2,4,2,720,12128.0,0.150998,80318.944622,80848.0,1.0,2,8.223348,24512.626812,24512.626812,832321.6823019999,2332679.5416267007,126512.177302,2479210.5273019997,17482789.120549005,150,0,3
Z2,5,2,720,18392.0,0.151018,121786.806871,121800.0,1.0,2,8.223348,32806.199261,32806.199261,832321.6823019999,2332679.5416267007,126512.177302,2479210.5273019997,17482789.120549005,150,0,3
Z2,6,2,720,10632.0,0.151013,70404.534709,70408.0,1.0,2,8.223348,22529.744829,22529.744829,832321.6823019999,2332679.5416267007,126512.177302,2479210.5273019997,17482789.120549005,150,0,3
Z2,7,2,720,8048.0,0.150855,53349.24265,53648.0,1.0,2,8.223348,19118.686417,19118.686417,832321.6823019999,2332679.5416267007,126512.177302,2479210.5273019997,17482789.120549005,150,0,3
Z3,0,2,720,5424.0,0.472692,11474.702343,11488.0,1.0,2,8.223348,10743.778356,10743.778356,832321.6823019999,2332679.5416267007,126512.177302,2479210.5273019997,17482789.120549005,150,0,3
Z3,1,2,720,7080.0,0.150964,46898.598341,47200.0,1.0,2,8.223348,17828.557556,17828.557556,832321.6823019999,2332679.5416267007,126512.177302,2479210.5273019997,17482789.120549005,150,0,3
Z3,2,2,720,7080.0,0.150986,46891.764799,47200.0,1.0,2,8.223348,17827.190847,17827.190847,832321.6823019999,2332679.5416267007,126512.177302,2479210.5273019997,17482789.120549005,150,0,3
Z3,3,2,720,5664.0,0.150972,37516.890549,37760.0,1.0,2,8.223348,15952.215997,15952.215997,832321.6823019999,2332679.5416267007,126512.177302,2479210.5273019997,17482789.120549005,150,0,3
Z3,4,2,720,7080.0,0.151032,46877.482918,46880.0,1.0,2,8.223348,17824.334471,17824.334471,832321.6823019999,2332679.5416267007,126512.177302,2479210.5273019997,17482789.120549005,150,0,3
Z3,5,2,720,7080.0,0.150974,46895.491939,47200.0,1.0,2,8.223348,17827.936275,17827.936275,832321.6823019999,2332679.5416267007,126512.177302,2479210.5273019997,17482789.120549005,150,0,3
Z3,6,2,720,5664.0,0.150959,37520.121357,37760.0,1.0,2,8.223348,15952.862159,15952.862159,832321.6823019999,2332679.5416267007,126512.177302,2479210.5273019997,17482789.120549005,150,0,3
Z3,7,2,720,7080.0,0.150972,46896.113187,47200.0,1.0,2,8.223348,17828.060525,17828.060525,832321.6823019999,2332679.5416267007,126512.177302,2479210.5273019997,17482789.120549005,150,0,3
Z3,8,2,720,7080.0,0.151,46887.417219,46880.0,1.0,2,8.223348,17826.321331,17826.321331,832321.6823019999,2332679.5416267007,126512.177302,2479210.5273019997,17482789.120549005,150,0,3
Z3,9,2,720,12648.0,0.151064,83726.102844,83760.0,1.0,2,8.223348,25194.058456,25194.058456,832321.6823019999,2332679.5416267007,126512.177302,2479210.5273019997,17482789.120549005,150,0,3
Z3,10,2,720,17112.0,0.15105,113286.991063,113320.0,1.0,2,8.223348,31106.2361,31106.2361,832321.6823019999,2332679.5416267007,126512.177302,2479210.5273019997,17482789.120549005,150,0,3
Z3,11,2,720,15320.0,0.151065,101413.298911,101456.0,1.0,2,8.223348,28731.497669,28731.497669,832321.6823019999,2332679.5416267007,126512.177302,2479210.5273019997,17482789.120549005,150,0,3
Z3,12,2,720,10704.0,0.15103,70873.336423,70880.0,1.0,2,8.223348,22623.505172,22623.505172,832321.6823019999,2332679.5416267007,126512.177302,2479210.5273019997,17482789.120549005,150,0,3
Z3,13,2,720,18776.0,0.15107,124286.754485,124344.0,1.0,2,8.223348,33306.188784,33306.188784,832321.6823019999,2332679.5416267007,126512.177302,2479210.5273019997,17482789.120549005,150,0,3
Z3,14,2,720,21848.0,0.151128,144566.195543,144688.0,1.0,2,8.223348,37362.076996,37362.076996,832321.6823019999,2332679.5416267007,126512.177302,2479210.5273019997,17482789.120549005,150,0,3
Z3,15,2,720,12752.0,0.151039,84428.525083,84448.0,1.0,2,8.223348,25334.542904,25334.542904,832321.6823019999,2332679.5416267007,126512.177302,2479210.5273019997,17482789.120549005,150,0,3
Z3,16,2,720,21856.0,0.150995,144746.514785,145704.0,1.0,2,8.223348,37398.140844,37398.140844,832321.6823019999,2332679.5416267007,126512.177302,2479210.5273019997,17482789.120549005,150,0,3
Z3,17,2,720,16880.0,0.151056,111746.637009,111784.0,1.0,2,8.223348,30798.165289,30798.165289,832321.6823019999,2332679.5416267007,126512.177302,2479210.5273019997,17482789.120549005,150,0,3
Z3,18,2,720,9160.0,0.151063,60636.952795,60656.0,1.0,2,8.223348,20576.228446,20576.228446,832321.6823019999,2332679.5416267007,126512.177302,2479210.5273019997,17482789.120549005,150,0,3
Z3,19,2,720,11592.0,0.151037,76749.405775,76768.0,1.0,2,8.223348,23798.719042,23798.719042,832321.6823019999,2332679.5416267007,126512.177302,2479210.5273019997,17482789.120549005,150,0,3
Z3,20,2,720,9952.0,0.151064,65879.362389,65904.0,1.0,2,8.223348,21624.710365,21624.710365,832321.6823019999,2332679.5416267007,126512.177302,2479210.5273019997,17482789.120549005,150,0,3
Z3,21,2,720,11064.0,0.151013,73265.215577,73264.0,1.0,2,8.223348,23101.881003,23101.881003,832321.6823019999,2332679.5416267007,126512.177302,2479210.5273019997,17482789.120549005,150,0,3
Z3,22,2,720,14728.0,0.151089,97478.969349,97536.0,1.0,2,8.223348,27944.631757,27944.631757,832321.6823019999,2332679.5416267007,126512.177302,2479210.5273019997,17482789.120549005,150,0,3
Z3,23,2,720,16264.0,0.151075,107655.138176,107704.0,1.0,2,8.223348,29979.865523,29979.865523,832321.6823019999,2332679.5416267007,126512.177302,2479210.5273019997,17482789.120549005,150,0,3
Z3,24,2,720,9504.0,0.151055,62917.480388,62936.0,1.0,2,8.223348,21032.333965,21032.333965,832321.6823019999,2332679.5416267007,126512.177302,2479210.5273019997,17482789.120549005,150,0,3
Z3,25,2,720,12688.0,0.151065,83990.335286,84024.0,1.0,2,8.223348,25246.904944,25246.904944,832321.6823019999,2332679.5416267007,126512.177302,2479210.5273019997,17482789.120549005,150,0,3
Z3,26,2,720,17320.0,0.151066,114651.874015,114696.0,1.0,2,8.223348,31379.21269,31379.21269,832321.6823019999,2332679.5416267007,126512.177302,2479210.5273019997,17482789.120549005,150,0,3
Z3,27,2,720,9320.0,0.151043,61704.282886,61720.0,1.0,2,8.223348,20789.694465,20789.694465,832321.6823019999,2332679.5416267007,126512.177302,2479210.5273019997,17482789.120549005,150,0,3
Z3,28,2,720,6376.0,0.151024,42218.455345,42224.0,1.0,2,8.223348,16892.528956,16892.528956,832321.6823019999,2332679.5416267007,126512.177302,2479210.5273019997,17482789.120549005,150,0,3
Z3,29,2,720,6872.0,0.151028,45501.496411,45504.0,1.0,2,8.223348,17549.13717,17549.13717,832321.6823019999,2332679.5416267007,126512.177302,2479210.5273019997,17482789.120549005,150,0,3
Z3,30,2,720,6872.0,0.150998,45510.536563,45808.0,1.0,2,8.223348,17550.9452,17550.9452,832321.6823019999,2332679.5416267007,126512.177302,2479210.5273019997,17482789.120549005,150,0,3
Z3,31,2,720,6376.0,0.150994,42226.843451,42504.0,1.0,2,8.223348,16894.206577,16894.206577,832321.6823019999,2332679.5416267007,126512.177302,2479210.5273019997,17482789.120549005,150,0,3
Z3,32,2,720,6872.0,0.151001,45509.632387,45504.0,1.0,2,8.223348,17550.764365,17550.764365,832321.6823019999,2332679.5416267007,126512.177302,2479210.5273019997,17482789.120549005,150,0,3
Z3,33,2,720,6872.0,0.151025,45502.400265,45504.0,1.0,2,8.223348,17549.31794,17549.31794,832321.6823019999,2332679.5416267007,126512.177302,2479210.5273019997,17482789.120549005,150,0,3
Z3,34,2,720,6376.0,0.150995,42226.563794,42504.0,1.0,2,8.223348,16894.150646,16894.150646,832321.6823019999,2332679.5416267007,126512.177302,2479210.5273019997,17482789.120549005,150,0,3
Z3,35,2,720,6872.0,0.151059,45492.158693,45504.0,1.0,2,8.223348,17547.269626,17547.269626,832321.6823019999,2332679.5416267007,126512.177302,2479210.5273019997,17482789.120549005,150,0,3
Z3,36,2,720,6872.0,0.15099,45512.947877,45808.0,1.0,2,8.223348,17551.427463,17551.427463,832321.6823019999,2332679.5416267007,126512.177302,2479210.5273019997,17482789.120549005,150,0,3
Z3,37,2,720,6376.0,0.150999,42225.445202,42504.0,1.0,2,8.223348,16893.926928,16893.926928,832321.6823019999,2332679.5416267007,126512.177302,2479210.5273019997,17482789.120549005,150,0,3
Z3,38,2,720,6872.0,0.151005,45508.426873,45504.0,1.0,2,8.223348,17550.523262,17550.523262,832321.6823019999,2332679.5416267007,126512.177302,2479210.5273019997,17482789.120549005,150,0,3
Z1,0,3,720,7080.0,0.472225,14992.852983,15000.0,1.0,2,16.445023,20549.093859,20549.093859,832321.6823019999,2332679.5416267007,126512.177302,2479210.5273019997,17482789.120549005,150,0,3
Z2,0,3,720,6624.0,0.473836,13979.52034,14000.0,1.0,2,16.445023,20346.42733,20346.42733,832321.6823019999,2332679.5416267007,126512.177302,2479210.5273019997,17482789.120549005,150,0,3
Z2,1,3,720,5664.0,0.15095,37522.358397,37760.0,1.0,2,16.445023,25054.994941,25054.994941,832321.6823019999,2332679.5416267007,126512.177302,2479210.5273019997,17482789.120549005,150,0,3
Z2,2,3,720,7080.0,0.150996,46888.659302,47200.0,1.0,2,16.445023,26928.255122,26928.255122,832321.6823019999,2332679.5416267007,126512.177302,2479210.5273019997,17482789.120549005,150,0,3
Z2,3,3,720,12544.0,0.151062,83038.7523,83072.0,1.0,2,16.445023,34158.273722,34158.273722,832321.6823019999,2332679.5416267007,126512.177302,2479210.5273019997,17482789.120549005,150,0,3
Z2,4,3,720,15304.0,0.150962,101376.505346,102024.0,1.0,2,16.445023,37825.824331,37825.824331,832321.6823019999,2332679.5416267007,126512.177302,2479210.5273019997,17482789.120549005,150,0,3
Z2,5,3,720,9896.0,0.150959,65554.223332,65968.0,1.0,2,16.445023,30661.367928,30661.367928,832321.6823019999,2332679.5416267007,126512.177302,2479210.5273019997,17482789.120549005,150,0,3
Z2,6,3,720,6376.0,0.150948,42239.711689,42504.0,1.0,2,16.445023,25998.4656,25998.4656,832321.6823019999,2332679.5416267007,126512.177302,2479210.5273019997,17482789.120549005,150,0,3
Z2,7,3,720,6872.0,0.150998,45510.536563,45808.0,1.0,2,16.445023,26652.630575,26652.630575,832321.6823019999,2332679.5416267007,126512.177302,2479210.5273019997,17482789.120549005,150,0,3
Z3,0,3,720,5424.0,0.473543,11454.081256,11464.0,1.0,2,16.445023,19841.339513,19841.339513,832321.6823019999,2332679.5416267007,126512.177302,2479210.5273019997,17482789.120549005,150,0,3
Z3,1,3,720,7080.0,0.150886,46922.842411,47200.0,1.0,2,16.445023,26935.091744,26935.091744,832321.6823019999,2332679.5416267007,126512.177302,2479210.5273019997,17482789.120549005,150,0,3
Z3,2,3,720,7080.0,0.150798,46950.224804,47200.0,1.0,2,16.445023,26940.568223,26940.568223,832321.6823019999,2332679.5416267007,126512.177302,2479210.5273019997,17482789.120549005,150,0,3
Z3,3,3,720,5664.0,0.150795,37560.927086,37760.0,1.0,2,16.445023,25062.708679,25062.708679,832321.6823019999,2332679.5416267007,126512.177302,2479210.5273019997,17482789.120549005,150,0,3
Z3,4,3,720,7080.0,0.150844,46935.907295,47200.0,1.0,2,16.445023,26937.704721,26937.704721,832321.6823019999,2332679.5416267007,126512.177302,2479210.5273019997,17482789.120549005,150,0,3
Z3,5,3,720,7080.0,0.150904,46917.245401,47200.0,1.0,2,16.445023,26933.972342,26933.972342,832321.6823019999,2332679.5416267007,126512.177302,2479210.5273019997,17482789.120549005,150,0,3
Z3,6,3,720,5664.0,0.150861,37544.494601,37760.0,1.0,2,16.445023,25059.422182,25059.422182,832321.6823019999,2332679.5416267007,126512.177302,2479210.5273019997,17482789.120549005,150,0,3
Z3,7,3,720,7080.0,0.150882,46924.086372,47200.0,1.0,2,16.445023,26935.340536,26935.340536,832321.6823019999,2332679.5416267007,126512.177302,2479210.5273019997,17482789.120549005,150,0,3
Z3,8,3,720,7080.0,0.150864,46929.685014,47200.0,1.0,2,16.445023,26936.460265,26936.460265,832321.6823019999,2332679.5416267007,126512.177302,2479210.5273019997,17482789.120549005,150,0,3
Z3,9,3,720,14120.0,0.150919,93560.121655,94128.0,1.0,2,16.445023,36262.547593,36262.547593,832321.6823019999,2332679.5416267007,126512.177302,2479210.5273019997,17482789.120549005,150,0,3
Z3,10,3,720,17536.0,0.15095,116170.917522,116904.0,1.0,2,16.445023,40784.706766,40784.706766,832321.6823019999,2332679.5416267007,126512.177302,2479210.5273019997,17482789.120549005,150,0,3
Z3,11,3,720,16008.0,0.150853,106116.550549,106720.0,1.0,2,16.445023,38773.833372,38773.833372,832321.6823019999,2332679.5416267007,126512.177302,2479210.5273019997,17482789.120549005,150,0,3
Z3,12,3,720,10896.0,0.150935,72190.01557,72640.0,1.0,2,16.445023,31988.526376,31988.526376,832321.6823019999,2332679.5416267007,126512.177302,2479210.5273019997,17482789.120549005,150,0,3
Z3,13,3,720,19720.0,0.150927,130659.192855,131464.0,1.0,2,16.445023,43682.361833,43682.361833,832321.6823019999,2332679.5416267007,126512.177302,2479210.5273019997,17482789.120549005,150,0,3
Z3,14,3,720,20104.0,0.150923,133206.999596,134024.0,1.0,2,16.445023,44191.923181,44191.923181,832321.6823019999,2332679.5416267007,126512.177302,2479210.5273019997,17482789.120549005,150,0,3
Z3,15,3,720,12504.0,0.15082,82906.77629,83360.0,1.0,2,16.445023,34131.87852,34131.87852,832321.6823019999,2332679.5416267007,126512.177302,2479210.5273019997,17482789.120549005,150,0,3
Z3,16,3,720,23072.0,0.150972,152823.040034,153808.0,1.0,2,16.445023,48115.131269,48115.131269,832321.6823019999,2332679.5416267007,126512.177302,2479210.5273019997,17482789.120549005,150,0,3
Z3,17,3,720,18112.0,0.15087,120050.374495,120744.0,1.0,2,16.445023,41560.598161,41560.598161,832321.6823019999,2332679.5416267007,126512.177302,2479210.5273019997,17482789.120549005,150,0,3
Z3,18,3,720,18632.0,0.150862,123503.599316,124208.0,1.0,2,16.445023,42251.243125,42251.243125,832321.6823019999,2332679.5416267007,126512.177302,2479210.5273019997,17482789.120549005,150,0,3
Z3,19,3,720,9664.0,0.150995,64002.119275,64424.0,1.0,2,16.445023,30350.947117,30350.947117,832321.6823019999,2332679.5416267007,126512.177302,2479210.5273019997,17482789.120549005,150,0,3
Z3,20,3,720,12280.0,0.150853,81403.750671,81864.0,1.0,2,16.445023,33831.273396,33831.273396,832321.6823019999,2332679.5416267007,126512.177302,2479210.5273019997,17482789.120549005,150,0,3
Z3,21,3,720,10368.0,0.150845,68732.805197,69120.0,1.0,2,16.445023,31297.084301,31297.084301,832321.6823019999,2332679.5416267007,126512.177302,2479210.5273019997,17482789.120549005,150,0,3
Z3,22,3,720,10520.0,0.150973,69681.333748,70128.0,1.0,2,16.445023,31486.790012,31486.790012,832321.6823019999,2332679.5416267007,126512.177302,2479210.5273019997,17482789.120549005,150,0,3
Z3,23,3,720,15288.0,0.150958,101273.201818,101920.0,1.0,2,16.445023,37805.163625,37805.163625,832321.6823019999,2332679.5416267007,126512.177302,2479210.5273019997,17482789.120549005,150,0,3
Z3,24,3,720,16344.0,0.150905,108306.550479,108960.0,1.0,2,16.445023,39211.833358,39211.833358,832321.6823019999,2332679.5416267007,126512.177302,2479210.5273019997,17482789.120549005,150,0,3
Z3,25,3,720,9016.0,0.150837,59773.132587,60104.0,1.0,2,16.445023,29505.149779,29505.149779,832321.6823019999,2332679.5416267007,126512.177302,2479210.5273019997,17482789.120549005,150,0,3
Z3,26,3,720,13800.0,0.150966,91411.311156,92000.0,1.0,2,16.445023,35832.785493,35832.785493,832321.6823019999,2332679.5416267007,126512.177302,2479210.5273019997,17482789.120549005,150,0,3
Z3,27,3,720,17664.0,0.150887,117067.739434,117760.0,1.0,2,16.445023,40964.071149,40964.071149,832321.6823019999,2332679.5416267007,126512.177302,2479210.5273019997,17482789.120549005,150,0,3
Z3,28,3,720,10240.0,0.150874,67871.203786,68264.0,1.0,2,16.445023,31124.764019,31124.764019,832321.6823019999,2332679.5416267007,126512.177302,2479210.5273019997,17482789.120549005,150,0,3
Z3,29,3,720,8424.0,0.150917,55818.761306,56160.0,1.0,2,16.445023,28714.275523,28714.275523,832321.6823019999,2332679.5416267007,126512.177302,2479210.5273019997,17482789.120549005,150,0,3
Z3,30,3,720,6376.0,0.150896,42254.26784,42504.0,1.0,2,16.445023,26001.37683,26001.37683,832321.6823019999,2332679.5416267007,126512.177302,2479210.5273019997,17482789.120549005,150,0,3
Z3,31,3,720,6872.0,0.150875,45547.638774,45808.0,1.0,2,16.445023,26660.051017,26660.051017,832321.6823019999,2332679.5416267007,126512.177302,2479210.5273019997,17482789.120549005,150,0,3
Z3,32,3,720,6872.0,0.150916,45535.264651,45808.0,1.0,2,16.445023,26657.576192,26657.576192,832321.6823019999,2332679.5416267007,126512.177302,2479210.5273019997,17482789.120549005,150,0,3
Z3,33,3,720,6376.0,0.150878,42259.308846,42504.0,1.0,2,16.445023,26002.385031,26002.385031,832321.6823019999,2332679.5416267007,126512.177302,2479210.5273019997,17482789.120549005,150,0,3
Z3,34,3,720,6872.0,0.150826,45562.436185,45808.0,1.0,2,16.445023,26663.010499,26663.010499,832321.6823019999,2332679.5416267007,126512.177302,2479210.5273019997,17482789.120549005,150,0,3
Z3,35,3,720,6872.0,0.150872,45548.544462,45808.0,1.0,2,16.445023,26660.232154,26660.232154,832321.6823019999,2332679.5416267007,126512.177302,2479210.5273019997,17482789.120549005,150,0,3
Z3,36,3,720,6376.0,0.150875,42260.14913,42504.0,1.0,2,16.445023,26002.553088,26002.553088,832321.6823019999,2332679.5416267007,126512.177302,2479210.5273019997,17482789.120549005,150,0,3
Z3,37,3,720,6872.0,0.15088,45546.129374,45808.0,1.0,2,16.445023,26659.749137,26659.749137,832321.6823019999,2332679.5416267007,126512.177302,2479210.5273019997,17482789.120549005,150,0,3
Z3,38,3,720,6872.0,0.150882,45545.525643,45808.0,1.0,2,16.445023,26659.62839,26659.62839,832321.6823019999,2332679.5416267007,126512.177302,2479210.5273019997,17482789.120549005,150,0,3
Z1,0,4,720,7200.0,0.472877,15225.946705,15248.0,1.0,2,24.663229,29704.817731,29704.817731,832321.6823019999,2332679.5416267007,126512.177302,2479210.5273019997,17482789.120549005,150,0,3
Z2,0,4,720,6624.0,0.472821,14009.530034,14032.0,1.0,2,24.663229,29461.534397,29461.534397,832321.6823019999,2332679.5416267007,126512.177302,2479210.5273019997,17482789.120549005,150,0,3
Z2,1,4,720,6648.0,0.150899,44055.957959,44320.0,1.0,2,24.663229,35470.819982,35470.819982,832321.6823019999,2332679.5416267007,126512.177302,2479210.5273019997,17482789.120549005,150,0,3
Z2,2,4,720,7296.0,0.151014,48313.401406,48312.0,1.0,2,24.663229,36322.308672,36322.308672,832321.6823019999,2332679.5416267007,126512.177302,2479210.5273019997,17482789.120549005,150,0,3
Z2,3,4,720,17272.0,0.151026,114364.414074,114384.0,1.0,2,24.663229,49532.511205,49532.511205,832321.6823019999,2332679.5416267007,126512.177302,2479210.5273019997,17482789.120549005,150,0,3
Z2,4,4,720,22592.0,0.151101,149515.886725,149608.0,1.0,2,24.663229,56562.805735,56562.805735,832321.6823019999,2332679.5416267007,126512.177302,2479210.5273019997,17482789.120549005,150,0,3
Z2,5,4,720,17472.0,0.151039,115678.731983,115704.0,1.0,2,24.663229,49795.374787,49795.374787,832321.6823019999,2332679.5416267007,126512.177302,2479210.5273019997,17482789.120549005,150,0,3
Z2,6,4,720,6424.0,0.150956,42555.44662,42824.0,1.0,2,24.663229,35170.717714,35170.717714,832321.6823019999,2332679.5416267007,126512.177302,2479210.5273019997,17482789.120549005,150,0,3
Z2,7,4,720,6872.0,0.151049,45495.170441,45504.0,1.0,2,24.663229,35758.662479,35758.662479,832321.6823019999,2332679.5416267007,126512.177302,2479210.5273019997,17482789.120549005,150,0,3
Z3,0,4,720,6448.0,0.473159,13627.554374,13632.0,1.0,2,24.663229,29385.139265,29385.139265,832321.6823019999,2332679.5416267007,126512.177302,2479210.5273019997,17482789.120549005,150,0,3
Z3,1,4,720,7448.0,0.150937,49345.090998,49648.0,1.0,2,24.663229,36528.64659,36528.64659,832321.6823019999,2332679.5416267007,126512.177302,2479210.5273019997,17482789.120549005,150,0,3
Z3,2,4,720,7424.0,0.15095,49181.848294,49488.0,1.0,2,24.663229,36495.998049,36495.998049,832321.6823019999,2332679.5416267007,126512.177302,2479210.5273019997,17482789.120549005,150,0,3
Z3,3,4,720,6648.0,0.150932,44046.325498,44320.0,1.0,2,24.663229,35468.89349,35468.89349,832321.6823019999,2332679.5416267007,126512.177302,2479210.5273019997,17482789.120549005,150,0,3
Z3,4,4,720,7224.0,0.150968,47851.200254,48160.0,1.0,2,24.663229,36229.868441,36229.868441,832321.6823019999,2332679.5416267007,126512.177302,2479210.5273019997,17482789.120549005,150,0,3
Z3,5,4,720,7240.0,0.150901,47978.475954,48264.0,1.0,2,24.663229,36255.323581,36255.323581,832321.6823019999,2332679.5416267007,126512.177302,2479210.5273019997,17482789.120549005,150,0,3
Z3,6,4,720,6648.0,0.150925,44048.368395,44320.0,1.0,2,24.663229,35469.302069,35469.302069,832321.6823019999,2332679.5416267007,126512.177302,2479210.5273019997,17482789.120549005,150,0,3
Z3,7,4,720,7232.0,0.150955,47908.317048,48208.0,1.0,2,24.663229,36241.2918,36241.2918,832321.6823019999,2332679.5416267007,126512.177302,2479210.5273019997,17482789.120549005,150,0,3
Z3,8,4,720,7296.0,0.150934,48339.009103,48640.0,1.0,2,24.663229,36327.430211,36327.430211,832321.6823019999,2332679.5416267007,126512.177302,2479210.5273019997,17482789.120549005,150,0,3
Z3,9,4,720,16456.0,0.150999,108980.854178,109704.0,1.0,2,24.663229,48455.799226,48455.799226,832321.6823019999,2332679.5416267007,126512.177302,2479210.5273019997,17482789.120549005,150,0,3
Z3,10,4,720,25392.0,0.665342,38163.831533,38176.0,1.0,2,24.663229,34292.394697,34292.394697,832321.6823019999,2332679.5416267007,126512.177302,2479210.5273019997,17482789.120549005,150,0,3
Z3,11,4,720,21592.0,0.151029,142965.920452,142992.0,1.0,2,24.663229,55252.812481,55252.812481,832321.6823019999,2332679.5416267007,126512.177302,2479210.5273019997,17482789.120549005,150,0,3
Z3,12,4,720,13528.0,0.151052,89558.562614,89584.0,1.0,2,24.663229,44571.340913,44571.340913,832321.6823019999,2332679.5416267007,126512.177302,2479210.5273019997,17482789.120549005,150,0,3
Z3,13,4,720,29512.0,0.151069,195354.440686,195440.0,1.0,2,24.663229,65730.516528,65730.516528,832321.6823019999,2332679.5416267007,126512.177302,2479210.5273019997,17482789.120549005,150,0,3
Z3,14,4,720,29688.0,0.151076,196510.365644,196608.0,1.0,2,24.663229,65961.701519,65961.701519,832321.6823019999,2332679.5416267007,126512.177302,2479210.5273019997,17482789.120549005,150,0,3
Z3,15,4,720,16760.0,0.151024,110975.738955,110992.0,1.0,2,24.663229,48854.776182,48854.776182,832321.6823019999,2332679.5416267007,126512.177302,2479210.5273019997,17482789.120549005,150,0,3
Z3,16,4,720,33128.0,0.151109,219232.474571,219384.0,1.0,2,24.663229,70506.123305,70506.123305,832321.6823019999,2332679.5416267007,126512.177302,2479210.5273019997,17482789.120549005,150,0,3
Z3,17,4,720,26248.0,0.151038,173784.080827,173824.0,1.0,2,24.663229,61416.444556,61416.444556,832321.6823019999,2332679.5416267007,126512.177302,2479210.5273019997,17482789.120549005,150,0,3
Z3,18,4,720,26240.0,0.151065,173700.062887,173768.0,1.0,2,24.663229,61399.640968,61399.640968,832321.6823019999,2332679.5416267007,126512.177302,2479210.5273019997,17482789.120549005,150,0,3
Z3,19,4,720,14624.0,0.151004,96845.116686,96840.0,1.0,2,24.663229,46028.651728,46028.651728,832321.6823019999,2332679.5416267007,126512.177302,2479210.5273019997,17482789.120549005,150,0,3
Z3,20,4,720,26816.0,0.151043,177538.846554,177584.0,1.0,2,24.663229,62167.397701,62167.397701,832321.6823019999,2332679.5416267007,126512.177302,2479210.5273019997,17482789.120549005,150,0,3
Z3,21,4,720,23128.0,0.150997,153168.605999,154184.0,1.0,2,24.663229,57293.34959,57293.34959,832321.6823019999,2332679.5416267007,126512.177302,2479210.5273019997,17482789.120549005,150,0,3
Z3,22,4,720,19440.0,0.150877,128846.676432,129600.0,1.0,2,24.663229,52428.963677,52428.963677,832321.6823019999,2332679.5416267007,126512.177302,2479210.5273019997,17482789.120549005,150,0,3
Z3,23,4,720,29088.0,0.150941,192711.059288,193920.0,1.0,2,24.663229,65201.840248,65201.840248,832321.6823019999,2332679.5416267007,126512.177302,2479210.5273019997,17482789.120549005,150,0,3
Z3,24,4,720,29840.0,0.151039,197564.867352,197608.0,1.0,2,24.663229,66172.601861,66172.601861,832321.6823019999,2332679.5416267007,126512.177302,2479210.5273019997,17482789.120549005,150,0,3
Z3,25,4,720,17200.0,0.150922,113966.154702,114664.0,1.0,2,24.663229,49452.859331,49452.859331,832321.6823019999,2332679.5416267007,126512.177302,2479210.5273019997,17482789.120549005,150,0,3
Z3,26,4,720,25664.0,0.151066,169886.010088,169960.0,1.0,2,24.663229,60636.830408,60636.830408,832321.6823019999,2332679.5416267007,126512.177302,2479210.5273019997,17482789.120549005,150,0,3
Z3,27,4,720,26808.0,0.151045,177483.531398,177536.0,1.0,2,24.663229,62156.33467,62156.33467,832321.6823019999,2332679.5416267007,126512.177302,2479210.5273019997,17482789.120549005,150,0,3
Z3,28,4,720,12720.0,0.151019,84227.812394,84232.0,1.0,2,24.663229,43505.190869,43505.190869,832321.6823019999,2332679.5416267007,126512.177302,2479210.5273019997,17482789.120549005,150,0,3
Z3,29,4,720,11496.0,0.150892,76186.941654,76640.0,1.0,2,24.663229,41897.016721,41897.016721,832321.6823019999,2332679.5416267007,126512.177302,2479210.5273019997,17482789.120549005,150,0,3
Z3,30,4,720,6448.0,0.150932,42721.225453,42984.0,1.0,2,24.663229,35203.873481,35203.873481,832321.6823019999,2332679.5416267007,126512.177302,2479210.5273019997,17482789.120549005,150,0,3
Z3,31,4,720,7200.0,0.150936,47702.337415,48000.0,1.0,2,24.663229,36200.095873,36200.095873,832321.6823019999,2332679.5416267007,126512.177302,2479210.5273019997,17482789.120549005,150,0,3
Z3,32,4,720,7520.0,0.150902,49833.666883,50128.0,1.0,2,24.663229,36626.361767,36626.361767,832321.6823019999,2332679.5416267007,126512.177302,2479210.5273019997,17482789.120549005,150,0,3
Z3,33,4,720,6728.0,0.15095,44571.050017,44848.0,1.0,2,24.663229,35573.838394,35573.838394,832321.6823019999,2332679.5416267007,126512.177302,2479210.5273019997,17482789.120549005,150,0,3
Z3,34,4,720,7224.0,0.150905,47871.177231,48160.0,1.0,2,24.663229,36233.863837,36233.863837,832321.6823019999,2332679.5416267007,126512.177302,2479210.5273019997,17482789.120549005,150,0,3
Z3,35,4,720,7256.0,0.15096,48065.712772,48368.0,1.0,2,24.663229,36272.770945,36272.770945,832321.6823019999,2332679.5416267007,126512.177302,2479210.5273019997,17482789.120549005,150,0,3
Z3,36,4,720,6544.0,0.150856,43379.116508,43624.0,1.0,2,24.663229,35335.451692,35335.451692,832321.6823019999,2332679.5416267007,126512.177302,2479210.5273019997,17482789.120549005,150,0,3
Z3,37,4,720,12272.0,0.150988,81277.982356,81808.0,1.0,2,24.663229,42915.224862,42915.224862,832321.6823019999,2332679.5416267007,126512.177302,2479210.5273019997,17482789.120549005,150,0,3
Z3,38,4,720,8544.0,0.150873,56630.411008,56960.0,1.0,2,24.663229,37985.710592,37985.710592,832321.6823019999,2332679.5416267007,126512.177302,2479210.5273019997,17482789.120549005,150,0,3
Z1,0,5,720,20272.0,0.473081,42851.012829,42856.0,1.0,2,33.39814,46555.913158,46555.913158,832321.6823019999,2332679.5416267007,126512.177302,2479210.5273019997,17482789.120549005,150,0,3
Z2,0,5,720,6624.0,0.94003,7046.58362,7040.0,1.0,2,33.39814,39395.027316,39395.027316,832321.6823019999,2332679.5416267007,126512.177302,2479210.5273019997,17482789.120549005,150,0,3
Z2,1,5,720,7616.0,0.15095,50453.792647,50768.0,1.0,2,33.39814,48076.469121,48076.469121,832321.6823019999,2332679.5416267007,126512.177302,2479210.5273019997,17482789.120549005,150,0,3
Z2,2,5,720,8792.0,0.151025,58215.527231,58224.0,1.0,2,33.39814,49628.816038,49628.816038,832321.6823019999,2332679.5416267007,126512.177302,2479210.5273019997,17482789.120549005,150,0,3
Z2,3,5,720,8816.0,0.151033,58371.349308,58384.0,1.0,2,33.39814,49659.980454,49659.980454,832321.6823019999,2332679.5416267007,126512.177302,2479210.5273019997,17482789.120549005,150,0,3
Z2,4,5,720,14976.0,0.151045,99149.260154,99176.0,1.0,2,33.39814,57815.562623,57815.562623,832321.6823019999,2332679.5416267007,126512.177302,2479210.5273019997,17482789.120549005,150,0,3
Z2,5,5,720,25312.0,0.150919,167719.107601,168744.0,1.0,2,33.39814,71529.532112,71529.532112,832321.6823019999,2332679.5416267007,126512.177302,2479210.5273019997,17482789.120549005,150,0,3
Z2,6,5,720,13208.0,0.628824,21004.287368,21024.0,1.0,2,33.39814,42186.568066,42186.568066,832321.6823019999,2332679.5416267007,126512.177302,2479210.5273019997,17482789.120549005,150,0,3
Z2,7,5,720,16320.0,0.150978,108095.219171,108800.0,1.0,2,33.39814,59604.754426,59604.754426,832321.6823019999,2332679.5416267007,126512.177302,2479210.5273019997,17482789.120549005,150,0,3
Z3,0,5,720,7712.0,0.472472,16322.66039,16336.0,1.0,2,33.39814,41250.24267,41250.24267,832321.6823019999,2332679.5416267007,126512.177302,2479210.5273019997,17482789.120549005,150,0,3
Z3,1,5,720,9624.0,0.151003,63733.833103,63728.0,1.0,2,33.39814,50732.477213,50732.477213,832321.6823019999,2332679.5416267007,126512.177302,2479210.5273019997,17482789.120549005,150,0,3
Z3,2,5,720,9096.0,0.151075,60208.505709,60232.0,1.0,2,33.39814,50027.411734,50027.411734,832321.6823019999,2332679.5416267007,126512.177302,2479210.5273019997,17482789.120549005,150,0,3
Z3,3,5,720,7632.0,0.151012,50539.030011,50536.0,1.0,2,33.39814,48093.516594,48093.516594,832321.6823019999,2332679.5416267007,126512.177302,2479210.5273019997,17482789.120549005,150,0,3
Z3,4,5,720,8304.0,0.151004,54991.920744,54992.0,1.0,2,33.39814,48984.094741,48984.094741,832321.6823019999,2332679.5416267007,126512.177302,2479210.5273019997,17482789.120549005,150,0,3
Z3,5,5,720,8504.0,0.150939,56340.640921,56688.0,1.0,2,33.39814,49253.838776,49253.838776,832321.6823019999,2332679.5416267007,126512.177302,2479210.5273019997,17482789.120549005,150,0,3
Z3,6,5,720,7384.0,0.150933,48922.369528,49224.0,1.0,2,33.39814,47770.184498,47770.184498,832321.6823019999,2332679.5416267007,126512.177302,2479210.5273019997,17482789.120549005,150,0,3
Z3,7,5,720,8968.0,0.52609,17046.512954,17048.0,1.0,2,33.39814,41395.013183,41395.013183,832321.6823019999,2332679.5416267007,126512.177302,2479210.5273019997,17482789.120549005,150,0,3
Z3,8,5,720,8912.0,0.150977,59028.8587,59408.0,1.0,2,33.39814,49791.482332,49791.482332,832321.6823019999,2332679.5416267007,126512.177302,2479210.5273019997,17482789.120549005,150,0,3
Z3,9,5,720,16688.0,0.151007,110511.433245,110512.0,1.0,2,33.39814,60087.997241,60087.997241,832321.6823019999,2332679.5416267007,126512.177302,2479210.5273019997,17482789.120549005,150,0,3
Z3,10,5,720,23832.0,0.150991,157837.222086,158880.0,1.0,2,33.39814,69553.155009,69553.155009,832321.6823019999,2332679.5416267007,126512.177302,2479210.5273019997,17482789.120549005,150,0,3
Z3,11,5,720,21144.0,0.151113,139921.78039,140024.0,1.0,2,33.39814,65970.06667,65970.06667,832321.6823019999,2332679.5416267007,126512.177302,2479210.5273019997,17482789.120549005,150,0,3
Z3,12,5,720,14272.0,0.151041,94490.899822,94512.0,1.0,2,33.39814,56883.890556,56883.890556,832321.6823019999,2332679.5416267007,126512.177302,2479210.5273019997,17482789.120549005,150,0,3
Z3,13,5,720,27640.0,0.151096,182930.057712,183040.0,1.0,2,33.39814,74571.722134,74571.722134,832321.6823019999,2332679.5416267007,126512.177302,2479210.5273019997,17482789.120549005,150,0,3
Z3,14,5,720,33288.0,0.151124,220269.447606,220448.0,1.0,2,33.39814,82039.600113,82039.600113,832321.6823019999,2332679.5416267007,126512.177302,2479210.5273019997,17482789.120549005,150,0,3
Z3,15,5,720,17576.0,0.151051,116358.051254,116392.0,1.0,2,33.39814,61257.320843,61257.320843,832321.6823019999,2332679.5416267007,126512.177302,2479210.5273019997,17482789.120549005,150,0,3
Z3,16,5,720,34872.0,0.151179,230666.957712,230936.0,1.0,2,33.39814,84119.102134,84119.102134,832321.6823019999,2332679.5416267007,126512.177302,2479210.5273019997,17482789.120549005,150,0,3
Z3,17,5,720,27336.0,0.151142,180863.029469,181032.0,1.0,2,33.39814,74158.316486,74158.316486,832321.6823019999,2332679.5416267007,126512.177302,2479210.5273019997,17482789.120549005,150,0,3
Z3,18,5,720,18312.0,0.151036,121242.617654,121264.0,1.0,2,33.39814,62234.234123,62234.234123,832321.6823019999,2332679.5416267007,126512.177302,2479210.5273019997,17482789.120549005,150,0,3
Z3,19,5,720,41432.0,0.151158,274097.302161,274384.0,1.0,2,33.39814,92805.171024,92805.171024,832321.6823019999,2332679.5416267007,126512.177302,2479210.5273019997,17482789.120549005,150,0,3
Z3,20,5,720,36760.0,0.151162,243182.810495,243440.0,1.0,2,33.39814,86622.272691,86622.272691,832321.6823019999,2332679.5416267007,126512.177302,2479210.5273019997,17482789.120549005,150,0,3
Z3,21,5,720,21272.0,0.151043,140834.06712,140872.0,1.0,2,33.39814,66152.524016,66152.524016,832321.6823019999,2332679.5416267007,126512.177302,2479210.5273019997,17482789.120549005,150,0,3
Z3,22,5,720,43464.0,0.151152,287551.603684,287840.0,1.0,2,33.39814,95496.031329,95496.031329,832321.6823019999,2332679.5416267007,126512.177302,2479210.5273019997,17482789.120549005,150,0,3
Z3,23,5,720,42000.0,0.151137,277893.566764,278144.0,1.0,2,33.39814,93564.423945,93564.423945,832321.6823019999,2332679.5416267007,126512.177302,2479210.5273019997,17482789.120549005,150,0,3
Z3,24,5,720,20304.0,0.151096,134378.143697,134456.0,1.0,2,33.39814,64861.339331,64861.339331,832321.6823019999,2332679.5416267007,126512.177302,2479210.5273019997,17482789.120549005,150,0,3
Z3,25,5,720,32736.0,0.15119,216522.256763,216792.0,1.0,2,33.39814,81290.161945,81290.161945,832321.6823019999,2332679.5416267007,126512.177302,2479210.5273019997,17482789.120549005,150,0,3
Z3,26,5,720,34608.0,0.15115,228964.604697,229192.0,1.0,2,33.39814,83778.631531,83778.631531,832321.6823019999,2332679.5416267007,126512.177302,2479210.5273019997,17482789.120549005,150,0,3
Z3,27,5,720,21272.0,0.151135,140748.337579,140872.0,1.0,2,33.39814,66135.378108,66135.378108,832321.6823019999,2332679.5416267007,126512.177302,2479210.5273019997,17482789.120549005,150,0,3
Z3,28,5,720,8752.0,0.151066,57934.942343,57960.0,1.0,2,33.39814,49572.699061,49572.699061,832321.6823019999,2332679.5416267007,126512.177302,2479210.5273019997,17482789.120549005,150,0,3
Z3,29,5,720,12760.0,0.151023,84490.441853,84496.0,1.0,2,33.39814,54883.798963,54883.798963,832321.6823019999,2332679.5416267007,126512.177302,2479210.5273019997,17482789.120549005,150,0,3
Z3,30,5,720,15440.0,0.151046,102220.515605,102248.0,1.0,2,33.39814,58429.813713,58429.813713,832321.6823019999,2332679.5416267007,126512.177302,2479210.5273019997,17482789.120549005,150,0,3
Z3,31,5,720,10000.0,0.15102,66216.395179,66224.0,1.0,2,33.39814,51228.989628,51228.989628,832321.6823019999,2332679.5416267007,126512.177302,2479210.5273019997,17482789.120549005,150,0,3
Z3,32,5,720,15200.0,0.150987,100670.918688,101328.0,1.0,2,33.39814,58119.89433,58119.89433,832321.6823019999,2332679.5416267007,126512.177302,2479210.5273019997,17482789.120549005,150,0,3
Z3,33,5,720,18352.0,0.151098,121457.597056,121536.0,1.0,2,33.39814,62277.230003,62277.230003,832321.6823019999,2332679.5416267007,126512.177302,2479210.5273019997,17482789.120549005,150,0,3
Z3,34,5,720,11224.0,0.151075,74294.224723,74328.0,1.0,2,33.39814,52844.555537,52844.555537,832321.6823019999,2332679.5416267007,126512.177302,2479210.5273019997,17482789.120549005,150,0,3
Z3,35,5,720,23240.0,0.151066,153840.043425,153904.0,1.0,2,33.39814,68753.719277,68753.719277,832321.6823019999,2332679.5416267007,126512.177302,2479210.5273019997,17482789.120549005,150,0,3
Z3,36,5,720,16824.0,0.151103,111341.270524,111416.0,1.0,2,33.39814,60253.964697,60253.964697,832321.6823019999,2332679.5416267007,126512.177302,2479210.5273019997,17482789.120549005,150,0,3
Z3,37,5,720,9680.0,0.151069,64076.680192,64104.0,1.0,2,33.39814,50801.046631,50801.046631,832321.6823019999,2332679.5416267007,126512.177302,2479210.5273019997,17482789.120549005,150,0,3
Z3,38,5,720,12888.0,0.151097,85296.200454,85344.0,1.0,2,33.39814,55044.950683,55044.950683,832321.6823019999,2332679.5416267007,126512.177302,2479210.5273019997,17482789.120549005,150,0,3
