Zone, Tile_no, Seg_no, Reso, Seg_d_size, Seg_d_time, Bitrate, Bitrate1, Buf_lev, Buf_limit, Elapsed, Ref_vp, Local_avg,QoE,QoE1,Z1,Z2,Z3,delay,jitter,loss
Z1,0,1,720,9960.0,0.187242,53193.193835,53256.0,1.0,2,6.2e-05,53193.193835,53193.193835,5641075.697300199,15816259.494463801,616953.2259048999,17364028.130555898,119115866.10219191,50,25,3
Z2,0,1,720,8952.0,0.141073,63456.508333,63488.0,1.0,2,6.2e-05,31728.254166,31728.254166,5641075.697300199,15816259.494463801,616953.2259048999,17364028.130555898,119115866.10219191,50,25,3
Z2,1,1,720,5424.0,0.028727,188811.9191,193712.0,1.0,2,6.2e-05,62937.306367,62937.306367,5641075.697300199,15816259.494463801,616953.2259048999,17364028.130555898,119115866.10219191,50,25,3
Z2,2,1,720,7080.0,0.05688,124472.57384,126424.0,1.0,2,6.2e-05,31118.14346,31118.14346,5641075.697300199,15816259.494463801,616953.2259048999,17364028.130555898,119115866.10219191,50,25,3
Z2,3,1,720,18976.0,0.175005,108431.18768,108432.0,1.0,2,6.2e-05,21686.237536,21686.237536,5641075.697300199,15816259.494463801,616953.2259048999,17364028.130555898,119115866.10219191,50,25,3
Z2,4,1,720,8720.0,0.032018,272346.804922,272496.0,1.0,2,6.2e-05,54469.360984,54469.360984,5641075.697300199,15816259.494463801,616953.2259048999,17364028.130555898,119115866.10219191,50,25,3
Z2,5,1,720,8336.0,0.075779,110004.090843,111144.0,1.0,2,6.2e-05,22000.818169,22000.818169,5641075.697300199,15816259.494463801,616953.2259048999,17364028.130555898,119115866.10219191,50,25,3
Z2,6,1,720,6376.0,0.044892,142029.760314,144904.0,1.0,2,6.2e-05,28405.952063,28405.952063,5641075.697300199,15816259.494463801,616953.2259048999,17364028.130555898,119115866.10219191,50,25,3
Z2,7,1,720,6872.0,0.072568,94697.387278,95440.0,1.0,2,6.2e-05,18939.477456,18939.477456,5641075.697300199,15816259.494463801,616953.2259048999,17364028.130555898,119115866.10219191,50,25,3
Z3,0,1,720,7080.0,0.197857,35783.419338,35936.0,1.0,2,6.2e-05,7156.683868,7156.683868,5641075.697300199,15816259.494463801,616953.2259048999,17364028.130555898,119115866.10219191,50,25,3
Z3,1,1,720,7080.0,0.029436,240521.810029,244136.0,1.0,2,6.2e-05,48104.362006,48104.362006,5641075.697300199,15816259.494463801,616953.2259048999,17364028.130555898,119115866.10219191,50,25,3
Z3,2,1,720,5664.0,0.028433,199205.148947,202280.0,1.0,2,6.2e-05,39841.029789,39841.029789,5641075.697300199,15816259.494463801,616953.2259048999,17364028.130555898,119115866.10219191,50,25,3
Z3,3,1,720,7080.0,0.058628,120761.41093,122064.0,1.0,2,6.2e-05,24152.282186,24152.282186,5641075.697300199,15816259.494463801,616953.2259048999,17364028.130555898,119115866.10219191,50,25,3
Z3,4,1,720,7080.0,0.055144,128391.121428,128720.0,1.0,2,6.2e-05,25678.224286,25678.224286,5641075.697300199,15816259.494463801,616953.2259048999,17364028.130555898,119115866.10219191,50,25,3
Z3,5,1,720,5664.0,0.053007,106853.811761,106864.0,1.0,2,6.2e-05,21370.762352,21370.762352,5641075.697300199,15816259.494463801,616953.2259048999,17364028.130555898,119115866.10219191,50,25,3
Z3,6,1,720,7080.0,0.06445,109852.598914,110624.0,1.0,2,6.2e-05,21970.519783,21970.519783,5641075.697300199,15816259.494463801,616953.2259048999,17364028.130555898,119115866.10219191,50,25,3
Z3,7,1,720,7080.0,0.073109,96841.702116,96984.0,1.0,2,6.2e-05,19368.340423,19368.340423,5641075.697300199,15816259.494463801,616953.2259048999,17364028.130555898,119115866.10219191,50,25,3
Z3,8,1,720,5664.0,0.03766,150398.300584,153080.0,1.0,2,6.2e-05,30079.660117,30079.660117,5641075.697300199,15816259.494463801,616953.2259048999,17364028.130555898,119115866.10219191,50,25,3
Z3,9,1,720,7080.0,0.068226,103772.755255,104112.0,1.0,2,6.2e-05,20754.551051,20754.551051,5641075.697300199,15816259.494463801,616953.2259048999,17364028.130555898,119115866.10219191,50,25,3
Z3,10,1,720,12904.0,0.02726,473367.571533,477920.0,1.0,2,6.2e-05,94673.514307,94673.514307,5641075.697300199,15816259.494463801,616953.2259048999,17364028.130555898,119115866.10219191,50,25,3
Z3,11,1,720,17344.0,0.036251,478441.974015,481776.0,1.0,2,6.2e-05,95688.394803,95688.394803,5641075.697300199,15816259.494463801,616953.2259048999,17364028.130555898,119115866.10219191,50,25,3
Z3,12,1,720,16912.0,0.059736,283112.361055,286640.0,1.0,2,6.2e-05,56622.472211,56622.472211,5641075.697300199,15816259.494463801,616953.2259048999,17364028.130555898,119115866.10219191,50,25,3
Z3,13,1,720,13240.0,0.041095,322180.313907,322920.0,1.0,2,6.2e-05,64436.062781,64436.062781,5641075.697300199,15816259.494463801,616953.2259048999,17364028.130555898,119115866.10219191,50,25,3
Z3,14,1,720,28328.0,0.051734,547570.26327,555448.0,1.0,2,6.2e-05,109514.052654,109514.052654,5641075.697300199,15816259.494463801,616953.2259048999,17364028.130555898,119115866.10219191,50,25,3
Z3,15,1,720,30528.0,0.065373,466981.781469,469656.0,1.0,2,6.2e-05,93396.356294,93396.356294,5641075.697300199,15816259.494463801,616953.2259048999,17364028.130555898,119115866.10219191,50,25,3
Z3,16,1,720,16360.0,0.061139,267586.973945,268192.0,1.0,2,6.2e-05,53517.394789,53517.394789,5641075.697300199,15816259.494463801,616953.2259048999,17364028.130555898,119115866.10219191,50,25,3
Z3,17,1,720,33216.0,0.06736,493111.638955,495760.0,1.0,2,6.2e-05,98622.327791,98622.327791,5641075.697300199,15816259.494463801,616953.2259048999,17364028.130555898,119115866.10219191,50,25,3
Z3,18,1,720,28000.0,0.057948,483191.827155,491224.0,1.0,2,6.2e-05,96638.365431,96638.365431,5641075.697300199,15816259.494463801,616953.2259048999,17364028.130555898,119115866.10219191,50,25,3
Z3,19,1,720,15744.0,0.046371,339522.546419,342256.0,1.0,2,6.2e-05,67904.509284,67904.509284,5641075.697300199,15816259.494463801,616953.2259048999,17364028.130555898,119115866.10219191,50,25,3
Z3,20,1,720,16024.0,0.195437,81990.615902,82168.0,1.0,2,6.2e-05,16398.12318,16398.12318,5641075.697300199,15816259.494463801,616953.2259048999,17364028.130555898,119115866.10219191,50,25,3
Z3,21,1,720,11576.0,0.049613,233325.942797,236240.0,1.0,2,6.2e-05,46665.188559,46665.188559,5641075.697300199,15816259.494463801,616953.2259048999,17364028.130555898,119115866.10219191,50,25,3
Z3,22,1,720,10816.0,0.032737,330390.689434,338000.0,1.0,2,6.2e-05,66078.137887,66078.137887,5641075.697300199,15816259.494463801,616953.2259048999,17364028.130555898,119115866.10219191,50,25,3
Z3,23,1,720,13224.0,0.072203,183150.284614,183664.0,1.0,2,6.2e-05,36630.056923,36630.056923,5641075.697300199,15816259.494463801,616953.2259048999,17364028.130555898,119115866.10219191,50,25,3
Z3,24,1,720,17528.0,0.060851,288047.854596,292128.0,1.0,2,6.2e-05,57609.570919,57609.570919,5641075.697300199,15816259.494463801,616953.2259048999,17364028.130555898,119115866.10219191,50,25,3
Z3,25,1,720,23824.0,0.037069,642693.355634,643888.0,1.0,2,6.2e-05,128538.671127,128538.671127,5641075.697300199,15816259.494463801,616953.2259048999,17364028.130555898,119115866.10219191,50,25,3
Z3,26,1,720,11024.0,0.055828,197463.638318,200432.0,1.0,2,6.2e-05,39492.727664,39492.727664,5641075.697300199,15816259.494463801,616953.2259048999,17364028.130555898,119115866.10219191,50,25,3
Z3,27,1,720,15112.0,0.039816,379545.911191,387480.0,1.0,2,6.2e-05,75909.182238,75909.182238,5641075.697300199,15816259.494463801,616953.2259048999,17364028.130555898,119115866.10219191,50,25,3
Z3,28,1,720,24552.0,0.053703,457181.163064,463240.0,1.0,2,6.2e-05,91436.232613,91436.232613,5641075.697300199,15816259.494463801,616953.2259048999,17364028.130555898,119115866.10219191,50,25,3
Z3,29,1,720,10824.0,0.049041,220713.280724,220896.0,1.0,2,6.2e-05,44142.656145,44142.656145,5641075.697300199,15816259.494463801,616953.2259048999,17364028.130555898,119115866.10219191,50,25,3
Z3,30,1,720,6872.0,0.075656,90832.187797,91624.0,1.0,2,6.2e-05,18166.437559,18166.437559,5641075.697300199,15816259.494463801,616953.2259048999,17364028.130555898,119115866.10219191,50,25,3
Z3,31,1,720,6872.0,0.058535,117399.846246,118480.0,1.0,2,6.2e-05,23479.969249,23479.969249,5641075.697300199,15816259.494463801,616953.2259048999,17364028.130555898,119115866.10219191,50,25,3
Z3,32,1,720,6376.0,0.050964,125107.919316,127520.0,1.0,2,6.2e-05,25021.583863,25021.583863,5641075.697300199,15816259.494463801,616953.2259048999,17364028.130555898,119115866.10219191,50,25,3
Z3,33,1,720,6872.0,0.052676,130457.893538,132152.0,1.0,2,6.2e-05,26091.578708,26091.578708,5641075.697300199,15816259.494463801,616953.2259048999,17364028.130555898,119115866.10219191,50,25,3
Z3,34,1,720,6872.0,0.075146,91448.646635,91624.0,1.0,2,6.2e-05,18289.729327,18289.729327,5641075.697300199,15816259.494463801,616953.2259048999,17364028.130555898,119115866.10219191,50,25,3
Z3,35,1,720,6376.0,0.02823,225859.015232,227712.0,1.0,2,6.2e-05,45171.803046,45171.803046,5641075.697300199,15816259.494463801,616953.2259048999,17364028.130555898,119115866.10219191,50,25,3
Z3,36,1,720,6872.0,0.033066,207826.770701,208240.0,1.0,2,6.2e-05,41565.35414,41565.35414,5641075.697300199,15816259.494463801,616953.2259048999,17364028.130555898,119115866.10219191,50,25,3
Z3,37,1,720,6872.0,0.050557,135925.786736,137440.0,1.0,2,6.2e-05,27185.157347,27185.157347,5641075.697300199,15816259.494463801,616953.2259048999,17364028.130555898,119115866.10219191,50,25,3
Z3,38,1,720,6376.0,0.059791,106638.122794,108064.0,1.0,2,6.2e-05,21327.624559,21327.624559,5641075.697300199,15816259.494463801,616953.2259048999,17364028.130555898,119115866.10219191,50,25,3
Z1,0,2,720,9320.0,0.159463,58446.159924,58616.0,1.0,2,3.132137,33016.856544,33016.856544,5641075.697300199,15816259.494463801,616953.2259048999,17364028.130555898,119115866.10219191,50,25,3
Z2,0,2,720,6624.0,0.204815,32341.381246,32464.0,1.0,2,3.132137,27795.900808,27795.900808,5641075.697300199,15816259.494463801,616953.2259048999,17364028.130555898,119115866.10219191,50,25,3
Z2,1,2,720,5424.0,0.046935,115564.07798,117912.0,1.0,2,3.132137,44440.440155,44440.440155,5641075.697300199,15816259.494463801,616953.2259048999,17364028.130555898,119115866.10219191,50,25,3
Z2,2,2,720,7080.0,0.062584,113127.956027,114192.0,1.0,2,3.132137,43953.215764,43953.215764,5641075.697300199,15816259.494463801,616953.2259048999,17364028.130555898,119115866.10219191,50,25,3
Z2,3,2,720,18392.0,0.045336,405682.018705,408704.0,1.0,2,3.132137,102464.0283,102464.0283,5641075.697300199,15816259.494463801,616953.2259048999,17364028.130555898,119115866.10219191,50,25,3
Z2,4,2,720,9160.0,0.04885,187512.794268,190832.0,1.0,2,3.132137,58830.183413,58830.183413,5641075.697300199,15816259.494463801,616953.2259048999,17364028.130555898,119115866.10219191,50,25,3
Z2,5,2,720,8048.0,0.035467,226915.160572,229936.0,1.0,2,3.132137,66710.656673,66710.656673,5641075.697300199,15816259.494463801,616953.2259048999,17364028.130555898,119115866.10219191,50,25,3
Z2,6,2,720,6376.0,0.033848,188371.54337,193208.0,1.0,2,3.132137,59001.933233,59001.933233,5641075.697300199,15816259.494463801,616953.2259048999,17364028.130555898,119115866.10219191,50,25,3
Z2,7,2,720,6872.0,0.030302,226783.710646,229064.0,1.0,2,3.132137,66684.366688,66684.366688,5641075.697300199,15816259.494463801,616953.2259048999,17364028.130555898,119115866.10219191,50,25,3
Z3,0,2,720,7080.0,0.183733,38534.177312,38688.0,1.0,2,3.132137,29034.460021,29034.460021,5641075.697300199,15816259.494463801,616953.2259048999,17364028.130555898,119115866.10219191,50,25,3
Z3,1,2,720,7080.0,0.060606,116820.11682,118000.0,1.0,2,3.132137,44691.647923,44691.647923,5641075.697300199,15816259.494463801,616953.2259048999,17364028.130555898,119115866.10219191,50,25,3
Z3,2,2,720,5664.0,0.056353,100509.289656,101136.0,1.0,2,3.132137,41429.48249,41429.48249,5641075.697300199,15816259.494463801,616953.2259048999,17364028.130555898,119115866.10219191,50,25,3
Z3,3,2,720,7080.0,0.042253,167562.066599,168568.0,1.0,2,3.132137,54840.037879,54840.037879,5641075.697300199,15816259.494463801,616953.2259048999,17364028.130555898,119115866.10219191,50,25,3
Z3,4,2,720,7080.0,0.062125,113963.782696,114192.0,1.0,2,3.132137,44120.381098,44120.381098,5641075.697300199,15816259.494463801,616953.2259048999,17364028.130555898,119115866.10219191,50,25,3
Z3,5,2,720,5664.0,0.031981,177105.156186,182704.0,1.0,2,3.132137,56748.655796,56748.655796,5641075.697300199,15816259.494463801,616953.2259048999,17364028.130555898,119115866.10219191,50,25,3
Z3,6,2,720,7080.0,0.068423,103473.978048,104112.0,1.0,2,3.132137,42022.420169,42022.420169,5641075.697300199,15816259.494463801,616953.2259048999,17364028.130555898,119115866.10219191,50,25,3
Z3,7,2,720,7080.0,0.048752,145224.81129,147496.0,1.0,2,3.132137,50372.586817,50372.586817,5641075.697300199,15816259.494463801,616953.2259048999,17364028.130555898,119115866.10219191,50,25,3
Z3,8,2,720,5664.0,0.032326,175214.997216,177000.0,1.0,2,3.132137,56370.624002,56370.624002,5641075.697300199,15816259.494463801,616953.2259048999,17364028.130555898,119115866.10219191,50,25,3
Z3,9,2,720,7080.0,0.042984,164712.451145,168568.0,1.0,2,3.132137,54270.114788,54270.114788,5641075.697300199,15816259.494463801,616953.2259048999,17364028.130555898,119115866.10219191,50,25,3
Z3,10,2,720,12648.0,0.059633,212097.32866,214368.0,1.0,2,3.132137,63747.090291,63747.090291,5641075.697300199,15816259.494463801,616953.2259048999,17364028.130555898,119115866.10219191,50,25,3
Z3,11,2,720,17112.0,0.052677,324847.656472,329072.0,1.0,2,3.132137,86297.155853,86297.155853,5641075.697300199,15816259.494463801,616953.2259048999,17364028.130555898,119115866.10219191,50,25,3
Z3,12,2,720,15320.0,0.075766,202201.515192,204264.0,1.0,2,3.132137,61767.927597,61767.927597,5641075.697300199,15816259.494463801,616953.2259048999,17364028.130555898,119115866.10219191,50,25,3
Z3,13,2,720,10704.0,0.048432,221010.901883,223000.0,1.0,2,3.132137,65529.804935,65529.804935,5641075.697300199,15816259.494463801,616953.2259048999,17364028.130555898,119115866.10219191,50,25,3
Z3,14,2,720,18776.0,0.050638,370788.735732,375520.0,1.0,2,3.132137,95485.371705,95485.371705,5641075.697300199,15816259.494463801,616953.2259048999,17364028.130555898,119115866.10219191,50,25,3
Z3,15,2,720,21848.0,0.04682,466638.188808,474952.0,1.0,2,3.132137,114655.262321,114655.262321,5641075.697300199,15816259.494463801,616953.2259048999,17364028.130555898,119115866.10219191,50,25,3
Z3,16,2,720,12752.0,0.217311,58680.876716,58760.0,1.0,2,3.132137,33063.799902,33063.799902,5641075.697300199,15816259.494463801,616953.2259048999,17364028.130555898,119115866.10219191,50,25,3
Z3,17,2,720,21856.0,0.057797,378151.11511,383432.0,1.0,2,3.132137,96957.847581,96957.847581,5641075.697300199,15816259.494463801,616953.2259048999,17364028.130555898,119115866.10219191,50,25,3
Z3,18,2,720,16880.0,0.033318,506633.051204,511512.0,1.0,2,3.132137,122654.2348,122654.2348,5641075.697300199,15816259.494463801,616953.2259048999,17364028.130555898,119115866.10219191,50,25,3
Z3,19,2,720,12128.0,0.028115,431371.154188,433136.0,1.0,2,3.132137,107601.855397,107601.855397,5641075.697300199,15816259.494463801,616953.2259048999,17364028.130555898,119115866.10219191,50,25,3
Z3,20,2,720,15344.0,0.057311,267732.198007,269192.0,1.0,2,3.132137,74874.06416,74874.06416,5641075.697300199,15816259.494463801,616953.2259048999,17364028.130555898,119115866.10219191,50,25,3
Z3,21,2,720,11592.0,0.073622,157452.935264,158792.0,1.0,2,3.132137,52818.211612,52818.211612,5641075.697300199,15816259.494463801,616953.2259048999,17364028.130555898,119115866.10219191,50,25,3
Z3,22,2,720,9952.0,0.041433,240195.013636,242728.0,1.0,2,3.132137,69366.627286,69366.627286,5641075.697300199,15816259.494463801,616953.2259048999,17364028.130555898,119115866.10219191,50,25,3
Z3,23,2,720,11064.0,0.064673,171076.028636,172872.0,1.0,2,3.132137,55542.830286,55542.830286,5641075.697300199,15816259.494463801,616953.2259048999,17364028.130555898,119115866.10219191,50,25,3
Z3,24,2,720,14728.0,0.06623,222376.566511,223144.0,1.0,2,3.132137,65802.937861,65802.937861,5641075.697300199,15816259.494463801,616953.2259048999,17364028.130555898,119115866.10219191,50,25,3
Z3,25,2,720,16264.0,0.037422,434610.656833,439560.0,1.0,2,3.132137,108249.755925,108249.755925,5641075.697300199,15816259.494463801,616953.2259048999,17364028.130555898,119115866.10219191,50,25,3
Z3,26,2,720,9504.0,0.073285,129685.474517,130184.0,1.0,2,3.132137,47264.719462,47264.719462,5641075.697300199,15816259.494463801,616953.2259048999,17364028.130555898,119115866.10219191,50,25,3
Z3,27,2,720,12688.0,0.067129,189009.221052,189368.0,1.0,2,3.132137,59129.468769,59129.468769,5641075.697300199,15816259.494463801,616953.2259048999,17364028.130555898,119115866.10219191,50,25,3
Z3,28,2,720,17320.0,0.060553,286030.419632,288664.0,1.0,2,3.132137,78533.708485,78533.708485,5641075.697300199,15816259.494463801,616953.2259048999,17364028.130555898,119115866.10219191,50,25,3
Z3,29,2,720,10632.0,0.049481,214870.354277,216976.0,1.0,2,3.132137,64301.695414,64301.695414,5641075.697300199,15816259.494463801,616953.2259048999,17364028.130555898,119115866.10219191,50,25,3
Z3,30,2,720,6872.0,0.060284,113993.762856,114528.0,1.0,2,3.132137,44126.37713,44126.37713,5641075.697300199,15816259.494463801,616953.2259048999,17364028.130555898,119115866.10219191,50,25,3
Z3,31,2,720,6872.0,0.034499,199194.179541,202112.0,1.0,2,3.132137,61166.460467,61166.460467,5641075.697300199,15816259.494463801,616953.2259048999,17364028.130555898,119115866.10219191,50,25,3
Z3,32,2,720,6376.0,0.072288,88202.744577,88552.0,1.0,2,3.132137,38968.173474,38968.173474,5641075.697300199,15816259.494463801,616953.2259048999,17364028.130555898,119115866.10219191,50,25,3
Z3,33,2,720,6872.0,0.04073,168720.844586,171800.0,1.0,2,3.132137,55071.793476,55071.793476,5641075.697300199,15816259.494463801,616953.2259048999,17364028.130555898,119115866.10219191,50,25,3
Z3,34,2,720,6872.0,0.036971,185875.415866,190888.0,1.0,2,3.132137,58502.707732,58502.707732,5641075.697300199,15816259.494463801,616953.2259048999,17364028.130555898,119115866.10219191,50,25,3
Z3,35,2,720,6376.0,0.047075,135443.441317,135656.0,1.0,2,3.132137,48416.312822,48416.312822,5641075.697300199,15816259.494463801,616953.2259048999,17364028.130555898,119115866.10219191,50,25,3
Z3,36,2,720,6872.0,0.038895,176680.807302,180840.0,1.0,2,3.132137,56663.786019,56663.786019,5641075.697300199,15816259.494463801,616953.2259048999,17364028.130555898,119115866.10219191,50,25,3
Z3,37,2,720,6872.0,0.067346,102040.210257,102560.0,1.0,2,3.132137,41735.66661,41735.66661,5641075.697300199,15816259.494463801,616953.2259048999,17364028.130555898,119115866.10219191,50,25,3
Z3,38,2,720,6376.0,0.055395,115100.640852,115920.0,1.0,2,3.132137,44347.752729,44347.752729,5641075.697300199,15816259.494463801,616953.2259048999,17364028.130555898,119115866.10219191,50,25,3
Z1,0,3,720,9896.0,0.163272,60610.514969,60704.0,1.0,2,6.151774,56469.855723,56469.855723,5641075.697300199,15816259.494463801,616953.2259048999,17364028.130555898,119115866.10219191,50,25,3
Z2,0,3,720,6624.0,0.224903,29452.697385,29568.0,1.0,2,6.151774,50238.292206,50238.292206,5641075.697300199,15816259.494463801,616953.2259048999,17364028.130555898,119115866.10219191,50,25,3
Z2,1,3,720,5424.0,0.057741,93936.717411,95152.0,1.0,2,6.151774,63135.096211,63135.096211,5641075.697300199,15816259.494463801,616953.2259048999,17364028.130555898,119115866.10219191,50,25,3
Z2,2,3,720,7080.0,0.067915,104247.957005,105664.0,1.0,2,6.151774,65197.34413,65197.34413,5641075.697300199,15816259.494463801,616953.2259048999,17364028.130555898,119115866.10219191,50,25,3
Z2,3,3,720,18632.0,0.058154,320390.686797,321240.0,1.0,2,6.151774,108425.890089,108425.890089,5641075.697300199,15816259.494463801,616953.2259048999,17364028.130555898,119115866.10219191,50,25,3
Z2,4,3,720,9664.0,0.052196,185148.287225,185840.0,1.0,2,6.151774,81377.410174,81377.410174,5641075.697300199,15816259.494463801,616953.2259048999,17364028.130555898,119115866.10219191,50,25,3
Z2,5,3,720,8424.0,0.034806,242027.236683,247760.0,1.0,2,6.151774,92753.200066,92753.200066,5641075.697300199,15816259.494463801,616953.2259048999,17364028.130555898,119115866.10219191,50,25,3
Z2,6,3,720,6376.0,0.031087,205101.811046,205672.0,1.0,2,6.151774,85368.114939,85368.114939,5641075.697300199,15816259.494463801,616953.2259048999,17364028.130555898,119115866.10219191,50,25,3
Z2,7,3,720,6872.0,0.039304,174842.255241,176200.0,1.0,2,6.151774,79316.203778,79316.203778,5641075.697300199,15816259.494463801,616953.2259048999,17364028.130555898,119115866.10219191,50,25,3
Z3,0,3,720,7080.0,0.187839,37691.85313,37856.0,1.0,2,6.151774,51886.123355,51886.123355,5641075.697300199,15816259.494463801,616953.2259048999,17364028.130555898,119115866.10219191,50,25,3
Z3,1,3,720,7080.0,0.053511,132309.244828,133584.0,1.0,2,6.151774,70809.601695,70809.601695,5641075.697300199,15816259.494463801,616953.2259048999,17364028.130555898,119115866.10219191,50,25,3
Z3,2,3,720,5664.0,0.045164,125409.61828,125864.0,1.0,2,6.151774,69429.676385,69429.676385,5641075.697300199,15816259.494463801,616953.2259048999,17364028.130555898,119115866.10219191,50,25,3
Z3,3,3,720,7080.0,0.036369,194671.285985,196664.0,1.0,2,6.151774,83282.009926,83282.009926,5641075.697300199,15816259.494463801,616953.2259048999,17364028.130555898,119115866.10219191,50,25,3
Z3,4,3,720,7080.0,0.039689,178386.958603,181536.0,1.0,2,6.151774,80025.14445,80025.14445,5641075.697300199,15816259.494463801,616953.2259048999,17364028.130555898,119115866.10219191,50,25,3
Z3,5,3,720,5664.0,0.05919,95691.839838,96000.0,1.0,2,6.151774,63486.120697,63486.120697,5641075.697300199,15816259.494463801,616953.2259048999,17364028.130555898,119115866.10219191,50,25,3
Z3,6,3,720,7080.0,0.028712,246586.792979,252856.0,1.0,2,6.151774,93665.111325,93665.111325,5641075.697300199,15816259.494463801,616953.2259048999,17364028.130555898,119115866.10219191,50,25,3
Z3,7,3,720,7080.0,0.063818,110940.48701,112376.0,1.0,2,6.151774,66535.850131,66535.850131,5641075.697300199,15816259.494463801,616953.2259048999,17364028.130555898,119115866.10219191,50,25,3
Z3,8,3,720,5664.0,0.05086,111364.530083,113280.0,1.0,2,6.151774,66620.658746,66620.658746,5641075.697300199,15816259.494463801,616953.2259048999,17364028.130555898,119115866.10219191,50,25,3
Z3,9,3,720,7080.0,0.051335,137917.600078,138816.0,1.0,2,6.151774,71931.272745,71931.272745,5641075.697300199,15816259.494463801,616953.2259048999,17364028.130555898,119115866.10219191,50,25,3
Z3,10,3,720,14120.0,0.032632,432704.094141,441248.0,1.0,2,6.151774,130888.571557,130888.571557,5641075.697300199,15816259.494463801,616953.2259048999,17364028.130555898,119115866.10219191,50,25,3
Z3,11,3,720,17536.0,0.042505,412563.227856,417520.0,1.0,2,6.151774,126860.3983,126860.3983,5641075.697300199,15816259.494463801,616953.2259048999,17364028.130555898,119115866.10219191,50,25,3
Z3,12,3,720,16008.0,0.038441,416430.37382,421256.0,1.0,2,6.151774,127633.827493,127633.827493,5641075.697300199,15816259.494463801,616953.2259048999,17364028.130555898,119115866.10219191,50,25,3
Z3,13,3,720,10896.0,0.06935,157116.077866,157912.0,1.0,2,6.151774,75770.968302,75770.968302,5641075.697300199,15816259.494463801,616953.2259048999,17364028.130555898,119115866.10219191,50,25,3
Z3,14,3,720,19720.0,0.074757,263788.006474,266480.0,1.0,2,6.151774,97105.354024,97105.354024,5641075.697300199,15816259.494463801,616953.2259048999,17364028.130555898,119115866.10219191,50,25,3
Z3,15,3,720,20104.0,0.053043,379013.253398,379320.0,1.0,2,6.151774,120150.403409,120150.403409,5641075.697300199,15816259.494463801,616953.2259048999,17364028.130555898,119115866.10219191,50,25,3
Z3,16,3,720,12504.0,0.055636,224746.566971,227344.0,1.0,2,6.151774,89297.066123,89297.066123,5641075.697300199,15816259.494463801,616953.2259048999,17364028.130555898,119115866.10219191,50,25,3
Z3,17,3,720,23072.0,0.114357,201754.155845,202384.0,1.0,2,6.151774,84698.583898,84698.583898,5641075.697300199,15816259.494463801,616953.2259048999,17364028.130555898,119115866.10219191,50,25,3
Z3,18,3,720,18112.0,0.029694,609954.873038,624544.0,1.0,2,6.151774,166338.727337,166338.727337,5641075.697300199,15816259.494463801,616953.2259048999,17364028.130555898,119115866.10219191,50,25,3
Z3,19,3,720,12544.0,0.036381,344795.360215,348440.0,1.0,2,6.151774,113306.824772,113306.824772,5641075.697300199,15816259.494463801,616953.2259048999,17364028.130555898,119115866.10219191,50,25,3
Z3,20,3,720,15304.0,0.046054,332305.554349,332688.0,1.0,2,6.151774,110808.863599,110808.863599,5641075.697300199,15816259.494463801,616953.2259048999,17364028.130555898,119115866.10219191,50,25,3
Z3,21,3,720,12280.0,0.070057,175285.838674,175424.0,1.0,2,6.151774,79404.920464,79404.920464,5641075.697300199,15816259.494463801,616953.2259048999,17364028.130555898,119115866.10219191,50,25,3
Z3,22,3,720,10368.0,0.051071,203011.493803,203288.0,1.0,2,6.151774,84950.05149,84950.05149,5641075.697300199,15816259.494463801,616953.2259048999,17364028.130555898,119115866.10219191,50,25,3
Z3,23,3,720,10520.0,0.049573,212212.292982,214688.0,1.0,2,6.151774,86790.211326,86790.211326,5641075.697300199,15816259.494463801,616953.2259048999,17364028.130555898,119115866.10219191,50,25,3
Z3,24,3,720,15288.0,0.041228,370815.950325,372872.0,1.0,2,6.151774,118510.942794,118510.942794,5641075.697300199,15816259.494463801,616953.2259048999,17364028.130555898,119115866.10219191,50,25,3
Z3,25,3,720,16344.0,0.075804,215608.675004,217920.0,1.0,2,6.151774,87469.48773,87469.48773,5641075.697300199,15816259.494463801,616953.2259048999,17364028.130555898,119115866.10219191,50,25,3
Z3,26,3,720,9016.0,0.039169,230182.031709,231176.0,1.0,2,6.151774,90384.159071,90384.159071,5641075.697300199,15816259.494463801,616953.2259048999,17364028.130555898,119115866.10219191,50,25,3
Z3,27,3,720,13800.0,0.036434,378767.085689,383328.0,1.0,2,6.151774,120101.169867,120101.169867,5641075.697300199,15816259.494463801,616953.2259048999,17364028.130555898,119115866.10219191,50,25,3
Z3,28,3,720,17664.0,0.060336,292760.540971,294400.0,1.0,2,6.151774,102899.860923,102899.860923,5641075.697300199,15816259.494463801,616953.2259048999,17364028.130555898,119115866.10219191,50,25,3
Z3,29,3,720,10240.0,0.063155,162140.764785,162536.0,1.0,2,6.151774,76775.905686,76775.905686,5641075.697300199,15816259.494463801,616953.2259048999,17364028.130555898,119115866.10219191,50,25,3
Z3,30,3,720,6872.0,0.055909,122914.020998,124944.0,1.0,2,6.151774,68930.556929,68930.556929,5641075.697300199,15816259.494463801,616953.2259048999,17364028.130555898,119115866.10219191,50,25,3
Z3,31,3,720,6872.0,0.02954,232633.716994,236960.0,1.0,2,6.151774,90874.496128,90874.496128,5641075.697300199,15816259.494463801,616953.2259048999,17364028.130555898,119115866.10219191,50,25,3
Z3,32,3,720,6376.0,0.06533,97596.816164,98088.0,1.0,2,6.151774,63867.115962,63867.115962,5641075.697300199,15816259.494463801,616953.2259048999,17364028.130555898,119115866.10219191,50,25,3
Z3,33,3,720,6872.0,0.030015,228952.190571,229064.0,1.0,2,6.151774,90138.190844,90138.190844,5641075.697300199,15816259.494463801,616953.2259048999,17364028.130555898,119115866.10219191,50,25,3
Z3,34,3,720,6872.0,0.070815,97041.587234,98168.0,1.0,2,6.151774,63756.070176,63756.070176,5641075.697300199,15816259.494463801,616953.2259048999,17364028.130555898,119115866.10219191,50,25,3
Z3,35,3,720,6376.0,0.036445,174948.552614,177104.0,1.0,2,6.151774,79337.463252,79337.463252,5641075.697300199,15816259.494463801,616953.2259048999,17364028.130555898,119115866.10219191,50,25,3
Z3,36,3,720,6872.0,0.067649,101583.171961,102560.0,1.0,2,6.151774,64664.387122,64664.387122,5641075.697300199,15816259.494463801,616953.2259048999,17364028.130555898,119115866.10219191,50,25,3
Z3,37,3,720,6872.0,0.05934,115807.212673,116472.0,1.0,2,6.151774,67509.195264,67509.195264,5641075.697300199,15816259.494463801,616953.2259048999,17364028.130555898,119115866.10219191,50,25,3
Z3,38,3,720,6376.0,0.026124,244066.758536,245224.0,1.0,2,6.151774,93161.104437,93161.104437,5641075.697300199,15816259.494463801,616953.2259048999,17364028.130555898,119115866.10219191,50,25,3
Z1,0,4,720,22592.0,0.241733,93458.485188,93736.0,1.0,2,9.025542,111852.801474,111852.801474,5641075.697300199,15816259.494463801,616953.2259048999,17364028.130555898,119115866.10219191,50,25,3
Z2,0,4,720,6624.0,0.184539,35894.851495,36000.0,1.0,2,9.025542,100340.074735,100340.074735,5641075.697300199,15816259.494463801,616953.2259048999,17364028.130555898,119115866.10219191,50,25,3
Z2,1,4,720,6648.0,0.048735,136411.203447,138496.0,1.0,2,9.025542,120443.345126,120443.345126,5641075.697300199,15816259.494463801,616953.2259048999,17364028.130555898,119115866.10219191,50,25,3
Z2,2,4,720,7200.0,0.063731,112974.847406,114280.0,1.0,2,9.025542,115756.073918,115756.073918,5641075.697300199,15816259.494463801,616953.2259048999,17364028.130555898,119115866.10219191,50,25,3
Z2,3,4,720,7296.0,0.033673,216672.111187,221088.0,1.0,2,9.025542,136495.526674,136495.526674,5641075.697300199,15816259.494463801,616953.2259048999,17364028.130555898,119115866.10219191,50,25,3
Z2,4,4,720,17272.0,0.069447,248707.647559,250312.0,1.0,2,9.025542,142902.633948,142902.633948,5641075.697300199,15816259.494463801,616953.2259048999,17364028.130555898,119115866.10219191,50,25,3
Z2,5,4,720,26240.0,0.067783,387117.713881,391640.0,1.0,2,9.025542,170584.647213,170584.647213,5641075.697300199,15816259.494463801,616953.2259048999,17364028.130555898,119115866.10219191,50,25,3
Z2,6,4,720,12720.0,0.027044,470344.623576,471104.0,1.0,2,9.025542,187230.029152,187230.029152,5641075.697300199,15816259.494463801,616953.2259048999,17364028.130555898,119115866.10219191,50,25,3
Z2,7,4,720,11496.0,0.064266,178881.523667,179624.0,1.0,2,9.025542,128937.40917,128937.40917,5641075.697300199,15816259.494463801,616953.2259048999,17364028.130555898,119115866.10219191,50,25,3
Z3,0,4,720,6448.0,0.182127,35403.866533,35424.0,1.0,2,9.025542,100241.877743,100241.877743,5641075.697300199,15816259.494463801,616953.2259048999,17364028.130555898,119115866.10219191,50,25,3
Z3,1,4,720,7448.0,0.032029,232539.261294,232744.0,1.0,2,9.025542,139668.956695,139668.956695,5641075.697300199,15816259.494463801,616953.2259048999,17364028.130555898,119115866.10219191,50,25,3
Z3,2,4,720,7424.0,0.06485,114479.568234,116000.0,1.0,2,9.025542,116057.018083,116057.018083,5641075.697300199,15816259.494463801,616953.2259048999,17364028.130555898,119115866.10219191,50,25,3
Z3,3,4,720,6648.0,0.061921,107362.607193,108976.0,1.0,2,9.025542,114633.625875,114633.625875,5641075.697300199,15816259.494463801,616953.2259048999,17364028.130555898,119115866.10219191,50,25,3
Z3,4,4,720,7224.0,0.051532,140184.739579,141640.0,1.0,2,9.025542,121198.052352,121198.052352,5641075.697300199,15816259.494463801,616953.2259048999,17364028.130555898,119115866.10219191,50,25,3
Z3,5,4,720,7240.0,0.037475,193195.463642,195672.0,1.0,2,9.025542,131800.197165,131800.197165,5641075.697300199,15816259.494463801,616953.2259048999,17364028.130555898,119115866.10219191,50,25,3
Z3,6,4,720,6648.0,0.048066,138309.823992,138496.0,1.0,2,9.025542,120823.069235,120823.069235,5641075.697300199,15816259.494463801,616953.2259048999,17364028.130555898,119115866.10219191,50,25,3
Z3,7,4,720,7232.0,0.074254,97395.426509,97728.0,1.0,2,9.025542,112640.189738,112640.189738,5641075.697300199,15816259.494463801,616953.2259048999,17364028.130555898,119115866.10219191,50,25,3
Z3,8,4,720,7296.0,0.02766,263774.403471,270216.0,1.0,2,9.025542,145915.985131,145915.985131,5641075.697300199,15816259.494463801,616953.2259048999,17364028.130555898,119115866.10219191,50,25,3
Z3,9,4,720,16456.0,0.03426,480326.911851,484000.0,1.0,2,9.025542,189226.486807,189226.486807,5641075.697300199,15816259.494463801,616953.2259048999,17364028.130555898,119115866.10219191,50,25,3
Z3,10,4,720,25392.0,0.054574,465276.505296,470216.0,1.0,2,9.025542,186216.405496,186216.405496,5641075.697300199,15816259.494463801,616953.2259048999,17364028.130555898,119115866.10219191,50,25,3
Z3,11,4,720,21592.0,0.049064,440078.265123,440648.0,1.0,2,9.025542,181176.757461,181176.757461,5641075.697300199,15816259.494463801,616953.2259048999,17364028.130555898,119115866.10219191,50,25,3
Z3,12,4,720,13528.0,0.072996,185325.2233,187888.0,1.0,2,9.025542,130226.149097,130226.149097,5641075.697300199,15816259.494463801,616953.2259048999,17364028.130555898,119115866.10219191,50,25,3
Z3,13,4,720,29512.0,0.055158,535044.780449,536576.0,1.0,2,9.025542,200170.060526,200170.060526,5641075.697300199,15816259.494463801,616953.2259048999,17364028.130555898,119115866.10219191,50,25,3
Z3,14,4,720,29688.0,0.035626,833323.976871,848224.0,1.0,2,9.025542,259825.899811,259825.899811,5641075.697300199,15816259.494463801,616953.2259048999,17364028.130555898,119115866.10219191,50,25,3
Z3,15,4,720,16760.0,0.047764,350891.885102,356592.0,1.0,2,9.025542,163339.481457,163339.481457,5641075.697300199,15816259.494463801,616953.2259048999,17364028.130555898,119115866.10219191,50,25,3
Z3,16,4,720,33128.0,0.062748,527953.08217,534320.0,1.0,2,9.025542,198751.720871,198751.720871,5641075.697300199,15816259.494463801,616953.2259048999,17364028.130555898,119115866.10219191,50,25,3
Z3,17,4,720,26248.0,0.065193,402619.913181,403808.0,1.0,2,9.025542,173685.087073,173685.087073,5641075.697300199,15816259.494463801,616953.2259048999,17364028.130555898,119115866.10219191,50,25,3
Z3,18,4,720,14624.0,0.0397,368362.720403,374968.0,1.0,2,9.025542,166833.648517,166833.648517,5641075.697300199,15816259.494463801,616953.2259048999,17364028.130555898,119115866.10219191,50,25,3
Z3,19,4,720,26816.0,0.191111,140316.360649,140392.0,1.0,2,9.025542,121224.376566,121224.376566,5641075.697300199,15816259.494463801,616953.2259048999,17364028.130555898,119115866.10219191,50,25,3
Z3,20,4,720,23128.0,0.039524,585163.444995,593024.0,1.0,2,9.025542,210193.793436,210193.793436,5641075.697300199,15816259.494463801,616953.2259048999,17364028.130555898,119115866.10219191,50,25,3
Z3,21,4,720,19440.0,0.052816,368070.281733,373840.0,1.0,2,9.025542,166775.160783,166775.160783,5641075.697300199,15816259.494463801,616953.2259048999,17364028.130555898,119115866.10219191,50,25,3
Z3,22,4,720,29088.0,0.062674,464115.901331,469160.0,1.0,2,9.025542,185984.284703,185984.284703,5641075.697300199,15816259.494463801,616953.2259048999,17364028.130555898,119115866.10219191,50,25,3
Z3,23,4,720,29840.0,0.065557,455176.411367,459072.0,1.0,2,9.025542,184196.38671,184196.38671,5641075.697300199,15816259.494463801,616953.2259048999,17364028.130555898,119115866.10219191,50,25,3
Z3,24,4,720,17200.0,0.067591,254471.749197,256712.0,1.0,2,9.025542,144055.454276,144055.454276,5641075.697300199,15816259.494463801,616953.2259048999,17364028.130555898,119115866.10219191,50,25,3
Z3,25,4,720,25664.0,0.057707,444729.408911,450240.0,1.0,2,9.025542,182106.986219,182106.986219,5641075.697300199,15816259.494463801,616953.2259048999,17364028.130555898,119115866.10219191,50,25,3
Z3,26,4,720,26808.0,0.068563,390998.060178,394232.0,1.0,2,9.025542,171360.716472,171360.716472,5641075.697300199,15816259.494463801,616953.2259048999,17364028.130555898,119115866.10219191,50,25,3
Z3,27,4,720,17472.0,0.061523,283991.352827,286424.0,1.0,2,9.025542,149959.375002,149959.375002,5641075.697300199,15816259.494463801,616953.2259048999,17364028.130555898,119115866.10219191,50,25,3
Z3,28,4,720,6448.0,0.044439,145097.774477,146544.0,1.0,2,9.025542,122180.659332,122180.659332,5641075.697300199,15816259.494463801,616953.2259048999,17364028.130555898,119115866.10219191,50,25,3
Z3,29,4,720,7200.0,0.07161,100544.616674,101408.0,1.0,2,9.025542,113270.027771,113270.027771,5641075.697300199,15816259.494463801,616953.2259048999,17364028.130555898,119115866.10219191,50,25,3
Z3,30,4,720,7520.0,0.048419,155310.931659,156664.0,1.0,2,9.025542,124223.290768,124223.290768,5641075.697300199,15816259.494463801,616953.2259048999,17364028.130555898,119115866.10219191,50,25,3
Z3,31,4,720,6728.0,0.040104,167763.814083,168200.0,1.0,2,9.025542,126713.867253,126713.867253,5641075.697300199,15816259.494463801,616953.2259048999,17364028.130555898,119115866.10219191,50,25,3
Z3,32,4,720,7224.0,0.044976,160618.996798,164176.0,1.0,2,9.025542,125284.903796,125284.903796,5641075.697300199,15816259.494463801,616953.2259048999,17364028.130555898,119115866.10219191,50,25,3
Z3,33,4,720,7256.0,0.055375,131033.860045,131920.0,1.0,2,9.025542,119367.876446,119367.876446,5641075.697300199,15816259.494463801,616953.2259048999,17364028.130555898,119115866.10219191,50,25,3
Z3,34,4,720,6544.0,0.055636,117621.683802,118976.0,1.0,2,9.025542,116685.441197,116685.441197,5641075.697300199,15816259.494463801,616953.2259048999,17364028.130555898,119115866.10219191,50,25,3
Z3,35,4,720,12272.0,0.035419,346480.702448,350624.0,1.0,2,9.025542,162457.244926,162457.244926,5641075.697300199,15816259.494463801,616953.2259048999,17364028.130555898,119115866.10219191,50,25,3
Z3,36,4,720,8544.0,0.03134,272622.846203,275608.0,1.0,2,9.025542,147685.673677,147685.673677,5641075.697300199,15816259.494463801,616953.2259048999,17364028.130555898,119115866.10219191,50,25,3
Z3,37,4,720,6424.0,0.041737,153916.189472,156680.0,1.0,2,9.025542,123944.342331,123944.342331,5641075.697300199,15816259.494463801,616953.2259048999,17364028.130555898,119115866.10219191,50,25,3
Z3,38,4,720,6872.0,0.045743,150230.636382,152704.0,1.0,2,9.025542,123207.231713,123207.231713,5641075.697300199,15816259.494463801,616953.2259048999,17364028.130555898,119115866.10219191,50,25,3
Z1,0,5,720,20272.0,0.2253,89977.807368,90096.0,1.0,2,12.112322,141202.793186,141202.793186,5641075.697300199,15816259.494463801,616953.2259048999,17364028.130555898,119115866.10219191,50,25,3
Z2,0,5,720,6624.0,0.167868,39459.575381,39664.0,1.0,2,12.112322,131099.146789,131099.146789,5641075.697300199,15816259.494463801,616953.2259048999,17364028.130555898,119115866.10219191,50,25,3
Z2,1,5,720,7616.0,0.056561,134651.08467,136000.0,1.0,2,12.112322,150137.448647,150137.448647,5641075.697300199,15816259.494463801,616953.2259048999,17364028.130555898,119115866.10219191,50,25,3
Z2,2,5,720,8792.0,0.060274,145867.206424,146528.0,1.0,2,12.112322,152380.672998,152380.672998,5641075.697300199,15816259.494463801,616953.2259048999,17364028.130555898,119115866.10219191,50,25,3
Z2,3,5,720,8816.0,0.069656,126564.832893,127768.0,1.0,2,12.112322,148520.198291,148520.198291,5641075.697300199,15816259.494463801,616953.2259048999,17364028.130555898,119115866.10219191,50,25,3
Z2,4,5,720,14976.0,0.06348,235916.824197,237712.0,1.0,2,12.112322,170390.596552,170390.596552,5641075.697300199,15816259.494463801,616953.2259048999,17364028.130555898,119115866.10219191,50,25,3
Z2,5,5,720,25312.0,0.063685,397456.229881,401776.0,1.0,2,12.112322,202698.477689,202698.477689,5641075.697300199,15816259.494463801,616953.2259048999,17364028.130555898,119115866.10219191,50,25,3
Z2,6,5,720,13208.0,0.191356,69023.181923,69144.0,1.0,2,12.112322,137011.868097,137011.868097,5641075.697300199,15816259.494463801,616953.2259048999,17364028.130555898,119115866.10219191,50,25,3
Z2,7,5,720,16320.0,0.072245,225897.98602,226664.0,1.0,2,12.112322,168386.828917,168386.828917,5641075.697300199,15816259.494463801,616953.2259048999,17364028.130555898,119115866.10219191,50,25,3
Z3,0,5,720,7712.0,0.310081,24870.920824,24872.0,1.0,2,12.112322,128181.415878,128181.415878,5641075.697300199,15816259.494463801,616953.2259048999,17364028.130555898,119115866.10219191,50,25,3
Z3,1,5,720,9624.0,0.055699,172785.866892,174976.0,1.0,2,12.112322,157764.405091,157764.405091,5641075.697300199,15816259.494463801,616953.2259048999,17364028.130555898,119115866.10219191,50,25,3
Z3,2,5,720,9096.0,0.042845,212300.15171,216568.0,1.0,2,12.112322,165667.262055,165667.262055,5641075.697300199,15816259.494463801,616953.2259048999,17364028.130555898,119115866.10219191,50,25,3
Z3,3,5,720,7632.0,0.050659,150654.375333,152640.0,1.0,2,12.112322,153338.106779,153338.106779,5641075.697300199,15816259.494463801,616953.2259048999,17364028.130555898,119115866.10219191,50,25,3
Z3,4,5,720,8304.0,0.033203,250097.882721,251632.0,1.0,2,12.112322,173226.808257,173226.808257,5641075.697300199,15816259.494463801,616953.2259048999,17364028.130555898,119115866.10219191,50,25,3
Z3,5,5,720,8504.0,0.026846,316769.723609,327072.0,1.0,2,12.112322,186561.176435,186561.176435,5641075.697300199,15816259.494463801,616953.2259048999,17364028.130555898,119115866.10219191,50,25,3
Z3,6,5,720,7384.0,0.29835,24749.455338,24776.0,1.0,2,12.112322,128157.12278,128157.12278,5641075.697300199,15816259.494463801,616953.2259048999,17364028.130555898,119115866.10219191,50,25,3
Z3,7,5,720,8968.0,0.058759,152623.4279,154616.0,1.0,2,12.112322,153731.917293,153731.917293,5641075.697300199,15816259.494463801,616953.2259048999,17364028.130555898,119115866.10219191,50,25,3
Z3,8,5,720,8912.0,0.049798,178963.010563,181872.0,1.0,2,12.112322,158999.833825,158999.833825,5641075.697300199,15816259.494463801,616953.2259048999,17364028.130555898,119115866.10219191,50,25,3
Z3,9,5,720,16688.0,0.055069,303038.006864,303416.0,1.0,2,12.112322,183814.833086,183814.833086,5641075.697300199,15816259.494463801,616953.2259048999,17364028.130555898,119115866.10219191,50,25,3
Z3,10,5,720,23832.0,0.07538,316158.132131,317760.0,1.0,2,12.112322,186438.858139,186438.858139,5641075.697300199,15816259.494463801,616953.2259048999,17364028.130555898,119115866.10219191,50,25,3
Z3,11,5,720,21144.0,0.053759,393310.887479,398936.0,1.0,2,12.112322,201869.409209,201869.409209,5641075.697300199,15816259.494463801,616953.2259048999,17364028.130555898,119115866.10219191,50,25,3
Z3,12,5,720,14272.0,0.0704,202727.272727,203880.0,1.0,2,12.112322,163752.686258,163752.686258,5641075.697300199,15816259.494463801,616953.2259048999,17364028.130555898,119115866.10219191,50,25,3
Z3,13,5,720,27640.0,0.057561,480186.237209,484912.0,1.0,2,12.112322,219244.479155,219244.479155,5641075.697300199,15816259.494463801,616953.2259048999,17364028.130555898,119115866.10219191,50,25,3
Z3,14,5,720,33288.0,0.052571,633200.814137,640152.0,1.0,2,12.112322,249847.39454,249847.39454,5641075.697300199,15816259.494463801,616953.2259048999,17364028.130555898,119115866.10219191,50,25,3
Z3,15,5,720,17576.0,0.057151,307536.176095,308344.0,1.0,2,12.112322,184714.466932,184714.466932,5641075.697300199,15816259.494463801,616953.2259048999,17364028.130555898,119115866.10219191,50,25,3
Z3,16,5,720,34872.0,0.067607,515804.576449,520472.0,1.0,2,12.112322,226368.147003,226368.147003,5641075.697300199,15816259.494463801,616953.2259048999,17364028.130555898,119115866.10219191,50,25,3
Z3,17,5,720,27336.0,0.075544,361855.342582,364480.0,1.0,2,12.112322,195578.300229,195578.300229,5641075.697300199,15816259.494463801,616953.2259048999,17364028.130555898,119115866.10219191,50,25,3
Z3,18,5,720,18312.0,0.050637,361632.798152,366240.0,1.0,2,12.112322,195533.791343,195533.791343,5641075.697300199,15816259.494463801,616953.2259048999,17364028.130555898,119115866.10219191,50,25,3
Z3,19,5,720,41432.0,0.076113,544348.534416,545152.0,1.0,2,12.112322,232076.938596,232076.938596,5641075.697300199,15816259.494463801,616953.2259048999,17364028.130555898,119115866.10219191,50,25,3
Z3,20,5,720,36760.0,0.074868,490997.488914,496752.0,1.0,2,12.112322,221406.729496,221406.729496,5641075.697300199,15816259.494463801,616953.2259048999,17364028.130555898,119115866.10219191,50,25,3
Z3,21,5,720,21272.0,0.073029,291281.545687,291392.0,1.0,2,12.112322,181463.54085,181463.54085,5641075.697300199,15816259.494463801,616953.2259048999,17364028.130555898,119115866.10219191,50,25,3
Z3,22,5,720,43464.0,0.109108,398357.590644,398752.0,1.0,2,12.112322,202878.749842,202878.749842,5641075.697300199,15816259.494463801,616953.2259048999,17364028.130555898,119115866.10219191,50,25,3
Z3,23,5,720,42000.0,0.060479,694455.926851,700000.0,1.0,2,12.112322,262098.417083,262098.417083,5641075.697300199,15816259.494463801,616953.2259048999,17364028.130555898,119115866.10219191,50,25,3
Z3,24,5,720,20304.0,0.070935,286233.876084,290056.0,1.0,2,12.112322,180454.00693,180454.00693,5641075.697300199,15816259.494463801,616953.2259048999,17364028.130555898,119115866.10219191,50,25,3
Z3,25,5,720,32736.0,0.071125,460260.105448,461064.0,1.0,2,12.112322,215259.252802,215259.252802,5641075.697300199,15816259.494463801,616953.2259048999,17364028.130555898,119115866.10219191,50,25,3
Z3,26,5,720,34608.0,0.069685,496634.856856,501560.0,1.0,2,12.112322,222534.203084,222534.203084,5641075.697300199,15816259.494463801,616953.2259048999,17364028.130555898,119115866.10219191,50,25,3
Z3,27,5,720,21272.0,0.055926,380359.761113,386760.0,1.0,2,12.112322,199279.183935,199279.183935,5641075.697300199,15816259.494463801,616953.2259048999,17364028.130555898,119115866.10219191,50,25,3
Z3,28,5,720,8752.0,0.045598,191938.242905,194488.0,1.0,2,12.112322,161594.880294,161594.880294,5641075.697300199,15816259.494463801,616953.2259048999,17364028.130555898,119115866.10219191,50,25,3
Z3,29,5,720,12760.0,0.061433,207705.956082,209176.0,1.0,2,12.112322,164748.422929,164748.422929,5641075.697300199,15816259.494463801,616953.2259048999,17364028.130555898,119115866.10219191,50,25,3
Z3,30,5,720,15440.0,0.029941,515680.838983,532408.0,1.0,2,12.112322,226343.39951,226343.39951,5641075.697300199,15816259.494463801,616953.2259048999,17364028.130555898,119115866.10219191,50,25,3
Z3,31,5,720,10000.0,0.223921,44658.607277,44840.0,1.0,2,12.112322,132138.953168,132138.953168,5641075.697300199,15816259.494463801,616953.2259048999,17364028.130555898,119115866.10219191,50,25,3
Z3,32,5,720,15200.0,0.074424,204235.192949,205400.0,1.0,2,12.112322,164054.270303,164054.270303,5641075.697300199,15816259.494463801,616953.2259048999,17364028.130555898,119115866.10219191,50,25,3
Z3,33,5,720,18352.0,0.055124,332922.139177,333672.0,1.0,2,12.112322,189791.659548,189791.659548,5641075.697300199,15816259.494463801,616953.2259048999,17364028.130555898,119115866.10219191,50,25,3
Z3,34,5,720,11224.0,0.061068,183795.113644,184000.0,1.0,2,12.112322,159966.254442,159966.254442,5641075.697300199,15816259.494463801,616953.2259048999,17364028.130555898,119115866.10219191,50,25,3
Z3,35,5,720,23240.0,0.062017,374735.959495,374832.0,1.0,2,12.112322,198154.423612,198154.423612,5641075.697300199,15816259.494463801,616953.2259048999,17364028.130555898,119115866.10219191,50,25,3
Z3,36,5,720,16824.0,0.073312,229484.941074,230464.0,1.0,2,12.112322,169104.219928,169104.219928,5641075.697300199,15816259.494463801,616953.2259048999,17364028.130555898,119115866.10219191,50,25,3
Z3,37,5,720,9680.0,0.068342,141640.572415,142352.0,1.0,2,12.112322,151535.346196,151535.346196,5641075.697300199,15816259.494463801,616953.2259048999,17364028.130555898,119115866.10219191,50,25,3
Z3,38,5,720,12888.0,0.026717,482389.489838,495688.0,1.0,2,12.112322,219685.12968,219685.12968,5641075.697300199,15816259.494463801,616953.2259048999,17364028.130555898,119115866.10219191,50,25,3
Z1,0,6,720,7488.0,0.147718,50691.181846,50936.0,1.0,2,16.074637,208495.741491,208495.741491,5641075.697300199,15816259.494463801,616953.2259048999,17364028.130555898,119115866.10219191,50,25,3
Z2,0,6,720,6624.0,0.202658,32685.608266,32792.0,1.0,2,16.074637,204894.626775,204894.626775,5641075.697300199,15816259.494463801,616953.2259048999,17364028.130555898,119115866.10219191,50,25,3
Z2,1,6,720,6768.0,0.041537,162939.066375,165072.0,1.0,2,16.074637,230945.318396,230945.318396,5641075.697300199,15816259.494463801,616953.2259048999,17364028.130555898,119115866.10219191,50,25,3
Z2,2,6,720,7752.0,0.051378,150881.700339,152000.0,1.0,2,16.074637,228533.845189,228533.845189,5641075.697300199,15816259.494463801,616953.2259048999,17364028.130555898,119115866.10219191,50,25,3
Z2,3,6,720,10768.0,0.026944,399643.705463,414152.0,1.0,2,16.074637,278286.246214,278286.246214,5641075.697300199,15816259.494463801,616953.2259048999,17364028.130555898,119115866.10219191,50,25,3
Z2,4,6,720,14912.0,0.031755,469595.339317,481032.0,1.0,2,16.074637,292276.572985,292276.572985,5641075.697300199,15816259.494463801,616953.2259048999,17364028.130555898,119115866.10219191,50,25,3
Z2,5,6,720,14376.0,0.067814,211991.624148,214560.0,1.0,2,16.074637,240755.829951,240755.829951,5641075.697300199,15816259.494463801,616953.2259048999,17364028.130555898,119115866.10219191,50,25,3
Z2,6,6,720,7176.0,0.063624,112787.62731,113904.0,1.0,2,16.074637,220915.030584,220915.030584,5641075.697300199,15816259.494463801,616953.2259048999,17364028.130555898,119115866.10219191,50,25,3
Z2,7,6,720,8768.0,0.035322,248230.564521,250512.0,1.0,2,16.074637,248003.618026,248003.618026,5641075.697300199,15816259.494463801,616953.2259048999,17364028.130555898,119115866.10219191,50,25,3
Z3,0,6,720,6760.0,0.181288,37288.733948,37344.0,1.0,2,16.074637,205815.251911,205815.251911,5641075.697300199,15816259.494463801,616953.2259048999,17364028.130555898,119115866.10219191,50,25,3
Z3,1,6,720,8320.0,0.068281,121849.416382,122352.0,1.0,2,16.074637,222727.388398,222727.388398,5641075.697300199,15816259.494463801,616953.2259048999,17364028.130555898,119115866.10219191,50,25,3
Z3,2,6,720,7800.0,0.046163,168966.488313,169560.0,1.0,2,16.074637,232150.802784,232150.802784,5641075.697300199,15816259.494463801,616953.2259048999,17364028.130555898,119115866.10219191,50,25,3
Z3,3,6,720,6928.0,0.029389,235734.458471,238896.0,1.0,2,16.074637,245504.396816,245504.396816,5641075.697300199,15816259.494463801,616953.2259048999,17364028.130555898,119115866.10219191,50,25,3
Z3,4,6,720,7472.0,0.056037,133340.471474,133424.0,1.0,2,16.074637,225025.599416,225025.599416,5641075.697300199,15816259.494463801,616953.2259048999,17364028.130555898,119115866.10219191,50,25,3
Z3,5,6,720,7416.0,0.040837,181600.01959,185400.0,1.0,2,16.074637,234677.50904,234677.50904,5641075.697300199,15816259.494463801,616953.2259048999,17364028.130555898,119115866.10219191,50,25,3
Z3,6,6,720,6760.0,0.069861,96763.573381,97968.0,1.0,2,16.074637,217710.219798,217710.219798,5641075.697300199,15816259.494463801,616953.2259048999,17364028.130555898,119115866.10219191,50,25,3
Z3,7,6,720,7600.0,0.075026,101298.216618,101328.0,1.0,2,16.074637,218617.148445,218617.148445,5641075.697300199,15816259.494463801,616953.2259048999,17364028.130555898,119115866.10219191,50,25,3
Z3,8,6,720,7600.0,0.05703,133263.19481,133328.0,1.0,2,16.074637,225010.144083,225010.144083,5641075.697300199,15816259.494463801,616953.2259048999,17364028.130555898,119115866.10219191,50,25,3
Z3,9,6,720,12912.0,0.070045,184338.639446,184456.0,1.0,2,16.074637,235225.233011,235225.233011,5641075.697300199,15816259.494463801,616953.2259048999,17364028.130555898,119115866.10219191,50,25,3
Z3,10,6,720,17552.0,0.027842,630414.481718,650072.0,1.0,2,16.074637,324440.401465,324440.401465,5641075.697300199,15816259.494463801,616953.2259048999,17364028.130555898,119115866.10219191,50,25,3
Z3,11,6,720,14968.0,0.068348,218996.898227,220112.0,1.0,2,16.074637,242156.884767,242156.884767,5641075.697300199,15816259.494463801,616953.2259048999,17364028.130555898,119115866.10219191,50,25,3
Z3,12,6,720,10336.0,0.060591,170586.390718,172264.0,1.0,2,16.074637,232474.783265,232474.783265,5641075.697300199,15816259.494463801,616953.2259048999,17364028.130555898,119115866.10219191,50,25,3
Z3,13,6,720,18344.0,0.067376,272263.120399,273784.0,1.0,2,16.074637,252810.129201,252810.129201,5641075.697300199,15816259.494463801,616953.2259048999,17364028.130555898,119115866.10219191,50,25,3
Z3,14,6,720,20456.0,0.04757,430018.919487,435232.0,1.0,2,16.074637,284361.289019,284361.289019,5641075.697300199,15816259.494463801,616953.2259048999,17364028.130555898,119115866.10219191,50,25,3
Z3,15,6,720,12480.0,0.033531,372192.896126,378176.0,1.0,2,16.074637,272796.084347,272796.084347,5641075.697300199,15816259.494463801,616953.2259048999,17364028.130555898,119115866.10219191,50,25,3
Z3,16,6,720,18912.0,0.0418,452440.191388,461264.0,1.0,2,16.074637,288845.543399,288845.543399,5641075.697300199,15816259.494463801,616953.2259048999,17364028.130555898,119115866.10219191,50,25,3
Z3,17,6,720,16112.0,0.061072,263819.753733,264128.0,1.0,2,16.074637,251121.455868,251121.455868,5641075.697300199,15816259.494463801,616953.2259048999,17364028.130555898,119115866.10219191,50,25,3
Z3,18,6,720,17456.0,0.060273,289615.582433,290928.0,1.0,2,16.074637,256280.621608,256280.621608,5641075.697300199,15816259.494463801,616953.2259048999,17364028.130555898,119115866.10219191,50,25,3
Z3,19,6,720,16088.0,0.056865,282915.677482,287280.0,1.0,2,16.074637,254940.640618,254940.640618,5641075.697300199,15816259.494463801,616953.2259048999,17364028.130555898,119115866.10219191,50,25,3
Z3,20,6,720,31984.0,0.070744,452109.012778,456912.0,1.0,2,16.074637,288779.307677,288779.307677,5641075.697300199,15816259.494463801,616953.2259048999,17364028.130555898,119115866.10219191,50,25,3
Z3,21,6,720,21472.0,0.038779,553701.74579,565048.0,1.0,2,16.074637,309097.85428,309097.85428,5641075.697300199,15816259.494463801,616953.2259048999,17364028.130555898,119115866.10219191,50,25,3
Z3,22,6,720,19320.0,0.04352,443933.823529,449296.0,1.0,2,16.074637,287144.269827,287144.269827,5641075.697300199,15816259.494463801,616953.2259048999,17364028.130555898,119115866.10219191,50,25,3
Z3,23,6,720,33040.0,0.058027,569390.1115,569648.0,1.0,2,16.074637,312235.527422,312235.527422,5641075.697300199,15816259.494463801,616953.2259048999,17364028.130555898,119115866.10219191,50,25,3
Z3,24,6,720,26472.0,0.065688,402995.981001,407256.0,1.0,2,16.074637,278956.701322,278956.701322,5641075.697300199,15816259.494463801,616953.2259048999,17364028.130555898,119115866.10219191,50,25,3
Z3,25,6,720,12984.0,0.053386,243209.830293,244976.0,1.0,2,16.074637,246999.47118,246999.47118,5641075.697300199,15816259.494463801,616953.2259048999,17364028.130555898,119115866.10219191,50,25,3
Z3,26,6,720,21128.0,0.062421,338475.833453,340768.0,1.0,2,16.074637,266052.671812,266052.671812,5641075.697300199,15816259.494463801,616953.2259048999,17364028.130555898,119115866.10219191,50,25,3
Z3,27,6,720,21576.0,0.059824,360657.929928,365688.0,1.0,2,16.074637,270489.091107,270489.091107,5641075.697300199,15816259.494463801,616953.2259048999,17364028.130555898,119115866.10219191,50,25,3
Z3,28,6,720,9568.0,0.067314,142139.822325,142800.0,1.0,2,16.074637,226785.469587,226785.469587,5641075.697300199,15816259.494463801,616953.2259048999,17364028.130555898,119115866.10219191,50,25,3
Z3,29,6,720,12800.0,0.04382,292104.062072,297672.0,1.0,2,16.074637,256778.317536,256778.317536,5641075.697300199,15816259.494463801,616953.2259048999,17364028.130555898,119115866.10219191,50,25,3
Z3,30,6,720,7048.0,0.066121,106592.459279,106784.0,1.0,2,16.074637,219675.996977,219675.996977,5641075.697300199,15816259.494463801,616953.2259048999,17364028.130555898,119115866.10219191,50,25,3
Z3,31,6,720,8656.0,0.029878,289711.493407,298480.0,1.0,2,16.074637,256299.803803,256299.803803,5641075.697300199,15816259.494463801,616953.2259048999,17364028.130555898,119115866.10219191,50,25,3
Z3,32,6,720,9488.0,0.053571,177110.750219,179016.0,1.0,2,16.074637,233779.655165,233779.655165,5641075.697300199,15816259.494463801,616953.2259048999,17364028.130555898,119115866.10219191,50,25,3
Z3,33,6,720,8424.0,0.065363,128880.253354,129600.0,1.0,2,16.074637,224133.555792,224133.555792,5641075.697300199,15816259.494463801,616953.2259048999,17364028.130555898,119115866.10219191,50,25,3
Z3,34,6,720,9328.0,0.048502,192321.966104,194328.0,1.0,2,16.074637,236821.898342,236821.898342,5641075.697300199,15816259.494463801,616953.2259048999,17364028.130555898,119115866.10219191,50,25,3
Z3,35,6,720,8680.0,0.065937,131640.808651,133536.0,1.0,2,16.074637,224685.666852,224685.666852,5641075.697300199,15816259.494463801,616953.2259048999,17364028.130555898,119115866.10219191,50,25,3
Z3,36,6,720,7160.0,0.042512,168423.033496,170472.0,1.0,2,16.074637,232042.111821,232042.111821,5641075.697300199,15816259.494463801,616953.2259048999,17364028.130555898,119115866.10219191,50,25,3
Z3,37,6,720,10360.0,0.074685,138715.940283,140000.0,1.0,2,16.074637,226100.693178,226100.693178,5641075.697300199,15816259.494463801,616953.2259048999,17364028.130555898,119115866.10219191,50,25,3
Z3,38,6,720,9048.0,0.026837,337146.476879,348000.0,1.0,2,16.074637,265786.800497,265786.800497,5641075.697300199,15816259.494463801,616953.2259048999,17364028.130555898,119115866.10219191,50,25,3
Z1,0,7,720,14352.0,0.175594,81734.000023,82008.0,1.0,2,19.007088,259113.472331,259113.472331,5641075.697300199,15816259.494463801,616953.2259048999,17364028.130555898,119115866.10219191,50,25,3
Z2,0,7,720,6624.0,0.157346,42098.305645,42184.0,1.0,2,19.007088,251186.333456,251186.333456,5641075.697300199,15816259.494463801,616953.2259048999,17364028.130555898,119115866.10219191,50,25,3
Z2,1,7,720,6792.0,0.04145,163860.072376,165656.0,1.0,2,19.007088,275538.686802,275538.686802,5641075.697300199,15816259.494463801,616953.2259048999,17364028.130555898,119115866.10219191,50,25,3
Z2,2,7,720,7408.0,0.036659,202078.616438,205776.0,1.0,2,19.007088,283182.395615,283182.395615,5641075.697300199,15816259.494463801,616953.2259048999,17364028.130555898,119115866.10219191,50,25,3
Z2,3,7,720,7464.0,0.027321,273196.442297,276440.0,1.0,2,19.007088,297405.960786,297405.960786,5641075.697300199,15816259.494463801,616953.2259048999,17364028.130555898,119115866.10219191,50,25,3
Z2,4,7,720,10144.0,0.062794,161544.09657,163608.0,1.0,2,19.007088,275075.491641,275075.491641,5641075.697300199,15816259.494463801,616953.2259048999,17364028.130555898,119115866.10219191,50,25,3
Z2,5,7,720,16856.0,0.066816,252274.904215,255392.0,1.0,2,19.007088,293221.65317,293221.65317,5641075.697300199,15816259.494463801,616953.2259048999,17364028.130555898,119115866.10219191,50,25,3
Z2,6,7,720,9672.0,0.043781,220917.749709,224928.0,1.0,2,19.007088,286950.222269,286950.222269,5641075.697300199,15816259.494463801,616953.2259048999,17364028.130555898,119115866.10219191,50,25,3
Z2,7,7,720,13368.0,0.047227,283058.419972,284424.0,1.0,2,19.007088,299378.356321,299378.356321,5641075.697300199,15816259.494463801,616953.2259048999,17364028.130555898,119115866.10219191,50,25,3
Z3,0,7,720,6656.0,0.194869,34156.279347,34304.0,1.0,2,19.007088,249597.928196,249597.928196,5641075.697300199,15816259.494463801,616953.2259048999,17364028.130555898,119115866.10219191,50,25,3
Z3,1,7,720,7664.0,0.02749,278792.288105,283848.0,1.0,2,19.007088,298525.129948,298525.129948,5641075.697300199,15816259.494463801,616953.2259048999,17364028.130555898,119115866.10219191,50,25,3
Z3,2,7,720,7664.0,0.053438,143418.541113,144600.0,1.0,2,19.007088,271450.38055,271450.38055,5641075.697300199,15816259.494463801,616953.2259048999,17364028.130555898,119115866.10219191,50,25,3
Z3,3,7,720,6920.0,0.030967,223463.687151,230664.0,1.0,2,19.007088,287459.409757,287459.409757,5641075.697300199,15816259.494463801,616953.2259048999,17364028.130555898,119115866.10219191,50,25,3
Z3,4,7,720,7504.0,0.058657,127930.170312,129376.0,1.0,2,19.007088,268352.706389,268352.706389,5641075.697300199,15816259.494463801,616953.2259048999,17364028.130555898,119115866.10219191,50,25,3
Z3,5,7,720,7480.0,0.031514,237354.826426,241288.0,1.0,2,19.007088,290237.637612,290237.637612,5641075.697300199,15816259.494463801,616953.2259048999,17364028.130555898,119115866.10219191,50,25,3
Z3,6,7,720,6728.0,0.041635,161594.812057,164096.0,1.0,2,19.007088,275085.634738,275085.634738,5641075.697300199,15816259.494463801,616953.2259048999,17364028.130555898,119115866.10219191,50,25,3
Z3,7,7,720,7632.0,0.07566,100872.323553,101760.0,1.0,2,19.007088,262941.137037,262941.137037,5641075.697300199,15816259.494463801,616953.2259048999,17364028.130555898,119115866.10219191,50,25,3
Z3,8,7,720,7392.0,0.056412,131035.949798,132000.0,1.0,2,19.007088,268973.862287,268973.862287,5641075.697300199,15816259.494463801,616953.2259048999,17364028.130555898,119115866.10219191,50,25,3
Z3,9,7,720,12800.0,0.073976,173029.090516,175336.0,1.0,2,19.007088,277372.49043,277372.49043,5641075.697300199,15816259.494463801,616953.2259048999,17364028.130555898,119115866.10219191,50,25,3
Z3,10,7,720,16760.0,0.055892,299864.023474,304720.0,1.0,2,19.007088,302739.477022,302739.477022,5641075.697300199,15816259.494463801,616953.2259048999,17364028.130555898,119115866.10219191,50,25,3
Z3,11,7,720,14104.0,0.062299,226392.076919,227480.0,1.0,2,19.007088,288045.087711,288045.087711,5641075.697300199,15816259.494463801,616953.2259048999,17364028.130555898,119115866.10219191,50,25,3
Z3,12,7,720,9704.0,0.03349,289758.136757,294056.0,1.0,2,19.007088,300718.299678,300718.299678,5641075.697300199,15816259.494463801,616953.2259048999,17364028.130555898,119115866.10219191,50,25,3
Z3,13,7,720,17248.0,0.03995,431739.674593,442256.0,1.0,2,19.007088,329114.607246,329114.607246,5641075.697300199,15816259.494463801,616953.2259048999,17364028.130555898,119115866.10219191,50,25,3
Z3,14,7,720,21552.0,0.058994,365325.287317,371584.0,1.0,2,19.007088,315831.72979,315831.72979,5641075.697300199,15816259.494463801,616953.2259048999,17364028.130555898,119115866.10219191,50,25,3
Z3,15,7,720,16688.0,0.06723,248222.519708,249072.0,1.0,2,19.007088,292411.176269,292411.176269,5641075.697300199,15816259.494463801,616953.2259048999,17364028.130555898,119115866.10219191,50,25,3
Z3,16,7,720,23312.0,0.05225,446162.679426,448304.0,1.0,2,19.007088,331999.208212,331999.208212,5641075.697300199,15816259.494463801,616953.2259048999,17364028.130555898,119115866.10219191,50,25,3
Z3,17,7,720,14952.0,0.062154,240563.760981,241160.0,1.0,2,19.007088,290879.424523,290879.424523,5641075.697300199,15816259.494463801,616953.2259048999,17364028.130555898,119115866.10219191,50,25,3
Z3,18,7,720,23928.0,0.066297,360921.308657,362544.0,1.0,2,19.007088,314950.934058,314950.934058,5641075.697300199,15816259.494463801,616953.2259048999,17364028.130555898,119115866.10219191,50,25,3
Z3,19,7,720,29544.0,0.067001,440948.642558,440952.0,1.0,2,19.007088,330956.400838,330956.400838,5641075.697300199,15816259.494463801,616953.2259048999,17364028.130555898,119115866.10219191,50,25,3
Z3,20,7,720,31920.0,0.068071,468922.154809,469408.0,1.0,2,19.007088,336551.103289,336551.103289,5641075.697300199,15816259.494463801,616953.2259048999,17364028.130555898,119115866.10219191,50,25,3
Z3,21,7,720,15096.0,0.050928,296418.473139,301920.0,1.0,2,19.007088,302050.366955,302050.366955,5641075.697300199,15816259.494463801,616953.2259048999,17364028.130555898,119115866.10219191,50,25,3
Z3,22,7,720,22296.0,0.040245,554006.708908,557400.0,1.0,2,19.007088,353568.014109,353568.014109,5641075.697300199,15816259.494463801,616953.2259048999,17364028.130555898,119115866.10219191,50,25,3
Z3,23,7,720,24272.0,0.046518,521776.516617,527648.0,1.0,2,19.007088,347121.97565,347121.97565,5641075.697300199,15816259.494463801,616953.2259048999,17364028.130555898,119115866.10219191,50,25,3
Z3,24,7,720,13368.0,0.041682,320713.977256,326048.0,1.0,2,19.007088,306909.467778,306909.467778,5641075.697300199,15816259.494463801,616953.2259048999,17364028.130555898,119115866.10219191,50,25,3
Z3,25,7,720,21768.0,0.032537,669022.958478,680248.0,1.0,2,19.007088,376571.264023,376571.264023,5641075.697300199,15816259.494463801,616953.2259048999,17364028.130555898,119115866.10219191,50,25,3
Z3,26,7,720,21680.0,0.074142,292411.858326,292968.0,1.0,2,19.007088,301249.043992,301249.043992,5641075.697300199,15816259.494463801,616953.2259048999,17364028.130555898,119115866.10219191,50,25,3
Z3,27,7,720,15008.0,0.067682,221742.856299,224000.0,1.0,2,19.007088,287115.243587,287115.243587,5641075.697300199,15816259.494463801,616953.2259048999,17364028.130555898,119115866.10219191,50,25,3
Z3,28,7,720,13424.0,0.029025,462497.846684,462896.0,1.0,2,19.007088,335266.241664,335266.241664,5641075.697300199,15816259.494463801,616953.2259048999,17364028.130555898,119115866.10219191,50,25,3
Z3,29,7,720,8064.0,0.043198,186675.309042,187528.0,1.0,2,19.007088,280101.734135,280101.734135,5641075.697300199,15816259.494463801,616953.2259048999,17364028.130555898,119115866.10219191,50,25,3
Z3,30,7,720,9424.0,0.066178,142403.820001,142784.0,1.0,2,19.007088,271247.436327,271247.436327,5641075.697300199,15816259.494463801,616953.2259048999,17364028.130555898,119115866.10219191,50,25,3
Z3,31,7,720,7368.0,0.3301,22320.508937,22320.0,1.0,2,19.007088,247230.774114,247230.774114,5641075.697300199,15816259.494463801,616953.2259048999,17364028.130555898,119115866.10219191,50,25,3
Z3,32,7,720,8792.0,0.030921,284337.505255,293064.0,1.0,2,19.007088,299634.173378,299634.173378,5641075.697300199,15816259.494463801,616953.2259048999,17364028.130555898,119115866.10219191,50,25,3
Z3,33,7,720,8568.0,0.047738,179479.65981,182296.0,1.0,2,19.007088,278662.604289,278662.604289,5641075.697300199,15816259.494463801,616953.2259048999,17364028.130555898,119115866.10219191,50,25,3
Z3,34,7,720,7064.0,0.053001,133280.504141,133280.0,1.0,2,19.007088,269422.773155,269422.773155,5641075.697300199,15816259.494463801,616953.2259048999,17364028.130555898,119115866.10219191,50,25,3
Z3,35,7,720,10104.0,0.053619,188440.66469,190640.0,1.0,2,19.007088,280454.805265,280454.805265,5641075.697300199,15816259.494463801,616953.2259048999,17364028.130555898,119115866.10219191,50,25,3
Z3,36,7,720,8640.0,0.045318,190652.720773,192000.0,1.0,2,19.007088,280897.216482,280897.216482,5641075.697300199,15816259.494463801,616953.2259048999,17364028.130555898,119115866.10219191,50,25,3
Z3,37,7,720,7168.0,0.322923,22197.242067,22256.0,1.0,2,19.007088,247206.12074,247206.12074,5641075.697300199,15816259.494463801,616953.2259048999,17364028.130555898,119115866.10219191,50,25,3
Z3,38,7,720,8160.0,0.07223,112972.449121,113328.0,1.0,2,19.007088,265361.162151,265361.162151,5641075.697300199,15816259.494463801,616953.2259048999,17364028.130555898,119115866.10219191,50,25,3
Z1,0,8,720,7744.0,0.192823,40161.184091,40328.0,1.0,2,22.399118,224580.047262,224580.047262,5641075.697300199,15816259.494463801,616953.2259048999,17364028.130555898,119115866.10219191,50,25,3
Z2,0,8,720,6624.0,0.224585,29494.400784,29568.0,1.0,2,22.399118,222446.690601,222446.690601,5641075.697300199,15816259.494463801,616953.2259048999,17364028.130555898,119115866.10219191,50,25,3
Z2,1,8,720,6968.0,0.04992,139583.333333,142200.0,1.0,2,22.399118,244464.477111,244464.477111,5641075.697300199,15816259.494463801,616953.2259048999,17364028.130555898,119115866.10219191,50,25,3
Z2,2,8,720,7968.0,0.072448,109982.332155,110664.0,1.0,2,22.399118,238544.276875,238544.276875,5641075.697300199,15816259.494463801,616953.2259048999,17364028.130555898,119115866.10219191,50,25,3
Z2,3,8,720,12752.0,0.044948,283705.615378,289816.0,1.0,2,22.399118,273288.933519,273288.933519,5641075.697300199,15816259.494463801,616953.2259048999,17364028.130555898,119115866.10219191,50,25,3
Z2,4,8,720,18720.0,0.051133,366104.081513,367056.0,1.0,2,22.399118,289768.626746,289768.626746,5641075.697300199,15816259.494463801,616953.2259048999,17364028.130555898,119115866.10219191,50,25,3
Z2,5,8,720,25648.0,0.06662,384989.492645,388600.0,1.0,2,22.399118,293545.708973,293545.708973,5641075.697300199,15816259.494463801,616953.2259048999,17364028.130555898,119115866.10219191,50,25,3
Z2,6,8,720,9784.0,0.062736,155955.113491,157800.0,1.0,2,22.399118,247738.833142,247738.833142,5641075.697300199,15816259.494463801,616953.2259048999,17364028.130555898,119115866.10219191,50,25,3
Z2,7,8,720,13192.0,0.058017,227381.629522,227448.0,1.0,2,22.399118,262024.136348,262024.136348,5641075.697300199,15816259.494463801,616953.2259048999,17364028.130555898,119115866.10219191,50,25,3
Z3,0,8,720,6768.0,0.149141,45379.87542,45416.0,1.0,2,22.399118,225623.785528,225623.785528,5641075.697300199,15816259.494463801,616953.2259048999,17364028.130555898,119115866.10219191,50,25,3
Z3,1,8,720,8032.0,0.037907,211886.986572,217080.0,1.0,2,22.399118,258925.207758,258925.207758,5641075.697300199,15816259.494463801,616953.2259048999,17364028.130555898,119115866.10219191,50,25,3
Z3,2,8,720,7872.0,0.053316,147647.985595,148528.0,1.0,2,22.399118,246077.407563,246077.407563,5641075.697300199,15816259.494463801,616953.2259048999,17364028.130555898,119115866.10219191,50,25,3
Z3,3,8,720,7024.0,0.051212,137155.354214,137720.0,1.0,2,22.399118,243978.881287,243978.881287,5641075.697300199,15816259.494463801,616953.2259048999,17364028.130555898,119115866.10219191,50,25,3
Z3,4,8,720,7816.0,0.06964,112234.348076,113272.0,1.0,2,22.399118,238994.680059,238994.680059,5641075.697300199,15816259.494463801,616953.2259048999,17364028.130555898,119115866.10219191,50,25,3
Z3,5,8,720,7936.0,0.02629,301863.82655,305224.0,1.0,2,22.399118,276920.575754,276920.575754,5641075.697300199,15816259.494463801,616953.2259048999,17364028.130555898,119115866.10219191,50,25,3
Z3,6,8,720,6928.0,0.06183,112049.167071,113568.0,1.0,2,22.399118,238957.643858,238957.643858,5641075.697300199,15816259.494463801,616953.2259048999,17364028.130555898,119115866.10219191,50,25,3
Z3,7,8,720,8048.0,0.06891,116790.015963,118352.0,1.0,2,22.399118,239905.813636,239905.813636,5641075.697300199,15816259.494463801,616953.2259048999,17364028.130555898,119115866.10219191,50,25,3
Z3,8,8,720,7664.0,0.02961,258831.475853,264272.0,1.0,2,22.399118,268314.105614,268314.105614,5641075.697300199,15816259.494463801,616953.2259048999,17364028.130555898,119115866.10219191,50,25,3
Z3,9,8,720,14248.0,0.070275,202746.353611,203536.0,1.0,2,22.399118,257097.081166,257097.081166,5641075.697300199,15816259.494463801,616953.2259048999,17364028.130555898,119115866.10219191,50,25,3
Z3,10,8,720,19448.0,0.05261,369663.56206,374000.0,1.0,2,22.399118,290480.522856,290480.522856,5641075.697300199,15816259.494463801,616953.2259048999,17364028.130555898,119115866.10219191,50,25,3
Z3,11,8,720,17344.0,0.071614,242187.281816,244280.0,1.0,2,22.399118,264985.266807,264985.266807,5641075.697300199,15816259.494463801,616953.2259048999,17364028.130555898,119115866.10219191,50,25,3
Z3,12,8,720,11952.0,0.051977,229947.861554,234352.0,1.0,2,22.399118,262537.382755,262537.382755,5641075.697300199,15816259.494463801,616953.2259048999,17364028.130555898,119115866.10219191,50,25,3
Z3,13,8,720,25224.0,0.064781,389373.427394,394120.0,1.0,2,22.399118,294422.495923,294422.495923,5641075.697300199,15816259.494463801,616953.2259048999,17364028.130555898,119115866.10219191,50,25,3
Z3,14,8,720,35992.0,0.072361,497395.005597,499888.0,1.0,2,22.399118,316026.811563,316026.811563,5641075.697300199,15816259.494463801,616953.2259048999,17364028.130555898,119115866.10219191,50,25,3
Z3,15,8,720,20016.0,0.041276,484930.71034,488192.0,1.0,2,22.399118,313533.952512,313533.952512,5641075.697300199,15816259.494463801,616953.2259048999,17364028.130555898,119115866.10219191,50,25,3
Z3,16,8,720,36432.0,0.067444,540181.483898,543760.0,1.0,2,22.399118,324584.107223,324584.107223,5641075.697300199,15816259.494463801,616953.2259048999,17364028.130555898,119115866.10219191,50,25,3
Z3,17,8,720,22472.0,0.066262,339138.571127,340480.0,1.0,2,22.399118,284375.524669,284375.524669,5641075.697300199,15816259.494463801,616953.2259048999,17364028.130555898,119115866.10219191,50,25,3
Z3,18,8,720,21736.0,0.037493,579734.883845,587456.0,1.0,2,22.399118,332494.787213,332494.787213,5641075.697300199,15816259.494463801,616953.2259048999,17364028.130555898,119115866.10219191,50,25,3
Z3,19,8,720,16848.0,0.049826,338136.715771,343832.0,1.0,2,22.399118,284175.153598,284175.153598,5641075.697300199,15816259.494463801,616953.2259048999,17364028.130555898,119115866.10219191,50,25,3
Z3,20,8,720,47160.0,0.188939,249604.369664,250848.0,1.0,2,22.399118,266468.684377,266468.684377,5641075.697300199,15816259.494463801,616953.2259048999,17364028.130555898,119115866.10219191,50,25,3
Z3,21,8,720,39472.0,0.061443,642416.548671,647080.0,1.0,2,22.399118,345031.120178,345031.120178,5641075.697300199,15816259.494463801,616953.2259048999,17364028.130555898,119115866.10219191,50,25,3
Z3,22,8,720,26968.0,0.073346,367681.945846,369424.0,1.0,2,22.399118,290084.199613,290084.199613,5641075.697300199,15816259.494463801,616953.2259048999,17364028.130555898,119115866.10219191,50,25,3
Z3,23,8,720,39776.0,0.037025,1074301.147873,1075024.0,1.0,2,22.399118,431408.040018,431408.040018,5641075.697300199,15816259.494463801,616953.2259048999,17364028.130555898,119115866.10219191,50,25,3
Z3,24,8,720,34992.0,0.075414,463998.727027,466560.0,1.0,2,22.399118,309347.555849,309347.555849,5641075.697300199,15816259.494463801,616953.2259048999,17364028.130555898,119115866.10219191,50,25,3
Z3,25,8,720,22464.0,0.063555,353457.635119,356568.0,1.0,2,22.399118,287239.337468,287239.337468,5641075.697300199,15816259.494463801,616953.2259048999,17364028.130555898,119115866.10219191,50,25,3
Z3,26,8,720,43144.0,0.072723,593264.85431,599216.0,1.0,2,22.399118,335200.781306,335200.781306,5641075.697300199,15816259.494463801,616953.2259048999,17364028.130555898,119115866.10219191,50,25,3
Z3,27,8,720,43672.0,0.062151,702675.74134,704384.0,1.0,2,22.399118,357082.958712,357082.958712,5641075.697300199,15816259.494463801,616953.2259048999,17364028.130555898,119115866.10219191,50,25,3
Z3,28,8,720,18320.0,0.039775,460590.823382,469736.0,1.0,2,22.399118,308665.97512,308665.97512,5641075.697300199,15816259.494463801,616953.2259048999,17364028.130555898,119115866.10219191,50,25,3
Z3,29,8,720,24560.0,0.068371,359216.626932,361176.0,1.0,2,22.399118,288391.13583,288391.13583,5641075.697300199,15816259.494463801,616953.2259048999,17364028.130555898,119115866.10219191,50,25,3
Z3,30,8,720,19040.0,0.041753,456015.136637,464384.0,1.0,2,22.399118,307750.837771,307750.837771,5641075.697300199,15816259.494463801,616953.2259048999,17364028.130555898,119115866.10219191,50,25,3
Z3,31,8,720,20160.0,0.073018,276096.305021,276160.0,1.0,2,22.399118,271767.071448,271767.071448,5641075.697300199,15816259.494463801,616953.2259048999,17364028.130555898,119115866.10219191,50,25,3
Z3,32,8,720,16496.0,0.058369,282615.772071,284408.0,1.0,2,22.399118,273070.964858,273070.964858,5641075.697300199,15816259.494463801,616953.2259048999,17364028.130555898,119115866.10219191,50,25,3
Z3,33,8,720,11624.0,0.044331,262209.289211,264176.0,1.0,2,22.399118,268989.668286,268989.668286,5641075.697300199,15816259.494463801,616953.2259048999,17364028.130555898,119115866.10219191,50,25,3
Z3,34,8,720,21024.0,0.066939,314076.995473,318544.0,1.0,2,22.399118,279363.209539,279363.209539,5641075.697300199,15816259.494463801,616953.2259048999,17364028.130555898,119115866.10219191,50,25,3
Z3,35,8,720,28496.0,0.06949,410073.391855,412984.0,1.0,2,22.399118,298562.488815,298562.488815,5641075.697300199,15816259.494463801,616953.2259048999,17364028.130555898,119115866.10219191,50,25,3
Z3,36,8,720,12416.0,0.028262,439317.811903,443424.0,1.0,2,22.399118,304411.372824,304411.372824,5641075.697300199,15816259.494463801,616953.2259048999,17364028.130555898,119115866.10219191,50,25,3
Z3,37,8,720,17312.0,0.029583,585200.960011,596960.0,1.0,2,22.399118,333588.002446,333588.002446,5641075.697300199,15816259.494463801,616953.2259048999,17364028.130555898,119115866.10219191,50,25,3
Z3,38,8,720,14664.0,0.046797,313353.420091,318776.0,1.0,2,22.399118,279218.494462,279218.494462,5641075.697300199,15816259.494463801,616953.2259048999,17364028.130555898,119115866.10219191,50,25,3
Z1,0,9,720,7696.0,0.159333,48301.356279,48400.0,1.0,2,25.624231,258832.638442,258832.638442,5641075.697300199,15816259.494463801,616953.2259048999,17364028.130555898,119115866.10219191,50,25,3
Z2,0,9,720,6624.0,1.452139,4561.546794,4560.0,1.0,2,25.624231,250084.676545,250084.676545,5641075.697300199,15816259.494463801,616953.2259048999,17364028.130555898,119115866.10219191,50,25,3
Z2,1,9,720,6776.0,0.064717,104702.010291,105872.0,1.0,2,25.624231,270112.769244,270112.769244,5641075.697300199,15816259.494463801,616953.2259048999,17364028.130555898,119115866.10219191,50,25,3
Z2,2,9,720,7496.0,0.063773,117541.906449,118984.0,1.0,2,25.624231,272680.748476,272680.748476,5641075.697300199,15816259.494463801,616953.2259048999,17364028.130555898,119115866.10219191,50,25,3
Z2,3,9,720,16056.0,0.042564,377220.186073,382280.0,1.0,2,25.624231,324616.4044,324616.4044,5641075.697300199,15816259.494463801,616953.2259048999,17364028.130555898,119115866.10219191,50,25,3
Z2,4,9,720,24464.0,0.03859,633946.618295,643784.0,1.0,2,25.624231,375961.690845,375961.690845,5641075.697300199,15816259.494463801,616953.2259048999,17364028.130555898,119115866.10219191,50,25,3
Z2,5,9,720,36648.0,0.070135,522535.110858,523536.0,1.0,2,25.624231,353679.389357,353679.389357,5641075.697300199,15816259.494463801,616953.2259048999,17364028.130555898,119115866.10219191,50,25,3
Z2,6,9,720,11344.0,0.04952,229079.159935,231504.0,1.0,2,25.624231,294988.199173,294988.199173,5641075.697300199,15816259.494463801,616953.2259048999,17364028.130555898,119115866.10219191,50,25,3
Z2,7,9,720,15808.0,0.039918,396011.82424,405328.0,1.0,2,25.624231,328374.732034,328374.732034,5641075.697300199,15816259.494463801,616953.2259048999,17364028.130555898,119115866.10219191,50,25,3
Z3,0,9,720,6752.0,0.133828,50452.820038,50760.0,1.0,2,25.624231,259262.931193,259262.931193,5641075.697300199,15816259.494463801,616953.2259048999,17364028.130555898,119115866.10219191,50,25,3
Z3,1,9,720,9824.0,0.027584,356148.491879,363848.0,1.0,2,25.624231,320402.065562,320402.065562,5641075.697300199,15816259.494463801,616953.2259048999,17364028.130555898,119115866.10219191,50,25,3
Z3,2,9,720,8640.0,0.027304,316437.152066,320000.0,1.0,2,25.624231,312459.797599,312459.797599,5641075.697300199,15816259.494463801,616953.2259048999,17364028.130555898,119115866.10219191,50,25,3
Z3,3,9,720,7248.0,0.045607,158922.972351,161064.0,1.0,2,25.624231,280956.961656,280956.961656,5641075.697300199,15816259.494463801,616953.2259048999,17364028.130555898,119115866.10219191,50,25,3
Z3,4,9,720,8336.0,0.033582,248228.217497,252600.0,1.0,2,25.624231,298818.010685,298818.010685,5641075.697300199,15816259.494463801,616953.2259048999,17364028.130555898,119115866.10219191,50,25,3
Z3,5,9,720,9640.0,0.068883,139947.44712,141760.0,1.0,2,25.624231,277161.85661,277161.85661,5641075.697300199,15816259.494463801,616953.2259048999,17364028.130555898,119115866.10219191,50,25,3
Z3,6,9,720,10312.0,0.06366,161985.548225,163680.0,1.0,2,25.624231,281569.476831,281569.476831,5641075.697300199,15816259.494463801,616953.2259048999,17364028.130555898,119115866.10219191,50,25,3
Z3,7,9,720,21208.0,0.036351,583422.739402,589104.0,1.0,2,25.624231,365856.915066,365856.915066,5641075.697300199,15816259.494463801,616953.2259048999,17364028.130555898,119115866.10219191,50,25,3
Z3,8,9,720,8000.0,0.028798,277797.069241,285712.0,1.0,2,25.624231,304731.781034,304731.781034,5641075.697300199,15816259.494463801,616953.2259048999,17364028.130555898,119115866.10219191,50,25,3
Z3,9,9,720,16880.0,0.049748,339310.12302,344488.0,1.0,2,25.624231,317034.39179,317034.39179,5641075.697300199,15816259.494463801,616953.2259048999,17364028.130555898,119115866.10219191,50,25,3
Z3,10,9,720,23240.0,0.058969,394105.377402,400688.0,1.0,2,25.624231,327993.442666,327993.442666,5641075.697300199,15816259.494463801,616953.2259048999,17364028.130555898,119115866.10219191,50,25,3
Z3,11,9,720,21680.0,0.050111,432639.540221,433600.0,1.0,2,25.624231,335700.27523,335700.27523,5641075.697300199,15816259.494463801,616953.2259048999,17364028.130555898,119115866.10219191,50,25,3
Z3,12,9,720,16096.0,0.045682,352348.846373,357688.0,1.0,2,25.624231,319642.13646,319642.13646,5641075.697300199,15816259.494463801,616953.2259048999,17364028.130555898,119115866.10219191,50,25,3
Z3,13,9,720,39872.0,0.056935,700307.368051,712000.0,1.0,2,25.624231,389233.840796,389233.840796,5641075.697300199,15816259.494463801,616953.2259048999,17364028.130555898,119115866.10219191,50,25,3
Z3,14,9,720,46392.0,0.071614,647806.294859,653408.0,1.0,2,25.624231,378733.626157,378733.626157,5641075.697300199,15816259.494463801,616953.2259048999,17364028.130555898,119115866.10219191,50,25,3
Z3,15,9,720,26168.0,0.072272,362076.599513,363440.0,1.0,2,25.624231,321587.687088,321587.687088,5641075.697300199,15816259.494463801,616953.2259048999,17364028.130555898,119115866.10219191,50,25,3
Z3,16,9,720,48816.0,0.327829,148906.899634,149280.0,1.0,2,25.624231,278953.747112,278953.747112,5641075.697300199,15816259.494463801,616953.2259048999,17364028.130555898,119115866.10219191,50,25,3
Z3,17,9,720,38664.0,0.078667,491489.442841,495688.0,1.0,2,25.624231,347470.255754,347470.255754,5641075.697300199,15816259.494463801,616953.2259048999,17364028.130555898,119115866.10219191,50,25,3
Z3,18,9,720,26344.0,0.053606,491437.52565,497056.0,1.0,2,25.624231,347459.872316,347459.872316,5641075.697300199,15816259.494463801,616953.2259048999,17364028.130555898,119115866.10219191,50,25,3
Z3,19,9,720,19912.0,0.027006,737317.633119,737480.0,1.0,2,25.624231,396635.893809,396635.893809,5641075.697300199,15816259.494463801,616953.2259048999,17364028.130555898,119115866.10219191,50,25,3
Z3,20,9,720,61688.0,0.260548,236762.515928,237256.0,1.0,2,25.624231,296524.870371,296524.870371,5641075.697300199,15816259.494463801,616953.2259048999,17364028.130555898,119115866.10219191,50,25,3
Z3,21,9,720,59200.0,0.132605,446438.671242,448480.0,1.0,2,25.624231,338460.101434,338460.101434,5641075.697300199,15816259.494463801,616953.2259048999,17364028.130555898,119115866.10219191,50,25,3
Z3,22,9,720,41064.0,0.292574,140354.235168,140624.0,1.0,2,25.624231,277243.214219,277243.214219,5641075.697300199,15816259.494463801,616953.2259048999,17364028.130555898,119115866.10219191,50,25,3
Z3,23,9,720,55576.0,0.106769,520525.620733,524296.0,1.0,2,25.624231,353277.491332,353277.491332,5641075.697300199,15816259.494463801,616953.2259048999,17364028.130555898,119115866.10219191,50,25,3
Z3,24,9,720,50200.0,0.080738,621764.225024,627496.0,1.0,2,25.624231,373525.212191,373525.212191,5641075.697300199,15816259.494463801,616953.2259048999,17364028.130555898,119115866.10219191,50,25,3
Z3,25,9,720,30056.0,0.072,417444.444444,417440.0,1.0,2,25.624231,332661.256075,332661.256075,5641075.697300199,15816259.494463801,616953.2259048999,17364028.130555898,119115866.10219191,50,25,3
Z3,26,9,720,59504.0,0.098911,601591.329579,607176.0,1.0,2,25.624231,369490.633102,369490.633102,5641075.697300199,15816259.494463801,616953.2259048999,17364028.130555898,119115866.10219191,50,25,3
Z3,27,9,720,65232.0,0.126647,515069.444993,517712.0,1.0,2,25.624231,352186.256184,352186.256184,5641075.697300199,15816259.494463801,616953.2259048999,17364028.130555898,119115866.10219191,50,25,3
Z3,28,9,720,23952.0,0.032443,738279.443948,748496.0,1.0,2,25.624231,396828.255975,396828.255975,5641075.697300199,15816259.494463801,616953.2259048999,17364028.130555898,119115866.10219191,50,25,3
Z3,29,9,720,32816.0,0.056986,575860.737725,586000.0,1.0,2,25.624231,364344.514731,364344.514731,5641075.697300199,15816259.494463801,616953.2259048999,17364028.130555898,119115866.10219191,50,25,3
Z3,30,9,720,8856.0,0.068039,130160.643161,130232.0,1.0,2,25.624231,275204.495818,275204.495818,5641075.697300199,15816259.494463801,616953.2259048999,17364028.130555898,119115866.10219191,50,25,3
Z3,31,9,720,14088.0,0.067731,207999.291314,210264.0,1.0,2,25.624231,290772.225449,290772.225449,5641075.697300199,15816259.494463801,616953.2259048999,17364028.130555898,119115866.10219191,50,25,3
Z3,32,9,720,15104.0,0.068258,221278.091945,222112.0,1.0,2,25.624231,293427.985575,293427.985575,5641075.697300199,15816259.494463801,616953.2259048999,17364028.130555898,119115866.10219191,50,25,3
Z3,33,9,720,11784.0,0.050242,234544.803153,235680.0,1.0,2,25.624231,296081.327816,296081.327816,5641075.697300199,15816259.494463801,616953.2259048999,17364028.130555898,119115866.10219191,50,25,3
Z3,34,9,720,18496.0,0.048509,381290.069884,385328.0,1.0,2,25.624231,325430.381163,325430.381163,5641075.697300199,15816259.494463801,616953.2259048999,17364028.130555898,119115866.10219191,50,25,3
Z3,35,9,720,22376.0,0.073615,303959.790804,306520.0,1.0,2,25.624231,309964.325346,309964.325346,5641075.697300199,15816259.494463801,616953.2259048999,17364028.130555898,119115866.10219191,50,25,3
Z3,36,9,720,8792.0,0.056237,156338.353753,157000.0,1.0,2,25.624231,280440.037936,280440.037936,5641075.697300199,15816259.494463801,616953.2259048999,17364028.130555898,119115866.10219191,50,25,3
Z3,37,9,720,19464.0,0.029317,663915.134564,671168.0,1.0,2,25.624231,381955.394098,381955.394098,5641075.697300199,15816259.494463801,616953.2259048999,17364028.130555898,119115866.10219191,50,25,3
Z3,38,9,720,20360.0,0.06588,309046.75167,313224.0,1.0,2,25.624231,310981.71752,310981.71752,5641075.697300199,15816259.494463801,616953.2259048999,17364028.130555898,119115866.10219191,50,25,3
Z1,0,10,720,7480.0,0.184815,40472.905338,40648.0,1.0,2,30.758827,222598.40062,222598.40062,5641075.697300199,15816259.494463801,616953.2259048999,17364028.130555898,119115866.10219191,50,25,3
Z2,0,10,720,6624.0,1.299436,5097.596188,5096.0,1.0,2,30.758827,215523.33879,215523.33879,5641075.697300199,15816259.494463801,616953.2259048999,17364028.130555898,119115866.10219191,50,25,3
Z2,1,10,720,7008.0,0.072789,96278.283807,97328.0,1.0,2,30.758827,233759.476313,233759.476313,5641075.697300199,15816259.494463801,616953.2259048999,17364028.130555898,119115866.10219191,50,25,3
Z2,2,10,720,7832.0,0.049621,157836.399911,159832.0,1.0,2,30.758827,246071.099534,246071.099534,5641075.697300199,15816259.494463801,616953.2259048999,17364028.130555898,119115866.10219191,50,25,3
Z2,3,10,720,29728.0,0.062068,478958.561578,479480.0,1.0,2,30.758827,310295.531868,310295.531868,5641075.697300199,15816259.494463801,616953.2259048999,17364028.130555898,119115866.10219191,50,25,3
Z2,4,10,720,35840.0,0.052407,683878.107886,689224.0,1.0,2,30.758827,351279.441129,351279.441129,5641075.697300199,15816259.494463801,616953.2259048999,17364028.130555898,119115866.10219191,50,25,3
Z2,5,10,720,43888.0,0.05629,779676.674365,783712.0,1.0,2,30.758827,370439.154425,370439.154425,5641075.697300199,15816259.494463801,616953.2259048999,17364028.130555898,119115866.10219191,50,25,3
Z2,6,10,720,17936.0,0.073589,243732.079523,245696.0,1.0,2,30.758827,263250.235457,263250.235457,5641075.697300199,15816259.494463801,616953.2259048999,17364028.130555898,119115866.10219191,50,25,3
Z2,7,10,720,24920.0,0.07539,330547.818013,332264.0,1.0,2,30.758827,280613.383155,280613.383155,5641075.697300199,15816259.494463801,616953.2259048999,17364028.130555898,119115866.10219191,50,25,3
Z3,0,10,720,6840.0,0.217344,31470.848057,31520.0,1.0,2,30.758827,220797.989163,220797.989163,5641075.697300199,15816259.494463801,616953.2259048999,17364028.130555898,119115866.10219191,50,25,3
Z3,1,10,720,22064.0,0.07506,293951.505462,294184.0,1.0,2,30.758827,273294.120645,273294.120645,5641075.697300199,15816259.494463801,616953.2259048999,17364028.130555898,119115866.10219191,50,25,3
Z3,2,10,720,15312.0,0.034758,440531.676161,450352.0,1.0,2,30.758827,302610.154784,302610.154784,5641075.697300199,15816259.494463801,616953.2259048999,17364028.130555898,119115866.10219191,50,25,3
Z3,3,10,720,7752.0,0.027901,277839.50396,287104.0,1.0,2,30.758827,270071.720344,270071.720344,5641075.697300199,15816259.494463801,616953.2259048999,17364028.130555898,119115866.10219191,50,25,3
Z3,4,10,720,11432.0,0.057651,198296.647066,200560.0,1.0,2,30.758827,254163.148965,254163.148965,5641075.697300199,15816259.494463801,616953.2259048999,17364028.130555898,119115866.10219191,50,25,3
Z3,5,10,720,17232.0,0.037164,463674.523733,465728.0,1.0,2,30.758827,307238.724299,307238.724299,5641075.697300199,15816259.494463801,616953.2259048999,17364028.130555898,119115866.10219191,50,25,3
Z3,6,10,720,23328.0,0.072975,319671.120247,324000.0,1.0,2,30.758827,278438.043601,278438.043601,5641075.697300199,15816259.494463801,616953.2259048999,17364028.130555898,119115866.10219191,50,25,3
Z3,7,10,720,18496.0,0.046657,396424.973745,402080.0,1.0,2,30.758827,293788.814301,293788.814301,5641075.697300199,15816259.494463801,616953.2259048999,17364028.130555898,119115866.10219191,50,25,3
Z3,8,10,720,7968.0,0.031054,256585.303021,257032.0,1.0,2,30.758827,265820.880156,265820.880156,5641075.697300199,15816259.494463801,616953.2259048999,17364028.130555898,119115866.10219191,50,25,3
Z3,9,10,720,19568.0,0.065531,298606.766263,301040.0,1.0,2,30.758827,274225.172805,274225.172805,5641075.697300199,15816259.494463801,616953.2259048999,17364028.130555898,119115866.10219191,50,25,3
Z3,10,10,720,36064.0,0.054535,661300.082516,667848.0,1.0,2,30.758827,346763.836055,346763.836055,5641075.697300199,15816259.494463801,616953.2259048999,17364028.130555898,119115866.10219191,50,25,3
Z3,11,10,720,29248.0,0.063269,462280.105581,464248.0,1.0,2,30.758827,306959.840668,306959.840668,5641075.697300199,15816259.494463801,616953.2259048999,17364028.130555898,119115866.10219191,50,25,3
Z3,12,10,720,24216.0,0.064937,372915.287124,378368.0,1.0,2,30.758827,289086.876977,289086.876977,5641075.697300199,15816259.494463801,616953.2259048999,17364028.130555898,119115866.10219191,50,25,3
Z3,13,10,720,54424.0,0.075002,725633.983094,725648.0,1.0,2,30.758827,359630.616171,359630.616171,5641075.697300199,15816259.494463801,616953.2259048999,17364028.130555898,119115866.10219191,50,25,3
Z3,14,10,720,56832.0,0.068363,831326.887351,835760.0,1.0,2,30.758827,380769.197022,380769.197022,5641075.697300199,15816259.494463801,616953.2259048999,17364028.130555898,119115866.10219191,50,25,3
Z3,15,10,720,29576.0,0.045185,654553.502268,657240.0,1.0,2,30.758827,345414.520006,345414.520006,5641075.697300199,15816259.494463801,616953.2259048999,17364028.130555898,119115866.10219191,50,25,3
Z3,16,10,720,52328.0,0.066604,785658.519008,792848.0,1.0,2,30.758827,371635.523354,371635.523354,5641075.697300199,15816259.494463801,616953.2259048999,17364028.130555898,119115866.10219191,50,25,3
Z3,17,10,720,52840.0,0.067851,778765.23559,788656.0,1.0,2,30.758827,370256.86667,370256.86667,5641075.697300199,15816259.494463801,616953.2259048999,17364028.130555898,119115866.10219191,50,25,3
Z3,18,10,720,35136.0,0.069451,505910.642035,509216.0,1.0,2,30.758827,315685.947959,315685.947959,5641075.697300199,15816259.494463801,616953.2259048999,17364028.130555898,119115866.10219191,50,25,3
Z3,19,10,720,23160.0,0.056392,410696.552703,413568.0,1.0,2,30.758827,296643.130093,296643.130093,5641075.697300199,15816259.494463801,616953.2259048999,17364028.130555898,119115866.10219191,50,25,3
Z3,20,10,720,77048.0,0.064755,1189838.6225,1203872.0,1.0,2,30.758827,452471.544052,452471.544052,5641075.697300199,15816259.494463801,616953.2259048999,17364028.130555898,119115866.10219191,50,25,3
Z3,21,10,720,68968.0,0.067446,1022566.201109,1029368.0,1.0,2,30.758827,419017.059774,419017.059774,5641075.697300199,15816259.494463801,616953.2259048999,17364028.130555898,119115866.10219191,50,25,3
Z3,22,10,720,52224.0,0.060694,860447.490691,870400.0,1.0,2,30.758827,386593.31769,386593.31769,5641075.697300199,15816259.494463801,616953.2259048999,17364028.130555898,119115866.10219191,50,25,3
Z3,23,10,720,76384.0,0.074684,1022762.572974,1032216.0,1.0,2,30.758827,419056.334147,419056.334147,5641075.697300199,15816259.494463801,616953.2259048999,17364028.130555898,119115866.10219191,50,25,3
Z3,24,10,720,57512.0,0.274895,209214.427327,209896.0,1.0,2,30.758827,256346.705017,256346.705017,5641075.697300199,15816259.494463801,616953.2259048999,17364028.130555898,119115866.10219191,50,25,3
Z3,25,10,720,35600.0,0.063808,557923.771314,565072.0,1.0,2,30.758827,326088.573815,326088.573815,5641075.697300199,15816259.494463801,616953.2259048999,17364028.130555898,119115866.10219191,50,25,3
Z3,26,10,720,72816.0,0.228676,318424.320873,319368.0,1.0,2,30.758827,278188.683727,278188.683727,5641075.697300199,15816259.494463801,616953.2259048999,17364028.130555898,119115866.10219191,50,25,3
Z3,27,10,720,93600.0,0.123949,755149.295275,760968.0,1.0,2,30.758827,365533.678607,365533.678607,5641075.697300199,15816259.494463801,616953.2259048999,17364028.130555898,119115866.10219191,50,25,3
Z3,28,10,720,23040.0,0.066913,344327.709115,349088.0,1.0,2,30.758827,283369.361375,283369.361375,5641075.697300199,15816259.494463801,616953.2259048999,17364028.130555898,119115866.10219191,50,25,3
Z3,29,10,720,35840.0,0.060221,595141.229804,597328.0,1.0,2,30.758827,333532.065513,333532.065513,5641075.697300199,15816259.494463801,616953.2259048999,17364028.130555898,119115866.10219191,50,25,3
Z3,30,10,720,13072.0,0.047732,273862.398391,278120.0,1.0,2,30.758827,269276.29923,269276.29923,5641075.697300199,15816259.494463801,616953.2259048999,17364028.130555898,119115866.10219191,50,25,3
Z3,31,10,720,20608.0,0.047025,438234.981393,438464.0,1.0,2,30.758827,302150.815831,302150.815831,5641075.697300199,15816259.494463801,616953.2259048999,17364028.130555898,119115866.10219191,50,25,3
Z3,32,10,720,22584.0,0.04113,549088.256747,550824.0,1.0,2,30.758827,324321.470901,324321.470901,5641075.697300199,15816259.494463801,616953.2259048999,17364028.130555898,119115866.10219191,50,25,3
Z3,33,10,720,14712.0,0.043451,338588.294861,342136.0,1.0,2,30.758827,282221.478524,282221.478524,5641075.697300199,15816259.494463801,616953.2259048999,17364028.130555898,119115866.10219191,50,25,3
Z3,34,10,720,20512.0,0.070729,290008.341699,293024.0,1.0,2,30.758827,272505.487892,272505.487892,5641075.697300199,15816259.494463801,616953.2259048999,17364028.130555898,119115866.10219191,50,25,3
Z3,35,10,720,17992.0,0.036808,488806.781135,499776.0,1.0,2,30.758827,312265.175779,312265.175779,5641075.697300199,15816259.494463801,616953.2259048999,17364028.130555898,119115866.10219191,50,25,3
Z3,36,10,720,11464.0,0.042688,268553.223388,272952.0,1.0,2,30.758827,268214.46423,268214.46423,5641075.697300199,15816259.494463801,616953.2259048999,17364028.130555898,119115866.10219191,50,25,3
Z3,37,10,720,22376.0,0.063393,352972.725695,355168.0,1.0,2,30.758827,285098.364691,285098.364691,5641075.697300199,15816259.494463801,616953.2259048999,17364028.130555898,119115866.10219191,50,25,3
Z3,38,10,720,29088.0,0.0666,436756.756757,440720.0,1.0,2,30.758827,301855.170903,301855.170903,5641075.697300199,15816259.494463801,616953.2259048999,17364028.130555898,119115866.10219191,50,25,3
