Zone, Tile_no, Seg_no, Reso, Seg_d_size, Seg_d_time, Bitrate, Bitrate1, Buf_lev, Buf_limit, Elapsed, Ref_vp, Local_avg
Z1, 0, 1, 720, 9960.000000, 0.238676, 41730.211668, 41848.000000, 1.000000, 2, 0.000060, 41730.211668, 41730.211668
Z2, 0, 1, 720, 8952.000000, 0.023625, 378920.634921, 389216.000000, 1.000000, 2, 0.000060, 189460.317460, 189460.317460
Z2, 1, 1, 720, 5424.000000, 0.000908, 5973568.281938, 5424000.000000, 1.000000, 2, 0.000060, 1991189.427313, 1991189.427313
Z2, 2, 1, 720, 7080.000000, 0.000772, 9170984.455959, 7080000.000000, 1.000000, 2, 0.000060, 2292746.113990, 2292746.113990
Z2, 3, 1, 720, 18976.000000, 0.000836, 22698564.593301, 18976000.000000, 1.000000, 2, 0.000060, 4539712.918660, 4539712.918660
Z2, 4, 1, 720, 8720.000000, 0.000780, 11179487.179487, 8720000.000000, 1.000000, 2, 0.000060, 2235897.435897, 2235897.435897
Z2, 5, 1, 720, 8336.000000, 0.000755, 11041059.602649, 8336000.000000, 1.000000, 2, 0.000060, 2208211.920530, 2208211.920530
Z2, 6, 1, 720, 6376.000000, 0.000762, 8367454.068241, 6376000.000000, 1.000000, 2, 0.000060, 1673490.813648, 1673490.813648
Z2, 7, 1, 720, 6872.000000, 0.000700, 9817142.857143, 6872000.000000, 1.000000, 2, 0.000060, 1963428.571429, 1963428.571429
Z3, 0, 1, 720, 7080.000000, 0.022689, 312045.484596, 321816.000000, 1.000000, 2, 0.000060, 62409.096919, 62409.096919
Z3, 1, 1, 720, 7080.000000, 0.001115, 6349775.784753, 7080000.000000, 1.000000, 2, 0.000060, 1269955.156951, 1269955.156951
Z3, 2, 1, 720, 5664.000000, 0.000706, 8022662.889518, 5664000.000000, 1.000000, 2, 0.000060, 1604532.577904, 1604532.577904
Z3, 3, 1, 720, 7080.000000, 0.000883, 8018120.045300, 7080000.000000, 1.000000, 2, 0.000060, 1603624.009060, 1603624.009060
Z3, 4, 1, 720, 7080.000000, 0.000866, 8175519.630485, 7080000.000000, 1.000000, 2, 0.000060, 1635103.926097, 1635103.926097
Z3, 5, 1, 720, 5664.000000, 0.000962, 5887733.887734, 5664000.000000, 1.000000, 2, 0.000060, 1177546.777547, 1177546.777547
Z3, 6, 1, 720, 7080.000000, 0.000843, 8398576.512456, 7080000.000000, 1.000000, 2, 0.000060, 1679715.302491, 1679715.302491
Z3, 7, 1, 720, 7080.000000, 0.000873, 8109965.635739, 7080000.000000, 1.000000, 2, 0.000060, 1621993.127148, 1621993.127148
Z3, 8, 1, 720, 5664.000000, 0.000903, 6272425.249169, 5664000.000000, 1.000000, 2, 0.000060, 1254485.049834, 1254485.049834
Z3, 9, 1, 720, 7080.000000, 0.000876, 8082191.780822, 7080000.000000, 1.000000, 2, 0.000060, 1616438.356164, 1616438.356164
Z3, 10, 1, 720, 12904.000000, 0.000867, 14883506.343714, 12904000.000000, 1.000000, 2, 0.000060, 2976701.268743, 2976701.268743
Z3, 11, 1, 720, 17344.000000, 0.000974, 17806981.519507, 17344000.000000, 1.000000, 2, 0.000060, 3561396.303901, 3561396.303901
Z3, 12, 1, 720, 16912.000000, 0.000961, 17598335.067638, 16912000.000000, 1.000000, 2, 0.000060, 3519667.013528, 3519667.013528
Z3, 13, 1, 720, 13240.000000, 0.000938, 14115138.592751, 13240000.000000, 1.000000, 2, 0.000060, 2823027.718550, 2823027.718550
Z3, 14, 1, 720, 28328.000000, 0.001021, 27745347.698335, 28328000.000000, 1.000000, 2, 0.000060, 5549069.539667, 5549069.539667
Z3, 15, 1, 720, 30528.000000, 0.000931, 32790547.798067, 30528000.000000, 1.000000, 2, 0.000060, 6558109.559613, 6558109.559613
Z3, 16, 1, 720, 16360.000000, 0.001004, 16294820.717131, 16360000.000000, 1.000000, 2, 0.000060, 3258964.143426, 3258964.143426
Z3, 17, 1, 720, 33216.000000, 0.000984, 33756097.560976, 33216000.000000, 1.000000, 2, 0.000060, 6751219.512195, 6751219.512195
Z3, 18, 1, 720, 28000.000000, 0.001038, 26974951.830443, 28000000.000000, 1.000000, 2, 0.000060, 5394990.366089, 5394990.366089
Z3, 19, 1, 720, 15744.000000, 0.001167, 13491002.570694, 15744000.000000, 1.000000, 2, 0.000060, 2698200.514139, 2698200.514139
Z3, 20, 1, 720, 16024.000000, 0.001162, 13790017.211704, 16024000.000000, 1.000000, 2, 0.000060, 2758003.442341, 2758003.442341
Z3, 21, 1, 720, 11576.000000, 0.015825, 731500.789889, 771728.000000, 1.000000, 2, 0.000060, 146300.157978, 146300.157978
Z3, 22, 1, 720, 10816.000000, 0.001001, 10805194.805195, 10816000.000000, 1.000000, 2, 0.000060, 2161038.961039, 2161038.961039
Z3, 23, 1, 720, 13224.000000, 0.000922, 14342733.188720, 13224000.000000, 1.000000, 2, 0.000060, 2868546.637744, 2868546.637744
Z3, 24, 1, 720, 17528.000000, 0.000864, 20287037.037037, 17528000.000000, 1.000000, 2, 0.000060, 4057407.407407, 4057407.407407
Z3, 25, 1, 720, 23824.000000, 0.004530, 5259161.147903, 5956000.000000, 1.000000, 2, 0.000060, 1051832.229581, 1051832.229581
Z3, 26, 1, 720, 11024.000000, 0.000914, 12061269.146608, 11024000.000000, 1.000000, 2, 0.000060, 2412253.829322, 2412253.829322
Z3, 27, 1, 720, 15112.000000, 0.004873, 3101169.710651, 3778000.000000, 1.000000, 2, 0.000060, 620233.942130, 620233.942130
Z3, 28, 1, 720, 24552.000000, 0.001002, 24502994.011976, 24552000.000000, 1.000000, 2, 0.000060, 4900598.802395, 4900598.802395
Z3, 29, 1, 720, 10824.000000, 0.001425, 7595789.473684, 10824000.000000, 1.000000, 2, 0.000060, 1519157.894737, 1519157.894737
Z3, 30, 1, 720, 6872.000000, 0.001122, 6124777.183601, 6872000.000000, 1.000000, 2, 0.000060, 1224955.436720, 1224955.436720
Z3, 31, 1, 720, 6872.000000, 0.000838, 8200477.326969, 6872000.000000, 1.000000, 2, 0.000060, 1640095.465394, 1640095.465394
Z3, 32, 1, 720, 6376.000000, 0.000773, 8248382.923674, 6376000.000000, 1.000000, 2, 0.000060, 1649676.584735, 1649676.584735
Z3, 33, 1, 720, 6872.000000, 0.000729, 9426611.796982, 6872000.000000, 1.000000, 2, 0.000060, 1885322.359396, 1885322.359396
Z3, 34, 1, 720, 6872.000000, 0.000829, 8289505.428227, 6872000.000000, 1.000000, 2, 0.000060, 1657901.085645, 1657901.085645
Z3, 35, 1, 720, 6376.000000, 0.000749, 8512683.578104, 6376000.000000, 1.000000, 2, 0.000060, 1702536.715621, 1702536.715621
Z3, 36, 1, 720, 6872.000000, 0.000836, 8220095.693780, 6872000.000000, 1.000000, 2, 0.000060, 1644019.138756, 1644019.138756
Z3, 37, 1, 720, 6872.000000, 0.000801, 8579275.905119, 6872000.000000, 1.000000, 2, 0.000060, 1715855.181024, 1715855.181024
Z3, 38, 1, 720, 6376.000000, 0.000679, 9390279.823270, 6376000.000000, 1.000000, 2, 0.000060, 1878055.964654, 1878055.964654
Z1, 0, 2, 4K, 33112.000000, 0.020048, 1651636.073424, 1655600.000000, 1.646072, 2, 0.353988, 2208383.179339, 2208383.179339
Z2, 0, 2, 4K, 6624.000000, 0.033048, 200435.729847, 200720.000000, 1.646072, 2, 0.353988, 1918143.110623, 1918143.110623
Z2, 1, 2, 4K, 9736.000000, 0.001063, 9158984.007526, 9736000.000000, 1.646072, 2, 0.353988, 3709852.766159, 3709852.766159
Z2, 2, 2, 4K, 9976.000000, 0.001015, 9828571.428571, 9976000.000000, 1.646072, 2, 0.353988, 3843770.250368, 3843770.250368
Z2, 3, 2, 4K, 38152.000000, 0.001077, 35424326.833798, 38152000.000000, 1.646072, 2, 0.353988, 8962921.331413, 8962921.331413
Z2, 4, 2, 4K, 53912.000000, 0.001028, 52443579.766537, 53912000.000000, 1.646072, 2, 0.353988, 12366771.917961, 12366771.917961
Z2, 5, 2, 4K, 24608.000000, 0.001313, 18741812.642803, 24608000.000000, 1.646072, 2, 0.353988, 5626418.493214, 5626418.493214
Z2, 6, 2, 4K, 10280.000000, 0.000946, 10866807.610994, 10280000.000000, 1.646072, 2, 0.353988, 4051417.486853, 4051417.486853
Z2, 7, 2, 4K, 10280.000000, 0.000703, 14623044.096728, 10280000.000000, 1.646072, 2, 0.353988, 4802664.784000, 4802664.784000
Z3, 0, 2, 4K, 9976.000000, 0.026916, 370634.566800, 383688.000000, 1.646072, 2, 0.353988, 1952182.878014, 1952182.878014
Z3, 1, 2, 4K, 9976.000000, 0.001294, 7709428.129830, 9976000.000000, 1.646072, 2, 0.353988, 3419941.590620, 3419941.590620
Z3, 2, 2, 4K, 9976.000000, 0.000937, 10646744.930630, 9976000.000000, 1.646072, 2, 0.353988, 4007404.950780, 4007404.950780
Z3, 3, 2, 4K, 9976.000000, 0.000948, 10523206.751055, 9976000.000000, 1.646072, 2, 0.353988, 3982697.314865, 3982697.314865
Z3, 4, 2, 4K, 9976.000000, 0.000814, 12255528.255528, 9976000.000000, 1.646072, 2, 0.353988, 4329161.615760, 4329161.615760
Z3, 5, 2, 4K, 9976.000000, 0.001061, 9402450.518379, 9976000.000000, 1.646072, 2, 0.353988, 3758546.068330, 3758546.068330
Z3, 6, 2, 4K, 9976.000000, 0.001027, 9713729.308666, 9976000.000000, 1.646072, 2, 0.353988, 3820801.826387, 3820801.826387
Z3, 7, 2, 4K, 9976.000000, 0.001044, 9555555.555556, 9976000.000000, 1.646072, 2, 0.353988, 3789167.075765, 3789167.075765
Z3, 8, 2, 4K, 9976.000000, 0.001216, 8203947.368421, 9976000.000000, 1.646072, 2, 0.353988, 3518845.438338, 3518845.438338
Z3, 9, 2, 4K, 9976.000000, 0.000840, 11876190.476190, 9976000.000000, 1.646072, 2, 0.353988, 4253294.059892, 4253294.059892
Z3, 10, 2, 4K, 40320.000000, 0.000879, 45870307.167235, 40320000.000000, 1.646072, 2, 0.353988, 11052117.398101, 11052117.398101
Z3, 11, 2, 4K, 25056.000000, 0.001069, 23438727.782975, 25056000.000000, 1.646072, 2, 0.353988, 6565801.521249, 6565801.521249
Z3, 12, 2, 4K, 28696.000000, 0.001164, 24652920.962199, 28696000.000000, 1.646072, 2, 0.353988, 6808640.157094, 6808640.157094
Z3, 13, 2, 4K, 25792.000000, 0.001140, 22624561.403509, 25792000.000000, 1.646072, 2, 0.353988, 6402968.245356, 6402968.245356
Z3, 14, 2, 4K, 40168.000000, 0.000951, 42237644.584648, 40168000.000000, 1.646072, 2, 0.353988, 10325584.881583, 10325584.881583
Z3, 15, 2, 4K, 41448.000000, 0.001108, 37407942.238267, 41448000.000000, 1.646072, 2, 0.353988, 9359644.412307, 9359644.412307
Z3, 16, 2, 4K, 44560.000000, 0.000972, 45843621.399177, 44560000.000000, 1.646072, 2, 0.353988, 11046780.244489, 11046780.244489
Z3, 17, 2, 4K, 39312.000000, 0.000948, 41468354.430380, 39312000.000000, 1.646072, 2, 0.353988, 10171726.850730, 10171726.850730
Z3, 18, 2, 4K, 31560.000000, 0.001045, 30200956.937799, 31560000.000000, 1.646072, 2, 0.353988, 7918247.352214, 7918247.352214
Z3, 19, 2, 4K, 29312.000000, 0.000838, 34978520.286396, 29312000.000000, 1.646072, 2, 0.353988, 8873760.021933, 8873760.021933
Z3, 20, 2, 4K, 35968.000000, 0.000933, 38550911.039657, 35968000.000000, 1.646072, 2, 0.353988, 9588238.172585, 9588238.172585
Z3, 21, 2, 4K, 35592.000000, 0.000917, 38813522.355507, 35592000.000000, 1.646072, 2, 0.353988, 9640760.435755, 9640760.435755
Z3, 22, 2, 4K, 42440.000000, 0.001091, 38900091.659028, 42440000.000000, 1.646072, 2, 0.353988, 9658074.296460, 9658074.296460
Z3, 23, 2, 4K, 61624.000000, 0.208893, 295002.704734, 296264.000000, 1.646072, 2, 0.353988, 1937056.505601, 1937056.505601
Z3, 24, 2, 4K, 64952.000000, 0.000983, 66075279.755849, 64952000.000000, 1.646072, 2, 0.353988, 15093111.915824, 15093111.915824
Z3, 25, 2, 4K, 73400.000000, 0.001070, 68598130.841121, 73400000.000000, 1.646072, 2, 0.353988, 15597682.132878, 15597682.132878
Z3, 26, 2, 4K, 52792.000000, 0.000941, 56102019.128587, 52792000.000000, 1.646072, 2, 0.353988, 13098459.790371, 13098459.790371
Z3, 27, 2, 4K, 67272.000000, 0.001019, 66017664.376840, 67272000.000000, 1.646072, 2, 0.353988, 15081588.840022, 15081588.840022
Z3, 28, 2, 4K, 64968.000000, 0.001032, 62953488.372093, 64968000.000000, 1.646072, 2, 0.353988, 14468753.639073, 14468753.639073
Z3, 29, 2, 4K, 52408.000000, 0.000968, 54140495.867769, 52408000.000000, 1.646072, 2, 0.353988, 12706155.138208, 12706155.138208
Z3, 30, 2, 4K, 10280.000000, 0.000806, 12754342.431762, 10280000.000000, 1.646072, 2, 0.353988, 4428924.451006, 4428924.451006
Z3, 31, 2, 4K, 10280.000000, 0.000789, 13029150.823828, 10280000.000000, 1.646072, 2, 0.353988, 4483886.129419, 4483886.129419
Z3, 32, 2, 4K, 10280.000000, 0.000812, 12660098.522167, 10280000.000000, 1.646072, 2, 0.353988, 4410075.669087, 4410075.669087
Z3, 33, 2, 4K, 10280.000000, 0.000818, 12567237.163814, 10280000.000000, 1.646072, 2, 0.353988, 4391503.397417, 4391503.397417
Z3, 34, 2, 4K, 10280.000000, 0.000789, 13029150.823828, 10280000.000000, 1.646072, 2, 0.353988, 4483886.129419, 4483886.129419
Z3, 35, 2, 4K, 10280.000000, 0.000781, 13162612.035851, 10280000.000000, 1.646072, 2, 0.353988, 4510578.371824, 4510578.371824
Z3, 36, 2, 4K, 10280.000000, 0.000790, 13012658.227848, 10280000.000000, 1.646072, 2, 0.353988, 4480587.610224, 4480587.610224
Z3, 37, 2, 4K, 10280.000000, 0.000800, 12850000.000000, 10280000.000000, 1.646072, 2, 0.353988, 4448055.964654, 4448055.964654
Z3, 38, 2, 4K, 10280.000000, 0.000799, 12866082.603254, 10280000.000000, 1.646072, 2, 0.353988, 4451272.485305, 4451272.485305
Z1, 0, 3, 4K, 37368.000000, 0.021741, 1718780.184904, 1779424.000000, 1.308070, 2, 0.691990, 4795028.522286, 4795028.522286
Z2, 0, 3, 4K, 6624.000000, 0.020988, 315608.919383, 331200.000000, 1.308070, 2, 0.691990, 4514394.269181, 4514394.269181
Z2, 1, 3, 4K, 9736.000000, 0.000980, 9934693.877551, 9736000.000000, 1.308070, 2, 0.691990, 6438211.260815, 6438211.260815
Z2, 2, 3, 4K, 9976.000000, 0.000968, 10305785.123967, 9976000.000000, 1.308070, 2, 0.691990, 6512429.510098, 6512429.510098
Z2, 3, 3, 4K, 41472.000000, 0.001043, 39762224.352828, 41472000.000000, 1.308070, 2, 0.691990, 12403717.355870, 12403717.355870
Z2, 4, 3, 4K, 64608.000000, 0.001039, 62182868.142445, 64608000.000000, 1.308070, 2, 0.691990, 16887846.113794, 16887846.113794
Z2, 5, 3, 4K, 26312.000000, 0.001160, 22682758.620690, 26312000.000000, 1.308070, 2, 0.691990, 8987824.209443, 8987824.209443
Z2, 6, 3, 4K, 10280.000000, 0.000934, 11006423.982869, 10280000.000000, 1.308070, 2, 0.691990, 6652557.281879, 6652557.281879
Z2, 7, 3, 4K, 10280.000000, 0.000929, 11065662.002153, 10280000.000000, 1.308070, 2, 0.691990, 6664404.885735, 6664404.885735
Z3, 0, 3, 4K, 9976.000000, 0.036077, 276519.666269, 277104.000000, 1.308070, 2, 0.691990, 4506576.418559, 4506576.418559
Z3, 1, 3, 4K, 9976.000000, 0.001012, 9857707.509881, 9976000.000000, 1.308070, 2, 0.691990, 6422813.987281, 6422813.987281
Z3, 2, 3, 4K, 9976.000000, 0.000959, 10402502.606882, 9976000.000000, 1.308070, 2, 0.691990, 6531773.006681, 6531773.006681
Z3, 3, 3, 4K, 9976.000000, 0.000980, 10179591.836735, 9976000.000000, 1.308070, 2, 0.691990, 6487190.852652, 6487190.852652
Z3, 4, 3, 4K, 9976.000000, 0.001011, 9867457.962413, 9976000.000000, 1.308070, 2, 0.691990, 6424764.077787, 6424764.077787
Z3, 5, 3, 4K, 9976.000000, 0.000985, 10127918.781726, 9976000.000000, 1.308070, 2, 0.691990, 6476856.241650, 6476856.241650
Z3, 6, 3, 4K, 9976.000000, 0.000890, 11208988.764045, 9976000.000000, 1.308070, 2, 0.691990, 6693070.238114, 6693070.238114
Z3, 7, 3, 4K, 9976.000000, 0.000870, 11466666.666667, 9976000.000000, 1.308070, 2, 0.691990, 6744605.818638, 6744605.818638
Z3, 8, 3, 4K, 9976.000000, 0.000853, 11695193.434936, 9976000.000000, 1.308070, 2, 0.691990, 6790311.172292, 6790311.172292
Z3, 9, 3, 4K, 9976.000000, 0.000838, 11904534.606205, 9976000.000000, 1.308070, 2, 0.691990, 6832179.406546, 6832179.406546
Z3, 10, 3, 4K, 46944.000000, 0.000970, 48395876.288660, 46944000.000000, 1.308070, 2, 0.691990, 14130447.743037, 14130447.743037
Z3, 11, 3, 4K, 25776.000000, 0.000978, 26355828.220859, 25776000.000000, 1.308070, 2, 0.691990, 9722438.129476, 9722438.129476
Z3, 12, 3, 4K, 29160.000000, 0.000992, 29395161.290323, 29160000.000000, 1.308070, 2, 0.691990, 10330304.743369, 10330304.743369
Z3, 13, 3, 4K, 27488.000000, 0.000935, 29398930.481283, 27488000.000000, 1.308070, 2, 0.691990, 10331058.581561, 10331058.581561
Z3, 14, 3, 4K, 44488.000000, 0.001060, 41969811.320755, 44488000.000000, 1.308070, 2, 0.691990, 12845234.749456, 12845234.749456
Z3, 15, 3, 4K, 39320.000000, 0.000992, 39637096.774194, 39320000.000000, 1.308070, 2, 0.691990, 12378691.840143, 12378691.840143
Z3, 16, 3, 4K, 43888.000000, 0.001021, 42985308.521058, 43888000.000000, 1.308070, 2, 0.691990, 13048334.189516, 13048334.189516
Z3, 17, 3, 4K, 44080.000000, 0.001045, 42181818.181818, 44080000.000000, 1.308070, 2, 0.691990, 12887636.121668, 12887636.121668
Z3, 18, 3, 4K, 34432.000000, 0.001018, 33823182.711198, 34432000.000000, 1.308070, 2, 0.691990, 11215909.027544, 11215909.027544
Z3, 19, 3, 4K, 31336.000000, 0.000980, 31975510.204082, 31336000.000000, 1.308070, 2, 0.691990, 10846374.526121, 10846374.526121
Z3, 20, 3, 4K, 37168.000000, 0.208866, 177951.413825, 178688.000000, 1.308070, 2, 0.691990, 4486862.768070, 4486862.768070
Z3, 21, 3, 4K, 36888.000000, 0.001055, 34964928.909953, 36888000.000000, 1.308070, 2, 0.691990, 11444258.267295, 11444258.267295
Z3, 22, 3, 4K, 45448.000000, 0.001672, 27181818.181818, 45448000.000000, 1.308070, 2, 0.691990, 9887636.121668, 9887636.121668
Z3, 23, 3, 4K, 60880.000000, 0.001723, 35333720.255369, 60880000.000000, 1.308070, 2, 0.691990, 11518016.536378, 11518016.536378
Z3, 24, 3, 4K, 64936.000000, 0.002287, 28393528.640140, 32468000.000000, 1.308070, 2, 0.691990, 10129978.213333, 10129978.213333
Z3, 25, 3, 4K, 68152.000000, 0.001866, 36523043.944266, 68152000.000000, 1.308070, 2, 0.691990, 11755881.274158, 11755881.274158
Z3, 26, 3, 4K, 51256.000000, 0.001747, 29339439.038351, 51256000.000000, 1.308070, 2, 0.691990, 10319160.292975, 10319160.292975
Z3, 27, 3, 4K, 77296.000000, 0.001881, 41093035.619351, 77296000.000000, 1.308070, 2, 0.691990, 12669879.609175, 12669879.609175
Z3, 28, 3, 4K, 69656.000000, 0.001838, 37897714.907508, 69656000.000000, 1.308070, 2, 0.691990, 12030815.466806, 12030815.466806
Z3, 29, 3, 4K, 53752.000000, 0.001882, 28561105.207226, 53752000.000000, 1.308070, 2, 0.691990, 10163493.526750, 10163493.526750
Z3, 30, 3, 4K, 10280.000000, 0.000923, 11137594.799567, 10280000.000000, 1.308070, 2, 0.691990, 6678791.445218, 6678791.445218
Z3, 31, 3, 4K, 10280.000000, 0.000999, 10290290.290290, 10280000.000000, 1.308070, 2, 0.691990, 6509330.543363, 6509330.543363
Z3, 32, 3, 4K, 10280.000000, 0.000938, 10959488.272921, 10280000.000000, 1.308070, 2, 0.691990, 6643170.139889, 6643170.139889
Z3, 33, 3, 4K, 10280.000000, 0.017321, 593499.220599, 604704.000000, 1.308070, 2, 0.691990, 4569972.329425, 4569972.329425
Z3, 34, 3, 4K, 10280.000000, 0.000919, 11186071.817193, 10280000.000000, 1.308070, 2, 0.691990, 6688486.848743, 6688486.848743
Z3, 35, 3, 4K, 10280.000000, 0.014574, 705365.719775, 734280.000000, 1.308070, 2, 0.691990, 4592345.629260, 4592345.629260
Z3, 36, 3, 4K, 10288.000000, 0.000949, 10840885.142255, 10288000.000000, 1.308070, 2, 0.691990, 6619449.513756, 6619449.513756
Z3, 37, 3, 4K, 10280.000000, 0.000847, 12136953.955136, 10280000.000000, 1.308070, 2, 0.691990, 6878663.276332, 6878663.276332
Z3, 38, 3, 4K, 10280.000000, 0.000864, 11898148.148148, 10280000.000000, 1.308070, 2, 0.691990, 6830902.114934, 6830902.114934
Z1, 0, 4, 4K, 78920.000000, 0.021471, 3675655.535373, 3758088.000000, 1.000000, 2, 2.065339, 7566033.222009, 7566033.222009
Z2, 0, 4, 4K, 6624.000000, 0.022726, 291472.322450, 301088.000000, 1.000000, 2, 2.065339, 6889196.579424, 6889196.579424
Z2, 1, 4, 4K, 9856.000000, 0.000900, 10951111.111111, 9856000.000000, 1.000000, 2, 2.065339, 9021124.337157, 9021124.337157
Z2, 2, 4, 4K, 10000.000000, 0.000930, 10752688.172043, 10000000.000000, 1.000000, 2, 2.065339, 8981439.749343, 8981439.749343
Z2, 3, 4, 4K, 61192.000000, 0.211528, 289285.579214, 290008.000000, 1.000000, 2, 2.065339, 6888759.230777, 6888759.230777
Z2, 4, 4, 4K, 105968.000000, 0.001393, 76071787.508973, 105968000.000000, 1.000000, 2, 2.065339, 22045259.616729, 22045259.616729
Z2, 5, 4, 4K, 53008.000000, 0.001088, 48720588.235294, 53008000.000000, 1.000000, 2, 2.065339, 16575019.761993, 16575019.761993
Z2, 6, 4, 4K, 17976.000000, 0.000910, 19753846.153846, 17976000.000000, 1.000000, 2, 2.065339, 10781671.345704, 10781671.345704
Z2, 7, 4, 4K, 11688.000000, 0.000959, 12187695.516163, 11688000.000000, 1.000000, 2, 2.065339, 9268441.218167, 9268441.218167
Z3, 0, 4, 4K, 10160.000000, 0.021033, 483050.444540, 483808.000000, 1.000000, 2, 2.065339, 6927512.203842, 6927512.203842
Z3, 1, 4, 4K, 10112.000000, 0.000909, 11124312.431243, 10112000.000000, 1.000000, 2, 2.065339, 9055764.601183, 9055764.601183
Z3, 2, 4, 4K, 10000.000000, 0.000850, 11764705.882353, 10000000.000000, 1.000000, 2, 2.065339, 9183843.291405, 9183843.291405
Z3, 3, 4, 4K, 10000.000000, 0.000878, 11389521.640091, 10000000.000000, 1.000000, 2, 2.065339, 9108806.442953, 9108806.442953
Z3, 4, 4, 4K, 10000.000000, 0.000929, 10764262.648009, 10000000.000000, 1.000000, 2, 2.065339, 8983754.644536, 8983754.644536
Z3, 5, 4, 4K, 10000.000000, 0.000891, 11223344.556678, 10000000.000000, 1.000000, 2, 2.065339, 9075571.026270, 9075571.026270
Z3, 6, 4, 4K, 10400.000000, 0.000889, 11698537.682790, 10400000.000000, 1.000000, 2, 2.065339, 9170609.651492, 9170609.651492
Z3, 7, 4, 4K, 10000.000000, 0.000888, 11261261.261261, 10000000.000000, 1.000000, 2, 2.065339, 9083154.367187, 9083154.367187
Z3, 8, 4, 4K, 10000.000000, 0.000772, 12953367.875648, 10000000.000000, 1.000000, 2, 2.065339, 9421575.690064, 9421575.690064
Z3, 9, 4, 4K, 10016.000000, 0.000784, 12775510.204082, 10016000.000000, 1.000000, 2, 2.065339, 9386004.155751, 9386004.155751
Z3, 10, 4, 4K, 69528.000000, 0.001054, 65965844.402277, 69528000.000000, 1.000000, 2, 2.065339, 20024070.995390, 20024070.995390
Z3, 11, 4, 4K, 50216.000000, 0.017588, 2855128.496702, 2953880.000000, 1.000000, 2, 2.065339, 7401927.814275, 7401927.814275
Z3, 12, 4, 4K, 53360.000000, 0.001144, 46643356.643357, 53360000.000000, 1.000000, 2, 2.065339, 16159573.443606, 16159573.443606
Z3, 13, 4, 4K, 45608.000000, 0.001234, 36959481.361426, 45608000.000000, 1.000000, 2, 2.065339, 14222798.387220, 14222798.387220
Z3, 14, 4, 4K, 88024.000000, 0.001735, 50734293.948127, 88024000.000000, 1.000000, 2, 2.065339, 16977760.904560, 16977760.904560
Z3, 15, 4, 4K, 65880.000000, 0.001018, 64715127.701375, 65880000.000000, 1.000000, 2, 2.065339, 19773927.655209, 19773927.655209
Z3, 16, 4, 4K, 81544.000000, 0.001309, 62294881.588999, 81544000.000000, 1.000000, 2, 2.065339, 19289878.432734, 19289878.432734
Z3, 17, 4, 4K, 79088.000000, 0.001504, 52585106.382979, 79088000.000000, 1.000000, 2, 2.065339, 17347923.391530, 17347923.391530
Z3, 18, 4, 4K, 60616.000000, 0.001289, 47025601.241272, 60616000.000000, 1.000000, 2, 2.065339, 16236022.363189, 16236022.363189
Z3, 19, 4, 4K, 55928.000000, 0.001055, 53012322.274882, 55928000.000000, 1.000000, 2, 2.065339, 17433366.569911, 17433366.569911
Z3, 20, 4, 4K, 60512.000000, 0.001059, 57140698.772427, 60512000.000000, 1.000000, 2, 2.065339, 18259041.869420, 18259041.869420
Z3, 21, 4, 4K, 116408.000000, 0.002031, 57315608.074840, 58204000.000000, 1.000000, 2, 2.065339, 18294023.729902, 18294023.729902
Z3, 22, 4, 4K, 104248.000000, 0.001914, 54466039.707419, 104248000.000000, 1.000000, 2, 2.065339, 17724110.056418, 17724110.056418
Z3, 23, 4, 4K, 138368.000000, 0.002342, 59081127.241674, 69184000.000000, 1.000000, 2, 2.065339, 18647127.563269, 18647127.563269
Z3, 24, 4, 4K, 139408.000000, 0.002173, 64154624.942476, 69704000.000000, 1.000000, 2, 2.065339, 19661827.103430, 19661827.103430
Z3, 25, 4, 4K, 141032.000000, 0.002176, 64812500.000000, 70516000.000000, 1.000000, 2, 2.065339, 19793402.114934, 19793402.114934
Z3, 26, 4, 4K, 125672.000000, 0.001855, 67747708.894879, 125672000.000000, 1.000000, 2, 2.065339, 20380443.893910, 20380443.893910
Z3, 27, 4, 4K, 147320.000000, 0.002183, 67485112.230875, 73660000.000000, 1.000000, 2, 2.065339, 20327924.561109, 20327924.561109
Z3, 28, 4, 4K, 120984.000000, 0.002138, 56587464.920486, 60492000.000000, 1.000000, 2, 2.065339, 18148395.099032, 18148395.099032
Z3, 29, 4, 4K, 87456.000000, 0.001680, 52057142.857143, 87456000.000000, 1.000000, 2, 2.065339, 17242330.686363, 17242330.686363
Z3, 30, 4, 4K, 19872.000000, 0.000912, 21789473.684211, 19872000.000000, 1.000000, 2, 2.065339, 11188796.851776, 11188796.851776
Z3, 31, 4, 4K, 17320.000000, 0.000989, 17512639.029323, 17320000.000000, 1.000000, 2, 2.065339, 10333429.920799, 10333429.920799
Z3, 32, 4, 4K, 20880.000000, 0.000852, 24507042.253521, 20880000.000000, 1.000000, 2, 2.065339, 11732310.565639, 11732310.565639
Z3, 33, 4, 4K, 18648.000000, 0.000844, 22094786.729858, 18648000.000000, 1.000000, 2, 2.065339, 11249859.460906, 11249859.460906
Z3, 34, 4, 4K, 15368.000000, 0.000890, 17267415.730337, 15368000.000000, 1.000000, 2, 2.065339, 10284385.261002, 10284385.261002
Z3, 35, 4, 4K, 17240.000000, 0.000837, 20597371.565113, 17240000.000000, 1.000000, 2, 2.065339, 10950376.427957, 10950376.427957
Z3, 36, 4, 4K, 34944.000000, 0.000992, 35225806.451613, 34944000.000000, 1.000000, 2, 2.065339, 13876063.405257, 13876063.405257
Z3, 37, 4, 4K, 16344.000000, 0.000980, 16677551.020408, 16344000.000000, 1.000000, 2, 2.065339, 10166412.319016, 10166412.319016
Z3, 38, 4, 4K, 11896.000000, 0.000796, 14944723.618090, 11896000.000000, 1.000000, 2, 2.065339, 9819846.838552, 9819846.838552
Z1, 0, 5, 4K, 59096.000000, 0.020678, 2857916.626366, 2954800.000000, 1.646637, 2, 2.418702, 10391430.163826, 10391430.163826
Z2, 0, 5, 4K, 14200.000000, 0.022903, 620006.112736, 645448.000000, 1.646637, 2, 2.418702, 9943848.061100, 9943848.061100
Z2, 1, 5, 4K, 67288.000000, 0.001047, 64267430.754537, 67288000.000000, 1.646637, 2, 2.418702, 22673332.989460, 22673332.989460
Z2, 2, 5, 4K, 54872.000000, 0.001115, 49212556.053812, 54872000.000000, 1.646637, 2, 2.418702, 19662358.049315, 19662358.049315
Z2, 3, 5, 4K, 117640.000000, 0.001686, 69774614.472123, 117640000.000000, 1.646637, 2, 2.418702, 23774769.732977, 23774769.732977
Z2, 4, 5, 4K, 68288.000000, 0.001096, 62306569.343066, 68288000.000000, 1.646637, 2, 2.418702, 22281160.707166, 22281160.707166
Z2, 5, 5, 4K, 86352.000000, 0.001186, 72809443.507589, 86352000.000000, 1.646637, 2, 2.418702, 24381735.540070, 24381735.540070
Z2, 6, 5, 4K, 47432.000000, 0.015325, 3095073.409462, 3162128.000000, 1.646637, 2, 2.418702, 10438861.520445, 10438861.520445
Z2, 7, 5, 4K, 40216.000000, 0.001063, 37832549.388523, 40216000.000000, 1.646637, 2, 2.418702, 17386356.716257, 17386356.716257
Z3, 0, 5, 4K, 6624.000000, 0.023656, 280013.527224, 288000.000000, 1.646637, 2, 2.418702, 9875849.543997, 9875849.543997
Z3, 1, 5, 4K, 15440.000000, 0.000813, 18991389.913899, 15440000.000000, 1.646637, 2, 2.418702, 13618124.821332, 13618124.821332
Z3, 2, 5, 4K, 16504.000000, 0.000924, 17861471.861472, 16504000.000000, 1.646637, 2, 2.418702, 13392141.210847, 13392141.210847
Z3, 3, 5, 4K, 16120.000000, 0.000894, 18031319.910515, 16120000.000000, 1.646637, 2, 2.418702, 13426110.820655, 13426110.820655
Z3, 4, 5, 4K, 15008.000000, 0.000895, 16768715.083799, 15008000.000000, 1.646637, 2, 2.418702, 13173589.855312, 13173589.855312
Z3, 5, 5, 4K, 15032.000000, 0.017069, 880660.847150, 884232.000000, 1.646637, 2, 2.418702, 9995979.007982, 9995979.007982
Z3, 6, 5, 4K, 12928.000000, 0.000858, 15067599.067599, 12928000.000000, 1.646637, 2, 2.418702, 12833366.652072, 12833366.652072
Z3, 7, 5, 4K, 13640.000000, 0.000872, 15642201.834862, 13640000.000000, 1.646637, 2, 2.418702, 12948287.205525, 12948287.205525
Z3, 8, 5, 4K, 14648.000000, 0.000914, 16026258.205689, 14648000.000000, 1.646637, 2, 2.418702, 13025098.479690, 13025098.479690
Z3, 9, 5, 4K, 15008.000000, 0.000876, 17132420.091324, 15008000.000000, 1.646637, 2, 2.418702, 13246330.856817, 13246330.856817
Z3, 10, 5, 4K, 14312.000000, 0.000903, 15849390.919158, 14312000.000000, 1.646637, 2, 2.418702, 12989725.022384, 12989725.022384
Z3, 11, 5, 4K, 14656.000000, 0.000885, 16560451.977401, 14656000.000000, 1.646637, 2, 2.418702, 13131937.234033, 13131937.234033
Z3, 12, 5, 4K, 52536.000000, 0.001561, 33655349.135170, 52536000.000000, 1.646637, 2, 2.418702, 16550916.665586, 16550916.665586
Z3, 13, 5, 4K, 52032.000000, 0.000956, 54426778.242678, 52032000.000000, 1.646637, 2, 2.418702, 20705202.487088, 20705202.487088
Z3, 14, 5, 4K, 44632.000000, 0.000977, 45682702.149437, 44632000.000000, 1.646637, 2, 2.418702, 18956387.268440, 18956387.268440
Z3, 15, 5, 4K, 76304.000000, 0.001659, 45993972.272453, 76304000.000000, 1.646637, 2, 2.418702, 19018641.293043, 19018641.293043
Z3, 16, 5, 4K, 71856.000000, 0.001665, 43156756.756757, 71856000.000000, 1.646637, 2, 2.418702, 18451198.189904, 18451198.189904
Z3, 17, 5, 4K, 82648.000000, 0.001717, 48135119.394292, 82648000.000000, 1.646637, 2, 2.418702, 19446870.717411, 19446870.717411
Z3, 18, 5, 4K, 76072.000000, 0.209532, 363056.716874, 363976.000000, 1.646637, 2, 2.418702, 9892458.181927, 9892458.181927
Z3, 19, 5, 4K, 59304.000000, 0.002272, 26102112.676056, 29652000.000000, 1.646637, 2, 2.418702, 15040269.373764, 15040269.373764
Z3, 20, 5, 4K, 43064.000000, 0.001590, 27084276.729560, 43064000.000000, 1.646637, 2, 2.418702, 15236702.184464, 15236702.184464
Z3, 21, 5, 4K, 135784.000000, 0.004070, 33362162.162162, 33946000.000000, 1.646637, 2, 2.418702, 16492279.270985, 16492279.270985
Z3, 22, 5, 4K, 118304.000000, 0.002932, 40349249.658936, 59152000.000000, 1.646637, 2, 2.418702, 17889696.770340, 17889696.770340
Z3, 23, 5, 4K, 147040.000000, 0.003235, 45452859.350850, 49013328.000000, 1.646637, 2, 2.418702, 18910418.708722, 18910418.708722
Z3, 24, 5, 4K, 179520.000000, 0.004238, 42359603.586597, 44880000.000000, 1.646637, 2, 2.418702, 18291767.555872, 18291767.555872
Z3, 25, 5, 4K, 172688.000000, 0.003020, 57181456.953642, 57562664.000000, 1.646637, 2, 2.418702, 21256138.229281, 21256138.229281
Z3, 26, 5, 4K, 145128.000000, 0.002888, 50252077.562327, 72564000.000000, 1.646637, 2, 2.418702, 19870262.351018, 19870262.351018
Z3, 27, 5, 4K, 179592.000000, 0.002348, 76487223.168654, 89796000.000000, 1.646637, 2, 2.418702, 25117291.472283, 25117291.472283
Z3, 28, 5, 4K, 140720.000000, 0.001984, 70927419.354839, 140720000.000000, 1.646637, 2, 2.418702, 24005330.709520, 24005330.709520
Z3, 29, 5, 4K, 83928.000000, 0.004733, 17732516.374393, 20982000.000000, 1.646637, 2, 2.418702, 13366350.113431, 13366350.113431
Z3, 30, 5, 4K, 82192.000000, 0.001775, 46305352.112676, 82192000.000000, 1.646637, 2, 2.418702, 19080917.261088, 19080917.261088
Z3, 31, 5, 4K, 68504.000000, 0.001144, 59881118.881119, 68504000.000000, 1.646637, 2, 2.418702, 21796070.614776, 21796070.614776
Z3, 32, 5, 4K, 53776.000000, 0.001040, 51707692.307692, 53776000.000000, 1.646637, 2, 2.418702, 20161385.300091, 20161385.300091
Z3, 33, 5, 4K, 72968.000000, 0.001137, 64175901.495163, 72968000.000000, 1.646637, 2, 2.418702, 22655027.137585, 22655027.137585
Z3, 34, 5, 4K, 78200.000000, 0.001375, 56872727.272727, 78200000.000000, 1.646637, 2, 2.418702, 21194392.293098, 21194392.293098
Z3, 35, 5, 4K, 63936.000000, 0.001286, 49716951.788491, 63936000.000000, 1.646637, 2, 2.418702, 19763237.196251, 19763237.196251
Z3, 36, 5, 4K, 86888.000000, 0.001272, 68308176.100629, 86888000.000000, 1.646637, 2, 2.418702, 23481482.058678, 23481482.058678
Z3, 37, 5, 4K, 53856.000000, 0.001363, 39512839.325018, 53856000.000000, 1.646637, 2, 2.418702, 17722414.703556, 17722414.703556
Z3, 38, 5, 4K, 42888.000000, 0.207737, 206453.352075, 207184.000000, 1.646637, 2, 2.418702, 9861137.508967, 9861137.508967
Z1, 0, 6, 4K, 11672.000000, 0.019786, 589912.059032, 614312.000000, 1.054801, 2, 3.010538, 8101063.956120, 8101063.956120
Z2, 0, 6, 4K, 6624.000000, 0.021793, 303950.809893, 315424.000000, 1.054801, 2, 3.010538, 8043871.706292, 8043871.706292
Z2, 1, 6, 4K, 12000.000000, 0.000784, 15306122.448980, 12000000.000000, 1.054801, 2, 3.010538, 11044306.034109, 11044306.034109
Z2, 2, 6, 4K, 11456.000000, 0.000806, 14213399.503722, 11456000.000000, 1.054801, 2, 3.010538, 10825761.445058, 10825761.445058
Z2, 3, 6, 4K, 36784.000000, 0.000910, 40421978.021978, 36784000.000000, 1.054801, 2, 3.010538, 16067477.148709, 16067477.148709
Z2, 4, 6, 4K, 30448.000000, 0.000876, 34757990.867580, 30448000.000000, 1.054801, 2, 3.010538, 14934679.717830, 14934679.717830
Z2, 5, 6, 4K, 32384.000000, 0.000942, 34377919.320594, 32384000.000000, 1.054801, 2, 3.010538, 14858665.408432, 14858665.408432
Z2, 6, 6, 4K, 89424.000000, 0.001233, 72525547.445255, 89424000.000000, 1.054801, 2, 3.010538, 22488191.033365, 22488191.033365
Z2, 7, 6, 4K, 37976.000000, 0.000868, 43751152.073733, 37976000.000000, 1.054801, 2, 3.010538, 16733311.959060, 16733311.959060
Z3, 0, 6, 4K, 12312.000000, 0.021628, 569262.067690, 586280.000000, 1.054801, 2, 3.010538, 8096933.957852, 8096933.957852
Z3, 1, 6, 4K, 11800.000000, 0.000848, 13915094.339623, 11800000.000000, 1.054801, 2, 3.010538, 10766100.412238, 10766100.412238
Z3, 2, 6, 4K, 11672.000000, 0.000828, 14096618.357488, 11672000.000000, 1.054801, 2, 3.010538, 10802405.215811, 10802405.215811
Z3, 3, 6, 4K, 11856.000000, 0.000839, 14131108.462455, 11856000.000000, 1.054801, 2, 3.010538, 10809303.236805, 10809303.236805
Z3, 4, 6, 4K, 11392.000000, 0.000854, 13339578.454333, 11392000.000000, 1.054801, 2, 3.010538, 10650997.235180, 10650997.235180
Z3, 5, 6, 4K, 11608.000000, 0.000851, 13640423.031727, 11608000.000000, 1.054801, 2, 3.010538, 10711166.150659, 10711166.150659
Z3, 6, 6, 4K, 11808.000000, 0.000805, 14668322.981366, 11808000.000000, 1.054801, 2, 3.010538, 10916746.140587, 10916746.140587
Z3, 7, 6, 4K, 11616.000000, 0.000817, 14217870.257038, 11616000.000000, 1.054801, 2, 3.010538, 10826655.595721, 10826655.595721
Z3, 8, 6, 4K, 11320.000000, 0.000873, 12966781.214204, 11320000.000000, 1.054801, 2, 3.010538, 10576437.787154, 10576437.787154
Z3, 9, 6, 4K, 30472.000000, 0.000938, 32486140.724947, 30472000.000000, 1.054801, 2, 3.010538, 14480309.689303, 14480309.689303
Z3, 10, 6, 4K, 27608.000000, 0.000886, 31160270.880361, 27608000.000000, 1.054801, 2, 3.010538, 14215135.720386, 14215135.720386
Z3, 11, 6, 4K, 24088.000000, 0.000889, 27095613.048369, 24088000.000000, 1.054801, 2, 3.010538, 13402204.153987, 13402204.153987
Z3, 12, 6, 4K, 38328.000000, 0.001113, 34436657.681941, 38328000.000000, 1.054801, 2, 3.010538, 14870413.080702, 14870413.080702
Z3, 13, 6, 4K, 32072.000000, 0.000847, 37865407.319953, 32072000.000000, 1.054801, 2, 3.010538, 15556163.008304, 15556163.008304
Z3, 14, 6, 4K, 42136.000000, 0.000886, 47557562.076749, 42136000.000000, 1.054801, 2, 3.010538, 17494593.959663, 17494593.959663
Z3, 15, 6, 4K, 36072.000000, 0.000860, 41944186.046512, 36072000.000000, 1.054801, 2, 3.010538, 16371918.753616, 16371918.753616
Z3, 16, 6, 4K, 27192.000000, 0.000824, 33000000.000000, 27192000.000000, 1.054801, 2, 3.010538, 14583081.544314, 14583081.544314
Z3, 17, 6, 4K, 23688.000000, 0.000844, 28066350.710900, 23688000.000000, 1.054801, 2, 3.010538, 13596351.686494, 13596351.686494
Z3, 18, 6, 4K, 86000.000000, 0.001299, 66204772.902232, 86000000.000000, 1.054801, 2, 3.010538, 21224036.124760, 21224036.124760
Z3, 19, 6, 4K, 62728.000000, 0.001004, 62478087.649402, 62728000.000000, 1.054801, 2, 3.010538, 20478699.074194, 20478699.074194
Z3, 20, 6, 4K, 65864.000000, 0.001010, 65211881.188119, 65864000.000000, 1.054801, 2, 3.010538, 21025457.781937, 21025457.781937
Z3, 21, 6, 4K, 82512.000000, 0.001182, 69807106.598985, 82512000.000000, 1.054801, 2, 3.010538, 21944502.864110, 21944502.864110
Z3, 22, 6, 4K, 102240.000000, 0.001294, 79010819.165379, 102240000.000000, 1.054801, 2, 3.010538, 23785245.377389, 23785245.377389
Z3, 23, 6, 4K, 69304.000000, 0.001022, 67812133.072407, 69304000.000000, 1.054801, 2, 3.010538, 21545508.158795, 21545508.158795
Z3, 24, 6, 4K, 73800.000000, 0.001203, 61346633.416459, 73800000.000000, 1.054801, 2, 3.010538, 20252408.227605, 20252408.227605
Z3, 25, 6, 4K, 59424.000000, 0.001023, 58087976.539589, 59424000.000000, 1.054801, 2, 3.010538, 19600676.852231, 19600676.852231
Z3, 26, 6, 4K, 38896.000000, 0.000842, 46194774.346793, 38896000.000000, 1.054801, 2, 3.010538, 17222036.413672, 17222036.413672
Z3, 27, 6, 4K, 44392.000000, 0.001029, 43140913.508260, 44392000.000000, 1.054801, 2, 3.010538, 16611264.245966, 16611264.245966
Z3, 28, 6, 4K, 23176.000000, 0.000850, 27265882.352941, 23176000.000000, 1.054801, 2, 3.010538, 13436258.014902, 13436258.014902
Z3, 29, 6, 4K, 30224.000000, 0.000923, 32745395.449621, 30224000.000000, 1.054801, 2, 3.010538, 14532160.634238, 14532160.634238
Z3, 30, 6, 4K, 34568.000000, 0.000893, 38709966.405375, 34568000.000000, 1.054801, 2, 3.010538, 15725074.825389, 15725074.825389
Z3, 31, 6, 4K, 62896.000000, 0.001047, 60072588.347660, 62896000.000000, 1.054801, 2, 3.010538, 19997599.213846, 19997599.213846
Z3, 32, 6, 4K, 50288.000000, 0.000984, 51105691.056911, 50288000.000000, 1.054801, 2, 3.010538, 18204219.755696, 18204219.755696
Z3, 33, 6, 4K, 37280.000000, 0.000888, 41981981.981982, 37280000.000000, 1.054801, 2, 3.010538, 16379477.940710, 16379477.940710
Z3, 34, 6, 4K, 26840.000000, 0.000848, 31650943.396226, 26840000.000000, 1.054801, 2, 3.010538, 14313270.223559, 14313270.223559
Z3, 35, 6, 4K, 30408.000000, 0.000875, 34752000.000000, 30408000.000000, 1.054801, 2, 3.010538, 14933481.544314, 14933481.544314
Z3, 36, 6, 4K, 24136.000000, 0.000770, 31345454.545455, 24136000.000000, 1.054801, 2, 3.010538, 14252172.453404, 14252172.453404
Z3, 37, 6, 4K, 21376.000000, 0.000915, 23361748.633880, 21376000.000000, 1.054801, 2, 3.010538, 12655431.271089, 12655431.271089
Z3, 38, 6, 4K, 20712.000000, 0.000890, 23271910.112360, 20712000.000000, 1.054801, 2, 3.010538, 12637463.566785, 12637463.566785
Z1, 0, 7, 4K, 46048.000000, 0.021708, 2121245.623733, 2192760.000000, 1.000000, 2, 4.121651, 10488496.170881, 10488496.170881
Z2, 0, 7, 4K, 6624.000000, 0.021971, 301488.325520, 315424.000000, 1.000000, 2, 4.121651, 10124544.711239, 10124544.711239
Z2, 1, 7, 4K, 12288.000000, 0.000917, 13400218.102508, 12288000.000000, 1.000000, 2, 4.121651, 12744290.666636, 12744290.666636
Z2, 2, 7, 4K, 11528.000000, 0.000971, 11872296.601442, 11528000.000000, 1.000000, 2, 4.121651, 12438706.366423, 12438706.366423
Z2, 3, 7, 4K, 33008.000000, 0.000965, 34205181.347150, 33008000.000000, 1.000000, 2, 4.121651, 16905283.315565, 16905283.315565
Z2, 4, 7, 4K, 76304.000000, 0.001173, 65050298.380222, 76304000.000000, 1.000000, 2, 4.121651, 23074306.722179, 23074306.722179
Z2, 5, 7, 4K, 40368.000000, 0.001032, 39116279.069767, 40368000.000000, 1.000000, 2, 4.121651, 17887502.860088, 17887502.860088
Z2, 6, 7, 4K, 66864.000000, 0.001274, 52483516.483516, 66864000.000000, 1.000000, 2, 4.121651, 20560950.342838, 20560950.342838
Z2, 7, 7, 4K, 21440.000000, 0.000890, 24089887.640449, 21440000.000000, 1.000000, 2, 4.121651, 14882224.574225, 14882224.574225
Z3, 0, 7, 4K, 12288.000000, 0.025338, 484963.296235, 491520.000000, 1.000000, 2, 4.121651, 10161239.705382, 10161239.705382
Z3, 1, 7, 4K, 12304.000000, 0.000986, 12478701.825558, 12304000.000000, 1.000000, 2, 4.121651, 12559987.411246, 12559987.411246
Z3, 2, 7, 4K, 11832.000000, 0.000941, 12573857.598300, 11832000.000000, 1.000000, 2, 4.121651, 12579018.565795, 12579018.565795
Z3, 3, 7, 4K, 12664.000000, 0.001026, 12343079.922027, 12664000.000000, 1.000000, 2, 4.121651, 12532863.030540, 12532863.030540
Z3, 4, 7, 4K, 11360.000000, 0.001029, 11039844.509232, 11360000.000000, 1.000000, 2, 4.121651, 12272215.947981, 12272215.947981
Z3, 5, 7, 4K, 11624.000000, 0.000953, 12197271.773347, 11624000.000000, 1.000000, 2, 4.121651, 12503701.400804, 12503701.400804
Z3, 6, 7, 4K, 12008.000000, 0.001149, 10450826.805918, 12008000.000000, 1.000000, 2, 4.121651, 12154412.407318, 12154412.407318
Z3, 7, 7, 4K, 11744.000000, 0.000958, 12258872.651357, 11744000.000000, 1.000000, 2, 4.121651, 12516021.576406, 12516021.576406
Z3, 8, 7, 4K, 11584.000000, 0.001605, 7217445.482866, 11584000.000000, 1.000000, 2, 4.121651, 11507736.142708, 11507736.142708
Z3, 9, 7, 4K, 11888.000000, 0.001121, 10604817.127565, 11888000.000000, 1.000000, 2, 4.121651, 12185210.471648, 12185210.471648
Z3, 10, 7, 4K, 40440.000000, 0.001240, 32612903.225806, 40440000.000000, 1.000000, 2, 4.121651, 16586827.691296, 16586827.691296
Z3, 11, 7, 4K, 32448.000000, 0.001002, 32383233.532934, 32448000.000000, 1.000000, 2, 4.121651, 16540893.752721, 16540893.752721
Z3, 12, 7, 4K, 29808.000000, 0.001189, 25069806.560135, 29808000.000000, 1.000000, 2, 4.121651, 15078208.358162, 15078208.358162
Z3, 13, 7, 4K, 26008.000000, 0.001061, 24512723.845429, 26008000.000000, 1.000000, 2, 4.121651, 14966791.815220, 14966791.815220
Z3, 14, 7, 4K, 43712.000000, 0.000992, 44064516.129032, 43712000.000000, 1.000000, 2, 4.121651, 18877150.271941, 18877150.271941
Z3, 15, 7, 4K, 42976.000000, 0.001101, 39033605.812897, 42976000.000000, 1.000000, 2, 4.121651, 17870968.208714, 17870968.208714
Z3, 16, 7, 4K, 80888.000000, 0.001308, 61840978.593272, 80888000.000000, 1.000000, 2, 4.121651, 22432442.764789, 22432442.764789
Z3, 17, 7, 4K, 51248.000000, 0.001316, 38942249.240122, 51248000.000000, 1.000000, 2, 4.121651, 17852696.894159, 17852696.894159
Z3, 18, 7, 4K, 29472.000000, 0.000999, 29501501.501501, 29472000.000000, 1.000000, 2, 4.121651, 15964547.346435, 15964547.346435
Z3, 19, 7, 4K, 23856.000000, 0.001119, 21319034.852547, 23856000.000000, 1.000000, 2, 4.121651, 14328054.016644, 14328054.016644
Z3, 20, 7, 4K, 30824.000000, 0.001230, 25060162.601626, 30824000.000000, 1.000000, 2, 4.121651, 15076279.566460, 15076279.566460
Z3, 21, 7, 4K, 78816.000000, 0.001589, 49601006.922593, 78816000.000000, 1.000000, 2, 4.121651, 19984448.430653, 19984448.430653
Z3, 22, 7, 4K, 66288.000000, 0.001182, 56081218.274112, 66288000.000000, 1.000000, 2, 4.121651, 21280490.700957, 21280490.700957
Z3, 23, 7, 4K, 69920.000000, 0.001601, 43672704.559650, 69920000.000000, 1.000000, 2, 4.121651, 18798787.958065, 18798787.958065
Z3, 24, 7, 4K, 81944.000000, 0.001274, 64320251.177394, 81944000.000000, 1.000000, 2, 4.121651, 22928297.281613, 22928297.281613
Z3, 25, 7, 4K, 102376.000000, 0.001531, 66868713.259308, 102376000.000000, 1.000000, 2, 4.121651, 23437989.697996, 23437989.697996
Z3, 26, 7, 4K, 76792.000000, 0.001376, 55808139.534884, 76792000.000000, 1.000000, 2, 4.121651, 21225874.953111, 21225874.953111
Z3, 27, 7, 4K, 81072.000000, 0.001345, 60276579.925651, 81072000.000000, 1.000000, 2, 4.121651, 22119563.031265, 22119563.031265
Z3, 28, 7, 4K, 62656.000000, 0.001108, 56548736.462094, 62656000.000000, 1.000000, 2, 4.121651, 21373994.338553, 21373994.338553
Z3, 29, 7, 4K, 41248.000000, 0.001073, 38441752.096925, 41248000.000000, 1.000000, 2, 4.121651, 17752597.465520, 17752597.465520
Z3, 30, 7, 4K, 51888.000000, 0.001065, 48721126.760563, 51888000.000000, 1.000000, 2, 4.121651, 19808472.398247, 19808472.398247
Z3, 31, 7, 4K, 60864.000000, 0.001096, 55532846.715328, 60864000.000000, 1.000000, 2, 4.121651, 21170816.389200, 21170816.389200
Z3, 32, 7, 4K, 30224.000000, 0.001012, 29865612.648221, 30224000.000000, 1.000000, 2, 4.121651, 16037369.575779, 16037369.575779
Z3, 33, 7, 4K, 29312.000000, 0.000994, 29488933.601610, 29312000.000000, 1.000000, 2, 4.121651, 15962033.766457, 15962033.766457
Z3, 34, 7, 4K, 25728.000000, 0.001003, 25651046.859422, 25728000.000000, 1.000000, 2, 4.121651, 15194456.418019, 15194456.418019
Z3, 35, 7, 4K, 27640.000000, 0.000988, 27975708.502024, 27640000.000000, 1.000000, 2, 4.121651, 15659388.746539, 15659388.746539
Z3, 36, 7, 4K, 32608.000000, 0.001040, 31353846.153846, 32608000.000000, 1.000000, 2, 4.121651, 16335016.276904, 16335016.276904
Z3, 37, 7, 4K, 25080.000000, 0.000992, 25282258.064516, 25080000.000000, 1.000000, 2, 4.121651, 15120698.659038, 15120698.659038
Z3, 38, 7, 4K, 21912.000000, 0.000857, 25568261.376896, 21912000.000000, 1.000000, 2, 4.121651, 15177899.321514, 15177899.321514
Z1, 0, 8, 4K, 99296.000000, 0.021984, 4516739.446870, 4728376.000000, 1.873300, 2, 4.248351, 13701617.581258, 13701617.581258
Z2, 0, 8, 4K, 6624.000000, 1.029133, 6436.485858, 6432.000000, 1.873300, 2, 4.248351, 12799556.989056, 12799556.989056
Z2, 1, 8, 4K, 12736.000000, 0.000988, 12890688.259109, 12736000.000000, 1.873300, 2, 4.248351, 15376407.343706, 15376407.343706
Z2, 2, 8, 4K, 12272.000000, 0.000837, 14661887.694146, 12272000.000000, 1.873300, 2, 4.248351, 15730647.230713, 15730647.230713
Z2, 3, 8, 4K, 46672.000000, 0.001063, 43905926.622766, 46672000.000000, 1.873300, 2, 4.248351, 21579455.016437, 21579455.016437
Z2, 4, 8, 4K, 116120.000000, 0.002002, 58001998.001998, 58060000.000000, 1.873300, 2, 4.248351, 24398669.292284, 24398669.292284
Z2, 5, 8, 4K, 109880.000000, 0.001735, 63331412.103746, 109880000.000000, 1.873300, 2, 4.248351, 25464552.112634, 25464552.112634
Z2, 6, 8, 4K, 81552.000000, 0.001047, 77891117.478510, 81552000.000000, 1.873300, 2, 4.248351, 28376493.187586, 28376493.187586
Z2, 7, 8, 4K, 48376.000000, 0.001225, 39490612.244898, 48376000.000000, 1.873300, 2, 4.248351, 20696392.140864, 20696392.140864
Z3, 0, 8, 4K, 13168.000000, 0.021853, 602571.729282, 627040.000000, 1.873300, 2, 4.248351, 12918784.037741, 12918784.037741
Z3, 1, 8, 4K, 12440.000000, 0.001203, 10340814.630091, 12440000.000000, 1.873300, 2, 4.248351, 14866432.617903, 14866432.617903
Z3, 2, 8, 4K, 12288.000000, 0.000884, 13900452.488688, 12288000.000000, 1.873300, 2, 4.248351, 15578360.189622, 15578360.189622
Z3, 3, 8, 4K, 13040.000000, 0.000878, 14851936.218679, 13040000.000000, 1.873300, 2, 4.248351, 15768656.935620, 15768656.935620
Z3, 4, 8, 4K, 11984.000000, 0.001152, 10402777.777778, 11984000.000000, 1.873300, 2, 4.248351, 14878825.247440, 14878825.247440
Z3, 5, 8, 4K, 12736.000000, 0.000810, 15723456.790123, 12736000.000000, 1.873300, 2, 4.248351, 15942961.049909, 15942961.049909
Z3, 6, 8, 4K, 12728.000000, 0.000886, 14365688.487585, 12728000.000000, 1.873300, 2, 4.248351, 15671407.389401, 15671407.389401
Z3, 7, 8, 4K, 13416.000000, 0.000879, 15262798.634812, 13416000.000000, 1.873300, 2, 4.248351, 15850829.418847, 15850829.418847
Z3, 8, 8, 4K, 12296.000000, 0.001106, 11117540.687161, 12296000.000000, 1.873300, 2, 4.248351, 15021777.829316, 15021777.829316
Z3, 9, 8, 4K, 12368.000000, 0.001329, 9306245.297216, 12368000.000000, 1.873300, 2, 4.248351, 14659518.751327, 14659518.751327
Z3, 10, 8, 4K, 47728.000000, 0.001340, 35617910.447761, 47728000.000000, 1.873300, 2, 4.248351, 19921851.781436, 19921851.781436
Z3, 11, 8, 4K, 36848.000000, 0.000841, 43814506.539834, 36848000.000000, 1.873300, 2, 4.248351, 21561170.999851, 21561170.999851
Z3, 12, 8, 4K, 37200.000000, 0.001051, 35394862.036156, 37200000.000000, 1.873300, 2, 4.248351, 19877242.099115, 19877242.099115
Z3, 13, 8, 4K, 36304.000000, 0.001097, 33093892.433911, 36304000.000000, 1.873300, 2, 4.248351, 19417048.178666, 19417048.178666
Z3, 14, 8, 4K, 72440.000000, 0.001137, 63711521.547933, 72440000.000000, 1.873300, 2, 4.248351, 25540574.001471, 25540574.001471
Z3, 15, 8, 4K, 94656.000000, 0.001703, 55581914.268937, 94656000.000000, 1.873300, 2, 4.248351, 23914652.545672, 23914652.545672
Z3, 16, 8, 4K, 126944.000000, 0.001889, 67201694.017999, 126944000.000000, 1.873300, 2, 4.248351, 26238608.495484, 26238608.495484
Z3, 17, 8, 4K, 91896.000000, 0.001281, 71737704.918033, 91896000.000000, 1.873300, 2, 4.248351, 27145810.675491, 27145810.675491
Z3, 18, 8, 4K, 51968.000000, 0.001034, 50259187.620890, 51968000.000000, 1.873300, 2, 4.248351, 22850107.216062, 22850107.216062
Z3, 19, 8, 4K, 33024.000000, 0.000916, 36052401.746725, 33024000.000000, 1.873300, 2, 4.248351, 20008750.041229, 20008750.041229
Z3, 20, 8, 4K, 47048.000000, 0.001171, 40177625.960717, 47048000.000000, 1.873300, 2, 4.248351, 20833794.884028, 20833794.884028
Z3, 21, 8, 4K, 183840.000000, 0.002134, 86148078.725398, 91920000.000000, 1.873300, 2, 4.248351, 30027885.436964, 30027885.436964
Z3, 22, 8, 4K, 154184.000000, 0.001777, 86766460.326393, 154184000.000000, 1.873300, 2, 4.248351, 30151561.757163, 30151561.757163
Z3, 23, 8, 4K, 155104.000000, 0.001920, 80783333.333333, 155104000.000000, 1.873300, 2, 4.248351, 28954936.358551, 28954936.358551
Z3, 24, 8, 4K, 164936.000000, 0.001730, 95338728.323699, 164936000.000000, 1.873300, 2, 4.248351, 31866015.356624, 31866015.356624
Z3, 25, 8, 4K, 148008.000000, 0.002068, 71570599.613153, 74004000.000000, 1.873300, 2, 4.248351, 27112389.614515, 27112389.614515
Z3, 26, 8, 4K, 158128.000000, 0.002122, 74518378.887842, 79064000.000000, 1.873300, 2, 4.248351, 27701945.469453, 27701945.469453
Z3, 27, 8, 4K, 212408.000000, 0.002376, 89397306.397306, 106204000.000000, 1.873300, 2, 4.248351, 30677730.971346, 30677730.971346
Z3, 28, 8, 4K, 148464.000000, 0.001873, 79265349.706353, 148464000.000000, 1.873300, 2, 4.248351, 28651339.633155, 28651339.633155
Z3, 29, 8, 4K, 105600.000000, 0.001338, 78923766.816143, 105600000.000000, 1.873300, 2, 4.248351, 28583023.055113, 28583023.055113
Z3, 30, 8, 4K, 74800.000000, 0.001220, 61311475.409836, 74800000.000000, 1.873300, 2, 4.248351, 25060564.773851, 25060564.773851
Z3, 31, 8, 4K, 60904.000000, 0.001215, 50126748.971193, 60904000.000000, 1.873300, 2, 4.248351, 22823619.486123, 22823619.486123
Z3, 32, 8, 4K, 56704.000000, 0.001043, 54366251.198466, 56704000.000000, 1.873300, 2, 4.248351, 23671519.931577, 23671519.931577
Z3, 33, 8, 4K, 77872.000000, 0.001258, 61901430.842607, 77872000.000000, 1.873300, 2, 4.248351, 25178555.860406, 25178555.860406
Z3, 34, 8, 4K, 87632.000000, 0.001314, 66691019.786910, 87632000.000000, 1.873300, 2, 4.248351, 26136473.649266, 26136473.649266
Z3, 35, 8, 4K, 57472.000000, 0.001130, 50860176.991150, 57472000.000000, 1.873300, 2, 4.248351, 22970305.090114, 22970305.090114
Z3, 36, 8, 4K, 71616.000000, 0.001254, 57110047.846890, 71616000.000000, 1.873300, 2, 4.248351, 24220279.261262, 24220279.261262
Z3, 37, 8, 4K, 59800.000000, 0.001113, 53728661.275831, 59800000.000000, 1.873300, 2, 4.248351, 23544001.947050, 23544001.947050
Z3, 38, 8, 4K, 54240.000000, 0.001037, 52304725.168756, 54240000.000000, 1.873300, 2, 4.248351, 23259214.725635, 23259214.725635
Z1, 0, 9, 4K, 143136.000000, 0.023028, 6215737.363210, 6223304.000000, 1.735865, 2, 5.385786, 21513417.474659, 21513417.474659
Z2, 0, 9, 4K, 6624.000000, 0.022748, 291190.434324, 301088.000000, 1.735865, 2, 5.385786, 20328508.088882, 20328508.088882
Z2, 1, 9, 4K, 13352.000000, 0.000863, 15471610.660487, 13352000.000000, 1.735865, 2, 5.385786, 23364592.134115, 23364592.134115
Z2, 2, 9, 4K, 12808.000000, 0.000823, 15562575.941677, 12808000.000000, 1.735865, 2, 5.385786, 23382785.190353, 23382785.190353
Z2, 3, 9, 4K, 62864.000000, 0.001130, 55631858.407080, 62864000.000000, 1.735865, 2, 5.385786, 31396641.683433, 31396641.683433
Z2, 4, 9, 4K, 158280.000000, 0.001871, 84596472.474613, 158280000.000000, 1.735865, 2, 5.385786, 37189564.496940, 37189564.496940
Z2, 5, 9, 4K, 143784.000000, 0.001955, 73546803.069054, 143784000.000000, 1.735865, 2, 5.385786, 34979630.615828, 34979630.615828
Z2, 6, 9, 4K, 59784.000000, 0.001139, 52488147.497805, 59784000.000000, 1.735865, 2, 5.385786, 30767899.501578, 30767899.501578
Z2, 7, 9, 4K, 59624.000000, 0.001205, 49480497.925311, 59624000.000000, 1.735865, 2, 5.385786, 30166369.587080, 30166369.587080
Z3, 0, 9, 4K, 19152.000000, 0.022361, 856491.212379, 870544.000000, 1.735865, 2, 5.385786, 20441568.244493, 20441568.244493
Z3, 1, 9, 4K, 15048.000000, 0.000746, 20171581.769437, 15048000.000000, 1.735865, 2, 5.385786, 24304586.355905, 24304586.355905
Z3, 2, 9, 4K, 13656.000000, 0.000776, 17597938.144330, 13656000.000000, 1.735865, 2, 5.385786, 23789857.630883, 23789857.630883
Z3, 3, 9, 4K, 15568.000000, 0.000740, 21037837.837838, 15568000.000000, 1.735865, 2, 5.385786, 24477837.569585, 24477837.569585
Z3, 4, 9, 4K, 19992.000000, 0.000752, 26585106.382979, 19992000.000000, 1.735865, 2, 5.385786, 25587291.278613, 25587291.278613
Z3, 5, 9, 4K, 43816.000000, 0.000848, 51669811.320755, 43816000.000000, 1.735865, 2, 5.385786, 30604232.266168, 30604232.266168
Z3, 6, 9, 4K, 32640.000000, 0.000881, 37048808.172531, 32640000.000000, 1.735865, 2, 5.385786, 27680031.636524, 27680031.636524
Z3, 7, 9, 4K, 13112.000000, 0.000734, 17863760.217984, 13112000.000000, 1.735865, 2, 5.385786, 23843022.045614, 23843022.045614
Z3, 8, 9, 4K, 12720.000000, 0.000745, 17073825.503356, 12720000.000000, 1.735865, 2, 5.385786, 23685035.102688, 23685035.102688
Z3, 9, 9, 4K, 11704.000000, 0.000778, 15043701.799486, 11704000.000000, 1.735865, 2, 5.385786, 23279010.361915, 23279010.361915
Z3, 10, 9, 4K, 56456.000000, 0.000996, 56682730.923695, 56456000.000000, 1.735865, 2, 5.385786, 31606816.186756, 31606816.186756
Z3, 11, 9, 4K, 42936.000000, 0.000954, 45006289.308176, 42936000.000000, 1.735865, 2, 5.385786, 29271527.863653, 29271527.863653
Z3, 12, 9, 4K, 49664.000000, 0.000962, 51625779.625780, 49664000.000000, 1.735865, 2, 5.385786, 30595425.927173, 30595425.927173
Z3, 13, 9, 4K, 55832.000000, 0.000992, 56282258.064516, 55832000.000000, 1.735865, 2, 5.385786, 31526721.614921, 31526721.614921
Z3, 14, 9, 4K, 101440.000000, 0.001277, 79436178.543461, 101440000.000000, 1.735865, 2, 5.385786, 36157505.710710, 36157505.710710
Z3, 15, 9, 4K, 127064.000000, 0.001725, 73660289.855072, 127064000.000000, 1.735865, 2, 5.385786, 35002327.973032, 35002327.973032
Z3, 16, 9, 4K, 186256.000000, 0.001900, 98029473.684211, 186256000.000000, 1.735865, 2, 5.385786, 39876164.738859, 39876164.738859
Z3, 17, 9, 4K, 117264.000000, 0.001289, 90972847.168348, 117264000.000000, 1.735865, 2, 5.385786, 38464839.435687, 38464839.435687
Z3, 18, 9, 4K, 90064.000000, 0.001184, 76067567.567568, 90064000.000000, 1.735865, 2, 5.385786, 35483783.515531, 35483783.515531
Z3, 19, 9, 4K, 46808.000000, 0.000927, 50494066.882416, 46808000.000000, 1.735865, 2, 5.385786, 30369083.378501, 30369083.378501
Z3, 20, 9, 4K, 65080.000000, 0.001056, 61628787.878788, 65080000.000000, 1.735865, 2, 5.385786, 32596027.577775, 32596027.577775
Z3, 21, 9, 4K, 210712.000000, 0.001793, 117519241.494702, 210712000.000000, 1.735865, 2, 5.385786, 43774118.300958, 43774118.300958
Z3, 22, 9, 4K, 212696.000000, 0.002043, 104109642.682330, 106348000.000000, 1.735865, 2, 5.385786, 41092198.538483, 41092198.538483
Z3, 23, 9, 4K, 204264.000000, 0.019356, 10553006.819591, 10750736.000000, 1.735865, 2, 5.385786, 22380871.365936, 22380871.365936
Z3, 24, 9, 4K, 225960.000000, 0.002273, 99410470.743511, 112980000.000000, 1.735865, 2, 5.385786, 40152364.150720, 40152364.150720
Z3, 25, 9, 4K, 199056.000000, 0.002028, 98153846.153846, 99528000.000000, 1.735865, 2, 5.385786, 39901039.232787, 39901039.232787
Z3, 26, 9, 4K, 204104.000000, 0.002326, 87748925.193465, 102052000.000000, 1.735865, 2, 5.385786, 37820055.040710, 37820055.040710
Z3, 27, 9, 4K, 264656.000000, 0.003530, 74973371.104816, 88218664.000000, 1.735865, 2, 5.385786, 35264944.222981, 35264944.222981
Z3, 28, 9, 4K, 229440.000000, 0.002846, 80618411.806044, 114720000.000000, 1.735865, 2, 5.385786, 36393952.363226, 36393952.363226
Z3, 29, 9, 4K, 144400.000000, 0.002057, 70199319.397180, 72200000.000000, 1.735865, 2, 5.385786, 34310133.881453, 34310133.881453
Z3, 30, 9, 4K, 71424.000000, 0.001101, 64871934.604905, 71424000.000000, 1.735865, 2, 5.385786, 33244656.922998, 33244656.922998
Z3, 31, 9, 4K, 71768.000000, 0.001218, 58922824.302135, 71768000.000000, 1.735865, 2, 5.385786, 32054834.862444, 32054834.862444
Z3, 32, 9, 4K, 78016.000000, 0.001578, 49439797.211660, 78016000.000000, 1.735865, 2, 5.385786, 30158229.444349, 30158229.444349
Z3, 33, 9, 4K, 85112.000000, 0.001684, 50541567.695962, 85112000.000000, 1.735865, 2, 5.385786, 30378583.541210, 30378583.541210
Z3, 34, 9, 4K, 105792.000000, 0.001748, 60521739.130435, 105792000.000000, 1.735865, 2, 5.385786, 32374617.828104, 32374617.828104
Z3, 35, 9, 4K, 59104.000000, 0.001215, 48645267.489712, 59104000.000000, 1.735865, 2, 5.385786, 29999323.499960, 29999323.499960
Z3, 36, 9, 4K, 89744.000000, 0.001584, 56656565.656566, 89744000.000000, 1.735865, 2, 5.385786, 31601583.133330, 31601583.133330
Z3, 37, 9, 4K, 82576.000000, 0.001548, 53343669.250646, 82576000.000000, 1.735865, 2, 5.385786, 30939003.852147, 30939003.852147
Z3, 38, 9, 4K, 72616.000000, 0.001033, 70296224.588577, 72616000.000000, 1.735865, 2, 5.385786, 34329514.919733, 34329514.919733
Z1, 0, 10, 4K, 171632.000000, 0.022713, 7556553.515608, 7801448.000000, 1.580885, 2, 5.540766, 35799534.952439, 35799534.952439
Z2, 0, 10, 4K, 6624.000000, 0.022108, 299620.047042, 301088.000000, 1.580885, 2, 5.540766, 34348148.258726, 34348148.258726
Z2, 1, 10, 4K, 21424.000000, 0.000901, 23778024.417314, 21424000.000000, 1.580885, 2, 5.540766, 39043829.132781, 39043829.132781
Z2, 2, 10, 4K, 11408.000000, 0.000780, 14625641.025641, 11408000.000000, 1.580885, 2, 5.540766, 37213352.454446, 37213352.454446
Z2, 3, 10, 4K, 91896.000000, 0.001116, 82344086.021505, 91896000.000000, 1.580885, 2, 5.540766, 50757041.453619, 50757041.453619
Z2, 4, 10, 4K, 176696.000000, 0.001883, 93837493.361657, 176696000.000000, 1.580885, 2, 5.540766, 53055722.921649, 53055722.921649
Z2, 5, 10, 4K, 150256.000000, 0.001726, 87054461.181924, 150256000.000000, 1.580885, 2, 5.540766, 51699116.485702, 51699116.485702
Z2, 6, 10, 4K, 75936.000000, 0.001197, 63438596.491228, 75936000.000000, 1.580885, 2, 5.540766, 46975943.547563, 46975943.547563
Z2, 7, 10, 4K, 96152.000000, 0.001253, 76737430.167598, 96152000.000000, 1.580885, 2, 5.540766, 49635710.282837, 49635710.282837
Z3, 0, 10, 4K, 61888.000000, 0.022237, 2783109.232360, 2813088.000000, 1.580885, 2, 5.540766, 34844846.095790, 34844846.095790
Z3, 1, 10, 4K, 32688.000000, 0.000987, 33118541.033435, 32688000.000000, 1.580885, 2, 5.540766, 40911932.456005, 40911932.456005
Z3, 2, 10, 4K, 21168.000000, 0.004262, 4966682.308775, 5292000.000000, 1.580885, 2, 5.540766, 35281560.711073, 35281560.711073
Z3, 3, 10, 4K, 28472.000000, 0.000941, 30257173.219979, 28472000.000000, 1.580885, 2, 5.540766, 40339658.893313, 40339658.893313
Z3, 4, 10, 4K, 45352.000000, 0.000920, 49295652.173913, 45352000.000000, 1.580885, 2, 5.540766, 44147354.684100, 44147354.684100
Z3, 5, 10, 4K, 72936.000000, 0.001114, 65472172.351885, 72936000.000000, 1.580885, 2, 5.540766, 47382658.719695, 47382658.719695
Z3, 6, 10, 4K, 27848.000000, 0.000963, 28917964.693666, 27848000.000000, 1.580885, 2, 5.540766, 40071817.188051, 40071817.188051
Z3, 7, 10, 4K, 13192.000000, 0.000802, 16448877.805486, 13192000.000000, 1.580885, 2, 5.540766, 37577999.810415, 37577999.810415
Z3, 8, 10, 4K, 11896.000000, 0.000830, 14332530.120482, 11896000.000000, 1.580885, 2, 5.540766, 37154730.273414, 37154730.273414
Z3, 9, 10, 4K, 11528.000000, 0.000861, 13389082.462253, 11528000.000000, 1.580885, 2, 5.540766, 36966040.741768, 36966040.741768
Z3, 10, 10, 4K, 75360.000000, 0.001072, 70298507.462687, 75360000.000000, 1.580885, 2, 5.540766, 48347925.741855, 48347925.741855
Z3, 11, 10, 4K, 100176.000000, 0.017319, 5784167.677118, 5892704.000000, 1.580885, 2, 5.540766, 35445057.784741, 35445057.784741
Z3, 12, 10, 4K, 71264.000000, 0.001792, 39767857.142857, 71264000.000000, 1.580885, 2, 5.540766, 42241795.677889, 42241795.677889
Z3, 13, 10, 4K, 87864.000000, 0.001802, 48759156.492786, 87864000.000000, 1.580885, 2, 5.540766, 44040055.547875, 44040055.547875
Z3, 14, 10, 4K, 125616.000000, 0.002010, 62495522.388060, 62808000.000000, 1.580885, 2, 5.540766, 46787328.726930, 46787328.726930
Z3, 15, 10, 4K, 148008.000000, 0.002333, 63441063.009001, 74004000.000000, 1.580885, 2, 5.540766, 46976436.851118, 46976436.851118
Z3, 16, 10, 4K, 196960.000000, 0.002289, 86046308.431630, 98480000.000000, 1.580885, 2, 5.540766, 51497485.935644, 51497485.935644
Z3, 17, 10, 4K, 128568.000000, 0.002085, 61663309.352518, 64284000.000000, 1.580885, 2, 5.540766, 46620886.119821, 46620886.119821
Z3, 18, 10, 4K, 101392.000000, 0.014991, 6763524.781536, 7242280.000000, 1.580885, 2, 5.540766, 35640929.205625, 35640929.205625
Z3, 19, 10, 4K, 96624.000000, 0.005291, 18261954.261954, 19324800.000000, 1.580885, 2, 5.540766, 37940615.101709, 37940615.101709
Z3, 20, 10, 4K, 99416.000000, 0.001881, 52852737.905369, 99416000.000000, 1.580885, 2, 5.540766, 44858771.830392, 44858771.830392
Z3, 21, 10, 4K, 235888.000000, 0.003668, 64309705.561614, 78629328.000000, 1.580885, 2, 5.540766, 47150165.361641, 47150165.361641
Z3, 22, 10, 4K, 238056.000000, 0.004107, 57963476.990504, 59514000.000000, 1.580885, 2, 5.540766, 45880919.647419, 45880919.647419
Z3, 23, 10, 4K, 231240.000000, 0.002934, 78813905.930470, 115620000.000000, 1.580885, 2, 5.540766, 50051005.435412, 50051005.435412
Z3, 24, 10, 4K, 299680.000000, 0.003719, 80580801.290670, 99893328.000000, 1.580885, 2, 5.540766, 50404384.507452, 50404384.507452
Z3, 25, 10, 4K, 228120.000000, 0.020584, 11082394.092499, 11406000.000000, 1.580885, 2, 5.540766, 36504703.067818, 36504703.067818
Z3, 26, 10, 4K, 227320.000000, 0.003102, 73281753.707286, 75773328.000000, 1.580885, 2, 5.540766, 48944574.990775, 48944574.990775
Z3, 27, 10, 4K, 304072.000000, 0.211029, 1440901.487473, 1441096.000000, 1.580885, 2, 5.540766, 34576404.546812, 34576404.546812
Z3, 28, 10, 4K, 353400.000000, 0.022807, 15495242.688648, 16063632.000000, 1.580885, 2, 5.540766, 37387272.787047, 37387272.787047
Z3, 29, 10, 4K, 172656.000000, 0.003216, 53686567.164179, 57552000.000000, 1.580885, 2, 5.540766, 45025537.682154, 45025537.682154
Z3, 30, 10, 4K, 98848.000000, 0.001714, 57670945.157526, 98848000.000000, 1.580885, 2, 5.540766, 45822413.280823, 45822413.280823
Z3, 31, 10, 4K, 91496.000000, 0.001607, 56935905.413815, 91496000.000000, 1.580885, 2, 5.540766, 45675405.332081, 45675405.332081
Z3, 32, 10, 4K, 97576.000000, 0.001598, 61061326.658323, 97576000.000000, 1.580885, 2, 5.540766, 46500489.580982, 46500489.580982
Z3, 33, 10, 4K, 97704.000000, 0.001650, 59214545.454545, 97704000.000000, 1.580885, 2, 5.540766, 46131133.340227, 46131133.340227
Z3, 34, 10, 4K, 88320.000000, 0.002099, 42077179.609338, 44160000.000000, 1.580885, 2, 5.540766, 42703660.171185, 42703660.171185
Z3, 35, 10, 4K, 87440.000000, 0.001779, 49151208.544126, 87440000.000000, 1.580885, 2, 5.540766, 44118465.958143, 44118465.958143
Z3, 36, 10, 4K, 104440.000000, 0.002221, 47023863.124719, 52220000.000000, 1.580885, 2, 5.540766, 43692996.874261, 43692996.874261
Z3, 37, 10, 4K, 121960.000000, 0.002164, 56358595.194085, 60980000.000000, 1.580885, 2, 5.540766, 45559943.288135, 45559943.288135
Z3, 38, 10, 4K, 101328.000000, 0.002221, 45622692.480864, 50664000.000000, 1.580885, 2, 5.540766, 43412762.745491, 43412762.745491
Z1, 0, 11, 4K, 89648.000000, 0.025008, 3584772.872681, 3585920.000000, 1.142146, 2, 6.979505, 39475335.297555, 39475335.297555
Z2, 0, 11, 4K, 6624.000000, 0.023558, 281178.368283, 288000.000000, 1.142146, 2, 6.979505, 38814616.396675, 38814616.396675
Z2, 1, 11, 4K, 21080.000000, 0.000959, 21981230.448384, 21080000.000000, 1.142146, 2, 6.979505, 43154626.812695, 43154626.812695
Z2, 2, 11, 4K, 15416.000000, 0.000907, 16996692.392503, 15416000.000000, 1.142146, 2, 6.979505, 42157719.201519, 42157719.201519
Z2, 3, 11, 4K, 20560.000000, 0.001075, 19125581.395349, 20560000.000000, 1.142146, 2, 6.979505, 42583497.002088, 42583497.002088
Z2, 4, 11, 4K, 90224.000000, 0.001213, 74380873.866447, 90224000.000000, 1.142146, 2, 6.979505, 53634555.496308, 53634555.496308
Z2, 5, 11, 4K, 106528.000000, 0.001469, 72517358.747447, 106528000.000000, 1.142146, 2, 6.979505, 53261852.472508, 53261852.472508
Z2, 6, 11, 4K, 265808.000000, 0.002649, 100342770.856927, 132904000.000000, 1.142146, 2, 6.979505, 58826934.894404, 58826934.894404
Z2, 7, 11, 4K, 144872.000000, 0.001895, 76449604.221636, 144872000.000000, 1.142146, 2, 6.979505, 54048301.567346, 54048301.567346
Z3, 0, 11, 4K, 30984.000000, 0.024251, 1277638.035545, 1291000.000000, 1.142146, 2, 6.979505, 39013908.330128, 39013908.330128
Z3, 1, 11, 4K, 34936.000000, 0.000886, 39431151.241535, 34936000.000000, 1.142146, 2, 6.979505, 46644610.971326, 46644610.971326
Z3, 2, 11, 4K, 27632.000000, 0.000904, 30566371.681416, 27632000.000000, 1.142146, 2, 6.979505, 44871655.059302, 44871655.059302
Z3, 3, 11, 4K, 23520.000000, 0.000770, 30545454.545455, 23520000.000000, 1.142146, 2, 6.979505, 44867471.632110, 44867471.632110
Z3, 4, 11, 4K, 31368.000000, 0.000970, 32338144.329897, 31368000.000000, 1.142146, 2, 6.979505, 45226009.588998, 45226009.588998
Z3, 5, 11, 4K, 54312.000000, 0.000943, 57594909.862142, 54312000.000000, 1.142146, 2, 6.979505, 50277362.695447, 50277362.695447
Z3, 6, 11, 4K, 40752.000000, 0.001136, 35873239.436620, 40752000.000000, 1.142146, 2, 6.979505, 45933028.610343, 45933028.610343
Z3, 7, 11, 4K, 38360.000000, 0.001102, 34809437.386570, 38360000.000000, 1.142146, 2, 6.979505, 45720268.200333, 45720268.200333
Z3, 8, 11, 4K, 36560.000000, 0.001031, 35460717.749758, 36560000.000000, 1.142146, 2, 6.979505, 45850524.272970, 45850524.272970
Z3, 9, 11, 4K, 91920.000000, 0.002545, 36117878.192534, 45960000.000000, 1.142146, 2, 6.979505, 45981956.361526, 45981956.361526
Z3, 10, 11, 4K, 138720.000000, 0.002191, 63313555.454131, 69360000.000000, 1.142146, 2, 6.979505, 51421091.813845, 51421091.813845
Z3, 11, 11, 4K, 120856.000000, 0.001658, 72892641.737033, 120856000.000000, 1.142146, 2, 6.979505, 53336909.070425, 53336909.070425
Z3, 12, 11, 4K, 114584.000000, 0.002214, 51754290.876242, 57292000.000000, 1.142146, 2, 6.979505, 49109238.898267, 49109238.898267
Z3, 13, 11, 4K, 144272.000000, 0.002019, 71457157.008420, 72136000.000000, 1.142146, 2, 6.979505, 53049812.124703, 53049812.124703
Z3, 14, 11, 4K, 138616.000000, 0.002016, 68757936.507937, 69308000.000000, 1.142146, 2, 6.979505, 52509968.024606, 52509968.024606
Z3, 15, 11, 4K, 211528.000000, 0.002287, 92491473.546130, 105764000.000000, 1.142146, 2, 6.979505, 57256675.432245, 57256675.432245
Z3, 16, 11, 4K, 135616.000000, 0.002414, 56178956.089478, 67808000.000000, 1.142146, 2, 6.979505, 49994171.940914, 49994171.940914
Z3, 17, 11, 4K, 99488.000000, 0.001235, 80557085.020243, 99488000.000000, 1.142146, 2, 6.979505, 54869797.727067, 54869797.727067
Z3, 18, 11, 4K, 207096.000000, 0.002043, 101368575.624082, 103548000.000000, 1.142146, 2, 6.979505, 59032095.847835, 59032095.847835
Z3, 19, 11, 4K, 254456.000000, 0.002868, 88722454.672245, 127228000.000000, 1.142146, 2, 6.979505, 56502871.657468, 56502871.657468
Z3, 20, 11, 4K, 295200.000000, 0.003308, 89238210.399033, 98400000.000000, 1.142146, 2, 6.979505, 56606022.802825, 56606022.802825
Z3, 21, 11, 4K, 337696.000000, 0.003050, 110720000.000000, 112565328.000000, 1.142146, 2, 6.979505, 60902380.723019, 60902380.723019
Z3, 22, 11, 4K, 372720.000000, 0.003547, 105080349.591204, 124240000.000000, 1.142146, 2, 6.979505, 59774450.641259, 59774450.641259
Z3, 23, 11, 4K, 225672.000000, 0.002148, 105061452.513966, 112836000.000000, 1.142146, 2, 6.979505, 59770671.225812, 59770671.225812
Z3, 24, 11, 4K, 265312.000000, 0.002904, 91360881.542700, 132656000.000000, 1.142146, 2, 6.979505, 57030557.031559, 57030557.031559
Z3, 25, 11, 4K, 373248.000000, 0.002476, 150746365.105008, 186624000.000000, 1.142146, 2, 6.979505, 68907653.744020, 68907653.744020
Z3, 26, 11, 4K, 513952.000000, 0.003167, 162283549.100095, 171317328.000000, 1.142146, 2, 6.979505, 71215090.543038, 71215090.543038
Z3, 27, 11, 4K, 187144.000000, 0.001591, 117626649.905720, 187144000.000000, 1.142146, 2, 6.979505, 62283710.704163, 62283710.704163
Z3, 28, 11, 4K, 96736.000000, 0.001130, 85607079.646018, 96736000.000000, 1.142146, 2, 6.979505, 55879796.652222, 55879796.652222
Z3, 29, 11, 4K, 102392.000000, 0.001424, 71904494.382022, 102392000.000000, 1.142146, 2, 6.979505, 53139279.599423, 53139279.599423
Z3, 30, 11, 4K, 91552.000000, 0.001160, 78924137.931034, 91552000.000000, 1.142146, 2, 6.979505, 54543208.309226, 54543208.309226
Z3, 31, 11, 4K, 101968.000000, 0.001327, 76840994.724943, 101968000.000000, 1.142146, 2, 6.979505, 54126579.668007, 54126579.668007
Z3, 32, 11, 4K, 107392.000000, 0.001383, 77651482.284888, 107392000.000000, 1.142146, 2, 6.979505, 54288677.179996, 54288677.179996
Z3, 33, 11, 4K, 80560.000000, 0.001078, 74730983.302412, 80560000.000000, 1.142146, 2, 6.979505, 53704577.383501, 53704577.383501
Z3, 34, 11, 4K, 93112.000000, 0.001370, 67964963.503650, 93112000.000000, 1.142146, 2, 6.979505, 52351373.423749, 52351373.423749
Z3, 35, 11, 4K, 90024.000000, 0.001206, 74646766.169154, 90024000.000000, 1.142146, 2, 6.979505, 53687733.956850, 53687733.956850
Z3, 36, 11, 4K, 76112.000000, 0.001160, 65613793.103448, 76112000.000000, 1.142146, 2, 6.979505, 51881139.343708, 51881139.343708
Z3, 37, 11, 4K, 104384.000000, 0.001362, 76640234.948605, 104384000.000000, 1.142146, 2, 6.979505, 54086427.712740, 54086427.712740
Z3, 38, 11, 4K, 148752.000000, 0.001580, 94146835.443038, 148752000.000000, 1.142146, 2, 6.979505, 57587747.811626, 57587747.811626
Z1, 0, 12, 4K, 115864.000000, 0.022912, 5056913.407821, 5266544.000000, 1.985630, 2, 7.136021, 53485478.217811, 53485478.217811
Z2, 0, 12, 4K, 6624.000000, 0.646568, 10244.862103, 10248.000000, 1.985630, 2, 7.136021, 52476144.508668, 52476144.508668
Z2, 1, 12, 4K, 11424.000000, 0.000875, 13056000.000000, 11424000.000000, 1.985630, 2, 7.136021, 55085295.536247, 55085295.536247
Z2, 2, 12, 4K, 11144.000000, 0.001019, 10936211.972522, 11144000.000000, 1.985630, 2, 7.136021, 54661337.930752, 54661337.930752
Z2, 3, 12, 4K, 12184.000000, 0.000759, 16052700.922266, 12184000.000000, 1.985630, 2, 7.136021, 55684635.720700, 55684635.720700
Z2, 4, 12, 4K, 141952.000000, 0.002321, 61159844.894442, 70976000.000000, 1.985630, 2, 7.136021, 64706064.515135, 64706064.515135
Z2, 5, 12, 4K, 104480.000000, 0.001710, 61099415.204678, 104480000.000000, 1.985630, 2, 7.136021, 64693978.577183, 64693978.577183
Z2, 6, 12, 4K, 439328.000000, 0.004388, 100120328.167730, 109832000.000000, 1.985630, 2, 7.136021, 72498161.169793, 72498161.169793
Z2, 7, 12, 4K, 256424.000000, 0.003427, 74824627.954479, 85474664.000000, 1.985630, 2, 7.136021, 67439021.127143, 67439021.127143
Z3, 0, 12, 4K, 20480.000000, 0.022756, 899982.422218, 930904.000000, 1.985630, 2, 7.136021, 52654092.020691, 52654092.020691
Z3, 1, 12, 4K, 19496.000000, 0.222257, 87718.272090, 87816.000000, 1.985630, 2, 7.136021, 52491639.190665, 52491639.190665
Z3, 2, 12, 4K, 41600.000000, 0.001519, 27386438.446346, 41600000.000000, 1.985630, 2, 7.136021, 57951383.225516, 57951383.225516
Z3, 3, 12, 4K, 26232.000000, 0.000888, 29540540.540541, 26232000.000000, 1.985630, 2, 7.136021, 58382203.644355, 58382203.644355
Z3, 4, 12, 4K, 35912.000000, 0.000940, 38204255.319149, 35912000.000000, 1.985630, 2, 7.136021, 60114946.600077, 60114946.600077
Z3, 5, 12, 4K, 31912.000000, 0.000960, 33241666.666667, 31912000.000000, 1.985630, 2, 7.136021, 59122428.869580, 59122428.869580
Z3, 6, 12, 4K, 19240.000000, 0.000851, 22608695.652174, 19240000.000000, 1.985630, 2, 7.136021, 56995834.666682, 56995834.666682
Z3, 7, 12, 4K, 15136.000000, 0.001052, 14387832.699620, 15136000.000000, 1.985630, 2, 7.136021, 55351662.076171, 55351662.076171
Z3, 8, 12, 4K, 11880.000000, 0.000938, 12665245.202559, 11880000.000000, 1.985630, 2, 7.136021, 55007144.576759, 55007144.576759
Z3, 9, 12, 4K, 110704.000000, 0.001813, 61061224.489796, 110704000.000000, 1.985630, 2, 7.136021, 64686340.434206, 64686340.434206
Z3, 10, 12, 4K, 129784.000000, 0.002515, 51603976.143141, 64892000.000000, 1.985630, 2, 7.136021, 62794890.764875, 62794890.764875
Z3, 11, 12, 4K, 166568.000000, 0.003996, 41683683.683684, 55522664.000000, 1.985630, 2, 7.136021, 60810832.272984, 60810832.272984
Z3, 12, 12, 4K, 122960.000000, 0.002793, 44024346.580738, 61480000.000000, 1.985630, 2, 7.136021, 61278964.852395, 61278964.852395
Z3, 13, 12, 4K, 171640.000000, 0.003706, 46314085.267134, 57213328.000000, 1.985630, 2, 7.136021, 61736912.589674, 61736912.589674
Z3, 14, 12, 4K, 164560.000000, 0.019312, 8521126.760563, 8661048.000000, 1.985630, 2, 7.136021, 54178320.888360, 54178320.888360
Z3, 15, 12, 4K, 200832.000000, 0.002664, 75387387.387387, 100416000.000000, 1.985630, 2, 7.136021, 67551573.013725, 67551573.013725
Z3, 16, 12, 4K, 163440.000000, 0.001915, 85347258.485640, 163440000.000000, 1.985630, 2, 7.136021, 69543547.233375, 69543547.233375
Z3, 17, 12, 4K, 195408.000000, 0.002377, 82207824.989483, 97704000.000000, 1.985630, 2, 7.136021, 68915660.534144, 68915660.534144
Z3, 18, 12, 4K, 214760.000000, 0.002276, 94358523.725835, 107380000.000000, 1.985630, 2, 7.136021, 71345800.281414, 71345800.281414
Z3, 19, 12, 4K, 248576.000000, 0.003960, 62771717.171717, 82858664.000000, 1.985630, 2, 7.136021, 65028438.970591, 65028438.970591
Z3, 20, 12, 4K, 345040.000000, 0.003487, 98950387.152280, 115013328.000000, 1.985630, 2, 7.136021, 72264172.966703, 72264172.966703
Z3, 21, 12, 4K, 295296.000000, 0.002952, 100032520.325203, 147648000.000000, 1.985630, 2, 7.136021, 72480599.601288, 72480599.601288
Z3, 22, 12, 4K, 385520.000000, 0.003736, 103190578.158458, 128506664.000000, 1.985630, 2, 7.136021, 73112211.167939, 73112211.167939
Z3, 23, 12, 4K, 219952.000000, 0.003214, 68435594.275047, 73317328.000000, 1.985630, 2, 7.136021, 66161214.391256, 66161214.391256
Z3, 24, 12, 4K, 323240.000000, 0.003929, 82270297.785696, 107746664.000000, 1.985630, 2, 7.136021, 68928155.093386, 68928155.093386
Z3, 25, 12, 4K, 481656.000000, 0.005272, 91361153.262519, 96331200.000000, 1.985630, 2, 7.136021, 70746326.188751, 70746326.188751
Z3, 26, 12, 4K, 552784.000000, 0.026236, 21069675.255374, 21260920.000000, 1.985630, 2, 7.136021, 56688030.587322, 56688030.587322
Z3, 27, 12, 4K, 177168.000000, 0.002249, 78776345.042241, 88584000.000000, 1.985630, 2, 7.136021, 68229364.544695, 68229364.544695
Z3, 28, 12, 4K, 80536.000000, 0.001299, 61998460.354119, 80536000.000000, 1.985630, 2, 7.136021, 64873787.607071, 64873787.607071
Z3, 29, 12, 4K, 78928.000000, 0.001192, 66214765.100671, 78928000.000000, 1.985630, 2, 7.136021, 65717048.556381, 65717048.556381
Z3, 30, 12, 4K, 90936.000000, 0.001594, 57048933.500627, 90936000.000000, 1.985630, 2, 7.136021, 63883882.236373, 63883882.236373
Z3, 31, 12, 4K, 108688.000000, 0.001801, 60348695.169350, 108688000.000000, 1.985630, 2, 7.136021, 64543834.570117, 64543834.570117
Z3, 32, 12, 4K, 106656.000000, 0.001619, 65877702.285361, 106656000.000000, 1.985630, 2, 7.136021, 65649635.993319, 65649635.993319
Z3, 33, 12, 4K, 105120.000000, 0.001662, 63249097.472924, 105120000.000000, 1.985630, 2, 7.136021, 65123915.030832, 65123915.030832
Z3, 34, 12, 4K, 114168.000000, 0.001800, 63426666.666667, 114168000.000000, 1.985630, 2, 7.136021, 65159428.869580, 65159428.869580
Z3, 35, 12, 4K, 172408.000000, 0.005870, 29371039.182283, 34481600.000000, 1.985630, 2, 7.136021, 58348303.372704, 58348303.372704
Z3, 36, 12, 4K, 121920.000000, 0.001838, 66332970.620239, 121920000.000000, 1.985630, 2, 7.136021, 65740689.660295, 65740689.660295
Z3, 37, 12, 4K, 90808.000000, 0.001492, 60863270.777480, 90808000.000000, 1.985630, 2, 7.136021, 64646749.691743, 64646749.691743
Z3, 38, 12, 4K, 97728.000000, 0.001531, 63832789.026780, 97728000.000000, 1.985630, 2, 7.136021, 65240653.341603, 65240653.341603
Z1, 0, 13, 4K, 231376.000000, 0.023939, 9665232.465851, 10059824.000000, 1.922812, 2, 8.198839, 56712754.801022, 56712754.801022
Z2, 0, 13, 4K, 6624.000000, 0.022058, 300299.211171, 301088.000000, 1.922812, 2, 8.198839, 54839768.150086, 54839768.150086
Z2, 1, 13, 4K, 14096.000000, 0.000945, 14916402.116402, 14096000.000000, 1.922812, 2, 8.198839, 57762988.731132, 57762988.731132
Z2, 2, 13, 4K, 12072.000000, 0.013428, 899016.979446, 928608.000000, 1.922812, 2, 8.198839, 54959511.703741, 54959511.703741
Z2, 3, 13, 4K, 11568.000000, 0.000960, 12050000.000000, 11568000.000000, 1.922812, 2, 8.198839, 57189708.307852, 57189708.307852
Z2, 4, 13, 4K, 265632.000000, 0.003457, 76838877.639572, 88544000.000000, 1.922812, 2, 8.198839, 70147483.835766, 70147483.835766
Z2, 5, 13, 4K, 183344.000000, 0.002670, 68668164.794007, 91672000.000000, 1.922812, 2, 8.198839, 68513341.266653, 68513341.266653
Z2, 6, 13, 4K, 344104.000000, 0.003396, 101326266.195524, 114701328.000000, 1.922812, 2, 8.198839, 75044961.546957, 75044961.546957
Z2, 7, 13, 4K, 316392.000000, 0.003146, 100569612.205976, 105464000.000000, 1.922812, 2, 8.198839, 74893630.749047, 74893630.749047
Z3, 0, 13, 4K, 18240.000000, 0.244760, 74521.980716, 74752.000000, 1.922812, 2, 8.198839, 54794612.703995, 54794612.703995
Z3, 1, 13, 4K, 19120.000000, 0.001028, 18599221.789883, 19120000.000000, 1.922812, 2, 8.198839, 58499552.665829, 58499552.665829
Z3, 2, 13, 4K, 17576.000000, 0.000813, 21618696.186962, 17576000.000000, 1.922812, 2, 8.198839, 59103447.545244, 59103447.545244
Z3, 3, 13, 4K, 13752.000000, 0.000880, 15627272.727273, 13752000.000000, 1.922812, 2, 8.198839, 57905162.853306, 57905162.853306
Z3, 4, 13, 4K, 20424.000000, 0.000800, 25530000.000000, 20424000.000000, 1.922812, 2, 8.198839, 59885708.307852, 59885708.307852
Z3, 5, 13, 4K, 31888.000000, 0.000951, 33531019.978970, 31888000.000000, 1.922812, 2, 8.198839, 61485912.303646, 61485912.303646
Z3, 6, 13, 4K, 34824.000000, 0.001290, 26995348.837209, 34824000.000000, 1.922812, 2, 8.198839, 60178778.075294, 60178778.075294
Z3, 7, 13, 4K, 27304.000000, 0.001168, 23376712.328767, 27304000.000000, 1.922812, 2, 8.198839, 59455050.773605, 59455050.773605
Z3, 8, 13, 4K, 24832.000000, 0.000958, 25920668.058455, 24832000.000000, 1.922812, 2, 8.198839, 59963841.919543, 59963841.919543
Z3, 9, 13, 4K, 102416.000000, 0.002289, 44742682.394059, 51208000.000000, 1.922812, 2, 8.198839, 63728244.786664, 63728244.786664
Z3, 10, 13, 4K, 123344.000000, 0.002343, 52643619.291507, 61672000.000000, 1.922812, 2, 8.198839, 65308432.166153, 65308432.166153
Z3, 11, 13, 4K, 125056.000000, 0.002022, 61847675.568744, 62528000.000000, 1.922812, 2, 8.198839, 67149243.421601, 67149243.421601
Z3, 12, 13, 4K, 117608.000000, 0.003041, 38674120.355146, 39202664.000000, 1.922812, 2, 8.198839, 62514532.378881, 62514532.378881
Z3, 13, 13, 4K, 166128.000000, 0.004856, 34210873.146623, 41532000.000000, 1.922812, 2, 8.198839, 61621882.937176, 61621882.937176
Z3, 14, 13, 4K, 184040.000000, 0.003501, 52567837.760640, 61346664.000000, 1.922812, 2, 8.198839, 65293275.859980, 65293275.859980
Z3, 15, 13, 4K, 326472.000000, 0.004931, 66208071.385115, 81618000.000000, 1.922812, 2, 8.198839, 68021322.584875, 68021322.584875
Z3, 16, 13, 4K, 315832.000000, 0.004686, 67399061.032864, 78958000.000000, 1.922812, 2, 8.198839, 68259520.514425, 68259520.514425
Z3, 17, 13, 4K, 278216.000000, 0.004247, 65508829.762185, 69554000.000000, 1.922812, 2, 8.198839, 67881474.260289, 67881474.260289
Z3, 18, 13, 4K, 213632.000000, 0.003333, 64096009.600960, 71210664.000000, 1.922812, 2, 8.198839, 67598910.228044, 67598910.228044
Z3, 19, 13, 4K, 248704.000000, 0.003884, 64032955.715757, 82901328.000000, 1.922812, 2, 8.198839, 67586299.451003, 67586299.451003
Z3, 20, 13, 4K, 291920.000000, 0.004105, 71113276.492083, 72980000.000000, 1.922812, 2, 8.198839, 69002363.606268, 69002363.606268
Z3, 21, 13, 4K, 272896.000000, 0.004083, 66837129.561597, 68224000.000000, 1.922812, 2, 8.198839, 68147134.220171, 68147134.220171
Z3, 22, 13, 4K, 353984.000000, 0.005248, 67451219.512195, 70796800.000000, 1.922812, 2, 8.198839, 68269952.210291, 68269952.210291
Z3, 23, 13, 4K, 187896.000000, 0.001817, 103410016.510732, 187896000.000000, 1.922812, 2, 8.198839, 75461711.609998, 75461711.609998
Z3, 24, 13, 4K, 267712.000000, 0.001598, 167529411.764706, 267712000.000000, 1.922812, 2, 8.198839, 88285590.660793, 88285590.660793
Z3, 25, 13, 4K, 360608.000000, 0.002314, 155837510.803803, 180304000.000000, 1.922812, 2, 8.198839, 85947210.468612, 85947210.468612
Z3, 26, 13, 4K, 316984.000000, 0.001850, 171342702.702703, 316984000.000000, 1.922812, 2, 8.198839, 89048248.848392, 89048248.848392
Z3, 27, 13, 4K, 217208.000000, 0.001609, 134995649.471722, 217208000.000000, 1.922812, 2, 8.198839, 81778838.202196, 81778838.202196
Z3, 28, 13, 4K, 94808.000000, 0.001288, 73608695.652174, 94808000.000000, 1.922812, 2, 8.198839, 69501447.438287, 69501447.438287
Z3, 29, 13, 4K, 89856.000000, 0.001326, 67764705.882353, 89856000.000000, 1.922812, 2, 8.198839, 68332649.484322, 68332649.484322
Z3, 30, 13, 4K, 76680.000000, 0.001378, 55645863.570392, 76680000.000000, 1.922812, 2, 8.198839, 65908881.021930, 65908881.021930
Z3, 31, 13, 4K, 75464.000000, 0.001248, 60467948.717949, 75464000.000000, 1.922812, 2, 8.198839, 66873298.051442, 66873298.051442
Z3, 32, 13, 4K, 75568.000000, 0.018213, 4149124.251908, 4198216.000000, 1.922812, 2, 8.198839, 55609533.158233, 55609533.158233
Z3, 33, 13, 4K, 53048.000000, 0.001142, 46451838.879159, 53048000.000000, 1.922812, 2, 8.198839, 64070076.083684, 64070076.083684
Z3, 34, 13, 4K, 71632.000000, 0.001205, 59445643.153527, 71632000.000000, 1.922812, 2, 8.198839, 66668836.938557, 66668836.938557
Z3, 35, 13, 4K, 124120.000000, 0.001440, 86194444.444444, 124120000.000000, 1.922812, 2, 8.198839, 72018597.196741, 72018597.196741
Z3, 36, 13, 4K, 159576.000000, 0.001507, 105889847.378898, 159576000.000000, 1.922812, 2, 8.198839, 75957677.783632, 75957677.783632
Z3, 37, 13, 4K, 162672.000000, 0.001665, 97700900.900901, 162672000.000000, 1.922812, 2, 8.198839, 74319888.488032, 74319888.488032
Z3, 38, 13, 4K, 176832.000000, 0.002607, 67829689.298044, 88416000.000000, 1.922812, 2, 8.198839, 68345646.167461, 68345646.167461
Z1, 0, 14, 4K, 310648.000000, 0.022735, 13663866.285463, 14120360.000000, 1.495579, 2, 8.626072, 57019174.506838, 57019174.506838
Z2, 0, 14, 4K, 6624.000000, 0.022899, 289270.273811, 301088.000000, 1.495579, 2, 8.626072, 54344255.304507, 54344255.304507
Z2, 1, 14, 4K, 65528.000000, 0.000992, 66056451.612903, 65528000.000000, 1.495579, 2, 8.626072, 67497691.572326, 67497691.572326
Z2, 2, 14, 4K, 36464.000000, 0.001119, 32586237.712243, 36464000.000000, 1.495579, 2, 8.626072, 60803648.792194, 60803648.792194
Z2, 3, 14, 4K, 26120.000000, 0.221828, 117748.886525, 118184.000000, 1.495579, 2, 8.626072, 54309951.027050, 54309951.027050
Z2, 4, 14, 4K, 276584.000000, 0.003308, 83610640.870617, 92194664.000000, 1.495579, 2, 8.626072, 71008529.423869, 71008529.423869
Z2, 5, 14, 4K, 275832.000000, 0.002709, 101820598.006645, 137916000.000000, 1.495579, 2, 8.626072, 74650520.851074, 74650520.851074
Z2, 6, 14, 4K, 392736.000000, 0.006266, 62677306.096393, 65456000.000000, 1.495579, 2, 8.626072, 66821862.469024, 66821862.469024
Z2, 7, 14, 4K, 324128.000000, 0.002554, 126909945.184025, 162064000.000000, 1.495579, 2, 8.626072, 79668390.286550, 79668390.286550
Z3, 0, 14, 4K, 19944.000000, 0.022136, 900975.786050, 906544.000000, 1.495579, 2, 8.626072, 54466596.406955, 54466596.406955
Z3, 1, 14, 4K, 27688.000000, 0.000984, 28138211.382114, 27688000.000000, 1.495579, 2, 8.626072, 59914043.526168, 59914043.526168
Z3, 2, 14, 4K, 29160.000000, 0.000993, 29365558.912387, 29160000.000000, 1.495579, 2, 8.626072, 60159513.032223, 60159513.032223
Z3, 3, 14, 4K, 17040.000000, 0.000945, 18031746.031746, 17040000.000000, 1.495579, 2, 8.626072, 57892750.456094, 57892750.456094
Z3, 4, 14, 4K, 29288.000000, 0.000961, 30476586.888658, 29288000.000000, 1.495579, 2, 8.626072, 60381718.627477, 60381718.627477
Z3, 5, 14, 4K, 29392.000000, 0.001109, 26503155.996393, 29392000.000000, 1.495579, 2, 8.626072, 59587032.449024, 59587032.449024
Z3, 6, 14, 4K, 19864.000000, 0.001211, 16402972.749794, 19864000.000000, 1.495579, 2, 8.626072, 57566995.799704, 57566995.799704
Z3, 7, 14, 4K, 46568.000000, 0.000981, 47469928.644241, 46568000.000000, 1.495579, 2, 8.626072, 63780386.978593, 63780386.978593
Z3, 8, 14, 4K, 77848.000000, 0.001661, 46868151.715834, 77848000.000000, 1.495579, 2, 8.626072, 63660031.592912, 63660031.592912
Z3, 9, 14, 4K, 121432.000000, 0.001964, 61828920.570265, 121432000.000000, 1.495579, 2, 8.626072, 66652185.363798, 66652185.363798
Z3, 10, 14, 4K, 178104.000000, 0.002042, 87220372.184133, 89052000.000000, 1.495579, 2, 8.626072, 71730475.686572, 71730475.686572
Z3, 11, 14, 4K, 144672.000000, 0.001684, 85909738.717340, 144672000.000000, 1.495579, 2, 8.626072, 71468348.993213, 71468348.993213
Z3, 12, 14, 4K, 153792.000000, 0.001823, 84362040.592430, 153792000.000000, 1.495579, 2, 8.626072, 71158809.368231, 71158809.368231
Z3, 13, 14, 4K, 193616.000000, 0.002143, 90348110.125992, 96808000.000000, 1.495579, 2, 8.626072, 72356023.274944, 72356023.274944
Z3, 14, 14, 4K, 215184.000000, 0.002046, 105173020.527859, 107592000.000000, 1.495579, 2, 8.626072, 75321005.355317, 75321005.355317
Z3, 15, 14, 4K, 391928.000000, 0.003286, 119272063.298844, 130642664.000000, 1.495579, 2, 8.626072, 78140813.909514, 78140813.909514
Z3, 16, 14, 4K, 320024.000000, 0.002683, 119278419.679463, 160012000.000000, 1.495579, 2, 8.626072, 78142085.185638, 78142085.185638
Z3, 17, 14, 4K, 268840.000000, 0.002380, 112957983.193277, 134420000.000000, 1.495579, 2, 8.626072, 76877997.888401, 76877997.888401
Z3, 18, 14, 4K, 163384.000000, 0.005124, 31886026.541764, 32676800.000000, 1.495579, 2, 8.626072, 60663606.558098, 60663606.558098
Z3, 19, 14, 4K, 193688.000000, 0.002122, 91276154.571159, 96844000.000000, 1.495579, 2, 8.626072, 72541632.163977, 72541632.163977
Z3, 20, 14, 4K, 225432.000000, 0.208368, 1081893.572909, 1083800.000000, 1.495579, 2, 8.626072, 54502779.964327, 54502779.964327
Z3, 21, 14, 4K, 248896.000000, 0.002605, 95545489.443378, 124448000.000000, 1.495579, 2, 8.626072, 73395499.138421, 73395499.138421
Z3, 22, 14, 4K, 266808.000000, 0.002424, 110069306.930693, 133404000.000000, 1.495579, 2, 8.626072, 76300262.635884, 76300262.635884
Z3, 23, 14, 4K, 164848.000000, 0.001713, 96233508.464682, 164848000.000000, 1.495579, 2, 8.626072, 73533102.942682, 73533102.942682
Z3, 24, 14, 4K, 188952.000000, 0.002161, 87437297.547432, 94476000.000000, 1.495579, 2, 8.626072, 71773860.759232, 71773860.759232
Z3, 25, 14, 4K, 335320.000000, 0.005722, 58601887.451940, 67064000.000000, 1.495579, 2, 8.626072, 66006778.740133, 66006778.740133
Z3, 26, 14, 4K, 365224.000000, 0.002872, 127167130.919220, 182612000.000000, 1.495579, 2, 8.626072, 79719827.433589, 79719827.433589
Z3, 27, 14, 4K, 211048.000000, 0.002439, 86530545.305453, 105524000.000000, 1.495579, 2, 8.626072, 71592510.310836, 71592510.310836
Z3, 28, 14, 4K, 37424.000000, 0.003049, 12274188.258445, 12474664.000000, 1.495579, 2, 8.626072, 56741238.901434, 56741238.901434
Z3, 29, 14, 4K, 36240.000000, 0.001026, 35321637.426901, 36240000.000000, 1.495579, 2, 8.626072, 61350728.735125, 61350728.735125
Z3, 30, 14, 4K, 32904.000000, 0.001013, 32481737.413623, 32904000.000000, 1.495579, 2, 8.626072, 60782748.732470, 60782748.732470
Z3, 31, 14, 4K, 33208.000000, 0.015946, 2082528.533802, 2213864.000000, 1.495579, 2, 8.626072, 54702906.956506, 54702906.956506
Z3, 32, 14, 4K, 27104.000000, 0.001532, 17691906.005222, 27104000.000000, 1.495579, 2, 8.626072, 57824782.450790, 57824782.450790
Z3, 33, 14, 4K, 27712.000000, 0.000913, 30352683.461117, 27712000.000000, 1.495579, 2, 8.626072, 60356937.941969, 60356937.941969
Z3, 34, 14, 4K, 69480.000000, 0.001143, 60787401.574803, 69480000.000000, 1.495579, 2, 8.626072, 66443881.564706, 66443881.564706
Z3, 35, 14, 4K, 104904.000000, 0.001837, 57106151.333696, 104904000.000000, 1.495579, 2, 8.626072, 65707631.516484, 65707631.516484
Z3, 36, 14, 4K, 111104.000000, 0.002936, 37841961.852861, 55552000.000000, 1.495579, 2, 8.626072, 61854793.620317, 61854793.620317
Z3, 37, 14, 4K, 102528.000000, 0.002305, 44480694.143167, 51264000.000000, 1.495579, 2, 8.626072, 63182540.078379, 63182540.078379
Z3, 38, 14, 4K, 101856.000000, 0.002109, 48295874.822191, 50928000.000000, 1.495579, 2, 8.626072, 63945576.214183, 63945576.214183
Z1, 0, 15, 4K, 278440.000000, 0.023684, 11756460.057423, 12106080.000000, 1.000000, 2, 10.236890, 57172329.729495, 57172329.729495
Z2, 0, 15, 4K, 6624.000000, 0.021683, 305492.782364, 315424.000000, 1.000000, 2, 10.236890, 54882136.274483, 54882136.274483
Z2, 1, 15, 4K, 92296.000000, 0.001228, 75159609.120521, 92296000.000000, 1.000000, 2, 10.236890, 69852959.542115, 69852959.542115
Z2, 2, 15, 4K, 97816.000000, 0.001420, 68884507.042254, 97816000.000000, 1.000000, 2, 10.236890, 68597939.126461, 68597939.126461
Z2, 3, 15, 4K, 40600.000000, 0.001091, 37213565.536205, 40600000.000000, 1.000000, 2, 10.236890, 62263750.825251, 62263750.825251
Z2, 4, 15, 4K, 232152.000000, 0.002532, 91687203.791469, 116076000.000000, 1.000000, 2, 10.236890, 73158478.476304, 73158478.476304
Z2, 5, 15, 4K, 255400.000000, 0.002500, 102160000.000000, 127700000.000000, 1.000000, 2, 10.236890, 75253037.718010, 75253037.718010
Z2, 6, 15, 4K, 249784.000000, 0.002193, 113900592.795258, 124892000.000000, 1.000000, 2, 10.236890, 77601156.277062, 77601156.277062
Z2, 7, 15, 4K, 288648.000000, 0.002233, 129264666.368115, 144324000.000000, 1.000000, 2, 10.236890, 80673970.991633, 80673970.991633
Z3, 0, 15, 4K, 12608.000000, 0.021654, 582248.083495, 600376.000000, 1.000000, 2, 10.236890, 54937487.334709, 54937487.334709
Z3, 1, 15, 4K, 14232.000000, 0.000999, 14246246.246246, 14232000.000000, 1.000000, 2, 10.236890, 57670286.967260, 57670286.967260
Z3, 2, 15, 4K, 18288.000000, 0.001006, 18178926.441352, 18288000.000000, 1.000000, 2, 10.236890, 58456823.006281, 58456823.006281
Z3, 3, 15, 4K, 17960.000000, 0.000917, 19585605.234460, 17960000.000000, 1.000000, 2, 10.236890, 58738158.764902, 58738158.764902
Z3, 4, 15, 4K, 30136.000000, 0.000948, 31789029.535865, 30136000.000000, 1.000000, 2, 10.236890, 61178843.625183, 61178843.625183
Z3, 5, 15, 4K, 38832.000000, 0.001114, 34858168.761221, 38832000.000000, 1.000000, 2, 10.236890, 61792671.470255, 61792671.470255
Z3, 6, 15, 4K, 80120.000000, 0.001307, 61300688.599847, 80120000.000000, 1.000000, 2, 10.236890, 67081175.437980, 67081175.437980
Z3, 7, 15, 4K, 115624.000000, 0.001667, 69360527.894421, 115624000.000000, 1.000000, 2, 10.236890, 68693143.296895, 68693143.296895
Z3, 8, 15, 4K, 91976.000000, 0.001288, 71409937.888199, 91976000.000000, 1.000000, 2, 10.236890, 69103025.295650, 69103025.295650
Z3, 9, 15, 4K, 131496.000000, 0.001918, 68558915.537018, 131496000.000000, 1.000000, 2, 10.236890, 68532820.825414, 68532820.825414
Z3, 10, 15, 4K, 151608.000000, 0.001808, 83853982.300885, 151608000.000000, 1.000000, 2, 10.236890, 71591834.178187, 71591834.178187
Z3, 11, 15, 4K, 133200.000000, 0.001887, 70588235.294118, 133200000.000000, 1.000000, 2, 10.236890, 68938684.776834, 68938684.776834
Z3, 12, 15, 4K, 197848.000000, 0.022311, 8867733.405047, 8993088.000000, 1.000000, 2, 10.236890, 56594584.399020, 56594584.399020
Z3, 13, 15, 4K, 216432.000000, 0.002612, 82860643.185299, 108216000.000000, 1.000000, 2, 10.236890, 71393166.355070, 71393166.355070
Z3, 14, 15, 4K, 250032.000000, 0.003643, 68633543.782597, 83344000.000000, 1.000000, 2, 10.236890, 68547746.474530, 68547746.474530
Z3, 15, 15, 4K, 238656.000000, 0.002849, 83768339.768340, 119328000.000000, 1.000000, 2, 10.236890, 71574705.671678, 71574705.671678
Z3, 16, 15, 4K, 165160.000000, 0.002156, 76604823.747681, 82580000.000000, 1.000000, 2, 10.236890, 70142002.467547, 70142002.467547
Z3, 17, 15, 4K, 167848.000000, 0.002226, 75403414.195867, 83924000.000000, 1.000000, 2, 10.236890, 69901720.557184, 69901720.557184
Z3, 18, 15, 4K, 132104.000000, 0.002152, 61386617.100372, 66052000.000000, 1.000000, 2, 10.236890, 67098361.138085, 67098361.138085
Z3, 19, 15, 4K, 143824.000000, 0.002744, 52413994.169096, 71912000.000000, 1.000000, 2, 10.236890, 65303836.551830, 65303836.551830
Z3, 20, 15, 4K, 175072.000000, 0.002634, 66466211.085801, 87536000.000000, 1.000000, 2, 10.236890, 68114279.935171, 68114279.935171
Z3, 21, 15, 4K, 170296.000000, 0.002831, 60154009.184034, 85148000.000000, 1.000000, 2, 10.236890, 66851839.554817, 66851839.554817
Z3, 22, 15, 4K, 193376.000000, 0.002966, 65197572.488200, 96688000.000000, 1.000000, 2, 10.236890, 67860552.215650, 67860552.215650
Z3, 23, 15, 4K, 150872.000000, 0.002410, 62602489.626556, 75436000.000000, 1.000000, 2, 10.236890, 67341535.643322, 67341535.643322
Z3, 24, 15, 4K, 172416.000000, 0.002657, 64891230.711329, 86208000.000000, 1.000000, 2, 10.236890, 67799283.860276, 67799283.860276
Z3, 25, 15, 4K, 210512.000000, 0.003173, 66344784.115979, 70170664.000000, 1.000000, 2, 10.236890, 68089994.541206, 68089994.541206
Z3, 26, 15, 4K, 202256.000000, 0.002885, 70106065.857886, 101128000.000000, 1.000000, 2, 10.236890, 68842250.889588, 68842250.889588
Z3, 27, 15, 4K, 207528.000000, 0.002853, 72740273.396425, 103764000.000000, 1.000000, 2, 10.236890, 69369092.397295, 69369092.397295
Z3, 28, 15, 4K, 46288.000000, 0.001136, 40746478.873239, 46288000.000000, 1.000000, 2, 10.236890, 62970333.492658, 62970333.492658
Z3, 29, 15, 4K, 38120.000000, 0.001065, 35793427.230047, 38120000.000000, 1.000000, 2, 10.236890, 61979723.164020, 61979723.164020
Z3, 30, 15, 4K, 29864.000000, 0.000930, 32111827.956989, 29864000.000000, 1.000000, 2, 10.236890, 61243403.309408, 61243403.309408
Z3, 31, 15, 4K, 29864.000000, 0.001025, 29135609.756098, 29864000.000000, 1.000000, 2, 10.236890, 60648159.669230, 60648159.669230
Z3, 32, 15, 4K, 42832.000000, 0.017968, 2383793.410508, 2519528.000000, 1.000000, 2, 10.236890, 55297796.400112, 55297796.400112
Z3, 33, 15, 4K, 53400.000000, 0.001829, 29196282.121378, 53400000.000000, 1.000000, 2, 10.236890, 60660294.142286, 60660294.142286
Z3, 34, 15, 4K, 54248.000000, 0.001603, 33841547.099189, 54248000.000000, 1.000000, 2, 10.236890, 61589347.137848, 61589347.137848
Z3, 35, 15, 4K, 56416.000000, 0.001688, 33421800.947867, 56416000.000000, 1.000000, 2, 10.236890, 61505397.907584, 61505397.907584
Z3, 36, 15, 4K, 63392.000000, 0.001726, 36727694.090382, 63392000.000000, 1.000000, 2, 10.236890, 62166576.536087, 62166576.536087
Z3, 37, 15, 4K, 78136.000000, 0.001955, 39967263.427110, 78136000.000000, 1.000000, 2, 10.236890, 62814490.403432, 62814490.403432
Z3, 38, 15, 4K, 85200.000000, 0.001877, 45391582.312200, 85200000.000000, 1.000000, 2, 10.236890, 63899354.180450, 63899354.180450
