Zone, Tile_no, Seg_no, Reso, Seg_d_size, Seg_d_time, Bitrate, Bitrate1, Buf_lev, Buf_limit, Elapsed, Ref_vp, Local_avg
Z1, 0, 1, 720, 9960.000000, 0.172885, 57610.550366, 57904.000000, 1.000000, 2, 0.000064, 57610.550366, 57610.550366
Z2, 0, 1, 720, 8952.000000, 0.174506, 51299.095733, 51448.000000, 1.000000, 2, 0.000064, 25649.547867, 25649.547867
Z2, 1, 1, 720, 5424.000000, 0.050955, 106446.864881, 108480.000000, 1.000000, 2, 0.000064, 35482.288294, 35482.288294
Z2, 2, 1, 720, 7080.000000, 0.051097, 138559.993737, 138816.000000, 1.000000, 2, 0.000064, 34639.998434, 34639.998434
Z2, 3, 1, 720, 18976.000000, 0.051079, 371502.965994, 372072.000000, 1.000000, 2, 0.000064, 74300.593199, 74300.593199
Z2, 4, 1, 720, 8720.000000, 0.051045, 170829.660104, 170976.000000, 1.000000, 2, 0.000064, 34165.932021, 34165.932021
Z2, 5, 1, 720, 8336.000000, 0.051040, 163322.884013, 163448.000000, 1.000000, 2, 0.000064, 32664.576803, 32664.576803
Z2, 6, 1, 720, 6376.000000, 0.051010, 124995.099000, 125016.000000, 1.000000, 2, 0.000064, 24999.019800, 24999.019800
Z2, 7, 1, 720, 6872.000000, 0.051026, 134676.439462, 134744.000000, 1.000000, 2, 0.000064, 26935.287892, 26935.287892
Z3, 0, 1, 720, 7080.000000, 0.176778, 40050.232495, 40224.000000, 1.000000, 2, 0.000064, 8010.046499, 8010.046499
Z3, 1, 1, 720, 7080.000000, 0.050888, 139129.067757, 141600.000000, 1.000000, 2, 0.000064, 27825.813551, 27825.813551
Z3, 2, 1, 720, 5664.000000, 0.050964, 111137.273369, 113280.000000, 1.000000, 2, 0.000064, 22227.454674, 22227.454674
Z3, 3, 1, 720, 7080.000000, 0.050950, 138959.764475, 141600.000000, 1.000000, 2, 0.000064, 27791.952895, 27791.952895
Z3, 4, 1, 720, 7080.000000, 0.050876, 139161.883796, 141600.000000, 1.000000, 2, 0.000064, 27832.376759, 27832.376759
Z3, 5, 1, 720, 5664.000000, 0.050890, 111298.879937, 113280.000000, 1.000000, 2, 0.000064, 22259.775987, 22259.775987
Z3, 6, 1, 720, 7080.000000, 0.050944, 138976.130653, 141600.000000, 1.000000, 2, 0.000064, 27795.226131, 27795.226131
Z3, 7, 1, 720, 7080.000000, 0.050939, 138989.772080, 141600.000000, 1.000000, 2, 0.000064, 27797.954416, 27797.954416
Z3, 8, 1, 720, 5664.000000, 0.050930, 111211.466719, 113280.000000, 1.000000, 2, 0.000064, 22242.293344, 22242.293344
Z3, 9, 1, 720, 7080.000000, 0.050937, 138995.229401, 141600.000000, 1.000000, 2, 0.000064, 27799.045880, 27799.045880
Z3, 10, 1, 720, 12904.000000, 0.050918, 253427.078833, 258080.000000, 1.000000, 2, 0.000064, 50685.415767, 50685.415767
Z3, 11, 1, 720, 17344.000000, 0.050971, 340271.919327, 346880.000000, 1.000000, 2, 0.000064, 68054.383865, 68054.383865
Z3, 12, 1, 720, 16912.000000, 0.050950, 331933.267910, 338240.000000, 1.000000, 2, 0.000064, 66386.653582, 66386.653582
Z3, 13, 1, 720, 13240.000000, 0.050910, 260066.784522, 264800.000000, 1.000000, 2, 0.000064, 52013.356904, 52013.356904
Z3, 14, 1, 720, 28328.000000, 0.051075, 554635.340186, 555448.000000, 1.000000, 2, 0.000064, 110927.068037, 110927.068037
Z3, 15, 1, 720, 30528.000000, 0.051016, 598400.501803, 598584.000000, 1.000000, 2, 0.000064, 119680.100361, 119680.100361
Z3, 16, 1, 720, 16360.000000, 0.051006, 320746.578834, 320784.000000, 1.000000, 2, 0.000064, 64149.315767, 64149.315767
Z3, 17, 1, 720, 33216.000000, 0.053233, 623973.850807, 626712.000000, 1.000000, 2, 0.000064, 124794.770161, 124794.770161
Z3, 18, 1, 720, 28000.000000, 0.051076, 548202.678362, 549016.000000, 1.000000, 2, 0.000064, 109640.535672, 109640.535672
Z3, 19, 1, 720, 15744.000000, 0.050989, 308772.480339, 314880.000000, 1.000000, 2, 0.000064, 61754.496068, 61754.496068
Z3, 20, 1, 720, 16024.000000, 0.051053, 313869.899908, 314192.000000, 1.000000, 2, 0.000064, 62773.979982, 62773.979982
Z3, 21, 1, 720, 11576.000000, 0.050981, 227064.984994, 231520.000000, 1.000000, 2, 0.000064, 45412.996999, 45412.996999
Z3, 22, 1, 720, 10816.000000, 0.050890, 212536.844174, 216320.000000, 1.000000, 2, 0.000064, 42507.368835, 42507.368835
Z3, 23, 1, 720, 13224.000000, 0.216393, 61111.034091, 61216.000000, 1.000000, 2, 0.000064, 12222.206818, 12222.206818
Z3, 24, 1, 720, 17528.000000, 0.216115, 81104.967263, 81144.000000, 1.000000, 2, 0.000064, 16220.993453, 16220.993453
Z3, 25, 1, 720, 23824.000000, 0.050907, 467990.649616, 476480.000000, 1.000000, 2, 0.000064, 93598.129923, 93598.129923
Z3, 26, 1, 720, 11024.000000, 0.050893, 216611.321793, 220480.000000, 1.000000, 2, 0.000064, 43322.264359, 43322.264359
Z3, 27, 1, 720, 15112.000000, 0.050981, 296424.158020, 302240.000000, 1.000000, 2, 0.000064, 59284.831604, 59284.831604
Z3, 28, 1, 720, 24552.000000, 0.051028, 481147.605236, 481408.000000, 1.000000, 2, 0.000064, 96229.521047, 96229.521047
Z3, 29, 1, 720, 10824.000000, 0.050932, 212518.652321, 216480.000000, 1.000000, 2, 0.000064, 42503.730464, 42503.730464
Z3, 30, 1, 720, 6872.000000, 0.050786, 135312.881503, 137440.000000, 1.000000, 2, 0.000064, 27062.576301, 27062.576301
Z3, 31, 1, 720, 6872.000000, 0.050969, 134827.051737, 137440.000000, 1.000000, 2, 0.000064, 26965.410347, 26965.410347
Z3, 32, 1, 720, 6376.000000, 0.050903, 125257.843349, 127520.000000, 1.000000, 2, 0.000064, 25051.568670, 25051.568670
Z3, 33, 1, 720, 6872.000000, 0.050872, 135084.132725, 137440.000000, 1.000000, 2, 0.000064, 27016.826545, 27016.826545
Z3, 34, 1, 720, 6872.000000, 0.050880, 135062.893082, 137440.000000, 1.000000, 2, 0.000064, 27012.578616, 27012.578616
Z3, 35, 1, 720, 6376.000000, 0.050952, 125137.384205, 127520.000000, 1.000000, 2, 0.000064, 25027.476841, 25027.476841
Z3, 36, 1, 720, 6872.000000, 0.050940, 134903.808402, 137440.000000, 1.000000, 2, 0.000064, 26980.761680, 26980.761680
Z3, 37, 1, 720, 6872.000000, 0.050943, 134895.864005, 137440.000000, 1.000000, 2, 0.000064, 26979.172801, 26979.172801
Z3, 38, 1, 720, 6376.000000, 0.050944, 125157.035176, 127520.000000, 1.000000, 2, 0.000064, 25031.407035, 25031.407035
Z1, 0, 2, 720, 9320.000000, 0.171333, 54396.992990, 54496.000000, 1.000000, 2, 3.156719, 35910.805633, 35910.805633
Z2, 0, 2, 720, 6624.000000, 0.248655, 26639.319539, 26704.000000, 1.000000, 2, 3.156719, 30359.270943, 30359.270943
Z2, 1, 2, 720, 5424.000000, 0.050963, 106430.155211, 108480.000000, 1.000000, 2, 3.156719, 46317.438077, 46317.438077
Z2, 2, 2, 720, 7080.000000, 0.050851, 139230.300289, 141600.000000, 1.000000, 2, 3.156719, 52877.467093, 52877.467093
Z2, 3, 2, 720, 18392.000000, 0.050946, 361009.696541, 367840.000000, 1.000000, 2, 3.156719, 97233.346343, 97233.346343
Z2, 4, 2, 720, 9160.000000, 0.051054, 179417.871274, 179600.000000, 1.000000, 2, 3.156719, 60914.981290, 60914.981290
Z2, 5, 2, 720, 8048.000000, 0.050868, 158213.415114, 160960.000000, 1.000000, 2, 3.156719, 56674.090058, 56674.090058
Z2, 6, 2, 720, 6376.000000, 0.050966, 125103.009850, 127520.000000, 1.000000, 2, 3.156719, 50052.009005, 50052.009005
Z2, 7, 2, 720, 6872.000000, 0.050931, 134927.647209, 137440.000000, 1.000000, 2, 3.156719, 52016.936477, 52016.936477
Z3, 0, 2, 720, 7080.000000, 0.249101, 28422.206254, 28432.000000, 1.000000, 2, 3.156719, 30715.848286, 30715.848286
Z3, 1, 2, 720, 7080.000000, 0.051002, 138818.085565, 138816.000000, 1.000000, 2, 3.156719, 52795.024148, 52795.024148
Z3, 2, 2, 720, 5664.000000, 0.050925, 111222.385862, 113280.000000, 1.000000, 2, 3.156719, 47275.884207, 47275.884207
Z3, 3, 2, 720, 7080.000000, 0.050946, 138970.674832, 141600.000000, 1.000000, 2, 3.156719, 52825.542002, 52825.542002
Z3, 4, 2, 720, 7080.000000, 0.050949, 138962.491904, 141600.000000, 1.000000, 2, 3.156719, 52823.905416, 52823.905416
Z3, 5, 2, 720, 5664.000000, 0.050941, 111187.452151, 113280.000000, 1.000000, 2, 3.156719, 47268.897465, 47268.897465
Z3, 6, 2, 720, 7080.000000, 0.050960, 138932.496075, 141600.000000, 1.000000, 2, 3.156719, 52817.906250, 52817.906250
Z3, 7, 2, 720, 7080.000000, 0.050952, 138954.309939, 141600.000000, 1.000000, 2, 3.156719, 52822.269023, 52822.269023
Z3, 8, 2, 720, 5664.000000, 0.050947, 111174.357666, 113280.000000, 1.000000, 2, 3.156719, 47266.278568, 47266.278568
Z3, 9, 2, 720, 7080.000000, 0.050927, 139022.522434, 141600.000000, 1.000000, 2, 3.156719, 52835.911522, 52835.911522
Z3, 10, 2, 720, 12648.000000, 0.050986, 248068.097125, 252960.000000, 1.000000, 2, 3.156719, 74645.026460, 74645.026460
Z3, 11, 2, 720, 17112.000000, 0.051059, 335141.698819, 335528.000000, 1.000000, 2, 3.156719, 92059.746799, 92059.746799
Z3, 12, 2, 720, 15320.000000, 0.050956, 300651.542507, 306400.000000, 1.000000, 2, 3.156719, 85161.715537, 85161.715537
Z3, 13, 2, 720, 10704.000000, 0.051047, 209689.110036, 209880.000000, 1.000000, 2, 3.156719, 66969.229042, 66969.229042
Z3, 14, 2, 720, 18776.000000, 0.051033, 367918.797641, 368152.000000, 1.000000, 2, 3.156719, 98615.166563, 98615.166563
Z3, 15, 2, 720, 21848.000000, 0.051019, 428232.619220, 428392.000000, 1.000000, 2, 3.156719, 110677.930879, 110677.930879
Z3, 16, 2, 720, 12752.000000, 0.050983, 250122.589883, 255040.000000, 1.000000, 2, 3.156719, 75055.925012, 75055.925012
Z3, 17, 2, 720, 21856.000000, 0.050893, 429450.022596, 437120.000000, 1.000000, 2, 3.156719, 110921.411554, 110921.411554
Z3, 18, 2, 720, 16880.000000, 0.050904, 331604.589030, 337600.000000, 1.000000, 2, 3.156719, 91352.324841, 91352.324841
Z3, 19, 2, 720, 12128.000000, 0.050895, 238294.527950, 242560.000000, 1.000000, 2, 3.156719, 72690.312625, 72690.312625
Z3, 20, 2, 720, 15344.000000, 0.050916, 301359.101265, 306880.000000, 1.000000, 2, 3.156719, 85303.227288, 85303.227288
Z3, 21, 2, 720, 11592.000000, 0.050800, 228188.976378, 231840.000000, 1.000000, 2, 3.156719, 70669.202311, 70669.202311
Z3, 22, 2, 720, 9952.000000, 0.050743, 196125.573971, 199040.000000, 1.000000, 2, 3.156719, 64256.521829, 64256.521829
Z3, 23, 2, 720, 11064.000000, 0.050770, 217923.970849, 221280.000000, 1.000000, 2, 3.156719, 68616.201205, 68616.201205
Z3, 24, 2, 720, 14728.000000, 0.050909, 289300.516608, 294560.000000, 1.000000, 2, 3.156719, 82891.510357, 82891.510357
Z3, 25, 2, 720, 16264.000000, 0.050897, 319547.321060, 325280.000000, 1.000000, 2, 3.156719, 88940.871247, 88940.871247
Z3, 26, 2, 720, 9504.000000, 0.050829, 186979.873694, 190080.000000, 1.000000, 2, 3.156719, 62427.381774, 62427.381774
Z3, 27, 2, 720, 12688.000000, 0.050727, 250123.208548, 253760.000000, 1.000000, 2, 3.156719, 75056.048745, 75056.048745
Z3, 28, 2, 720, 17320.000000, 0.050872, 340462.336845, 346400.000000, 1.000000, 2, 3.156719, 93123.874404, 93123.874404
Z3, 29, 2, 720, 10632.000000, 0.050902, 208871.950022, 212640.000000, 1.000000, 2, 3.156719, 66805.797039, 66805.797039
Z3, 30, 2, 720, 6872.000000, 0.050689, 135571.820316, 137440.000000, 1.000000, 2, 3.156719, 52145.771098, 52145.771098
Z3, 31, 2, 720, 6872.000000, 0.050875, 135076.167076, 137440.000000, 1.000000, 2, 3.156719, 52046.640450, 52046.640450
Z3, 32, 2, 720, 6376.000000, 0.050867, 125346.491832, 127520.000000, 1.000000, 2, 3.156719, 50100.705402, 50100.705402
Z3, 33, 2, 720, 6872.000000, 0.050886, 135046.967732, 137440.000000, 1.000000, 2, 3.156719, 52040.800582, 52040.800582
Z3, 34, 2, 720, 6872.000000, 0.050869, 135092.099314, 137440.000000, 1.000000, 2, 3.156719, 52049.826898, 52049.826898
Z3, 35, 2, 720, 6376.000000, 0.050853, 125381.000138, 127520.000000, 1.000000, 2, 3.156719, 50107.607063, 50107.607063
Z3, 36, 2, 720, 6872.000000, 0.050885, 135049.621696, 137440.000000, 1.000000, 2, 3.156719, 52041.331374, 52041.331374
Z3, 37, 2, 720, 6872.000000, 0.050925, 134943.544428, 137440.000000, 1.000000, 2, 3.156719, 52020.115921, 52020.115921
Z3, 38, 2, 720, 6376.000000, 0.050879, 125316.928399, 127520.000000, 1.000000, 2, 3.156719, 50094.792715, 50094.792715
Z1, 0, 3, 720, 9896.000000, 0.222570, 44462.416318, 44576.000000, 1.000000, 2, 6.124144, 58987.275979, 58987.275979
Z2, 0, 3, 720, 6624.000000, 0.173536, 38170.754195, 38288.000000, 1.000000, 2, 6.124144, 57728.943554, 57728.943554
Z2, 1, 3, 720, 5424.000000, 0.050950, 106457.311089, 108480.000000, 1.000000, 2, 6.124144, 71386.254933, 71386.254933
Z2, 2, 3, 720, 7080.000000, 0.051033, 138733.760508, 138816.000000, 1.000000, 2, 6.124144, 77841.544817, 77841.544817
Z2, 3, 3, 720, 18632.000000, 0.051072, 364818.295739, 365328.000000, 1.000000, 2, 6.124144, 123058.451863, 123058.451863
Z2, 4, 3, 720, 9664.000000, 0.050974, 189586.848197, 193280.000000, 1.000000, 2, 6.124144, 88012.162354, 88012.162354
Z2, 5, 3, 720, 8424.000000, 0.050881, 165562.783750, 168480.000000, 1.000000, 2, 6.124144, 83207.349465, 83207.349465
Z2, 6, 3, 720, 6376.000000, 0.050980, 125068.654374, 127520.000000, 1.000000, 2, 6.124144, 75108.523590, 75108.523590
Z2, 7, 3, 720, 6872.000000, 0.051078, 134539.332002, 134744.000000, 1.000000, 2, 6.124144, 77002.659115, 77002.659115
Z3, 0, 3, 720, 7080.000000, 0.173926, 40706.967331, 40920.000000, 1.000000, 2, 6.124144, 58236.186181, 58236.186181
Z3, 1, 3, 720, 7080.000000, 0.050907, 139077.140668, 141600.000000, 1.000000, 2, 6.124144, 77910.220849, 77910.220849
Z3, 2, 3, 720, 5664.000000, 0.050900, 111277.013752, 113280.000000, 1.000000, 2, 6.124144, 72350.195465, 72350.195465
Z3, 3, 3, 720, 7080.000000, 0.051011, 138793.593539, 138816.000000, 1.000000, 2, 6.124144, 77853.511423, 77853.511423
Z3, 4, 3, 720, 7080.000000, 0.050981, 138875.267256, 141600.000000, 1.000000, 2, 6.124144, 77869.846166, 77869.846166
Z3, 5, 3, 720, 5664.000000, 0.050976, 111111.111111, 113280.000000, 1.000000, 2, 6.124144, 72317.014937, 72317.014937
Z3, 6, 3, 720, 7080.000000, 0.050954, 138948.855831, 141600.000000, 1.000000, 2, 6.124144, 77884.563881, 77884.563881
Z3, 7, 3, 720, 7080.000000, 0.050979, 138880.715589, 141600.000000, 1.000000, 2, 6.124144, 77870.935833, 77870.935833
Z3, 8, 3, 720, 5664.000000, 0.050916, 111242.045722, 113280.000000, 1.000000, 2, 6.124144, 72343.201859, 72343.201859
Z3, 9, 3, 720, 7080.000000, 0.050970, 138905.238376, 141600.000000, 1.000000, 2, 6.124144, 77875.840390, 77875.840390
Z3, 10, 3, 720, 14120.000000, 0.051042, 276634.928098, 276856.000000, 1.000000, 2, 6.124144, 105421.778335, 105421.778335
Z3, 11, 3, 720, 17536.000000, 0.051058, 343452.544165, 343840.000000, 1.000000, 2, 6.124144, 118785.301548, 118785.301548
Z3, 12, 3, 720, 16008.000000, 0.051102, 313255.841259, 313880.000000, 1.000000, 2, 6.124144, 112745.960967, 112745.960967
Z3, 13, 3, 720, 10896.000000, 0.050988, 213697.340551, 217920.000000, 1.000000, 2, 6.124144, 92834.260825, 92834.260825
Z3, 14, 3, 720, 19720.000000, 0.051081, 386053.522836, 386664.000000, 1.000000, 2, 6.124144, 127305.497282, 127305.497282
Z3, 15, 3, 720, 20104.000000, 0.051077, 393601.816865, 394192.000000, 1.000000, 2, 6.124144, 128815.156088, 128815.156088
Z3, 16, 3, 720, 12504.000000, 0.051043, 244969.927316, 245176.000000, 1.000000, 2, 6.124144, 99088.778178, 99088.778178
Z3, 17, 3, 720, 23072.000000, 0.051032, 452108.480953, 452392.000000, 1.000000, 2, 6.124144, 140516.488906, 140516.488906
Z3, 18, 3, 720, 18112.000000, 0.051179, 353895.152309, 355136.000000, 1.000000, 2, 6.124144, 120873.823177, 120873.823177
Z3, 19, 3, 720, 12544.000000, 0.050950, 246202.158979, 250880.000000, 1.000000, 2, 6.124144, 99335.224511, 99335.224511
Z3, 20, 3, 720, 15304.000000, 0.051080, 299608.457322, 300072.000000, 1.000000, 2, 6.124144, 110016.484179, 110016.484179
Z3, 21, 3, 720, 12280.000000, 0.050960, 240973.312402, 245600.000000, 1.000000, 2, 6.124144, 98289.455195, 98289.455195
Z3, 22, 3, 720, 10368.000000, 0.050965, 203433.729030, 207360.000000, 1.000000, 2, 6.124144, 90781.538521, 90781.538521
Z3, 23, 3, 720, 10520.000000, 0.054784, 192026.869159, 194808.000000, 1.000000, 2, 6.124144, 88500.166547, 88500.166547
Z3, 24, 3, 720, 15288.000000, 0.051059, 299418.319983, 299760.000000, 1.000000, 2, 6.124144, 109978.456711, 109978.456711
Z3, 25, 3, 720, 16344.000000, 0.051038, 320231.984012, 320464.000000, 1.000000, 2, 6.124144, 114141.189517, 114141.189517
Z3, 26, 3, 720, 9016.000000, 0.050972, 176881.425096, 180320.000000, 1.000000, 2, 6.124144, 85471.077734, 85471.077734
Z3, 27, 3, 720, 13800.000000, 0.051067, 270233.223021, 270584.000000, 1.000000, 2, 6.124144, 104141.437319, 104141.437319
Z3, 28, 3, 720, 17664.000000, 0.051082, 345796.953917, 346352.000000, 1.000000, 2, 6.124144, 119254.183498, 119254.183498
Z3, 29, 3, 720, 10240.000000, 0.050989, 200827.629489, 204800.000000, 1.000000, 2, 6.124144, 90260.318613, 90260.318613
Z3, 30, 3, 720, 6872.000000, 0.050972, 134819.116378, 137440.000000, 1.000000, 2, 6.124144, 77058.615990, 77058.615990
Z3, 31, 3, 720, 6872.000000, 0.050964, 134840.279413, 137440.000000, 1.000000, 2, 6.124144, 77062.848598, 77062.848598
Z3, 32, 3, 720, 6376.000000, 0.051001, 125017.156526, 125016.000000, 1.000000, 2, 6.124144, 75098.224020, 75098.224020
Z3, 33, 3, 720, 6872.000000, 0.051003, 134737.172323, 134744.000000, 1.000000, 2, 6.124144, 77042.227180, 77042.227180
Z3, 34, 3, 720, 6872.000000, 0.051043, 134631.585134, 134744.000000, 1.000000, 2, 6.124144, 77021.109742, 77021.109742
Z3, 35, 3, 720, 6376.000000, 0.050961, 125115.284237, 127520.000000, 1.000000, 2, 6.124144, 75117.849562, 75117.849562
Z3, 36, 3, 720, 6872.000000, 0.050996, 134755.667111, 137440.000000, 1.000000, 2, 6.124144, 77045.926137, 77045.926137
Z3, 37, 3, 720, 6872.000000, 0.050959, 134853.509684, 137440.000000, 1.000000, 2, 6.124144, 77065.494652, 77065.494652
Z3, 38, 3, 720, 6376.000000, 0.051004, 125009.803153, 125016.000000, 1.000000, 2, 6.124144, 75096.753345, 75096.753345
Z1, 0, 4, 720, 22592.000000, 0.171725, 131559.178920, 132112.000000, 1.000000, 2, 8.999874, 101408.589129, 101408.589129
Z2, 0, 4, 720, 6624.000000, 0.173499, 38178.894403, 38288.000000, 1.000000, 2, 8.999874, 82732.532226, 82732.532226
Z2, 1, 4, 720, 6648.000000, 0.050922, 130552.609874, 132960.000000, 1.000000, 2, 8.999874, 101207.275320, 101207.275320
Z2, 2, 4, 720, 7200.000000, 0.050969, 141262.335930, 144000.000000, 1.000000, 2, 8.999874, 103349.220531, 103349.220531
Z2, 3, 4, 720, 7296.000000, 0.050970, 143143.025309, 145920.000000, 1.000000, 2, 8.999874, 103725.358407, 103725.358407
Z2, 4, 4, 720, 17272.000000, 0.051009, 338606.912506, 338664.000000, 1.000000, 2, 8.999874, 142818.135847, 142818.135847
Z2, 5, 4, 720, 26240.000000, 0.051020, 514308.114465, 514504.000000, 1.000000, 2, 8.999874, 177958.376238, 177958.376238
Z2, 6, 4, 720, 12720.000000, 0.050921, 249798.707802, 254400.000000, 1.000000, 2, 8.999874, 125056.494906, 125056.494906
Z2, 7, 4, 720, 11496.000000, 0.050905, 225832.432963, 229920.000000, 1.000000, 2, 8.999874, 120263.239938, 120263.239938
Z3, 0, 4, 720, 6448.000000, 0.171831, 37525.242826, 37704.000000, 1.000000, 2, 8.999874, 82601.801911, 82601.801911
Z3, 1, 4, 720, 7448.000000, 0.050920, 146268.656716, 148960.000000, 1.000000, 2, 8.999874, 104350.484689, 104350.484689
Z3, 2, 4, 720, 7424.000000, 0.050917, 145805.919438, 148480.000000, 1.000000, 2, 8.999874, 104257.937233, 104257.937233
Z3, 3, 4, 720, 6648.000000, 0.050862, 130706.617907, 132960.000000, 1.000000, 2, 8.999874, 101238.076927, 101238.076927
Z3, 4, 4, 720, 7224.000000, 0.050917, 141877.958246, 144480.000000, 1.000000, 2, 8.999874, 103472.344995, 103472.344995
Z3, 5, 4, 720, 7240.000000, 0.050866, 142334.761923, 144800.000000, 1.000000, 2, 8.999874, 103563.705730, 103563.705730
Z3, 6, 4, 720, 6648.000000, 0.050901, 130606.471386, 132960.000000, 1.000000, 2, 8.999874, 101218.047623, 101218.047623
Z3, 7, 4, 720, 7232.000000, 0.050920, 142026.708562, 144640.000000, 1.000000, 2, 8.999874, 103502.095058, 103502.095058
Z3, 8, 4, 720, 7296.000000, 0.050842, 143503.402699, 145920.000000, 1.000000, 2, 8.999874, 103797.433885, 103797.433885
Z3, 9, 4, 720, 16456.000000, 0.050995, 322698.303755, 329120.000000, 1.000000, 2, 8.999874, 139636.414097, 139636.414097
Z3, 10, 4, 720, 25392.000000, 0.050950, 498370.951914, 507840.000000, 1.000000, 2, 8.999874, 174770.943728, 174770.943728
Z3, 11, 4, 720, 21592.000000, 0.050981, 423530.334831, 431840.000000, 1.000000, 2, 8.999874, 159802.820312, 159802.820312
Z3, 12, 4, 720, 13528.000000, 0.050961, 265457.899178, 270560.000000, 1.000000, 2, 8.999874, 128188.333181, 128188.333181
Z3, 13, 4, 720, 29512.000000, 0.051030, 578326.474623, 578664.000000, 1.000000, 2, 8.999874, 190762.048270, 190762.048270
Z3, 14, 4, 720, 29688.000000, 0.050965, 582517.413912, 593760.000000, 1.000000, 2, 8.999874, 191600.236128, 191600.236128
Z3, 15, 4, 720, 16760.000000, 0.051036, 328395.642292, 328624.000000, 1.000000, 2, 8.999874, 140775.881804, 140775.881804
Z3, 16, 4, 720, 33128.000000, 0.050984, 649772.477640, 662560.000000, 1.000000, 2, 8.999874, 205051.248873, 205051.248873
Z3, 17, 4, 720, 26248.000000, 0.050908, 515596.762788, 524960.000000, 1.000000, 2, 8.999874, 178216.105903, 178216.105903
Z3, 18, 4, 720, 14624.000000, 0.050911, 287246.371118, 292480.000000, 1.000000, 2, 8.999874, 132546.027569, 132546.027569
Z3, 19, 4, 720, 26816.000000, 0.051071, 525072.937675, 525800.000000, 1.000000, 2, 8.999874, 180111.340880, 180111.340880
Z3, 20, 4, 720, 23128.000000, 0.050991, 453570.237885, 462560.000000, 1.000000, 2, 8.999874, 165810.800922, 165810.800922
Z3, 21, 4, 720, 19440.000000, 0.051008, 381116.687578, 381176.000000, 1.000000, 2, 8.999874, 151320.090861, 151320.090861
Z3, 22, 4, 720, 29088.000000, 0.051077, 569493.118233, 570352.000000, 1.000000, 2, 8.999874, 188995.376992, 188995.376992
Z3, 23, 4, 720, 29840.000000, 0.050990, 585212.786821, 596800.000000, 1.000000, 2, 8.999874, 192139.310710, 192139.310710
Z3, 24, 4, 720, 17200.000000, 0.050944, 337625.628141, 344000.000000, 1.000000, 2, 8.999874, 142621.878974, 142621.878974
Z3, 25, 4, 720, 25664.000000, 0.051030, 502919.851068, 503208.000000, 1.000000, 2, 8.999874, 175680.723559, 175680.723559
Z3, 26, 4, 720, 26808.000000, 0.050982, 525832.646817, 536160.000000, 1.000000, 2, 8.999874, 180263.282709, 180263.282709
Z3, 27, 4, 720, 17472.000000, 0.050996, 342615.107067, 349440.000000, 1.000000, 2, 8.999874, 143619.774759, 143619.774759
Z3, 28, 4, 720, 6448.000000, 0.050918, 126634.981735, 128960.000000, 1.000000, 2, 8.999874, 100423.749693, 100423.749693
Z3, 29, 4, 720, 7200.000000, 0.050935, 141356.631000, 144000.000000, 1.000000, 2, 8.999874, 103368.079546, 103368.079546
Z3, 30, 4, 720, 7520.000000, 0.050952, 147589.888523, 150400.000000, 1.000000, 2, 8.999874, 104614.731050, 104614.731050
Z3, 31, 4, 720, 6728.000000, 0.050952, 132045.847072, 134560.000000, 1.000000, 2, 8.999874, 101505.922760, 101505.922760
Z3, 32, 4, 720, 7224.000000, 0.304788, 23701.720540, 23760.000000, 1.000000, 2, 8.999874, 79837.097454, 79837.097454
Z3, 33, 4, 720, 7256.000000, 0.050860, 142666.142352, 145120.000000, 1.000000, 2, 8.999874, 103629.981816, 103629.981816
Z3, 34, 4, 720, 6544.000000, 0.050827, 128750.467271, 130880.000000, 1.000000, 2, 8.999874, 100846.846800, 100846.846800
Z3, 35, 4, 720, 12272.000000, 0.050879, 241199.709114, 245440.000000, 1.000000, 2, 8.999874, 123336.695168, 123336.695168
Z3, 36, 4, 720, 8544.000000, 0.050963, 167651.040951, 170880.000000, 1.000000, 2, 8.999874, 108626.961536, 108626.961536
Z3, 37, 4, 720, 6424.000000, 0.050928, 126138.862708, 128480.000000, 1.000000, 2, 8.999874, 100324.525887, 100324.525887
Z3, 38, 4, 720, 6872.000000, 0.050926, 134940.894631, 137440.000000, 1.000000, 2, 8.999874, 102084.932272, 102084.932272
Z1, 0, 5, 720, 20272.000000, 0.172095, 117795.403701, 117856.000000, 1.000000, 2, 12.070174, 125644.013012, 125644.013012
Z2, 0, 5, 720, 6624.000000, 0.250252, 26469.318927, 26496.000000, 1.000000, 2, 12.070174, 107378.796057, 107378.796057
Z2, 1, 5, 720, 7616.000000, 0.050957, 149459.348078, 152320.000000, 1.000000, 2, 12.070174, 131976.801887, 131976.801887
Z2, 2, 5, 720, 8792.000000, 0.050931, 172625.709293, 175840.000000, 1.000000, 2, 12.070174, 136610.074130, 136610.074130
Z2, 3, 5, 720, 8816.000000, 0.051018, 172801.756243, 172856.000000, 1.000000, 2, 12.070174, 136645.283520, 136645.283520
Z2, 4, 5, 720, 14976.000000, 0.051005, 293618.272718, 293640.000000, 1.000000, 2, 12.070174, 160808.586815, 160808.586815
Z2, 5, 5, 720, 25312.000000, 0.051065, 495681.973955, 496312.000000, 1.000000, 2, 12.070174, 201221.327063, 201221.327063
Z2, 6, 5, 720, 13208.000000, 0.050911, 259433.128401, 264160.000000, 1.000000, 2, 12.070174, 153971.557952, 153971.557952
Z2, 7, 5, 720, 16320.000000, 0.051007, 319956.084459, 320000.000000, 1.000000, 2, 12.070174, 166076.149164, 166076.149164
Z3, 0, 5, 720, 7712.000000, 0.173850, 44360.080529, 44576.000000, 1.000000, 2, 12.070174, 110956.948378, 110956.948378
Z3, 1, 5, 720, 9624.000000, 0.050945, 188909.608401, 192480.000000, 1.000000, 2, 12.070174, 139866.853952, 139866.853952
Z3, 2, 5, 720, 9096.000000, 0.050943, 178552.499853, 181920.000000, 1.000000, 2, 12.070174, 137795.432242, 137795.432242
Z3, 3, 5, 720, 7632.000000, 0.050855, 150073.739062, 152640.000000, 1.000000, 2, 12.070174, 132099.680084, 132099.680084
Z3, 4, 5, 720, 8304.000000, 0.050923, 163069.732734, 166080.000000, 1.000000, 2, 12.070174, 134698.878818, 134698.878818
Z3, 5, 5, 720, 8504.000000, 0.050916, 167020.190117, 170080.000000, 1.000000, 2, 12.070174, 135488.970295, 135488.970295
Z3, 6, 5, 720, 7384.000000, 0.050910, 145040.267138, 147680.000000, 1.000000, 2, 12.070174, 131092.985699, 131092.985699
Z3, 7, 5, 720, 8968.000000, 0.050942, 176043.343410, 179360.000000, 1.000000, 2, 12.070174, 137293.600954, 137293.600954
Z3, 8, 5, 720, 8912.000000, 0.050957, 174892.556469, 178240.000000, 1.000000, 2, 12.070174, 137063.443566, 137063.443566
Z3, 9, 5, 720, 16688.000000, 0.051075, 326735.193343, 327208.000000, 1.000000, 2, 12.070174, 167431.970940, 167431.970940
Z3, 10, 5, 720, 23832.000000, 0.051053, 466809.002409, 467288.000000, 1.000000, 2, 12.070174, 195446.732754, 195446.732754
Z3, 11, 5, 720, 21144.000000, 0.051035, 414303.909082, 414584.000000, 1.000000, 2, 12.070174, 184945.714088, 184945.714088
Z3, 12, 5, 720, 14272.000000, 0.050995, 279870.575547, 285440.000000, 1.000000, 2, 12.070174, 158059.047381, 158059.047381
Z3, 13, 5, 720, 27640.000000, 0.050997, 541992.666235, 552800.000000, 1.000000, 2, 12.070174, 210483.465519, 210483.465519
Z3, 14, 5, 720, 33288.000000, 0.178758, 186218.239184, 187008.000000, 1.000000, 2, 12.070174, 139328.580108, 139328.580108
Z3, 15, 5, 720, 17576.000000, 0.051014, 344532.873329, 344624.000000, 1.000000, 2, 12.070174, 170991.506938, 170991.506938
Z3, 16, 5, 720, 34872.000000, 0.051045, 683161.915957, 683760.000000, 1.000000, 2, 12.070174, 238717.315463, 238717.315463
Z3, 17, 5, 720, 27336.000000, 0.051082, 535139.579500, 536000.000000, 1.000000, 2, 12.070174, 209112.848172, 209112.848172
Z3, 18, 5, 720, 18312.000000, 0.050986, 359157.415761, 366240.000000, 1.000000, 2, 12.070174, 173916.415424, 173916.415424
Z3, 19, 5, 720, 41432.000000, 0.051092, 810929.304001, 812392.000000, 1.000000, 2, 12.070174, 264270.793072, 264270.793072
Z3, 20, 5, 720, 36760.000000, 0.051135, 718881.392393, 720784.000000, 1.000000, 2, 12.070174, 245861.210750, 245861.210750
Z3, 21, 5, 720, 21272.000000, 0.050981, 417253.486593, 425440.000000, 1.000000, 2, 12.070174, 185535.629590, 185535.629590
Z3, 22, 5, 720, 43464.000000, 0.051113, 850351.182674, 852232.000000, 1.000000, 2, 12.070174, 272155.168806, 272155.168806
Z3, 23, 5, 720, 42000.000000, 0.051079, 822255.721529, 823528.000000, 1.000000, 2, 12.070174, 266536.076578, 266536.076578
Z3, 24, 5, 720, 20304.000000, 0.055006, 369123.368360, 369160.000000, 1.000000, 2, 12.070174, 175909.605944, 175909.605944
Z3, 25, 5, 720, 32736.000000, 0.177246, 184692.461325, 184944.000000, 1.000000, 2, 12.070174, 139023.424537, 139023.424537
Z3, 26, 5, 720, 34608.000000, 0.051010, 678455.204862, 678584.000000, 1.000000, 2, 12.070174, 237775.973244, 237775.973244
Z3, 27, 5, 720, 21272.000000, 0.051030, 416852.831668, 417096.000000, 1.000000, 2, 12.070174, 185455.498605, 185455.498605
Z3, 28, 5, 720, 8752.000000, 0.050953, 171766.137421, 175040.000000, 1.000000, 2, 12.070174, 136438.159756, 136438.159756
Z3, 29, 5, 720, 12760.000000, 0.050996, 250215.703192, 255200.000000, 1.000000, 2, 12.070174, 152128.072910, 152128.072910
Z3, 30, 5, 720, 15440.000000, 0.050999, 302751.034334, 308800.000000, 1.000000, 2, 12.070174, 162635.139139, 162635.139139
Z3, 31, 5, 720, 10000.000000, 0.050975, 196174.595390, 200000.000000, 1.000000, 2, 12.070174, 141319.851350, 141319.851350
Z3, 32, 5, 720, 15200.000000, 0.050924, 298484.015395, 304000.000000, 1.000000, 2, 12.070174, 161781.735351, 161781.735351
Z3, 33, 5, 720, 18352.000000, 0.050981, 359977.246425, 367040.000000, 1.000000, 2, 12.070174, 174080.381557, 174080.381557
Z3, 34, 5, 720, 11224.000000, 0.050968, 220216.606498, 224480.000000, 1.000000, 2, 12.070174, 146128.253571, 146128.253571
Z3, 35, 5, 720, 23240.000000, 0.051035, 455373.763104, 455680.000000, 1.000000, 2, 12.070174, 193159.684893, 193159.684893
Z3, 36, 5, 720, 16824.000000, 0.213813, 78685.580390, 78984.000000, 1.000000, 2, 12.070174, 117822.048350, 117822.048350
Z3, 37, 5, 720, 9680.000000, 0.050965, 189934.268616, 193600.000000, 1.000000, 2, 12.070174, 140071.785995, 140071.785995
Z3, 38, 5, 720, 12888.000000, 0.050962, 252894.313410, 257760.000000, 1.000000, 2, 12.070174, 152663.794954, 152663.794954
Z1, 0, 6, 720, 14912.000000, 0.222785, 66934.488408, 67168.000000, 1.000000, 2, 15.389522, 141019.285600, 141019.285600
Z2, 0, 6, 720, 6624.000000, 0.171978, 38516.554443, 38736.000000, 1.000000, 2, 15.389522, 135335.698807, 135335.698807
Z2, 1, 6, 720, 6768.000000, 0.050901, 132963.988920, 135360.000000, 1.000000, 2, 15.389522, 154225.185703, 154225.185703
Z2, 2, 6, 720, 7488.000000, 0.050897, 147120.655441, 149760.000000, 1.000000, 2, 15.389522, 157056.519007, 157056.519007
Z2, 3, 6, 720, 7752.000000, 0.050971, 152086.480548, 155040.000000, 1.000000, 2, 15.389522, 158049.684028, 158049.684028
Z2, 4, 6, 720, 10768.000000, 0.050932, 211419.147098, 215360.000000, 1.000000, 2, 15.389522, 169916.217338, 169916.217338
Z2, 5, 6, 720, 17456.000000, 0.050974, 342449.091694, 349120.000000, 1.000000, 2, 15.389522, 196122.206257, 196122.206257
Z2, 6, 6, 720, 9568.000000, 0.050999, 187611.521795, 191360.000000, 1.000000, 2, 15.389522, 165154.692277, 165154.692277
Z2, 7, 6, 720, 12800.000000, 0.051020, 250882.007056, 250976.000000, 1.000000, 2, 15.389522, 177808.789330, 177808.789330
Z3, 0, 6, 720, 6760.000000, 0.172440, 39202.041290, 39296.000000, 1.000000, 2, 15.389522, 135472.796177, 135472.796177
Z3, 1, 6, 720, 8320.000000, 0.051025, 163057.324841, 163136.000000, 1.000000, 2, 15.389522, 160243.852887, 160243.852887
Z3, 2, 6, 720, 7800.000000, 0.050949, 153094.270741, 156000.000000, 1.000000, 2, 15.389522, 158251.242067, 158251.242067
Z3, 3, 6, 720, 6928.000000, 0.051022, 135784.563522, 135840.000000, 1.000000, 2, 15.389522, 154789.300623, 154789.300623
Z3, 4, 6, 720, 7472.000000, 0.050971, 146593.160817, 149440.000000, 1.000000, 2, 15.389522, 156951.020082, 156951.020082
Z3, 5, 6, 720, 7416.000000, 0.050956, 145537.326321, 148320.000000, 1.000000, 2, 15.389522, 156739.853183, 156739.853183
Z3, 6, 6, 720, 6760.000000, 0.050863, 132906.041720, 135200.000000, 1.000000, 2, 15.389522, 154213.596263, 154213.596263
Z3, 7, 6, 720, 7600.000000, 0.050926, 149236.146566, 152000.000000, 1.000000, 2, 15.389522, 157479.617232, 157479.617232
Z3, 8, 6, 720, 7600.000000, 0.050895, 149327.045879, 152000.000000, 1.000000, 2, 15.389522, 157497.797094, 157497.797094
Z3, 9, 6, 720, 12912.000000, 0.050991, 253221.156675, 258240.000000, 1.000000, 2, 15.389522, 178276.619254, 178276.619254
Z3, 10, 6, 720, 17552.000000, 0.050985, 344258.115132, 351040.000000, 1.000000, 2, 15.389522, 196484.010945, 196484.010945
Z3, 11, 6, 720, 14968.000000, 0.050958, 293732.093096, 299360.000000, 1.000000, 2, 15.389522, 186378.806538, 186378.806538
Z3, 12, 6, 720, 10336.000000, 0.050960, 202825.745683, 206720.000000, 1.000000, 2, 15.389522, 168197.537055, 168197.537055
Z3, 13, 6, 720, 18344.000000, 0.050951, 360032.187788, 366880.000000, 1.000000, 2, 15.389522, 199638.825476, 199638.825476
Z3, 14, 6, 720, 20456.000000, 0.051036, 400815.110902, 401096.000000, 1.000000, 2, 15.389522, 207795.410099, 207795.410099
Z3, 15, 6, 720, 12480.000000, 0.050945, 244970.065757, 249600.000000, 1.000000, 2, 15.389522, 176626.401070, 176626.401070
Z3, 16, 6, 720, 18912.000000, 0.051019, 370685.430918, 370816.000000, 1.000000, 2, 15.389522, 201769.474102, 201769.474102
Z3, 17, 6, 720, 16112.000000, 0.050987, 316002.118187, 322240.000000, 1.000000, 2, 15.389522, 190832.811556, 190832.811556
Z3, 18, 6, 720, 16088.000000, 0.051112, 314759.743309, 315448.000000, 1.000000, 2, 15.389522, 190584.336580, 190584.336580
Z3, 19, 6, 720, 31984.000000, 0.051053, 626486.200615, 627136.000000, 1.000000, 2, 15.389522, 252929.628042, 252929.628042
Z3, 20, 6, 720, 21472.000000, 0.051043, 420664.929569, 421016.000000, 1.000000, 2, 15.389522, 211765.373832, 211765.373832
Z3, 21, 6, 720, 19320.000000, 0.050972, 379031.625206, 386400.000000, 1.000000, 2, 15.389522, 203438.712960, 203438.712960
Z3, 22, 6, 720, 33040.000000, 0.051002, 647817.732638, 647840.000000, 1.000000, 2, 15.389522, 257195.934446, 257195.934446
Z3, 23, 6, 720, 26472.000000, 0.050919, 519884.522477, 529440.000000, 1.000000, 2, 15.389522, 231609.292414, 231609.292414
Z3, 24, 6, 720, 12984.000000, 0.050961, 254783.069406, 259680.000000, 1.000000, 2, 15.389522, 178589.001800, 178589.001800
Z3, 25, 6, 720, 21128.000000, 0.050919, 414933.521868, 422560.000000, 1.000000, 2, 15.389522, 210619.092292, 210619.092292
Z3, 26, 6, 720, 21576.000000, 0.050983, 423199.890159, 431520.000000, 1.000000, 2, 15.389522, 212272.365950, 212272.365950
Z3, 27, 6, 720, 14376.000000, 0.050933, 282253.156107, 287520.000000, 1.000000, 2, 15.389522, 184083.019140, 184083.019140
Z3, 28, 6, 720, 7048.000000, 0.050801, 138737.426429, 140960.000000, 1.000000, 2, 15.389522, 155379.873204, 155379.873204
Z3, 29, 6, 720, 8656.000000, 0.050952, 169885.382321, 173120.000000, 1.000000, 2, 15.389522, 161609.464383, 161609.464383
Z3, 30, 6, 720, 9488.000000, 0.050975, 186130.456106, 189760.000000, 1.000000, 2, 15.389522, 164858.479140, 164858.479140
Z3, 31, 6, 720, 8424.000000, 0.050904, 165487.977369, 168480.000000, 1.000000, 2, 15.389522, 160729.983392, 160729.983392
Z3, 32, 6, 720, 9328.000000, 0.050972, 183002.432708, 186560.000000, 1.000000, 2, 15.389522, 164232.874460, 164232.874460
Z3, 33, 6, 720, 8680.000000, 0.050916, 170476.863854, 173600.000000, 1.000000, 2, 15.389522, 161727.760689, 161727.760689
Z3, 34, 6, 720, 7160.000000, 0.050896, 140679.031751, 143200.000000, 1.000000, 2, 15.389522, 155768.194269, 155768.194269
Z3, 35, 6, 720, 10360.000000, 0.050970, 203256.817736, 207200.000000, 1.000000, 2, 15.389522, 168283.751466, 168283.751466
Z3, 36, 6, 720, 9048.000000, 0.050863, 177889.625071, 180960.000000, 1.000000, 2, 15.389522, 163210.312933, 163210.312933
Z3, 37, 6, 720, 7176.000000, 0.050846, 141132.045785, 143520.000000, 1.000000, 2, 15.389522, 155858.797076, 155858.797076
Z3, 38, 6, 720, 8768.000000, 0.050836, 172476.197970, 175360.000000, 1.000000, 2, 15.389522, 162127.627513, 162127.627513
Z1, 0, 7, 720, 14352.000000, 0.171514, 83678.300314, 83928.000000, 1.000000, 2, 18.256772, 153799.901896, 153799.901896
Z2, 0, 7, 720, 6624.000000, 0.172856, 38320.914518, 38504.000000, 1.000000, 2, 18.256772, 144728.424736, 144728.424736
Z2, 1, 7, 720, 6792.000000, 0.051047, 133053.852332, 133176.000000, 1.000000, 2, 18.256772, 163675.012299, 163675.012299
Z2, 2, 7, 720, 7408.000000, 0.304362, 24339.437906, 24368.000000, 1.000000, 2, 18.256772, 141932.129414, 141932.129414
Z2, 3, 7, 720, 7464.000000, 0.050896, 146651.996228, 149280.000000, 1.000000, 2, 18.256772, 166394.641078, 166394.641078
Z2, 4, 7, 720, 10144.000000, 0.050903, 199280.985404, 202880.000000, 1.000000, 2, 18.256772, 176920.438914, 176920.438914
Z2, 5, 7, 720, 16856.000000, 0.050979, 330645.952255, 337120.000000, 1.000000, 2, 18.256772, 203193.432284, 203193.432284
Z2, 6, 7, 720, 9672.000000, 0.050969, 189762.404599, 193440.000000, 1.000000, 2, 18.256772, 175016.722753, 175016.722753
Z2, 7, 7, 720, 13368.000000, 0.050993, 262153.628929, 267360.000000, 1.000000, 2, 18.256772, 189494.967619, 189494.967619
Z3, 0, 7, 720, 6656.000000, 0.173551, 38351.838941, 38472.000000, 1.000000, 2, 18.256772, 144734.609621, 144734.609621
Z3, 1, 7, 720, 7664.000000, 0.050929, 150484.007147, 153280.000000, 1.000000, 2, 18.256772, 167161.043262, 167161.043262
Z3, 2, 7, 720, 7664.000000, 0.051002, 150268.616917, 150272.000000, 1.000000, 2, 18.256772, 167117.965216, 167117.965216
Z3, 3, 7, 720, 6920.000000, 0.050999, 135688.935077, 138400.000000, 1.000000, 2, 18.256772, 164202.028848, 164202.028848
Z3, 4, 7, 720, 7504.000000, 0.050911, 147394.472707, 150080.000000, 1.000000, 2, 18.256772, 166543.136374, 166543.136374
Z3, 5, 7, 720, 7480.000000, 0.051014, 146626.416278, 146664.000000, 1.000000, 2, 18.256772, 166389.525088, 166389.525088
Z3, 6, 7, 720, 6728.000000, 0.050973, 131991.446452, 134560.000000, 1.000000, 2, 18.256772, 163462.531123, 163462.531123
Z3, 7, 7, 720, 7632.000000, 0.050981, 149702.830466, 152640.000000, 1.000000, 2, 18.256772, 167004.807926, 167004.807926
Z3, 8, 7, 720, 7392.000000, 0.050957, 145063.484899, 147840.000000, 1.000000, 2, 18.256772, 166076.938813, 166076.938813
Z3, 9, 7, 720, 12800.000000, 0.051079, 250592.219895, 250976.000000, 1.000000, 2, 18.256772, 187182.685812, 187182.685812
Z3, 10, 7, 720, 16760.000000, 0.051068, 328189.864494, 328624.000000, 1.000000, 2, 18.256772, 202702.214732, 202702.214732
Z3, 11, 7, 720, 14104.000000, 0.050990, 276603.255540, 282080.000000, 1.000000, 2, 18.256772, 192384.892941, 192384.892941
Z3, 12, 7, 720, 9704.000000, 0.051022, 190192.465995, 190272.000000, 1.000000, 2, 18.256772, 175102.735032, 175102.735032
Z3, 13, 7, 720, 17248.000000, 0.051088, 337613.529596, 338192.000000, 1.000000, 2, 18.256772, 204586.947752, 204586.947752
Z3, 14, 7, 720, 21552.000000, 0.051101, 421752.998963, 422584.000000, 1.000000, 2, 18.256772, 221414.841625, 221414.841625
Z3, 15, 7, 720, 16688.000000, 0.050978, 327356.899054, 333760.000000, 1.000000, 2, 18.256772, 202535.621644, 202535.621644
Z3, 16, 7, 720, 23312.000000, 0.051059, 456569.850565, 457096.000000, 1.000000, 2, 18.256772, 228378.211946, 228378.211946
Z3, 17, 7, 720, 14952.000000, 0.050947, 293481.461126, 299040.000000, 1.000000, 2, 18.256772, 195760.534058, 195760.534058
Z3, 18, 7, 720, 23928.000000, 0.051140, 467892.061009, 469176.000000, 1.000000, 2, 18.256772, 230642.654035, 230642.654035
Z3, 19, 7, 720, 29544.000000, 0.051082, 578364.198739, 579288.000000, 1.000000, 2, 18.256772, 252737.081581, 252737.081581
Z3, 20, 7, 720, 31920.000000, 0.051149, 624059.121390, 625880.000000, 1.000000, 2, 18.256772, 261876.066111, 261876.066111
Z3, 21, 7, 720, 15096.000000, 0.051007, 295959.378125, 296000.000000, 1.000000, 2, 18.256772, 196256.117458, 196256.117458
Z3, 22, 7, 720, 22296.000000, 0.051129, 436073.461245, 437176.000000, 1.000000, 2, 18.256772, 224278.934082, 224278.934082
Z3, 23, 7, 720, 24272.000000, 0.051093, 475055.291331, 475920.000000, 1.000000, 2, 18.256772, 232075.300099, 232075.300099
Z3, 24, 7, 720, 13368.000000, 0.051061, 261804.508333, 262112.000000, 1.000000, 2, 18.256772, 189425.143499, 189425.143499
Z3, 25, 7, 720, 21768.000000, 0.050994, 426873.749853, 435360.000000, 1.000000, 2, 18.256772, 222438.991803, 222438.991803
Z3, 26, 7, 720, 21680.000000, 0.051117, 424125.046462, 425096.000000, 1.000000, 2, 18.256772, 221889.251125, 221889.251125
Z3, 27, 7, 720, 15008.000000, 0.051060, 293928.711320, 294272.000000, 1.000000, 2, 18.256772, 195849.984097, 195849.984097
Z3, 28, 7, 720, 13424.000000, 0.051085, 262777.723402, 263208.000000, 1.000000, 2, 18.256772, 189619.786513, 189619.786513
Z3, 29, 7, 720, 8064.000000, 0.051031, 158021.594717, 158112.000000, 1.000000, 2, 18.256772, 168668.560776, 168668.560776
Z3, 30, 7, 720, 9424.000000, 0.050949, 184969.283008, 188480.000000, 1.000000, 2, 18.256772, 174058.098435, 174058.098435
Z3, 31, 7, 720, 7368.000000, 0.050961, 144581.150291, 147360.000000, 1.000000, 2, 18.256772, 165980.471891, 165980.471891
Z3, 32, 7, 720, 8792.000000, 0.306915, 28646.367887, 28728.000000, 1.000000, 2, 18.256772, 142793.515410, 142793.515410
Z3, 33, 7, 720, 8568.000000, 0.050983, 168056.018673, 171360.000000, 1.000000, 2, 18.256772, 170675.445567, 170675.445567
Z3, 34, 7, 720, 7064.000000, 0.050966, 138602.205392, 141280.000000, 1.000000, 2, 18.256772, 164784.682911, 164784.682911
Z3, 35, 7, 720, 10104.000000, 0.050993, 198144.843410, 202080.000000, 1.000000, 2, 18.256772, 176693.210515, 176693.210515
Z3, 36, 7, 720, 8640.000000, 0.050914, 169697.921986, 172800.000000, 1.000000, 2, 18.256772, 171003.826230, 171003.826230
Z3, 37, 7, 720, 7168.000000, 0.050949, 140689.709317, 143360.000000, 1.000000, 2, 18.256772, 165202.183696, 165202.183696
Z3, 38, 7, 720, 8160.000000, 0.050920, 160251.374705, 163200.000000, 1.000000, 2, 18.256772, 169114.516774, 169114.516774
Z1, 0, 8, 720, 7744.000000, 0.172187, 44974.359272, 45016.000000, 1.000000, 2, 21.586493, 153107.427998, 153107.427998
Z2, 0, 8, 720, 6624.000000, 0.173765, 38120.450033, 38288.000000, 1.000000, 2, 21.586493, 151736.646150, 151736.646150
Z2, 1, 8, 720, 6968.000000, 0.050856, 137014.314928, 139360.000000, 1.000000, 2, 21.586493, 171515.419129, 171515.419129
Z2, 2, 8, 720, 7968.000000, 0.050912, 156505.342552, 159360.000000, 1.000000, 2, 21.586493, 175413.624654, 175413.624654
Z2, 3, 8, 720, 12752.000000, 0.050987, 250102.967423, 255040.000000, 1.000000, 2, 21.586493, 194133.149628, 194133.149628
Z2, 4, 8, 720, 18720.000000, 0.050966, 367303.692658, 374400.000000, 1.000000, 2, 21.586493, 217573.294675, 217573.294675
Z2, 5, 8, 720, 25648.000000, 0.051032, 502586.612322, 502896.000000, 1.000000, 2, 21.586493, 244629.878608, 244629.878608
Z2, 6, 8, 720, 9784.000000, 0.050918, 192152.087670, 195680.000000, 1.000000, 2, 21.586493, 182542.973677, 182542.973677
Z2, 7, 8, 720, 13192.000000, 0.050910, 259123.944215, 263840.000000, 1.000000, 2, 21.586493, 195937.344986, 195937.344986
Z3, 0, 8, 720, 6768.000000, 0.171904, 39370.811616, 39576.000000, 1.000000, 2, 21.586493, 151986.718467, 151986.718467
Z3, 1, 8, 720, 8032.000000, 0.050817, 158057.343015, 160640.000000, 1.000000, 2, 21.586493, 175724.024746, 175724.024746
Z3, 2, 8, 720, 7872.000000, 0.050889, 154689.618582, 157440.000000, 1.000000, 2, 21.586493, 175050.479860, 175050.479860
Z3, 3, 8, 720, 7024.000000, 0.051021, 137668.803042, 137720.000000, 1.000000, 2, 21.586493, 171646.316752, 171646.316752
Z3, 4, 8, 720, 7816.000000, 0.050972, 153339.088127, 156320.000000, 1.000000, 2, 21.586493, 174780.373769, 174780.373769
Z3, 5, 8, 720, 7936.000000, 0.050939, 155794.185202, 158720.000000, 1.000000, 2, 21.586493, 175271.393184, 175271.393184
Z3, 6, 8, 720, 6928.000000, 0.050944, 135992.462312, 138560.000000, 1.000000, 2, 21.586493, 171311.048606, 171311.048606
Z3, 7, 8, 720, 8048.000000, 0.050950, 157958.783121, 160960.000000, 1.000000, 2, 21.586493, 175704.312767, 175704.312767
Z3, 8, 8, 720, 7664.000000, 0.050924, 150498.782499, 153280.000000, 1.000000, 2, 21.586493, 174212.312643, 174212.312643
Z3, 9, 8, 720, 14248.000000, 0.050995, 279399.941171, 284960.000000, 1.000000, 2, 21.586493, 199992.544377, 199992.544377
Z3, 10, 8, 720, 19448.000000, 0.050938, 381797.479289, 388960.000000, 1.000000, 2, 21.586493, 220472.052001, 220472.052001
Z3, 11, 8, 720, 17344.000000, 0.050960, 340345.368917, 346880.000000, 1.000000, 2, 21.586493, 212181.629927, 212181.629927
Z3, 12, 8, 720, 11952.000000, 0.050943, 234615.158118, 239040.000000, 1.000000, 2, 21.586493, 191035.587767, 191035.587767
Z3, 13, 8, 720, 25224.000000, 0.050917, 495394.465503, 504480.000000, 1.000000, 2, 21.586493, 243191.449244, 243191.449244
Z3, 14, 8, 720, 35992.000000, 0.051079, 704633.998316, 705720.000000, 1.000000, 2, 21.586493, 285039.355807, 285039.355807
Z3, 15, 8, 720, 20016.000000, 0.050969, 392709.293885, 400320.000000, 1.000000, 2, 21.586493, 222654.414920, 222654.414920
Z3, 16, 8, 720, 36432.000000, 0.051056, 713569.413977, 714352.000000, 1.000000, 2, 21.586493, 286826.438939, 286826.438939
Z3, 17, 8, 720, 22472.000000, 0.051033, 440342.523465, 440624.000000, 1.000000, 2, 21.586493, 232181.060836, 232181.060836
Z3, 18, 8, 720, 21736.000000, 0.050985, 426321.467098, 434720.000000, 1.000000, 2, 21.586493, 229376.849563, 229376.849563
Z3, 19, 8, 720, 16848.000000, 0.050957, 330631.709088, 336960.000000, 1.000000, 2, 21.586493, 210238.897961, 210238.897961
Z3, 20, 8, 720, 47160.000000, 0.051094, 923004.658081, 924704.000000, 1.000000, 2, 21.586493, 328713.487760, 328713.487760
Z3, 21, 8, 720, 39472.000000, 0.051094, 772536.892786, 773960.000000, 1.000000, 2, 21.586493, 298619.934701, 298619.934701
Z3, 22, 8, 720, 26968.000000, 0.051030, 528473.446992, 528784.000000, 1.000000, 2, 21.586493, 249807.245542, 249807.245542
Z3, 23, 8, 720, 39776.000000, 0.051050, 779157.688541, 779920.000000, 1.000000, 2, 21.586493, 299944.093851, 299944.093851
Z3, 24, 8, 720, 34992.000000, 0.051282, 682344.682345, 686112.000000, 1.000000, 2, 21.586493, 280581.492612, 280581.492612
Z3, 25, 8, 720, 22464.000000, 0.051024, 440263.405456, 440464.000000, 1.000000, 2, 21.586493, 232165.237235, 232165.237235
Z3, 26, 8, 720, 43144.000000, 0.051098, 844338.330267, 845960.000000, 1.000000, 2, 21.586493, 312980.222197, 312980.222197
Z3, 27, 8, 720, 43672.000000, 0.051150, 853802.541544, 856312.000000, 1.000000, 2, 21.586493, 314873.064452, 314873.064452
Z3, 28, 8, 720, 18320.000000, 0.051064, 358765.470782, 359208.000000, 1.000000, 2, 21.586493, 215865.650300, 215865.650300
Z3, 29, 8, 720, 24560.000000, 0.051031, 481276.087084, 481568.000000, 1.000000, 2, 21.586493, 240367.773560, 240367.773560
Z3, 30, 8, 720, 19040.000000, 0.051077, 372770.522936, 373328.000000, 1.000000, 2, 21.586493, 218666.660731, 218666.660731
Z3, 31, 8, 720, 20160.000000, 0.051076, 394705.928420, 395288.000000, 1.000000, 2, 21.586493, 223053.741827, 223053.741827
Z3, 32, 8, 720, 16496.000000, 0.050998, 323463.665242, 329920.000000, 1.000000, 2, 21.586493, 208805.289192, 208805.289192
Z3, 33, 8, 720, 11624.000000, 0.051070, 227609.163893, 227920.000000, 1.000000, 2, 21.586493, 189634.388922, 189634.388922
Z3, 34, 8, 720, 21024.000000, 0.051048, 411847.672779, 412232.000000, 1.000000, 2, 21.586493, 226482.090699, 226482.090699
Z3, 35, 8, 720, 28496.000000, 0.377808, 75424.554271, 75584.000000, 1.000000, 2, 21.586493, 159197.466998, 159197.466998
Z3, 36, 8, 720, 12416.000000, 0.051060, 243164.904034, 243448.000000, 1.000000, 2, 21.586493, 192745.536950, 192745.536950
Z3, 37, 8, 720, 17312.000000, 0.051005, 339417.704147, 339448.000000, 1.000000, 2, 21.586493, 211996.096973, 211996.096973
Z3, 38, 8, 720, 14664.000000, 0.051059, 287197.164065, 287528.000000, 1.000000, 2, 21.586493, 201551.988956, 201551.988956
Z1, 0, 9, 720, 7696.000000, 0.171611, 44845.610130, 45000.000000, 1.000000, 2, 24.734219, 183532.932056, 183532.932056
Z2, 0, 9, 720, 6624.000000, 0.172386, 38425.394174, 38504.000000, 1.000000, 2, 24.734219, 182248.888865, 182248.888865
Z2, 1, 9, 720, 6776.000000, 0.050854, 133244.189248, 135520.000000, 1.000000, 2, 24.734219, 201212.647880, 201212.647880
Z2, 2, 9, 720, 7496.000000, 0.050938, 147159.291688, 149920.000000, 1.000000, 2, 24.734219, 203995.668368, 203995.668368
Z2, 3, 9, 720, 16056.000000, 0.050946, 315157.225297, 321120.000000, 1.000000, 2, 24.734219, 237595.255090, 237595.255090
Z2, 4, 9, 720, 24464.000000, 0.050848, 481120.201385, 489280.000000, 1.000000, 2, 24.734219, 270787.850307, 270787.850307
Z2, 5, 9, 720, 36648.000000, 0.051036, 718081.354338, 718584.000000, 1.000000, 2, 24.734219, 318180.080898, 318180.080898
Z2, 6, 9, 720, 11344.000000, 0.050888, 222920.924383, 226880.000000, 1.000000, 2, 24.734219, 219147.994907, 219147.994907
Z2, 7, 9, 720, 15808.000000, 0.050981, 310076.302936, 316160.000000, 1.000000, 2, 24.734219, 236579.070617, 236579.070617
Z3, 0, 9, 720, 6752.000000, 0.172782, 39078.144714, 39248.000000, 1.000000, 2, 24.734219, 182379.438973, 182379.438973
Z3, 1, 9, 720, 9824.000000, 0.050929, 192895.992460, 196480.000000, 1.000000, 2, 24.734219, 213143.008522, 213143.008522
Z3, 2, 9, 720, 8640.000000, 0.050925, 169661.266568, 172800.000000, 1.000000, 2, 24.734219, 208496.063344, 208496.063344
Z3, 3, 9, 720, 7248.000000, 0.050917, 142349.313589, 144960.000000, 1.000000, 2, 24.734219, 203033.672748, 203033.672748
Z3, 4, 9, 720, 8336.000000, 0.050945, 163627.441358, 166720.000000, 1.000000, 2, 24.734219, 207289.298302, 207289.298302
Z3, 5, 9, 720, 9640.000000, 0.050970, 189130.861291, 192800.000000, 1.000000, 2, 24.734219, 212389.982288, 212389.982288
Z3, 6, 9, 720, 10312.000000, 0.050946, 202410.395321, 206240.000000, 1.000000, 2, 24.734219, 215045.889094, 215045.889094
Z3, 7, 9, 720, 21208.000000, 0.051031, 415590.523407, 415840.000000, 1.000000, 2, 24.734219, 257681.914712, 257681.914712
Z3, 8, 9, 720, 8000.000000, 0.050904, 157158.573000, 160000.000000, 1.000000, 2, 24.734219, 205995.524630, 205995.524630
Z3, 9, 9, 720, 16880.000000, 0.051006, 330941.457868, 330976.000000, 1.000000, 2, 24.734219, 240752.101604, 240752.101604
Z3, 10, 9, 720, 23240.000000, 0.051060, 455150.802977, 455680.000000, 1.000000, 2, 24.734219, 265593.970625, 265593.970625
Z3, 11, 9, 720, 21680.000000, 0.051046, 424714.962975, 425096.000000, 1.000000, 2, 24.734219, 259506.802625, 259506.802625
Z3, 12, 9, 720, 16096.000000, 0.050995, 315638.788116, 321920.000000, 1.000000, 2, 24.734219, 237691.567653, 237691.567653
Z3, 13, 9, 720, 39872.000000, 0.051073, 780686.468388, 781800.000000, 1.000000, 2, 24.734219, 330701.103708, 330701.103708
Z3, 14, 9, 720, 46392.000000, 0.051047, 908809.528474, 909640.000000, 1.000000, 2, 24.734219, 356325.715725, 356325.715725
Z3, 15, 9, 720, 26168.000000, 0.050952, 513581.409954, 523360.000000, 1.000000, 2, 24.734219, 277280.092021, 277280.092021
Z3, 16, 9, 720, 48816.000000, 0.051062, 956014.257178, 957176.000000, 1.000000, 2, 24.734219, 365766.661466, 365766.661466
Z3, 17, 9, 720, 38664.000000, 0.051009, 757983.885197, 758112.000000, 1.000000, 2, 24.734219, 326160.587069, 326160.587069
Z3, 18, 9, 720, 26344.000000, 0.050939, 517167.592611, 526880.000000, 1.000000, 2, 24.734219, 277997.328552, 277997.328552
Z3, 19, 9, 720, 19912.000000, 0.051004, 390400.752882, 390424.000000, 1.000000, 2, 24.734219, 252643.960607, 252643.960607
Z3, 20, 9, 720, 61688.000000, 0.051170, 1205550.127028, 1209568.000000, 1.000000, 2, 24.734219, 415673.835436, 415673.835436
Z3, 21, 9, 720, 59200.000000, 0.051145, 1157493.401114, 1160784.000000, 1.000000, 2, 24.734219, 406062.490253, 406062.490253
Z3, 22, 9, 720, 41064.000000, 0.051047, 804435.128411, 805176.000000, 1.000000, 2, 24.734219, 335450.835712, 335450.835712
Z3, 23, 9, 720, 55576.000000, 0.051127, 1087018.600739, 1089720.000000, 1.000000, 2, 24.734219, 391967.530178, 391967.530178
Z3, 24, 9, 720, 50200.000000, 0.179334, 279924.609946, 280440.000000, 1.000000, 2, 24.734219, 230548.732019, 230548.732019
Z3, 25, 9, 720, 30056.000000, 0.051030, 588986.870468, 589328.000000, 1.000000, 2, 24.734219, 292361.184124, 292361.184124
Z3, 26, 9, 720, 59504.000000, 0.051112, 1164188.448897, 1166744.000000, 1.000000, 2, 24.734219, 407401.499809, 407401.499809
Z3, 27, 9, 720, 65232.000000, 0.355114, 183693.123898, 183752.000000, 1.000000, 2, 24.734219, 211302.434810, 211302.434810
Z3, 28, 9, 720, 23952.000000, 0.051044, 469242.222396, 469640.000000, 1.000000, 2, 24.734219, 268412.254509, 268412.254509
Z3, 29, 9, 720, 32816.000000, 0.051106, 642116.385552, 643448.000000, 1.000000, 2, 24.734219, 302987.087140, 302987.087140
Z3, 30, 9, 720, 8856.000000, 0.050958, 173790.180148, 177120.000000, 1.000000, 2, 24.734219, 209321.846060, 209321.846060
Z3, 31, 9, 720, 14088.000000, 0.051041, 276013.400991, 276232.000000, 1.000000, 2, 24.734219, 229766.490228, 229766.490228
Z3, 32, 9, 720, 15104.000000, 0.050969, 296336.989150, 302080.000000, 1.000000, 2, 24.734219, 233831.207860, 233831.207860
Z3, 33, 9, 720, 11784.000000, 0.051150, 230381.231672, 231056.000000, 1.000000, 2, 24.734219, 220640.056364, 220640.056364
Z3, 34, 9, 720, 18496.000000, 0.051030, 362453.458750, 362664.000000, 1.000000, 2, 24.734219, 247054.501780, 247054.501780
Z3, 35, 9, 720, 22376.000000, 0.050977, 438943.052749, 447520.000000, 1.000000, 2, 24.734219, 262352.420580, 262352.420580
Z3, 36, 9, 720, 8792.000000, 0.050967, 172503.776954, 175840.000000, 1.000000, 2, 24.734219, 209064.565421, 209064.565421
Z3, 37, 9, 720, 19464.000000, 0.051092, 380959.837157, 381640.000000, 1.000000, 2, 24.734219, 250755.777461, 250755.777461
Z3, 38, 9, 720, 20360.000000, 0.051066, 398699.721928, 399208.000000, 1.000000, 2, 24.734219, 254303.754416, 254303.754416
Z1, 0, 10, 720, 7480.000000, 0.172371, 43394.770582, 43488.000000, 1.000000, 2, 27.986410, 212403.845850, 212403.845850
Z2, 0, 10, 720, 6624.000000, 0.336727, 19671.722196, 19712.000000, 1.000000, 2, 27.986410, 207659.236173, 207659.236173
Z2, 1, 10, 720, 7008.000000, 0.050897, 137689.844195, 140160.000000, 1.000000, 2, 27.986410, 231262.860573, 231262.860573
Z2, 2, 10, 720, 7832.000000, 0.050938, 153755.545958, 156640.000000, 1.000000, 2, 27.986410, 234476.000925, 234476.000925
Z2, 3, 10, 720, 29728.000000, 0.051068, 582125.793060, 582896.000000, 1.000000, 2, 27.986410, 320150.050346, 320150.050346
Z2, 4, 10, 720, 35840.000000, 0.051006, 702662.431871, 702744.000000, 1.000000, 2, 27.986410, 344257.378108, 344257.378108
Z2, 5, 10, 720, 43888.000000, 0.051065, 859453.637521, 860544.000000, 1.000000, 2, 27.986410, 375615.619238, 375615.619238
Z2, 6, 10, 720, 17936.000000, 0.050982, 351810.442901, 358720.000000, 1.000000, 2, 27.986410, 274086.980314, 274086.980314
Z2, 7, 10, 720, 24920.000000, 0.050992, 488704.110449, 498400.000000, 1.000000, 2, 27.986410, 301465.713824, 301465.713824
Z3, 0, 10, 720, 6840.000000, 1.287959, 5310.728059, 5312.000000, 1.000000, 2, 27.986410, 204787.037346, 204787.037346
Z3, 1, 10, 720, 22064.000000, 0.050970, 432882.087502, 441280.000000, 1.000000, 2, 27.986410, 290301.309234, 290301.309234
Z3, 2, 10, 720, 15312.000000, 0.050897, 300842.878755, 306240.000000, 1.000000, 2, 27.986410, 263893.467485, 263893.467485
Z3, 3, 10, 720, 7752.000000, 0.050880, 152358.490566, 155040.000000, 1.000000, 2, 27.986410, 234196.589847, 234196.589847
Z3, 4, 10, 720, 11432.000000, 0.050915, 224531.081214, 228640.000000, 1.000000, 2, 27.986410, 248631.107977, 248631.107977
Z3, 5, 10, 720, 17232.000000, 0.050967, 338101.124257, 344640.000000, 1.000000, 2, 27.986410, 271345.116585, 271345.116585
Z3, 6, 10, 720, 23328.000000, 0.178027, 131036.303482, 131056.000000, 1.000000, 2, 27.986410, 229932.152430, 229932.152430
Z3, 7, 10, 720, 18496.000000, 0.051042, 362368.245758, 362664.000000, 1.000000, 2, 27.986410, 276198.540885, 276198.540885
Z3, 8, 10, 720, 7968.000000, 0.050919, 156483.827255, 159360.000000, 1.000000, 2, 27.986410, 235021.657185, 235021.657185
Z3, 9, 10, 720, 19568.000000, 0.051037, 383408.115681, 383680.000000, 1.000000, 2, 27.986410, 280406.514870, 280406.514870
Z3, 10, 10, 720, 36064.000000, 0.101679, 354684.841511, 357064.000000, 1.000000, 2, 27.986410, 274661.860036, 274661.860036
Z3, 11, 10, 720, 29248.000000, 0.050986, 573647.667987, 584960.000000, 1.000000, 2, 27.986410, 318454.425331, 318454.425331
Z3, 12, 10, 720, 24216.000000, 0.050980, 475009.807768, 484320.000000, 1.000000, 2, 27.986410, 298726.853287, 298726.853287
Z3, 13, 10, 720, 54424.000000, 0.101885, 534170.878932, 538848.000000, 1.000000, 2, 27.986410, 310559.067520, 310559.067520
Z3, 14, 10, 720, 56832.000000, 0.101784, 558358.877623, 562688.000000, 1.000000, 2, 27.986410, 315396.667258, 315396.667258
Z3, 15, 10, 720, 29576.000000, 0.051052, 579330.878320, 579920.000000, 1.000000, 2, 27.986410, 319591.067398, 319591.067398
Z3, 16, 10, 720, 52328.000000, 0.101864, 513704.547239, 518096.000000, 1.000000, 2, 27.986410, 306465.801182, 306465.801182
Z3, 17, 10, 720, 52840.000000, 0.051149, 1033060.274883, 1036072.000000, 1.000000, 2, 27.986410, 410336.946710, 410336.946710
Z3, 18, 10, 720, 35136.000000, 0.050861, 690824.010539, 702720.000000, 1.000000, 2, 27.986410, 341889.693841, 341889.693841
Z3, 19, 10, 720, 23160.000000, 0.051181, 452511.674254, 454112.000000, 1.000000, 2, 27.986410, 294227.226585, 294227.226585
Z3, 20, 10, 720, 77048.000000, 0.101774, 757049.934168, 762848.000000, 1.000000, 2, 27.986410, 355134.878567, 355134.878567
Z3, 21, 10, 720, 68968.000000, 0.101505, 679454.214078, 682848.000000, 1.000000, 2, 27.986410, 339615.734549, 339615.734549
Z3, 22, 10, 720, 52224.000000, 0.050939, 1025226.251006, 1044480.000000, 1.000000, 2, 27.986410, 408770.141935, 408770.141935
Z3, 23, 10, 720, 76384.000000, 0.101798, 750348.729838, 756272.000000, 1.000000, 2, 27.986410, 353794.637701, 353794.637701
Z3, 24, 10, 720, 57512.000000, 0.051328, 1120480.049875, 1127680.000000, 1.000000, 2, 27.986410, 427820.901709, 427820.901709
Z3, 25, 10, 720, 35600.000000, 0.050948, 698751.668368, 712000.000000, 1.000000, 2, 27.986410, 343475.225407, 343475.225407
Z3, 26, 10, 720, 72816.000000, 0.051295, 1419553.562725, 1427760.000000, 1.000000, 2, 27.986410, 487635.604279, 487635.604279
Z3, 27, 10, 720, 93600.000000, 0.101909, 918466.474992, 926728.000000, 1.000000, 2, 27.986410, 387418.186732, 387418.186732
Z3, 28, 10, 720, 23040.000000, 0.051059, 451242.680037, 451760.000000, 1.000000, 2, 27.986410, 293973.427741, 293973.427741
Z3, 29, 10, 720, 35840.000000, 0.051083, 701603.273105, 702744.000000, 1.000000, 2, 27.986410, 344045.546355, 344045.546355
Z3, 30, 10, 720, 13072.000000, 0.050982, 256404.221098, 261440.000000, 1.000000, 2, 27.986410, 255005.735953, 255005.735953
Z3, 31, 10, 720, 20608.000000, 0.051048, 403698.479862, 404072.000000, 1.000000, 2, 27.986410, 284464.587706, 284464.587706
Z3, 32, 10, 720, 22584.000000, 0.051012, 442719.360151, 442816.000000, 1.000000, 2, 27.986410, 292268.763764, 292268.763764
Z3, 33, 10, 720, 14712.000000, 0.051001, 288464.932060, 288464.000000, 1.000000, 2, 27.986410, 261417.878146, 261417.878146
Z3, 34, 10, 720, 20512.000000, 0.051011, 402109.348964, 402192.000000, 1.000000, 2, 27.986410, 284146.761527, 284146.761527
Z3, 35, 10, 720, 17992.000000, 0.050994, 352825.822646, 359840.000000, 1.000000, 2, 27.986410, 274290.056263, 274290.056263
Z3, 36, 10, 720, 11464.000000, 0.470623, 24359.200464, 24384.000000, 1.000000, 2, 27.986410, 208596.731827, 208596.731827
Z3, 37, 10, 720, 22376.000000, 0.101566, 220309.946242, 221544.000000, 1.000000, 2, 27.986410, 247786.880982, 247786.880982
Z3, 38, 10, 720, 29088.000000, 0.051139, 568802.675062, 570352.000000, 1.000000, 2, 27.986410, 317485.426746, 317485.426746
Z1, 0, 11, 720, 36680.000000, 0.172664, 212435.713293, 213248.000000, 1.000000, 2, 33.089453, 325477.329811, 325477.329811
Z2, 0, 11, 720, 6624.000000, 0.173523, 38173.613873, 38288.000000, 1.000000, 2, 33.089453, 290624.909927, 290624.909927
Z2, 1, 11, 720, 8224.000000, 0.050829, 161797.399123, 164480.000000, 1.000000, 2, 33.089453, 315349.666977, 315349.666977
Z2, 2, 11, 720, 8720.000000, 0.050894, 171336.503321, 174400.000000, 1.000000, 2, 33.089453, 317257.487816, 317257.487816
Z2, 3, 11, 720, 10080.000000, 0.050922, 197949.805585, 201600.000000, 1.000000, 2, 33.089453, 322580.148269, 322580.148269
Z2, 4, 11, 720, 36112.000000, 0.050923, 709149.107476, 722240.000000, 1.000000, 2, 33.089453, 424820.008647, 424820.008647
Z2, 5, 11, 720, 39392.000000, 0.050909, 773772.810309, 787840.000000, 1.000000, 2, 33.089453, 437744.749214, 437744.749214
Z2, 6, 11, 720, 43216.000000, 0.051046, 846608.940955, 847368.000000, 1.000000, 2, 33.089453, 452311.975343, 452311.975343
Z2, 7, 11, 720, 41864.000000, 0.051014, 820637.472066, 820856.000000, 1.000000, 2, 33.089453, 447117.681566, 447117.681566
Z3, 0, 11, 720, 11320.000000, 0.172404, 65659.729473, 65808.000000, 1.000000, 2, 33.089453, 296122.133047, 296122.133047
Z3, 1, 11, 720, 16208.000000, 0.051023, 317660.662838, 317800.000000, 1.000000, 2, 33.089453, 346522.319720, 346522.319720
Z3, 2, 11, 720, 12920.000000, 0.050865, 254005.701366, 258400.000000, 1.000000, 2, 33.089453, 333791.327425, 333791.327425
Z3, 3, 11, 720, 8968.000000, 0.050862, 176320.239078, 179360.000000, 1.000000, 2, 33.089453, 318254.234968, 318254.234968
Z3, 4, 11, 720, 12016.000000, 0.050893, 236103.196903, 240320.000000, 1.000000, 2, 33.089453, 330210.826533, 330210.826533
Z3, 5, 11, 720, 21880.000000, 0.050943, 429499.636849, 437600.000000, 1.000000, 2, 33.089453, 368890.114522, 368890.114522
Z3, 6, 11, 720, 13408.000000, 0.050890, 263470.229908, 268160.000000, 1.000000, 2, 33.089453, 335684.233134, 335684.233134
Z3, 7, 11, 720, 14528.000000, 0.050883, 285517.756422, 290560.000000, 1.000000, 2, 33.089453, 340093.738437, 340093.738437
Z3, 8, 11, 720, 15928.000000, 0.050914, 312841.261735, 318560.000000, 1.000000, 2, 33.089453, 345558.439499, 345558.439499
Z3, 9, 11, 720, 23504.000000, 0.050934, 461459.928535, 470080.000000, 1.000000, 2, 33.089453, 375282.172859, 375282.172859
Z3, 10, 11, 720, 50640.000000, 0.051094, 991114.416566, 992936.000000, 1.000000, 2, 33.089453, 481213.070465, 481213.070465
Z3, 11, 11, 720, 47296.000000, 0.051019, 927027.185950, 927368.000000, 1.000000, 2, 33.089453, 468395.624342, 468395.624342
Z3, 12, 11, 720, 34344.000000, 0.050969, 673821.342385, 686880.000000, 1.000000, 2, 33.089453, 417754.455629, 417754.455629
Z3, 13, 11, 720, 73648.000000, 0.051166, 1439393.347145, 1444072.000000, 1.000000, 2, 33.089453, 570868.856581, 570868.856581
Z3, 14, 11, 720, 59920.000000, 0.051072, 1173245.614035, 1174896.000000, 1.000000, 2, 33.089453, 517639.309959, 517639.309959
Z3, 15, 11, 720, 40664.000000, 0.051070, 796240.454278, 797328.000000, 1.000000, 2, 33.089453, 442238.278008, 442238.278008
Z3, 16, 11, 720, 56880.000000, 0.051113, 1112828.438949, 1115288.000000, 1.000000, 2, 33.089453, 505555.874942, 505555.874942
Z3, 17, 11, 720, 57216.000000, 0.051163, 1118308.152376, 1121880.000000, 1.000000, 2, 33.089453, 506651.817627, 506651.817627
Z3, 18, 11, 720, 28160.000000, 0.051029, 551843.069627, 552152.000000, 1.000000, 2, 33.089453, 393358.801078, 393358.801078
Z3, 19, 11, 720, 76696.000000, 0.051283, 1495544.332430, 1503840.000000, 1.000000, 2, 33.089453, 582099.053638, 582099.053638
Z3, 20, 11, 720, 80520.000000, 0.051278, 1570264.050860, 1578816.000000, 1.000000, 2, 33.089453, 597042.997324, 597042.997324
Z3, 21, 11, 720, 66560.000000, 0.051142, 1301474.326385, 1305096.000000, 1.000000, 2, 33.089453, 543285.052429, 543285.052429
Z3, 22, 11, 720, 77808.000000, 0.051265, 1517760.655418, 1525640.000000, 1.000000, 2, 33.089453, 586542.318236, 586542.318236
Z3, 23, 11, 720, 55056.000000, 0.051158, 1076195.316471, 1079528.000000, 1.000000, 2, 33.089453, 498229.250446, 498229.250446
Z3, 24, 11, 720, 36552.000000, 0.050971, 717113.652861, 731040.000000, 1.000000, 2, 33.089453, 426412.917725, 426412.917725
Z3, 25, 11, 720, 100304.000000, 0.051503, 1947537.036677, 1966744.000000, 1.000000, 2, 33.089453, 672497.594488, 672497.594488
Z3, 26, 11, 720, 133264.000000, 0.102191, 1304067.872905, 1306504.000000, 1.000000, 2, 33.089453, 543803.761733, 543803.761733
Z3, 27, 11, 720, 50760.000000, 0.051127, 992821.796702, 995288.000000, 1.000000, 2, 33.089453, 481554.546493, 481554.546493
Z3, 28, 11, 720, 14528.000000, 0.051033, 284678.541336, 284856.000000, 1.000000, 2, 33.089453, 339925.895419, 339925.895419
Z3, 29, 11, 720, 24392.000000, 0.050871, 479487.330699, 487840.000000, 1.000000, 2, 33.089453, 378887.653292, 378887.653292
Z3, 30, 11, 720, 22216.000000, 0.051003, 435582.220654, 435600.000000, 1.000000, 2, 33.089453, 370106.631283, 370106.631283
Z3, 31, 11, 720, 14368.000000, 0.050929, 282118.243044, 287360.000000, 1.000000, 2, 33.089453, 339413.835761, 339413.835761
Z3, 32, 11, 720, 21288.000000, 0.051121, 416423.778878, 417408.000000, 1.000000, 2, 33.089453, 366274.942928, 366274.942928
Z3, 33, 11, 720, 18544.000000, 0.050918, 364193.409011, 370880.000000, 1.000000, 2, 33.089453, 355828.868954, 355828.868954
Z3, 34, 11, 720, 12272.000000, 0.215972, 56822.180653, 57072.000000, 1.000000, 2, 33.089453, 294354.623283, 294354.623283
Z3, 35, 11, 720, 21736.000000, 0.051045, 425820.354589, 426192.000000, 1.000000, 2, 33.089453, 368154.258070, 368154.258070
Z3, 36, 11, 720, 22688.000000, 0.051034, 444566.367520, 444856.000000, 1.000000, 2, 33.089453, 371903.460656, 371903.460656
Z3, 37, 11, 720, 17768.000000, 0.051094, 347751.203664, 348392.000000, 1.000000, 2, 33.089453, 352540.427885, 352540.427885
Z3, 38, 11, 720, 33352.000000, 0.051194, 651482.595617, 653960.000000, 1.000000, 2, 33.089453, 413286.706276, 413286.706276
