Zone, Tile_no, Seg_no, Reso, Seg_d_size, Seg_d_time, Bitrate, Bitrate1, Buf_lev, Buf_limit, Elapsed, Ref_vp, Local_avg,QoE,QoE1,Z1,Z2,Z3,delay,jitter,loss
Z1,0,1,720,9960.0,0.473828,21020.285842,21056.0,1.0,2,6.2e-05,21020.285842,21020.285842,854349.0452457,2364502.0960999,126471.03582150002,2552731.0672355,17654261.575777497,150,0,0
Z2,0,1,720,8952.0,0.473454,18907.855885,18920.0,1.0,2,6.2e-05,9453.927942,9453.927942,854349.0452457,2364502.0960999,126471.03582150002,2552731.0672355,17654261.575777497,150,0,0
Z2,1,1,720,5424.0,0.150968,35928.143713,36160.0,1.0,2,6.2e-05,11976.047904,11976.047904,854349.0452457,2364502.0960999,126471.03582150002,2552731.0672355,17654261.575777497,150,0,0
Z2,2,1,720,7080.0,0.150894,46920.354686,47200.0,1.0,2,6.2e-05,11730.088672,11730.088672,854349.0452457,2364502.0960999,126471.03582150002,2552731.0672355,17654261.575777497,150,0,0
Z2,3,1,720,18976.0,0.150984,125682.19149,126504.0,1.0,2,6.2e-05,25136.438298,25136.438298,854349.0452457,2364502.0960999,126471.03582150002,2552731.0672355,17654261.575777497,150,0,0
Z2,4,1,720,8720.0,0.150922,57778.190058,58128.0,1.0,2,6.2e-05,11555.638012,11555.638012,854349.0452457,2364502.0960999,126471.03582150002,2552731.0672355,17654261.575777497,150,0,0
Z2,5,1,720,8336.0,0.150961,55219.560019,55568.0,1.0,2,6.2e-05,11043.912004,11043.912004,854349.0452457,2364502.0960999,126471.03582150002,2552731.0672355,17654261.575777497,150,0,0
Z2,6,1,720,6376.0,0.150972,42232.996847,42504.0,1.0,2,6.2e-05,8446.599369,8446.599369,854349.0452457,2364502.0960999,126471.03582150002,2552731.0672355,17654261.575777497,150,0,0
Z2,7,1,720,6872.0,0.150938,45528.627648,45808.0,1.0,2,6.2e-05,9105.72553,9105.72553,854349.0452457,2364502.0960999,126471.03582150002,2552731.0672355,17654261.575777497,150,0,0
Z3,0,1,720,7080.0,0.472369,14988.282466,15000.0,1.0,2,6.2e-05,2997.656493,2997.656493,854349.0452457,2364502.0960999,126471.03582150002,2552731.0672355,17654261.575777497,150,0,0
Z3,1,1,720,7080.0,0.150858,46931.551525,47200.0,1.0,2,6.2e-05,9386.310305,9386.310305,854349.0452457,2364502.0960999,126471.03582150002,2552731.0672355,17654261.575777497,150,0,0
Z3,2,1,720,5664.0,0.150966,37518.381622,37760.0,1.0,2,6.2e-05,7503.676324,7503.676324,854349.0452457,2364502.0960999,126471.03582150002,2552731.0672355,17654261.575777497,150,0,0
Z3,3,1,720,7080.0,0.150923,46911.338895,47200.0,1.0,2,6.2e-05,9382.267779,9382.267779,854349.0452457,2364502.0960999,126471.03582150002,2552731.0672355,17654261.575777497,150,0,0
Z3,4,1,720,7080.0,0.150937,46906.987684,47200.0,1.0,2,6.2e-05,9381.397537,9381.397537,854349.0452457,2364502.0960999,126471.03582150002,2552731.0672355,17654261.575777497,150,0,0
Z3,5,1,720,5664.0,0.15096,37519.872814,37760.0,1.0,2,6.2e-05,7503.974563,7503.974563,854349.0452457,2364502.0960999,126471.03582150002,2552731.0672355,17654261.575777497,150,0,0
Z3,6,1,720,7080.0,0.150924,46911.028067,47200.0,1.0,2,6.2e-05,9382.205613,9382.205613,854349.0452457,2364502.0960999,126471.03582150002,2552731.0672355,17654261.575777497,150,0,0
Z3,7,1,720,7080.0,0.150882,46924.086372,47200.0,1.0,2,6.2e-05,9384.817274,9384.817274,854349.0452457,2364502.0960999,126471.03582150002,2552731.0672355,17654261.575777497,150,0,0
Z3,8,1,720,5664.0,0.150925,37528.573795,37760.0,1.0,2,6.2e-05,7505.714759,7505.714759,854349.0452457,2364502.0960999,126471.03582150002,2552731.0672355,17654261.575777497,150,0,0
Z3,9,1,720,7080.0,0.150967,46897.666377,47200.0,1.0,2,6.2e-05,9379.533275,9379.533275,854349.0452457,2364502.0960999,126471.03582150002,2552731.0672355,17654261.575777497,150,0,0
Z3,10,1,720,12904.0,0.151002,85455.821777,85456.0,1.0,2,6.2e-05,17091.164355,17091.164355,854349.0452457,2364502.0960999,126471.03582150002,2552731.0672355,17654261.575777497,150,0,0
Z3,11,1,720,17344.0,0.150959,114892.123027,115624.0,1.0,2,6.2e-05,22978.424605,22978.424605,854349.0452457,2364502.0960999,126471.03582150002,2552731.0672355,17654261.575777497,150,0,0
Z3,12,1,720,16912.0,0.151026,111980.718552,112000.0,1.0,2,6.2e-05,22396.14371,22396.14371,854349.0452457,2364502.0960999,126471.03582150002,2552731.0672355,17654261.575777497,150,0,0
Z3,13,1,720,13240.0,0.151052,87651.934433,87680.0,1.0,2,6.2e-05,17530.386887,17530.386887,854349.0452457,2364502.0960999,126471.03582150002,2552731.0672355,17654261.575777497,150,0,0
Z3,14,1,720,28328.0,0.151099,187479.731831,187600.0,1.0,2,6.2e-05,37495.946366,37495.946366,854349.0452457,2364502.0960999,126471.03582150002,2552731.0672355,17654261.575777497,150,0,0
Z3,15,1,720,30528.0,0.151056,202097.235462,202168.0,1.0,2,6.2e-05,40419.447092,40419.447092,854349.0452457,2364502.0960999,126471.03582150002,2552731.0672355,17654261.575777497,150,0,0
Z3,16,1,720,16360.0,0.151034,108319.980931,108344.0,1.0,2,6.2e-05,21663.996186,21663.996186,854349.0452457,2364502.0960999,126471.03582150002,2552731.0672355,17654261.575777497,150,0,0
Z3,17,1,720,33216.0,0.15109,219842.477993,219968.0,1.0,2,6.2e-05,43968.495599,43968.495599,854349.0452457,2364502.0960999,126471.03582150002,2552731.0672355,17654261.575777497,150,0,0
Z3,18,1,720,28000.0,0.150986,185447.657399,186664.0,1.0,2,6.2e-05,37089.53148,37089.53148,854349.0452457,2364502.0960999,126471.03582150002,2552731.0672355,17654261.575777497,150,0,0
Z3,19,1,720,15744.0,0.150964,104289.764447,104960.0,1.0,2,6.2e-05,20857.952889,20857.952889,854349.0452457,2364502.0960999,126471.03582150002,2552731.0672355,17654261.575777497,150,0,0
Z3,20,1,720,16024.0,0.151016,106107.96207,106112.0,1.0,2,6.2e-05,21221.592414,21221.592414,854349.0452457,2364502.0960999,126471.03582150002,2552731.0672355,17654261.575777497,150,0,0
Z3,21,1,720,11576.0,0.151008,76658.190295,76656.0,1.0,2,6.2e-05,15331.638059,15331.638059,854349.0452457,2364502.0960999,126471.03582150002,2552731.0672355,17654261.575777497,150,0,0
Z3,22,1,720,10816.0,0.151044,71608.273086,71624.0,1.0,2,6.2e-05,14321.654617,14321.654617,854349.0452457,2364502.0960999,126471.03582150002,2552731.0672355,17654261.575777497,150,0,0
Z3,23,1,720,13224.0,0.151015,87567.460186,87576.0,1.0,2,6.2e-05,17513.492037,17513.492037,854349.0452457,2364502.0960999,126471.03582150002,2552731.0672355,17654261.575777497,150,0,0
Z3,24,1,720,17528.0,0.15106,116033.364226,116072.0,1.0,2,6.2e-05,23206.672845,23206.672845,854349.0452457,2364502.0960999,126471.03582150002,2552731.0672355,17654261.575777497,150,0,0
Z3,25,1,720,23824.0,0.151029,157744.539128,157768.0,1.0,2,6.2e-05,31548.907826,31548.907826,854349.0452457,2364502.0960999,126471.03582150002,2552731.0672355,17654261.575777497,150,0,0
Z3,26,1,720,11024.0,0.150944,73033.707865,73488.0,1.0,2,6.2e-05,14606.741573,14606.741573,854349.0452457,2364502.0960999,126471.03582150002,2552731.0672355,17654261.575777497,150,0,0
Z3,27,1,720,15112.0,0.151012,100071.517495,100072.0,1.0,2,6.2e-05,20014.303499,20014.303499,854349.0452457,2364502.0960999,126471.03582150002,2552731.0672355,17654261.575777497,150,0,0
Z3,28,1,720,24552.0,0.150998,162598.180108,163680.0,1.0,2,6.2e-05,32519.636022,32519.636022,854349.0452457,2364502.0960999,126471.03582150002,2552731.0672355,17654261.575777497,150,0,0
Z3,29,1,720,10824.0,0.150984,71689.715467,72160.0,1.0,2,6.2e-05,14337.943093,14337.943093,854349.0452457,2364502.0960999,126471.03582150002,2552731.0672355,17654261.575777497,150,0,0
Z3,30,1,720,6872.0,0.15094,45528.024381,45808.0,1.0,2,6.2e-05,9105.604876,9105.604876,854349.0452457,2364502.0960999,126471.03582150002,2552731.0672355,17654261.575777497,150,0,0
Z3,31,1,720,6872.0,0.150884,45544.921927,45808.0,1.0,2,6.2e-05,9108.984385,9108.984385,854349.0452457,2364502.0960999,126471.03582150002,2552731.0672355,17654261.575777497,150,0,0
Z3,32,1,720,6376.0,0.150928,42245.309022,42504.0,1.0,2,6.2e-05,8449.061804,8449.061804,854349.0452457,2364502.0960999,126471.03582150002,2552731.0672355,17654261.575777497,150,0,0
Z3,33,1,720,6872.0,0.150871,45548.846365,45808.0,1.0,2,6.2e-05,9109.769273,9109.769273,854349.0452457,2364502.0960999,126471.03582150002,2552731.0672355,17654261.575777497,150,0,0
Z3,34,1,720,6872.0,0.15093,45531.04088,45808.0,1.0,2,6.2e-05,9106.208176,9106.208176,854349.0452457,2364502.0960999,126471.03582150002,2552731.0672355,17654261.575777497,150,0,0
Z3,35,1,720,6376.0,0.150919,42247.828305,42504.0,1.0,2,6.2e-05,8449.565661,8449.565661,854349.0452457,2364502.0960999,126471.03582150002,2552731.0672355,17654261.575777497,150,0,0
Z3,36,1,720,6872.0,0.150936,45529.230932,45808.0,1.0,2,6.2e-05,9105.846186,9105.846186,854349.0452457,2364502.0960999,126471.03582150002,2552731.0672355,17654261.575777497,150,0,0
Z3,37,1,720,6872.0,0.150941,45527.722753,45808.0,1.0,2,6.2e-05,9105.544551,9105.544551,854349.0452457,2364502.0960999,126471.03582150002,2552731.0672355,17654261.575777497,150,0,0
Z3,38,1,720,6376.0,0.150941,42241.670587,42504.0,1.0,2,6.2e-05,8448.334117,8448.334117,854349.0452457,2364502.0960999,126471.03582150002,2552731.0672355,17654261.575777497,150,0,0
Z1,0,2,720,15344.0,0.471751,32525.633226,32576.0,1.0,2,8.220343,14953.460763,14953.460763,854349.0452457,2364502.0960999,126471.03582150002,2552731.0672355,17654261.575777497,150,0,0
Z2,0,2,720,6624.0,0.47323,13997.421972,14000.0,1.0,2,8.220343,11247.818512,11247.818512,854349.0452457,2364502.0960999,126471.03582150002,2552731.0672355,17654261.575777497,150,0,0
Z2,1,2,720,5664.0,0.150901,37534.542515,37760.0,1.0,2,8.220343,15955.24262,15955.24262,854349.0452457,2364502.0960999,126471.03582150002,2552731.0672355,17654261.575777497,150,0,0
Z2,2,2,720,7080.0,0.150968,46897.355731,47200.0,1.0,2,8.220343,17827.805264,17827.805264,854349.0452457,2364502.0960999,126471.03582150002,2552731.0672355,17654261.575777497,150,0,0
Z2,3,2,720,7080.0,0.15096,46899.841017,47200.0,1.0,2,8.220343,17828.302321,17828.302321,854349.0452457,2364502.0960999,126471.03582150002,2552731.0672355,17654261.575777497,150,0,0
Z2,4,2,720,12128.0,0.150985,80325.860185,80848.0,1.0,2,8.220343,24513.506154,24513.506154,854349.0452457,2364502.0960999,126471.03582150002,2552731.0672355,17654261.575777497,150,0,0
Z2,5,2,720,18392.0,0.150984,121814.231972,122608.0,1.0,2,8.220343,32811.180512,32811.180512,854349.0452457,2364502.0960999,126471.03582150002,2552731.0672355,17654261.575777497,150,0,0
Z2,6,2,720,10632.0,0.150976,70421.788894,70880.0,1.0,2,8.220343,22532.691896,22532.691896,854349.0452457,2364502.0960999,126471.03582150002,2552731.0672355,17654261.575777497,150,0,0
Z2,7,2,720,8048.0,0.150779,53376.133281,53648.0,1.0,2,8.220343,19123.560774,19123.560774,854349.0452457,2364502.0960999,126471.03582150002,2552731.0672355,17654261.575777497,150,0,0
Z3,0,2,720,5424.0,0.4733,11459.961969,11464.0,1.0,2,8.220343,10740.326511,10740.326511,854349.0452457,2364502.0960999,126471.03582150002,2552731.0672355,17654261.575777497,150,0,0
Z3,1,2,720,7080.0,0.150729,46971.717453,47200.0,1.0,2,8.220343,17842.677608,17842.677608,854349.0452457,2364502.0960999,126471.03582150002,2552731.0672355,17654261.575777497,150,0,0
Z3,2,2,720,7080.0,0.150927,46910.095609,47200.0,1.0,2,8.220343,17830.353239,17830.353239,854349.0452457,2364502.0960999,126471.03582150002,2552731.0672355,17654261.575777497,150,0,0
Z3,3,2,720,5664.0,0.150881,37539.517898,37760.0,1.0,2,8.220343,15956.237697,15956.237697,854349.0452457,2364502.0960999,126471.03582150002,2552731.0672355,17654261.575777497,150,0,0
Z3,4,2,720,7080.0,0.150963,46898.909004,47200.0,1.0,2,8.220343,17828.115918,17828.115918,854349.0452457,2364502.0960999,126471.03582150002,2552731.0672355,17654261.575777497,150,0,0
Z3,5,2,720,7080.0,0.150865,46929.373944,47200.0,1.0,2,8.220343,17834.208906,17834.208906,854349.0452457,2364502.0960999,126471.03582150002,2552731.0672355,17654261.575777497,150,0,0
Z3,6,2,720,5664.0,0.15092,37529.817122,37760.0,1.0,2,8.220343,15954.297542,15954.297542,854349.0452457,2364502.0960999,126471.03582150002,2552731.0672355,17654261.575777497,150,0,0
Z3,7,2,720,7080.0,0.150965,46898.287683,47200.0,1.0,2,8.220343,17827.991654,17827.991654,854349.0452457,2364502.0960999,126471.03582150002,2552731.0672355,17654261.575777497,150,0,0
Z3,8,2,720,7080.0,0.151228,46816.727061,46880.0,1.0,2,8.220343,17811.67953,17811.67953,854349.0452457,2364502.0960999,126471.03582150002,2552731.0672355,17654261.575777497,150,0,0
Z3,9,2,720,12648.0,0.151101,83705.600889,83760.0,1.0,2,8.220343,25189.454295,25189.454295,854349.0452457,2364502.0960999,126471.03582150002,2552731.0672355,17654261.575777497,150,0,0
Z3,10,2,720,17112.0,0.151226,113155.145279,113320.0,1.0,2,8.220343,31079.363173,31079.363173,854349.0452457,2364502.0960999,126471.03582150002,2552731.0672355,17654261.575777497,150,0,0
Z3,11,2,720,15320.0,0.151188,101330.793449,101456.0,1.0,2,8.220343,28714.492807,28714.492807,854349.0452457,2364502.0960999,126471.03582150002,2552731.0672355,17654261.575777497,150,0,0
Z3,12,2,720,10704.0,0.151083,70848.474018,70880.0,1.0,2,8.220343,22618.028921,22618.028921,854349.0452457,2364502.0960999,126471.03582150002,2552731.0672355,17654261.575777497,150,0,0
Z3,13,2,720,18776.0,0.150972,124367.432372,125168.0,1.0,2,8.220343,33321.820592,33321.820592,854349.0452457,2364502.0960999,126471.03582150002,2552731.0672355,17654261.575777497,150,0,0
Z3,14,2,720,21848.0,0.151061,144630.314906,144688.0,1.0,2,8.220343,37374.397098,37374.397098,854349.0452457,2364502.0960999,126471.03582150002,2552731.0672355,17654261.575777497,150,0,0
Z3,15,2,720,12752.0,0.150899,84506.855579,85008.0,1.0,2,8.220343,25349.705233,25349.705233,854349.0452457,2364502.0960999,126471.03582150002,2552731.0672355,17654261.575777497,150,0,0
Z3,16,2,720,21856.0,0.151083,144662.205543,144736.0,1.0,2,8.220343,37380.775226,37380.775226,854349.0452457,2364502.0960999,126471.03582150002,2552731.0672355,17654261.575777497,150,0,0
Z3,17,2,720,16880.0,0.150938,111833.998065,112528.0,1.0,2,8.220343,30815.13373,30815.13373,854349.0452457,2364502.0960999,126471.03582150002,2552731.0672355,17654261.575777497,150,0,0
Z3,18,2,720,9160.0,0.151137,60607.263609,60656.0,1.0,2,8.220343,20569.786839,20569.786839,854349.0452457,2364502.0960999,126471.03582150002,2552731.0672355,17654261.575777497,150,0,0
Z3,19,2,720,11592.0,0.151225,76653.992395,76768.0,1.0,2,8.220343,23779.132596,23779.132596,854349.0452457,2364502.0960999,126471.03582150002,2552731.0672355,17654261.575777497,150,0,0
Z3,20,2,720,9952.0,0.150985,65913.8325,66344.0,1.0,2,8.220343,21631.100617,21631.100617,854349.0452457,2364502.0960999,126471.03582150002,2552731.0672355,17654261.575777497,150,0,0
Z3,21,2,720,11064.0,0.151063,73240.96569,73264.0,1.0,2,8.220343,23096.527255,23096.527255,854349.0452457,2364502.0960999,126471.03582150002,2552731.0672355,17654261.575777497,150,0,0
Z3,22,2,720,14728.0,0.1509,97601.060305,98184.0,1.0,2,8.220343,27968.546178,27968.546178,854349.0452457,2364502.0960999,126471.03582150002,2552731.0672355,17654261.575777497,150,0,0
Z3,23,2,720,16264.0,0.151068,107660.126566,107704.0,1.0,2,8.220343,29980.35943,29980.35943,854349.0452457,2364502.0960999,126471.03582150002,2552731.0672355,17654261.575777497,150,0,0
Z3,24,2,720,9504.0,0.151013,62934.979108,62936.0,1.0,2,8.220343,21035.329939,21035.329939,854349.0452457,2364502.0960999,126471.03582150002,2552731.0672355,17654261.575777497,150,0,0
Z3,25,2,720,12688.0,0.151139,83949.212314,84024.0,1.0,2,8.220343,25238.17658,25238.17658,854349.0452457,2364502.0960999,126471.03582150002,2552731.0672355,17654261.575777497,150,0,0
Z3,26,2,720,17320.0,0.151007,114696.669691,114696.0,1.0,2,8.220343,31387.668055,31387.668055,854349.0452457,2364502.0960999,126471.03582150002,2552731.0672355,17654261.575777497,150,0,0
Z3,27,2,720,9320.0,0.150887,61768.078098,62128.0,1.0,2,8.220343,20801.949737,20801.949737,854349.0452457,2364502.0960999,126471.03582150002,2552731.0672355,17654261.575777497,150,0,0
Z3,28,2,720,6376.0,0.151031,42216.4986,42224.0,1.0,2,8.220343,16891.633837,16891.633837,854349.0452457,2364502.0960999,126471.03582150002,2552731.0672355,17654261.575777497,150,0,0
Z3,29,2,720,6872.0,0.151003,45509.029622,45504.0,1.0,2,8.220343,17550.140042,17550.140042,854349.0452457,2364502.0960999,126471.03582150002,2552731.0672355,17654261.575777497,150,0,0
Z3,30,2,720,6872.0,0.151056,45493.062176,45504.0,1.0,2,8.220343,17546.946552,17546.946552,854349.0452457,2364502.0960999,126471.03582150002,2552731.0672355,17654261.575777497,150,0,0
Z3,31,2,720,6376.0,0.150957,42237.193373,42504.0,1.0,2,8.220343,16895.772792,16895.772792,854349.0452457,2364502.0960999,126471.03582150002,2552731.0672355,17654261.575777497,150,0,0
Z3,32,2,720,6872.0,0.150933,45530.135888,45808.0,1.0,2,8.220343,17554.361295,17554.361295,854349.0452457,2364502.0960999,126471.03582150002,2552731.0672355,17654261.575777497,150,0,0
Z3,33,2,720,6872.0,0.151015,45505.41337,45504.0,1.0,2,8.220343,17549.416791,17549.416791,854349.0452457,2364502.0960999,126471.03582150002,2552731.0672355,17654261.575777497,150,0,0
Z3,34,2,720,6376.0,0.151029,42217.057651,42224.0,1.0,2,8.220343,16891.745648,16891.745648,854349.0452457,2364502.0960999,126471.03582150002,2552731.0672355,17654261.575777497,150,0,0
Z3,35,2,720,6872.0,0.151028,45501.496411,45504.0,1.0,2,8.220343,17548.6334,17548.6334,854349.0452457,2364502.0960999,126471.03582150002,2552731.0672355,17654261.575777497,150,0,0
Z3,36,2,720,6872.0,0.151014,45505.714702,45504.0,1.0,2,8.220343,17549.477058,17549.477058,854349.0452457,2364502.0960999,126471.03582150002,2552731.0672355,17654261.575777497,150,0,0
Z3,37,2,720,6376.0,0.150987,42228.801155,42504.0,1.0,2,8.220343,16894.094348,16894.094348,854349.0452457,2364502.0960999,126471.03582150002,2552731.0672355,17654261.575777497,150,0,0
Z3,38,2,720,6872.0,0.151019,45504.20808,45504.0,1.0,2,8.220343,17549.175733,17549.175733,854349.0452457,2364502.0960999,126471.03582150002,2552731.0672355,17654261.575777497,150,0,0
Z1,0,3,720,7080.0,0.472461,14985.363871,15000.0,1.0,2,16.441423,20546.248508,20546.248508,854349.0452457,2364502.0960999,126471.03582150002,2552731.0672355,17654261.575777497,150,0,0
Z2,0,3,720,6624.0,0.473605,13986.338827,14000.0,1.0,2,16.441423,20346.443499,20346.443499,854349.0452457,2364502.0960999,126471.03582150002,2552731.0672355,17654261.575777497,150,0,0
Z2,1,3,720,5664.0,0.150743,37573.884028,37760.0,1.0,2,16.441423,25063.952539,25063.952539,854349.0452457,2364502.0960999,126471.03582150002,2552731.0672355,17654261.575777497,150,0,0
Z2,2,3,720,7080.0,0.15089,46921.598515,47200.0,1.0,2,16.441423,26933.495436,26933.495436,854349.0452457,2364502.0960999,126471.03582150002,2552731.0672355,17654261.575777497,150,0,0
Z2,3,3,720,12544.0,0.150966,83091.557039,83624.0,1.0,2,16.441423,34167.487141,34167.487141,854349.0452457,2364502.0960999,126471.03582150002,2552731.0672355,17654261.575777497,150,0,0
Z2,4,3,720,15304.0,0.150995,101354.349482,102024.0,1.0,2,16.441423,37820.04563,37820.04563,854349.0452457,2364502.0960999,126471.03582150002,2552731.0672355,17654261.575777497,150,0,0
Z2,5,3,720,9896.0,0.151004,65534.687823,65536.0,1.0,2,16.441423,30656.113298,30656.113298,854349.0452457,2364502.0960999,126471.03582150002,2552731.0672355,17654261.575777497,150,0,0
Z2,6,3,720,6376.0,0.150895,42254.547864,42504.0,1.0,2,16.441423,26000.085306,26000.085306,854349.0452457,2364502.0960999,126471.03582150002,2552731.0672355,17654261.575777497,150,0,0
Z2,7,3,720,6872.0,0.150931,45530.739212,45808.0,1.0,2,16.441423,26655.323576,26655.323576,854349.0452457,2364502.0960999,126471.03582150002,2552731.0672355,17654261.575777497,150,0,0
Z3,0,3,720,5424.0,0.473603,11452.630156,11464.0,1.0,2,16.441423,19839.701765,19839.701765,854349.0452457,2364502.0960999,126471.03582150002,2552731.0672355,17654261.575777497,150,0,0
Z3,1,3,720,7080.0,0.15092,46912.271402,47200.0,1.0,2,16.441423,26931.630014,26931.630014,854349.0452457,2364502.0960999,126471.03582150002,2552731.0672355,17654261.575777497,150,0,0
Z3,2,3,720,7080.0,0.150934,46907.920018,47200.0,1.0,2,16.441423,26930.759737,26930.759737,854349.0452457,2364502.0960999,126471.03582150002,2552731.0672355,17654261.575777497,150,0,0
Z3,3,3,720,5664.0,0.150913,37531.557917,37760.0,1.0,2,16.441423,25055.487317,25055.487317,854349.0452457,2364502.0960999,126471.03582150002,2552731.0672355,17654261.575777497,150,0,0
Z3,4,3,720,7080.0,0.150927,46910.095609,47200.0,1.0,2,16.441423,26931.194855,26931.194855,854349.0452457,2364502.0960999,126471.03582150002,2552731.0672355,17654261.575777497,150,0,0
Z3,5,3,720,7080.0,0.150935,46907.609236,47200.0,1.0,2,16.441423,26930.69758,26930.69758,854349.0452457,2364502.0960999,126471.03582150002,2552731.0672355,17654261.575777497,150,0,0
Z3,6,3,720,5664.0,0.150888,37537.776364,37760.0,1.0,2,16.441423,25056.731006,25056.731006,854349.0452457,2364502.0960999,126471.03582150002,2552731.0672355,17654261.575777497,150,0,0
Z3,7,3,720,7080.0,0.15092,46912.271402,47200.0,1.0,2,16.441423,26931.630014,26931.630014,854349.0452457,2364502.0960999,126471.03582150002,2552731.0672355,17654261.575777497,150,0,0
Z3,8,3,720,7080.0,0.150926,46910.406424,47200.0,1.0,2,16.441423,26931.257018,26931.257018,854349.0452457,2364502.0960999,126471.03582150002,2552731.0672355,17654261.575777497,150,0,0
Z3,9,3,720,14120.0,0.150983,93520.462569,94128.0,1.0,2,16.441423,36253.268247,36253.268247,854349.0452457,2364502.0960999,126471.03582150002,2552731.0672355,17654261.575777497,150,0,0
Z3,10,3,720,17536.0,0.151034,116106.307189,116128.0,1.0,2,16.441423,40770.437171,40770.437171,854349.0452457,2364502.0960999,126471.03582150002,2552731.0672355,17654261.575777497,150,0,0
Z3,11,3,720,16008.0,0.150986,106023.074987,106720.0,1.0,2,16.441423,38753.790731,38753.790731,854349.0452457,2364502.0960999,126471.03582150002,2552731.0672355,17654261.575777497,150,0,0
Z3,12,3,720,10896.0,0.150935,72190.01557,72640.0,1.0,2,16.441423,31987.178847,31987.178847,854349.0452457,2364502.0960999,126471.03582150002,2552731.0672355,17654261.575777497,150,0,0
Z3,13,3,720,19720.0,0.150931,130655.730102,131464.0,1.0,2,16.441423,43680.321754,43680.321754,854349.0452457,2364502.0960999,126471.03582150002,2552731.0672355,17654261.575777497,150,0,0
Z3,14,3,720,20104.0,0.151004,133135.546078,133136.0,1.0,2,16.441423,44176.284949,44176.284949,854349.0452457,2364502.0960999,126471.03582150002,2552731.0672355,17654261.575777497,150,0,0
Z3,15,3,720,12504.0,0.150814,82910.074662,83360.0,1.0,2,16.441423,34131.190666,34131.190666,854349.0452457,2364502.0960999,126471.03582150002,2552731.0672355,17654261.575777497,150,0,0
Z3,16,3,720,23072.0,0.15094,152855.439247,153808.0,1.0,2,16.441423,48120.263583,48120.263583,854349.0452457,2364502.0960999,126471.03582150002,2552731.0672355,17654261.575777497,150,0,0
Z3,17,3,720,18112.0,0.150999,119947.814224,120744.0,1.0,2,16.441423,41538.738578,41538.738578,854349.0452457,2364502.0960999,126471.03582150002,2552731.0672355,17654261.575777497,150,0,0
Z3,18,3,720,18632.0,0.150983,123404.621712,124208.0,1.0,2,16.441423,42230.100076,42230.100076,854349.0452457,2364502.0960999,126471.03582150002,2552731.0672355,17654261.575777497,150,0,0
Z3,19,3,720,9664.0,0.150973,64011.445755,64424.0,1.0,2,16.441423,30351.464884,30351.464884,854349.0452457,2364502.0960999,126471.03582150002,2552731.0672355,17654261.575777497,150,0,0
Z3,20,3,720,12280.0,0.150928,81363.299057,81864.0,1.0,2,16.441423,33821.835545,33821.835545,854349.0452457,2364502.0960999,126471.03582150002,2552731.0672355,17654261.575777497,150,0,0
Z3,21,3,720,10368.0,0.150867,68722.782318,69120.0,1.0,2,16.441423,31293.732197,31293.732197,854349.0452457,2364502.0960999,126471.03582150002,2552731.0672355,17654261.575777497,150,0,0
Z3,22,3,720,10520.0,0.150972,69681.7953,70128.0,1.0,2,16.441423,31485.534793,31485.534793,854349.0452457,2364502.0960999,126471.03582150002,2552731.0672355,17654261.575777497,150,0,0
Z3,23,3,720,15288.0,0.150902,101310.784483,101920.0,1.0,2,16.441423,37811.33263,37811.33263,854349.0452457,2364502.0960999,126471.03582150002,2552731.0672355,17654261.575777497,150,0,0
Z3,24,3,720,16344.0,0.150984,108249.880782,108960.0,1.0,2,16.441423,39199.15189,39199.15189,854349.0452457,2364502.0960999,126471.03582150002,2552731.0672355,17654261.575777497,150,0,0
Z3,25,3,720,9016.0,0.150986,59714.145682,60104.0,1.0,2,16.441423,29492.00487,29492.00487,854349.0452457,2364502.0960999,126471.03582150002,2552731.0672355,17654261.575777497,150,0,0
Z3,26,3,720,13800.0,0.151017,91380.440613,91384.0,1.0,2,16.441423,35825.263856,35825.263856,854349.0452457,2364502.0960999,126471.03582150002,2552731.0672355,17654261.575777497,150,0,0
Z3,27,3,720,17664.0,0.151028,116958.444792,116976.0,1.0,2,16.441423,40940.864692,40940.864692,854349.0452457,2364502.0960999,126471.03582150002,2552731.0672355,17654261.575777497,150,0,0
Z3,28,3,720,10240.0,0.150858,67878.402206,68264.0,1.0,2,16.441423,31124.856174,31124.856174,854349.0452457,2364502.0960999,126471.03582150002,2552731.0672355,17654261.575777497,150,0,0
Z3,29,3,720,8424.0,0.150904,55823.569952,56160.0,1.0,2,16.441423,28713.889724,28713.889724,854349.0452457,2364502.0960999,126471.03582150002,2552731.0672355,17654261.575777497,150,0,0
Z3,30,3,720,6376.0,0.151004,42224.047045,42224.0,1.0,2,16.441423,25993.985142,25993.985142,854349.0452457,2364502.0960999,126471.03582150002,2552731.0672355,17654261.575777497,150,0,0
Z3,31,3,720,6872.0,0.150913,45536.169846,45808.0,1.0,2,16.441423,26656.409703,26656.409703,854349.0452457,2364502.0960999,126471.03582150002,2552731.0672355,17654261.575777497,150,0,0
Z3,32,3,720,6872.0,0.150916,45535.264651,45808.0,1.0,2,16.441423,26656.228663,26656.228663,854349.0452457,2364502.0960999,126471.03582150002,2552731.0672355,17654261.575777497,150,0,0
Z3,33,3,720,6376.0,0.150922,42246.988511,42504.0,1.0,2,16.441423,25998.573435,25998.573435,854349.0452457,2364502.0960999,126471.03582150002,2552731.0672355,17654261.575777497,150,0,0
Z3,34,3,720,6872.0,0.150933,45530.135888,45808.0,1.0,2,16.441423,26655.202911,26655.202911,854349.0452457,2364502.0960999,126471.03582150002,2552731.0672355,17654261.575777497,150,0,0
Z3,35,3,720,6872.0,0.150952,45524.405109,45808.0,1.0,2,16.441423,26654.056755,26654.056755,854349.0452457,2364502.0960999,126471.03582150002,2552731.0672355,17654261.575777497,150,0,0
Z3,36,3,720,6376.0,0.150938,42242.51017,42504.0,1.0,2,16.441423,25997.677767,25997.677767,854349.0452457,2364502.0960999,126471.03582150002,2552731.0672355,17654261.575777497,150,0,0
Z3,37,3,720,6872.0,0.150883,45545.223783,45808.0,1.0,2,16.441423,26658.22049,26658.22049,854349.0452457,2364502.0960999,126471.03582150002,2552731.0672355,17654261.575777497,150,0,0
Z3,38,3,720,6872.0,0.150927,45531.945908,45808.0,1.0,2,16.441423,26655.564915,26655.564915,854349.0452457,2364502.0960999,126471.03582150002,2552731.0672355,17654261.575777497,150,0,0
Z1,0,4,720,7200.0,0.472994,15222.180408,15248.0,1.0,2,24.660633,29700.000996,29700.000996,854349.0452457,2364502.0960999,126471.03582150002,2552731.0672355,17654261.575777497,150,0,0
Z2,0,4,720,6624.0,0.474115,13971.293884,13968.0,1.0,2,24.660633,29449.823692,29449.823692,854349.0452457,2364502.0960999,126471.03582150002,2552731.0672355,17654261.575777497,150,0,0
Z2,1,4,720,6648.0,0.150971,44034.947109,44320.0,1.0,2,24.660633,35462.554337,35462.554337,854349.0452457,2364502.0960999,126471.03582150002,2552731.0672355,17654261.575777497,150,0,0
Z2,2,4,720,7296.0,0.150995,48319.480778,48640.0,1.0,2,24.660633,36319.46107,36319.46107,854349.0452457,2364502.0960999,126471.03582150002,2552731.0672355,17654261.575777497,150,0,0
Z2,3,4,720,17272.0,0.151056,114341.701091,114384.0,1.0,2,24.660633,49523.905133,49523.905133,854349.0452457,2364502.0960999,126471.03582150002,2552731.0672355,17654261.575777497,150,0,0
Z2,4,4,720,22592.0,0.151129,149488.18559,149608.0,1.0,2,24.660633,56553.202033,56553.202033,854349.0452457,2364502.0960999,126471.03582150002,2552731.0672355,17654261.575777497,150,0,0
Z2,5,4,720,17472.0,0.151059,115663.416281,115704.0,1.0,2,24.660633,49788.248171,49788.248171,854349.0452457,2364502.0960999,126471.03582150002,2552731.0672355,17654261.575777497,150,0,0
Z2,6,4,720,6424.0,0.150896,42572.367723,42824.0,1.0,2,24.660633,35170.038459,35170.038459,854349.0452457,2364502.0960999,126471.03582150002,2552731.0672355,17654261.575777497,150,0,0
Z2,7,4,720,6872.0,0.150955,45523.500381,45808.0,1.0,2,24.660633,35760.264991,35760.264991,854349.0452457,2364502.0960999,126471.03582150002,2552731.0672355,17654261.575777497,150,0,0
Z3,0,4,720,6448.0,0.473976,13604.064341,13632.0,1.0,2,24.660633,29376.377783,29376.377783,854349.0452457,2364502.0960999,126471.03582150002,2552731.0672355,17654261.575777497,150,0,0
Z3,1,4,720,7448.0,0.150975,49332.670972,49648.0,1.0,2,24.660633,36522.099109,36522.099109,854349.0452457,2364502.0960999,126471.03582150002,2552731.0672355,17654261.575777497,150,0,0
Z3,2,4,720,7424.0,0.150957,49179.567691,49488.0,1.0,2,24.660633,36491.478453,36491.478453,854349.0452457,2364502.0960999,126471.03582150002,2552731.0672355,17654261.575777497,150,0,0
Z3,3,4,720,6648.0,0.150992,44028.822719,44320.0,1.0,2,24.660633,35461.329459,35461.329459,854349.0452457,2364502.0960999,126471.03582150002,2552731.0672355,17654261.575777497,150,0,0
Z3,4,4,720,7224.0,0.15092,47866.419295,48160.0,1.0,2,24.660633,36228.848774,36228.848774,854349.0452457,2364502.0960999,126471.03582150002,2552731.0672355,17654261.575777497,150,0,0
Z3,5,4,720,7240.0,0.150944,47964.808141,48264.0,1.0,2,24.660633,36248.526543,36248.526543,854349.0452457,2364502.0960999,126471.03582150002,2552731.0672355,17654261.575777497,150,0,0
Z3,6,4,720,6648.0,0.150913,44051.870946,44320.0,1.0,2,24.660633,35465.939104,35465.939104,854349.0452457,2364502.0960999,126471.03582150002,2552731.0672355,17654261.575777497,150,0,0
Z3,7,4,720,7232.0,0.150873,47934.355385,48208.0,1.0,2,24.660633,36242.435992,36242.435992,854349.0452457,2364502.0960999,126471.03582150002,2552731.0672355,17654261.575777497,150,0,0
Z3,8,4,720,7296.0,0.150925,48341.891668,48640.0,1.0,2,24.660633,36323.943248,36323.943248,854349.0452457,2364502.0960999,126471.03582150002,2552731.0672355,17654261.575777497,150,0,0
Z3,9,4,720,16456.0,0.150991,108986.628342,109704.0,1.0,2,24.660633,48452.890583,48452.890583,854349.0452457,2364502.0960999,126471.03582150002,2552731.0672355,17654261.575777497,150,0,0
Z3,10,4,720,25392.0,0.150953,168211.297556,169280.0,1.0,2,24.660633,60297.824426,60297.824426,854349.0452457,2364502.0960999,126471.03582150002,2552731.0672355,17654261.575777497,150,0,0
Z3,11,4,720,21592.0,0.150972,143019.897729,143944.0,1.0,2,24.660633,55259.544461,55259.544461,854349.0452457,2364502.0960999,126471.03582150002,2552731.0672355,17654261.575777497,150,0,0
Z3,12,4,720,13528.0,0.150958,89614.329814,90184.0,1.0,2,24.660633,44578.430878,44578.430878,854349.0452457,2364502.0960999,126471.03582150002,2552731.0672355,17654261.575777497,150,0,0
Z3,13,4,720,29512.0,0.151067,195357.027015,195440.0,1.0,2,24.660633,65726.970318,65726.970318,854349.0452457,2364502.0960999,126471.03582150002,2552731.0672355,17654261.575777497,150,0,0
Z3,14,4,720,29688.0,0.15109,196492.156993,196608.0,1.0,2,24.660633,65953.996313,65953.996313,854349.0452457,2364502.0960999,126471.03582150002,2552731.0672355,17654261.575777497,150,0,0
Z3,15,4,720,16760.0,0.150951,111029.406894,111728.0,1.0,2,24.660633,48861.446294,48861.446294,854349.0452457,2364502.0960999,126471.03582150002,2552731.0672355,17654261.575777497,150,0,0
Z3,16,4,720,33128.0,0.1511,219245.53276,219384.0,1.0,2,24.660633,70504.671467,70504.671467,854349.0452457,2364502.0960999,126471.03582150002,2552731.0672355,17654261.575777497,150,0,0
Z3,17,4,720,26248.0,0.151081,173734.619178,173824.0,1.0,2,24.660633,61402.48875,61402.48875,854349.0452457,2364502.0960999,126471.03582150002,2552731.0672355,17654261.575777497,150,0,0
Z3,18,4,720,26240.0,0.151104,173655.230834,173768.0,1.0,2,24.660633,61386.611082,61386.611082,854349.0452457,2364502.0960999,126471.03582150002,2552731.0672355,17654261.575777497,150,0,0
Z3,19,4,720,14624.0,0.151032,96827.162456,96840.0,1.0,2,24.660633,46020.997406,46020.997406,854349.0452457,2364502.0960999,126471.03582150002,2552731.0672355,17654261.575777497,150,0,0
Z3,20,4,720,26816.0,0.151007,177581.171734,177584.0,1.0,2,24.660633,62171.799262,62171.799262,854349.0452457,2364502.0960999,126471.03582150002,2552731.0672355,17654261.575777497,150,0,0
Z3,21,4,720,23128.0,0.15114,153023.686648,153160.0,1.0,2,24.660633,57260.302244,57260.302244,854349.0452457,2364502.0960999,126471.03582150002,2552731.0672355,17654261.575777497,150,0,0
Z3,22,4,720,19440.0,0.151064,128687.178944,128736.0,1.0,2,24.660633,52393.000704,52393.000704,854349.0452457,2364502.0960999,126471.03582150002,2552731.0672355,17654261.575777497,150,0,0
Z3,23,4,720,29088.0,0.151002,192633.210156,192632.0,1.0,2,24.660633,65182.206946,65182.206946,854349.0452457,2364502.0960999,126471.03582150002,2552731.0672355,17654261.575777497,150,0,0
Z3,24,4,720,29840.0,0.151095,197491.64433,197608.0,1.0,2,24.660633,66153.893781,66153.893781,854349.0452457,2364502.0960999,126471.03582150002,2552731.0672355,17654261.575777497,150,0,0
Z3,25,4,720,17200.0,0.150969,113930.674509,114664.0,1.0,2,24.660633,49441.699817,49441.699817,854349.0452457,2364502.0960999,126471.03582150002,2552731.0672355,17654261.575777497,150,0,0
Z3,26,4,720,25664.0,0.151089,169860.148654,169960.0,1.0,2,24.660633,60627.594646,60627.594646,854349.0452457,2364502.0960999,126471.03582150002,2552731.0672355,17654261.575777497,150,0,0
Z3,27,4,720,26808.0,0.151117,177398.969011,177536.0,1.0,2,24.660633,62135.358717,62135.358717,854349.0452457,2364502.0960999,126471.03582150002,2552731.0672355,17654261.575777497,150,0,0
Z3,28,4,720,12720.0,0.151,84238.410596,84232.0,1.0,2,24.660633,43503.247034,43503.247034,854349.0452457,2364502.0960999,126471.03582150002,2552731.0672355,17654261.575777497,150,0,0
Z3,29,4,720,11496.0,0.150878,76194.011055,76640.0,1.0,2,24.660633,41894.367126,41894.367126,854349.0452457,2364502.0960999,126471.03582150002,2552731.0672355,17654261.575777497,150,0,0
Z3,30,4,720,6448.0,0.150956,42714.433345,42984.0,1.0,2,24.660633,35198.451584,35198.451584,854349.0452457,2364502.0960999,126471.03582150002,2552731.0672355,17654261.575777497,150,0,0
Z3,31,4,720,7200.0,0.15101,47678.961658,47680.0,1.0,2,24.660633,36191.357246,36191.357246,854349.0452457,2364502.0960999,126471.03582150002,2552731.0672355,17654261.575777497,150,0,0
Z3,32,4,720,7520.0,0.150958,49815.180381,50128.0,1.0,2,24.660633,36618.600991,36618.600991,854349.0452457,2364502.0960999,126471.03582150002,2552731.0672355,17654261.575777497,150,0,0
Z3,33,4,720,6728.0,0.150993,44558.35701,44848.0,1.0,2,24.660633,35567.236317,35567.236317,854349.0452457,2364502.0960999,126471.03582150002,2552731.0672355,17654261.575777497,150,0,0
Z3,34,4,720,7224.0,0.150985,47845.812498,48160.0,1.0,2,24.660633,36224.727414,36224.727414,854349.0452457,2364502.0960999,126471.03582150002,2552731.0672355,17654261.575777497,150,0,0
Z3,35,4,720,7256.0,0.150998,48053.616604,48368.0,1.0,2,24.660633,36266.288236,36266.288236,854349.0452457,2364502.0960999,126471.03582150002,2552731.0672355,17654261.575777497,150,0,0
Z3,36,4,720,6544.0,0.150965,43347.795847,43624.0,1.0,2,24.660633,35325.124084,35325.124084,854349.0452457,2364502.0960999,126471.03582150002,2552731.0672355,17654261.575777497,150,0,0
Z3,37,4,720,12272.0,0.15106,81239.242685,81264.0,1.0,2,24.660633,42903.413452,42903.413452,854349.0452457,2364502.0960999,126471.03582150002,2552731.0672355,17654261.575777497,150,0,0
Z3,38,4,720,8544.0,0.150944,56603.773585,56960.0,1.0,2,24.660633,37976.319632,37976.319632,854349.0452457,2364502.0960999,126471.03582150002,2552731.0672355,17654261.575777497,150,0,0
Z1,0,5,720,20272.0,0.473183,42841.775803,42856.0,1.0,2,32.884495,46544.674792,46544.674792,854349.0452457,2364502.0960999,126471.03582150002,2552731.0672355,17654261.575777497,150,0,0
Z2,0,5,720,6624.0,0.472624,14015.369511,14032.0,1.0,2,32.884495,40779.393534,40779.393534,854349.0452457,2364502.0960999,126471.03582150002,2552731.0672355,17654261.575777497,150,0,0
Z2,1,5,720,7616.0,0.150962,50449.782064,50768.0,1.0,2,32.884495,48066.276045,48066.276045,854349.0452457,2364502.0960999,126471.03582150002,2552731.0672355,17654261.575777497,150,0,0
Z2,2,5,720,8792.0,0.151003,58224.008795,58224.0,1.0,2,32.884495,49621.121391,49621.121391,854349.0452457,2364502.0960999,126471.03582150002,2552731.0672355,17654261.575777497,150,0,0
Z2,3,5,720,8816.0,0.151039,58369.030515,58384.0,1.0,2,32.884495,49650.125735,49650.125735,854349.0452457,2364502.0960999,126471.03582150002,2552731.0672355,17654261.575777497,150,0,0
Z2,4,5,720,14976.0,0.151066,99135.477209,99176.0,1.0,2,32.884495,57803.415073,57803.415073,854349.0452457,2364502.0960999,126471.03582150002,2552731.0672355,17654261.575777497,150,0,0
Z2,5,5,720,25312.0,0.151082,167538.158086,167624.0,1.0,2,32.884495,71483.951249,71483.951249,854349.0452457,2364502.0960999,126471.03582150002,2552731.0672355,17654261.575777497,150,0,0
Z2,6,5,720,13208.0,0.151082,87422.724084,87464.0,1.0,2,32.884495,55460.864448,55460.864448,854349.0452457,2364502.0960999,126471.03582150002,2552731.0672355,17654261.575777497,150,0,0
Z2,7,5,720,16320.0,0.151009,108073.02876,108072.0,1.0,2,32.884495,59590.925384,59590.925384,854349.0452457,2364502.0960999,126471.03582150002,2552731.0672355,17654261.575777497,150,0,0
Z3,0,5,720,7712.0,0.47288,16308.577229,16336.0,1.0,2,32.884495,41238.035078,41238.035078,854349.0452457,2364502.0960999,126471.03582150002,2552731.0672355,17654261.575777497,150,0,0
Z3,1,5,720,9624.0,0.151,63735.099338,63728.0,1.0,2,32.884495,50723.339499,50723.339499,854349.0452457,2364502.0960999,126471.03582150002,2552731.0672355,17654261.575777497,150,0,0
Z3,2,5,720,9096.0,0.151088,60203.325214,60232.0,1.0,2,32.884495,50016.984675,50016.984675,854349.0452457,2364502.0960999,126471.03582150002,2552731.0672355,17654261.575777497,150,0,0
Z3,3,5,720,7632.0,0.150956,50557.778426,50880.0,1.0,2,32.884495,48087.875317,48087.875317,854349.0452457,2364502.0960999,126471.03582150002,2552731.0672355,17654261.575777497,150,0,0
Z3,4,5,720,8304.0,0.15101,54989.735779,54992.0,1.0,2,32.884495,48974.266788,48974.266788,854349.0452457,2364502.0960999,126471.03582150002,2552731.0672355,17654261.575777497,150,0,0
Z3,5,5,720,8504.0,0.151001,56317.507831,56312.0,1.0,2,32.884495,49239.821198,49239.821198,854349.0452457,2364502.0960999,126471.03582150002,2552731.0672355,17654261.575777497,150,0,0
Z3,6,5,720,7384.0,0.151078,48875.415348,48896.0,1.0,2,32.884495,47751.402701,47751.402701,854349.0452457,2364502.0960999,126471.03582150002,2552731.0672355,17654261.575777497,150,0,0
Z3,7,5,720,8968.0,0.151019,59383.256411,59384.0,1.0,2,32.884495,49852.970914,49852.970914,854349.0452457,2364502.0960999,126471.03582150002,2552731.0672355,17654261.575777497,150,0,0
Z3,8,5,720,8912.0,0.151027,59009.316215,59016.0,1.0,2,32.884495,49778.182875,49778.182875,854349.0452457,2364502.0960999,126471.03582150002,2552731.0672355,17654261.575777497,150,0,0
Z3,9,5,720,16688.0,0.151089,110451.455764,110512.0,1.0,2,32.884495,60066.610785,60066.610785,854349.0452457,2364502.0960999,126471.03582150002,2552731.0672355,17654261.575777497,150,0,0
Z3,10,5,720,23832.0,0.151096,157727.53746,157824.0,1.0,2,32.884495,69521.827124,69521.827124,854349.0452457,2364502.0960999,126471.03582150002,2552731.0672355,17654261.575777497,150,0,0
Z3,11,5,720,21144.0,0.151049,139981.065747,140024.0,1.0,2,32.884495,65972.532781,65972.532781,854349.0452457,2364502.0960999,126471.03582150002,2552731.0672355,17654261.575777497,150,0,0
Z3,12,5,720,14272.0,0.151065,94475.887863,94512.0,1.0,2,32.884495,56871.497204,56871.497204,854349.0452457,2364502.0960999,126471.03582150002,2552731.0672355,17654261.575777497,150,0,0
Z3,13,5,720,27640.0,0.151152,182862.284323,183040.0,1.0,2,32.884495,74548.776496,74548.776496,854349.0452457,2364502.0960999,126471.03582150002,2552731.0672355,17654261.575777497,150,0,0
Z3,14,5,720,33288.0,0.151128,220263.617596,220448.0,1.0,2,32.884495,82029.043151,82029.043151,854349.0452457,2364502.0960999,126471.03582150002,2552731.0672355,17654261.575777497,150,0,0
Z3,15,5,720,17576.0,0.151029,116375.000828,116392.0,1.0,2,32.884495,61251.319797,61251.319797,854349.0452457,2364502.0960999,126471.03582150002,2552731.0672355,17654261.575777497,150,0,0
Z3,16,5,720,34872.0,0.151115,230764.649439,230936.0,1.0,2,32.884495,84129.24952,84129.24952,854349.0452457,2364502.0960999,126471.03582150002,2552731.0672355,17654261.575777497,150,0,0
Z3,17,5,720,27336.0,0.15112,180889.359449,181032.0,1.0,2,32.884495,74154.191522,74154.191522,854349.0452457,2364502.0960999,126471.03582150002,2552731.0672355,17654261.575777497,150,0,0
Z3,18,5,720,18312.0,0.151065,121219.342667,121264.0,1.0,2,32.884495,62220.188165,62220.188165,854349.0452457,2364502.0960999,126471.03582150002,2552731.0672355,17654261.575777497,150,0,0
Z3,19,5,720,41432.0,0.151156,274100.928842,274384.0,1.0,2,32.884495,92796.5054,92796.5054,854349.0452457,2364502.0960999,126471.03582150002,2552731.0672355,17654261.575777497,150,0,0
Z3,20,5,720,36760.0,0.151197,243126.517061,243440.0,1.0,2,32.884495,86601.623044,86601.623044,854349.0452457,2364502.0960999,126471.03582150002,2552731.0672355,17654261.575777497,150,0,0
Z3,21,5,720,21272.0,0.151104,140777.213045,140872.0,1.0,2,32.884495,66131.762241,66131.762241,854349.0452457,2364502.0960999,126471.03582150002,2552731.0672355,17654261.575777497,150,0,0
Z3,22,5,720,43464.0,0.15116,287536.385287,287840.0,1.0,2,32.884495,95483.596689,95483.596689,854349.0452457,2364502.0960999,126471.03582150002,2552731.0672355,17654261.575777497,150,0,0
Z3,23,5,720,42000.0,0.151171,277831.065482,278144.0,1.0,2,32.884495,93542.532728,93542.532728,854349.0452457,2364502.0960999,126471.03582150002,2552731.0672355,17654261.575777497,150,0,0
Z3,24,5,720,20304.0,0.151111,134364.80468,134456.0,1.0,2,32.884495,64849.280568,64849.280568,854349.0452457,2364502.0960999,126471.03582150002,2552731.0672355,17654261.575777497,150,0,0
Z3,25,5,720,32736.0,0.151166,216556.633105,216792.0,1.0,2,32.884495,81287.646253,81287.646253,854349.0452457,2364502.0960999,126471.03582150002,2552731.0672355,17654261.575777497,150,0,0
Z3,26,5,720,34608.0,0.15115,228964.604697,229192.0,1.0,2,32.884495,83769.240571,83769.240571,854349.0452457,2364502.0960999,126471.03582150002,2552731.0672355,17654261.575777497,150,0,0
Z3,27,5,720,21272.0,0.151075,140804.236306,140872.0,1.0,2,32.884495,66137.166893,66137.166893,854349.0452457,2364502.0960999,126471.03582150002,2552731.0672355,17654261.575777497,150,0,0
Z3,28,5,720,8752.0,0.151009,57956.810521,57960.0,1.0,2,32.884495,49567.681736,49567.681736,854349.0452457,2364502.0960999,126471.03582150002,2552731.0672355,17654261.575777497,150,0,0
Z3,29,5,720,12760.0,0.151084,84456.32893,84496.0,1.0,2,32.884495,54867.585418,54867.585418,854349.0452457,2364502.0960999,126471.03582150002,2552731.0672355,17654261.575777497,150,0,0
Z3,30,5,720,15440.0,0.15118,102129.911364,102248.0,1.0,2,32.884495,58402.301905,58402.301905,854349.0452457,2364502.0960999,126471.03582150002,2552731.0672355,17654261.575777497,150,0,0
Z3,31,5,720,10000.0,0.151035,66209.818916,66224.0,1.0,2,32.884495,51218.283415,51218.283415,854349.0452457,2364502.0960999,126471.03582150002,2552731.0672355,17654261.575777497,150,0,0
Z3,32,5,720,15200.0,0.15108,100608.948901,100656.0,1.0,2,32.884495,58098.109412,58098.109412,854349.0452457,2364502.0960999,126471.03582150002,2552731.0672355,17654261.575777497,150,0,0
Z3,33,5,720,18352.0,0.15107,121480.108559,121536.0,1.0,2,32.884495,62272.341344,62272.341344,854349.0452457,2364502.0960999,126471.03582150002,2552731.0672355,17654261.575777497,150,0,0
Z3,34,5,720,11224.0,0.150981,74340.479928,74824.0,1.0,2,32.884495,52844.415617,52844.415617,854349.0452457,2364502.0960999,126471.03582150002,2552731.0672355,17654261.575777497,150,0,0
Z3,35,5,720,23240.0,0.151108,153797.284062,153904.0,1.0,2,32.884495,68735.776444,68735.776444,854349.0452457,2364502.0960999,126471.03582150002,2552731.0672355,17654261.575777497,150,0,0
Z3,36,5,720,16824.0,0.151045,111384.024628,111416.0,1.0,2,32.884495,60253.124557,60253.124557,854349.0452457,2364502.0960999,126471.03582150002,2552731.0672355,17654261.575777497,150,0,0
Z3,37,5,720,9680.0,0.151049,64085.164417,64104.0,1.0,2,32.884495,50793.352515,50793.352515,854349.0452457,2364502.0960999,126471.03582150002,2552731.0672355,17654261.575777497,150,0,0
Z3,38,5,720,12888.0,0.151012,85344.211056,85344.0,1.0,2,32.884495,55045.161843,55045.161843,854349.0452457,2364502.0960999,126471.03582150002,2552731.0672355,17654261.575777497,150,0,0
