Zone, Tile_no, Seg_no, Reso, Seg_d_size, Seg_d_time, Bitrate, Bitrate1, Buf_lev, Buf_limit, Elapsed, Ref_vp, Local_avg
Z1, 0, 1, 720, 9960.000000, 0.472814, 21065.366085, 21096.000000, 1.000000, 2, 0.000062, 21065.366085, 21065.366085
Z2, 0, 1, 720, 8952.000000, 0.474686, 18858.782437, 18880.000000, 1.000000, 2, 0.000062, 9429.391219, 9429.391219
Z2, 1, 1, 720, 5424.000000, 0.150931, 35936.951322, 36160.000000, 1.000000, 2, 0.000062, 11978.983774, 11978.983774
Z2, 2, 1, 720, 7080.000000, 0.151020, 46881.207787, 46880.000000, 1.000000, 2, 0.000062, 11720.301947, 11720.301947
Z2, 3, 1, 720, 18976.000000, 0.151037, 125638.088680, 125664.000000, 1.000000, 2, 0.000062, 25127.617736, 25127.617736
Z2, 4, 1, 720, 8720.000000, 0.150964, 57762.115471, 58128.000000, 1.000000, 2, 0.000062, 11552.423094, 11552.423094
Z2, 5, 1, 720, 8336.000000, 0.150980, 55212.610942, 55568.000000, 1.000000, 2, 0.000062, 11042.522188, 11042.522188
Z2, 6, 1, 720, 6376.000000, 0.150950, 42239.152037, 42504.000000, 1.000000, 2, 0.000062, 8447.830407, 8447.830407
Z2, 7, 1, 720, 6872.000000, 0.150975, 45517.469780, 45808.000000, 1.000000, 2, 0.000062, 9103.493956, 9103.493956
Z3, 0, 1, 720, 7080.000000, 0.473859, 14941.153381, 14968.000000, 1.000000, 2, 0.000062, 2988.230676, 2988.230676
Z3, 1, 1, 720, 7080.000000, 0.150921, 46911.960562, 47200.000000, 1.000000, 2, 0.000062, 9382.392112, 9382.392112
Z3, 2, 1, 720, 5664.000000, 0.150926, 37528.325139, 37760.000000, 1.000000, 2, 0.000062, 7505.665028, 7505.665028
Z3, 3, 1, 720, 7080.000000, 0.150933, 46908.230804, 47200.000000, 1.000000, 2, 0.000062, 9381.646161, 9381.646161
Z3, 4, 1, 720, 7080.000000, 0.150934, 46907.920018, 47200.000000, 1.000000, 2, 0.000062, 9381.584004, 9381.584004
Z3, 5, 1, 720, 5664.000000, 0.150923, 37529.071116, 37760.000000, 1.000000, 2, 0.000062, 7505.814223, 7505.814223
Z3, 6, 1, 720, 7080.000000, 0.150945, 46904.501640, 47200.000000, 1.000000, 2, 0.000062, 9380.900328, 9380.900328
Z3, 7, 1, 720, 7080.000000, 0.150928, 46909.784798, 47200.000000, 1.000000, 2, 0.000062, 9381.956960, 9381.956960
Z3, 8, 1, 720, 5664.000000, 0.150927, 37528.076487, 37760.000000, 1.000000, 2, 0.000062, 7505.615297, 7505.615297
Z3, 9, 1, 720, 7080.000000, 0.150907, 46916.312696, 47200.000000, 1.000000, 2, 0.000062, 9383.262539, 9383.262539
Z3, 10, 1, 720, 12904.000000, 0.151009, 85451.860485, 85456.000000, 1.000000, 2, 0.000062, 17090.372097, 17090.372097
Z3, 11, 1, 720, 17344.000000, 0.151032, 114836.590921, 114856.000000, 1.000000, 2, 0.000062, 22967.318184, 22967.318184
Z3, 12, 1, 720, 16912.000000, 0.150966, 112025.224223, 112744.000000, 1.000000, 2, 0.000062, 22405.044845, 22405.044845
Z3, 13, 1, 720, 13240.000000, 0.151046, 87655.416231, 87680.000000, 1.000000, 2, 0.000062, 17531.083246, 17531.083246
Z3, 14, 1, 720, 28328.000000, 0.151085, 187497.104279, 187600.000000, 1.000000, 2, 0.000062, 37499.420856, 37499.420856
Z3, 15, 1, 720, 30528.000000, 0.151125, 202004.962779, 202168.000000, 1.000000, 2, 0.000062, 40400.992556, 40400.992556
Z3, 16, 1, 720, 16360.000000, 0.151045, 108312.092423, 108344.000000, 1.000000, 2, 0.000062, 21662.418485, 21662.418485
Z3, 17, 1, 720, 33216.000000, 0.151139, 219771.203991, 219968.000000, 1.000000, 2, 0.000062, 43954.240798, 43954.240798
Z3, 18, 1, 720, 28000.000000, 0.151012, 185415.728551, 185424.000000, 1.000000, 2, 0.000062, 37083.145710, 37083.145710
Z3, 19, 1, 720, 15744.000000, 0.150957, 104294.600449, 104960.000000, 1.000000, 2, 0.000062, 20858.920090, 20858.920090
Z3, 20, 1, 720, 16024.000000, 0.150989, 106126.936399, 106824.000000, 1.000000, 2, 0.000062, 21225.387280, 21225.387280
Z3, 21, 1, 720, 11576.000000, 0.150993, 76665.805700, 77168.000000, 1.000000, 2, 0.000062, 15333.161140, 15333.161140
Z3, 22, 1, 720, 10816.000000, 0.151050, 71605.428666, 71624.000000, 1.000000, 2, 0.000062, 14321.085733, 14321.085733
Z3, 23, 1, 720, 13224.000000, 0.150910, 87628.387781, 88160.000000, 1.000000, 2, 0.000062, 17525.677556, 17525.677556
Z3, 24, 1, 720, 17528.000000, 0.151097, 116004.950462, 116072.000000, 1.000000, 2, 0.000062, 23200.990092, 23200.990092
Z3, 25, 1, 720, 23824.000000, 0.150968, 157808.277251, 158824.000000, 1.000000, 2, 0.000062, 31561.655450, 31561.655450
Z3, 26, 1, 720, 11024.000000, 0.150936, 73037.578841, 73488.000000, 1.000000, 2, 0.000062, 14607.515768, 14607.515768
Z3, 27, 1, 720, 15112.000000, 0.150885, 100155.747755, 100744.000000, 1.000000, 2, 0.000062, 20031.149551, 20031.149551
Z3, 28, 1, 720, 24552.000000, 0.151023, 162571.263980, 162592.000000, 1.000000, 2, 0.000062, 32514.252796, 32514.252796
Z3, 29, 1, 720, 10824.000000, 0.150936, 71712.513913, 72160.000000, 1.000000, 2, 0.000062, 14342.502783, 14342.502783
Z3, 30, 1, 720, 6872.000000, 0.150771, 45579.056980, 45808.000000, 1.000000, 2, 0.000062, 9115.811396, 9115.811396
Z3, 31, 1, 720, 6872.000000, 0.150908, 45537.678586, 45808.000000, 1.000000, 2, 0.000062, 9107.535717, 9107.535717
Z3, 32, 1, 720, 6376.000000, 0.150863, 42263.510602, 42504.000000, 1.000000, 2, 0.000062, 8452.702120, 8452.702120
Z3, 33, 1, 720, 6872.000000, 0.151116, 45474.999338, 45504.000000, 1.000000, 2, 0.000062, 9094.999868, 9094.999868
Z3, 34, 1, 720, 6872.000000, 0.151022, 45503.304154, 45504.000000, 1.000000, 2, 0.000062, 9100.660831, 9100.660831
Z3, 35, 1, 720, 6376.000000, 0.150880, 42258.748674, 42504.000000, 1.000000, 2, 0.000062, 8451.749735, 8451.749735
Z3, 36, 1, 720, 6872.000000, 0.151104, 45478.610758, 45504.000000, 1.000000, 2, 0.000062, 9095.722152, 9095.722152
Z3, 37, 1, 720, 6872.000000, 0.150955, 45523.500381, 45808.000000, 1.000000, 2, 0.000062, 9104.700076, 9104.700076
Z3, 38, 1, 720, 6376.000000, 0.150907, 42251.187818, 42504.000000, 1.000000, 2, 0.000062, 8450.237564, 8450.237564
Z1, 0, 2, 720, 15344.000000, 0.472727, 32458.480265, 32504.000000, 1.000000, 2, 8.222090, 14941.933616, 14941.933616
Z2, 0, 2, 720, 6624.000000, 0.473849, 13979.136814, 14000.000000, 1.000000, 2, 8.222090, 11246.064926, 11246.064926
Z2, 1, 2, 720, 5664.000000, 0.150969, 37517.636071, 37760.000000, 1.000000, 2, 8.222090, 15953.764778, 15953.764778
Z2, 2, 2, 720, 7080.000000, 0.150978, 46894.249493, 47200.000000, 1.000000, 2, 8.222090, 17829.087462, 17829.087462
Z2, 3, 2, 720, 7080.000000, 0.151001, 46887.106708, 46880.000000, 1.000000, 2, 8.222090, 17827.658905, 17827.658905
Z2, 4, 2, 720, 12128.000000, 0.151052, 80290.231179, 80312.000000, 1.000000, 2, 8.222090, 24508.283799, 24508.283799
Z2, 5, 2, 720, 18392.000000, 0.151111, 121711.854200, 121800.000000, 1.000000, 2, 8.222090, 32792.608404, 32792.608404
Z2, 6, 2, 720, 10632.000000, 0.151048, 70388.220963, 70408.000000, 1.000000, 2, 8.222090, 22527.881756, 22527.881756
Z2, 7, 2, 720, 8048.000000, 0.151035, 53285.662264, 53296.000000, 1.000000, 2, 8.222090, 19107.370016, 19107.370016
Z3, 0, 2, 720, 5424.000000, 0.473359, 11458.533587, 11464.000000, 1.000000, 2, 8.222090, 10741.944281, 10741.944281
Z3, 1, 2, 720, 7080.000000, 0.150962, 46899.219671, 47200.000000, 1.000000, 2, 8.222090, 17830.081498, 17830.081498
Z3, 2, 2, 720, 7080.000000, 0.151011, 46884.001828, 46880.000000, 1.000000, 2, 8.222090, 17827.037929, 17827.037929
Z3, 3, 2, 720, 5664.000000, 0.150994, 37511.424295, 37760.000000, 1.000000, 2, 8.222090, 15952.522423, 15952.522423
Z3, 4, 2, 720, 7080.000000, 0.151002, 46886.796201, 46880.000000, 1.000000, 2, 8.222090, 17827.596804, 17827.596804
Z3, 5, 2, 720, 7080.000000, 0.151002, 46886.796201, 46880.000000, 1.000000, 2, 8.222090, 17827.596804, 17827.596804
Z3, 6, 2, 720, 5664.000000, 0.150999, 37510.182187, 37760.000000, 1.000000, 2, 8.222090, 15952.274001, 15952.274001
Z3, 7, 2, 720, 7080.000000, 0.151000, 46887.417219, 46880.000000, 1.000000, 2, 8.222090, 17827.721007, 17827.721007
Z3, 8, 2, 720, 7080.000000, 0.151023, 46880.276514, 46880.000000, 1.000000, 2, 8.222090, 17826.292866, 17826.292866
Z3, 9, 2, 720, 12648.000000, 0.151059, 83728.874149, 83760.000000, 1.000000, 2, 8.222090, 25196.012393, 25196.012393
Z3, 10, 2, 720, 17112.000000, 0.151092, 113255.499960, 113320.000000, 1.000000, 2, 8.222090, 31101.337556, 31101.337556
Z3, 11, 2, 720, 15320.000000, 0.151076, 101405.914904, 101456.000000, 1.000000, 2, 8.222090, 28731.420544, 28731.420544
Z3, 12, 2, 720, 10704.000000, 0.150900, 70934.393638, 71360.000000, 1.000000, 2, 8.222090, 22637.116291, 22637.116291
Z3, 13, 2, 720, 18776.000000, 0.151027, 124322.141074, 124344.000000, 1.000000, 2, 8.222090, 33314.665778, 33314.665778
Z3, 14, 2, 720, 21848.000000, 0.151061, 144630.314906, 144688.000000, 1.000000, 2, 8.222090, 37376.300545, 37376.300545
Z3, 15, 2, 720, 12752.000000, 0.151014, 84442.502020, 84448.000000, 1.000000, 2, 8.222090, 25338.737967, 25338.737967
Z3, 16, 2, 720, 21856.000000, 0.151012, 144730.220115, 144736.000000, 1.000000, 2, 8.222090, 37396.281587, 37396.281587
Z3, 17, 2, 720, 16880.000000, 0.151077, 111731.104007, 111784.000000, 1.000000, 2, 8.222090, 30796.458365, 30796.458365
Z3, 18, 2, 720, 9160.000000, 0.150920, 60694.407633, 61064.000000, 1.000000, 2, 8.222090, 20589.119090, 20589.119090
Z3, 19, 2, 720, 11592.000000, 0.151068, 76733.656367, 76768.000000, 1.000000, 2, 8.222090, 23796.968837, 23796.968837
Z3, 20, 2, 720, 9952.000000, 0.150875, 65961.888981, 66344.000000, 1.000000, 2, 8.222090, 21642.615360, 21642.615360
Z3, 21, 2, 720, 11064.000000, 0.151015, 73264.245274, 73264.000000, 1.000000, 2, 8.222090, 23103.086618, 23103.086618
Z3, 22, 2, 720, 14728.000000, 0.151073, 97489.293256, 97536.000000, 1.000000, 2, 8.222090, 27948.096215, 27948.096215
Z3, 23, 2, 720, 16264.000000, 0.151047, 107675.094507, 107704.000000, 1.000000, 2, 8.222090, 29985.256465, 29985.256465
Z3, 24, 2, 720, 9504.000000, 0.150995, 62942.481539, 63360.000000, 1.000000, 2, 8.222090, 21038.733871, 21038.733871
Z3, 25, 2, 720, 12688.000000, 0.151052, 83997.563753, 84024.000000, 1.000000, 2, 8.222090, 25249.750314, 25249.750314
Z3, 26, 2, 720, 17320.000000, 0.150982, 114715.661470, 115464.000000, 1.000000, 2, 8.222090, 31393.369857, 31393.369857
Z3, 27, 2, 720, 9320.000000, 0.151023, 61712.454394, 61720.000000, 1.000000, 2, 8.222090, 20792.728442, 20792.728442
Z3, 28, 2, 720, 6376.000000, 0.150877, 42259.588937, 42504.000000, 1.000000, 2, 8.222090, 16902.155351, 16902.155351
Z3, 29, 2, 720, 6872.000000, 0.151001, 45509.632387, 45504.000000, 1.000000, 2, 8.222090, 17552.164041, 17552.164041
Z3, 30, 2, 720, 6872.000000, 0.151006, 45508.125505, 45504.000000, 1.000000, 2, 8.222090, 17551.862665, 17551.862665
Z3, 31, 2, 720, 6376.000000, 0.150976, 42231.877914, 42504.000000, 1.000000, 2, 8.222090, 16896.613146, 16896.613146
Z3, 32, 2, 720, 6872.000000, 0.150930, 45531.040880, 45808.000000, 1.000000, 2, 8.222090, 17556.445740, 17556.445740
Z3, 33, 2, 720, 6872.000000, 0.151009, 45507.221424, 45504.000000, 1.000000, 2, 8.222090, 17551.681848, 17551.681848
Z3, 34, 2, 720, 6376.000000, 0.150978, 42231.318470, 42504.000000, 1.000000, 2, 8.222090, 16896.501258, 16896.501258
Z3, 35, 2, 720, 6872.000000, 0.150988, 45513.550746, 45808.000000, 1.000000, 2, 8.222090, 17552.947713, 17552.947713
Z3, 36, 2, 720, 6872.000000, 0.150978, 45516.565327, 45808.000000, 1.000000, 2, 8.222090, 17553.550629, 17553.550629
Z3, 37, 2, 720, 6376.000000, 0.150997, 42226.004490, 42504.000000, 1.000000, 2, 8.222090, 16895.438462, 16895.438462
Z3, 38, 2, 720, 6872.000000, 0.150987, 45513.852186, 45808.000000, 1.000000, 2, 8.222090, 17553.008001, 17553.008001
Z1, 0, 3, 720, 7080.000000, 0.471730, 15008.585420, 15024.000000, 1.000000, 2, 16.444786, 20554.725085, 20554.725085
Z2, 0, 3, 720, 6624.000000, 0.472774, 14010.922766, 14032.000000, 1.000000, 2, 16.444786, 20355.192554, 20355.192554
Z2, 1, 3, 720, 5664.000000, 0.150913, 37531.557917, 37760.000000, 1.000000, 2, 16.444786, 25059.319584, 25059.319584
Z2, 2, 3, 720, 7080.000000, 0.151030, 46878.103688, 46880.000000, 1.000000, 2, 16.444786, 26928.628738, 26928.628738
Z2, 3, 3, 720, 12544.000000, 0.151032, 83055.246570, 83072.000000, 1.000000, 2, 16.444786, 34164.057315, 34164.057315
Z2, 4, 3, 720, 15304.000000, 0.151008, 101345.624073, 101344.000000, 1.000000, 2, 16.444786, 37822.132815, 37822.132815
Z2, 5, 3, 720, 9896.000000, 0.151040, 65519.067797, 65536.000000, 1.000000, 2, 16.444786, 30656.821560, 30656.821560
Z2, 6, 3, 720, 6376.000000, 0.151047, 42212.026720, 42224.000000, 1.000000, 2, 16.444786, 25995.413345, 25995.413345
Z2, 7, 3, 720, 6872.000000, 0.151004, 45508.728246, 45504.000000, 1.000000, 2, 16.444786, 26654.753650, 26654.753650
Z3, 0, 3, 720, 5424.000000, 0.472896, 11469.752335, 11488.000000, 1.000000, 2, 16.444786, 19846.958468, 19846.958468
Z3, 1, 3, 720, 7080.000000, 0.150966, 46897.977028, 47200.000000, 1.000000, 2, 16.444786, 26932.603406, 26932.603406
Z3, 2, 3, 720, 7080.000000, 0.151015, 46882.759991, 46880.000000, 1.000000, 2, 16.444786, 26929.559999, 26929.559999
Z3, 3, 3, 720, 5664.000000, 0.150981, 37514.654162, 37760.000000, 1.000000, 2, 16.444786, 25055.938833, 25055.938833
Z3, 4, 3, 720, 7080.000000, 0.150977, 46894.560099, 47200.000000, 1.000000, 2, 16.444786, 26931.920020, 26931.920020
Z3, 5, 3, 720, 7080.000000, 0.151005, 46885.864706, 46880.000000, 1.000000, 2, 16.444786, 26930.180942, 26930.180942
Z3, 6, 3, 720, 5664.000000, 0.150991, 37512.169600, 37760.000000, 1.000000, 2, 16.444786, 25055.441921, 25055.441921
Z3, 7, 3, 720, 7080.000000, 0.151012, 46883.691362, 46880.000000, 1.000000, 2, 16.444786, 26929.746273, 26929.746273
Z3, 8, 3, 720, 7080.000000, 0.151011, 46884.001828, 46880.000000, 1.000000, 2, 16.444786, 26929.808366, 26929.808366
Z3, 9, 3, 720, 14120.000000, 0.151063, 93470.935967, 93504.000000, 1.000000, 2, 16.444786, 36247.195194, 36247.195194
Z3, 10, 3, 720, 17536.000000, 0.151167, 116004.154346, 116128.000000, 1.000000, 2, 16.444786, 40753.838870, 40753.838870
Z3, 11, 3, 720, 16008.000000, 0.151058, 105972.540349, 106008.000000, 1.000000, 2, 16.444786, 38747.516070, 38747.516070
Z3, 12, 3, 720, 10896.000000, 0.151029, 72145.084719, 72152.000000, 1.000000, 2, 16.444786, 31982.024944, 31982.024944
Z3, 13, 3, 720, 19720.000000, 0.151063, 130541.562130, 130592.000000, 1.000000, 2, 16.444786, 43661.320427, 43661.320427
Z3, 14, 3, 720, 20104.000000, 0.151011, 133129.374681, 133136.000000, 1.000000, 2, 16.444786, 44178.882937, 44178.882937
Z3, 15, 3, 720, 12504.000000, 0.151043, 82784.372662, 82800.000000, 1.000000, 2, 16.444786, 34109.882533, 34109.882533
Z3, 16, 3, 720, 23072.000000, 0.151101, 152692.569870, 152792.000000, 1.000000, 2, 16.444786, 48091.521975, 48091.521975
Z3, 17, 3, 720, 18112.000000, 0.151105, 119863.670957, 119944.000000, 1.000000, 2, 16.444786, 41525.742192, 41525.742192
Z3, 18, 3, 720, 18632.000000, 0.151071, 123332.737587, 123384.000000, 1.000000, 2, 16.444786, 42219.555518, 42219.555518
Z3, 19, 3, 720, 9664.000000, 0.150986, 64005.934325, 64424.000000, 1.000000, 2, 16.444786, 30354.194866, 30354.194866
Z3, 20, 3, 720, 12280.000000, 0.150897, 81380.014182, 81864.000000, 1.000000, 2, 16.444786, 33829.010837, 33829.010837
Z3, 21, 3, 720, 10368.000000, 0.151028, 68649.521943, 68656.000000, 1.000000, 2, 16.444786, 31282.912389, 31282.912389
Z3, 22, 3, 720, 10520.000000, 0.151061, 69640.741158, 69664.000000, 1.000000, 2, 16.444786, 31481.156232, 31481.156232
Z3, 23, 3, 720, 15288.000000, 0.150936, 101287.963110, 101920.000000, 1.000000, 2, 16.444786, 37810.600623, 37810.600623
Z3, 24, 3, 720, 16344.000000, 0.151068, 108189.689411, 108232.000000, 1.000000, 2, 16.444786, 39190.945883, 39190.945883
Z3, 25, 3, 720, 9016.000000, 0.151027, 59697.934806, 59704.000000, 1.000000, 2, 16.444786, 29492.594962, 29492.594962
Z3, 26, 3, 720, 13800.000000, 0.150989, 91397.386565, 92000.000000, 1.000000, 2, 16.444786, 35832.485314, 35832.485314
Z3, 27, 3, 720, 17664.000000, 0.151112, 116893.430039, 116976.000000, 1.000000, 2, 16.444786, 40931.694008, 40931.694008
Z3, 28, 3, 720, 10240.000000, 0.151037, 67797.956792, 67808.000000, 1.000000, 2, 16.444786, 31112.599359, 31112.599359
Z3, 29, 3, 720, 8424.000000, 0.150964, 55801.383111, 56160.000000, 1.000000, 2, 16.444786, 28713.284623, 28713.284623
Z3, 30, 3, 720, 6376.000000, 0.151029, 42217.057651, 42224.000000, 1.000000, 2, 16.444786, 25996.419531, 25996.419531
Z3, 31, 3, 720, 6872.000000, 0.151004, 45508.728246, 45504.000000, 1.000000, 2, 16.444786, 26654.753650, 26654.753650
Z3, 32, 3, 720, 6872.000000, 0.150962, 45521.389489, 45808.000000, 1.000000, 2, 16.444786, 26657.285898, 26657.285898
Z3, 33, 3, 720, 6376.000000, 0.150967, 42234.395596, 42504.000000, 1.000000, 2, 16.444786, 25999.887120, 25999.887120
Z3, 34, 3, 720, 6872.000000, 0.150993, 45512.043605, 45808.000000, 1.000000, 2, 16.444786, 26655.416722, 26655.416722
Z3, 35, 3, 720, 6872.000000, 0.150944, 45526.817893, 45808.000000, 1.000000, 2, 16.444786, 26658.371579, 26658.371579
Z3, 36, 3, 720, 6376.000000, 0.150992, 42227.402776, 42504.000000, 1.000000, 2, 16.444786, 25998.488556, 25998.488556
Z3, 37, 3, 720, 6872.000000, 0.150907, 45537.980346, 45808.000000, 1.000000, 2, 16.444786, 26660.604070, 26660.604070
Z3, 38, 3, 720, 6872.000000, 0.150956, 45523.198813, 45808.000000, 1.000000, 2, 16.444786, 26657.647763, 26657.647763
Z1, 0, 4, 720, 7200.000000, 0.473081, 15219.381036, 15216.000000, 1.000000, 2, 24.665427, 29701.523971, 29701.523971
Z2, 0, 4, 720, 6624.000000, 0.473816, 13980.110423, 14000.000000, 1.000000, 2, 24.665427, 29453.669848, 29453.669848
Z2, 1, 4, 720, 6648.000000, 0.150908, 44053.330506, 44320.000000, 1.000000, 2, 24.665427, 35468.313865, 35468.313865
Z2, 2, 4, 720, 7296.000000, 0.150905, 48348.298598, 48640.000000, 1.000000, 2, 24.665427, 36327.307483, 36327.307483
Z2, 3, 4, 720, 17272.000000, 0.150982, 114397.742777, 115144.000000, 1.000000, 2, 24.665427, 49537.196319, 49537.196319
Z2, 4, 4, 720, 22592.000000, 0.150970, 149645.624959, 150608.000000, 1.000000, 2, 24.665427, 56586.772755, 56586.772755
Z2, 5, 4, 720, 17472.000000, 0.151051, 115669.542075, 115704.000000, 1.000000, 2, 24.665427, 49791.556178, 49791.556178
Z2, 6, 4, 720, 6424.000000, 0.150861, 42582.244583, 42824.000000, 1.000000, 2, 24.665427, 35174.096680, 35174.096680
Z2, 7, 4, 720, 6872.000000, 0.150892, 45542.507224, 45808.000000, 1.000000, 2, 24.665427, 35766.149208, 35766.149208
Z3, 0, 4, 720, 6448.000000, 0.472370, 13650.316489, 13656.000000, 1.000000, 2, 24.665427, 29387.711061, 29387.711061
Z3, 1, 4, 720, 7448.000000, 0.150929, 49347.706538, 49648.000000, 1.000000, 2, 24.665427, 36527.189071, 36527.189071
Z3, 2, 4, 720, 7424.000000, 0.150898, 49198.796538, 49488.000000, 1.000000, 2, 24.665427, 36497.407071, 36497.407071
Z3, 3, 4, 720, 6648.000000, 0.150822, 44078.450093, 44320.000000, 1.000000, 2, 24.665427, 35473.337782, 35473.337782
Z3, 4, 4, 720, 7224.000000, 0.150850, 47888.631090, 48160.000000, 1.000000, 2, 24.665427, 36235.373981, 36235.373981
Z3, 5, 4, 720, 7240.000000, 0.150884, 47983.881657, 48264.000000, 1.000000, 2, 24.665427, 36254.424095, 36254.424095
Z3, 6, 4, 720, 6648.000000, 0.150821, 44078.742350, 44320.000000, 1.000000, 2, 24.665427, 35473.396233, 35473.396233
Z3, 7, 4, 720, 7232.000000, 0.150860, 47938.486014, 48208.000000, 1.000000, 2, 24.665427, 36245.344966, 36245.344966
Z3, 8, 4, 720, 7296.000000, 0.150881, 48355.989157, 48640.000000, 1.000000, 2, 24.665427, 36328.845595, 36328.845595
Z3, 9, 4, 720, 16456.000000, 0.150958, 109010.453239, 109704.000000, 1.000000, 2, 24.665427, 48459.738411, 48459.738411
Z3, 10, 4, 720, 25392.000000, 0.150954, 168210.183235, 169280.000000, 1.000000, 2, 24.665427, 60299.684410, 60299.684410
Z3, 11, 4, 720, 21592.000000, 0.150998, 142995.271461, 143944.000000, 1.000000, 2, 24.665427, 55256.702055, 55256.702055
Z3, 12, 4, 720, 13528.000000, 0.150974, 89604.832620, 90184.000000, 1.000000, 2, 24.665427, 44578.614287, 44578.614287
Z3, 13, 4, 720, 29512.000000, 0.150891, 195584.892406, 196744.000000, 1.000000, 2, 24.665427, 65774.626244, 65774.626244
Z3, 14, 4, 720, 29688.000000, 0.150993, 196618.386283, 197920.000000, 1.000000, 2, 24.665427, 65981.325020, 65981.325020
Z3, 15, 4, 720, 16760.000000, 0.150955, 111026.464841, 111728.000000, 1.000000, 2, 24.665427, 48862.940731, 48862.940731
Z3, 16, 4, 720, 33128.000000, 0.151040, 219332.627119, 219384.000000, 1.000000, 2, 24.665427, 70524.173187, 70524.173187
Z3, 17, 4, 720, 26248.000000, 0.151014, 173811.699578, 173824.000000, 1.000000, 2, 24.665427, 61419.987679, 61419.987679
Z3, 18, 4, 720, 26240.000000, 0.150930, 173855.429669, 174928.000000, 1.000000, 2, 24.665427, 61428.733697, 61428.733697
Z3, 19, 4, 720, 14624.000000, 0.150886, 96920.854155, 97488.000000, 1.000000, 2, 24.665427, 46041.818594, 46041.818594
Z3, 20, 4, 720, 26816.000000, 0.150878, 177733.002823, 178768.000000, 1.000000, 2, 24.665427, 62204.248328, 62204.248328
Z3, 21, 4, 720, 23128.000000, 0.150948, 153218.326841, 154184.000000, 1.000000, 2, 24.665427, 57301.313132, 57301.313132
Z3, 22, 4, 720, 19440.000000, 0.150874, 128849.238437, 129600.000000, 1.000000, 2, 24.665427, 52427.495451, 52427.495451
Z3, 23, 4, 720, 29088.000000, 0.151020, 192610.250298, 192632.000000, 1.000000, 2, 24.665427, 65179.697823, 65179.697823
Z3, 24, 4, 720, 29840.000000, 0.150921, 197719.336607, 198928.000000, 1.000000, 2, 24.665427, 66201.515085, 66201.515085
Z3, 25, 4, 720, 17200.000000, 0.150918, 113969.175314, 114664.000000, 1.000000, 2, 24.665427, 49451.482826, 49451.482826
Z3, 26, 4, 720, 25664.000000, 0.150931, 170037.964368, 171088.000000, 1.000000, 2, 24.665427, 60665.240637, 60665.240637
Z3, 27, 4, 720, 26808.000000, 0.150788, 177786.030719, 178720.000000, 1.000000, 2, 24.665427, 62214.853907, 62214.853907
Z3, 28, 4, 720, 12720.000000, 0.150860, 84316.584913, 84800.000000, 1.000000, 2, 24.665427, 43520.964746, 43520.964746
Z3, 29, 4, 720, 11496.000000, 0.150929, 76168.264548, 76640.000000, 1.000000, 2, 24.665427, 41891.300673, 41891.300673
Z3, 30, 4, 720, 6448.000000, 0.150875, 42737.365369, 42984.000000, 1.000000, 2, 24.665427, 35205.120837, 35205.120837
Z3, 31, 4, 720, 7200.000000, 0.150948, 47698.545194, 48000.000000, 1.000000, 2, 24.665427, 36197.356802, 36197.356802
Z3, 32, 4, 720, 7520.000000, 0.150896, 49835.648394, 50128.000000, 1.000000, 2, 24.665427, 36624.777442, 36624.777442
Z3, 33, 4, 720, 6728.000000, 0.150955, 44569.573714, 44848.000000, 1.000000, 2, 24.665427, 35571.562506, 35571.562506
Z3, 34, 4, 720, 7224.000000, 0.150944, 47858.808565, 48160.000000, 1.000000, 2, 24.665427, 36229.409476, 36229.409476
Z3, 35, 4, 720, 7256.000000, 0.151033, 48042.480782, 48048.000000, 1.000000, 2, 24.665427, 36266.143920, 36266.143920
Z3, 36, 4, 720, 6544.000000, 0.151007, 43335.739403, 43336.000000, 1.000000, 2, 24.665427, 35324.795644, 35324.795644
Z3, 37, 4, 720, 12272.000000, 0.150944, 81301.674793, 81808.000000, 1.000000, 2, 24.665427, 42917.982722, 42917.982722
Z3, 38, 4, 720, 8544.000000, 0.150910, 56616.526406, 56960.000000, 1.000000, 2, 24.665427, 37980.953045, 37980.953045
Z1, 0, 5, 720, 20272.000000, 0.472032, 42946.240933, 42944.000000, 1.000000, 2, 32.883811, 46570.201231, 46570.201231
Z2, 0, 5, 720, 6624.000000, 0.473828, 13979.756367, 14000.000000, 1.000000, 2, 32.883811, 40776.904318, 40776.904318
Z2, 1, 5, 720, 7616.000000, 0.151026, 50428.403056, 50432.000000, 1.000000, 2, 32.883811, 48066.633656, 48066.633656
Z2, 2, 5, 720, 8792.000000, 0.151032, 58212.829069, 58224.000000, 1.000000, 2, 32.883811, 49623.518858, 49623.518858
Z2, 3, 5, 720, 8816.000000, 0.151007, 58381.399538, 58384.000000, 1.000000, 2, 32.883811, 49657.232952, 49657.232952
Z2, 4, 5, 720, 14976.000000, 0.151066, 99135.477209, 99176.000000, 1.000000, 2, 32.883811, 57808.048486, 57808.048486
Z2, 5, 5, 720, 25312.000000, 0.151112, 167504.897030, 167624.000000, 1.000000, 2, 32.883811, 71481.932451, 71481.932451
Z2, 6, 5, 720, 13208.000000, 0.151050, 87441.244621, 87464.000000, 1.000000, 2, 32.883811, 55469.201969, 55469.201969
Z2, 7, 5, 720, 16320.000000, 0.151100, 108007.941760, 108072.000000, 1.000000, 2, 32.883811, 59582.541397, 59582.541397
Z3, 0, 5, 720, 7712.000000, 0.473665, 16281.549196, 16304.000000, 1.000000, 2, 32.883811, 41237.262884, 41237.262884
Z3, 1, 5, 720, 9624.000000, 0.150974, 63746.075483, 64160.000000, 1.000000, 2, 32.883811, 50730.168141, 50730.168141
Z3, 2, 5, 720, 9096.000000, 0.151039, 60222.856348, 60232.000000, 1.000000, 2, 32.883811, 50025.524314, 50025.524314
Z3, 3, 5, 720, 7632.000000, 0.151005, 50541.372802, 50536.000000, 1.000000, 2, 32.883811, 48089.227605, 48089.227605
Z3, 4, 5, 720, 8304.000000, 0.151023, 54985.002284, 54992.000000, 1.000000, 2, 32.883811, 48977.953501, 48977.953501
Z3, 5, 5, 720, 8504.000000, 0.150996, 56319.372699, 56688.000000, 1.000000, 2, 32.883811, 49244.827584, 49244.827584
Z3, 6, 5, 720, 7384.000000, 0.150972, 48909.731606, 49224.000000, 1.000000, 2, 32.883811, 47762.899366, 47762.899366
Z3, 7, 5, 720, 8968.000000, 0.150976, 59400.169563, 59784.000000, 1.000000, 2, 32.883811, 49860.986957, 49860.986957
Z3, 8, 5, 720, 8912.000000, 0.151006, 59017.522483, 59016.000000, 1.000000, 2, 32.883811, 49784.457541, 49784.457541
Z3, 9, 5, 720, 16688.000000, 0.151010, 110509.237799, 110512.000000, 1.000000, 2, 32.883811, 60082.800604, 60082.800604
Z3, 10, 5, 720, 23832.000000, 0.151046, 157779.749215, 157824.000000, 1.000000, 2, 32.883811, 69536.902888, 69536.902888
Z3, 11, 5, 720, 21144.000000, 0.150925, 140096.074209, 140960.000000, 1.000000, 2, 32.883811, 66000.167886, 66000.167886
Z3, 12, 5, 720, 14272.000000, 0.151097, 94455.879336, 94512.000000, 1.000000, 2, 32.883811, 56872.128912, 56872.128912
Z3, 13, 5, 720, 27640.000000, 0.151111, 182911.899200, 183040.000000, 1.000000, 2, 32.883811, 74563.332885, 74563.332885
Z3, 14, 5, 720, 33288.000000, 0.151073, 220343.807298, 220448.000000, 1.000000, 2, 32.883811, 82049.714504, 82049.714504
Z3, 15, 5, 720, 17576.000000, 0.150975, 116416.625269, 117168.000000, 1.000000, 2, 32.883811, 61264.278098, 61264.278098
Z3, 16, 5, 720, 34872.000000, 0.151127, 230746.325938, 230936.000000, 1.000000, 2, 32.883811, 84130.218232, 84130.218232
Z3, 17, 5, 720, 27336.000000, 0.151014, 181016.329612, 181032.000000, 1.000000, 2, 32.883811, 74184.218967, 74184.218967
Z3, 18, 5, 720, 18312.000000, 0.150992, 121277.948501, 122080.000000, 1.000000, 2, 32.883811, 62236.542745, 62236.542745
Z3, 19, 5, 720, 41432.000000, 0.151038, 274315.073028, 274384.000000, 1.000000, 2, 32.883811, 92843.967650, 92843.967650
Z3, 20, 5, 720, 36760.000000, 0.151140, 243218.208284, 243440.000000, 1.000000, 2, 32.883811, 86624.594701, 86624.594701
Z3, 21, 5, 720, 21272.000000, 0.150917, 140951.648920, 141808.000000, 1.000000, 2, 32.883811, 66171.282829, 66171.282829
Z3, 22, 5, 720, 43464.000000, 0.151104, 287642.947903, 287840.000000, 1.000000, 2, 32.883811, 95509.542625, 95509.542625
Z3, 23, 5, 720, 42000.000000, 0.151081, 277996.571376, 278144.000000, 1.000000, 2, 32.883811, 93580.267320, 93580.267320
Z3, 24, 5, 720, 20304.000000, 0.151029, 134437.756987, 134456.000000, 1.000000, 2, 32.883811, 64868.504442, 64868.504442
Z3, 25, 5, 720, 32736.000000, 0.150938, 216883.753594, 218240.000000, 1.000000, 2, 32.883811, 81357.703763, 81357.703763
Z3, 26, 5, 720, 34608.000000, 0.151116, 229016.120067, 229192.000000, 1.000000, 2, 32.883811, 83784.177058, 83784.177058
Z3, 27, 5, 720, 21272.000000, 0.150972, 140900.299393, 141808.000000, 1.000000, 2, 32.883811, 66161.012923, 66161.012923
Z3, 28, 5, 720, 8752.000000, 0.150956, 57977.158907, 58344.000000, 1.000000, 2, 32.883811, 49576.384826, 49576.384826
Z3, 29, 5, 720, 12760.000000, 0.150999, 84503.870887, 85064.000000, 1.000000, 2, 32.883811, 54881.727222, 54881.727222
Z3, 30, 5, 720, 15440.000000, 0.150984, 102262.491390, 102928.000000, 1.000000, 2, 32.883811, 58433.451323, 58433.451323
Z3, 31, 5, 720, 10000.000000, 0.150962, 66241.835694, 66664.000000, 1.000000, 2, 32.883811, 51229.320183, 51229.320183
Z3, 32, 5, 720, 15200.000000, 0.151027, 100644.255663, 100656.000000, 1.000000, 2, 32.883811, 58109.804177, 58109.804177
Z3, 33, 5, 720, 18352.000000, 0.151052, 121494.584646, 121536.000000, 1.000000, 2, 32.883811, 62279.869974, 62279.869974
Z3, 34, 5, 720, 11224.000000, 0.151019, 74321.774081, 74328.000000, 1.000000, 2, 32.883811, 52845.307861, 52845.307861
Z3, 35, 5, 720, 23240.000000, 0.150952, 153956.224495, 154928.000000, 1.000000, 2, 32.883811, 68772.197944, 68772.197944
Z3, 36, 5, 720, 16824.000000, 0.151018, 111403.938603, 111416.000000, 1.000000, 2, 32.883811, 60261.740765, 60261.740765
Z3, 37, 5, 720, 9680.000000, 0.150987, 64111.479796, 64528.000000, 1.000000, 2, 32.883811, 50803.249004, 50803.249004
Z3, 38, 5, 720, 12888.000000, 0.150981, 85361.734258, 85920.000000, 1.000000, 2, 32.883811, 55053.299896, 55053.299896
