Zone, Tile_no, Seg_no, Reso, Seg_d_size, Seg_d_time, Bitrate, Bitrate1, Buf_lev, Buf_limit, Elapsed, Ref_vp, Local_avg,QoE,QoE1,Z1,Z2,Z3,delay,jitter,loss
Z1,0,1, 720,9960.0,0.022411,444424.612913,452720.0,1.0,2,6.1e-05,444424.612913,444424.612913,1667471880.7085035,4398472768.8195915,53670218.2398007,5433009093.135477,32743017974.246353,0,0,0
Z2,0,1, 720,8952.0,0.026121,342712.759848,344304.0,1.0,2,6.1e-05,171356.379924,171356.379924,1667471880.7085035,4398472768.8195915,53670218.2398007,5433009093.135477,32743017974.246353,0,0,0
Z2,1,1, 720,5424.0,0.001147,4728857.890148,5424000.0,1.0,2,6.1e-05,1576285.963383,1576285.963383,1667471880.7085035,4398472768.8195915,53670218.2398007,5433009093.135477,32743017974.246353,0,0,0
Z2,2,1, 720,7080.0,0.000809,8751545.117429,7080000.0,1.0,2,6.1e-05,2187886.279357,2187886.279357,1667471880.7085035,4398472768.8195915,53670218.2398007,5433009093.135477,32743017974.246353,0,0,0
Z2,3,1, 720,18976.0,0.000997,19033099.297894,18976000.0,1.0,2,6.1e-05,3806619.859579,3806619.859579,1667471880.7085035,4398472768.8195915,53670218.2398007,5433009093.135477,32743017974.246353,0,0,0
Z2,4,1, 720,8720.0,0.000886,9841986.455982,8720000.0,1.0,2,6.1e-05,1968397.291196,1968397.291196,1667471880.7085035,4398472768.8195915,53670218.2398007,5433009093.135477,32743017974.246353,0,0,0
Z2,5,1, 720,8336.0,0.000881,9461975.028377,8336000.0,1.0,2,6.1e-05,1892395.005675,1892395.005675,1667471880.7085035,4398472768.8195915,53670218.2398007,5433009093.135477,32743017974.246353,0,0,0
Z2,6,1, 720,6376.0,0.000781,8163892.445583,6376000.0,1.0,2,6.1e-05,1632778.489117,1632778.489117,1667471880.7085035,4398472768.8195915,53670218.2398007,5433009093.135477,32743017974.246353,0,0,0
Z2,7,1, 720,6872.0,0.000812,8463054.187192,6872000.0,1.0,2,6.1e-05,1692610.837438,1692610.837438,1667471880.7085035,4398472768.8195915,53670218.2398007,5433009093.135477,32743017974.246353,0,0,0
Z3,0,1, 720,7080.0,0.02519,281063.914252,283200.0,1.0,2,6.1e-05,56212.78285,56212.78285,1667471880.7085035,4398472768.8195915,53670218.2398007,5433009093.135477,32743017974.246353,0,0,0
Z3,1,1, 720,7080.0,0.000785,9019108.280255,7080000.0,1.0,2,6.1e-05,1803821.656051,1803821.656051,1667471880.7085035,4398472768.8195915,53670218.2398007,5433009093.135477,32743017974.246353,0,0,0
Z3,2,1, 720,5664.0,0.000894,6335570.469799,5664000.0,1.0,2,6.1e-05,1267114.09396,1267114.09396,1667471880.7085035,4398472768.8195915,53670218.2398007,5433009093.135477,32743017974.246353,0,0,0
Z3,3,1, 720,7080.0,0.000753,9402390.438247,7080000.0,1.0,2,6.1e-05,1880478.087649,1880478.087649,1667471880.7085035,4398472768.8195915,53670218.2398007,5433009093.135477,32743017974.246353,0,0,0
Z3,4,1, 720,7080.0,0.000634,11167192.429022,7080000.0,1.0,2,6.1e-05,2233438.485804,2233438.485804,1667471880.7085035,4398472768.8195915,53670218.2398007,5433009093.135477,32743017974.246353,0,0,0
Z3,5,1, 720,5664.0,0.00076,7452631.578947,5664000.0,1.0,2,6.1e-05,1490526.315789,1490526.315789,1667471880.7085035,4398472768.8195915,53670218.2398007,5433009093.135477,32743017974.246353,0,0,0
Z3,6,1, 720,7080.0,0.000796,8894472.361809,7080000.0,1.0,2,6.1e-05,1778894.472362,1778894.472362,1667471880.7085035,4398472768.8195915,53670218.2398007,5433009093.135477,32743017974.246353,0,0,0
Z3,7,1, 720,7080.0,0.0009,7866666.666667,7080000.0,1.0,2,6.1e-05,1573333.333333,1573333.333333,1667471880.7085035,4398472768.8195915,53670218.2398007,5433009093.135477,32743017974.246353,0,0,0
Z3,8,1, 720,5664.0,0.000694,8161383.285303,5664000.0,1.0,2,6.1e-05,1632276.657061,1632276.657061,1667471880.7085035,4398472768.8195915,53670218.2398007,5433009093.135477,32743017974.246353,0,0,0
Z3,9,1, 720,7080.0,0.000627,11291866.028708,7080000.0,1.0,2,6.1e-05,2258373.205742,2258373.205742,1667471880.7085035,4398472768.8195915,53670218.2398007,5433009093.135477,32743017974.246353,0,0,0
Z3,10,1, 720,12904.0,0.000693,18620490.620491,12904000.0,1.0,2,6.1e-05,3724098.124098,3724098.124098,1667471880.7085035,4398472768.8195915,53670218.2398007,5433009093.135477,32743017974.246353,0,0,0
Z3,11,1, 720,17344.0,0.000849,20428739.693757,17344000.0,1.0,2,6.1e-05,4085747.938751,4085747.938751,1667471880.7085035,4398472768.8195915,53670218.2398007,5433009093.135477,32743017974.246353,0,0,0
Z3,12,1, 720,16912.0,0.001015,16662068.965517,16912000.0,1.0,2,6.1e-05,3332413.793103,3332413.793103,1667471880.7085035,4398472768.8195915,53670218.2398007,5433009093.135477,32743017974.246353,0,0,0
Z3,13,1, 720,13240.0,0.000933,14190782.422294,13240000.0,1.0,2,6.1e-05,2838156.484459,2838156.484459,1667471880.7085035,4398472768.8195915,53670218.2398007,5433009093.135477,32743017974.246353,0,0,0
Z3,14,1, 720,28328.0,0.000935,30297326.203209,28328000.0,1.0,2,6.1e-05,6059465.240642,6059465.240642,1667471880.7085035,4398472768.8195915,53670218.2398007,5433009093.135477,32743017974.246353,0,0,0
Z3,15,1, 720,30528.0,0.000898,33995545.657016,30528000.0,1.0,2,6.1e-05,6799109.131403,6799109.131403,1667471880.7085035,4398472768.8195915,53670218.2398007,5433009093.135477,32743017974.246353,0,0,0
Z3,16,1, 720,16360.0,0.00102,16039215.686275,16360000.0,1.0,2,6.1e-05,3207843.137255,3207843.137255,1667471880.7085035,4398472768.8195915,53670218.2398007,5433009093.135477,32743017974.246353,0,0,0
Z3,17,1, 720,33216.0,0.001059,31365439.093484,33216000.0,1.0,2,6.1e-05,6273087.818697,6273087.818697,1667471880.7085035,4398472768.8195915,53670218.2398007,5433009093.135477,32743017974.246353,0,0,0
Z3,18,1, 720,28000.0,0.000936,29914529.91453,28000000.0,1.0,2,6.1e-05,5982905.982906,5982905.982906,1667471880.7085035,4398472768.8195915,53670218.2398007,5433009093.135477,32743017974.246353,0,0,0
Z3,19,1, 720,15744.0,0.000887,17749718.151071,15744000.0,1.0,2,6.1e-05,3549943.630214,3549943.630214,1667471880.7085035,4398472768.8195915,53670218.2398007,5433009093.135477,32743017974.246353,0,0,0
Z3,20,1, 720,16024.0,0.001052,15231939.163498,16024000.0,1.0,2,6.1e-05,3046387.8327,3046387.8327,1667471880.7085035,4398472768.8195915,53670218.2398007,5433009093.135477,32743017974.246353,0,0,0
Z3,21,1, 720,11576.0,0.000805,14380124.223602,11576000.0,1.0,2,6.1e-05,2876024.84472,2876024.84472,1667471880.7085035,4398472768.8195915,53670218.2398007,5433009093.135477,32743017974.246353,0,0,0
Z3,22,1, 720,10816.0,0.000863,12533024.33372,10816000.0,1.0,2,6.1e-05,2506604.866744,2506604.866744,1667471880.7085035,4398472768.8195915,53670218.2398007,5433009093.135477,32743017974.246353,0,0,0
Z3,23,1, 720,13224.0,0.00093,14219354.83871,13224000.0,1.0,2,6.1e-05,2843870.967742,2843870.967742,1667471880.7085035,4398472768.8195915,53670218.2398007,5433009093.135477,32743017974.246353,0,0,0
Z3,24,1, 720,17528.0,0.000947,18508975.712777,17528000.0,1.0,2,6.1e-05,3701795.142555,3701795.142555,1667471880.7085035,4398472768.8195915,53670218.2398007,5433009093.135477,32743017974.246353,0,0,0
Z3,25,1, 720,23824.0,0.00089,26768539.325843,23824000.0,1.0,2,6.1e-05,5353707.865169,5353707.865169,1667471880.7085035,4398472768.8195915,53670218.2398007,5433009093.135477,32743017974.246353,0,0,0
Z3,26,1, 720,11024.0,0.000899,12262513.904338,11024000.0,1.0,2,6.1e-05,2452502.780868,2452502.780868,1667471880.7085035,4398472768.8195915,53670218.2398007,5433009093.135477,32743017974.246353,0,0,0
Z3,27,1, 720,15112.0,0.00079,19129113.924051,15112000.0,1.0,2,6.1e-05,3825822.78481,3825822.78481,1667471880.7085035,4398472768.8195915,53670218.2398007,5433009093.135477,32743017974.246353,0,0,0
Z3,28,1, 720,24552.0,0.000957,25655172.413793,24552000.0,1.0,2,6.1e-05,5131034.482759,5131034.482759,1667471880.7085035,4398472768.8195915,53670218.2398007,5433009093.135477,32743017974.246353,0,0,0
Z3,29,1, 720,10824.0,0.000872,12412844.036697,10824000.0,1.0,2,6.1e-05,2482568.807339,2482568.807339,1667471880.7085035,4398472768.8195915,53670218.2398007,5433009093.135477,32743017974.246353,0,0,0
Z3,30,1, 720,6872.0,0.000857,8018669.778296,6872000.0,1.0,2,6.1e-05,1603733.955659,1603733.955659,1667471880.7085035,4398472768.8195915,53670218.2398007,5433009093.135477,32743017974.246353,0,0,0
Z3,31,1, 720,6872.0,0.000757,9077939.233818,6872000.0,1.0,2,6.1e-05,1815587.846764,1815587.846764,1667471880.7085035,4398472768.8195915,53670218.2398007,5433009093.135477,32743017974.246353,0,0,0
Z3,32,1, 720,6376.0,0.000765,8334640.522876,6376000.0,1.0,2,6.1e-05,1666928.104575,1666928.104575,1667471880.7085035,4398472768.8195915,53670218.2398007,5433009093.135477,32743017974.246353,0,0,0
Z3,33,1, 720,6872.0,0.000868,7917050.691244,6872000.0,1.0,2,6.1e-05,1583410.138249,1583410.138249,1667471880.7085035,4398472768.8195915,53670218.2398007,5433009093.135477,32743017974.246353,0,0,0
Z3,34,1, 720,6872.0,0.000776,8855670.103093,6872000.0,1.0,2,6.1e-05,1771134.020619,1771134.020619,1667471880.7085035,4398472768.8195915,53670218.2398007,5433009093.135477,32743017974.246353,0,0,0
Z3,35,1, 720,6376.0,0.000834,7645083.932854,6376000.0,1.0,2,6.1e-05,1529016.786571,1529016.786571,1667471880.7085035,4398472768.8195915,53670218.2398007,5433009093.135477,32743017974.246353,0,0,0
Z3,36,1, 720,6872.0,0.000875,7853714.285714,6872000.0,1.0,2,6.1e-05,1570742.857143,1570742.857143,1667471880.7085035,4398472768.8195915,53670218.2398007,5433009093.135477,32743017974.246353,0,0,0
Z3,37,1, 720,6872.0,0.000879,7817974.971559,6872000.0,1.0,2,6.1e-05,1563594.994312,1563594.994312,1667471880.7085035,4398472768.8195915,53670218.2398007,5433009093.135477,32743017974.246353,0,0,0
Z3,38,1, 720,6376.0,0.000842,7572446.555819,6376000.0,1.0,2,6.1e-05,1514489.311164,1514489.311164,1667471880.7085035,4398472768.8195915,53670218.2398007,5433009093.135477,32743017974.246353,0,0,0
Z1,0,2, 4K,33112.0,0.023504,1408781.484003,1439648.0,1.881496,2,0.118565,1796245.607964,1796245.607964,1667471880.7085035,4398472768.8195915,53670218.2398007,5433009093.135477,32743017974.246353,0,0,0
Z2,0,2, 4K,6624.0,0.025921,255545.696539,264960.0,1.881496,2,0.118565,1565598.450472,1565598.450472,1667471880.7085035,4398472768.8195915,53670218.2398007,5433009093.135477,32743017974.246353,0,0,0
Z2,1,2, 4K,9736.0,0.001257,7745425.616547,9736000.0,1.881496,2,0.118565,3063574.434473,3063574.434473,1667471880.7085035,4398472768.8195915,53670218.2398007,5433009093.135477,32743017974.246353,0,0,0
Z2,2,2, 4K,9976.0,0.001061,9402450.518379,9976000.0,1.881496,2,0.118565,3394979.41484,3394979.41484,1667471880.7085035,4398472768.8195915,53670218.2398007,5433009093.135477,32743017974.246353,0,0,0
Z2,3,2, 4K,38152.0,0.001228,31068403.908795,38152000.0,1.881496,2,0.118565,7728170.092923,7728170.092923,1667471880.7085035,4398472768.8195915,53670218.2398007,5433009093.135477,32743017974.246353,0,0,0
Z2,4,2, 4K,53912.0,0.001229,43866558.17738,53912000.0,1.881496,2,0.118565,10287800.94664,10287800.94664,1667471880.7085035,4398472768.8195915,53670218.2398007,5433009093.135477,32743017974.246353,0,0,0
Z2,5,2, 4K,24608.0,0.001103,22310063.463282,24608000.0,1.881496,2,0.118565,5976502.00382,5976502.00382,1667471880.7085035,4398472768.8195915,53670218.2398007,5433009093.135477,32743017974.246353,0,0,0
Z2,6,2, 4K,10280.0,0.001055,9744075.829384,10280000.0,1.881496,2,0.118565,3463304.477041,3463304.477041,1667471880.7085035,4398472768.8195915,53670218.2398007,5433009093.135477,32743017974.246353,0,0,0
Z2,7,2, 4K,10280.0,0.000966,10641821.94617,10280000.0,1.881496,2,0.118565,3642853.700398,3642853.700398,1667471880.7085035,4398472768.8195915,53670218.2398007,5433009093.135477,32743017974.246353,0,0,0
Z3,0,2, 4K,9976.0,0.02305,432798.264642,433736.0,1.881496,2,0.118565,1601048.964092,1601048.964092,1667471880.7085035,4398472768.8195915,53670218.2398007,5433009093.135477,32743017974.246353,0,0,0
Z3,1,2, 4K,9976.0,0.001393,7161521.89519,9976000.0,1.881496,2,0.118565,2946793.690202,2946793.690202,1667471880.7085035,4398472768.8195915,53670218.2398007,5433009093.135477,32743017974.246353,0,0,0
Z3,2,2, 4K,9976.0,0.001063,9384760.112888,9976000.0,1.881496,2,0.118565,3391441.333742,3391441.333742,1667471880.7085035,4398472768.8195915,53670218.2398007,5433009093.135477,32743017974.246353,0,0,0
Z3,3,2, 4K,9976.0,0.000909,10974697.469747,9976000.0,1.881496,2,0.118565,3709428.805113,3709428.805113,1667471880.7085035,4398472768.8195915,53670218.2398007,5433009093.135477,32743017974.246353,0,0,0
Z3,4,2, 4K,9976.0,0.000968,10305785.123967,9976000.0,1.881496,2,0.118565,3575646.335957,3575646.335957,1667471880.7085035,4398472768.8195915,53670218.2398007,5433009093.135477,32743017974.246353,0,0,0
Z3,5,2, 4K,9976.0,0.000855,11667836.25731,9976000.0,1.881496,2,0.118565,3848056.562626,3848056.562626,1667471880.7085035,4398472768.8195915,53670218.2398007,5433009093.135477,32743017974.246353,0,0,0
Z3,6,2, 4K,9976.0,0.000996,10016064.257028,9976000.0,1.881496,2,0.118565,3517702.16257,3517702.16257,1667471880.7085035,4398472768.8195915,53670218.2398007,5433009093.135477,32743017974.246353,0,0,0
Z3,7,2, 4K,9976.0,0.000896,11133928.571429,9976000.0,1.881496,2,0.118565,3741275.02545,3741275.02545,1667471880.7085035,4398472768.8195915,53670218.2398007,5433009093.135477,32743017974.246353,0,0,0
Z3,8,2, 4K,9976.0,0.001014,9838264.299803,9976000.0,1.881496,2,0.118565,3482142.171124,3482142.171124,1667471880.7085035,4398472768.8195915,53670218.2398007,5433009093.135477,32743017974.246353,0,0,0
Z3,9,2, 4K,9976.0,0.001011,9867457.962413,9976000.0,1.881496,2,0.118565,3487980.903647,3487980.903647,1667471880.7085035,4398472768.8195915,53670218.2398007,5433009093.135477,32743017974.246353,0,0,0
Z3,10,2, 4K,40320.0,0.001175,34314893.617021,40320000.0,1.881496,2,0.118565,8377468.034568,8377468.034568,1667471880.7085035,4398472768.8195915,53670218.2398007,5433009093.135477,32743017974.246353,0,0,0
Z3,11,2, 4K,25056.0,0.000995,25181909.547739,25056000.0,1.881496,2,0.118565,6550871.220712,6550871.220712,1667471880.7085035,4398472768.8195915,53670218.2398007,5433009093.135477,32743017974.246353,0,0,0
Z3,12,2, 4K,28696.0,0.001036,27698841.698842,28696000.0,1.881496,2,0.118565,7054257.650932,7054257.650932,1667471880.7085035,4398472768.8195915,53670218.2398007,5433009093.135477,32743017974.246353,0,0,0
Z3,13,2, 4K,25792.0,0.00099,26052525.252525,25792000.0,1.881496,2,0.118565,6724994.361669,6724994.361669,1667471880.7085035,4398472768.8195915,53670218.2398007,5433009093.135477,32743017974.246353,0,0,0
Z3,14,2, 4K,40168.0,0.001108,36252707.581227,40168000.0,1.881496,2,0.118565,8765030.827409,8765030.827409,1667471880.7085035,4398472768.8195915,53670218.2398007,5433009093.135477,32743017974.246353,0,0,0
Z3,15,2, 4K,41448.0,0.000945,43860317.460317,41448000.0,1.881496,2,0.118565,10286552.803227,10286552.803227,1667471880.7085035,4398472768.8195915,53670218.2398007,5433009093.135477,32743017974.246353,0,0,0
Z3,16,2, 4K,44560.0,0.001014,43944773.175542,44560000.0,1.881496,2,0.118565,10303443.946272,10303443.946272,1667471880.7085035,4398472768.8195915,53670218.2398007,5433009093.135477,32743017974.246353,0,0,0
Z3,17,2, 4K,39312.0,0.001047,37547277.936963,39312000.0,1.881496,2,0.118565,9023944.898556,9023944.898556,1667471880.7085035,4398472768.8195915,53670218.2398007,5433009093.135477,32743017974.246353,0,0,0
Z3,18,2, 4K,31560.0,0.001038,30404624.277457,31560000.0,1.881496,2,0.118565,7595414.166655,7595414.166655,1667471880.7085035,4398472768.8195915,53670218.2398007,5433009093.135477,32743017974.246353,0,0,0
Z3,19,2, 4K,29312.0,0.000863,33965237.543453,29312000.0,1.881496,2,0.118565,8307536.819855,8307536.819855,1667471880.7085035,4398472768.8195915,53670218.2398007,5433009093.135477,32743017974.246353,0,0,0
Z3,20,2, 4K,35968.0,0.000968,37157024.793388,35968000.0,1.881496,2,0.118565,8945894.269842,8945894.269842,1667471880.7085035,4398472768.8195915,53670218.2398007,5433009093.135477,32743017974.246353,0,0,0
Z3,21,2, 4K,35592.0,0.000858,41482517.482517,35592000.0,1.881496,2,0.118565,9810992.807667,9810992.807667,1667471880.7085035,4398472768.8195915,53670218.2398007,5433009093.135477,32743017974.246353,0,0,0
Z3,22,2, 4K,42440.0,0.001031,41163918.525703,42440000.0,1.881496,2,0.118565,9747273.016305,9747273.016305,1667471880.7085035,4398472768.8195915,53670218.2398007,5433009093.135477,32743017974.246353,0,0,0
Z3,23,2, 4K,61624.0,0.001039,59310875.842156,61624000.0,1.881496,2,0.118565,13376664.479595,13376664.479595,1667471880.7085035,4398472768.8195915,53670218.2398007,5433009093.135477,32743017974.246353,0,0,0
Z3,24,2, 4K,64952.0,0.001156,56186851.211073,64952000.0,1.881496,2,0.118565,12751859.553378,12751859.553378,1667471880.7085035,4398472768.8195915,53670218.2398007,5433009093.135477,32743017974.246353,0,0,0
Z3,25,2, 4K,73400.0,0.001141,64329535.49518,73400000.0,1.881496,2,0.118565,14380396.4102,14380396.4102,1667471880.7085035,4398472768.8195915,53670218.2398007,5433009093.135477,32743017974.246353,0,0,0
Z3,26,2, 4K,52792.0,0.001045,50518660.287081,52792000.0,1.881496,2,0.118565,11618221.36858,11618221.36858,1667471880.7085035,4398472768.8195915,53670218.2398007,5433009093.135477,32743017974.246353,0,0,0
Z3,27,2, 4K,67272.0,0.001048,64190839.694656,67272000.0,1.881496,2,0.118565,14352657.250095,14352657.250095,1667471880.7085035,4398472768.8195915,53670218.2398007,5433009093.135477,32743017974.246353,0,0,0
Z3,28,2, 4K,64968.0,0.001304,49822085.889571,64968000.0,1.881496,2,0.118565,11478906.489078,11478906.489078,1667471880.7085035,4398472768.8195915,53670218.2398007,5433009093.135477,32743017974.246353,0,0,0
Z3,29,2, 4K,52408.0,0.001064,49255639.097744,52408000.0,1.881496,2,0.118565,11365617.130713,11365617.130713,1667471880.7085035,4398472768.8195915,53670218.2398007,5433009093.135477,32743017974.246353,0,0,0
Z3,30,2, 4K,10280.0,0.000863,11911935.110081,10280000.0,1.881496,2,0.118565,3896876.33318,3896876.33318,1667471880.7085035,4398472768.8195915,53670218.2398007,5433009093.135477,32743017974.246353,0,0,0
Z3,31,2, 4K,10280.0,0.001047,9818529.13085,10280000.0,1.881496,2,0.118565,3478195.137334,3478195.137334,1667471880.7085035,4398472768.8195915,53670218.2398007,5433009093.135477,32743017974.246353,0,0,0
Z3,32,2, 4K,10280.0,0.001065,9652582.159624,10280000.0,1.881496,2,0.118565,3445005.743089,3445005.743089,1667471880.7085035,4398472768.8195915,53670218.2398007,5433009093.135477,32743017974.246353,0,0,0
Z3,33,2, 4K,10280.0,0.000945,10878306.878307,10280000.0,1.881496,2,0.118565,3690150.686825,3690150.686825,1667471880.7085035,4398472768.8195915,53670218.2398007,5433009093.135477,32743017974.246353,0,0,0
Z3,34,2, 4K,10280.0,0.000882,11655328.798186,10280000.0,1.881496,2,0.118565,3845555.070801,3845555.070801,1667471880.7085035,4398472768.8195915,53670218.2398007,5433009093.135477,32743017974.246353,0,0,0
Z3,35,2, 4K,10280.0,0.000982,10468431.771894,10280000.0,1.881496,2,0.118565,3608175.665543,3608175.665543,1667471880.7085035,4398472768.8195915,53670218.2398007,5433009093.135477,32743017974.246353,0,0,0
Z3,36,2, 4K,10280.0,0.000924,11125541.125541,10280000.0,1.881496,2,0.118565,3739597.536272,3739597.536272,1667471880.7085035,4398472768.8195915,53670218.2398007,5433009093.135477,32743017974.246353,0,0,0
Z3,37,2, 4K,10280.0,0.000993,10352467.270896,10280000.0,1.881496,2,0.118565,3584982.765343,3584982.765343,1667471880.7085035,4398472768.8195915,53670218.2398007,5433009093.135477,32743017974.246353,0,0,0
Z3,38,2, 4K,10280.0,0.000789,13029150.823828,10280000.0,1.881496,2,0.118565,4120319.475929,4120319.475929,1667471880.7085035,4398472768.8195915,53670218.2398007,5433009093.135477,32743017974.246353,0,0,0
Z1,0,3, 4K,37368.0,0.025146,1486041.517538,1494720.0,1.756247,2,0.243814,4417527.779437,4417527.779437,1667471880.7085035,4398472768.8195915,53670218.2398007,5433009093.135477,32743017974.246353,0,0,0
Z2,0,3, 4K,6624.0,0.025766,257082.977567,264960.0,1.756247,2,0.243814,4171736.071443,4171736.071443,1667471880.7085035,4398472768.8195915,53670218.2398007,5433009093.135477,32743017974.246353,0,0,0
Z2,1,3, 4K,9736.0,0.000963,10110072.689512,9736000.0,1.756247,2,0.243814,6142334.013832,6142334.013832,1667471880.7085035,4398472768.8195915,53670218.2398007,5433009093.135477,32743017974.246353,0,0,0
Z2,2,3, 4K,9976.0,0.000937,10646744.93063,9976000.0,1.756247,2,0.243814,6249668.462055,6249668.462055,1667471880.7085035,4398472768.8195915,53670218.2398007,5433009093.135477,32743017974.246353,0,0,0
Z2,3,3, 4K,41472.0,0.000878,47234624.145786,41472000.0,1.756247,2,0.243814,13567244.305087,13567244.305087,1667471880.7085035,4398472768.8195915,53670218.2398007,5433009093.135477,32743017974.246353,0,0,0
Z2,4,3, 4K,64608.0,0.001081,59766882.516189,64608000.0,1.756247,2,0.243814,16073695.979167,16073695.979167,1667471880.7085035,4398472768.8195915,53670218.2398007,5433009093.135477,32743017974.246353,0,0,0
Z2,5,3, 4K,26312.0,0.000972,27069958.847737,26312000.0,1.756247,2,0.243814,9534311.245477,9534311.245477,1667471880.7085035,4398472768.8195915,53670218.2398007,5433009093.135477,32743017974.246353,0,0,0
Z2,6,3, 4K,10280.0,0.000997,10310932.798395,10280000.0,1.756247,2,0.243814,6182506.035608,6182506.035608,1667471880.7085035,4398472768.8195915,53670218.2398007,5433009093.135477,32743017974.246353,0,0,0
Z2,7,3, 4K,10280.0,0.000877,11721778.791334,10280000.0,1.756247,2,0.243814,6464675.234196,6464675.234196,1667471880.7085035,4398472768.8195915,53670218.2398007,5433009093.135477,32743017974.246353,0,0,0
Z3,0,3, 4K,9976.0,0.024847,401497.162635,415664.0,1.756247,2,0.243814,4200618.908456,4200618.908456,1667471880.7085035,4398472768.8195915,53670218.2398007,5433009093.135477,32743017974.246353,0,0,0
Z3,1,3, 4K,9976.0,0.0008,12470000.0,9976000.0,1.756247,2,0.243814,6614319.475929,6614319.475929,1667471880.7085035,4398472768.8195915,53670218.2398007,5433009093.135477,32743017974.246353,0,0,0
Z3,2,3, 4K,9976.0,0.000684,14584795.321637,9976000.0,1.756247,2,0.243814,7037278.540257,7037278.540257,1667471880.7085035,4398472768.8195915,53670218.2398007,5433009093.135477,32743017974.246353,0,0,0
Z3,3,3, 4K,9976.0,0.000928,10750000.0,9976000.0,1.756247,2,0.243814,6270319.475929,6270319.475929,1667471880.7085035,4398472768.8195915,53670218.2398007,5433009093.135477,32743017974.246353,0,0,0
Z3,4,3, 4K,9976.0,0.00097,10284536.082474,9976000.0,1.756247,2,0.243814,6177226.692424,6177226.692424,1667471880.7085035,4398472768.8195915,53670218.2398007,5433009093.135477,32743017974.246353,0,0,0
Z3,5,3, 4K,9976.0,0.000913,10926615.553122,9976000.0,1.756247,2,0.243814,6305642.586554,6305642.586554,1667471880.7085035,4398472768.8195915,53670218.2398007,5433009093.135477,32743017974.246353,0,0,0
Z3,6,3, 4K,9976.0,0.000832,11990384.615385,9976000.0,1.756247,2,0.243814,6518396.399006,6518396.399006,1667471880.7085035,4398472768.8195915,53670218.2398007,5433009093.135477,32743017974.246353,0,0,0
Z3,7,3, 4K,9976.0,0.000684,14584795.321637,9976000.0,1.756247,2,0.243814,7037278.540257,7037278.540257,1667471880.7085035,4398472768.8195915,53670218.2398007,5433009093.135477,32743017974.246353,0,0,0
Z3,8,3, 4K,9976.0,0.00077,12955844.155844,9976000.0,1.756247,2,0.243814,6711488.307098,6711488.307098,1667471880.7085035,4398472768.8195915,53670218.2398007,5433009093.135477,32743017974.246353,0,0,0
Z3,9,3, 4K,9976.0,0.000876,11388127.853881,9976000.0,1.756247,2,0.243814,6397945.046706,6397945.046706,1667471880.7085035,4398472768.8195915,53670218.2398007,5433009093.135477,32743017974.246353,0,0,0
Z3,10,3, 4K,46944.0,0.000939,49993610.223642,46944000.0,1.756247,2,0.243814,14119041.520658,14119041.520658,1667471880.7085035,4398472768.8195915,53670218.2398007,5433009093.135477,32743017974.246353,0,0,0
Z3,11,3, 4K,25776.0,0.000908,28387665.198238,25776000.0,1.756247,2,0.243814,9797852.515577,9797852.515577,1667471880.7085035,4398472768.8195915,53670218.2398007,5433009093.135477,32743017974.246353,0,0,0
Z3,12,3, 4K,29160.0,0.000988,29514170.040486,29160000.0,1.756247,2,0.243814,10023153.484027,10023153.484027,1667471880.7085035,4398472768.8195915,53670218.2398007,5433009093.135477,32743017974.246353,0,0,0
Z3,13,3, 4K,27488.0,0.000891,30850729.517396,27488000.0,1.756247,2,0.243814,10290465.379409,10290465.379409,1667471880.7085035,4398472768.8195915,53670218.2398007,5433009093.135477,32743017974.246353,0,0,0
Z3,14,3, 4K,44488.0,0.001004,44310756.972112,44488000.0,1.756247,2,0.243814,12982470.870352,12982470.870352,1667471880.7085035,4398472768.8195915,53670218.2398007,5433009093.135477,32743017974.246353,0,0,0
Z3,15,3, 4K,39320.0,0.000907,43351708.93054,39320000.0,1.756247,2,0.243814,12790661.262037,12790661.262037,1667471880.7085035,4398472768.8195915,53670218.2398007,5433009093.135477,32743017974.246353,0,0,0
Z3,16,3, 4K,43888.0,0.001064,41248120.300752,43888000.0,1.756247,2,0.243814,12369943.53608,12369943.53608,1667471880.7085035,4398472768.8195915,53670218.2398007,5433009093.135477,32743017974.246353,0,0,0
Z3,17,3, 4K,44080.0,0.000999,44124124.124124,44080000.0,1.756247,2,0.243814,12945144.300754,12945144.300754,1667471880.7085035,4398472768.8195915,53670218.2398007,5433009093.135477,32743017974.246353,0,0,0
Z3,18,3, 4K,34432.0,0.000973,35387461.459404,34432000.0,1.756247,2,0.243814,11197811.76781,11197811.76781,1667471880.7085035,4398472768.8195915,53670218.2398007,5433009093.135477,32743017974.246353,0,0,0
Z3,19,3, 4K,31336.0,0.00093,33694623.655914,31336000.0,1.756247,2,0.243814,10859244.207112,10859244.207112,1667471880.7085035,4398472768.8195915,53670218.2398007,5433009093.135477,32743017974.246353,0,0,0
Z3,20,3, 4K,37168.0,0.001007,36909632.571996,37168000.0,1.756247,2,0.243814,11502245.990329,11502245.990329,1667471880.7085035,4398472768.8195915,53670218.2398007,5433009093.135477,32743017974.246353,0,0,0
Z3,21,3, 4K,36888.0,0.001055,34964928.909953,36888000.0,1.756247,2,0.243814,11113305.25792,11113305.25792,1667471880.7085035,4398472768.8195915,53670218.2398007,5433009093.135477,32743017974.246353,0,0,0
Z3,22,3, 4K,45448.0,0.000988,46000000.0,45448000.0,1.756247,2,0.243814,13320319.475929,13320319.475929,1667471880.7085035,4398472768.8195915,53670218.2398007,5433009093.135477,32743017974.246353,0,0,0
Z3,23,3, 4K,60880.0,0.001241,49057211.925866,60880000.0,1.756247,2,0.243814,13931761.861103,13931761.861103,1667471880.7085035,4398472768.8195915,53670218.2398007,5433009093.135477,32743017974.246353,0,0,0
Z3,24,3, 4K,64936.0,0.001227,52922575.387123,64936000.0,1.756247,2,0.243814,14704834.553354,14704834.553354,1667471880.7085035,4398472768.8195915,53670218.2398007,5433009093.135477,32743017974.246353,0,0,0
Z3,25,3, 4K,68152.0,0.001327,51357950.263753,68152000.0,1.756247,2,0.243814,14391909.52868,14391909.52868,1667471880.7085035,4398472768.8195915,53670218.2398007,5433009093.135477,32743017974.246353,0,0,0
Z3,26,3, 4K,51256.0,0.001088,47110294.117647,51256000.0,1.756247,2,0.243814,13542378.299459,13542378.299459,1667471880.7085035,4398472768.8195915,53670218.2398007,5433009093.135477,32743017974.246353,0,0,0
Z3,27,3, 4K,77296.0,0.00118,65505084.745763,77296000.0,1.756247,2,0.243814,17221336.425082,17221336.425082,1667471880.7085035,4398472768.8195915,53670218.2398007,5433009093.135477,32743017974.246353,0,0,0
Z3,28,3, 4K,69656.0,0.001095,63612785.388128,69656000.0,1.756247,2,0.243814,16842876.553555,16842876.553555,1667471880.7085035,4398472768.8195915,53670218.2398007,5433009093.135477,32743017974.246353,0,0,0
Z3,29,3, 4K,53752.0,0.000897,59924191.750279,53752000.0,1.756247,2,0.243814,16105157.825985,16105157.825985,1667471880.7085035,4398472768.8195915,53670218.2398007,5433009093.135477,32743017974.246353,0,0,0
Z3,30,3, 4K,10280.0,0.000771,13333333.333333,10280000.0,1.756247,2,0.243814,6786986.142596,6786986.142596,1667471880.7085035,4398472768.8195915,53670218.2398007,5433009093.135477,32743017974.246353,0,0,0
Z3,31,3, 4K,10280.0,0.000928,11077586.206897,10280000.0,1.756247,2,0.243814,6335836.717309,6335836.717309,1667471880.7085035,4398472768.8195915,53670218.2398007,5433009093.135477,32743017974.246353,0,0,0
Z3,32,3, 4K,10280.0,0.000938,10959488.272921,10280000.0,1.756247,2,0.243814,6312217.130514,6312217.130514,1667471880.7085035,4398472768.8195915,53670218.2398007,5433009093.135477,32743017974.246353,0,0,0
Z3,33,3, 4K,10280.0,0.000837,12281959.378734,10280000.0,1.756247,2,0.243814,6576711.351676,6576711.351676,1667471880.7085035,4398472768.8195915,53670218.2398007,5433009093.135477,32743017974.246353,0,0,0
Z3,34,3, 4K,10280.0,0.000824,12475728.15534,10280000.0,1.756247,2,0.243814,6615465.106997,6615465.106997,1667471880.7085035,4398472768.8195915,53670218.2398007,5433009093.135477,32743017974.246353,0,0,0
Z3,35,3, 4K,10280.0,0.000791,12996207.332491,10280000.0,1.756247,2,0.243814,6719560.942428,6719560.942428,1667471880.7085035,4398472768.8195915,53670218.2398007,5433009093.135477,32743017974.246353,0,0,0
Z3,36,3, 4K,10288.0,0.000813,12654366.543665,10288000.0,1.756247,2,0.243814,6651192.784663,6651192.784663,1667471880.7085035,4398472768.8195915,53670218.2398007,5433009093.135477,32743017974.246353,0,0,0
Z3,37,3, 4K,10280.0,0.00085,12094117.647059,10280000.0,1.756247,2,0.243814,6539143.005341,6539143.005341,1667471880.7085035,4398472768.8195915,53670218.2398007,5433009093.135477,32743017974.246353,0,0,0
Z3,38,3, 4K,10280.0,0.00088,11681818.181818,10280000.0,1.756247,2,0.243814,6456683.112293,6456683.112293,1667471880.7085035,4398472768.8195915,53670218.2398007,5433009093.135477,32743017974.246353,0,0,0
Z1,0,4, 4K,78920.0,0.022374,3527308.483061,3587272.0,1.631222,2,1.368839,7162144.808905,7162144.808905,1667471880.7085035,4398472768.8195915,53670218.2398007,5433009093.135477,32743017974.246353,0,0,0
Z2,0,4, 4K,6624.0,0.025408,260705.289673,264960.0,1.631222,2,1.368839,6508824.170228,6508824.170228,1667471880.7085035,4398472768.8195915,53670218.2398007,5433009093.135477,32743017974.246353,0,0,0
Z2,1,4, 4K,9856.0,0.000883,11161947.90487,9856000.0,1.631222,2,1.368839,8689072.693267,8689072.693267,1667471880.7085035,4398472768.8195915,53670218.2398007,5433009093.135477,32743017974.246353,0,0,0
Z2,2,4, 4K,10000.0,0.000889,11248593.925759,10000000.0,1.631222,2,1.368839,8706401.897445,8706401.897445,1667471880.7085035,4398472768.8195915,53670218.2398007,5433009093.135477,32743017974.246353,0,0,0
Z2,3,4, 4K,61192.0,0.001235,49548178.137652,61192000.0,1.631222,2,1.368839,16366318.739823,16366318.739823,1667471880.7085035,4398472768.8195915,53670218.2398007,5433009093.135477,32743017974.246353,0,0,0
Z2,4,4, 4K,105968.0,0.00134,79080597.014925,105968000.0,1.631222,2,1.368839,22272802.515278,22272802.515278,1667471880.7085035,4398472768.8195915,53670218.2398007,5433009093.135477,32743017974.246353,0,0,0
Z2,5,4, 4K,53008.0,0.001174,45151618.398637,53008000.0,1.631222,2,1.368839,15487006.79202,15487006.79202,1667471880.7085035,4398472768.8195915,53670218.2398007,5433009093.135477,32743017974.246353,0,0,0
Z2,6,4, 4K,17976.0,0.001002,17940119.760479,17976000.0,1.631222,2,1.368839,10044707.064389,10044707.064389,1667471880.7085035,4398472768.8195915,53670218.2398007,5433009093.135477,32743017974.246353,0,0,0
Z2,7,4, 4K,11688.0,0.000897,13030100.334448,11688000.0,1.631222,2,1.368839,9062703.179183,9062703.179183,1667471880.7085035,4398472768.8195915,53670218.2398007,5433009093.135477,32743017974.246353,0,0,0
Z3,0,4, 4K,10160.0,0.0243,418106.995885,423328.0,1.631222,2,1.368839,6540304.51147,6540304.51147,1667471880.7085035,4398472768.8195915,53670218.2398007,5433009093.135477,32743017974.246353,0,0,0
Z3,1,4, 4K,10112.0,0.000863,11717265.353418,10112000.0,1.631222,2,1.368839,8800136.182977,8800136.182977,1667471880.7085035,4398472768.8195915,53670218.2398007,5433009093.135477,32743017974.246353,0,0,0
Z3,2,4, 4K,10000.0,0.000779,12836970.474968,10000000.0,1.631222,2,1.368839,9024077.207287,9024077.207287,1667471880.7085035,4398472768.8195915,53670218.2398007,5433009093.135477,32743017974.246353,0,0,0
Z3,3,4, 4K,10000.0,0.000881,11350737.797957,10000000.0,1.631222,2,1.368839,8726830.671884,8726830.671884,1667471880.7085035,4398472768.8195915,53670218.2398007,5433009093.135477,32743017974.246353,0,0,0
Z3,4,4, 4K,10000.0,0.000953,10493179.433368,10000000.0,1.631222,2,1.368839,8555318.998967,8555318.998967,1667471880.7085035,4398472768.8195915,53670218.2398007,5433009093.135477,32743017974.246353,0,0,0
Z3,5,4, 4K,10000.0,0.000808,12376237.623762,10000000.0,1.631222,2,1.368839,8931930.637046,8931930.637046,1667471880.7085035,4398472768.8195915,53670218.2398007,5433009093.135477,32743017974.246353,0,0,0
Z3,6,4, 4K,10400.0,0.00086,12093023.255814,10400000.0,1.631222,2,1.368839,8875287.763456,8875287.763456,1667471880.7085035,4398472768.8195915,53670218.2398007,5433009093.135477,32743017974.246353,0,0,0
Z3,7,4, 4K,10000.0,0.000849,11778563.015312,10000000.0,1.631222,2,1.368839,8812395.715355,8812395.715355,1667471880.7085035,4398472768.8195915,53670218.2398007,5433009093.135477,32743017974.246353,0,0,0
Z3,8,4, 4K,10000.0,0.000873,11454753.722795,10000000.0,1.631222,2,1.368839,8747633.856852,8747633.856852,1667471880.7085035,4398472768.8195915,53670218.2398007,5433009093.135477,32743017974.246353,0,0,0
Z3,9,4, 4K,10016.0,0.000812,12334975.369458,10016000.0,1.631222,2,1.368839,8923678.186185,8923678.186185,1667471880.7085035,4398472768.8195915,53670218.2398007,5433009093.135477,32743017974.246353,0,0,0
Z3,10,4, 4K,69528.0,0.001265,54962845.849802,69528000.0,1.631222,2,1.368839,17449252.282254,17449252.282254,1667471880.7085035,4398472768.8195915,53670218.2398007,5433009093.135477,32743017974.246353,0,0,0
Z3,11,4, 4K,50216.0,0.001186,42340640.809444,50216000.0,1.631222,2,1.368839,14924811.274182,14924811.274182,1667471880.7085035,4398472768.8195915,53670218.2398007,5433009093.135477,32743017974.246353,0,0,0
Z3,12,4, 4K,53360.0,0.001053,50674264.007597,53360000.0,1.631222,2,1.368839,16591535.913813,16591535.913813,1667471880.7085035,4398472768.8195915,53670218.2398007,5433009093.135477,32743017974.246353,0,0,0
Z3,13,4, 4K,45608.0,0.000853,53467760.84408,45608000.0,1.631222,2,1.368839,17150235.281109,17150235.281109,1667471880.7085035,4398472768.8195915,53670218.2398007,5433009093.135477,32743017974.246353,0,0,0
Z3,14,4, 4K,88024.0,0.00141,62428368.794326,88024000.0,1.631222,2,1.368839,18942356.871158,18942356.871158,1667471880.7085035,4398472768.8195915,53670218.2398007,5433009093.135477,32743017974.246353,0,0,0
Z3,15,4, 4K,65880.0,0.001023,64398826.979472,65880000.0,1.631222,2,1.368839,19336448.508187,19336448.508187,1667471880.7085035,4398472768.8195915,53670218.2398007,5433009093.135477,32743017974.246353,0,0,0
Z3,16,4, 4K,81544.0,0.001266,64410742.496051,81544000.0,1.631222,2,1.368839,19338831.611503,19338831.611503,1667471880.7085035,4398472768.8195915,53670218.2398007,5433009093.135477,32743017974.246353,0,0,0
Z3,17,4, 4K,79088.0,0.001273,62127258.444619,79088000.0,1.631222,2,1.368839,18882134.801217,18882134.801217,1667471880.7085035,4398472768.8195915,53670218.2398007,5433009093.135477,32743017974.246353,0,0,0
Z3,18,4, 4K,60616.0,0.001028,58964980.544747,60616000.0,1.631222,2,1.368839,18249679.221242,18249679.221242,1667471880.7085035,4398472768.8195915,53670218.2398007,5433009093.135477,32743017974.246353,0,0,0
Z3,19,4, 4K,55928.0,0.001035,54036714.975845,55928000.0,1.631222,2,1.368839,17264026.107462,17264026.107462,1667471880.7085035,4398472768.8195915,53670218.2398007,5433009093.135477,32743017974.246353,0,0,0
Z3,20,4, 4K,60512.0,0.001228,49276872.964169,60512000.0,1.631222,2,1.368839,16312057.705127,16312057.705127,1667471880.7085035,4398472768.8195915,53670218.2398007,5433009093.135477,32743017974.246353,0,0,0
Z3,21,4, 4K,116408.0,0.001421,81919774.806474,116408000.0,1.631222,2,1.368839,22840638.073588,22840638.073588,1667471880.7085035,4398472768.8195915,53670218.2398007,5433009093.135477,32743017974.246353,0,0,0
Z3,22,4, 4K,104248.0,0.001338,77913303.437967,104248000.0,1.631222,2,1.368839,22039343.799886,22039343.799886,1667471880.7085035,4398472768.8195915,53670218.2398007,5433009093.135477,32743017974.246353,0,0,0
Z3,23,4, 4K,138368.0,0.001602,86372034.956305,138368000.0,1.631222,2,1.368839,23731090.103554,23731090.103554,1667471880.7085035,4398472768.8195915,53670218.2398007,5433009093.135477,32743017974.246353,0,0,0
Z3,24,4, 4K,139408.0,0.001503,92753160.345975,139408000.0,1.631222,2,1.368839,25007315.181488,25007315.181488,1667471880.7085035,4398472768.8195915,53670218.2398007,5433009093.135477,32743017974.246353,0,0,0
Z3,25,4, 4K,141032.0,0.001405,100378647.686833,141032000.0,1.631222,2,1.368839,26532412.64966,26532412.64966,1667471880.7085035,4398472768.8195915,53670218.2398007,5433009093.135477,32743017974.246353,0,0,0
Z3,26,4, 4K,125672.0,0.001578,79640050.697085,125672000.0,1.631222,2,1.368839,22384693.25171,22384693.25171,1667471880.7085035,4398472768.8195915,53670218.2398007,5433009093.135477,32743017974.246353,0,0,0
Z3,27,4, 4K,147320.0,0.001479,99607843.137255,147320000.0,1.631222,2,1.368839,26378251.739744,26378251.739744,1667471880.7085035,4398472768.8195915,53670218.2398007,5433009093.135477,32743017974.246353,0,0,0
Z3,28,4, 4K,120984.0,0.001356,89221238.938053,120984000.0,1.631222,2,1.368839,24300930.899904,24300930.899904,1667471880.7085035,4398472768.8195915,53670218.2398007,5433009093.135477,32743017974.246353,0,0,0
Z3,29,4, 4K,87456.0,0.001396,62647564.469914,87456000.0,1.631222,2,1.368839,18986196.006276,18986196.006276,1667471880.7085035,4398472768.8195915,53670218.2398007,5433009093.135477,32743017974.246353,0,0,0
Z3,30,4, 4K,19872.0,0.000929,21390742.734123,19872000.0,1.631222,2,1.368839,10734831.659118,10734831.659118,1667471880.7085035,4398472768.8195915,53670218.2398007,5433009093.135477,32743017974.246353,0,0,0
Z3,31,4, 4K,17320.0,0.000981,17655453.618756,17320000.0,1.631222,2,1.368839,9987773.836044,9987773.836044,1667471880.7085035,4398472768.8195915,53670218.2398007,5433009093.135477,32743017974.246353,0,0,0
Z3,32,4, 4K,20880.0,0.00097,21525773.195876,20880000.0,1.631222,2,1.368839,10761837.751468,10761837.751468,1667471880.7085035,4398472768.8195915,53670218.2398007,5433009093.135477,32743017974.246353,0,0,0
Z3,33,4, 4K,18648.0,0.000925,20160000.0,18648000.0,1.631222,2,1.368839,10488683.112293,10488683.112293,1667471880.7085035,4398472768.8195915,53670218.2398007,5433009093.135477,32743017974.246353,0,0,0
Z3,34,4, 4K,15368.0,0.000893,17209406.494961,15368000.0,1.631222,2,1.368839,9898564.411285,9898564.411285,1667471880.7085035,4398472768.8195915,53670218.2398007,5433009093.135477,32743017974.246353,0,0,0
Z3,35,4, 4K,17240.0,0.000902,19113082.039911,17240000.0,1.631222,2,1.368839,10279299.520275,10279299.520275,1667471880.7085035,4398472768.8195915,53670218.2398007,5433009093.135477,32743017974.246353,0,0,0
Z3,36,4, 4K,34944.0,0.001277,27364134.690681,34944000.0,1.631222,2,1.368839,11929510.050429,11929510.050429,1667471880.7085035,4398472768.8195915,53670218.2398007,5433009093.135477,32743017974.246353,0,0,0
Z3,37,4, 4K,16344.0,0.000977,16728761.514841,16344000.0,1.631222,2,1.368839,9802435.415261,9802435.415261,1667471880.7085035,4398472768.8195915,53670218.2398007,5433009093.135477,32743017974.246353,0,0,0
Z3,38,4, 4K,11896.0,0.000878,13548974.943052,11896000.0,1.631222,2,1.368839,9166478.100904,9166478.100904,1667471880.7085035,4398472768.8195915,53670218.2398007,5433009093.135477,32743017974.246353,0,0,0
Z1,0,5, 4K,86352.0,0.021371,4040615.78775,4112000.0,1.503484,2,1.496577,9974601.258453,9974601.258453,1667471880.7085035,4398472768.8195915,53670218.2398007,5433009093.135477,32743017974.246353,0,0,0
Z2,0,5, 4K,6624.0,0.024722,267939.487097,276000.0,1.503484,2,1.496577,9220065.998323,9220065.998323,1667471880.7085035,4398472768.8195915,53670218.2398007,5433009093.135477,32743017974.246353,0,0,0
Z2,1,5, 4K,15440.0,0.00106,14566037.735849,15440000.0,1.503484,2,1.496577,12079685.648073,12079685.648073,1667471880.7085035,4398472768.8195915,53670218.2398007,5433009093.135477,32743017974.246353,0,0,0
Z2,2,5, 4K,14656.0,0.001143,12822397.20035,14656000.0,1.503484,2,1.496577,11730957.540974,11730957.540974,1667471880.7085035,4398472768.8195915,53670218.2398007,5433009093.135477,32743017974.246353,0,0,0
Z2,3,5, 4K,59096.0,0.001434,41210599.72106,59096000.0,1.503484,2,1.496577,17408598.045116,17408598.045116,1667471880.7085035,4398472768.8195915,53670218.2398007,5433009093.135477,32743017974.246353,0,0,0
Z2,4,5, 4K,117640.0,0.001847,63692474.28262,117640000.0,1.503484,2,1.496577,21904972.957428,21904972.957428,1667471880.7085035,4398472768.8195915,53670218.2398007,5433009093.135477,32743017974.246353,0,0,0
Z2,5,5, 4K,68288.0,0.001277,53475332.811276,68288000.0,1.503484,2,1.496577,19861544.663159,19861544.663159,1667471880.7085035,4398472768.8195915,53670218.2398007,5433009093.135477,32743017974.246353,0,0,0
Z2,6,5, 4K,47432.0,0.00102,46501960.784314,47432000.0,1.503484,2,1.496577,18466870.257766,18466870.257766,1667471880.7085035,4398472768.8195915,53670218.2398007,5433009093.135477,32743017974.246353,0,0,0
Z2,7,5, 4K,40216.0,0.001151,34940052.128584,40216000.0,1.503484,2,1.496577,16154488.52662,16154488.52662,1667471880.7085035,4398472768.8195915,53670218.2398007,5433009093.135477,32743017974.246353,0,0,0
Z3,0,5, 4K,16504.0,0.03435,480465.793304,485408.0,1.503484,2,1.496577,9262571.259564,9262571.259564,1667471880.7085035,4398472768.8195915,53670218.2398007,5433009093.135477,32743017974.246353,0,0,0
Z3,1,5, 4K,16120.0,0.000947,17022175.290391,16120000.0,1.503484,2,1.496577,12570913.158982,12570913.158982,1667471880.7085035,4398472768.8195915,53670218.2398007,5433009093.135477,32743017974.246353,0,0,0
Z3,2,5, 4K,15008.0,0.000964,15568464.73029,15008000.0,1.503484,2,1.496577,12280171.046962,12280171.046962,1667471880.7085035,4398472768.8195915,53670218.2398007,5433009093.135477,32743017974.246353,0,0,0
Z3,3,5, 4K,15032.0,0.001145,13128384.279476,15032000.0,1.503484,2,1.496577,11792154.956799,11792154.956799,1667471880.7085035,4398472768.8195915,53670218.2398007,5433009093.135477,32743017974.246353,0,0,0
Z3,4,5, 4K,12928.0,0.000816,15843137.254902,12928000.0,1.503484,2,1.496577,12335105.551884,12335105.551884,1667471880.7085035,4398472768.8195915,53670218.2398007,5433009093.135477,32743017974.246353,0,0,0
Z3,5,5, 4K,13640.0,0.00102,13372549.019608,13640000.0,1.503484,2,1.496577,11840987.904825,11840987.904825,1667471880.7085035,4398472768.8195915,53670218.2398007,5433009093.135477,32743017974.246353,0,0,0
Z3,6,5, 4K,14648.0,0.000982,14916496.94501,14648000.0,1.503484,2,1.496577,12149777.489906,12149777.489906,1667471880.7085035,4398472768.8195915,53670218.2398007,5433009093.135477,32743017974.246353,0,0,0
Z3,7,5, 4K,15008.0,0.000999,15023023.023023,15008000.0,1.503484,2,1.496577,12171082.705508,12171082.705508,1667471880.7085035,4398472768.8195915,53670218.2398007,5433009093.135477,32743017974.246353,0,0,0
Z3,8,5, 4K,14312.0,0.001088,13154411.764706,14312000.0,1.503484,2,1.496577,11797360.453845,11797360.453845,1667471880.7085035,4398472768.8195915,53670218.2398007,5433009093.135477,32743017974.246353,0,0,0
Z3,9,5, 4K,14200.0,0.000923,15384615.384615,14200000.0,1.503484,2,1.496577,12243401.177827,12243401.177827,1667471880.7085035,4398472768.8195915,53670218.2398007,5433009093.135477,32743017974.246353,0,0,0
Z3,10,5, 4K,67288.0,0.001121,60024977.698483,67288000.0,1.503484,2,1.496577,21171473.6406,21171473.6406,1667471880.7085035,4398472768.8195915,53670218.2398007,5433009093.135477,32743017974.246353,0,0,0
Z3,11,5, 4K,52536.0,0.00126,41695238.095238,52536000.0,1.503484,2,1.496577,17505525.719951,17505525.719951,1667471880.7085035,4398472768.8195915,53670218.2398007,5433009093.135477,32743017974.246353,0,0,0
Z3,12,5, 4K,52032.0,0.000998,52136272.54509,52032000.0,1.503484,2,1.496577,19593732.609922,19593732.609922,1667471880.7085035,4398472768.8195915,53670218.2398007,5433009093.135477,32743017974.246353,0,0,0
Z3,13,5, 4K,44632.0,0.000989,45128412.537917,44632000.0,1.503484,2,1.496577,18192160.608487,18192160.608487,1667471880.7085035,4398472768.8195915,53670218.2398007,5433009093.135477,32743017974.246353,0,0,0
Z3,14,5, 4K,76304.0,0.001066,71579737.335835,76304000.0,1.503484,2,1.496577,23482425.568071,23482425.568071,1667471880.7085035,4398472768.8195915,53670218.2398007,5433009093.135477,32743017974.246353,0,0,0
Z3,15,5, 4K,71856.0,0.001188,60484848.484848,71856000.0,1.503484,2,1.496577,21263447.797873,21263447.797873,1667471880.7085035,4398472768.8195915,53670218.2398007,5433009093.135477,32743017974.246353,0,0,0
Z3,16,5, 4K,82648.0,0.00136,60770588.235294,82648000.0,1.503484,2,1.496577,21320595.747962,21320595.747962,1667471880.7085035,4398472768.8195915,53670218.2398007,5433009093.135477,32743017974.246353,0,0,0
Z3,17,5, 4K,76072.0,0.001231,61796913.078798,76072000.0,1.503484,2,1.496577,21525860.716663,21525860.716663,1667471880.7085035,4398472768.8195915,53670218.2398007,5433009093.135477,32743017974.246353,0,0,0
Z3,18,5, 4K,59304.0,0.001036,57243243.243243,59304000.0,1.503484,2,1.496577,20615126.749552,20615126.749552,1667471880.7085035,4398472768.8195915,53670218.2398007,5433009093.135477,32743017974.246353,0,0,0
Z3,19,5, 4K,43064.0,0.000968,44487603.305785,43064000.0,1.503484,2,1.496577,18063998.762061,18063998.762061,1667471880.7085035,4398472768.8195915,53670218.2398007,5433009093.135477,32743017974.246353,0,0,0
Z3,20,5, 4K,54872.0,0.001026,53481481.481481,54872000.0,1.503484,2,1.496577,19862774.3972,19862774.3972,1667471880.7085035,4398472768.8195915,53670218.2398007,5433009093.135477,32743017974.246353,0,0,0
Z3,21,5, 4K,135784.0,0.001451,93579600.275672,135784000.0,1.503484,2,1.496577,27882398.156038,27882398.156038,1667471880.7085035,4398472768.8195915,53670218.2398007,5433009093.135477,32743017974.246353,0,0,0
Z3,22,5, 4K,118304.0,0.001443,81984753.984754,118304000.0,1.503484,2,1.496577,25563428.897854,25563428.897854,1667471880.7085035,4398472768.8195915,53670218.2398007,5433009093.135477,32743017974.246353,0,0,0
Z3,23,5, 4K,147040.0,0.001422,103403656.821378,147040000.0,1.503484,2,1.496577,29847209.465179,29847209.465179,1667471880.7085035,4398472768.8195915,53670218.2398007,5433009093.135477,32743017974.246353,0,0,0
Z3,24,5, 4K,179520.0,0.001686,106476868.327402,179520000.0,1.503484,2,1.496577,30461851.766384,30461851.766384,1667471880.7085035,4398472768.8195915,53670218.2398007,5433009093.135477,32743017974.246353,0,0,0
Z3,25,5, 4K,172688.0,0.001616,106861386.138614,172688000.0,1.503484,2,1.496577,30538755.328626,30538755.328626,1667471880.7085035,4398472768.8195915,53670218.2398007,5433009093.135477,32743017974.246353,0,0,0
Z3,26,5, 4K,145128.0,0.00161,90141614.906832,145128000.0,1.503484,2,1.496577,27194801.08227,27194801.08227,1667471880.7085035,4398472768.8195915,53670218.2398007,5433009093.135477,32743017974.246353,0,0,0
Z3,27,5, 4K,179592.0,0.001593,112738229.755179,179592000.0,1.503484,2,1.496577,31714124.051939,31714124.051939,1667471880.7085035,4398472768.8195915,53670218.2398007,5433009093.135477,32743017974.246353,0,0,0
Z3,28,5, 4K,140720.0,0.001357,103699336.772292,140720000.0,1.503484,2,1.496577,29906345.455362,29906345.455362,1667471880.7085035,4398472768.8195915,53670218.2398007,5433009093.135477,32743017974.246353,0,0,0
Z3,29,5, 4K,83928.0,0.001178,71246179.966044,83928000.0,1.503484,2,1.496577,23415714.094112,23415714.094112,1667471880.7085035,4398472768.8195915,53670218.2398007,5433009093.135477,32743017974.246353,0,0,0
Z3,30,5, 4K,82192.0,0.001312,62646341.463415,82192000.0,1.503484,2,1.496577,21695746.393586,21695746.393586,1667471880.7085035,4398472768.8195915,53670218.2398007,5433009093.135477,32743017974.246353,0,0,0
Z3,31,5, 4K,68504.0,0.001141,60038562.66433,68504000.0,1.503484,2,1.496577,21174190.633769,21174190.633769,1667471880.7085035,4398472768.8195915,53670218.2398007,5433009093.135477,32743017974.246353,0,0,0
Z3,32,5, 4K,53776.0,0.001249,43055244.195356,53776000.0,1.503484,2,1.496577,17777526.939975,17777526.939975,1667471880.7085035,4398472768.8195915,53670218.2398007,5433009093.135477,32743017974.246353,0,0,0
Z3,33,5, 4K,72968.0,0.001321,55236941.710825,72968000.0,1.503484,2,1.496577,20213866.443069,20213866.443069,1667471880.7085035,4398472768.8195915,53670218.2398007,5433009093.135477,32743017974.246353,0,0,0
Z3,34,5, 4K,78200.0,0.001255,62310756.972112,78200000.0,1.503484,2,1.496577,21628629.495326,21628629.495326,1667471880.7085035,4398472768.8195915,53670218.2398007,5433009093.135477,32743017974.246353,0,0,0
Z3,35,5, 4K,63936.0,0.001074,59530726.256983,63936000.0,1.503484,2,1.496577,21072623.3523,21072623.3523,1667471880.7085035,4398472768.8195915,53670218.2398007,5433009093.135477,32743017974.246353,0,0,0
Z3,36,5, 4K,86888.0,0.001489,58353257.21961,86888000.0,1.503484,2,1.496577,20837129.544826,20837129.544826,1667471880.7085035,4398472768.8195915,53670218.2398007,5433009093.135477,32743017974.246353,0,0,0
Z3,37,5, 4K,53856.0,0.00109,49409174.311927,53856000.0,1.503484,2,1.496577,19048312.963289,19048312.963289,1667471880.7085035,4398472768.8195915,53670218.2398007,5433009093.135477,32743017974.246353,0,0,0
Z3,38,5, 4K,42888.0,0.000971,44168898.043254,42888000.0,1.503484,2,1.496577,18000257.709554,18000257.709554,1667471880.7085035,4398472768.8195915,53670218.2398007,5433009093.135477,32743017974.246353,0,0,0
Z1,0,6, 4K,32384.0,0.024018,1348322.091765,1349328.0,1.362747,2,2.637314,16755432.816743,16755432.816743,1667471880.7085035,4398472768.8195915,53670218.2398007,5433009093.135477,32743017974.246353,0,0,0
Z2,0,6, 4K,11672.0,0.024289,480546.749557,486328.0,1.362747,2,2.637314,16581877.748302,16581877.748302,1667471880.7085035,4398472768.8195915,53670218.2398007,5433009093.135477,32743017974.246353,0,0,0
Z2,1,6, 4K,36784.0,0.001465,25108532.423208,36784000.0,1.362747,2,2.637314,21507474.883032,21507474.883032,1667471880.7085035,4398472768.8195915,53670218.2398007,5433009093.135477,32743017974.246353,0,0,0
Z2,2,6, 4K,30448.0,0.001072,28402985.074627,30448000.0,1.362747,2,2.637314,22166365.413316,22166365.413316,1667471880.7085035,4398472768.8195915,53670218.2398007,5433009093.135477,32743017974.246353,0,0,0
Z2,3,6, 4K,89424.0,0.001375,65035636.363636,89424000.0,1.362747,2,2.637314,29492895.671118,29492895.671118,1667471880.7085035,4398472768.8195915,53670218.2398007,5433009093.135477,32743017974.246353,0,0,0
Z2,4,6, 4K,37976.0,0.000937,40529348.986126,37976000.0,1.362747,2,2.637314,24591638.195616,24591638.195616,1667471880.7085035,4398472768.8195915,53670218.2398007,5433009093.135477,32743017974.246353,0,0,0
Z2,5,6, 4K,44392.0,0.001001,44347652.347652,44392000.0,1.362747,2,2.637314,25355298.867921,25355298.867921,1667471880.7085035,4398472768.8195915,53670218.2398007,5433009093.135477,32743017974.246353,0,0,0
Z2,6,6, 4K,23176.0,0.000966,23991718.426501,23176000.0,1.362747,2,2.637314,21284112.083691,21284112.083691,1667471880.7085035,4398472768.8195915,53670218.2398007,5433009093.135477,32743017974.246353,0,0,0
Z2,7,6, 4K,20712.0,0.000891,23245791.245791,20712000.0,1.362747,2,2.637314,21134926.647549,21134926.647549,1667471880.7085035,4398472768.8195915,53670218.2398007,5433009093.135477,32743017974.246353,0,0,0
Z3,0,6, 4K,6624.0,0.024185,273888.774033,276000.0,1.362747,2,2.637314,16540546.153197,16540546.153197,1667471880.7085035,4398472768.8195915,53670218.2398007,5433009093.135477,32743017974.246353,0,0,0
Z3,1,6, 4K,12000.0,0.000906,13245033.112583,12000000.0,1.362747,2,2.637314,19134775.020907,19134775.020907,1667471880.7085035,4398472768.8195915,53670218.2398007,5433009093.135477,32743017974.246353,0,0,0
Z3,2,6, 4K,12312.0,0.000966,12745341.614907,12312000.0,1.362747,2,2.637314,19034836.721372,19034836.721372,1667471880.7085035,4398472768.8195915,53670218.2398007,5433009093.135477,32743017974.246353,0,0,0
Z3,3,6, 4K,11800.0,0.000912,12938596.491228,11800000.0,1.362747,2,2.637314,19073487.696636,19073487.696636,1667471880.7085035,4398472768.8195915,53670218.2398007,5433009093.135477,32743017974.246353,0,0,0
Z3,4,6, 4K,11672.0,0.000939,12430244.941427,11672000.0,1.362747,2,2.637314,18971817.386676,18971817.386676,1667471880.7085035,4398472768.8195915,53670218.2398007,5433009093.135477,32743017974.246353,0,0,0
Z3,5,6, 4K,11856.0,0.000955,12414659.685864,11856000.0,1.362747,2,2.637314,18968700.335563,18968700.335563,1667471880.7085035,4398472768.8195915,53670218.2398007,5433009093.135477,32743017974.246353,0,0,0
Z3,6,6, 4K,11392.0,0.000759,15009222.661397,11392000.0,1.362747,2,2.637314,19487612.93067,19487612.93067,1667471880.7085035,4398472768.8195915,53670218.2398007,5433009093.135477,32743017974.246353,0,0,0
Z3,7,6, 4K,11608.0,0.000928,12508620.689655,11608000.0,1.362747,2,2.637314,18987492.536322,18987492.536322,1667471880.7085035,4398472768.8195915,53670218.2398007,5433009093.135477,32743017974.246353,0,0,0
Z3,8,6, 4K,11808.0,0.000948,12455696.202532,11808000.0,1.362747,2,2.637314,18976907.638897,18976907.638897,1667471880.7085035,4398472768.8195915,53670218.2398007,5433009093.135477,32743017974.246353,0,0,0
Z3,9,6, 4K,11616.0,0.000989,11745197.168857,11616000.0,1.362747,2,2.637314,18834807.832162,18834807.832162,1667471880.7085035,4398472768.8195915,53670218.2398007,5433009093.135477,32743017974.246353,0,0,0
Z3,10,6, 4K,11320.0,0.000925,12237837.837838,11320000.0,1.362747,2,2.637314,18933335.965958,18933335.965958,1667471880.7085035,4398472768.8195915,53670218.2398007,5433009093.135477,32743017974.246353,0,0,0
Z3,11,6, 4K,11456.0,0.000916,12506550.218341,11456000.0,1.362747,2,2.637314,18987078.442059,18987078.442059,1667471880.7085035,4398472768.8195915,53670218.2398007,5433009093.135477,32743017974.246353,0,0,0
Z3,12,6, 4K,30472.0,0.001041,29271853.986551,30472000.0,1.362747,2,2.637314,22340139.195701,22340139.195701,1667471880.7085035,4398472768.8195915,53670218.2398007,5433009093.135477,32743017974.246353,0,0,0
Z3,13,6, 4K,27608.0,0.001054,26193548.387097,27608000.0,1.362747,2,2.637314,21724478.07581,21724478.07581,1667471880.7085035,4398472768.8195915,53670218.2398007,5433009093.135477,32743017974.246353,0,0,0
Z3,14,6, 4K,24088.0,0.000794,30337531.486146,24088000.0,1.362747,2,2.637314,22553274.69562,22553274.69562,1667471880.7085035,4398472768.8195915,53670218.2398007,5433009093.135477,32743017974.246353,0,0,0
Z3,15,6, 4K,38328.0,0.000894,42872483.221477,38328000.0,1.362747,2,2.637314,25060265.042686,25060265.042686,1667471880.7085035,4398472768.8195915,53670218.2398007,5433009093.135477,32743017974.246353,0,0,0
Z3,16,6, 4K,32072.0,0.000898,35714922.048998,32072000.0,1.362747,2,2.637314,23628752.80819,23628752.80819,1667471880.7085035,4398472768.8195915,53670218.2398007,5433009093.135477,32743017974.246353,0,0,0
Z3,17,6, 4K,42136.0,0.00082,51385365.853659,42136000.0,1.362747,2,2.637314,26762841.569122,26762841.569122,1667471880.7085035,4398472768.8195915,53670218.2398007,5433009093.135477,32743017974.246353,0,0,0
Z3,18,6, 4K,36072.0,0.00086,41944186.046512,36072000.0,1.362747,2,2.637314,24874605.607693,24874605.607693,1667471880.7085035,4398472768.8195915,53670218.2398007,5433009093.135477,32743017974.246353,0,0,0
Z3,19,6, 4K,27192.0,0.001011,26896142.433234,27192000.0,1.362747,2,2.637314,21864996.885037,21864996.885037,1667471880.7085035,4398472768.8195915,53670218.2398007,5433009093.135477,32743017974.246353,0,0,0
Z3,20,6, 4K,23688.0,0.000999,23711711.711712,23688000.0,1.362747,2,2.637314,21228110.740733,21228110.740733,1667471880.7085035,4398472768.8195915,53670218.2398007,5433009093.135477,32743017974.246353,0,0,0
Z3,21,6, 4K,86000.0,0.001469,58543226.68482,86000000.0,1.362747,2,2.637314,28194413.735354,28194413.735354,1667471880.7085035,4398472768.8195915,53670218.2398007,5433009093.135477,32743017974.246353,0,0,0
Z3,22,6, 4K,62728.0,0.001184,52979729.72973,62728000.0,1.362747,2,2.637314,27081714.344336,27081714.344336,1667471880.7085035,4398472768.8195915,53670218.2398007,5433009093.135477,32743017974.246353,0,0,0
Z3,23,6, 4K,65864.0,0.001065,61844131.455399,65864000.0,1.362747,2,2.637314,28854594.68947,28854594.68947,1667471880.7085035,4398472768.8195915,53670218.2398007,5433009093.135477,32743017974.246353,0,0,0
Z3,24,6, 4K,82512.0,0.001342,61484351.71386,82512000.0,1.362747,2,2.637314,28782638.741163,28782638.741163,1667471880.7085035,4398472768.8195915,53670218.2398007,5433009093.135477,32743017974.246353,0,0,0
Z3,25,6, 4K,102240.0,0.001367,74791514.264813,102240000.0,1.362747,2,2.637314,31444071.251353,31444071.251353,1667471880.7085035,4398472768.8195915,53670218.2398007,5433009093.135477,32743017974.246353,0,0,0
Z3,26,6, 4K,69304.0,0.001066,65013133.208255,69304000.0,1.362747,2,2.637314,29488395.040042,29488395.040042,1667471880.7085035,4398472768.8195915,53670218.2398007,5433009093.135477,32743017974.246353,0,0,0
Z3,27,6, 4K,73800.0,0.001361,54224834.680382,73800000.0,1.362747,2,2.637314,27330735.334467,27330735.334467,1667471880.7085035,4398472768.8195915,53670218.2398007,5433009093.135477,32743017974.246353,0,0,0
Z3,28,6, 4K,59424.0,0.001055,56326066.350711,59424000.0,1.362747,2,2.637314,27750981.668533,27750981.668533,1667471880.7085035,4398472768.8195915,53670218.2398007,5433009093.135477,32743017974.246353,0,0,0
Z3,29,6, 4K,38896.0,0.001054,36903225.806452,38896000.0,1.362747,2,2.637314,23866413.559681,23866413.559681,1667471880.7085035,4398472768.8195915,53670218.2398007,5433009093.135477,32743017974.246353,0,0,0
Z3,30,6, 4K,30224.0,0.000907,33323042.998897,30224000.0,1.362747,2,2.637314,23150376.99817,23150376.99817,1667471880.7085035,4398472768.8195915,53670218.2398007,5433009093.135477,32743017974.246353,0,0,0
Z3,31,6, 4K,34568.0,0.001024,33757812.5,34568000.0,1.362747,2,2.637314,23237330.898391,23237330.898391,1667471880.7085035,4398472768.8195915,53670218.2398007,5433009093.135477,32743017974.246353,0,0,0
Z3,32,6, 4K,62896.0,0.001278,49214397.496088,62896000.0,1.362747,2,2.637314,26328647.897608,26328647.897608,1667471880.7085035,4398472768.8195915,53670218.2398007,5433009093.135477,32743017974.246353,0,0,0
Z3,33,6, 4K,50288.0,0.001091,46093492.208983,50288000.0,1.362747,2,2.637314,25704466.840187,25704466.840187,1667471880.7085035,4398472768.8195915,53670218.2398007,5433009093.135477,32743017974.246353,0,0,0
Z3,34,6, 4K,37280.0,0.001205,30937759.3361,37280000.0,1.362747,2,2.637314,22673320.26561,22673320.26561,1667471880.7085035,4398472768.8195915,53670218.2398007,5433009093.135477,32743017974.246353,0,0,0
Z3,35,6, 4K,26840.0,0.000918,29237472.766885,26840000.0,1.362747,2,2.637314,22333262.951767,22333262.951767,1667471880.7085035,4398472768.8195915,53670218.2398007,5433009093.135477,32743017974.246353,0,0,0
Z3,36,6, 4K,30408.0,0.001031,29493695.441319,30408000.0,1.362747,2,2.637314,22384507.486654,22384507.486654,1667471880.7085035,4398472768.8195915,53670218.2398007,5433009093.135477,32743017974.246353,0,0,0
Z3,37,6, 4K,24136.0,0.000976,24729508.196721,24136000.0,1.362747,2,2.637314,21431670.037735,21431670.037735,1667471880.7085035,4398472768.8195915,53670218.2398007,5433009093.135477,32743017974.246353,0,0,0
Z3,38,6, 4K,21376.0,0.000833,25661464.585834,21376000.0,1.362747,2,2.637314,21618061.315557,21618061.315557,1667471880.7085035,4398472768.8195915,53670218.2398007,5433009093.135477,32743017974.246353,0,0,0
Z1,0,7, 4K,33008.0,0.021865,1509627.258175,1571808.0,1.237367,2,2.762694,19314156.602427,19314156.602427,1667471880.7085035,4398472768.8195915,53670218.2398007,5433009093.135477,32743017974.246353,0,0,0
Z2,0,7, 4K,11888.0,0.024521,484808.939277,495328.0,1.237367,2,2.762694,19109192.938647,19109192.938647,1667471880.7085035,4398472768.8195915,53670218.2398007,5433009093.135477,32743017974.246353,0,0,0
Z2,1,7, 4K,40440.0,0.001478,27361299.052774,40440000.0,1.237367,2,2.762694,24484490.961347,24484490.961347,1667471880.7085035,4398472768.8195915,53670218.2398007,5433009093.135477,32743017974.246353,0,0,0
Z2,2,7, 4K,30824.0,0.000832,37048076.923077,30824000.0,1.237367,2,2.762694,26421846.535407,26421846.535407,1667471880.7085035,4398472768.8195915,53670218.2398007,5433009093.135477,32743017974.246353,0,0,0
Z2,3,7, 4K,76304.0,0.001115,68434080.717489,76304000.0,1.237367,2,2.762694,32699047.29429,32699047.29429,1667471880.7085035,4398472768.8195915,53670218.2398007,5433009093.135477,32743017974.246353,0,0,0
Z2,4,7, 4K,40368.0,0.001201,33611990.008326,40368000.0,1.237367,2,2.762694,25734629.152457,25734629.152457,1667471880.7085035,4398472768.8195915,53670218.2398007,5433009093.135477,32743017974.246353,0,0,0
Z2,5,7, 4K,46048.0,0.001171,39323654.99573,46048000.0,1.237367,2,2.762694,26876962.149938,26876962.149938,1667471880.7085035,4398472768.8195915,53670218.2398007,5433009093.135477,32743017974.246353,0,0,0
Z2,6,7, 4K,66864.0,0.001162,57542168.674699,66864000.0,1.237367,2,2.762694,30520664.885732,30520664.885732,1667471880.7085035,4398472768.8195915,53670218.2398007,5433009093.135477,32743017974.246353,0,0,0
Z2,7,7, 4K,21440.0,0.001021,20999020.568071,21440000.0,1.237367,2,2.762694,23212035.264406,23212035.264406,1667471880.7085035,4398472768.8195915,53670218.2398007,5433009093.135477,32743017974.246353,0,0,0
Z3,0,7, 4K,6624.0,0.024034,275609.553133,276000.0,1.237367,2,2.762694,19067353.061418,19067353.061418,1667471880.7085035,4398472768.8195915,53670218.2398007,5433009093.135477,32743017974.246353,0,0,0
Z3,1,7, 4K,12288.0,0.00094,13072340.425532,12288000.0,1.237367,2,2.762694,21626699.235898,21626699.235898,1667471880.7085035,4398472768.8195915,53670218.2398007,5433009093.135477,32743017974.246353,0,0,0
Z3,2,7, 4K,12288.0,0.000894,13744966.442953,12288000.0,1.237367,2,2.762694,21761224.439382,21761224.439382,1667471880.7085035,4398472768.8195915,53670218.2398007,5433009093.135477,32743017974.246353,0,0,0
Z3,3,7, 4K,12304.0,0.000821,14986601.705238,12304000.0,1.237367,2,2.762694,22009551.491839,22009551.491839,1667471880.7085035,4398472768.8195915,53670218.2398007,5433009093.135477,32743017974.246353,0,0,0
Z3,4,7, 4K,11832.0,0.000849,13936395.759717,11832000.0,1.237367,2,2.762694,21799510.302735,21799510.302735,1667471880.7085035,4398472768.8195915,53670218.2398007,5433009093.135477,32743017974.246353,0,0,0
Z3,5,7, 4K,12664.0,0.000915,13840437.15847,12664000.0,1.237367,2,2.762694,21780318.582486,21780318.582486,1667471880.7085035,4398472768.8195915,53670218.2398007,5433009093.135477,32743017974.246353,0,0,0
Z3,6,7, 4K,11360.0,0.000884,12850678.733032,11360000.0,1.237367,2,2.762694,21582366.897398,21582366.897398,1667471880.7085035,4398472768.8195915,53670218.2398007,5433009093.135477,32743017974.246353,0,0,0
Z3,7,7, 4K,11624.0,0.000948,12261603.375527,11624000.0,1.237367,2,2.762694,21464551.825897,21464551.825897,1667471880.7085035,4398472768.8195915,53670218.2398007,5433009093.135477,32743017974.246353,0,0,0
Z3,8,7, 4K,12008.0,0.000892,13461883.408072,12008000.0,1.237367,2,2.762694,21704607.832406,21704607.832406,1667471880.7085035,4398472768.8195915,53670218.2398007,5433009093.135477,32743017974.246353,0,0,0
Z3,9,7, 4K,11744.0,0.000897,13092530.657748,11744000.0,1.237367,2,2.762694,21630737.282341,21630737.282341,1667471880.7085035,4398472768.8195915,53670218.2398007,5433009093.135477,32743017974.246353,0,0,0
Z3,10,7, 4K,11584.0,0.000919,12605005.440696,11584000.0,1.237367,2,2.762694,21533232.238931,21533232.238931,1667471880.7085035,4398472768.8195915,53670218.2398007,5433009093.135477,32743017974.246353,0,0,0
Z3,11,7, 4K,11528.0,0.000766,15049608.355091,11528000.0,1.237367,2,2.762694,22022152.82181,22022152.82181,1667471880.7085035,4398472768.8195915,53670218.2398007,5433009093.135477,32743017974.246353,0,0,0
Z3,12,7, 4K,32448.0,0.000946,34300211.41649,32448000.0,1.237367,2,2.762694,25872273.43409,25872273.43409,1667471880.7085035,4398472768.8195915,53670218.2398007,5433009093.135477,32743017974.246353,0,0,0
Z3,13,7, 4K,29808.0,0.000836,35655502.392344,29808000.0,1.237367,2,2.762694,26143331.629261,26143331.629261,1667471880.7085035,4398472768.8195915,53670218.2398007,5433009093.135477,32743017974.246353,0,0,0
Z3,14,7, 4K,26008.0,0.000847,30706021.251476,26008000.0,1.237367,2,2.762694,25153435.401087,25153435.401087,1667471880.7085035,4398472768.8195915,53670218.2398007,5433009093.135477,32743017974.246353,0,0,0
Z3,15,7, 4K,43712.0,0.001036,42193050.19305,43712000.0,1.237367,2,2.762694,27450841.189402,27450841.189402,1667471880.7085035,4398472768.8195915,53670218.2398007,5433009093.135477,32743017974.246353,0,0,0
Z3,16,7, 4K,42976.0,0.000985,43630456.852792,42976000.0,1.237367,2,2.762694,27738322.52135,27738322.52135,1667471880.7085035,4398472768.8195915,53670218.2398007,5433009093.135477,32743017974.246353,0,0,0
Z3,17,7, 4K,80888.0,0.001271,63641227.380016,80888000.0,1.237367,2,2.762694,31740476.626795,31740476.626795,1667471880.7085035,4398472768.8195915,53670218.2398007,5433009093.135477,32743017974.246353,0,0,0
Z3,18,7, 4K,51248.0,0.001049,48854146.806482,51248000.0,1.237367,2,2.762694,28783060.512088,28783060.512088,1667471880.7085035,4398472768.8195915,53670218.2398007,5433009093.135477,32743017974.246353,0,0,0
Z3,19,7, 4K,29472.0,0.000953,30925498.426023,29472000.0,1.237367,2,2.762694,25197330.835996,25197330.835996,1667471880.7085035,4398472768.8195915,53670218.2398007,5433009093.135477,32743017974.246353,0,0,0
Z3,20,7, 4K,23856.0,0.000833,28638655.462185,23856000.0,1.237367,2,2.762694,24739962.243229,24739962.243229,1667471880.7085035,4398472768.8195915,53670218.2398007,5433009093.135477,32743017974.246353,0,0,0
Z3,21,7, 4K,78816.0,0.001373,57404224.326293,78816000.0,1.237367,2,2.762694,30493076.01605,30493076.01605,1667471880.7085035,4398472768.8195915,53670218.2398007,5433009093.135477,32743017974.246353,0,0,0
Z3,22,7, 4K,66288.0,0.00143,46355244.755245,66288000.0,1.237367,2,2.762694,28283280.101841,28283280.101841,1667471880.7085035,4398472768.8195915,53670218.2398007,5433009093.135477,32743017974.246353,0,0,0
Z3,23,7, 4K,69920.0,0.001306,53537519.14242,69920000.0,1.237367,2,2.762694,29719734.979276,29719734.979276,1667471880.7085035,4398472768.8195915,53670218.2398007,5433009093.135477,32743017974.246353,0,0,0
Z3,24,7, 4K,81944.0,0.001117,73360787.82453,81944000.0,1.237367,2,2.762694,33684388.715698,33684388.715698,1667471880.7085035,4398472768.8195915,53670218.2398007,5433009093.135477,32743017974.246353,0,0,0
Z3,25,7, 4K,102376.0,0.001351,75777942.264989,102376000.0,1.237367,2,2.762694,34167819.60379,34167819.60379,1667471880.7085035,4398472768.8195915,53670218.2398007,5433009093.135477,32743017974.246353,0,0,0
Z3,26,7, 4K,76792.0,0.001138,67479789.103691,76792000.0,1.237367,2,2.762694,32508188.97153,32508188.97153,1667471880.7085035,4398472768.8195915,53670218.2398007,5433009093.135477,32743017974.246353,0,0,0
Z3,27,7, 4K,81072.0,0.001338,60591928.251121,81072000.0,1.237367,2,2.762694,31130616.801016,31130616.801016,1667471880.7085035,4398472768.8195915,53670218.2398007,5433009093.135477,32743017974.246353,0,0,0
Z3,28,7, 4K,62656.0,0.001166,53735849.056604,62656000.0,1.237367,2,2.762694,29759400.962113,29759400.962113,1667471880.7085035,4398472768.8195915,53670218.2398007,5433009093.135477,32743017974.246353,0,0,0
Z3,29,7, 4K,41248.0,0.000971,42479917.610711,41248000.0,1.237367,2,2.762694,27508214.672934,27508214.672934,1667471880.7085035,4398472768.8195915,53670218.2398007,5433009093.135477,32743017974.246353,0,0,0
Z3,30,7, 4K,51888.0,0.001263,41083135.391924,51888000.0,1.237367,2,2.762694,27228858.229177,27228858.229177,1667471880.7085035,4398472768.8195915,53670218.2398007,5433009093.135477,32743017974.246353,0,0,0
Z3,31,7, 4K,60864.0,0.001139,53436347.673398,60864000.0,1.237367,2,2.762694,29699500.685471,29699500.685471,1667471880.7085035,4398472768.8195915,53670218.2398007,5433009093.135477,32743017974.246353,0,0,0
Z3,32,7, 4K,30224.0,0.000985,30684263.959391,30224000.0,1.237367,2,2.762694,25149083.94267,25149083.94267,1667471880.7085035,4398472768.8195915,53670218.2398007,5433009093.135477,32743017974.246353,0,0,0
Z3,33,7, 4K,29312.0,0.001105,26526696.832579,29312000.0,1.237367,2,2.762694,24317570.517308,24317570.517308,1667471880.7085035,4398472768.8195915,53670218.2398007,5433009093.135477,32743017974.246353,0,0,0
Z3,34,7, 4K,25728.0,0.000947,27167898.627244,25728000.0,1.237367,2,2.762694,24445810.876241,24445810.876241,1667471880.7085035,4398472768.8195915,53670218.2398007,5433009093.135477,32743017974.246353,0,0,0
Z3,35,7, 4K,27640.0,0.000928,29784482.758621,27640000.0,1.237367,2,2.762694,24969127.702516,24969127.702516,1667471880.7085035,4398472768.8195915,53670218.2398007,5433009093.135477,32743017974.246353,0,0,0
Z3,36,7, 4K,32608.0,0.000995,32771859.296482,32608000.0,1.237367,2,2.762694,25566603.010088,25566603.010088,1667471880.7085035,4398472768.8195915,53670218.2398007,5433009093.135477,32743017974.246353,0,0,0
Z3,37,7, 4K,25080.0,0.000952,26344537.815126,25080000.0,1.237367,2,2.762694,24281138.713817,24281138.713817,1667471880.7085035,4398472768.8195915,53670218.2398007,5433009093.135477,32743017974.246353,0,0,0
Z3,38,7, 4K,21912.0,0.001032,21232558.139535,21912000.0,1.237367,2,2.762694,23258742.778699,23258742.778699,1667471880.7085035,4398472768.8195915,53670218.2398007,5433009093.135477,32743017974.246353,0,0,0
Z1,0,8, 4K,12368.0,0.024277,509453.3921,515328.0,1.113768,2,3.886293,21024269.820755,21024269.820755,1667471880.7085035,4398472768.8195915,53670218.2398007,5433009093.135477,32743017974.246353,0,0,0
Z2,0,8, 4K,6624.0,0.020865,317469.446441,331200.0,1.113768,2,3.886293,20985873.031623,20985873.031623,1667471880.7085035,4398472768.8195915,53670218.2398007,5433009093.135477,32743017974.246353,0,0,0
Z2,1,8, 4K,12736.0,0.000866,14706697.459584,12736000.0,1.113768,2,3.886293,23863718.634252,23863718.634252,1667471880.7085035,4398472768.8195915,53670218.2398007,5433009093.135477,32743017974.246353,0,0,0
Z2,2,8, 4K,12272.0,0.001032,11891472.868217,12272000.0,1.113768,2,3.886293,23300673.715979,23300673.715979,1667471880.7085035,4398472768.8195915,53670218.2398007,5433009093.135477,32743017974.246353,0,0,0
Z2,3,8, 4K,47728.0,0.000952,50134453.781513,47728000.0,1.113768,2,3.886293,30949269.898638,30949269.898638,1667471880.7085035,4398472768.8195915,53670218.2398007,5433009093.135477,32743017974.246353,0,0,0
Z2,4,8, 4K,47048.0,0.001212,38818481.848185,47048000.0,1.113768,2,3.886293,28686075.511972,28686075.511972,1667471880.7085035,4398472768.8195915,53670218.2398007,5433009093.135477,32743017974.246353,0,0,0
Z2,5,8, 4K,46672.0,0.001007,46347567.030785,46672000.0,1.113768,2,3.886293,30191892.548492,30191892.548492,1667471880.7085035,4398472768.8195915,53670218.2398007,5433009093.135477,32743017974.246353,0,0,0
Z2,6,8, 4K,116120.0,0.001681,69077929.803688,116120000.0,1.113768,2,3.886293,34737965.103073,34737965.103073,1667471880.7085035,4398472768.8195915,53670218.2398007,5433009093.135477,32743017974.246353,0,0,0
Z2,7,8, 4K,109880.0,0.001393,78880114.860014,109880000.0,1.113768,2,3.886293,36698402.114338,36698402.114338,1667471880.7085035,4398472768.8195915,53670218.2398007,5433009093.135477,32743017974.246353,0,0,0
Z3,0,8, 4K,13168.0,0.02514,523786.793954,526720.0,1.113768,2,3.886293,21027136.501126,21027136.501126,1667471880.7085035,4398472768.8195915,53670218.2398007,5433009093.135477,32743017974.246353,0,0,0
Z3,1,8, 4K,12440.0,0.001287,9665889.66589,12440000.0,1.113768,2,3.886293,22855557.075513,22855557.075513,1667471880.7085035,4398472768.8195915,53670218.2398007,5433009093.135477,32743017974.246353,0,0,0
Z3,2,8, 4K,12288.0,0.000845,14542011.83432,12288000.0,1.113768,2,3.886293,23830781.509199,23830781.509199,1667471880.7085035,4398472768.8195915,53670218.2398007,5433009093.135477,32743017974.246353,0,0,0
Z3,3,8, 4K,13040.0,0.000841,15505350.772889,13040000.0,1.113768,2,3.886293,24023449.296913,24023449.296913,1667471880.7085035,4398472768.8195915,53670218.2398007,5433009093.135477,32743017974.246353,0,0,0
Z3,4,8, 4K,11984.0,0.000803,14924034.86924,11984000.0,1.113768,2,3.886293,23907186.116183,23907186.116183,1667471880.7085035,4398472768.8195915,53670218.2398007,5433009093.135477,32743017974.246353,0,0,0
Z3,5,8, 4K,12736.0,0.000761,16735873.850197,12736000.0,1.113768,2,3.886293,24269553.912375,24269553.912375,1667471880.7085035,4398472768.8195915,53670218.2398007,5433009093.135477,32743017974.246353,0,0,0
Z3,6,8, 4K,12728.0,0.000955,13327748.691099,12728000.0,1.113768,2,3.886293,23587928.880555,23587928.880555,1667471880.7085035,4398472768.8195915,53670218.2398007,5433009093.135477,32743017974.246353,0,0,0
Z3,7,8, 4K,13416.0,0.000912,14710526.315789,13416000.0,1.113768,2,3.886293,23864484.405493,23864484.405493,1667471880.7085035,4398472768.8195915,53670218.2398007,5433009093.135477,32743017974.246353,0,0,0
Z3,8,8, 4K,12296.0,0.000809,15199011.124845,12296000.0,1.113768,2,3.886293,23962181.367304,23962181.367304,1667471880.7085035,4398472768.8195915,53670218.2398007,5433009093.135477,32743017974.246353,0,0,0
Z3,9,8, 4K,36848.0,0.000841,43814506.539834,36848000.0,1.113768,2,3.886293,29685280.450302,29685280.450302,1667471880.7085035,4398472768.8195915,53670218.2398007,5433009093.135477,32743017974.246353,0,0,0
Z3,10,8, 4K,37200.0,0.000791,47029077.117573,37200000.0,1.113768,2,3.886293,30328194.56585,30328194.56585,1667471880.7085035,4398472768.8195915,53670218.2398007,5433009093.135477,32743017974.246353,0,0,0
Z3,11,8, 4K,36304.0,0.001038,34974951.830443,36304000.0,1.113768,2,3.886293,27917369.508424,27917369.508424,1667471880.7085035,4398472768.8195915,53670218.2398007,5433009093.135477,32743017974.246353,0,0,0
Z3,12,8, 4K,72440.0,0.001211,59818331.95706,72440000.0,1.113768,2,3.886293,32886045.533747,32886045.533747,1667471880.7085035,4398472768.8195915,53670218.2398007,5433009093.135477,32743017974.246353,0,0,0
Z3,13,8, 4K,94656.0,0.001424,66471910.11236,94656000.0,1.113768,2,3.886293,34216761.164807,34216761.164807,1667471880.7085035,4398472768.8195915,53670218.2398007,5433009093.135477,32743017974.246353,0,0,0
Z3,14,8, 4K,126944.0,0.001392,91195402.298851,126944000.0,1.113768,2,3.886293,39161459.602105,39161459.602105,1667471880.7085035,4398472768.8195915,53670218.2398007,5433009093.135477,32743017974.246353,0,0,0
Z3,15,8, 4K,91896.0,0.001352,67970414.201183,91896000.0,1.113768,2,3.886293,34516461.982572,34516461.982572,1667471880.7085035,4398472768.8195915,53670218.2398007,5433009093.135477,32743017974.246353,0,0,0
Z3,16,8, 4K,51968.0,0.001185,43854852.320675,51968000.0,1.113768,2,3.886293,29693349.60647,29693349.60647,1667471880.7085035,4398472768.8195915,53670218.2398007,5433009093.135477,32743017974.246353,0,0,0
Z3,17,8, 4K,33024.0,0.001082,30521256.931608,33024000.0,1.113768,2,3.886293,27026630.528657,27026630.528657,1667471880.7085035,4398472768.8195915,53670218.2398007,5433009093.135477,32743017974.246353,0,0,0
Z3,18,8, 4K,183840.0,0.001853,99212088.505127,183840000.0,1.113768,2,3.886293,40764796.843361,40764796.843361,1667471880.7085035,4398472768.8195915,53670218.2398007,5433009093.135477,32743017974.246353,0,0,0
Z3,19,8, 4K,154184.0,0.001696,90910377.358491,154184000.0,1.113768,2,3.886293,39104454.614033,39104454.614033,1667471880.7085035,4398472768.8195915,53670218.2398007,5433009093.135477,32743017974.246353,0,0,0
Z3,20,8, 4K,155104.0,0.001562,99298335.46735,155104000.0,1.113768,2,3.886293,40782046.235805,40782046.235805,1667471880.7085035,4398472768.8195915,53670218.2398007,5433009093.135477,32743017974.246353,0,0,0
Z3,21,8, 4K,164936.0,0.001432,115178770.949721,164936000.0,1.113768,2,3.886293,43958133.332279,43958133.332279,1667471880.7085035,4398472768.8195915,53670218.2398007,5433009093.135477,32743017974.246353,0,0,0
Z3,22,8, 4K,148008.0,0.001541,96046722.907203,148008000.0,1.113768,2,3.886293,40131723.723776,40131723.723776,1667471880.7085035,4398472768.8195915,53670218.2398007,5433009093.135477,32743017974.246353,0,0,0
Z3,23,8, 4K,158128.0,0.001578,100207858.048162,158128000.0,1.113768,2,3.886293,40963950.751968,40963950.751968,1667471880.7085035,4398472768.8195915,53670218.2398007,5433009093.135477,32743017974.246353,0,0,0
Z3,24,8, 4K,212408.0,0.001872,113465811.965812,212408000.0,1.113768,2,3.886293,43615541.535498,43615541.535498,1667471880.7085035,4398472768.8195915,53670218.2398007,5433009093.135477,32743017974.246353,0,0,0
Z3,25,8, 4K,148464.0,0.001682,88266349.583829,148464000.0,1.113768,2,3.886293,38575649.059101,38575649.059101,1667471880.7085035,4398472768.8195915,53670218.2398007,5433009093.135477,32743017974.246353,0,0,0
Z3,26,8, 4K,105600.0,0.001528,69109947.643979,105600000.0,1.113768,2,3.886293,34744368.671131,34744368.671131,1667471880.7085035,4398472768.8195915,53670218.2398007,5433009093.135477,32743017974.246353,0,0,0
Z3,27,8, 4K,99296.0,0.001406,70623044.096728,99296000.0,1.113768,2,3.886293,35046987.961681,35046987.961681,1667471880.7085035,4398472768.8195915,53670218.2398007,5433009093.135477,32743017974.246353,0,0,0
Z3,28,8, 4K,81552.0,0.00123,66302439.02439,81552000.0,1.113768,2,3.886293,34182866.947213,34182866.947213,1667471880.7085035,4398472768.8195915,53670218.2398007,5433009093.135477,32743017974.246353,0,0,0
Z3,29,8, 4K,74800.0,0.001396,53581661.891117,74800000.0,1.113768,2,3.886293,31638711.520559,31638711.520559,1667471880.7085035,4398472768.8195915,53670218.2398007,5433009093.135477,32743017974.246353,0,0,0
Z3,30,8, 4K,60904.0,0.001129,53945084.145261,60904000.0,1.113768,2,3.886293,31711395.971387,31711395.971387,1667471880.7085035,4398472768.8195915,53670218.2398007,5433009093.135477,32743017974.246353,0,0,0
Z3,31,8, 4K,56704.0,0.001072,52895522.38806,56704000.0,1.113768,2,3.886293,31501483.619947,31501483.619947,1667471880.7085035,4398472768.8195915,53670218.2398007,5433009093.135477,32743017974.246353,0,0,0
Z3,32,8, 4K,77872.0,0.001252,62198083.067093,77872000.0,1.113768,2,3.886293,33361995.755754,33361995.755754,1667471880.7085035,4398472768.8195915,53670218.2398007,5433009093.135477,32743017974.246353,0,0,0
Z3,33,8, 4K,87632.0,0.001471,59573079.537729,87632000.0,1.113768,2,3.886293,32836995.049881,32836995.049881,1667471880.7085035,4398472768.8195915,53670218.2398007,5433009093.135477,32743017974.246353,0,0,0
Z3,34,8, 4K,57472.0,0.001069,53762394.761459,57472000.0,1.113768,2,3.886293,31674858.094627,31674858.094627,1667471880.7085035,4398472768.8195915,53670218.2398007,5433009093.135477,32743017974.246353,0,0,0
Z3,35,8, 4K,71616.0,0.001187,60333614.153328,71616000.0,1.113768,2,3.886293,32989101.973001,32989101.973001,1667471880.7085035,4398472768.8195915,53670218.2398007,5433009093.135477,32743017974.246353,0,0,0
Z3,36,8, 4K,59800.0,0.00137,43649635.036496,59800000.0,1.113768,2,3.886293,29652306.149634,29652306.149634,1667471880.7085035,4398472768.8195915,53670218.2398007,5433009093.135477,32743017974.246353,0,0,0
Z3,37,8, 4K,54240.0,0.001051,51607992.388202,54240000.0,1.113768,2,3.886293,31243977.619976,31243977.619976,1667471880.7085035,4398472768.8195915,53670218.2398007,5433009093.135477,32743017974.246353,0,0,0
Z3,38,8, 4K,48376.0,0.001186,40789207.419899,48376000.0,1.113768,2,3.886293,29080220.626315,29080220.626315,1667471880.7085035,4398472768.8195915,53670218.2398007,5433009093.135477,32743017974.246353,0,0,0
Z1,0,9, 4K,143136.0,0.025103,5701947.974346,5725440.0,1.982584,2,4.017477,27510815.232574,27510815.232574,1667471880.7085035,4398472768.8195915,53670218.2398007,5433009093.135477,32743017974.246353,0,0,0
Z2,0,9, 4K,6624.0,0.021641,306085.670718,315424.0,1.982584,2,4.017477,26431642.771848,26431642.771848,1667471880.7085035,4398472768.8195915,53670218.2398007,5433009093.135477,32743017974.246353,0,0,0
Z2,1,9, 4K,13352.0,0.000846,15782505.910165,13352000.0,1.982584,2,4.017477,29526926.819738,29526926.819738,1667471880.7085035,4398472768.8195915,53670218.2398007,5433009093.135477,32743017974.246353,0,0,0
Z2,2,9, 4K,12808.0,0.000784,16336734.693878,12808000.0,1.982584,2,4.017477,29637772.57648,29637772.57648,1667471880.7085035,4398472768.8195915,53670218.2398007,5433009093.135477,32743017974.246353,0,0,0
Z2,3,9, 4K,62864.0,0.001042,60330134.357006,62864000.0,1.982584,2,4.017477,38436452.509106,38436452.509106,1667471880.7085035,4398472768.8195915,53670218.2398007,5433009093.135477,32743017974.246353,0,0,0
Z2,4,9, 4K,158280.0,0.001554,101853281.853282,158280000.0,1.982584,2,4.017477,46741082.008361,46741082.008361,1667471880.7085035,4398472768.8195915,53670218.2398007,5433009093.135477,32743017974.246353,0,0,0
Z2,5,9, 4K,143784.0,0.001499,95919946.631087,143784000.0,1.982584,2,4.017477,45554414.963922,45554414.963922,1667471880.7085035,4398472768.8195915,53670218.2398007,5433009093.135477,32743017974.246353,0,0,0
Z2,6,9, 4K,59784.0,0.001117,53521933.751119,59784000.0,1.982584,2,4.017477,37074812.387928,37074812.387928,1667471880.7085035,4398472768.8195915,53670218.2398007,5433009093.135477,32743017974.246353,0,0,0
Z2,7,9, 4K,59624.0,0.001222,48792144.026187,59624000.0,1.982584,2,4.017477,36128854.442942,36128854.442942,1667471880.7085035,4398472768.8195915,53670218.2398007,5433009093.135477,32743017974.246353,0,0,0
Z3,0,9, 4K,19152.0,0.025066,764062.874013,766080.0,1.982584,2,4.017477,26523238.212507,26523238.212507,1667471880.7085035,4398472768.8195915,53670218.2398007,5433009093.135477,32743017974.246353,0,0,0
Z3,1,9, 4K,15048.0,0.001035,14539130.434783,15048000.0,1.982584,2,4.017477,29278251.724661,29278251.724661,1667471880.7085035,4398472768.8195915,53670218.2398007,5433009093.135477,32743017974.246353,0,0,0
Z3,2,9, 4K,13656.0,0.000946,14435517.970402,13656000.0,1.982584,2,4.017477,29257529.231785,29257529.231785,1667471880.7085035,4398472768.8195915,53670218.2398007,5433009093.135477,32743017974.246353,0,0,0
Z3,3,9, 4K,15568.0,0.000839,18555423.122765,15568000.0,1.982584,2,4.017477,30081510.262258,30081510.262258,1667471880.7085035,4398472768.8195915,53670218.2398007,5433009093.135477,32743017974.246353,0,0,0
Z3,4,9, 4K,19992.0,0.001089,18358126.721763,19992000.0,1.982584,2,4.017477,30042050.982057,30042050.982057,1667471880.7085035,4398472768.8195915,53670218.2398007,5433009093.135477,32743017974.246353,0,0,0
Z3,5,9, 4K,43816.0,0.001151,38067767.158992,43816000.0,1.982584,2,4.017477,33983979.069503,33983979.069503,1667471880.7085035,4398472768.8195915,53670218.2398007,5433009093.135477,32743017974.246353,0,0,0
Z3,6,9, 4K,32640.0,0.000958,34070981.210856,32640000.0,1.982584,2,4.017477,33184621.879876,33184621.879876,1667471880.7085035,4398472768.8195915,53670218.2398007,5433009093.135477,32743017974.246353,0,0,0
Z3,7,9, 4K,13112.0,0.000895,14650279.329609,13112000.0,1.982584,2,4.017477,29300481.503626,29300481.503626,1667471880.7085035,4398472768.8195915,53670218.2398007,5433009093.135477,32743017974.246353,0,0,0
Z3,8,9, 4K,12720.0,0.000807,15762081.784387,12720000.0,1.982584,2,4.017477,29522841.994582,29522841.994582,1667471880.7085035,4398472768.8195915,53670218.2398007,5433009093.135477,32743017974.246353,0,0,0
Z3,9,9, 4K,11704.0,0.001025,11418536.585366,11704000.0,1.982584,2,4.017477,28654132.954778,28654132.954778,1667471880.7085035,4398472768.8195915,53670218.2398007,5433009093.135477,32743017974.246353,0,0,0
Z3,10,9, 4K,56456.0,0.001045,54024880.382775,56456000.0,1.982584,2,4.017477,37175401.71426,37175401.71426,1667471880.7085035,4398472768.8195915,53670218.2398007,5433009093.135477,32743017974.246353,0,0,0
Z3,11,9, 4K,42936.0,0.001045,41087081.339713,42936000.0,1.982584,2,4.017477,34587841.905647,34587841.905647,1667471880.7085035,4398472768.8195915,53670218.2398007,5433009093.135477,32743017974.246353,0,0,0
Z3,12,9, 4K,49664.0,0.001086,45731123.388582,49664000.0,1.982584,2,4.017477,35516650.315421,35516650.315421,1667471880.7085035,4398472768.8195915,53670218.2398007,5433009093.135477,32743017974.246353,0,0,0
Z3,13,9, 4K,55832.0,0.001148,48634146.341463,55832000.0,1.982584,2,4.017477,36097254.905997,36097254.905997,1667471880.7085035,4398472768.8195915,53670218.2398007,5433009093.135477,32743017974.246353,0,0,0
Z3,14,9, 4K,101440.0,0.001338,75814648.729447,101440000.0,1.982584,2,4.017477,41533355.383594,41533355.383594,1667471880.7085035,4398472768.8195915,53670218.2398007,5433009093.135477,32743017974.246353,0,0,0
Z3,15,9, 4K,127064.0,0.001399,90824874.91065,127064000.0,1.982584,2,4.017477,44535400.619835,44535400.619835,1667471880.7085035,4398472768.8195915,53670218.2398007,5433009093.135477,32743017974.246353,0,0,0
Z3,16,9, 4K,186256.0,0.001954,95320368.474923,186256000.0,1.982584,2,4.017477,45434499.332689,45434499.332689,1667471880.7085035,4398472768.8195915,53670218.2398007,5433009093.135477,32743017974.246353,0,0,0
Z3,17,9, 4K,117264.0,0.001905,61555905.511811,117264000.0,1.982584,2,4.017477,38681606.740067,38681606.740067,1667471880.7085035,4398472768.8195915,53670218.2398007,5433009093.135477,32743017974.246353,0,0,0
Z3,18,9, 4K,90064.0,0.001554,57956241.956242,90064000.0,1.982584,2,4.017477,37961674.028953,37961674.028953,1667471880.7085035,4398472768.8195915,53670218.2398007,5433009093.135477,32743017974.246353,0,0,0
Z3,19,9, 4K,46808.0,0.001162,40282271.944923,46808000.0,1.982584,2,4.017477,34426880.026689,34426880.026689,1667471880.7085035,4398472768.8195915,53670218.2398007,5433009093.135477,32743017974.246353,0,0,0
Z3,20,9, 4K,65080.0,0.001341,48530947.054437,65080000.0,1.982584,2,4.017477,36076615.048592,36076615.048592,1667471880.7085035,4398472768.8195915,53670218.2398007,5433009093.135477,32743017974.246353,0,0,0
Z3,21,9, 4K,210712.0,0.001727,122010422.698321,210712000.0,1.982584,2,4.017477,50772510.177369,50772510.177369,1667471880.7085035,4398472768.8195915,53670218.2398007,5433009093.135477,32743017974.246353,0,0,0
Z3,22,9, 4K,212696.0,0.001857,114537425.955843,212696000.0,1.982584,2,4.017477,49277910.828873,49277910.828873,1667471880.7085035,4398472768.8195915,53670218.2398007,5433009093.135477,32743017974.246353,0,0,0
Z3,23,9, 4K,204264.0,0.001705,119802932.55132,204264000.0,1.982584,2,4.017477,50331012.147968,50331012.147968,1667471880.7085035,4398472768.8195915,53670218.2398007,5433009093.135477,32743017974.246353,0,0,0
Z3,24,9, 4K,225960.0,0.001903,118738833.420914,225960000.0,1.982584,2,4.017477,50118192.321887,50118192.321887,1667471880.7085035,4398472768.8195915,53670218.2398007,5433009093.135477,32743017974.246353,0,0,0
Z3,25,9, 4K,199056.0,0.001717,115932440.302854,199056000.0,1.982584,2,4.017477,49556913.698275,49556913.698275,1667471880.7085035,4398472768.8195915,53670218.2398007,5433009093.135477,32743017974.246353,0,0,0
Z3,26,9, 4K,204104.0,0.001647,123924711.596843,204104000.0,1.982584,2,4.017477,51155367.957073,51155367.957073,1667471880.7085035,4398472768.8195915,53670218.2398007,5433009093.135477,32743017974.246353,0,0,0
Z3,27,9, 4K,264656.0,0.002126,124485418.626529,132328000.0,1.982584,2,4.017477,51267509.36301,51267509.36301,1667471880.7085035,4398472768.8195915,53670218.2398007,5433009093.135477,32743017974.246353,0,0,0
Z3,28,9, 4K,229440.0,0.002063,111216674.745516,114720000.0,1.982584,2,4.017477,48613760.586808,48613760.586808,1667471880.7085035,4398472768.8195915,53670218.2398007,5433009093.135477,32743017974.246353,0,0,0
Z3,29,9, 4K,144400.0,0.001732,83371824.48037,144400000.0,1.982584,2,4.017477,43044790.533778,43044790.533778,1667471880.7085035,4398472768.8195915,53670218.2398007,5433009093.135477,32743017974.246353,0,0,0
Z3,30,9, 4K,71424.0,0.001233,57927007.29927,71424000.0,1.982584,2,4.017477,37955827.097558,37955827.097558,1667471880.7085035,4398472768.8195915,53670218.2398007,5433009093.135477,32743017974.246353,0,0,0
Z3,31,9, 4K,71768.0,0.001263,56823436.262866,71768000.0,1.982584,2,4.017477,37735112.890278,37735112.890278,1667471880.7085035,4398472768.8195915,53670218.2398007,5433009093.135477,32743017974.246353,0,0,0
Z3,32,9, 4K,78016.0,0.001223,63790678.659035,78016000.0,1.982584,2,4.017477,39128561.369512,39128561.369512,1667471880.7085035,4398472768.8195915,53670218.2398007,5433009093.135477,32743017974.246353,0,0,0
Z3,33,9, 4K,85112.0,0.001314,64773211.567732,85112000.0,1.982584,2,4.017477,39325067.951251,39325067.951251,1667471880.7085035,4398472768.8195915,53670218.2398007,5433009093.135477,32743017974.246353,0,0,0
Z3,34,9, 4K,105792.0,0.001413,74870488.322718,105792000.0,1.982584,2,4.017477,41344523.302248,41344523.302248,1667471880.7085035,4398472768.8195915,53670218.2398007,5433009093.135477,32743017974.246353,0,0,0
Z3,35,9, 4K,59104.0,0.00127,46538582.677165,59104000.0,1.982584,2,4.017477,35678142.173138,35678142.173138,1667471880.7085035,4398472768.8195915,53670218.2398007,5433009093.135477,32743017974.246353,0,0,0
Z3,36,9, 4K,89744.0,0.001397,64240515.390122,89744000.0,1.982584,2,4.017477,39218528.715729,39218528.715729,1667471880.7085035,4398472768.8195915,53670218.2398007,5433009093.135477,32743017974.246353,0,0,0
Z3,37,9, 4K,82576.0,0.001468,56250681.19891,82576000.0,1.982584,2,4.017477,37620561.877487,37620561.877487,1667471880.7085035,4398472768.8195915,53670218.2398007,5433009093.135477,32743017974.246353,0,0,0
Z3,38,9, 4K,72616.0,0.001036,70092664.092664,72616000.0,1.982584,2,4.017477,40388958.456237,40388958.456237,1667471880.7085035,4398472768.8195915,53670218.2398007,5433009093.135477,32743017974.246353,0,0,0
Z1,0,10, 4K,171632.0,0.026762,6413272.550631,6601224.0,1.84441,2,4.155651,32837833.357713,32837833.357713,1667471880.7085035,4398472768.8195915,53670218.2398007,5433009093.135477,32743017974.246353,0,0,0
Z2,0,10, 4K,6624.0,0.025614,258608.573436,264960.0,1.84441,2,4.155651,31606900.562274,31606900.562274,1667471880.7085035,4398472768.8195915,53670218.2398007,5433009093.135477,32743017974.246353,0,0,0
Z2,1,10, 4K,21424.0,0.000924,23186147.186147,21424000.0,1.84441,2,4.155651,36192408.284816,36192408.284816,1667471880.7085035,4398472768.8195915,53670218.2398007,5433009093.135477,32743017974.246353,0,0,0
Z2,2,10, 4K,11408.0,0.00084,13580952.380952,11408000.0,1.84441,2,4.155651,34271369.323777,34271369.323777,1667471880.7085035,4398472768.8195915,53670218.2398007,5433009093.135477,32743017974.246353,0,0,0
Z2,3,10, 4K,91896.0,0.001099,83617834.394904,91896000.0,1.84441,2,4.155651,48278745.726567,48278745.726567,1667471880.7085035,4398472768.8195915,53670218.2398007,5433009093.135477,32743017974.246353,0,0,0
Z2,4,10, 4K,176696.0,0.001672,105679425.837321,176696000.0,1.84441,2,4.155651,52691064.015051,52691064.015051,1667471880.7085035,4398472768.8195915,53670218.2398007,5433009093.135477,32743017974.246353,0,0,0
Z2,5,10, 4K,150256.0,0.001675,89705074.626866,150256000.0,1.84441,2,4.155651,49496193.77296,49496193.77296,1667471880.7085035,4398472768.8195915,53670218.2398007,5433009093.135477,32743017974.246353,0,0,0
Z2,6,10, 4K,75936.0,0.001611,47135940.409683,75936000.0,1.84441,2,4.155651,40982366.929523,40982366.929523,1667471880.7085035,4398472768.8195915,53670218.2398007,5433009093.135477,32743017974.246353,0,0,0
Z2,7,10, 4K,96152.0,0.001582,60778761.061947,96152000.0,1.84441,2,4.155651,43710931.059976,43710931.059976,1667471880.7085035,4398472768.8195915,53670218.2398007,5433009093.135477,32743017974.246353,0,0,0
Z3,0,10, 4K,61888.0,0.024963,2479189.200016,2578664.0,1.84441,2,4.155651,32051016.68759,32051016.68759,1667471880.7085035,4398472768.8195915,53670218.2398007,5433009093.135477,32743017974.246353,0,0,0
Z3,1,10, 4K,32688.0,0.001489,21952988.582942,32688000.0,1.84441,2,4.155651,35945776.564175,35945776.564175,1667471880.7085035,4398472768.8195915,53670218.2398007,5433009093.135477,32743017974.246353,0,0,0
Z3,2,10, 4K,21168.0,0.000902,23467849.223947,21168000.0,1.84441,2,4.155651,36248748.692376,36248748.692376,1667471880.7085035,4398472768.8195915,53670218.2398007,5433009093.135477,32743017974.246353,0,0,0
Z3,3,10, 4K,28472.0,0.001137,25041336.851363,28472000.0,1.84441,2,4.155651,36563446.217859,36563446.217859,1667471880.7085035,4398472768.8195915,53670218.2398007,5433009093.135477,32743017974.246353,0,0,0
Z3,4,10, 4K,45352.0,0.001273,35626080.125687,45352000.0,1.84441,2,4.155651,38680394.872724,38680394.872724,1667471880.7085035,4398472768.8195915,53670218.2398007,5433009093.135477,32743017974.246353,0,0,0
Z3,5,10, 4K,72936.0,0.001228,59394136.807818,72936000.0,1.84441,2,4.155651,43434006.20915,43434006.20915,1667471880.7085035,4398472768.8195915,53670218.2398007,5433009093.135477,32743017974.246353,0,0,0
Z3,6,10, 4K,27848.0,0.00098,28416326.530612,27848000.0,1.84441,2,4.155651,37238444.153709,37238444.153709,1667471880.7085035,4398472768.8195915,53670218.2398007,5433009093.135477,32743017974.246353,0,0,0
Z3,7,10, 4K,13192.0,0.001024,12882812.5,13192000.0,1.84441,2,4.155651,34131741.347586,34131741.347586,1667471880.7085035,4398472768.8195915,53670218.2398007,5433009093.135477,32743017974.246353,0,0,0
Z3,8,10, 4K,11896.0,0.001055,11275829.383886,11896000.0,1.84441,2,4.155651,33810344.724364,33810344.724364,1667471880.7085035,4398472768.8195915,53670218.2398007,5433009093.135477,32743017974.246353,0,0,0
Z3,9,10, 4K,11528.0,0.000981,11751274.20999,11528000.0,1.84441,2,4.155651,33905433.689584,33905433.689584,1667471880.7085035,4398472768.8195915,53670218.2398007,5433009093.135477,32743017974.246353,0,0,0
Z3,10,10, 4K,75360.0,0.001169,64465355.004277,75360000.0,1.84441,2,4.155651,44448249.848442,44448249.848442,1667471880.7085035,4398472768.8195915,53670218.2398007,5433009093.135477,32743017974.246353,0,0,0
Z3,11,10, 4K,100176.0,0.001267,79065509.076559,100176000.0,1.84441,2,4.155651,47368280.662898,47368280.662898,1667471880.7085035,4398472768.8195915,53670218.2398007,5433009093.135477,32743017974.246353,0,0,0
Z3,12,10, 4K,71264.0,0.001068,66726591.7603,71264000.0,1.84441,2,4.155651,44900497.199646,44900497.199646,1667471880.7085035,4398472768.8195915,53670218.2398007,5433009093.135477,32743017974.246353,0,0,0
Z3,13,10, 4K,87864.0,0.00138,63669565.217391,87864000.0,1.84441,2,4.155651,44289091.891065,44289091.891065,1667471880.7085035,4398472768.8195915,53670218.2398007,5433009093.135477,32743017974.246353,0,0,0
Z3,14,10, 4K,125616.0,0.001449,86691511.387164,125616000.0,1.84441,2,4.155651,48893481.125019,48893481.125019,1667471880.7085035,4398472768.8195915,53670218.2398007,5433009093.135477,32743017974.246353,0,0,0
Z3,15,10, 4K,148008.0,0.001436,103069637.883008,148008000.0,1.84441,2,4.155651,52169106.424188,52169106.424188,1667471880.7085035,4398472768.8195915,53670218.2398007,5433009093.135477,32743017974.246353,0,0,0
Z3,16,10, 4K,196960.0,0.001769,111339739.966083,196960000.0,1.84441,2,4.155651,53823126.840803,53823126.840803,1667471880.7085035,4398472768.8195915,53670218.2398007,5433009093.135477,32743017974.246353,0,0,0
Z3,17,10, 4K,128568.0,0.001312,97993902.439024,128568000.0,1.84441,2,4.155651,51153959.335391,51153959.335391,1667471880.7085035,4398472768.8195915,53670218.2398007,5433009093.135477,32743017974.246353,0,0,0
Z3,18,10, 4K,101392.0,0.001254,80854864.433812,101392000.0,1.84441,2,4.155651,47726151.734349,47726151.734349,1667471880.7085035,4398472768.8195915,53670218.2398007,5433009093.135477,32743017974.246353,0,0,0
Z3,19,10, 4K,96624.0,0.001619,59681284.743669,96624000.0,1.84441,2,4.155651,43491435.79632,43491435.79632,1667471880.7085035,4398472768.8195915,53670218.2398007,5433009093.135477,32743017974.246353,0,0,0
Z3,20,10, 4K,99416.0,0.001364,72885630.498534,99416000.0,1.84441,2,4.155651,46132304.947293,46132304.947293,1667471880.7085035,4398472768.8195915,53670218.2398007,5433009093.135477,32743017974.246353,0,0,0
Z3,21,10, 4K,235888.0,0.002037,115801669.121257,117944000.0,1.84441,2,4.155651,54715512.671838,54715512.671838,1667471880.7085035,4398472768.8195915,53670218.2398007,5433009093.135477,32743017974.246353,0,0,0
Z3,22,10, 4K,238056.0,0.001952,121954918.032787,238056000.0,1.84441,2,4.155651,55946162.454144,55946162.454144,1667471880.7085035,4398472768.8195915,53670218.2398007,5433009093.135477,32743017974.246353,0,0,0
Z3,23,10, 4K,231240.0,0.001859,124389456.697149,231240000.0,1.84441,2,4.155651,56433070.187016,56433070.187016,1667471880.7085035,4398472768.8195915,53670218.2398007,5433009093.135477,32743017974.246353,0,0,0
Z3,24,10, 4K,299680.0,0.00229,130864628.820961,149840000.0,1.84441,2,4.155651,57728104.611779,57728104.611779,1667471880.7085035,4398472768.8195915,53670218.2398007,5433009093.135477,32743017974.246353,0,0,0
Z3,25,10, 4K,228120.0,0.002118,107705382.436261,114060000.0,1.84441,2,4.155651,53096255.334839,53096255.334839,1667471880.7085035,4398472768.8195915,53670218.2398007,5433009093.135477,32743017974.246353,0,0,0
Z3,26,10, 4K,227320.0,0.001616,140668316.831683,227320000.0,1.84441,2,4.155651,59688842.213923,59688842.213923,1667471880.7085035,4398472768.8195915,53670218.2398007,5433009093.135477,32743017974.246353,0,0,0
Z3,27,10, 4K,304072.0,0.002458,123707078.925956,152036000.0,1.84441,2,4.155651,56296594.632778,56296594.632778,1667471880.7085035,4398472768.8195915,53670218.2398007,5433009093.135477,32743017974.246353,0,0,0
Z3,28,10, 4K,353400.0,0.002352,150255102.040816,176700000.0,1.84441,2,4.155651,61606199.25575,61606199.25575,1667471880.7085035,4398472768.8195915,53670218.2398007,5433009093.135477,32743017974.246353,0,0,0
Z3,29,10, 4K,172656.0,0.001634,105664626.682987,172656000.0,1.84441,2,4.155651,52688104.184184,52688104.184184,1667471880.7085035,4398472768.8195915,53670218.2398007,5433009093.135477,32743017974.246353,0,0,0
Z3,30,10, 4K,98848.0,0.001353,73058388.765706,98848000.0,1.84441,2,4.155651,46166856.600728,46166856.600728,1667471880.7085035,4398472768.8195915,53670218.2398007,5433009093.135477,32743017974.246353,0,0,0
Z3,31,10, 4K,91496.0,0.001209,75679073.614557,91496000.0,1.84441,2,4.155651,46690993.570498,46690993.570498,1667471880.7085035,4398472768.8195915,53670218.2398007,5433009093.135477,32743017974.246353,0,0,0
Z3,32,10, 4K,97576.0,0.001526,63942332.896461,97576000.0,1.84441,2,4.155651,44343645.426879,44343645.426879,1667471880.7085035,4398472768.8195915,53670218.2398007,5433009093.135477,32743017974.246353,0,0,0
Z3,33,10, 4K,97704.0,0.001257,77727923.627685,97704000.0,1.84441,2,4.155651,47100763.573123,47100763.573123,1667471880.7085035,4398472768.8195915,53670218.2398007,5433009093.135477,32743017974.246353,0,0,0
Z3,34,10, 4K,88320.0,0.001479,59716024.340771,88320000.0,1.84441,2,4.155651,43498383.715741,43498383.715741,1667471880.7085035,4398472768.8195915,53670218.2398007,5433009093.135477,32743017974.246353,0,0,0
Z3,35,10, 4K,87440.0,0.001107,78988256.549232,87440000.0,1.84441,2,4.155651,47352830.157433,47352830.157433,1667471880.7085035,4398472768.8195915,53670218.2398007,5433009093.135477,32743017974.246353,0,0,0
Z3,36,10, 4K,104440.0,0.001379,75736040.609137,104440000.0,1.84441,2,4.155651,46702386.969414,46702386.969414,1667471880.7085035,4398472768.8195915,53670218.2398007,5433009093.135477,32743017974.246353,0,0,0
Z3,37,10, 4K,121960.0,0.001529,79764551.994768,121960000.0,1.84441,2,4.155651,47508089.24654,47508089.24654,1667471880.7085035,4398472768.8195915,53670218.2398007,5433009093.135477,32743017974.246353,0,0,0
Z3,38,10, 4K,101328.0,0.001274,79535321.821036,101328000.0,1.84441,2,4.155651,47462243.211794,47462243.211794,1667471880.7085035,4398472768.8195915,53670218.2398007,5433009093.135477,32743017974.246353,0,0,0
Z1,0,11, 4K,187144.0,0.026421,7083153.552099,7197840.0,1.696056,2,5.304005,43746581.005047,43746581.005047,1667471880.7085035,4398472768.8195915,53670218.2398007,5433009093.135477,32743017974.246353,0,0,0
Z2,0,11, 4K,6624.0,0.025299,261828.530772,264960.0,1.696056,2,5.304005,42382316.000781,42382316.000781,1667471880.7085035,4398472768.8195915,53670218.2398007,5433009093.135477,32743017974.246353,0,0,0
Z2,1,11, 4K,30984.0,0.000836,37062200.956938,30984000.0,1.696056,2,5.304005,49742390.486014,49742390.486014,1667471880.7085035,4398472768.8195915,53670218.2398007,5433009093.135477,32743017974.246353,0,0,0
Z2,2,11, 4K,15416.0,0.000819,18822954.822955,15416000.0,1.696056,2,5.304005,46094541.259218,46094541.259218,1667471880.7085035,4398472768.8195915,53670218.2398007,5433009093.135477,32743017974.246353,0,0,0
Z2,3,11, 4K,106528.0,0.001469,72517358.747447,106528000.0,1.696056,2,5.304005,56833422.044116,56833422.044116,1667471880.7085035,4398472768.8195915,53670218.2398007,5433009093.135477,32743017974.246353,0,0,0
Z2,4,11, 4K,207096.0,0.001838,112674646.354733,207096000.0,1.696056,2,5.304005,64864879.565573,64864879.565573,1667471880.7085035,4398472768.8195915,53670218.2398007,5433009093.135477,32743017974.246353,0,0,0
Z2,5,11, 4K,144872.0,0.001409,102819020.581973,144872000.0,1.696056,2,5.304005,62893754.411021,62893754.411021,1667471880.7085035,4398472768.8195915,53670218.2398007,5433009093.135477,32743017974.246353,0,0,0
Z2,6,11, 4K,96736.0,0.001238,78138933.764136,96736000.0,1.696056,2,5.304005,57957737.047454,57957737.047454,1667471880.7085035,4398472768.8195915,53670218.2398007,5433009093.135477,32743017974.246353,0,0,0
Z2,7,11, 4K,148752.0,0.00153,97223529.411765,148752000.0,1.696056,2,5.304005,61774656.17698,61774656.17698,1667471880.7085035,4398472768.8195915,53670218.2398007,5433009093.135477,32743017974.246353,0,0,0
Z3,0,11, 4K,34936.0,0.024803,1408539.289602,1455664.0,1.696056,2,5.304005,42611658.152547,42611658.152547,1667471880.7085035,4398472768.8195915,53670218.2398007,5433009093.135477,32743017974.246353,0,0,0
Z3,1,11, 4K,27632.0,0.000904,30566371.681416,27632000.0,1.696056,2,5.304005,48443224.63091,48443224.63091,1667471880.7085035,4398472768.8195915,53670218.2398007,5433009093.135477,32743017974.246353,0,0,0
Z3,2,11, 4K,23520.0,0.000983,23926754.832146,23520000.0,1.696056,2,5.304005,47115301.261056,47115301.261056,1667471880.7085035,4398472768.8195915,53670218.2398007,5433009093.135477,32743017974.246353,0,0,0
Z3,3,11, 4K,31368.0,0.001031,30424830.261882,31368000.0,1.696056,2,5.304005,48414916.347003,48414916.347003,1667471880.7085035,4398472768.8195915,53670218.2398007,5433009093.135477,32743017974.246353,0,0,0
Z3,4,11, 4K,54312.0,0.001084,50103321.03321,54312000.0,1.696056,2,5.304005,52350614.501269,52350614.501269,1667471880.7085035,4398472768.8195915,53670218.2398007,5433009093.135477,32743017974.246353,0,0,0
Z3,5,11, 4K,40752.0,0.000894,45583892.61745,40752000.0,1.696056,2,5.304005,51446728.818117,51446728.818117,1667471880.7085035,4398472768.8195915,53670218.2398007,5433009093.135477,32743017974.246353,0,0,0
Z3,6,11, 4K,38360.0,0.000963,39833852.544133,38360000.0,1.696056,2,5.304005,50296720.803453,50296720.803453,1667471880.7085035,4398472768.8195915,53670218.2398007,5433009093.135477,32743017974.246353,0,0,0
Z3,7,11, 4K,36560.0,0.001004,36414342.629482,36560000.0,1.696056,2,5.304005,49612818.820523,49612818.820523,1667471880.7085035,4398472768.8195915,53670218.2398007,5433009093.135477,32743017974.246353,0,0,0
Z3,8,11, 4K,21080.0,0.000967,21799379.524302,21080000.0,1.696056,2,5.304005,46689826.199487,46689826.199487,1667471880.7085035,4398472768.8195915,53670218.2398007,5433009093.135477,32743017974.246353,0,0,0
Z3,9,11, 4K,20560.0,0.000947,21710665.258712,20560000.0,1.696056,2,5.304005,46672083.346369,46672083.346369,1667471880.7085035,4398472768.8195915,53670218.2398007,5433009093.135477,32743017974.246353,0,0,0
Z3,10,11, 4K,91920.0,0.001092,84175824.175824,91920000.0,1.696056,2,5.304005,59165115.129792,59165115.129792,1667471880.7085035,4398472768.8195915,53670218.2398007,5433009093.135477,32743017974.246353,0,0,0
Z3,11,11, 4K,138720.0,0.00145,95668965.517241,138720000.0,1.696056,2,5.304005,61463743.398075,61463743.398075,1667471880.7085035,4398472768.8195915,53670218.2398007,5433009093.135477,32743017974.246353,0,0,0
Z3,12,11, 4K,120856.0,0.001236,97779935.275081,120856000.0,1.696056,2,5.304005,61885937.349643,61885937.349643,1667471880.7085035,4398472768.8195915,53670218.2398007,5433009093.135477,32743017974.246353,0,0,0
Z3,13,11, 4K,114584.0,0.001483,77265003.371544,114584000.0,1.696056,2,5.304005,57782950.968936,57782950.968936,1667471880.7085035,4398472768.8195915,53670218.2398007,5433009093.135477,32743017974.246353,0,0,0
Z3,14,11, 4K,144272.0,0.001659,86963230.861965,144272000.0,1.696056,2,5.304005,59722596.46702,59722596.46702,1667471880.7085035,4398472768.8195915,53670218.2398007,5433009093.135477,32743017974.246353,0,0,0
Z3,15,11, 4K,138616.0,0.001381,100373642.288197,138616000.0,1.696056,2,5.304005,62404678.752266,62404678.752266,1667471880.7085035,4398472768.8195915,53670218.2398007,5433009093.135477,32743017974.246353,0,0,0
Z3,16,11, 4K,211528.0,0.001639,129059182.42831,211528000.0,1.696056,2,5.304005,68141786.780289,68141786.780289,1667471880.7085035,4398472768.8195915,53670218.2398007,5433009093.135477,32743017974.246353,0,0,0
Z3,17,11, 4K,135616.0,0.001634,82996328.029376,135616000.0,1.696056,2,5.304005,58929215.900502,58929215.900502,1667471880.7085035,4398472768.8195915,53670218.2398007,5433009093.135477,32743017974.246353,0,0,0
Z3,18,11, 4K,99488.0,0.00135,73694814.814815,99488000.0,1.696056,2,5.304005,57068913.25759,57068913.25759,1667471880.7085035,4398472768.8195915,53670218.2398007,5433009093.135477,32743017974.246353,0,0,0
Z3,19,11, 4K,90224.0,0.001417,63672547.63585,90224000.0,1.696056,2,5.304005,55064459.821797,55064459.821797,1667471880.7085035,4398472768.8195915,53670218.2398007,5433009093.135477,32743017974.246353,0,0,0
Z3,20,11, 4K,89648.0,0.001574,56955527.318933,89648000.0,1.696056,2,5.304005,53721055.758413,53721055.758413,1667471880.7085035,4398472768.8195915,53670218.2398007,5433009093.135477,32743017974.246353,0,0,0
Z3,21,11, 4K,254456.0,0.001963,129626082.526745,254456000.0,1.696056,2,5.304005,68255166.799976,68255166.799976,1667471880.7085035,4398472768.8195915,53670218.2398007,5433009093.135477,32743017974.246353,0,0,0
Z3,22,11, 4K,295200.0,0.002299,128403653.762505,147600000.0,1.696056,2,5.304005,68010681.047128,68010681.047128,1667471880.7085035,4398472768.8195915,53670218.2398007,5433009093.135477,32743017974.246353,0,0,0
Z3,23,11, 4K,337696.0,0.002178,155048668.503214,168848000.0,1.696056,2,5.304005,73339683.99527,73339683.99527,1667471880.7085035,4398472768.8195915,53670218.2398007,5433009093.135477,32743017974.246353,0,0,0
Z3,24,11, 4K,372720.0,0.002274,163905013.192612,186360000.0,1.696056,2,5.304005,75110952.933149,75110952.933149,1667471880.7085035,4398472768.8195915,53670218.2398007,5433009093.135477,32743017974.246353,0,0,0
Z3,25,11, 4K,225672.0,0.001714,131663943.990665,225672000.0,1.696056,2,5.304005,68662739.09276,68662739.09276,1667471880.7085035,4398472768.8195915,53670218.2398007,5433009093.135477,32743017974.246353,0,0,0
Z3,26,11, 4K,265312.0,0.001929,137538621.047175,265312000.0,1.696056,2,5.304005,69837674.504062,69837674.504062,1667471880.7085035,4398472768.8195915,53670218.2398007,5433009093.135477,32743017974.246353,0,0,0
Z3,27,11, 4K,373248.0,0.002188,170588665.447898,186624000.0,1.696056,2,5.304005,76447683.384206,76447683.384206,1667471880.7085035,4398472768.8195915,53670218.2398007,5433009093.135477,32743017974.246353,0,0,0
Z3,28,11, 4K,513952.0,0.002597,197902194.8402,256976000.0,1.696056,2,5.304005,81910389.262667,81910389.262667,1667471880.7085035,4398472768.8195915,53670218.2398007,5433009093.135477,32743017974.246353,0,0,0
Z3,29,11, 4K,265808.0,0.001866,142448017.148982,265808000.0,1.696056,2,5.304005,70819553.724423,70819553.724423,1667471880.7085035,4398472768.8195915,53670218.2398007,5433009093.135477,32743017974.246353,0,0,0
Z3,30,11, 4K,102392.0,0.001328,77102409.638554,102392000.0,1.696056,2,5.304005,57750432.222338,57750432.222338,1667471880.7085035,4398472768.8195915,53670218.2398007,5433009093.135477,32743017974.246353,0,0,0
Z3,31,11, 4K,91552.0,0.001232,74311688.311688,91552000.0,1.696056,2,5.304005,57192287.956964,57192287.956964,1667471880.7085035,4398472768.8195915,53670218.2398007,5433009093.135477,32743017974.246353,0,0,0
Z3,32,11, 4K,101968.0,0.001203,84761429.758936,101968000.0,1.696056,2,5.304005,59282236.246414,59282236.246414,1667471880.7085035,4398472768.8195915,53670218.2398007,5433009093.135477,32743017974.246353,0,0,0
Z3,33,11, 4K,107392.0,0.001364,78733137.829912,107392000.0,1.696056,2,5.304005,58076577.860609,58076577.860609,1667471880.7085035,4398472768.8195915,53670218.2398007,5433009093.135477,32743017974.246353,0,0,0
Z3,34,11, 4K,80560.0,0.001214,66359143.327842,80560000.0,1.696056,2,5.304005,55601778.960195,55601778.960195,1667471880.7085035,4398472768.8195915,53670218.2398007,5433009093.135477,32743017974.246353,0,0,0
Z3,35,11, 4K,93112.0,0.001293,72012374.323279,93112000.0,1.696056,2,5.304005,56732425.159283,56732425.159283,1667471880.7085035,4398472768.8195915,53670218.2398007,5433009093.135477,32743017974.246353,0,0,0
Z3,36,11, 4K,90024.0,0.001291,69731990.70488,90024000.0,1.696056,2,5.304005,56276348.435603,56276348.435603,1667471880.7085035,4398472768.8195915,53670218.2398007,5433009093.135477,32743017974.246353,0,0,0
Z3,37,11, 4K,76112.0,0.001115,68261883.408072,76112000.0,1.696056,2,5.304005,55982326.976241,55982326.976241,1667471880.7085035,4398472768.8195915,53670218.2398007,5433009093.135477,32743017974.246353,0,0,0
Z3,38,11, 4K,104384.0,0.001256,83108280.254777,104384000.0,1.696056,2,5.304005,58951606.345582,58951606.345582,1667471880.7085035,4398472768.8195915,53670218.2398007,5433009093.135477,32743017974.246353,0,0,0
Z1,0,12, 4K,177168.0,0.027689,6398497.598324,6561776.0,1.548497,2,5.451564,55984794.23734,55984794.23734,1667471880.7085035,4398472768.8195915,53670218.2398007,5433009093.135477,32743017974.246353,0,0,0
Z2,0,12, 4K,6624.0,0.024473,270665.631512,276000.0,1.548497,2,5.451564,54759227.843978,54759227.843978,1667471880.7085035,4398472768.8195915,53670218.2398007,5433009093.135477,32743017974.246353,0,0,0
Z2,1,12, 4K,20480.0,0.000819,25006105.006105,20480000.0,1.548497,2,5.451564,59706315.718896,59706315.718896,1667471880.7085035,4398472768.8195915,53670218.2398007,5433009093.135477,32743017974.246353,0,0,0
Z2,2,12, 4K,11144.0,0.001019,10936211.972522,11144000.0,1.548497,2,5.451564,56892337.11218,56892337.11218,1667471880.7085035,4398472768.8195915,53670218.2398007,5433009093.135477,32743017974.246353,0,0,0
Z2,3,12, 4K,104480.0,0.001156,90380622.83737,104480000.0,1.548497,2,5.451564,72781219.285149,72781219.285149,1667471880.7085035,4398472768.8195915,53670218.2398007,5433009093.135477,32743017974.246353,0,0,0
Z2,4,12, 4K,214760.0,0.002051,104709897.610922,107380000.0,1.548497,2,5.451564,75647074.23986,75647074.23986,1667471880.7085035,4398472768.8195915,53670218.2398007,5433009093.135477,32743017974.246353,0,0,0
Z2,5,12, 4K,256424.0,0.002047,125268197.361993,128212000.0,1.548497,2,5.451564,79758734.190074,79758734.190074,1667471880.7085035,4398472768.8195915,53670218.2398007,5433009093.135477,32743017974.246353,0,0,0
Z2,6,12, 4K,80536.0,0.001225,65743673.469388,80536000.0,1.548497,2,5.451564,67853829.411553,67853829.411553,1667471880.7085035,4398472768.8195915,53670218.2398007,5433009093.135477,32743017974.246353,0,0,0
Z2,7,12, 4K,97728.0,0.001215,80434567.901235,97728000.0,1.548497,2,5.451564,70792008.297922,70792008.297922,1667471880.7085035,4398472768.8195915,53670218.2398007,5433009093.135477,32743017974.246353,0,0,0
Z3,0,12, 4K,19496.0,0.021421,910134.914336,928376.0,1.548497,2,5.451564,54887121.700542,54887121.700542,1667471880.7085035,4398472768.8195915,53670218.2398007,5433009093.135477,32743017974.246353,0,0,0
Z3,1,12, 4K,41600.0,0.001066,39024390.243902,41600000.0,1.548497,2,5.451564,62509972.766456,62509972.766456,1667471880.7085035,4398472768.8195915,53670218.2398007,5433009093.135477,32743017974.246353,0,0,0
Z3,2,12, 4K,26232.0,0.000943,27817603.393425,26232000.0,1.548497,2,5.451564,60268615.39636,60268615.39636,1667471880.7085035,4398472768.8195915,53670218.2398007,5433009093.135477,32743017974.246353,0,0,0
Z3,3,12, 4K,35912.0,0.001077,33344475.394615,35912000.0,1.548497,2,5.451564,61373989.796598,61373989.796598,1667471880.7085035,4398472768.8195915,53670218.2398007,5433009093.135477,32743017974.246353,0,0,0
Z3,4,12, 4K,31912.0,0.001069,29852198.316183,31912000.0,1.548497,2,5.451564,60675534.380912,60675534.380912,1667471880.7085035,4398472768.8195915,53670218.2398007,5433009093.135477,32743017974.246353,0,0,0
Z3,5,12, 4K,19240.0,0.000977,19692937.563971,19240000.0,1.548497,2,5.451564,58643682.230469,58643682.230469,1667471880.7085035,4398472768.8195915,53670218.2398007,5433009093.135477,32743017974.246353,0,0,0
Z3,6,12, 4K,15136.0,0.000953,15882476.390346,15136000.0,1.548497,2,5.451564,57881589.995744,57881589.995744,1667471880.7085035,4398472768.8195915,53670218.2398007,5433009093.135477,32743017974.246353,0,0,0
Z3,7,12, 4K,11880.0,0.000806,14739454.094293,11880000.0,1.548497,2,5.451564,57652985.536534,57652985.536534,1667471880.7085035,4398472768.8195915,53670218.2398007,5433009093.135477,32743017974.246353,0,0,0
Z3,8,12, 4K,11424.0,0.000769,14855656.697009,11424000.0,1.548497,2,5.451564,57676226.057077,57676226.057077,1667471880.7085035,4398472768.8195915,53670218.2398007,5433009093.135477,32743017974.246353,0,0,0
Z3,9,12, 4K,12184.0,0.001067,11418931.58388,12184000.0,1.548497,2,5.451564,56988881.034451,56988881.034451,1667471880.7085035,4398472768.8195915,53670218.2398007,5433009093.135477,32743017974.246353,0,0,0
Z3,10,12, 4K,110704.0,0.001702,65043478.26087,110704000.0,1.548497,2,5.451564,67713790.369849,67713790.369849,1667471880.7085035,4398472768.8195915,53670218.2398007,5433009093.135477,32743017974.246353,0,0,0
Z3,11,12, 4K,129784.0,0.001462,88771545.827633,129784000.0,1.548497,2,5.451564,72459403.883202,72459403.883202,1667471880.7085035,4398472768.8195915,53670218.2398007,5433009093.135477,32743017974.246353,0,0,0
Z3,12,12, 4K,166568.0,0.001374,121228529.839884,166568000.0,1.548497,2,5.451564,78950800.685652,78950800.685652,1667471880.7085035,4398472768.8195915,53670218.2398007,5433009093.135477,32743017974.246353,0,0,0
Z3,13,12, 4K,122960.0,0.001323,92940287.226002,122960000.0,1.548497,2,5.451564,73293152.162876,73293152.162876,1667471880.7085035,4398472768.8195915,53670218.2398007,5433009093.135477,32743017974.246353,0,0,0
Z3,14,12, 4K,171640.0,0.001682,102045184.3044,171640000.0,1.548497,2,5.451564,75114131.578555,75114131.578555,1667471880.7085035,4398472768.8195915,53670218.2398007,5433009093.135477,32743017974.246353,0,0,0
Z3,15,12, 4K,164560.0,0.001542,106718547.341115,164560000.0,1.548497,2,5.451564,76048804.185898,76048804.185898,1667471880.7085035,4398472768.8195915,53670218.2398007,5433009093.135477,32743017974.246353,0,0,0
Z3,16,12, 4K,200832.0,0.00211,95181042.654028,100416000.0,1.548497,2,5.451564,73741303.248481,73741303.248481,1667471880.7085035,4398472768.8195915,53670218.2398007,5433009093.135477,32743017974.246353,0,0,0
Z3,17,12, 4K,163440.0,0.001518,107667984.189723,163440000.0,1.548497,2,5.451564,76238691.55562,76238691.55562,1667471880.7085035,4398472768.8195915,53670218.2398007,5433009093.135477,32743017974.246353,0,0,0
Z3,18,12, 4K,195408.0,0.001922,101669094.693028,195408000.0,1.548497,2,5.451564,75038913.656281,75038913.656281,1667471880.7085035,4398472768.8195915,53670218.2398007,5433009093.135477,32743017974.246353,0,0,0
Z3,19,12, 4K,141952.0,0.0015,94634666.666667,141952000.0,1.548497,2,5.451564,73632028.051009,73632028.051009,1667471880.7085035,4398472768.8195915,53670218.2398007,5433009093.135477,32743017974.246353,0,0,0
Z3,20,12, 4K,115864.0,0.001323,87576719.57672,115864000.0,1.548497,2,5.451564,72220438.633019,72220438.633019,1667471880.7085035,4398472768.8195915,53670218.2398007,5433009093.135477,32743017974.246353,0,0,0
Z3,21,12, 4K,248576.0,0.002081,119450264.296012,124288000.0,1.548497,2,5.451564,78595147.576878,78595147.576878,1667471880.7085035,4398472768.8195915,53670218.2398007,5433009093.135477,32743017974.246353,0,0,0
Z3,22,12, 4K,345040.0,0.002513,137302029.446876,172520000.0,1.548497,2,5.451564,82165500.60705,82165500.60705,1667471880.7085035,4398472768.8195915,53670218.2398007,5433009093.135477,32743017974.246353,0,0,0
Z3,23,12, 4K,295296.0,0.002055,143696350.364964,147648000.0,1.548497,2,5.451564,83444364.790668,83444364.790668,1667471880.7085035,4398472768.8195915,53670218.2398007,5433009093.135477,32743017974.246353,0,0,0
Z3,24,12, 4K,385520.0,0.002656,145150602.409639,192760000.0,1.548497,2,5.451564,83735215.199603,83735215.199603,1667471880.7085035,4398472768.8195915,53670218.2398007,5433009093.135477,32743017974.246353,0,0,0
Z3,25,12, 4K,219952.0,0.001819,120919186.366135,219952000.0,1.548497,2,5.451564,78888931.990902,78888931.990902,1667471880.7085035,4398472768.8195915,53670218.2398007,5433009093.135477,32743017974.246353,0,0,0
Z3,26,12, 4K,323240.0,0.002157,149856281.872972,161620000.0,1.548497,2,5.451564,84676351.09227,84676351.09227,1667471880.7085035,4398472768.8195915,53670218.2398007,5433009093.135477,32743017974.246353,0,0,0
Z3,27,12, 4K,481656.0,0.002757,174702937.976061,240828000.0,1.548497,2,5.451564,89645682.312887,89645682.312887,1667471880.7085035,4398472768.8195915,53670218.2398007,5433009093.135477,32743017974.246353,0,0,0
Z3,28,12, 4K,552784.0,0.002928,188792349.726776,276392000.0,1.548497,2,5.451564,92463564.66303,92463564.66303,1667471880.7085035,4398472768.8195915,53670218.2398007,5433009093.135477,32743017974.246353,0,0,0
Z3,29,12, 4K,439328.0,0.002308,190350086.655113,219664000.0,1.548497,2,5.451564,92775112.048698,92775112.048698,1667471880.7085035,4398472768.8195915,53670218.2398007,5433009093.135477,32743017974.246353,0,0,0
Z3,30,12, 4K,78928.0,0.001495,52794648.829431,78928000.0,1.548497,2,5.451564,65264024.483562,65264024.483562,1667471880.7085035,4398472768.8195915,53670218.2398007,5433009093.135477,32743017974.246353,0,0,0
Z3,31,12, 4K,90936.0,0.001503,60502994.011976,90936000.0,1.548497,2,5.451564,66805693.52007,66805693.52007,1667471880.7085035,4398472768.8195915,53670218.2398007,5433009093.135477,32743017974.246353,0,0,0
Z3,32,12, 4K,108688.0,0.001481,73388251.181634,108688000.0,1.548497,2,5.451564,69382744.954002,69382744.954002,1667471880.7085035,4398472768.8195915,53670218.2398007,5433009093.135477,32743017974.246353,0,0,0
Z3,33,12, 4K,106656.0,0.001401,76128479.657388,106656000.0,1.548497,2,5.451564,69930790.649153,69930790.649153,1667471880.7085035,4398472768.8195915,53670218.2398007,5433009093.135477,32743017974.246353,0,0,0
Z3,34,12, 4K,105120.0,0.001452,72396694.214876,105120000.0,1.548497,2,5.451564,69184433.56065,69184433.56065,1667471880.7085035,4398472768.8195915,53670218.2398007,5433009093.135477,32743017974.246353,0,0,0
Z3,35,12, 4K,114168.0,0.001484,76932614.555256,114168000.0,1.548497,2,5.451564,70091617.628726,70091617.628726,1667471880.7085035,4398472768.8195915,53670218.2398007,5433009093.135477,32743017974.246353,0,0,0
Z3,36,12, 4K,172408.0,0.001619,106490426.189006,172408000.0,1.548497,2,5.451564,76003179.955476,76003179.955476,1667471880.7085035,4398472768.8195915,53670218.2398007,5433009093.135477,32743017974.246353,0,0,0
Z3,37,12, 4K,121920.0,0.001476,82601626.01626,121920000.0,1.548497,2,5.451564,71225419.920927,71225419.920927,1667471880.7085035,4398472768.8195915,53670218.2398007,5433009093.135477,32743017974.246353,0,0,0
Z3,38,12, 4K,90808.0,0.001323,68637944.066515,90808000.0,1.548497,2,5.451564,68432683.530978,68432683.530978,1667471880.7085035,4398472768.8195915,53670218.2398007,5433009093.135477,32743017974.246353,0,0,0
Z1,0,13, 4K,12072.0,0.023643,510595.102144,524864.0,1.397908,2,6.602153,60376961.067427,60376961.067427,1667471880.7085035,4398472768.8195915,53670218.2398007,5433009093.135477,32743017974.246353,0,0,0
Z2,0,13, 4K,6624.0,0.025432,260459.263919,264960.0,1.397908,2,6.602153,60326933.899782,60326933.899782,1667471880.7085035,4398472768.8195915,53670218.2398007,5433009093.135477,32743017974.246353,0,0,0
Z2,1,13, 4K,14096.0,0.000841,16760998.810939,14096000.0,1.397908,2,6.602153,63627041.809186,63627041.809186,1667471880.7085035,4398472768.8195915,53670218.2398007,5433009093.135477,32743017974.246353,0,0,0
Z2,2,13, 4K,11568.0,0.000975,11864615.384615,11568000.0,1.397908,2,6.602153,62647765.123922,62647765.123922,1667471880.7085035,4398472768.8195915,53670218.2398007,5433009093.135477,32743017974.246353,0,0,0
Z2,3,13, 4K,265632.0,0.002561,103721983.600156,132816000.0,1.397908,2,6.602153,81019238.76703,81019238.76703,1667471880.7085035,4398472768.8195915,53670218.2398007,5433009093.135477,32743017974.246353,0,0,0
Z2,4,13, 4K,231376.0,0.001701,136023515.579071,231376000.0,1.397908,2,6.602153,87479545.162813,87479545.162813,1667471880.7085035,4398472768.8195915,53670218.2398007,5433009093.135477,32743017974.246353,0,0,0
Z2,5,13, 4K,217208.0,0.001799,120738187.882157,217208000.0,1.397908,2,6.602153,84422479.62343,84422479.62343,1667471880.7085035,4398472768.8195915,53670218.2398007,5433009093.135477,32743017974.246353,0,0,0
Z2,6,13, 4K,162672.0,0.001539,105699805.068226,162672000.0,1.397908,2,6.602153,81414803.060644,81414803.060644,1667471880.7085035,4398472768.8195915,53670218.2398007,5433009093.135477,32743017974.246353,0,0,0
Z2,7,13, 4K,176832.0,0.001646,107431348.72418,176832000.0,1.397908,2,6.602153,81761111.791835,81761111.791835,1667471880.7085035,4398472768.8195915,53670218.2398007,5433009093.135477,32743017974.246353,0,0,0
Z3,0,13, 4K,18240.0,0.025817,706511.213541,729600.0,1.397908,2,6.602153,60416144.289707,60416144.289707,1667471880.7085035,4398472768.8195915,53670218.2398007,5433009093.135477,32743017974.246353,0,0,0
Z3,1,13, 4K,19120.0,0.000995,19216080.40201,19120000.0,1.397908,2,6.602153,64118058.127401,64118058.127401,1667471880.7085035,4398472768.8195915,53670218.2398007,5433009093.135477,32743017974.246353,0,0,0
Z3,2,13, 4K,17576.0,0.000925,19001081.081081,17576000.0,1.397908,2,6.602153,64075058.263215,64075058.263215,1667471880.7085035,4398472768.8195915,53670218.2398007,5433009093.135477,32743017974.246353,0,0,0
Z3,3,13, 4K,13752.0,0.000884,15556561.085973,13752000.0,1.397908,2,6.602153,63386154.264193,63386154.264193,1667471880.7085035,4398472768.8195915,53670218.2398007,5433009093.135477,32743017974.246353,0,0,0
Z3,4,13, 4K,20424.0,0.000885,23077966.101695,20424000.0,1.397908,2,6.602153,64890435.267338,64890435.267338,1667471880.7085035,4398472768.8195915,53670218.2398007,5433009093.135477,32743017974.246353,0,0,0
Z3,5,13, 4K,31888.0,0.000973,32772867.420349,31888000.0,1.397908,2,6.602153,66829415.531068,66829415.531068,1667471880.7085035,4398472768.8195915,53670218.2398007,5433009093.135477,32743017974.246353,0,0,0
Z3,6,13, 4K,34824.0,0.001058,32914933.837429,34824000.0,1.397908,2,6.602153,66857828.814484,66857828.814484,1667471880.7085035,4398472768.8195915,53670218.2398007,5433009093.135477,32743017974.246353,0,0,0
Z3,7,13, 4K,27304.0,0.000996,27413654.618474,27304000.0,1.397908,2,6.602153,65757572.970693,65757572.970693,1667471880.7085035,4398472768.8195915,53670218.2398007,5433009093.135477,32743017974.246353,0,0,0
Z3,8,13, 4K,24832.0,0.000945,26277248.677249,24832000.0,1.397908,2,6.602153,65530291.782448,65530291.782448,1667471880.7085035,4398472768.8195915,53670218.2398007,5433009093.135477,32743017974.246353,0,0,0
Z3,9,13, 4K,102416.0,0.001372,74647230.3207,102416000.0,1.397908,2,6.602153,75204288.111138,75204288.111138,1667471880.7085035,4398472768.8195915,53670218.2398007,5433009093.135477,32743017974.246353,0,0,0
Z3,10,13, 4K,123344.0,0.001451,85006202.618884,123344000.0,1.397908,2,6.602153,77276082.570775,77276082.570775,1667471880.7085035,4398472768.8195915,53670218.2398007,5433009093.135477,32743017974.246353,0,0,0
Z3,11,13, 4K,125056.0,0.001502,83259653.79494,125056000.0,1.397908,2,6.602153,76926772.805987,76926772.805987,1667471880.7085035,4398472768.8195915,53670218.2398007,5433009093.135477,32743017974.246353,0,0,0
Z3,12,13, 4K,117608.0,0.001442,81558945.90846,117608000.0,1.397908,2,6.602153,76586631.228691,76586631.228691,1667471880.7085035,4398472768.8195915,53670218.2398007,5433009093.135477,32743017974.246353,0,0,0
Z3,13,13, 4K,166128.0,0.001448,114729281.767956,166128000.0,1.397908,2,6.602153,83220698.40059,83220698.40059,1667471880.7085035,4398472768.8195915,53670218.2398007,5433009093.135477,32743017974.246353,0,0,0
Z3,14,13, 4K,184040.0,0.00174,105770114.942529,184040000.0,1.397908,2,6.602153,81428865.035504,81428865.035504,1667471880.7085035,4398472768.8195915,53670218.2398007,5433009093.135477,32743017974.246353,0,0,0
Z3,15,13, 4K,326472.0,0.002477,131801372.628179,163236000.0,1.397908,2,6.602153,86635116.572634,86635116.572634,1667471880.7085035,4398472768.8195915,53670218.2398007,5433009093.135477,32743017974.246353,0,0,0
Z3,16,13, 4K,315832.0,0.002261,139686864.219372,157916000.0,1.397908,2,6.602153,88212214.890873,88212214.890873,1667471880.7085035,4398472768.8195915,53670218.2398007,5433009093.135477,32743017974.246353,0,0,0
Z3,17,13, 4K,278216.0,0.00193,144153367.875648,278216000.0,1.397908,2,6.602153,89105515.622128,89105515.622128,1667471880.7085035,4398472768.8195915,53670218.2398007,5433009093.135477,32743017974.246353,0,0,0
Z3,18,13, 4K,183344.0,0.001532,119676240.208877,183344000.0,1.397908,2,6.602153,84210090.088774,84210090.088774,1667471880.7085035,4398472768.8195915,53670218.2398007,5433009093.135477,32743017974.246353,0,0,0
Z3,19,13, 4K,213632.0,0.001809,118093974.571587,213632000.0,1.397908,2,6.602153,83893636.961316,83893636.961316,1667471880.7085035,4398472768.8195915,53670218.2398007,5433009093.135477,32743017974.246353,0,0,0
Z3,20,13, 4K,248704.0,0.001789,139018446.059251,248704000.0,1.397908,2,6.602153,88078531.258849,88078531.258849,1667471880.7085035,4398472768.8195915,53670218.2398007,5433009093.135477,32743017974.246353,0,0,0
Z3,21,13, 4K,291920.0,0.002371,123121045.972164,145960000.0,1.397908,2,6.602153,84899051.241431,84899051.241431,1667471880.7085035,4398472768.8195915,53670218.2398007,5433009093.135477,32743017974.246353,0,0,0
Z3,22,13, 4K,272896.0,0.001716,159030303.030303,272896000.0,1.397908,2,6.602153,92080902.653059,92080902.653059,1667471880.7085035,4398472768.8195915,53670218.2398007,5433009093.135477,32743017974.246353,0,0,0
Z3,23,13, 4K,353984.0,0.002175,162751264.367816,176992000.0,1.397908,2,6.602153,92825094.920562,92825094.920562,1667471880.7085035,4398472768.8195915,53670218.2398007,5433009093.135477,32743017974.246353,0,0,0
Z3,24,13, 4K,187896.0,0.001651,113807389.460933,187896000.0,1.397908,2,6.602153,83036319.939185,83036319.939185,1667471880.7085035,4398472768.8195915,53670218.2398007,5433009093.135477,32743017974.246353,0,0,0
Z3,25,13, 4K,267712.0,0.001757,152368810.472396,267712000.0,1.397908,2,6.602153,90748604.141478,90748604.141478,1667471880.7085035,4398472768.8195915,53670218.2398007,5433009093.135477,32743017974.246353,0,0,0
Z3,26,13, 4K,360608.0,0.002178,165568411.386593,180304000.0,1.397908,2,6.602153,93388524.324317,93388524.324317,1667471880.7085035,4398472768.8195915,53670218.2398007,5433009093.135477,32743017974.246353,0,0,0
Z3,27,13, 4K,316984.0,0.001881,168518872.939926,316984000.0,1.397908,2,6.602153,93978616.634984,93978616.634984,1667471880.7085035,4398472768.8195915,53670218.2398007,5433009093.135477,32743017974.246353,0,0,0
Z3,28,13, 4K,344104.0,0.002129,161627054.955378,172052000.0,1.397908,2,6.602153,92600253.038074,92600253.038074,1667471880.7085035,4398472768.8195915,53670218.2398007,5433009093.135477,32743017974.246353,0,0,0
Z3,29,13, 4K,316392.0,0.002158,146613531.047266,158196000.0,1.397908,2,6.602153,89597548.256452,89597548.256452,1667471880.7085035,4398472768.8195915,53670218.2398007,5433009093.135477,32743017974.246353,0,0,0
Z3,30,13, 4K,94808.0,0.001409,67287437.899219,94808000.0,1.397908,2,6.602153,73732329.626842,73732329.626842,1667471880.7085035,4398472768.8195915,53670218.2398007,5433009093.135477,32743017974.246353,0,0,0
Z3,31,13, 4K,89856.0,0.001307,68749808.722265,89856000.0,1.397908,2,6.602153,74024803.791451,74024803.791451,1667471880.7085035,4398472768.8195915,53670218.2398007,5433009093.135477,32743017974.246353,0,0,0
Z3,32,13, 4K,76680.0,0.001356,56548672.566372,76680000.0,1.397908,2,6.602153,71584576.560273,71584576.560273,1667471880.7085035,4398472768.8195915,53670218.2398007,5433009093.135477,32743017974.246353,0,0,0
Z3,33,13, 4K,75464.0,0.001145,65907423.580786,75464000.0,1.397908,2,6.602153,73456326.763156,73456326.763156,1667471880.7085035,4398472768.8195915,53670218.2398007,5433009093.135477,32743017974.246353,0,0,0
Z3,34,13, 4K,75568.0,0.001438,52550764.951321,75568000.0,1.397908,2,6.602153,70784995.037263,70784995.037263,1667471880.7085035,4398472768.8195915,53670218.2398007,5433009093.135477,32743017974.246353,0,0,0
Z3,35,13, 4K,53048.0,0.001043,50860977.948226,53048000.0,1.397908,2,6.602153,70447037.636644,70447037.636644,1667471880.7085035,4398472768.8195915,53670218.2398007,5433009093.135477,32743017974.246353,0,0,0
Z3,36,13, 4K,71632.0,0.001214,59004942.339374,71632000.0,1.397908,2,6.602153,72075830.514873,72075830.514873,1667471880.7085035,4398472768.8195915,53670218.2398007,5433009093.135477,32743017974.246353,0,0,0
Z3,37,13, 4K,124120.0,0.001685,73661721.068249,124120000.0,1.397908,2,6.602153,75007186.260648,75007186.260648,1667471880.7085035,4398472768.8195915,53670218.2398007,5433009093.135477,32743017974.246353,0,0,0
Z3,38,13, 4K,159576.0,0.001659,96188065.099458,159576000.0,1.397908,2,6.602153,79512455.06689,79512455.06689,1667471880.7085035,4398472768.8195915,53670218.2398007,5433009093.135477,32743017974.246353,0,0,0
Z1,0,14, 4K,36464.0,0.024143,1510334.258377,1519328.0,1.247066,2,6.752995,65795989.100033,65795989.100033,1667471880.7085035,4398472768.8195915,53670218.2398007,5433009093.135477,32743017974.246353,0,0,0
Z2,0,14, 4K,6624.0,0.022743,291254.451919,301088.0,1.247066,2,6.752995,65552173.138741,65552173.138741,1667471880.7085035,4398472768.8195915,53670218.2398007,5433009093.135477,32743017974.246353,0,0,0
Z2,1,14, 4K,65528.0,0.001136,57683098.591549,65528000.0,1.247066,2,6.752995,77030541.966667,77030541.966667,1667471880.7085035,4398472768.8195915,53670218.2398007,5433009093.135477,32743017974.246353,0,0,0
Z2,2,14, 4K,26120.0,0.000915,28546448.087432,26120000.0,1.247066,2,6.752995,71203211.865844,71203211.865844,1667471880.7085035,4398472768.8195915,53670218.2398007,5433009093.135477,32743017974.246353,0,0,0
Z2,3,14, 4K,276584.0,0.002369,116751371.886872,138292000.0,1.247066,2,6.752995,88844196.625732,88844196.625732,1667471880.7085035,4398472768.8195915,53670218.2398007,5433009093.135477,32743017974.246353,0,0,0
Z2,4,14, 4K,310648.0,0.002479,125311819.281969,155324000.0,1.247066,2,6.752995,90556286.104751,90556286.104751,1667471880.7085035,4398472768.8195915,53670218.2398007,5433009093.135477,32743017974.246353,0,0,0
Z2,5,14, 4K,211048.0,0.001744,121013761.46789,211048000.0,1.247066,2,6.752995,89696674.541935,89696674.541935,1667471880.7085035,4398472768.8195915,53670218.2398007,5433009093.135477,32743017974.246353,0,0,0
Z2,6,14, 4K,102528.0,0.001323,77496598.639456,102528000.0,1.247066,2,6.752995,80993241.976248,80993241.976248,1667471880.7085035,4398472768.8195915,53670218.2398007,5433009093.135477,32743017974.246353,0,0,0
Z2,7,14, 4K,101856.0,0.001414,72033946.251768,101856000.0,1.247066,2,6.752995,79900711.498711,79900711.498711,1667471880.7085035,4398472768.8195915,53670218.2398007,5433009093.135477,32743017974.246353,0,0,0
Z3,0,14, 4K,19944.0,0.026693,747162.17735,767072.0,1.247066,2,6.752995,65643354.683827,65643354.683827,1667471880.7085035,4398472768.8195915,53670218.2398007,5433009093.135477,32743017974.246353,0,0,0
Z3,1,14, 4K,27688.0,0.001056,26219696.969697,27688000.0,1.247066,2,6.752995,70737861.642297,70737861.642297,1667471880.7085035,4398472768.8195915,53670218.2398007,5433009093.135477,32743017974.246353,0,0,0
Z3,2,14, 4K,29160.0,0.001046,27877629.063098,29160000.0,1.247066,2,6.752995,71069448.060977,71069448.060977,1667471880.7085035,4398472768.8195915,53670218.2398007,5433009093.135477,32743017974.246353,0,0,0
Z3,3,14, 4K,17040.0,0.001007,16921549.155909,17040000.0,1.247066,2,6.752995,68878232.079539,68878232.079539,1667471880.7085035,4398472768.8195915,53670218.2398007,5433009093.135477,32743017974.246353,0,0,0
Z3,4,14, 4K,29288.0,0.001017,28798426.745329,29288000.0,1.247066,2,6.752995,71253607.597423,71253607.597423,1667471880.7085035,4398472768.8195915,53670218.2398007,5433009093.135477,32743017974.246353,0,0,0
Z3,5,14, 4K,29392.0,0.000888,33099099.099099,29392000.0,1.247066,2,6.752995,72113742.068177,72113742.068177,1667471880.7085035,4398472768.8195915,53670218.2398007,5433009093.135477,32743017974.246353,0,0,0
Z3,6,14, 4K,19864.0,0.000815,24373006.134969,19864000.0,1.247066,2,6.752995,70368523.475351,70368523.475351,1667471880.7085035,4398472768.8195915,53670218.2398007,5433009093.135477,32743017974.246353,0,0,0
Z3,7,14, 4K,46568.0,0.001234,37737439.222042,46568000.0,1.247066,2,6.752995,73041410.092766,73041410.092766,1667471880.7085035,4398472768.8195915,53670218.2398007,5433009093.135477,32743017974.246353,0,0,0
Z3,8,14, 4K,77848.0,0.001451,53651274.982771,77848000.0,1.247066,2,6.752995,76224177.244911,76224177.244911,1667471880.7085035,4398472768.8195915,53670218.2398007,5433009093.135477,32743017974.246353,0,0,0
Z3,9,14, 4K,121432.0,0.001682,72195005.945303,121432000.0,1.247066,2,6.752995,79932923.437418,79932923.437418,1667471880.7085035,4398472768.8195915,53670218.2398007,5433009093.135477,32743017974.246353,0,0,0
Z3,10,14, 4K,178104.0,0.002278,78184372.256365,89052000.0,1.247066,2,6.752995,81130796.69963,81130796.69963,1667471880.7085035,4398472768.8195915,53670218.2398007,5433009093.135477,32743017974.246353,0,0,0
Z3,11,14, 4K,144672.0,0.001591,90931489.629164,144672000.0,1.247066,2,6.752995,83680220.17419,83680220.17419,1667471880.7085035,4398472768.8195915,53670218.2398007,5433009093.135477,32743017974.246353,0,0,0
Z3,12,14, 4K,153792.0,0.001744,88183486.238532,153792000.0,1.247066,2,6.752995,83130619.496064,83130619.496064,1667471880.7085035,4398472768.8195915,53670218.2398007,5433009093.135477,32743017974.246353,0,0,0
Z3,13,14, 4K,193616.0,0.001818,106499449.944995,193616000.0,1.247066,2,6.752995,86793812.237356,86793812.237356,1667471880.7085035,4398472768.8195915,53670218.2398007,5433009093.135477,32743017974.246353,0,0,0
Z3,14,14, 4K,215184.0,0.002772,77627705.627706,107592000.0,1.247066,2,6.752995,81019463.373898,81019463.373898,1667471880.7085035,4398472768.8195915,53670218.2398007,5433009093.135477,32743017974.246353,0,0,0
Z3,15,14, 4K,391928.0,0.003056,128248691.099476,130642664.0,1.247066,2,6.752995,91143660.468253,91143660.468253,1667471880.7085035,4398472768.8195915,53670218.2398007,5433009093.135477,32743017974.246353,0,0,0
Z3,16,14, 4K,320024.0,0.002233,143315718.763995,160012000.0,1.247066,2,6.752995,94157066.001156,94157066.001156,1667471880.7085035,4398472768.8195915,53670218.2398007,5433009093.135477,32743017974.246353,0,0,0
Z3,17,14, 4K,268840.0,0.002051,131077523.159434,134420000.0,1.247066,2,6.752995,91709426.880244,91709426.880244,1667471880.7085035,4398472768.8195915,53670218.2398007,5433009093.135477,32743017974.246353,0,0,0
Z3,18,14, 4K,275832.0,0.002661,103657271.702368,137916000.0,1.247066,2,6.752995,86225376.588831,86225376.588831,1667471880.7085035,4398472768.8195915,53670218.2398007,5433009093.135477,32743017974.246353,0,0,0
Z3,19,14, 4K,163384.0,0.001669,97893349.310965,163384000.0,1.247066,2,6.752995,85072592.11055,85072592.11055,1667471880.7085035,4398472768.8195915,53670218.2398007,5433009093.135477,32743017974.246353,0,0,0
Z3,20,14, 4K,193688.0,0.0017,113934117.647059,193688000.0,1.247066,2,6.752995,88280745.777769,88280745.777769,1667471880.7085035,4398472768.8195915,53670218.2398007,5433009093.135477,32743017974.246353,0,0,0
Z3,21,14, 4K,225432.0,0.001664,135475961.538462,225432000.0,1.247066,2,6.752995,92589114.55605,92589114.55605,1667471880.7085035,4398472768.8195915,53670218.2398007,5433009093.135477,32743017974.246353,0,0,0
Z3,22,14, 4K,248896.0,0.001761,141337876.206701,248896000.0,1.247066,2,6.752995,93761497.489697,93761497.489697,1667471880.7085035,4398472768.8195915,53670218.2398007,5433009093.135477,32743017974.246353,0,0,0
Z3,23,14, 4K,266808.0,0.001957,136335206.949412,266808000.0,1.247066,2,6.752995,92760963.63824,92760963.63824,1667471880.7085035,4398472768.8195915,53670218.2398007,5433009093.135477,32743017974.246353,0,0,0
Z3,24,14, 4K,164848.0,0.001493,110413931.681179,164848000.0,1.247066,2,6.752995,87576708.584593,87576708.584593,1667471880.7085035,4398472768.8195915,53670218.2398007,5433009093.135477,32743017974.246353,0,0,0
Z3,25,14, 4K,188952.0,0.001746,108219931.271478,188952000.0,1.247066,2,6.752995,87137908.502653,87137908.502653,1667471880.7085035,4398472768.8195915,53670218.2398007,5433009093.135477,32743017974.246353,0,0,0
Z3,26,14, 4K,335320.0,0.002021,165917862.444335,167660000.0,1.247066,2,6.752995,98677494.737224,98677494.737224,1667471880.7085035,4398472768.8195915,53670218.2398007,5433009093.135477,32743017974.246353,0,0,0
Z3,27,14, 4K,365224.0,0.002628,138974124.809741,182612000.0,1.247066,2,6.752995,93288747.210305,93288747.210305,1667471880.7085035,4398472768.8195915,53670218.2398007,5433009093.135477,32743017974.246353,0,0,0
Z3,28,14, 4K,392736.0,0.002488,157852090.032154,196368000.0,1.247066,2,6.752995,97064340.254788,97064340.254788,1667471880.7085035,4398472768.8195915,53670218.2398007,5433009093.135477,32743017974.246353,0,0,0
Z3,29,14, 4K,324128.0,0.002175,149024367.816092,162064000.0,1.247066,2,6.752995,95298795.811576,95298795.811576,1667471880.7085035,4398472768.8195915,53670218.2398007,5433009093.135477,32743017974.246353,0,0,0
Z3,30,14, 4K,37424.0,0.00101,37053465.346535,37424000.0,1.247066,2,6.752995,72904615.317664,72904615.317664,1667471880.7085035,4398472768.8195915,53670218.2398007,5433009093.135477,32743017974.246353,0,0,0
Z3,31,14, 4K,36240.0,0.001003,36131605.184447,36240000.0,1.247066,2,6.752995,72720243.285247,72720243.285247,1667471880.7085035,4398472768.8195915,53670218.2398007,5433009093.135477,32743017974.246353,0,0,0
Z3,32,14, 4K,32904.0,0.001059,31070821.529745,32904000.0,1.247066,2,6.752995,71708086.554306,71708086.554306,1667471880.7085035,4398472768.8195915,53670218.2398007,5433009093.135477,32743017974.246353,0,0,0
Z3,33,14, 4K,33208.0,0.001036,32054054.054054,33208000.0,1.247066,2,6.752995,71904733.059168,71904733.059168,1667471880.7085035,4398472768.8195915,53670218.2398007,5433009093.135477,32743017974.246353,0,0,0
Z3,34,14, 4K,27104.0,0.001213,22344600.16488,27104000.0,1.247066,2,6.752995,69962842.281333,69962842.281333,1667471880.7085035,4398472768.8195915,53670218.2398007,5433009093.135477,32743017974.246353,0,0,0
Z3,35,14, 4K,27712.0,0.001097,25261622.60711,27712000.0,1.247066,2,6.752995,70546246.769779,70546246.769779,1667471880.7085035,4398472768.8195915,53670218.2398007,5433009093.135477,32743017974.246353,0,0,0
Z3,36,14, 4K,69480.0,0.001162,59793459.552496,69480000.0,1.247066,2,6.752995,77452614.158856,77452614.158856,1667471880.7085035,4398472768.8195915,53670218.2398007,5433009093.135477,32743017974.246353,0,0,0
Z3,37,14, 4K,104904.0,0.001322,79352496.217852,104904000.0,1.247066,2,6.752995,81364421.491928,81364421.491928,1667471880.7085035,4398472768.8195915,53670218.2398007,5433009093.135477,32743017974.246353,0,0,0
Z3,38,14, 4K,111104.0,0.0014,79360000.0,111104000.0,1.247066,2,6.752995,81365922.248357,81365922.248357,1667471880.7085035,4398472768.8195915,53670218.2398007,5433009093.135477,32743017974.246353,0,0,0
Z1,0,15, 4K,278440.0,0.023641,11777843.576837,12106080.0,1.094231,2,7.90583,67814426.599517,67814426.599517,1667471880.7085035,4398472768.8195915,53670218.2398007,5433009093.135477,32743017974.246353,0,0,0
Z2,0,15, 4K,6624.0,0.026384,251061.249242,254768.0,1.094231,2,7.90583,65509070.133998,65509070.133998,1667471880.7085035,4398472768.8195915,53670218.2398007,5433009093.135477,32743017974.246353,0,0,0
Z2,1,15, 4K,92296.0,0.001491,61902079.141516,92296000.0,1.094231,2,7.90583,77839273.712453,77839273.712453,1667471880.7085035,4398472768.8195915,53670218.2398007,5433009093.135477,32743017974.246353,0,0,0
Z2,2,15, 4K,97816.0,0.001303,75069838.833461,97816000.0,1.094231,2,7.90583,80472825.650842,80472825.650842,1667471880.7085035,4398472768.8195915,53670218.2398007,5433009093.135477,32743017974.246353,0,0,0
Z2,3,15, 4K,40600.0,0.001302,31182795.698925,40600000.0,1.094231,2,7.90583,71695417.023935,71695417.023935,1667471880.7085035,4398472768.8195915,53670218.2398007,5433009093.135477,32743017974.246353,0,0,0
Z2,4,15, 4K,232152.0,0.002081,111557904.853436,116076000.0,1.094231,2,7.90583,87770438.854837,87770438.854837,1667471880.7085035,4398472768.8195915,53670218.2398007,5433009093.135477,32743017974.246353,0,0,0
Z2,5,15, 4K,255400.0,0.002468,103484602.917342,127700000.0,1.094231,2,7.90583,86155778.467618,86155778.467618,1667471880.7085035,4398472768.8195915,53670218.2398007,5433009093.135477,32743017974.246353,0,0,0
Z2,6,15, 4K,249784.0,0.001645,151844376.899696,249784000.0,1.094231,2,7.90583,95827733.264089,95827733.264089,1667471880.7085035,4398472768.8195915,53670218.2398007,5433009093.135477,32743017974.246353,0,0,0
Z2,7,15, 4K,288648.0,0.002137,135071595.694899,144324000.0,1.094231,2,7.90583,92473177.02313,92473177.02313,1667471880.7085035,4398472768.8195915,53670218.2398007,5433009093.135477,32743017974.246353,0,0,0
Z3,0,15, 4K,12608.0,0.02371,531758.751582,548168.0,1.094231,2,7.90583,65565209.634466,65565209.634466,1667471880.7085035,4398472768.8195915,53670218.2398007,5433009093.135477,32743017974.246353,0,0,0
Z3,1,15, 4K,14232.0,0.000765,18603921.568627,14232000.0,1.094231,2,7.90583,69179642.197876,69179642.197876,1667471880.7085035,4398472768.8195915,53670218.2398007,5433009093.135477,32743017974.246353,0,0,0
Z3,2,15, 4K,18288.0,0.000887,20617812.852311,18288000.0,1.094231,2,7.90583,69582420.454612,69582420.454612,1667471880.7085035,4398472768.8195915,53670218.2398007,5433009093.135477,32743017974.246353,0,0,0
Z3,3,15, 4K,17960.0,0.000722,24875346.260388,17960000.0,1.094231,2,7.90583,70433927.136228,70433927.136228,1667471880.7085035,4398472768.8195915,53670218.2398007,5433009093.135477,32743017974.246353,0,0,0
Z3,4,15, 4K,30136.0,0.000826,36484261.501211,30136000.0,1.094231,2,7.90583,72755710.184392,72755710.184392,1667471880.7085035,4398472768.8195915,53670218.2398007,5433009093.135477,32743017974.246353,0,0,0
Z3,5,15, 4K,38832.0,0.000999,38870870.870871,38832000.0,1.094231,2,7.90583,73233032.058324,73233032.058324,1667471880.7085035,4398472768.8195915,53670218.2398007,5433009093.135477,32743017974.246353,0,0,0
Z3,6,15, 4K,80120.0,0.001305,61394636.015326,80120000.0,1.094231,2,7.90583,77737785.087215,77737785.087215,1667471880.7085035,4398472768.8195915,53670218.2398007,5433009093.135477,32743017974.246353,0,0,0
Z3,7,15, 4K,115624.0,0.001434,80630404.46304,115624000.0,1.094231,2,7.90583,81584938.776758,81584938.776758,1667471880.7085035,4398472768.8195915,53670218.2398007,5433009093.135477,32743017974.246353,0,0,0
Z3,8,15, 4K,91976.0,0.00123,74777235.772358,91976000.0,1.094231,2,7.90583,80414305.038622,80414305.038622,1667471880.7085035,4398472768.8195915,53670218.2398007,5433009093.135477,32743017974.246353,0,0,0
Z3,9,15, 4K,131496.0,0.001373,95772760.378733,131496000.0,1.094231,2,7.90583,84613409.959897,84613409.959897,1667471880.7085035,4398472768.8195915,53670218.2398007,5433009093.135477,32743017974.246353,0,0,0
Z3,10,15, 4K,151608.0,0.001741,87080987.937967,151608000.0,1.094231,2,7.90583,82875055.471743,82875055.471743,1667471880.7085035,4398472768.8195915,53670218.2398007,5433009093.135477,32743017974.246353,0,0,0
Z3,11,15, 4K,133200.0,0.001532,86945169.712794,133200000.0,1.094231,2,7.90583,82847891.826709,82847891.826709,1667471880.7085035,4398472768.8195915,53670218.2398007,5433009093.135477,32743017974.246353,0,0,0
Z3,12,15, 4K,197848.0,0.002089,94709430.349449,98924000.0,1.094231,2,7.90583,84400743.95404,84400743.95404,1667471880.7085035,4398472768.8195915,53670218.2398007,5433009093.135477,32743017974.246353,0,0,0
Z3,13,15, 4K,216432.0,0.002031,106564254.062038,108216000.0,1.094231,2,7.90583,86771708.696558,86771708.696558,1667471880.7085035,4398472768.8195915,53670218.2398007,5433009093.135477,32743017974.246353,0,0,0
Z3,14,15, 4K,250032.0,0.002193,114013679.890561,125016000.0,1.094231,2,7.90583,88261593.862262,88261593.862262,1667471880.7085035,4398472768.8195915,53670218.2398007,5433009093.135477,32743017974.246353,0,0,0
Z3,15,15, 4K,238656.0,0.001908,125081761.006289,238656000.0,1.094231,2,7.90583,90475210.085408,90475210.085408,1667471880.7085035,4398472768.8195915,53670218.2398007,5433009093.135477,32743017974.246353,0,0,0
Z3,16,15, 4K,165160.0,0.001474,112048846.675712,165160000.0,1.094231,2,7.90583,87868627.219292,87868627.219292,1667471880.7085035,4398472768.8195915,53670218.2398007,5433009093.135477,32743017974.246353,0,0,0
Z3,17,15, 4K,167848.0,0.001501,111824117.255163,167848000.0,1.094231,2,7.90583,87823681.335183,87823681.335183,1667471880.7085035,4398472768.8195915,53670218.2398007,5433009093.135477,32743017974.246353,0,0,0
Z3,18,15, 4K,132104.0,0.001415,93359717.314488,132104000.0,1.094231,2,7.90583,84130801.347048,84130801.347048,1667471880.7085035,4398472768.8195915,53670218.2398007,5433009093.135477,32743017974.246353,0,0,0
Z3,19,15, 4K,143824.0,0.001469,97906058.543227,143824000.0,1.094231,2,7.90583,85040069.592795,85040069.592795,1667471880.7085035,4398472768.8195915,53670218.2398007,5433009093.135477,32743017974.246353,0,0,0
Z3,20,15, 4K,175072.0,0.001504,116404255.319149,175072000.0,1.094231,2,7.90583,88739708.94798,88739708.94798,1667471880.7085035,4398472768.8195915,53670218.2398007,5433009093.135477,32743017974.246353,0,0,0
Z3,21,15, 4K,170296.0,0.0015,113530666.666667,170296000.0,1.094231,2,7.90583,88164991.217483,88164991.217483,1667471880.7085035,4398472768.8195915,53670218.2398007,5433009093.135477,32743017974.246353,0,0,0
Z3,22,15, 4K,193376.0,0.001675,115448358.208955,193376000.0,1.094231,2,7.90583,88548529.525941,88548529.525941,1667471880.7085035,4398472768.8195915,53670218.2398007,5433009093.135477,32743017974.246353,0,0,0
Z3,23,15, 4K,150872.0,0.001551,97274016.763378,150872000.0,1.094231,2,7.90583,84913661.236826,84913661.236826,1667471880.7085035,4398472768.8195915,53670218.2398007,5433009093.135477,32743017974.246353,0,0,0
Z3,24,15, 4K,172416.0,0.001429,120655003.49895,172416000.0,1.094231,2,7.90583,89589858.58394,89589858.58394,1667471880.7085035,4398472768.8195915,53670218.2398007,5433009093.135477,32743017974.246353,0,0,0
Z3,25,15, 4K,210512.0,0.00152,138494736.842105,210512000.0,1.094231,2,7.90583,93157805.252571,93157805.252571,1667471880.7085035,4398472768.8195915,53670218.2398007,5433009093.135477,32743017974.246353,0,0,0
Z3,26,15, 4K,202256.0,0.001705,118625219.941349,202256000.0,1.094231,2,7.90583,89183901.87242,89183901.87242,1667471880.7085035,4398472768.8195915,53670218.2398007,5433009093.135477,32743017974.246353,0,0,0
Z3,27,15, 4K,207528.0,0.001516,136891820.580475,207528000.0,1.094231,2,7.90583,92837222.000245,92837222.000245,1667471880.7085035,4398472768.8195915,53670218.2398007,5433009093.135477,32743017974.246353,0,0,0
Z3,28,15, 4K,46288.0,0.000893,51834266.517357,46288000.0,1.094231,2,7.90583,75825711.187621,75825711.187621,1667471880.7085035,4398472768.8195915,53670218.2398007,5433009093.135477,32743017974.246353,0,0,0
Z3,29,15, 4K,38120.0,0.000957,39832810.867294,38120000.0,1.094231,2,7.90583,73425420.057609,73425420.057609,1667471880.7085035,4398472768.8195915,53670218.2398007,5433009093.135477,32743017974.246353,0,0,0
Z3,30,15, 4K,29864.0,0.000869,34365937.859609,29864000.0,1.094231,2,7.90583,72332045.456072,72332045.456072,1667471880.7085035,4398472768.8195915,53670218.2398007,5433009093.135477,32743017974.246353,0,0,0
Z3,31,15, 4K,29864.0,0.001081,27626271.970398,29864000.0,1.094231,2,7.90583,70984112.27823,70984112.27823,1667471880.7085035,4398472768.8195915,53670218.2398007,5433009093.135477,32743017974.246353,0,0,0
Z3,32,15, 4K,42832.0,0.000948,45181434.599156,42832000.0,1.094231,2,7.90583,74495144.803981,74495144.803981,1667471880.7085035,4398472768.8195915,53670218.2398007,5433009093.135477,32743017974.246353,0,0,0
Z3,33,15, 4K,53400.0,0.001056,50568181.818182,53400000.0,1.094231,2,7.90583,75572494.247786,75572494.247786,1667471880.7085035,4398472768.8195915,53670218.2398007,5433009093.135477,32743017974.246353,0,0,0
Z3,34,15, 4K,54248.0,0.001094,49586837.294333,54248000.0,1.094231,2,7.90583,75376225.343017,75376225.343017,1667471880.7085035,4398472768.8195915,53670218.2398007,5433009093.135477,32743017974.246353,0,0,0
Z3,35,15, 4K,56416.0,0.001066,52923076.923077,56416000.0,1.094231,2,7.90583,76043473.268765,76043473.268765,1667471880.7085035,4398472768.8195915,53670218.2398007,5433009093.135477,32743017974.246353,0,0,0
Z3,36,15, 4K,63392.0,0.001026,61785575.048733,63392000.0,1.094231,2,7.90583,77815972.893897,77815972.893897,1667471880.7085035,4398472768.8195915,53670218.2398007,5433009093.135477,32743017974.246353,0,0,0
Z3,37,15, 4K,78136.0,0.001169,66840034.21728,78136000.0,1.094231,2,7.90583,78826864.727606,78826864.727606,1667471880.7085035,4398472768.8195915,53670218.2398007,5433009093.135477,32743017974.246353,0,0,0
Z3,38,15, 4K,85200.0,0.001258,67726550.079491,85200000.0,1.094231,2,7.90583,79004167.900048,79004167.900048,1667471880.7085035,4398472768.8195915,53670218.2398007,5433009093.135477,32743017974.246353,0,0,0
