Zone, Tile_no, Seg_no, Reso, Seg_d_size, Seg_d_time, Bitrate, Bitrate1, Buf_lev, Buf_limit, Elapsed, Ref_vp, Local_avg,QoE,QoE1,Z1,Z2,Z3,delay,jitter,loss
Z1,0,1,720,9960.0,0.172547,57723.402899,57904.0,1.0,2,6.6e-05,57723.402899,57723.402899,7594659.7661047,19914853.1105463,858895.6786948,23311442.6367278,146513376.08114377,50,0,3
Z2,0,1,720,8952.0,0.249033,35947.043163,35944.0,1.0,2,6.6e-05,17973.521581,17973.521581,7594659.7661047,19914853.1105463,858895.6786948,23311442.6367278,146513376.08114377,50,0,3
Z2,1,1,720,5424.0,0.05083,106708.636632,108480.0,1.0,2,6.6e-05,35569.545544,35569.545544,7594659.7661047,19914853.1105463,858895.6786948,23311442.6367278,146513376.08114377,50,0,3
Z2,2,1,720,7080.0,0.050959,138935.222434,141600.0,1.0,2,6.6e-05,34733.805608,34733.805608,7594659.7661047,19914853.1105463,858895.6786948,23311442.6367278,146513376.08114377,50,0,3
Z2,3,1,720,18976.0,0.051062,371626.649955,372072.0,1.0,2,6.6e-05,74325.329991,74325.329991,7594659.7661047,19914853.1105463,858895.6786948,23311442.6367278,146513376.08114377,50,0,3
Z2,4,1,720,8720.0,0.05109,170679.19358,170976.0,1.0,2,6.6e-05,34135.838716,34135.838716,7594659.7661047,19914853.1105463,858895.6786948,23311442.6367278,146513376.08114377,50,0,3
Z2,5,1,720,8336.0,0.050975,163531.142717,166720.0,1.0,2,6.6e-05,32706.228543,32706.228543,7594659.7661047,19914853.1105463,858895.6786948,23311442.6367278,146513376.08114377,50,0,3
Z2,6,1,720,6376.0,0.050984,125058.84199,127520.0,1.0,2,6.6e-05,25011.768398,25011.768398,7594659.7661047,19914853.1105463,858895.6786948,23311442.6367278,146513376.08114377,50,0,3
Z2,7,1,720,6872.0,0.050995,134758.309638,137440.0,1.0,2,6.6e-05,26951.661928,26951.661928,7594659.7661047,19914853.1105463,858895.6786948,23311442.6367278,146513376.08114377,50,0,3
Z3,0,1,720,7080.0,0.173573,40789.754167,40920.0,1.0,2,6.6e-05,8157.950833,8157.950833,7594659.7661047,19914853.1105463,858895.6786948,23311442.6367278,146513376.08114377,50,0,3
Z3,1,1,720,7080.0,0.050948,138965.219439,141600.0,1.0,2,6.6e-05,27793.043888,27793.043888,7594659.7661047,19914853.1105463,858895.6786948,23311442.6367278,146513376.08114377,50,0,3
Z3,2,1,720,5664.0,0.050822,111447.798198,113280.0,1.0,2,6.6e-05,22289.55964,22289.55964,7594659.7661047,19914853.1105463,858895.6786948,23311442.6367278,146513376.08114377,50,0,3
Z3,3,1,720,7080.0,0.050914,139058.019405,141600.0,1.0,2,6.6e-05,27811.603881,27811.603881,7594659.7661047,19914853.1105463,858895.6786948,23311442.6367278,146513376.08114377,50,0,3
Z3,4,1,720,7080.0,0.050834,139276.861943,141600.0,1.0,2,6.6e-05,27855.372389,27855.372389,7594659.7661047,19914853.1105463,858895.6786948,23311442.6367278,146513376.08114377,50,0,3
Z3,5,1,720,5664.0,0.050869,111344.826908,113280.0,1.0,2,6.6e-05,22268.965382,22268.965382,7594659.7661047,19914853.1105463,858895.6786948,23311442.6367278,146513376.08114377,50,0,3
Z3,6,1,720,7080.0,0.05093,139014.333399,141600.0,1.0,2,6.6e-05,27802.86668,27802.86668,7594659.7661047,19914853.1105463,858895.6786948,23311442.6367278,146513376.08114377,50,0,3
Z3,7,1,720,7080.0,0.050777,139433.207948,141600.0,1.0,2,6.6e-05,27886.64159,27886.64159,7594659.7661047,19914853.1105463,858895.6786948,23311442.6367278,146513376.08114377,50,0,3
Z3,8,1,720,5664.0,0.050898,111281.386302,113280.0,1.0,2,6.6e-05,22256.27726,22256.27726,7594659.7661047,19914853.1105463,858895.6786948,23311442.6367278,146513376.08114377,50,0,3
Z3,9,1,720,7080.0,0.051042,138709.298225,138816.0,1.0,2,6.6e-05,27741.859645,27741.859645,7594659.7661047,19914853.1105463,858895.6786948,23311442.6367278,146513376.08114377,50,0,3
Z3,10,1,720,12904.0,0.051025,252895.639392,253016.0,1.0,2,6.6e-05,50579.127878,50579.127878,7594659.7661047,19914853.1105463,858895.6786948,23311442.6367278,146513376.08114377,50,0,3
Z3,11,1,720,17344.0,0.051121,339273.48839,340072.0,1.0,2,6.6e-05,67854.697678,67854.697678,7594659.7661047,19914853.1105463,858895.6786948,23311442.6367278,146513376.08114377,50,0,3
Z3,12,1,720,16912.0,0.051075,331120.900636,331600.0,1.0,2,6.6e-05,66224.180127,66224.180127,7594659.7661047,19914853.1105463,858895.6786948,23311442.6367278,146513376.08114377,50,0,3
Z3,13,1,720,13240.0,0.050965,259786.127735,264800.0,1.0,2,6.6e-05,51957.225547,51957.225547,7594659.7661047,19914853.1105463,858895.6786948,23311442.6367278,146513376.08114377,50,0,3
Z3,14,1,720,28328.0,0.051181,553486.645435,555448.0,1.0,2,6.6e-05,110697.329087,110697.329087,7594659.7661047,19914853.1105463,858895.6786948,23311442.6367278,146513376.08114377,50,0,3
Z3,15,1,720,30528.0,0.051135,597007.920211,598584.0,1.0,2,6.6e-05,119401.584042,119401.584042,7594659.7661047,19914853.1105463,858895.6786948,23311442.6367278,146513376.08114377,50,0,3
Z3,16,1,720,16360.0,0.051031,320589.445631,320784.0,1.0,2,6.6e-05,64117.889126,64117.889126,7594659.7661047,19914853.1105463,858895.6786948,23311442.6367278,146513376.08114377,50,0,3
Z3,17,1,720,33216.0,0.051135,649574.655324,651288.0,1.0,2,6.6e-05,129914.931065,129914.931065,7594659.7661047,19914853.1105463,858895.6786948,23311442.6367278,146513376.08114377,50,0,3
Z3,18,1,720,28000.0,0.051146,547452.391194,549016.0,1.0,2,6.6e-05,109490.478239,109490.478239,7594659.7661047,19914853.1105463,858895.6786948,23311442.6367278,146513376.08114377,50,0,3
Z3,19,1,720,15744.0,0.051027,308542.536304,308704.0,1.0,2,6.6e-05,61708.507261,61708.507261,7594659.7661047,19914853.1105463,858895.6786948,23311442.6367278,146513376.08114377,50,0,3
Z3,20,1,720,16024.0,0.050973,314362.50564,320480.0,1.0,2,6.6e-05,62872.501128,62872.501128,7594659.7661047,19914853.1105463,858895.6786948,23311442.6367278,146513376.08114377,50,0,3
Z3,21,1,720,11576.0,0.051054,226740.314177,226976.0,1.0,2,6.6e-05,45348.062835,45348.062835,7594659.7661047,19914853.1105463,858895.6786948,23311442.6367278,146513376.08114377,50,0,3
Z3,22,1,720,10816.0,0.051012,212028.542304,212072.0,1.0,2,6.6e-05,42405.708461,42405.708461,7594659.7661047,19914853.1105463,858895.6786948,23311442.6367278,146513376.08114377,50,0,3
Z3,23,1,720,13224.0,0.051027,259156.916926,259288.0,1.0,2,6.6e-05,51831.383385,51831.383385,7594659.7661047,19914853.1105463,858895.6786948,23311442.6367278,146513376.08114377,50,0,3
Z3,24,1,720,17528.0,0.051005,343652.58308,343680.0,1.0,2,6.6e-05,68730.516616,68730.516616,7594659.7661047,19914853.1105463,858895.6786948,23311442.6367278,146513376.08114377,50,0,3
Z3,25,1,720,23824.0,0.051022,466935.831602,467136.0,1.0,2,6.6e-05,93387.16632,93387.16632,7594659.7661047,19914853.1105463,858895.6786948,23311442.6367278,146513376.08114377,50,0,3
Z3,26,1,720,11024.0,0.050964,216309.551841,220480.0,1.0,2,6.6e-05,43261.910368,43261.910368,7594659.7661047,19914853.1105463,858895.6786948,23311442.6367278,146513376.08114377,50,0,3
Z3,27,1,720,15112.0,0.051009,296261.444059,296312.0,1.0,2,6.6e-05,59252.288812,59252.288812,7594659.7661047,19914853.1105463,858895.6786948,23311442.6367278,146513376.08114377,50,0,3
Z3,28,1,720,24552.0,0.051052,480921.413461,481408.0,1.0,2,6.6e-05,96184.282692,96184.282692,7594659.7661047,19914853.1105463,858895.6786948,23311442.6367278,146513376.08114377,50,0,3
Z3,29,1,720,10824.0,0.051009,212197.847439,212232.0,1.0,2,6.6e-05,42439.569488,42439.569488,7594659.7661047,19914853.1105463,858895.6786948,23311442.6367278,146513376.08114377,50,0,3
Z3,30,1,720,6872.0,0.050968,134829.697065,137440.0,1.0,2,6.6e-05,26965.939413,26965.939413,7594659.7661047,19914853.1105463,858895.6786948,23311442.6367278,146513376.08114377,50,0,3
Z3,31,1,720,6872.0,0.051029,134668.521821,134744.0,1.0,2,6.6e-05,26933.704364,26933.704364,7594659.7661047,19914853.1105463,858895.6786948,23311442.6367278,146513376.08114377,50,0,3
Z3,32,1,720,6376.0,0.051019,124973.049256,125016.0,1.0,2,6.6e-05,24994.609851,24994.609851,7594659.7661047,19914853.1105463,858895.6786948,23311442.6367278,146513376.08114377,50,0,3
Z3,33,1,720,6872.0,0.050966,134834.988031,137440.0,1.0,2,6.6e-05,26966.997606,26966.997606,7594659.7661047,19914853.1105463,858895.6786948,23311442.6367278,146513376.08114377,50,0,3
Z3,34,1,720,6872.0,0.050958,134856.15605,137440.0,1.0,2,6.6e-05,26971.23121,26971.23121,7594659.7661047,19914853.1105463,858895.6786948,23311442.6367278,146513376.08114377,50,0,3
Z3,35,1,720,6376.0,0.050916,125225.862204,127520.0,1.0,2,6.6e-05,25045.172441,25045.172441,7594659.7661047,19914853.1105463,858895.6786948,23311442.6367278,146513376.08114377,50,0,3
Z3,36,1,720,6872.0,0.051038,134644.774482,134744.0,1.0,2,6.6e-05,26928.954896,26928.954896,7594659.7661047,19914853.1105463,858895.6786948,23311442.6367278,146513376.08114377,50,0,3
Z3,37,1,720,6872.0,0.050894,135025.739773,137440.0,1.0,2,6.6e-05,27005.147955,27005.147955,7594659.7661047,19914853.1105463,858895.6786948,23311442.6367278,146513376.08114377,50,0,3
Z3,38,1,720,6376.0,0.050933,125184.065341,127520.0,1.0,2,6.6e-05,25036.813068,25036.813068,7594659.7661047,19914853.1105463,858895.6786948,23311442.6367278,146513376.08114377,50,0,3
Z1,0,2,720,7080.0,0.588624,12028.051863,12040.0,1.0,2,2.896023,27442.423441,27442.423441,7594659.7661047,19914853.1105463,858895.6786948,23311442.6367278,146513376.08114377,50,0,3
Z2,0,2,720,6624.0,0.173882,38094.799922,38288.0,1.0,2,2.896023,32655.773053,32655.773053,7594659.7661047,19914853.1105463,858895.6786948,23311442.6367278,146513376.08114377,50,0,3
Z2,1,2,720,5424.0,0.050921,106517.939553,108480.0,1.0,2,2.896023,46340.400979,46340.400979,7594659.7661047,19914853.1105463,858895.6786948,23311442.6367278,146513376.08114377,50,0,3
Z2,2,2,720,7080.0,0.050937,138995.229401,141600.0,1.0,2,2.896023,52835.858948,52835.858948,7594659.7661047,19914853.1105463,858895.6786948,23311442.6367278,146513376.08114377,50,0,3
Z2,3,2,720,12648.0,0.050952,248233.631653,252960.0,1.0,2,2.896023,74683.539399,74683.539399,7594659.7661047,19914853.1105463,858895.6786948,23311442.6367278,146513376.08114377,50,0,3
Z2,4,2,720,15344.0,0.050912,301382.778127,306880.0,1.0,2,2.896023,85313.368694,85313.368694,7594659.7661047,19914853.1105463,858895.6786948,23311442.6367278,146513376.08114377,50,0,3
Z2,5,2,720,18392.0,0.050982,360754.776196,367840.0,1.0,2,2.896023,97187.768307,97187.768307,7594659.7661047,19914853.1105463,858895.6786948,23311442.6367278,146513376.08114377,50,0,3
Z2,6,2,720,9160.0,0.051021,179533.917407,179600.0,1.0,2,2.896023,60943.596549,60943.596549,7594659.7661047,19914853.1105463,858895.6786948,23311442.6367278,146513376.08114377,50,0,3
Z2,7,2,720,8048.0,0.050899,158117.055345,160960.0,1.0,2,2.896023,56660.224137,56660.224137,7594659.7661047,19914853.1105463,858895.6786948,23311442.6367278,146513376.08114377,50,0,3
Z3,0,2,720,7080.0,0.175815,40269.60157,40456.0,1.0,2,2.896023,33090.733382,33090.733382,7594659.7661047,19914853.1105463,858895.6786948,23311442.6367278,146513376.08114377,50,0,3
Z3,1,2,720,7080.0,0.050933,139006.145328,141600.0,1.0,2,2.896023,52838.042134,52838.042134,7594659.7661047,19914853.1105463,858895.6786948,23311442.6367278,146513376.08114377,50,0,3
Z3,2,2,720,5664.0,0.050971,111122.010555,113280.0,1.0,2,2.896023,47261.215179,47261.215179,7594659.7661047,19914853.1105463,858895.6786948,23311442.6367278,146513376.08114377,50,0,3
Z3,3,2,720,7080.0,0.05091,139068.945197,141600.0,1.0,2,2.896023,52850.602108,52850.602108,7594659.7661047,19914853.1105463,858895.6786948,23311442.6367278,146513376.08114377,50,0,3
Z3,4,2,720,7080.0,0.051027,138750.073491,138816.0,1.0,2,2.896023,52786.827766,52786.827766,7594659.7661047,19914853.1105463,858895.6786948,23311442.6367278,146513376.08114377,50,0,3
Z3,5,2,720,5664.0,0.05094,111189.634865,113280.0,1.0,2,2.896023,47274.740041,47274.740041,7594659.7661047,19914853.1105463,858895.6786948,23311442.6367278,146513376.08114377,50,0,3
Z3,6,2,720,7080.0,0.050954,138948.855831,141600.0,1.0,2,2.896023,52826.584234,52826.584234,7594659.7661047,19914853.1105463,858895.6786948,23311442.6367278,146513376.08114377,50,0,3
Z3,7,2,720,7080.0,0.050941,138984.315188,141600.0,1.0,2,2.896023,52833.676106,52833.676106,7594659.7661047,19914853.1105463,858895.6786948,23311442.6367278,146513376.08114377,50,0,3
Z3,8,2,720,5664.0,0.050915,111244.23058,113280.0,1.0,2,2.896023,47285.659184,47285.659184,7594659.7661047,19914853.1105463,858895.6786948,23311442.6367278,146513376.08114377,50,0,3
Z3,9,2,720,17112.0,0.051008,335476.787955,335528.0,1.0,2,2.896023,92132.170659,92132.170659,7594659.7661047,19914853.1105463,858895.6786948,23311442.6367278,146513376.08114377,50,0,3
Z3,10,2,720,15320.0,0.05104,300156.739812,300392.0,1.0,2,2.896023,85068.161031,85068.161031,7594659.7661047,19914853.1105463,858895.6786948,23311442.6367278,146513376.08114377,50,0,3
Z3,11,2,720,10704.0,0.051033,209746.634531,209880.0,1.0,2,2.896023,66986.139974,66986.139974,7594659.7661047,19914853.1105463,858895.6786948,23311442.6367278,146513376.08114377,50,0,3
Z3,12,2,720,18776.0,0.05107,367652.242021,368152.0,1.0,2,2.896023,98567.261472,98567.261472,7594659.7661047,19914853.1105463,858895.6786948,23311442.6367278,146513376.08114377,50,0,3
Z3,13,2,720,21848.0,0.051023,428199.047488,428392.0,1.0,2,2.896023,110676.622566,110676.622566,7594659.7661047,19914853.1105463,858895.6786948,23311442.6367278,146513376.08114377,50,0,3
Z3,14,2,720,12752.0,0.051063,249730.724791,250032.0,1.0,2,2.896023,74982.958026,74982.958026,7594659.7661047,19914853.1105463,858895.6786948,23311442.6367278,146513376.08114377,50,0,3
Z3,15,2,720,21856.0,0.051068,427978.381765,428544.0,1.0,2,2.896023,110632.489421,110632.489421,7594659.7661047,19914853.1105463,858895.6786948,23311442.6367278,146513376.08114377,50,0,3
Z3,16,2,720,16880.0,0.051014,330889.559729,330976.0,1.0,2,2.896023,91214.725014,91214.725014,7594659.7661047,19914853.1105463,858895.6786948,23311442.6367278,146513376.08114377,50,0,3
Z3,17,2,720,12128.0,0.050825,238622.725037,242560.0,1.0,2,2.896023,72761.358076,72761.358076,7594659.7661047,19914853.1105463,858895.6786948,23311442.6367278,146513376.08114377,50,0,3
Z3,18,2,720,11592.0,0.051137,226685.179029,227288.0,1.0,2,2.896023,70373.848874,70373.848874,7594659.7661047,19914853.1105463,858895.6786948,23311442.6367278,146513376.08114377,50,0,3
Z3,19,2,720,9952.0,0.215983,46077.70056,46288.0,1.0,2,2.896023,34252.35318,34252.35318,7594659.7661047,19914853.1105463,858895.6786948,23311442.6367278,146513376.08114377,50,0,3
Z3,20,2,720,11064.0,0.05111,216474.27118,216936.0,1.0,2,2.896023,68331.667304,68331.667304,7594659.7661047,19914853.1105463,858895.6786948,23311442.6367278,146513376.08114377,50,0,3
Z3,21,2,720,14728.0,0.051036,288580.609766,288784.0,1.0,2,2.896023,82752.935021,82752.935021,7594659.7661047,19914853.1105463,858895.6786948,23311442.6367278,146513376.08114377,50,0,3
Z3,22,2,720,16264.0,0.051061,318520.984705,318896.0,1.0,2,2.896023,88741.010009,88741.010009,7594659.7661047,19914853.1105463,858895.6786948,23311442.6367278,146513376.08114377,50,0,3
Z3,23,2,720,9504.0,0.050997,186363.903759,190080.0,1.0,2,2.896023,62309.59382,62309.59382,7594659.7661047,19914853.1105463,858895.6786948,23311442.6367278,146513376.08114377,50,0,3
Z3,24,2,720,12688.0,0.051044,248569.861296,248784.0,1.0,2,2.896023,74750.785327,74750.785327,7594659.7661047,19914853.1105463,858895.6786948,23311442.6367278,146513376.08114377,50,0,3
Z3,25,2,720,17320.0,0.051034,339381.588745,339600.0,1.0,2,2.896023,92913.130817,92913.130817,7594659.7661047,19914853.1105463,858895.6786948,23311442.6367278,146513376.08114377,50,0,3
Z3,26,2,720,10632.0,0.051026,208364.363266,208464.0,1.0,2,2.896023,66709.685721,66709.685721,7594659.7661047,19914853.1105463,858895.6786948,23311442.6367278,146513376.08114377,50,0,3
Z3,27,2,720,9320.0,0.050987,182791.692,186400.0,1.0,2,2.896023,61595.151468,61595.151468,7594659.7661047,19914853.1105463,858895.6786948,23311442.6367278,146513376.08114377,50,0,3
Z3,28,2,720,6376.0,0.050898,125270.148139,127520.0,1.0,2,2.896023,50090.842696,50090.842696,7594659.7661047,19914853.1105463,858895.6786948,23311442.6367278,146513376.08114377,50,0,3
Z3,29,2,720,6872.0,0.050903,135001.866295,137440.0,1.0,2,2.896023,52037.186327,52037.186327,7594659.7661047,19914853.1105463,858895.6786948,23311442.6367278,146513376.08114377,50,0,3
Z3,30,2,720,6872.0,0.050899,135012.475687,137440.0,1.0,2,2.896023,52039.308206,52039.308206,7594659.7661047,19914853.1105463,858895.6786948,23311442.6367278,146513376.08114377,50,0,3
Z3,31,2,720,6376.0,0.050888,125294.764974,127520.0,1.0,2,2.896023,50095.766063,50095.766063,7594659.7661047,19914853.1105463,858895.6786948,23311442.6367278,146513376.08114377,50,0,3
Z3,32,2,720,6872.0,0.05093,134930.296485,137440.0,1.0,2,2.896023,52022.872365,52022.872365,7594659.7661047,19914853.1105463,858895.6786948,23311442.6367278,146513376.08114377,50,0,3
Z3,33,2,720,6872.0,0.050936,134914.402387,137440.0,1.0,2,2.896023,52019.693546,52019.693546,7594659.7661047,19914853.1105463,858895.6786948,23311442.6367278,146513376.08114377,50,0,3
Z3,34,2,720,6376.0,0.050948,125147.208919,127520.0,1.0,2,2.896023,50066.254852,50066.254852,7594659.7661047,19914853.1105463,858895.6786948,23311442.6367278,146513376.08114377,50,0,3
Z3,35,2,720,6872.0,0.050884,135052.275764,137440.0,1.0,2,2.896023,52047.268221,52047.268221,7594659.7661047,19914853.1105463,858895.6786948,23311442.6367278,146513376.08114377,50,0,3
Z3,36,2,720,6872.0,0.050971,134821.761394,137440.0,1.0,2,2.896023,52001.165347,52001.165347,7594659.7661047,19914853.1105463,858895.6786948,23311442.6367278,146513376.08114377,50,0,3
Z3,37,2,720,6376.0,0.050925,125203.730977,127520.0,1.0,2,2.896023,50077.559264,50077.559264,7594659.7661047,19914853.1105463,858895.6786948,23311442.6367278,146513376.08114377,50,0,3
Z3,38,2,720,6872.0,0.050915,134970.048119,137440.0,1.0,2,2.896023,52030.822692,52030.822692,7594659.7661047,19914853.1105463,858895.6786948,23311442.6367278,146513376.08114377,50,0,3
Z1,0,3,720,7080.0,0.172529,41036.579358,41160.0,1.0,2,6.300733,60238.138564,60238.138564,7594659.7661047,19914853.1105463,858895.6786948,23311442.6367278,146513376.08114377,50,0,3
Z2,0,3,720,6624.0,0.173497,38179.334513,38288.0,1.0,2,6.300733,59666.689595,59666.689595,7594659.7661047,19914853.1105463,858895.6786948,23311442.6367278,146513376.08114377,50,0,3
Z2,1,3,720,5664.0,0.051036,110980.484364,111056.0,1.0,2,6.300733,74226.919565,74226.919565,7594659.7661047,19914853.1105463,858895.6786948,23311442.6367278,146513376.08114377,50,0,3
Z2,2,3,720,7080.0,0.05098,138877.991369,141600.0,1.0,2,6.300733,79806.420966,79806.420966,7594659.7661047,19914853.1105463,858895.6786948,23311442.6367278,146513376.08114377,50,0,3
Z2,3,3,720,12544.0,0.051042,245758.395047,245960.0,1.0,2,6.300733,101182.501701,101182.501701,7594659.7661047,19914853.1105463,858895.6786948,23311442.6367278,146513376.08114377,50,0,3
Z2,4,3,720,15304.0,0.050991,300131.395737,306080.0,1.0,2,6.300733,112057.101839,112057.101839,7594659.7661047,19914853.1105463,858895.6786948,23311442.6367278,146513376.08114377,50,0,3
Z2,5,3,720,9896.0,0.051054,193833.979708,194032.0,1.0,2,6.300733,90797.618634,90797.618634,7594659.7661047,19914853.1105463,858895.6786948,23311442.6367278,146513376.08114377,50,0,3
Z2,6,3,720,6376.0,0.050906,125250.461635,127520.0,1.0,2,6.300733,77080.915019,77080.915019,7594659.7661047,19914853.1105463,858895.6786948,23311442.6367278,146513376.08114377,50,0,3
Z2,7,3,720,6872.0,0.050949,134879.978017,137440.0,1.0,2,6.300733,79006.818295,79006.818295,7594659.7661047,19914853.1105463,858895.6786948,23311442.6367278,146513376.08114377,50,0,3
Z3,0,3,720,5424.0,0.17258,31428.902538,31528.0,1.0,2,6.300733,58316.6032,58316.6032,7594659.7661047,19914853.1105463,858895.6786948,23311442.6367278,146513376.08114377,50,0,3
Z3,1,3,720,7080.0,0.050955,138946.128937,141600.0,1.0,2,6.300733,79820.048479,79820.048479,7594659.7661047,19914853.1105463,858895.6786948,23311442.6367278,146513376.08114377,50,0,3
Z3,2,3,720,7080.0,0.050908,139074.408737,141600.0,1.0,2,6.300733,79845.704439,79845.704439,7594659.7661047,19914853.1105463,858895.6786948,23311442.6367278,146513376.08114377,50,0,3
Z3,3,3,720,5664.0,0.050965,111135.092711,113280.0,1.0,2,6.300733,74257.841234,74257.841234,7594659.7661047,19914853.1105463,858895.6786948,23311442.6367278,146513376.08114377,50,0,3
Z3,4,3,720,7080.0,0.05098,138877.991369,141600.0,1.0,2,6.300733,79806.420966,79806.420966,7594659.7661047,19914853.1105463,858895.6786948,23311442.6367278,146513376.08114377,50,0,3
Z3,5,3,720,7080.0,0.051005,138809.920596,138816.0,1.0,2,6.300733,79792.806811,79792.806811,7594659.7661047,19914853.1105463,858895.6786948,23311442.6367278,146513376.08114377,50,0,3
Z3,6,3,720,5664.0,0.050924,111224.569947,113280.0,1.0,2,6.300733,74275.736682,74275.736682,7594659.7661047,19914853.1105463,858895.6786948,23311442.6367278,146513376.08114377,50,0,3
Z3,7,3,720,7080.0,0.050981,138875.267256,141600.0,1.0,2,6.300733,79805.876143,79805.876143,7594659.7661047,19914853.1105463,858895.6786948,23311442.6367278,146513376.08114377,50,0,3
Z3,8,3,720,7080.0,0.050973,138897.063151,141600.0,1.0,2,6.300733,79810.235322,79810.235322,7594659.7661047,19914853.1105463,858895.6786948,23311442.6367278,146513376.08114377,50,0,3
Z3,9,3,720,14120.0,0.051005,276835.604353,276856.0,1.0,2,6.300733,107397.943563,107397.943563,7594659.7661047,19914853.1105463,858895.6786948,23311442.6367278,146513376.08114377,50,0,3
Z3,10,3,720,17536.0,0.050947,344200.836163,350720.0,1.0,2,6.300733,120870.989925,120870.989925,7594659.7661047,19914853.1105463,858895.6786948,23311442.6367278,146513376.08114377,50,0,3
Z3,11,3,720,16008.0,0.051035,313667.091212,313880.0,1.0,2,6.300733,114764.240934,114764.240934,7594659.7661047,19914853.1105463,858895.6786948,23311442.6367278,146513376.08114377,50,0,3
Z3,12,3,720,10896.0,0.050952,213848.327838,217920.0,1.0,2,6.300733,94800.48826,94800.48826,7594659.7661047,19914853.1105463,858895.6786948,23311442.6367278,146513376.08114377,50,0,3
Z3,13,3,720,19720.0,0.05105,386287.952987,386664.0,1.0,2,6.300733,129288.413289,129288.413289,7594659.7661047,19914853.1105463,858895.6786948,23311442.6367278,146513376.08114377,50,0,3
Z3,14,3,720,20104.0,0.051027,393987.496815,394192.0,1.0,2,6.300733,130828.322055,130828.322055,7594659.7661047,19914853.1105463,858895.6786948,23311442.6367278,146513376.08114377,50,0,3
Z3,15,3,720,12504.0,0.051029,245037.135746,245176.0,1.0,2,6.300733,101038.249841,101038.249841,7594659.7661047,19914853.1105463,858895.6786948,23311442.6367278,146513376.08114377,50,0,3
Z3,16,3,720,23072.0,0.050945,452880.557464,461440.0,1.0,2,6.300733,142606.934185,142606.934185,7594659.7661047,19914853.1105463,858895.6786948,23311442.6367278,146513376.08114377,50,0,3
Z3,17,3,720,18112.0,0.051071,354643.53547,355136.0,1.0,2,6.300733,122959.529786,122959.529786,7594659.7661047,19914853.1105463,858895.6786948,23311442.6367278,146513376.08114377,50,0,3
Z3,18,3,720,18632.0,0.051115,364511.395872,365328.0,1.0,2,6.300733,124933.101866,124933.101866,7594659.7661047,19914853.1105463,858895.6786948,23311442.6367278,146513376.08114377,50,0,3
Z3,19,3,720,9664.0,0.05104,189341.69279,189488.0,1.0,2,6.300733,89899.16125,89899.16125,7594659.7661047,19914853.1105463,858895.6786948,23311442.6367278,146513376.08114377,50,0,3
Z3,20,3,720,12280.0,0.051026,240661.623486,240784.0,1.0,2,6.300733,100163.147389,100163.147389,7594659.7661047,19914853.1105463,858895.6786948,23311442.6367278,146513376.08114377,50,0,3
Z3,21,3,720,10368.0,0.051061,203051.252424,203288.0,1.0,2,6.300733,92641.073177,92641.073177,7594659.7661047,19914853.1105463,858895.6786948,23311442.6367278,146513376.08114377,50,0,3
Z3,22,3,720,10520.0,0.05534,190097.578605,191272.0,1.0,2,6.300733,90050.338413,90050.338413,7594659.7661047,19914853.1105463,858895.6786948,23311442.6367278,146513376.08114377,50,0,3
Z3,23,3,720,15288.0,0.050998,299776.461822,305760.0,1.0,2,6.300733,111986.115056,111986.115056,7594659.7661047,19914853.1105463,858895.6786948,23311442.6367278,146513376.08114377,50,0,3
Z3,24,3,720,16344.0,0.051047,320175.524517,320464.0,1.0,2,6.300733,116065.927595,116065.927595,7594659.7661047,19914853.1105463,858895.6786948,23311442.6367278,146513376.08114377,50,0,3
Z3,25,3,720,9016.0,0.050981,176850.199094,180320.0,1.0,2,6.300733,87400.862511,87400.862511,7594659.7661047,19914853.1105463,858895.6786948,23311442.6367278,146513376.08114377,50,0,3
Z3,26,3,720,13800.0,0.05101,270535.189179,270584.0,1.0,2,6.300733,106137.860528,106137.860528,7594659.7661047,19914853.1105463,858895.6786948,23311442.6367278,146513376.08114377,50,0,3
Z3,27,3,720,17664.0,0.051008,346298.619824,346352.0,1.0,2,6.300733,121290.546657,121290.546657,7594659.7661047,19914853.1105463,858895.6786948,23311442.6367278,146513376.08114377,50,0,3
Z3,28,3,720,10240.0,0.214497,47739.595426,47848.0,1.0,2,6.300733,61578.741777,61578.741777,7594659.7661047,19914853.1105463,858895.6786948,23311442.6367278,146513376.08114377,50,0,3
Z3,29,3,720,8424.0,0.050967,165283.418683,168480.0,1.0,2,6.300733,85087.506429,85087.506429,7594659.7661047,19914853.1105463,858895.6786948,23311442.6367278,146513376.08114377,50,0,3
Z3,30,3,720,6376.0,0.050923,125208.648351,127520.0,1.0,2,6.300733,77072.552362,77072.552362,7594659.7661047,19914853.1105463,858895.6786948,23311442.6367278,146513376.08114377,50,0,3
Z3,31,3,720,6872.0,0.050836,135179.793847,137440.0,1.0,2,6.300733,79066.781461,79066.781461,7594659.7661047,19914853.1105463,858895.6786948,23311442.6367278,146513376.08114377,50,0,3
Z3,32,3,720,6872.0,0.050884,135052.275764,137440.0,1.0,2,6.300733,79041.277845,79041.277845,7594659.7661047,19914853.1105463,858895.6786948,23311442.6367278,146513376.08114377,50,0,3
Z3,33,3,720,6376.0,0.050945,125154.578467,127520.0,1.0,2,6.300733,77061.738385,77061.738385,7594659.7661047,19914853.1105463,858895.6786948,23311442.6367278,146513376.08114377,50,0,3
Z3,34,3,720,6872.0,0.050974,134813.826657,137440.0,1.0,2,6.300733,78993.588023,78993.588023,7594659.7661047,19914853.1105463,858895.6786948,23311442.6367278,146513376.08114377,50,0,3
Z3,35,3,720,6872.0,0.050909,134985.955332,137440.0,1.0,2,6.300733,79028.013758,79028.013758,7594659.7661047,19914853.1105463,858895.6786948,23311442.6367278,146513376.08114377,50,0,3
Z3,36,3,720,6376.0,0.050938,125171.777455,127520.0,1.0,2,6.300733,77065.178183,77065.178183,7594659.7661047,19914853.1105463,858895.6786948,23311442.6367278,146513376.08114377,50,0,3
Z3,37,3,720,6872.0,0.050949,134879.978017,137440.0,1.0,2,6.300733,79006.818295,79006.818295,7594659.7661047,19914853.1105463,858895.6786948,23311442.6367278,146513376.08114377,50,0,3
Z3,38,3,720,6872.0,0.05095,134877.330716,137440.0,1.0,2,6.300733,79006.288835,79006.288835,7594659.7661047,19914853.1105463,858895.6786948,23311442.6367278,146513376.08114377,50,0,3
Z1,0,4,720,22592.0,0.172489,130976.468065,131344.0,1.0,2,9.289182,105201.582448,105201.582448,7594659.7661047,19914853.1105463,858895.6786948,23311442.6367278,146513376.08114377,50,0,3
Z2,0,4,720,6624.0,0.174087,38049.940547,38064.0,1.0,2,9.289182,86616.276945,86616.276945,7594659.7661047,19914853.1105463,858895.6786948,23311442.6367278,146513376.08114377,50,0,3
Z2,1,4,720,6648.0,0.050914,130573.123306,132960.0,1.0,2,9.289182,105120.913497,105120.913497,7594659.7661047,19914853.1105463,858895.6786948,23311442.6367278,146513376.08114377,50,0,3
Z2,2,4,720,7200.0,0.050989,141206.926984,144000.0,1.0,2,9.289182,107247.674232,107247.674232,7594659.7661047,19914853.1105463,858895.6786948,23311442.6367278,146513376.08114377,50,0,3
Z2,3,4,720,7296.0,0.050979,143117.754369,145920.0,1.0,2,9.289182,107629.839709,107629.839709,7594659.7661047,19914853.1105463,858895.6786948,23311442.6367278,146513376.08114377,50,0,3
Z2,4,4,720,17272.0,0.051083,338116.398802,338664.0,1.0,2,9.289182,146629.568596,146629.568596,7594659.7661047,19914853.1105463,858895.6786948,23311442.6367278,146513376.08114377,50,0,3
Z2,5,4,720,26240.0,0.051095,513553.185243,514504.0,1.0,2,9.289182,181716.925884,181716.925884,7594659.7661047,19914853.1105463,858895.6786948,23311442.6367278,146513376.08114377,50,0,3
Z2,6,4,720,12720.0,0.050943,249690.830929,254400.0,1.0,2,9.289182,128944.455021,128944.455021,7594659.7661047,19914853.1105463,858895.6786948,23311442.6367278,146513376.08114377,50,0,3
Z2,7,4,720,11496.0,0.051008,225376.411543,225408.0,1.0,2,9.289182,124081.571144,124081.571144,7594659.7661047,19914853.1105463,858895.6786948,23311442.6367278,146513376.08114377,50,0,3
Z3,0,4,720,6448.0,0.174383,36976.081384,37056.0,1.0,2,9.289182,86401.505112,86401.505112,7594659.7661047,19914853.1105463,858895.6786948,23311442.6367278,146513376.08114377,50,0,3
Z3,1,4,720,7448.0,0.050999,146042.079256,148960.0,1.0,2,9.289182,108214.704687,108214.704687,7594659.7661047,19914853.1105463,858895.6786948,23311442.6367278,146513376.08114377,50,0,3
Z3,2,4,720,7424.0,0.050999,145571.481794,148480.0,1.0,2,9.289182,108120.585194,108120.585194,7594659.7661047,19914853.1105463,858895.6786948,23311442.6367278,146513376.08114377,50,0,3
Z3,3,4,720,6648.0,0.051008,130332.496863,130352.0,1.0,2,9.289182,105072.788208,105072.788208,7594659.7661047,19914853.1105463,858895.6786948,23311442.6367278,146513376.08114377,50,0,3
Z3,4,4,720,7224.0,0.050994,141663.725144,144480.0,1.0,2,9.289182,107339.033864,107339.033864,7594659.7661047,19914853.1105463,858895.6786948,23311442.6367278,146513376.08114377,50,0,3
Z3,5,4,720,7240.0,0.051,141960.784314,141960.0,1.0,2,9.289182,107398.445698,107398.445698,7594659.7661047,19914853.1105463,858895.6786948,23311442.6367278,146513376.08114377,50,0,3
Z3,6,4,720,6648.0,0.050998,130358.053257,132960.0,1.0,2,9.289182,105077.899487,105077.899487,7594659.7661047,19914853.1105463,858895.6786948,23311442.6367278,146513376.08114377,50,0,3
Z3,7,4,720,7232.0,0.051011,141773.343004,141800.0,1.0,2,9.289182,107360.957436,107360.957436,7594659.7661047,19914853.1105463,858895.6786948,23311442.6367278,146513376.08114377,50,0,3
Z3,8,4,720,7296.0,0.050997,143067.239249,145920.0,1.0,2,9.289182,107619.736685,107619.736685,7594659.7661047,19914853.1105463,858895.6786948,23311442.6367278,146513376.08114377,50,0,3
Z3,9,4,720,16456.0,0.051084,322136.089578,322664.0,1.0,2,9.289182,143433.506751,143433.506751,7594659.7661047,19914853.1105463,858895.6786948,23311442.6367278,146513376.08114377,50,0,3
Z3,10,4,720,25392.0,0.051079,497112.316216,497880.0,1.0,2,9.289182,178428.752079,178428.752079,7594659.7661047,19914853.1105463,858895.6786948,23311442.6367278,146513376.08114377,50,0,3
Z3,11,4,720,21592.0,0.051098,422560.569885,423368.0,1.0,2,9.289182,163518.402812,163518.402812,7594659.7661047,19914853.1105463,858895.6786948,23311442.6367278,146513376.08114377,50,0,3
Z3,12,4,720,13528.0,0.05108,264839.467502,265248.0,1.0,2,9.289182,131974.182336,131974.182336,7594659.7661047,19914853.1105463,858895.6786948,23311442.6367278,146513376.08114377,50,0,3
Z3,13,4,720,29512.0,0.051173,576710.374612,578664.0,1.0,2,9.289182,194348.363758,194348.363758,7594659.7661047,19914853.1105463,858895.6786948,23311442.6367278,146513376.08114377,50,0,3
Z3,14,4,720,29688.0,0.05113,580637.590456,582112.0,1.0,2,9.289182,195133.806926,195133.806926,7594659.7661047,19914853.1105463,858895.6786948,23311442.6367278,146513376.08114377,50,0,3
Z3,15,4,720,16760.0,0.051031,328427.818385,328624.0,1.0,2,9.289182,144691.852512,144691.852512,7594659.7661047,19914853.1105463,858895.6786948,23311442.6367278,146513376.08114377,50,0,3
Z3,16,4,720,33128.0,0.051149,647676.39641,649568.0,1.0,2,9.289182,208541.568117,208541.568117,7594659.7661047,19914853.1105463,858895.6786948,23311442.6367278,146513376.08114377,50,0,3
Z3,17,4,720,26248.0,0.433476,60552.371988,60616.0,1.0,2,9.289182,91116.763233,91116.763233,7594659.7661047,19914853.1105463,858895.6786948,23311442.6367278,146513376.08114377,50,0,3
Z3,18,4,720,14624.0,0.051066,286374.495751,286744.0,1.0,2,9.289182,136281.187985,136281.187985,7594659.7661047,19914853.1105463,858895.6786948,23311442.6367278,146513376.08114377,50,0,3
Z3,19,4,720,26816.0,0.051122,524549.117797,525800.0,1.0,2,9.289182,183916.112395,183916.112395,7594659.7661047,19914853.1105463,858895.6786948,23311442.6367278,146513376.08114377,50,0,3
Z3,20,4,720,23128.0,0.051224,451507.106044,453488.0,1.0,2,9.289182,169307.710044,169307.710044,7594659.7661047,19914853.1105463,858895.6786948,23311442.6367278,146513376.08114377,50,0,3
Z3,21,4,720,19440.0,0.051058,380743.468213,381176.0,1.0,2,9.289182,155154.982478,155154.982478,7594659.7661047,19914853.1105463,858895.6786948,23311442.6367278,146513376.08114377,50,0,3
Z3,22,4,720,29088.0,0.05112,569014.084507,570352.0,1.0,2,9.289182,192809.105737,192809.105737,7594659.7661047,19914853.1105463,858895.6786948,23311442.6367278,146513376.08114377,50,0,3
Z3,23,4,720,29840.0,0.05108,584181.675803,585096.0,1.0,2,9.289182,195842.623996,195842.623996,7594659.7661047,19914853.1105463,858895.6786948,23311442.6367278,146513376.08114377,50,0,3
Z3,24,4,720,17200.0,0.051045,336957.586443,337248.0,1.0,2,9.289182,146397.806124,146397.806124,7594659.7661047,19914853.1105463,858895.6786948,23311442.6367278,146513376.08114377,50,0,3
Z3,25,4,720,25664.0,0.051099,502240.748351,503208.0,1.0,2,9.289182,179454.438506,179454.438506,7594659.7661047,19914853.1105463,858895.6786948,23311442.6367278,146513376.08114377,50,0,3
Z3,26,4,720,26808.0,0.178984,149778.751173,150600.0,1.0,2,9.289182,108962.03907,108962.03907,7594659.7661047,19914853.1105463,858895.6786948,23311442.6367278,146513376.08114377,50,0,3
Z3,27,4,720,17472.0,0.051028,342400.250843,342584.0,1.0,2,9.289182,147486.339004,147486.339004,7594659.7661047,19914853.1105463,858895.6786948,23311442.6367278,146513376.08114377,50,0,3
Z3,28,4,720,6448.0,0.051024,126371.903418,126424.0,1.0,2,9.289182,104280.669519,104280.669519,7594659.7661047,19914853.1105463,858895.6786948,23311442.6367278,146513376.08114377,50,0,3
Z3,29,4,720,7200.0,0.051007,141157.096085,141176.0,1.0,2,9.289182,107237.708052,107237.708052,7594659.7661047,19914853.1105463,858895.6786948,23311442.6367278,146513376.08114377,50,0,3
Z3,30,4,720,7520.0,0.050978,147514.614147,150400.0,1.0,2,9.289182,108509.211665,108509.211665,7594659.7661047,19914853.1105463,858895.6786948,23311442.6367278,146513376.08114377,50,0,3
Z3,31,4,720,6728.0,0.050968,132004.394914,134560.0,1.0,2,9.289182,105407.167818,105407.167818,7594659.7661047,19914853.1105463,858895.6786948,23311442.6367278,146513376.08114377,50,0,3
Z3,32,4,720,7224.0,0.050898,141930.920665,144480.0,1.0,2,9.289182,107392.472968,107392.472968,7594659.7661047,19914853.1105463,858895.6786948,23311442.6367278,146513376.08114377,50,0,3
Z3,33,4,720,7256.0,0.051,142274.509804,142272.0,1.0,2,9.289182,107461.190796,107461.190796,7594659.7661047,19914853.1105463,858895.6786948,23311442.6367278,146513376.08114377,50,0,3
Z3,34,4,720,6544.0,0.050933,128482.516247,130880.0,1.0,2,9.289182,104702.792085,104702.792085,7594659.7661047,19914853.1105463,858895.6786948,23311442.6367278,146513376.08114377,50,0,3
Z3,35,4,720,12272.0,0.215792,56869.578112,57072.0,1.0,2,9.289182,90380.204458,90380.204458,7594659.7661047,19914853.1105463,858895.6786948,23311442.6367278,146513376.08114377,50,0,3
Z3,36,4,720,8544.0,0.051027,167440.766653,167528.0,1.0,2,9.289182,112494.442166,112494.442166,7594659.7661047,19914853.1105463,858895.6786948,23311442.6367278,146513376.08114377,50,0,3
Z3,37,4,720,6424.0,0.051014,125926.216333,125960.0,1.0,2,9.289182,104191.532102,104191.532102,7594659.7661047,19914853.1105463,858895.6786948,23311442.6367278,146513376.08114377,50,0,3
Z3,38,4,720,6872.0,0.050999,134747.740152,137440.0,1.0,2,9.289182,105955.836866,105955.836866,7594659.7661047,19914853.1105463,858895.6786948,23311442.6367278,146513376.08114377,50,0,3
Z1,0,5,720,14976.0,0.336761,44470.707713,44568.0,1.0,2,12.78871,114849.978408,114849.978408,7594659.7661047,19914853.1105463,858895.6786948,23311442.6367278,146513376.08114377,50,0,3
Z2,0,5,720,8912.0,0.172761,51585.716684,51808.0,1.0,2,12.78871,116272.980202,116272.980202,7594659.7661047,19914853.1105463,858895.6786948,23311442.6367278,146513376.08114377,50,0,3
Z2,1,5,720,7616.0,0.050927,149547.391364,152320.0,1.0,2,12.78871,135865.315138,135865.315138,7594659.7661047,19914853.1105463,858895.6786948,23311442.6367278,146513376.08114377,50,0,3
Z2,2,5,720,8792.0,0.050986,172439.493194,175840.0,1.0,2,12.78871,140443.735505,140443.735505,7594659.7661047,19914853.1105463,858895.6786948,23311442.6367278,146513376.08114377,50,0,3
Z2,3,5,720,27336.0,0.051132,534616.287257,536000.0,1.0,2,12.78871,212879.094317,212879.094317,7594659.7661047,19914853.1105463,858895.6786948,23311442.6367278,146513376.08114377,50,0,3
Z2,4,5,720,20272.0,0.051069,396953.141828,397488.0,1.0,2,12.78871,185346.465231,185346.465231,7594659.7661047,19914853.1105463,858895.6786948,23311442.6367278,146513376.08114377,50,0,3
Z2,5,5,720,34608.0,0.051154,676545.333698,678584.0,1.0,2,12.78871,241264.903605,241264.903605,7594659.7661047,19914853.1105463,858895.6786948,23311442.6367278,146513376.08114377,50,0,3
Z2,6,5,720,13208.0,0.051032,258817.996551,258976.0,1.0,2,12.78871,157719.436176,157719.436176,7594659.7661047,19914853.1105463,858895.6786948,23311442.6367278,146513376.08114377,50,0,3
Z2,7,5,720,16320.0,0.050931,320433.527714,326400.0,1.0,2,12.78871,170042.542408,170042.542408,7594659.7661047,19914853.1105463,858895.6786948,23311442.6367278,146513376.08114377,50,0,3
Z3,0,5,720,6624.0,0.174298,38003.878415,38064.0,1.0,2,12.78871,113556.612549,113556.612549,7594659.7661047,19914853.1105463,858895.6786948,23311442.6367278,146513376.08114377,50,0,3
Z3,1,5,720,7712.0,0.050923,151444.337529,154240.0,1.0,2,12.78871,136244.704372,136244.704372,7594659.7661047,19914853.1105463,858895.6786948,23311442.6367278,146513376.08114377,50,0,3
Z3,2,5,720,9624.0,0.050959,188857.709139,192480.0,1.0,2,12.78871,143727.378693,143727.378693,7594659.7661047,19914853.1105463,858895.6786948,23311442.6367278,146513376.08114377,50,0,3
Z3,3,5,720,9096.0,0.05091,178668.238067,181920.0,1.0,2,12.78871,141689.484479,141689.484479,7594659.7661047,19914853.1105463,858895.6786948,23311442.6367278,146513376.08114377,50,0,3
Z3,4,5,720,7632.0,0.050834,150135.735925,152640.0,1.0,2,12.78871,135982.984051,135982.984051,7594659.7661047,19914853.1105463,858895.6786948,23311442.6367278,146513376.08114377,50,0,3
Z3,5,5,720,8304.0,0.050959,162954.532075,166080.0,1.0,2,12.78871,138546.743281,138546.743281,7594659.7661047,19914853.1105463,858895.6786948,23311442.6367278,146513376.08114377,50,0,3
Z3,6,5,720,8504.0,0.050888,167112.089294,170080.0,1.0,2,12.78871,139378.254724,139378.254724,7594659.7661047,19914853.1105463,858895.6786948,23311442.6367278,146513376.08114377,50,0,3
Z3,7,5,720,7384.0,0.050927,144991.851081,147680.0,1.0,2,12.78871,134954.207082,134954.207082,7594659.7661047,19914853.1105463,858895.6786948,23311442.6367278,146513376.08114377,50,0,3
Z3,8,5,720,8968.0,0.050938,176057.167537,179360.0,1.0,2,12.78871,141167.270373,141167.270373,7594659.7661047,19914853.1105463,858895.6786948,23311442.6367278,146513376.08114377,50,0,3
Z3,9,5,720,8816.0,0.050916,173147.929924,176320.0,1.0,2,12.78871,140585.42285,140585.42285,7594659.7661047,19914853.1105463,858895.6786948,23311442.6367278,146513376.08114377,50,0,3
Z3,10,5,720,16688.0,0.051029,327029.728194,327208.0,1.0,2,12.78871,171361.782504,171361.782504,7594659.7661047,19914853.1105463,858895.6786948,23311442.6367278,146513376.08114377,50,0,3
Z3,11,5,720,23832.0,0.178368,133611.410118,133880.0,1.0,2,12.78871,132678.118889,132678.118889,7594659.7661047,19914853.1105463,858895.6786948,23311442.6367278,146513376.08114377,50,0,3
Z3,12,5,720,21144.0,0.051034,414312.027276,414584.0,1.0,2,12.78871,188818.242321,188818.242321,7594659.7661047,19914853.1105463,858895.6786948,23311442.6367278,146513376.08114377,50,0,3
Z3,13,5,720,14272.0,0.050996,279865.087458,285440.0,1.0,2,12.78871,161928.854357,161928.854357,7594659.7661047,19914853.1105463,858895.6786948,23311442.6367278,146513376.08114377,50,0,3
Z3,14,5,720,27640.0,0.050974,542237.218974,552800.0,1.0,2,12.78871,214403.280661,214403.280661,7594659.7661047,19914853.1105463,858895.6786948,23311442.6367278,146513376.08114377,50,0,3
Z3,15,5,720,33288.0,0.051006,652629.102459,652704.0,1.0,2,12.78871,236481.657357,236481.657357,7594659.7661047,19914853.1105463,858895.6786948,23311442.6367278,146513376.08114377,50,0,3
Z3,16,5,720,17576.0,0.05098,344762.65202,351520.0,1.0,2,12.78871,174908.36727,174908.36727,7594659.7661047,19914853.1105463,858895.6786948,23311442.6367278,146513376.08114377,50,0,3
Z3,17,5,720,34872.0,0.051596,675866.346228,683760.0,1.0,2,12.78871,241129.106111,241129.106111,7594659.7661047,19914853.1105463,858895.6786948,23311442.6367278,146513376.08114377,50,0,3
Z3,18,5,720,25312.0,0.051002,496294.26297,496312.0,1.0,2,12.78871,205214.68946,205214.68946,7594659.7661047,19914853.1105463,858895.6786948,23311442.6367278,146513376.08114377,50,0,3
Z3,19,5,720,18312.0,0.051011,358981.396169,359056.0,1.0,2,12.78871,177752.1161,177752.1161,7594659.7661047,19914853.1105463,858895.6786948,23311442.6367278,146513376.08114377,50,0,3
Z3,20,5,720,41432.0,0.267185,155068.585437,155176.0,1.0,2,12.78871,136969.553953,136969.553953,7594659.7661047,19914853.1105463,858895.6786948,23311442.6367278,146513376.08114377,50,0,3
Z3,21,5,720,36760.0,0.051065,719866.836385,720784.0,1.0,2,12.78871,249929.204143,249929.204143,7594659.7661047,19914853.1105463,858895.6786948,23311442.6367278,146513376.08114377,50,0,3
Z3,22,5,720,21272.0,0.051042,416754.829356,417096.0,1.0,2,12.78871,189306.802737,189306.802737,7594659.7661047,19914853.1105463,858895.6786948,23311442.6367278,146513376.08114377,50,0,3
Z3,23,5,720,43464.0,0.051017,851951.310348,852232.0,1.0,2,12.78871,276346.098935,276346.098935,7594659.7661047,19914853.1105463,858895.6786948,23311442.6367278,146513376.08114377,50,0,3
Z3,24,5,720,42000.0,0.05108,822239.624119,823528.0,1.0,2,12.78871,270403.761689,270403.761689,7594659.7661047,19914853.1105463,858895.6786948,23311442.6367278,146513376.08114377,50,0,3
Z3,25,5,720,20304.0,0.051038,397821.231239,398112.0,1.0,2,12.78871,185520.083114,185520.083114,7594659.7661047,19914853.1105463,858895.6786948,23311442.6367278,146513376.08114377,50,0,3
Z3,26,5,720,32736.0,0.051116,640425.698411,641880.0,1.0,2,12.78871,234040.976548,234040.976548,7594659.7661047,19914853.1105463,858895.6786948,23311442.6367278,146513376.08114377,50,0,3
Z3,27,5,720,21272.0,0.050984,417228.934568,425440.0,1.0,2,12.78871,189401.623779,189401.623779,7594659.7661047,19914853.1105463,858895.6786948,23311442.6367278,146513376.08114377,50,0,3
Z3,28,5,720,8752.0,0.05095,171776.251227,175040.0,1.0,2,12.78871,140311.087111,140311.087111,7594659.7661047,19914853.1105463,858895.6786948,23311442.6367278,146513376.08114377,50,0,3
Z3,29,5,720,12760.0,0.050947,250456.356606,255200.0,1.0,2,12.78871,156047.108187,156047.108187,7594659.7661047,19914853.1105463,858895.6786948,23311442.6367278,146513376.08114377,50,0,3
Z3,30,5,720,15440.0,0.050877,303477.013189,308800.0,1.0,2,12.78871,166651.239503,166651.239503,7594659.7661047,19914853.1105463,858895.6786948,23311442.6367278,146513376.08114377,50,0,3
Z3,31,5,720,10000.0,0.050818,196780.668267,200000.0,1.0,2,12.78871,145311.970519,145311.970519,7594659.7661047,19914853.1105463,858895.6786948,23311442.6367278,146513376.08114377,50,0,3
Z3,32,5,720,15200.0,0.05093,298448.851365,304000.0,1.0,2,12.78871,165645.607139,165645.607139,7594659.7661047,19914853.1105463,858895.6786948,23311442.6367278,146513376.08114377,50,0,3
Z3,33,5,720,18352.0,0.050942,360252.836559,367040.0,1.0,2,12.78871,178006.404178,178006.404178,7594659.7661047,19914853.1105463,858895.6786948,23311442.6367278,146513376.08114377,50,0,3
Z3,34,5,720,11224.0,0.051063,219806.905196,220072.0,1.0,2,12.78871,149917.217905,149917.217905,7594659.7661047,19914853.1105463,858895.6786948,23311442.6367278,146513376.08114377,50,0,3
Z3,35,5,720,23240.0,0.051038,455346.996356,455680.0,1.0,2,12.78871,197025.236137,197025.236137,7594659.7661047,19914853.1105463,858895.6786948,23311442.6367278,146513376.08114377,50,0,3
Z3,36,5,720,16824.0,0.050929,330342.241159,336480.0,1.0,2,12.78871,172024.285098,172024.285098,7594659.7661047,19914853.1105463,858895.6786948,23311442.6367278,146513376.08114377,50,0,3
Z3,37,5,720,9680.0,0.050876,190266.530388,193600.0,1.0,2,12.78871,144009.142943,144009.142943,7594659.7661047,19914853.1105463,858895.6786948,23311442.6367278,146513376.08114377,50,0,3
Z3,38,5,720,12888.0,0.05095,252953.876349,257760.0,1.0,2,12.78871,156546.612136,156546.612136,7594659.7661047,19914853.1105463,858895.6786948,23311442.6367278,146513376.08114377,50,0,3
Z1,0,6,720,7488.0,0.386958,19350.937311,19392.0,1.0,2,16.117949,135379.98653,135379.98653,7594659.7661047,19914853.1105463,858895.6786948,23311442.6367278,146513376.08114377,50,0,3
Z2,0,6,720,6624.0,0.172585,38381.08758,38504.0,1.0,2,16.117949,139186.016583,139186.016583,7594659.7661047,19914853.1105463,858895.6786948,23311442.6367278,146513376.08114377,50,0,3
Z2,1,6,720,6768.0,0.050882,133013.639401,135360.0,1.0,2,16.117949,158112.526948,158112.526948,7594659.7661047,19914853.1105463,858895.6786948,23311442.6367278,146513376.08114377,50,0,3
Z2,2,6,720,7752.0,0.050881,152355.496158,155040.0,1.0,2,16.117949,161980.898299,161980.898299,7594659.7661047,19914853.1105463,858895.6786948,23311442.6367278,146513376.08114377,50,0,3
Z2,3,6,720,10768.0,0.050984,211203.514828,215360.0,1.0,2,16.117949,173750.502033,173750.502033,7594659.7661047,19914853.1105463,858895.6786948,23311442.6367278,146513376.08114377,50,0,3
Z2,4,6,720,14912.0,0.050966,292587.215006,298240.0,1.0,2,16.117949,190027.242069,190027.242069,7594659.7661047,19914853.1105463,858895.6786948,23311442.6367278,146513376.08114377,50,0,3
Z2,5,6,720,14376.0,0.050952,282147.90391,287520.0,1.0,2,16.117949,187939.379849,187939.379849,7594659.7661047,19914853.1105463,858895.6786948,23311442.6367278,146513376.08114377,50,0,3
Z2,6,6,720,7176.0,0.050996,140716.918974,143520.0,1.0,2,16.117949,159653.182862,159653.182862,7594659.7661047,19914853.1105463,858895.6786948,23311442.6367278,146513376.08114377,50,0,3
Z2,7,6,720,8768.0,0.051023,171844.070321,171920.0,1.0,2,16.117949,165878.613132,165878.613132,7594659.7661047,19914853.1105463,858895.6786948,23311442.6367278,146513376.08114377,50,0,3
Z3,0,6,720,6760.0,0.17321,39027.769759,39072.0,1.0,2,16.117949,139315.353019,139315.353019,7594659.7661047,19914853.1105463,858895.6786948,23311442.6367278,146513376.08114377,50,0,3
Z3,1,6,720,8320.0,0.050898,163464.183268,166400.0,1.0,2,16.117949,164202.635721,164202.635721,7594659.7661047,19914853.1105463,858895.6786948,23311442.6367278,146513376.08114377,50,0,3
Z3,2,6,720,7800.0,0.050867,153341.065917,156000.0,1.0,2,16.117949,162178.012251,162178.012251,7594659.7661047,19914853.1105463,858895.6786948,23311442.6367278,146513376.08114377,50,0,3
Z3,3,6,720,6928.0,0.050815,136337.695562,138560.0,1.0,2,16.117949,158777.33818,158777.33818,7594659.7661047,19914853.1105463,858895.6786948,23311442.6367278,146513376.08114377,50,0,3
Z3,4,6,720,7472.0,0.051048,146372.042,146504.0,1.0,2,16.117949,160784.207467,160784.207467,7594659.7661047,19914853.1105463,858895.6786948,23311442.6367278,146513376.08114377,50,0,3
Z3,5,6,720,7416.0,0.050883,145746.12346,148320.0,1.0,2,16.117949,160659.023759,160659.023759,7594659.7661047,19914853.1105463,858895.6786948,23311442.6367278,146513376.08114377,50,0,3
Z3,6,6,720,6760.0,0.050896,132819.867966,135200.0,1.0,2,16.117949,158073.772661,158073.772661,7594659.7661047,19914853.1105463,858895.6786948,23311442.6367278,146513376.08114377,50,0,3
Z3,7,6,720,7600.0,0.050966,149119.020523,152000.0,1.0,2,16.117949,161333.603172,161333.603172,7594659.7661047,19914853.1105463,858895.6786948,23311442.6367278,146513376.08114377,50,0,3
Z3,8,6,720,7600.0,0.051002,149013.764166,149016.0,1.0,2,16.117949,161312.551901,161312.551901,7594659.7661047,19914853.1105463,858895.6786948,23311442.6367278,146513376.08114377,50,0,3
Z3,9,6,720,12912.0,0.050909,253629.024338,258240.0,1.0,2,16.117949,182235.603935,182235.603935,7594659.7661047,19914853.1105463,858895.6786948,23311442.6367278,146513376.08114377,50,0,3
Z3,10,6,720,17552.0,0.050882,344954.993907,351040.0,1.0,2,16.117949,200500.797849,200500.797849,7594659.7661047,19914853.1105463,858895.6786948,23311442.6367278,146513376.08114377,50,0,3
Z3,11,6,720,14968.0,0.050937,293853.191197,299360.0,1.0,2,16.117949,190280.437307,190280.437307,7594659.7661047,19914853.1105463,858895.6786948,23311442.6367278,146513376.08114377,50,0,3
Z3,12,6,720,10336.0,0.050826,203360.484791,206720.0,1.0,2,16.117949,172181.896026,172181.896026,7594659.7661047,19914853.1105463,858895.6786948,23311442.6367278,146513376.08114377,50,0,3
Z3,13,6,720,18344.0,0.050994,359728.595521,366880.0,1.0,2,16.117949,203455.518172,203455.518172,7594659.7661047,19914853.1105463,858895.6786948,23311442.6367278,146513376.08114377,50,0,3
Z3,14,6,720,20456.0,0.05083,402439.50423,409120.0,1.0,2,16.117949,211997.699913,211997.699913,7594659.7661047,19914853.1105463,858895.6786948,23311442.6367278,146513376.08114377,50,0,3
Z3,15,6,720,12480.0,0.050916,245109.59227,249600.0,1.0,2,16.117949,180531.717521,180531.717521,7594659.7661047,19914853.1105463,858895.6786948,23311442.6367278,146513376.08114377,50,0,3
Z3,16,6,720,18912.0,0.050963,371092.753566,378240.0,1.0,2,16.117949,205728.349781,205728.349781,7594659.7661047,19914853.1105463,858895.6786948,23311442.6367278,146513376.08114377,50,0,3
Z3,17,6,720,16112.0,0.050884,316641.773445,322240.0,1.0,2,16.117949,194838.153756,194838.153756,7594659.7661047,19914853.1105463,858895.6786948,23311442.6367278,146513376.08114377,50,0,3
Z3,18,6,720,17456.0,0.05096,342543.171115,349120.0,1.0,2,16.117949,200018.43329,200018.43329,7594659.7661047,19914853.1105463,858895.6786948,23311442.6367278,146513376.08114377,50,0,3
Z3,19,6,720,16088.0,0.050951,315754.352221,321760.0,1.0,2,16.117949,194660.669512,194660.669512,7594659.7661047,19914853.1105463,858895.6786948,23311442.6367278,146513376.08114377,50,0,3
Z3,20,6,720,31984.0,0.050982,627358.675611,639680.0,1.0,2,16.117949,256981.53419,256981.53419,7594659.7661047,19914853.1105463,858895.6786948,23311442.6367278,146513376.08114377,50,0,3
Z3,21,6,720,21472.0,0.050992,421085.660496,429440.0,1.0,2,16.117949,215726.931167,215726.931167,7594659.7661047,19914853.1105463,858895.6786948,23311442.6367278,146513376.08114377,50,0,3
Z3,22,6,720,19320.0,0.216191,89365.422242,89440.0,1.0,2,16.117949,149382.883516,149382.883516,7594659.7661047,19914853.1105463,858895.6786948,23311442.6367278,146513376.08114377,50,0,3
Z3,23,6,720,33040.0,0.051068,646980.496593,647840.0,1.0,2,16.117949,260905.898386,260905.898386,7594659.7661047,19914853.1105463,858895.6786948,23311442.6367278,146513376.08114377,50,0,3
Z3,24,6,720,26472.0,0.050997,519089.358198,529440.0,1.0,2,16.117949,235327.670707,235327.670707,7594659.7661047,19914853.1105463,858895.6786948,23311442.6367278,146513376.08114377,50,0,3
Z3,25,6,720,12984.0,0.050989,254643.158328,259680.0,1.0,2,16.117949,182438.430733,182438.430733,7594659.7661047,19914853.1105463,858895.6786948,23311442.6367278,146513376.08114377,50,0,3
Z3,26,6,720,21128.0,0.051037,413974.175598,414272.0,1.0,2,16.117949,214304.634187,214304.634187,7594659.7661047,19914853.1105463,858895.6786948,23311442.6367278,146513376.08114377,50,0,3
Z3,27,6,720,21576.0,0.051028,422826.68339,423056.0,1.0,2,16.117949,216075.135745,216075.135745,7594659.7661047,19914853.1105463,858895.6786948,23311442.6367278,146513376.08114377,50,0,3
Z3,28,6,720,9568.0,0.050962,187747.733605,191360.0,1.0,2,16.117949,169059.345788,169059.345788,7594659.7661047,19914853.1105463,858895.6786948,23311442.6367278,146513376.08114377,50,0,3
Z3,29,6,720,12800.0,0.050998,250990.234911,256000.0,1.0,2,16.117949,181707.84605,181707.84605,7594659.7661047,19914853.1105463,858895.6786948,23311442.6367278,146513376.08114377,50,0,3
Z3,30,6,720,7048.0,0.050886,138505.679362,140960.0,1.0,2,16.117949,159210.93494,159210.93494,7594659.7661047,19914853.1105463,858895.6786948,23311442.6367278,146513376.08114377,50,0,3
Z3,31,6,720,8656.0,0.050965,169842.048465,173120.0,1.0,2,16.117949,165478.20876,165478.20876,7594659.7661047,19914853.1105463,858895.6786948,23311442.6367278,146513376.08114377,50,0,3
Z3,32,6,720,9488.0,0.05099,186075.701118,189760.0,1.0,2,16.117949,168724.939291,168724.939291,7594659.7661047,19914853.1105463,858895.6786948,23311442.6367278,146513376.08114377,50,0,3
Z3,33,6,720,8424.0,0.050795,165843.094793,168480.0,1.0,2,16.117949,164678.418026,164678.418026,7594659.7661047,19914853.1105463,858895.6786948,23311442.6367278,146513376.08114377,50,0,3
Z3,34,6,720,9328.0,0.050987,182948.59474,186560.0,1.0,2,16.117949,168099.518015,168099.518015,7594659.7661047,19914853.1105463,858895.6786948,23311442.6367278,146513376.08114377,50,0,3
Z3,35,6,720,8680.0,0.050959,170333.012814,173600.0,1.0,2,16.117949,165576.40163,165576.40163,7594659.7661047,19914853.1105463,858895.6786948,23311442.6367278,146513376.08114377,50,0,3
Z3,36,6,720,7160.0,0.050854,140795.217682,143200.0,1.0,2,16.117949,159668.842604,159668.842604,7594659.7661047,19914853.1105463,858895.6786948,23311442.6367278,146513376.08114377,50,0,3
Z3,37,6,720,10360.0,0.050877,203628.35859,207200.0,1.0,2,16.117949,172235.470785,172235.470785,7594659.7661047,19914853.1105463,858895.6786948,23311442.6367278,146513376.08114377,50,0,3
Z3,38,6,720,9048.0,0.050876,177844.170139,180960.0,1.0,2,16.117949,167078.633095,167078.633095,7594659.7661047,19914853.1105463,858895.6786948,23311442.6367278,146513376.08114377,50,0,3
Z1,0,7,720,7408.0,0.171651,43157.336689,43320.0,1.0,2,19.315592,148716.090809,148716.090809,7594659.7661047,19914853.1105463,858895.6786948,23311442.6367278,146513376.08114377,50,0,3
Z2,0,7,720,6624.0,0.171918,38529.996859,38736.0,1.0,2,19.315592,147790.622843,147790.622843,7594659.7661047,19914853.1105463,858895.6786948,23311442.6367278,146513376.08114377,50,0,3
Z2,1,7,720,6792.0,0.050857,133550.936941,135840.0,1.0,2,19.315592,166794.81086,166794.81086,7594659.7661047,19914853.1105463,858895.6786948,23311442.6367278,146513376.08114377,50,0,3
Z2,2,7,720,7464.0,0.050851,146781.774203,149280.0,1.0,2,19.315592,169440.978312,169440.978312,7594659.7661047,19914853.1105463,858895.6786948,23311442.6367278,146513376.08114377,50,0,3
Z2,3,7,720,10144.0,0.050949,199101.061846,202880.0,1.0,2,19.315592,179904.835841,179904.835841,7594659.7661047,19914853.1105463,858895.6786948,23311442.6367278,146513376.08114377,50,0,3
Z2,4,7,720,14352.0,0.050919,281859.423791,287040.0,1.0,2,19.315592,196456.508229,196456.508229,7594659.7661047,19914853.1105463,858895.6786948,23311442.6367278,146513376.08114377,50,0,3
Z2,5,7,720,15008.0,0.051513,291343.9326,294272.0,1.0,2,19.315592,198353.409991,198353.409991,7594659.7661047,19914853.1105463,858895.6786948,23311442.6367278,146513376.08114377,50,0,3
Z2,6,7,720,7168.0,0.050923,140761.541936,143360.0,1.0,2,19.315592,168236.931859,168236.931859,7594659.7661047,19914853.1105463,858895.6786948,23311442.6367278,146513376.08114377,50,0,3
Z2,7,7,720,8160.0,0.050957,160135.015798,163200.0,1.0,2,19.315592,172111.626631,172111.626631,7594659.7661047,19914853.1105463,858895.6786948,23311442.6367278,146513376.08114377,50,0,3
Z3,0,7,720,6656.0,0.173806,38295.570924,38472.0,1.0,2,19.315592,147743.737656,147743.737656,7594659.7661047,19914853.1105463,858895.6786948,23311442.6367278,146513376.08114377,50,0,3
Z3,1,7,720,7664.0,0.050903,150560.870676,153280.0,1.0,2,19.315592,170196.797606,170196.797606,7594659.7661047,19914853.1105463,858895.6786948,23311442.6367278,146513376.08114377,50,0,3
Z3,2,7,720,7664.0,0.051005,150259.778453,150272.0,1.0,2,19.315592,170136.579162,170136.579162,7594659.7661047,19914853.1105463,858895.6786948,23311442.6367278,146513376.08114377,50,0,3
Z3,3,7,720,6920.0,0.05093,135872.766542,138400.0,1.0,2,19.315592,167259.17678,167259.17678,7594659.7661047,19914853.1105463,858895.6786948,23311442.6367278,146513376.08114377,50,0,3
Z3,4,7,720,7504.0,0.050867,147521.969057,150080.0,1.0,2,19.315592,169589.017283,169589.017283,7594659.7661047,19914853.1105463,858895.6786948,23311442.6367278,146513376.08114377,50,0,3
Z3,5,7,720,7480.0,0.051066,146477.108056,146664.0,1.0,2,19.315592,169380.045083,169380.045083,7594659.7661047,19914853.1105463,858895.6786948,23311442.6367278,146513376.08114377,50,0,3
Z3,6,7,720,6728.0,0.050957,132032.890476,134560.0,1.0,2,19.315592,166491.201567,166491.201567,7594659.7661047,19914853.1105463,858895.6786948,23311442.6367278,146513376.08114377,50,0,3
Z3,7,7,720,7632.0,0.050947,149802.736177,152640.0,1.0,2,19.315592,170045.170707,170045.170707,7594659.7661047,19914853.1105463,858895.6786948,23311442.6367278,146513376.08114377,50,0,3
Z3,8,7,720,7392.0,0.050968,145032.177052,147840.0,1.0,2,19.315592,169091.058882,169091.058882,7594659.7661047,19914853.1105463,858895.6786948,23311442.6367278,146513376.08114377,50,0,3
Z3,9,7,720,12800.0,0.051036,250803.354495,250976.0,1.0,2,19.315592,190245.29437,190245.29437,7594659.7661047,19914853.1105463,858895.6786948,23311442.6367278,146513376.08114377,50,0,3
Z3,10,7,720,16760.0,0.051048,328318.445385,328624.0,1.0,2,19.315592,205748.312548,205748.312548,7594659.7661047,19914853.1105463,858895.6786948,23311442.6367278,146513376.08114377,50,0,3
Z3,11,7,720,14104.0,0.051061,276218.64045,276544.0,1.0,2,19.315592,195328.351561,195328.351561,7594659.7661047,19914853.1105463,858895.6786948,23311442.6367278,146513376.08114377,50,0,3
Z3,12,7,720,9704.0,0.051042,190117.942087,190272.0,1.0,2,19.315592,178108.211889,178108.211889,7594659.7661047,19914853.1105463,858895.6786948,23311442.6367278,146513376.08114377,50,0,3
Z3,13,7,720,17248.0,0.050949,338534.613044,344960.0,1.0,2,19.315592,207791.54608,207791.54608,7594659.7661047,19914853.1105463,858895.6786948,23311442.6367278,146513376.08114377,50,0,3
Z3,14,7,720,21552.0,0.051102,421744.745803,422584.0,1.0,2,19.315592,224433.572632,224433.572632,7594659.7661047,19914853.1105463,858895.6786948,23311442.6367278,146513376.08114377,50,0,3
Z3,15,7,720,16688.0,0.051004,327190.024312,327208.0,1.0,2,19.315592,205522.628334,205522.628334,7594659.7661047,19914853.1105463,858895.6786948,23311442.6367278,146513376.08114377,50,0,3
Z3,16,7,720,23312.0,0.051065,456516.204837,457096.0,1.0,2,19.315592,231387.864439,231387.864439,7594659.7661047,19914853.1105463,858895.6786948,23311442.6367278,146513376.08114377,50,0,3
Z3,17,7,720,14952.0,0.051041,292940.969025,293176.0,1.0,2,19.315592,198672.817276,198672.817276,7594659.7661047,19914853.1105463,858895.6786948,23311442.6367278,146513376.08114377,50,0,3
Z3,18,7,720,16856.0,0.050966,330730.290782,337120.0,1.0,2,19.315592,206230.681628,206230.681628,7594659.7661047,19914853.1105463,858895.6786948,23311442.6367278,146513376.08114377,50,0,3
Z3,19,7,720,23928.0,0.051107,468194.180836,469176.0,1.0,2,19.315592,233723.459639,233723.459639,7594659.7661047,19914853.1105463,858895.6786948,23311442.6367278,146513376.08114377,50,0,3
Z3,20,7,720,29544.0,0.051043,578806.104657,579288.0,1.0,2,19.315592,255845.844403,255845.844403,7594659.7661047,19914853.1105463,858895.6786948,23311442.6367278,146513376.08114377,50,0,3
Z3,21,7,720,31920.0,0.051121,624400.931124,625880.0,1.0,2,19.315592,264964.809696,264964.809696,7594659.7661047,19914853.1105463,858895.6786948,23311442.6367278,146513376.08114377,50,0,3
Z3,22,7,720,15096.0,0.051048,295721.673719,296000.0,1.0,2,19.315592,199228.958215,199228.958215,7594659.7661047,19914853.1105463,858895.6786948,23311442.6367278,146513376.08114377,50,0,3
Z3,23,7,720,22296.0,0.05109,436406.34175,437176.0,1.0,2,19.315592,227365.891821,227365.891821,7594659.7661047,19914853.1105463,858895.6786948,23311442.6367278,146513376.08114377,50,0,3
Z3,24,7,720,24272.0,0.051068,475287.851492,475920.0,1.0,2,19.315592,235142.19377,235142.19377,7594659.7661047,19914853.1105463,858895.6786948,23311442.6367278,146513376.08114377,50,0,3
Z3,25,7,720,13368.0,0.051022,262004.625456,262112.0,1.0,2,19.315592,192485.548562,192485.548562,7594659.7661047,19914853.1105463,858895.6786948,23311442.6367278,146513376.08114377,50,0,3
Z3,26,7,720,21768.0,0.051115,425863.249535,426816.0,1.0,2,19.315592,225257.273378,225257.273378,7594659.7661047,19914853.1105463,858895.6786948,23311442.6367278,146513376.08114377,50,0,3
Z3,27,7,720,21680.0,0.051104,424232.936756,425096.0,1.0,2,19.315592,224931.210823,224931.210823,7594659.7661047,19914853.1105463,858895.6786948,23311442.6367278,146513376.08114377,50,0,3
Z3,28,7,720,9672.0,0.051066,189401.950417,189640.0,1.0,2,19.315592,177965.013555,177965.013555,7594659.7661047,19914853.1105463,858895.6786948,23311442.6367278,146513376.08114377,50,0,3
Z3,29,7,720,13368.0,0.051035,261937.885765,262112.0,1.0,2,19.315592,192472.200624,192472.200624,7594659.7661047,19914853.1105463,858895.6786948,23311442.6367278,146513376.08114377,50,0,3
Z3,30,7,720,13424.0,0.051009,263169.244643,263208.0,1.0,2,19.315592,192718.4724,192718.4724,7594659.7661047,19914853.1105463,858895.6786948,23311442.6367278,146513376.08114377,50,0,3
Z3,31,7,720,8064.0,0.050971,158207.608248,161280.0,1.0,2,19.315592,171726.145121,171726.145121,7594659.7661047,19914853.1105463,858895.6786948,23311442.6367278,146513376.08114377,50,0,3
Z3,32,7,720,9424.0,0.051059,184570.790654,184784.0,1.0,2,19.315592,176998.781602,176998.781602,7594659.7661047,19914853.1105463,858895.6786948,23311442.6367278,146513376.08114377,50,0,3
Z3,33,7,720,7368.0,0.051054,144317.781173,144464.0,1.0,2,19.315592,168948.179706,168948.179706,7594659.7661047,19914853.1105463,858895.6786948,23311442.6367278,146513376.08114377,50,0,3
Z3,34,7,720,8792.0,0.050965,172510.546453,175840.0,1.0,2,19.315592,174586.732762,174586.732762,7594659.7661047,19914853.1105463,858895.6786948,23311442.6367278,146513376.08114377,50,0,3
Z3,35,7,720,8568.0,0.05104,167868.338558,168000.0,1.0,2,19.315592,173658.291183,173658.291183,7594659.7661047,19914853.1105463,858895.6786948,23311442.6367278,146513376.08114377,50,0,3
Z3,36,7,720,7064.0,0.306152,23073.505971,23080.0,1.0,2,19.315592,144699.324666,144699.324666,7594659.7661047,19914853.1105463,858895.6786948,23311442.6367278,146513376.08114377,50,0,3
Z3,37,7,720,10104.0,0.051091,197764.772661,198112.0,1.0,2,19.315592,179637.578003,179637.578003,7594659.7661047,19914853.1105463,858895.6786948,23311442.6367278,146513376.08114377,50,0,3
Z3,38,7,720,8640.0,0.051,169411.764706,169408.0,1.0,2,19.315592,173966.976413,173966.976413,7594659.7661047,19914853.1105463,858895.6786948,23311442.6367278,146513376.08114377,50,0,3
Z1,0,8,720,7744.0,0.171765,45084.854307,45280.0,1.0,2,22.391585,156008.481131,156008.481131,7594659.7661047,19914853.1105463,858895.6786948,23311442.6367278,146513376.08114377,50,0,3
Z2,0,8,720,6624.0,0.17331,38220.529687,38288.0,1.0,2,22.391585,154635.616207,154635.616207,7594659.7661047,19914853.1105463,858895.6786948,23311442.6367278,146513376.08114377,50,0,3
Z2,1,8,720,6968.0,0.050891,136920.084101,139360.0,1.0,2,22.391585,174375.527089,174375.527089,7594659.7661047,19914853.1105463,858895.6786948,23311442.6367278,146513376.08114377,50,0,3
Z2,2,8,720,7968.0,0.050942,156413.175769,159360.0,1.0,2,22.391585,178274.145423,178274.145423,7594659.7661047,19914853.1105463,858895.6786948,23311442.6367278,146513376.08114377,50,0,3
Z2,3,8,720,12752.0,0.051014,249970.596307,250032.0,1.0,2,22.391585,196985.629531,196985.629531,7594659.7661047,19914853.1105463,858895.6786948,23311442.6367278,146513376.08114377,50,0,3
Z2,4,8,720,18720.0,0.05095,367419.038273,374400.0,1.0,2,22.391585,220475.317924,220475.317924,7594659.7661047,19914853.1105463,858895.6786948,23311442.6367278,146513376.08114377,50,0,3
Z2,5,8,720,25648.0,0.051087,502045.530174,502896.0,1.0,2,22.391585,247400.616304,247400.616304,7594659.7661047,19914853.1105463,858895.6786948,23311442.6367278,146513376.08114377,50,0,3
Z2,6,8,720,9784.0,0.050945,192050.25027,195680.0,1.0,2,22.391585,185401.560323,185401.560323,7594659.7661047,19914853.1105463,858895.6786948,23311442.6367278,146513376.08114377,50,0,3
Z2,7,8,720,13192.0,0.051083,258246.383337,258664.0,1.0,2,22.391585,198640.786937,198640.786937,7594659.7661047,19914853.1105463,858895.6786948,23311442.6367278,146513376.08114377,50,0,3
Z3,0,8,720,6768.0,0.178127,37995.362859,38016.0,1.0,2,22.391585,154590.582841,154590.582841,7594659.7661047,19914853.1105463,858895.6786948,23311442.6367278,146513376.08114377,50,0,3
Z3,1,8,720,8032.0,0.050969,157585.983637,160640.0,1.0,2,22.391585,178508.706997,178508.706997,7594659.7661047,19914853.1105463,858895.6786948,23311442.6367278,146513376.08114377,50,0,3
Z3,2,8,720,7872.0,0.050874,154735.228211,157440.0,1.0,2,22.391585,177938.555911,177938.555911,7594659.7661047,19914853.1105463,858895.6786948,23311442.6367278,146513376.08114377,50,0,3
Z3,3,8,720,7024.0,0.050964,137822.776862,140480.0,1.0,2,22.391585,174556.065642,174556.065642,7594659.7661047,19914853.1105463,858895.6786948,23311442.6367278,146513376.08114377,50,0,3
Z3,4,8,720,7816.0,0.051,153254.901961,153248.0,1.0,2,22.391585,177642.490661,177642.490661,7594659.7661047,19914853.1105463,858895.6786948,23311442.6367278,146513376.08114377,50,0,3
Z3,5,8,720,7936.0,0.050988,155644.465364,158720.0,1.0,2,22.391585,178120.403342,178120.403342,7594659.7661047,19914853.1105463,858895.6786948,23311442.6367278,146513376.08114377,50,0,3
Z3,6,8,720,6928.0,0.05101,135816.506567,135840.0,1.0,2,22.391585,174154.811583,174154.811583,7594659.7661047,19914853.1105463,858895.6786948,23311442.6367278,146513376.08114377,50,0,3
Z3,7,8,720,8048.0,0.05095,157958.783121,160960.0,1.0,2,22.391585,178583.266893,178583.266893,7594659.7661047,19914853.1105463,858895.6786948,23311442.6367278,146513376.08114377,50,0,3
Z3,8,8,720,7664.0,0.050986,150315.772957,153280.0,1.0,2,22.391585,177054.664861,177054.664861,7594659.7661047,19914853.1105463,858895.6786948,23311442.6367278,146513376.08114377,50,0,3
Z3,9,8,720,14248.0,0.051021,279257.560612,279368.0,1.0,2,22.391585,202843.022392,202843.022392,7594659.7661047,19914853.1105463,858895.6786948,23311442.6367278,146513376.08114377,50,0,3
Z3,10,8,720,19448.0,0.051028,381124.088736,381328.0,1.0,2,22.391585,223216.328016,223216.328016,7594659.7661047,19914853.1105463,858895.6786948,23311442.6367278,146513376.08114377,50,0,3
Z3,11,8,720,17344.0,0.051034,339851.863464,340072.0,1.0,2,22.391585,214961.882962,214961.882962,7594659.7661047,19914853.1105463,858895.6786948,23311442.6367278,146513376.08114377,50,0,3
Z3,12,8,720,11952.0,0.051066,234050.052873,234352.0,1.0,2,22.391585,193801.520844,193801.520844,7594659.7661047,19914853.1105463,858895.6786948,23311442.6367278,146513376.08114377,50,0,3
Z3,13,8,720,25224.0,0.051146,493176.396981,494584.0,1.0,2,22.391585,245626.789665,245626.789665,7594659.7661047,19914853.1105463,858895.6786948,23311442.6367278,146513376.08114377,50,0,3
Z3,14,8,720,35992.0,0.051183,703202.235117,705720.0,1.0,2,22.391585,287631.957293,287631.957293,7594659.7661047,19914853.1105463,858895.6786948,23311442.6367278,146513376.08114377,50,0,3
Z3,15,8,720,20016.0,0.051086,391809.889206,392464.0,1.0,2,22.391585,225353.488111,225353.488111,7594659.7661047,19914853.1105463,858895.6786948,23311442.6367278,146513376.08114377,50,0,3
Z3,16,8,720,36432.0,0.051174,711924.023918,714352.0,1.0,2,22.391585,289376.315053,289376.315053,7594659.7661047,19914853.1105463,858895.6786948,23311442.6367278,146513376.08114377,50,0,3
Z3,17,8,720,22472.0,0.051096,439799.592923,440624.0,1.0,2,22.391585,234951.428854,234951.428854,7594659.7661047,19914853.1105463,858895.6786948,23311442.6367278,146513376.08114377,50,0,3
Z3,18,8,720,21736.0,0.051028,425962.216822,426192.0,1.0,2,22.391585,232183.953634,232183.953634,7594659.7661047,19914853.1105463,858895.6786948,23311442.6367278,146513376.08114377,50,0,3
Z3,19,8,720,16848.0,0.050993,330398.289961,336960.0,1.0,2,22.391585,213071.168262,213071.168262,7594659.7661047,19914853.1105463,858895.6786948,23311442.6367278,146513376.08114377,50,0,3
Z3,20,8,720,47160.0,0.051178,921489.702607,924704.0,1.0,2,22.391585,331289.450791,331289.450791,7594659.7661047,19914853.1105463,858895.6786948,23311442.6367278,146513376.08114377,50,0,3
Z3,21,8,720,39472.0,0.268434,147045.456239,147280.0,1.0,2,22.391585,176400.601517,176400.601517,7594659.7661047,19914853.1105463,858895.6786948,23311442.6367278,146513376.08114377,50,0,3
Z3,22,8,720,26968.0,0.051102,527728.856013,528784.0,1.0,2,22.391585,252537.281472,252537.281472,7594659.7661047,19914853.1105463,858895.6786948,23311442.6367278,146513376.08114377,50,0,3
Z3,23,8,720,39776.0,0.051053,779111.903316,779920.0,1.0,2,22.391585,302813.890932,302813.890932,7594659.7661047,19914853.1105463,858895.6786948,23311442.6367278,146513376.08114377,50,0,3
Z3,24,8,720,34992.0,0.051216,683223.992502,686112.0,1.0,2,22.391585,283636.30877,283636.30877,7594659.7661047,19914853.1105463,858895.6786948,23311442.6367278,146513376.08114377,50,0,3
Z3,25,8,720,22464.0,0.178592,125783.909694,126200.0,1.0,2,22.391585,172148.292208,172148.292208,7594659.7661047,19914853.1105463,858895.6786948,23311442.6367278,146513376.08114377,50,0,3
Z3,26,8,720,43144.0,0.101772,423927.995912,427168.0,1.0,2,22.391585,231777.109452,231777.109452,7594659.7661047,19914853.1105463,858895.6786948,23311442.6367278,146513376.08114377,50,0,3
Z3,27,8,720,43672.0,0.051185,853218.716421,856312.0,1.0,2,22.391585,317635.253553,317635.253553,7594659.7661047,19914853.1105463,858895.6786948,23311442.6367278,146513376.08114377,50,0,3
Z3,28,8,720,18320.0,0.050966,359455.323157,366400.0,1.0,2,22.391585,218882.574901,218882.574901,7594659.7661047,19914853.1105463,858895.6786948,23311442.6367278,146513376.08114377,50,0,3
Z3,29,8,720,24560.0,0.05112,480438.184664,481568.0,1.0,2,22.391585,243079.147202,243079.147202,7594659.7661047,19914853.1105463,858895.6786948,23311442.6367278,146513376.08114377,50,0,3
Z3,30,8,720,19040.0,0.051081,372741.332394,373328.0,1.0,2,22.391585,221539.776748,221539.776748,7594659.7661047,19914853.1105463,858895.6786948,23311442.6367278,146513376.08114377,50,0,3
Z3,31,8,720,20160.0,0.05117,393980.848153,395288.0,1.0,2,22.391585,225787.6799,225787.6799,7594659.7661047,19914853.1105463,858895.6786948,23311442.6367278,146513376.08114377,50,0,3
Z3,32,8,720,16496.0,0.051059,323077.224387,323448.0,1.0,2,22.391585,211606.955147,211606.955147,7594659.7661047,19914853.1105463,858895.6786948,23311442.6367278,146513376.08114377,50,0,3
Z3,33,8,720,11624.0,0.051064,227635.90788,227920.0,1.0,2,22.391585,192518.691845,192518.691845,7594659.7661047,19914853.1105463,858895.6786948,23311442.6367278,146513376.08114377,50,0,3
Z3,34,8,720,21024.0,0.051069,411678.31757,412232.0,1.0,2,22.391585,229327.173783,229327.173783,7594659.7661047,19914853.1105463,858895.6786948,23311442.6367278,146513376.08114377,50,0,3
Z3,35,8,720,28496.0,0.051055,558143.178925,558744.0,1.0,2,22.391585,258620.146054,258620.146054,7594659.7661047,19914853.1105463,858895.6786948,23311442.6367278,146513376.08114377,50,0,3
Z3,36,8,720,12416.0,0.051083,243055.419611,243448.0,1.0,2,22.391585,195602.594191,195602.594191,7594659.7661047,19914853.1105463,858895.6786948,23311442.6367278,146513376.08114377,50,0,3
Z3,37,8,720,17312.0,0.051086,338879.536468,339448.0,1.0,2,22.391585,214767.417563,214767.417563,7594659.7661047,19914853.1105463,858895.6786948,23311442.6367278,146513376.08114377,50,0,3
Z3,38,8,720,14664.0,0.051095,286994.813583,287528.0,1.0,2,22.391585,204390.472986,204390.472986,7594659.7661047,19914853.1105463,858895.6786948,23311442.6367278,146513376.08114377,50,0,3
Z1,0,9,720,7696.0,0.172168,44700.525069,44744.0,1.0,2,25.614951,186381.029969,186381.029969,7594659.7661047,19914853.1105463,858895.6786948,23311442.6367278,146513376.08114377,50,0,3
Z2,0,9,720,6624.0,0.173331,38215.89906,38288.0,1.0,2,25.614951,185084.104767,185084.104767,7594659.7661047,19914853.1105463,858895.6786948,23311442.6367278,146513376.08114377,50,0,3
Z2,1,9,720,6776.0,0.050984,132904.440609,135520.0,1.0,2,25.614951,204021.813077,204021.813077,7594659.7661047,19914853.1105463,858895.6786948,23311442.6367278,146513376.08114377,50,0,3
Z2,2,9,720,7496.0,0.050937,147162.180733,149920.0,1.0,2,25.614951,206873.361102,206873.361102,7594659.7661047,19914853.1105463,858895.6786948,23311442.6367278,146513376.08114377,50,0,3
Z2,3,9,720,16056.0,0.050962,315058.278717,321120.0,1.0,2,25.614951,240452.580699,240452.580699,7594659.7661047,19914853.1105463,858895.6786948,23311442.6367278,146513376.08114377,50,0,3
Z2,4,9,720,24464.0,0.051123,478532.167518,479680.0,1.0,2,25.614951,273147.358459,273147.358459,7594659.7661047,19914853.1105463,858895.6786948,23311442.6367278,146513376.08114377,50,0,3
Z2,5,9,720,36648.0,0.051124,716845.317268,718584.0,1.0,2,25.614951,320809.988409,320809.988409,7594659.7661047,19914853.1105463,858895.6786948,23311442.6367278,146513376.08114377,50,0,3
Z2,6,9,720,11344.0,0.051018,222352.895057,222424.0,1.0,2,25.614951,221911.503967,221911.503967,7594659.7661047,19914853.1105463,858895.6786948,23311442.6367278,146513376.08114377,50,0,3
Z2,7,9,720,15808.0,0.050883,310673.505886,316160.0,1.0,2,25.614951,239575.626133,239575.626133,7594659.7661047,19914853.1105463,858895.6786948,23311442.6367278,146513376.08114377,50,0,3
Z3,0,9,720,6752.0,0.171388,39395.990384,39480.0,1.0,2,25.614951,185320.123032,185320.123032,7594659.7661047,19914853.1105463,858895.6786948,23311442.6367278,146513376.08114377,50,0,3
Z3,1,9,720,9824.0,0.051005,192608.567787,192624.0,1.0,2,25.614951,215962.638513,215962.638513,7594659.7661047,19914853.1105463,858895.6786948,23311442.6367278,146513376.08114377,50,0,3
Z3,2,9,720,8640.0,0.050948,169584.67457,172800.0,1.0,2,25.614951,211357.859869,211357.859869,7594659.7661047,19914853.1105463,858895.6786948,23311442.6367278,146513376.08114377,50,0,3
Z3,3,9,720,7248.0,0.050853,142528.464397,144960.0,1.0,2,25.614951,205946.617835,205946.617835,7594659.7661047,19914853.1105463,858895.6786948,23311442.6367278,146513376.08114377,50,0,3
Z3,4,9,720,8336.0,0.305037,27327.832361,27328.0,1.0,2,25.614951,182906.491428,182906.491428,7594659.7661047,19914853.1105463,858895.6786948,23311442.6367278,146513376.08114377,50,0,3
Z3,5,9,720,9640.0,0.050899,189394.683589,192800.0,1.0,2,25.614951,215319.861673,215319.861673,7594659.7661047,19914853.1105463,858895.6786948,23311442.6367278,146513376.08114377,50,0,3
Z3,6,9,720,10312.0,0.050846,202808.48051,206240.0,1.0,2,25.614951,218002.621057,218002.621057,7594659.7661047,19914853.1105463,858895.6786948,23311442.6367278,146513376.08114377,50,0,3
Z3,7,9,720,21208.0,0.050889,416750.181768,424160.0,1.0,2,25.614951,260790.961309,260790.961309,7594659.7661047,19914853.1105463,858895.6786948,23311442.6367278,146513376.08114377,50,0,3
Z3,8,9,720,8000.0,0.307277,26035.140931,26056.0,1.0,2,25.614951,182647.953142,182647.953142,7594659.7661047,19914853.1105463,858895.6786948,23311442.6367278,146513376.08114377,50,0,3
Z3,9,9,720,16880.0,0.050964,331214.190409,337600.0,1.0,2,25.614951,243683.763037,243683.763037,7594659.7661047,19914853.1105463,858895.6786948,23311442.6367278,146513376.08114377,50,0,3
Z3,10,9,720,23240.0,0.05091,456491.84836,464800.0,1.0,2,25.614951,268739.294627,268739.294627,7594659.7661047,19914853.1105463,858895.6786948,23311442.6367278,146513376.08114377,50,0,3
Z3,11,9,720,21680.0,0.050964,425398.320383,433600.0,1.0,2,25.614951,262520.589032,262520.589032,7594659.7661047,19914853.1105463,858895.6786948,23311442.6367278,146513376.08114377,50,0,3
Z3,12,9,720,16096.0,0.05094,315979.583824,321920.0,1.0,2,25.614951,240636.84172,240636.84172,7594659.7661047,19914853.1105463,858895.6786948,23311442.6367278,146513376.08114377,50,0,3
Z3,13,9,720,39872.0,0.051061,780869.939876,781800.0,1.0,2,25.614951,333614.912931,333614.912931,7594659.7661047,19914853.1105463,858895.6786948,23311442.6367278,146513376.08114377,50,0,3
Z3,14,9,720,46392.0,0.051123,907458.482483,909640.0,1.0,2,25.614951,358932.621452,358932.621452,7594659.7661047,19914853.1105463,858895.6786948,23311442.6367278,146513376.08114377,50,0,3
Z3,15,9,720,26168.0,0.051023,512866.746369,513096.0,1.0,2,25.614951,280014.274229,280014.274229,7594659.7661047,19914853.1105463,858895.6786948,23311442.6367278,146513376.08114377,50,0,3
Z3,16,9,720,48816.0,0.05108,955677.368833,957176.0,1.0,2,25.614951,368576.398722,368576.398722,7594659.7661047,19914853.1105463,858895.6786948,23311442.6367278,146513376.08114377,50,0,3
Z3,17,9,720,38664.0,0.050952,758831.841733,773280.0,1.0,2,25.614951,329207.293302,329207.293302,7594659.7661047,19914853.1105463,858895.6786948,23311442.6367278,146513376.08114377,50,0,3
Z3,18,9,720,26344.0,0.050962,516934.186256,526880.0,1.0,2,25.614951,280827.762207,280827.762207,7594659.7661047,19914853.1105463,858895.6786948,23311442.6367278,146513376.08114377,50,0,3
Z3,19,9,720,19912.0,0.050938,390906.592328,398240.0,1.0,2,25.614951,255622.243421,255622.243421,7594659.7661047,19914853.1105463,858895.6786948,23311442.6367278,146513376.08114377,50,0,3
Z3,20,9,720,61688.0,0.101805,605942.733657,610768.0,1.0,2,25.614951,298629.471687,298629.471687,7594659.7661047,19914853.1105463,858895.6786948,23311442.6367278,146513376.08114377,50,0,3
Z3,21,9,720,59200.0,0.051077,1159034.399045,1160784.0,1.0,2,25.614951,409247.804764,409247.804764,7594659.7661047,19914853.1105463,858895.6786948,23311442.6367278,146513376.08114377,50,0,3
Z3,22,9,720,41064.0,0.05103,804703.115814,805176.0,1.0,2,25.614951,338381.548118,338381.548118,7594659.7661047,19914853.1105463,858895.6786948,23311442.6367278,146513376.08114377,50,0,3
Z3,23,9,720,55576.0,0.051161,1086296.202185,1089720.0,1.0,2,25.614951,394700.165392,394700.165392,7594659.7661047,19914853.1105463,858895.6786948,23311442.6367278,146513376.08114377,50,0,3
Z3,24,9,720,50200.0,0.051145,981523.12054,984312.0,1.0,2,25.614951,373745.549063,373745.549063,7594659.7661047,19914853.1105463,858895.6786948,23311442.6367278,146513376.08114377,50,0,3
Z3,25,9,720,30056.0,0.05097,589680.204042,601120.0,1.0,2,25.614951,295376.965764,295376.965764,7594659.7661047,19914853.1105463,858895.6786948,23311442.6367278,146513376.08114377,50,0,3
Z3,26,9,720,59504.0,0.180241,330135.762673,330576.0,1.0,2,25.614951,243468.07749,243468.07749,7594659.7661047,19914853.1105463,858895.6786948,23311442.6367278,146513376.08114377,50,0,3
Z3,27,9,720,65232.0,0.101947,639861.889021,645856.0,1.0,2,25.614951,305413.30276,305413.30276,7594659.7661047,19914853.1105463,858895.6786948,23311442.6367278,146513376.08114377,50,0,3
Z3,28,9,720,23952.0,0.355295,67414.402117,67464.0,1.0,2,25.614951,190923.805379,190923.805379,7594659.7661047,19914853.1105463,858895.6786948,23311442.6367278,146513376.08114377,50,0,3
Z3,29,9,720,32816.0,0.051037,642984.50144,643448.0,1.0,2,25.614951,306037.825243,306037.825243,7594659.7661047,19914853.1105463,858895.6786948,23311442.6367278,146513376.08114377,50,0,3
Z3,30,9,720,8856.0,0.050873,174080.553535,177120.0,1.0,2,25.614951,212257.035662,212257.035662,7594659.7661047,19914853.1105463,858895.6786948,23311442.6367278,146513376.08114377,50,0,3
Z3,31,9,720,14088.0,0.050875,276914.004914,281760.0,1.0,2,25.614951,232823.725938,232823.725938,7594659.7661047,19914853.1105463,858895.6786948,23311442.6367278,146513376.08114377,50,0,3
Z3,32,9,720,15104.0,0.050879,296861.180448,302080.0,1.0,2,25.614951,236813.161045,236813.161045,7594659.7661047,19914853.1105463,858895.6786948,23311442.6367278,146513376.08114377,50,0,3
Z3,33,9,720,11784.0,0.050901,231508.221842,235680.0,1.0,2,25.614951,223742.569324,223742.569324,7594659.7661047,19914853.1105463,858895.6786948,23311442.6367278,146513376.08114377,50,0,3
Z3,34,9,720,18496.0,0.050802,364080.154325,369920.0,1.0,2,25.614951,250256.95582,250256.95582,7594659.7661047,19914853.1105463,858895.6786948,23311442.6367278,146513376.08114377,50,0,3
Z3,35,9,720,22376.0,0.050887,439719.37823,447520.0,1.0,2,25.614951,265384.800601,265384.800601,7594659.7661047,19914853.1105463,858895.6786948,23311442.6367278,146513376.08114377,50,0,3
Z3,36,9,720,8792.0,0.050863,172856.496864,175840.0,1.0,2,25.614951,212012.224328,212012.224328,7594659.7661047,19914853.1105463,858895.6786948,23311442.6367278,146513376.08114377,50,0,3
Z3,37,9,720,19464.0,0.05093,382171.60809,389280.0,1.0,2,25.614951,253875.246573,253875.246573,7594659.7661047,19914853.1105463,858895.6786948,23311442.6367278,146513376.08114377,50,0,3
Z3,38,9,720,20360.0,0.050955,399568.246492,407200.0,1.0,2,25.614951,257354.574254,257354.574254,7594659.7661047,19914853.1105463,858895.6786948,23311442.6367278,146513376.08114377,50,0,3
Z1,0,10,720,35840.0,0.172401,207887.425247,208368.0,1.0,2,29.478574,248341.284033,248341.284033,7594659.7661047,19914853.1105463,858895.6786948,23311442.6367278,146513376.08114377,50,0,3
Z2,0,10,720,7832.0,0.172751,45336.930032,45528.0,1.0,2,29.478574,215831.18499,215831.18499,7594659.7661047,19914853.1105463,858895.6786948,23311442.6367278,146513376.08114377,50,0,3
Z2,1,10,720,29728.0,0.051087,581909.291992,582896.0,1.0,2,29.478574,323145.657382,323145.657382,7594659.7661047,19914853.1105463,858895.6786948,23311442.6367278,146513376.08114377,50,0,3
Z2,2,10,720,35840.0,0.051176,700328.278881,702744.0,1.0,2,29.478574,346829.45476,346829.45476,7594659.7661047,19914853.1105463,858895.6786948,23311442.6367278,146513376.08114377,50,0,3
Z2,3,10,720,35136.0,0.051098,687619.867705,688936.0,1.0,2,29.478574,344287.772525,344287.772525,7594659.7661047,19914853.1105463,858895.6786948,23311442.6367278,146513376.08114377,50,0,3
Z2,4,10,720,23040.0,0.051019,451596.464062,451760.0,1.0,2,29.478574,297083.091796,297083.091796,7594659.7661047,19914853.1105463,858895.6786948,23311442.6367278,146513376.08114377,50,0,3
Z2,5,10,720,43888.0,0.051117,858579.337598,860544.0,1.0,2,29.478574,378479.666504,378479.666504,7594659.7661047,19914853.1105463,858895.6786948,23311442.6367278,146513376.08114377,50,0,3
Z2,6,10,720,17936.0,0.05106,351273.012143,351680.0,1.0,2,29.478574,277018.401412,277018.401412,7594659.7661047,19914853.1105463,858895.6786948,23311442.6367278,146513376.08114377,50,0,3
Z2,7,10,720,24920.0,0.050978,488838.322414,498400.0,1.0,2,29.478574,304531.463467,304531.463467,7594659.7661047,19914853.1105463,858895.6786948,23311442.6367278,146513376.08114377,50,0,3
Z3,0,10,720,6624.0,0.173705,38133.61734,38288.0,1.0,2,29.478574,214390.522452,214390.522452,7594659.7661047,19914853.1105463,858895.6786948,23311442.6367278,146513376.08114377,50,0,3
Z3,1,10,720,6840.0,0.050966,134207.118471,136800.0,1.0,2,29.478574,233605.222678,233605.222678,7594659.7661047,19914853.1105463,858895.6786948,23311442.6367278,146513376.08114377,50,0,3
Z3,2,10,720,22064.0,0.357324,61747.881475,61800.0,1.0,2,29.478574,219113.375279,219113.375279,7594659.7661047,19914853.1105463,858895.6786948,23311442.6367278,146513376.08114377,50,0,3
Z3,3,10,720,15312.0,0.050986,300317.73428,306240.0,1.0,2,29.478574,266827.34584,266827.34584,7594659.7661047,19914853.1105463,858895.6786948,23311442.6367278,146513376.08114377,50,0,3
Z3,4,10,720,7752.0,0.05093,152208.914196,155040.0,1.0,2,29.478574,237205.581823,237205.581823,7594659.7661047,19914853.1105463,858895.6786948,23311442.6367278,146513376.08114377,50,0,3
Z3,5,10,720,11432.0,0.051,224156.862745,224152.0,1.0,2,29.478574,251595.171533,251595.171533,7594659.7661047,19914853.1105463,858895.6786948,23311442.6367278,146513376.08114377,50,0,3
Z3,6,10,720,17232.0,0.050911,338473.021547,344640.0,1.0,2,29.478574,274458.403293,274458.403293,7594659.7661047,19914853.1105463,858895.6786948,23311442.6367278,146513376.08114377,50,0,3
Z3,7,10,720,23328.0,0.051048,456981.664316,457408.0,1.0,2,29.478574,298160.131847,298160.131847,7594659.7661047,19914853.1105463,858895.6786948,23311442.6367278,146513376.08114377,50,0,3
Z3,8,10,720,18496.0,0.050971,362873.006219,369920.0,1.0,2,29.478574,279338.400228,279338.400228,7594659.7661047,19914853.1105463,858895.6786948,23311442.6367278,146513376.08114377,50,0,3
Z3,9,10,720,7968.0,0.050941,156416.246246,159360.0,1.0,2,29.478574,238047.048233,238047.048233,7594659.7661047,19914853.1105463,858895.6786948,23311442.6367278,146513376.08114377,50,0,3
Z3,10,10,720,7008.0,0.050951,137543.914742,140160.0,1.0,2,29.478574,234272.581932,234272.581932,7594659.7661047,19914853.1105463,858895.6786948,23311442.6367278,146513376.08114377,50,0,3
Z3,11,10,720,7480.0,0.05094,146839.418924,149600.0,1.0,2,29.478574,236131.682769,236131.682769,7594659.7661047,19914853.1105463,858895.6786948,23311442.6367278,146513376.08114377,50,0,3
Z3,12,10,720,19568.0,0.051007,383633.618915,383680.0,1.0,2,29.478574,283490.522767,283490.522767,7594659.7661047,19914853.1105463,858895.6786948,23311442.6367278,146513376.08114377,50,0,3
Z3,13,10,720,36064.0,0.051085,705960.653812,707136.0,1.0,2,29.478574,347955.929746,347955.929746,7594659.7661047,19914853.1105463,858895.6786948,23311442.6367278,146513376.08114377,50,0,3
Z3,14,10,720,29248.0,0.051085,572535.969463,573488.0,1.0,2,29.478574,321270.992876,321270.992876,7594659.7661047,19914853.1105463,858895.6786948,23311442.6367278,146513376.08114377,50,0,3
Z3,15,10,720,24216.0,0.051022,474618.791894,474816.0,1.0,2,29.478574,301687.557363,301687.557363,7594659.7661047,19914853.1105463,858895.6786948,23311442.6367278,146513376.08114377,50,0,3
Z3,16,10,720,54424.0,0.051357,1059719.220359,1067136.0,1.0,2,29.478574,418707.643056,418707.643056,7594659.7661047,19914853.1105463,858895.6786948,23311442.6367278,146513376.08114377,50,0,3
Z3,17,10,720,56832.0,0.101803,558254.66833,562688.0,1.0,2,29.478574,318414.73265,318414.73265,7594659.7661047,19914853.1105463,858895.6786948,23311442.6367278,146513376.08114377,50,0,3
Z3,18,10,720,29576.0,0.379699,77893.278623,78032.0,1.0,2,29.478574,222342.454709,222342.454709,7594659.7661047,19914853.1105463,858895.6786948,23311442.6367278,146513376.08114377,50,0,3
Z3,19,10,720,52328.0,0.101616,514958.274288,518096.0,1.0,2,29.478574,309755.453841,309755.453841,7594659.7661047,19914853.1105463,858895.6786948,23311442.6367278,146513376.08114377,50,0,3
Z3,20,10,720,52840.0,0.101705,519541.812104,523168.0,1.0,2,29.478574,310672.161405,310672.161405,7594659.7661047,19914853.1105463,858895.6786948,23311442.6367278,146513376.08114377,50,0,3
Z3,21,10,720,23160.0,0.051052,453655.096764,454112.0,1.0,2,29.478574,297494.818337,297494.818337,7594659.7661047,19914853.1105463,858895.6786948,23311442.6367278,146513376.08114377,50,0,3
Z3,22,10,720,77048.0,0.101806,756811.975719,762848.0,1.0,2,29.478574,358126.194128,358126.194128,7594659.7661047,19914853.1105463,858895.6786948,23311442.6367278,146513376.08114377,50,0,3
Z3,23,10,720,68968.0,0.101879,676959.923046,682848.0,1.0,2,29.478574,342155.783593,342155.783593,7594659.7661047,19914853.1105463,858895.6786948,23311442.6367278,146513376.08114377,50,0,3
Z3,24,10,720,52224.0,0.051148,1021036.990694,1024000.0,1.0,2,29.478574,410971.197123,410971.197123,7594659.7661047,19914853.1105463,858895.6786948,23311442.6367278,146513376.08114377,50,0,3
Z3,25,10,720,76384.0,0.101847,749987.726688,756272.0,1.0,2,29.478574,356761.344322,356761.344322,7594659.7661047,19914853.1105463,858895.6786948,23311442.6367278,146513376.08114377,50,0,3
Z3,26,10,720,57512.0,0.051139,1124621.130644,1127680.0,1.0,2,29.478574,431688.025113,431688.025113,7594659.7661047,19914853.1105463,858895.6786948,23311442.6367278,146513376.08114377,50,0,3
Z3,27,10,720,35600.0,0.051049,697369.194304,698032.0,1.0,2,29.478574,346237.637845,346237.637845,7594659.7661047,19914853.1105463,858895.6786948,23311442.6367278,146513376.08114377,50,0,3
Z3,28,10,720,72816.0,0.101812,715200.565749,720944.0,1.0,2,29.478574,349803.912134,349803.912134,7594659.7661047,19914853.1105463,858895.6786948,23311442.6367278,146513376.08114377,50,0,3
Z3,29,10,720,93600.0,0.101903,918520.55386,926728.0,1.0,2,29.478574,390467.909756,390467.909756,7594659.7661047,19914853.1105463,858895.6786948,23311442.6367278,146513376.08114377,50,0,3
Z3,30,10,720,13072.0,0.050997,256328.803655,261440.0,1.0,2,29.478574,258029.559715,258029.559715,7594659.7661047,19914853.1105463,858895.6786948,23311442.6367278,146513376.08114377,50,0,3
Z3,31,10,720,20608.0,0.050956,404427.349085,412160.0,1.0,2,29.478574,287649.268801,287649.268801,7594659.7661047,19914853.1105463,858895.6786948,23311442.6367278,146513376.08114377,50,0,3
Z3,32,10,720,22584.0,0.051041,442467.819988,442816.0,1.0,2,29.478574,295257.362981,295257.362981,7594659.7661047,19914853.1105463,858895.6786948,23311442.6367278,146513376.08114377,50,0,3
Z3,33,10,720,14712.0,0.050982,288572.437331,294240.0,1.0,2,29.478574,264478.28645,264478.28645,7594659.7661047,19914853.1105463,858895.6786948,23311442.6367278,146513376.08114377,50,0,3
Z3,34,10,720,20512.0,0.051063,401699.860956,402192.0,1.0,2,29.478574,287103.771175,287103.771175,7594659.7661047,19914853.1105463,858895.6786948,23311442.6367278,146513376.08114377,50,0,3
Z3,35,10,720,17992.0,0.051058,352383.56379,352784.0,1.0,2,29.478574,277240.511742,277240.511742,7594659.7661047,19914853.1105463,858895.6786948,23311442.6367278,146513376.08114377,50,0,3
Z3,36,10,720,11464.0,0.051076,224449.839455,224784.0,1.0,2,29.478574,251653.766875,251653.766875,7594659.7661047,19914853.1105463,858895.6786948,23311442.6367278,146513376.08114377,50,0,3
Z3,37,10,720,22376.0,0.05105,438315.377081,438744.0,1.0,2,29.478574,294426.8744,294426.8744,7594659.7661047,19914853.1105463,858895.6786948,23311442.6367278,146513376.08114377,50,0,3
Z3,38,10,720,29088.0,0.051068,569593.483199,570352.0,1.0,2,29.478574,320682.495624,320682.495624,7594659.7661047,19914853.1105463,858895.6786948,23311442.6367278,146513376.08114377,50,0,3
Z1,0,11,720,36680.0,0.172547,212579.760877,213248.0,1.0,2,33.342024,327629.613771,327629.613771,7594659.7661047,19914853.1105463,858895.6786948,23311442.6367278,146513376.08114377,50,0,3
Z2,0,11,720,6624.0,0.173644,38147.01343,38288.0,1.0,2,33.342024,292743.064282,292743.064282,7594659.7661047,19914853.1105463,858895.6786948,23311442.6367278,146513376.08114377,50,0,3
Z2,1,11,720,8224.0,0.050868,161673.350633,164480.0,1.0,2,33.342024,317448.331722,317448.331722,7594659.7661047,19914853.1105463,858895.6786948,23311442.6367278,146513376.08114377,50,0,3
Z2,2,11,720,8720.0,0.050931,171212.031965,174400.0,1.0,2,33.342024,319356.067989,319356.067989,7594659.7661047,19914853.1105463,858895.6786948,23311442.6367278,146513376.08114377,50,0,3
Z2,3,11,720,10080.0,0.050954,197825.489657,201600.0,1.0,2,33.342024,324678.759527,324678.759527,7594659.7661047,19914853.1105463,858895.6786948,23311442.6367278,146513376.08114377,50,0,3
Z2,4,11,720,36112.0,0.050997,708120.085495,722240.0,1.0,2,33.342024,426737.678695,426737.678695,7594659.7661047,19914853.1105463,858895.6786948,23311442.6367278,146513376.08114377,50,0,3
Z2,5,11,720,39392.0,0.051069,771348.567624,772392.0,1.0,2,33.342024,439383.375121,439383.375121,7594659.7661047,19914853.1105463,858895.6786948,23311442.6367278,146513376.08114377,50,0,3
Z2,6,11,720,43216.0,0.051045,846625.526496,847368.0,1.0,2,33.342024,454438.766895,454438.766895,7594659.7661047,19914853.1105463,858895.6786948,23311442.6367278,146513376.08114377,50,0,3
Z2,7,11,720,41864.0,0.054626,766374.98627,775256.0,1.0,2,33.342024,438388.65885,438388.65885,7594659.7661047,19914853.1105463,858895.6786948,23311442.6367278,146513376.08114377,50,0,3
Z3,0,11,720,11320.0,0.172073,65786.032672,65808.0,1.0,2,33.342024,298270.86813,298270.86813,7594659.7661047,19914853.1105463,858895.6786948,23311442.6367278,146513376.08114377,50,0,3
Z3,1,11,720,16208.0,0.051035,317585.970412,317800.0,1.0,2,33.342024,348630.855678,348630.855678,7594659.7661047,19914853.1105463,858895.6786948,23311442.6367278,146513376.08114377,50,0,3
Z3,2,11,720,12920.0,0.050985,253407.865058,258400.0,1.0,2,33.342024,335795.234608,335795.234608,7594659.7661047,19914853.1105463,858895.6786948,23311442.6367278,146513376.08114377,50,0,3
Z3,3,11,720,8968.0,0.05096,175981.161695,179360.0,1.0,2,33.342024,320309.893935,320309.893935,7594659.7661047,19914853.1105463,858895.6786948,23311442.6367278,146513376.08114377,50,0,3
Z3,4,11,720,12016.0,0.050982,235691.028206,240320.0,1.0,2,33.342024,332251.867237,332251.867237,7594659.7661047,19914853.1105463,858895.6786948,23311442.6367278,146513376.08114377,50,0,3
Z3,5,11,720,21880.0,0.051075,428389.623103,429016.0,1.0,2,33.342024,370791.586217,370791.586217,7594659.7661047,19914853.1105463,858895.6786948,23311442.6367278,146513376.08114377,50,0,3
Z3,6,11,720,13408.0,0.050853,263661.927517,268160.0,1.0,2,33.342024,337846.047099,337846.047099,7594659.7661047,19914853.1105463,858895.6786948,23311442.6367278,146513376.08114377,50,0,3
Z3,7,11,720,14528.0,0.051005,284834.820116,284856.0,1.0,2,33.342024,342080.625619,342080.625619,7594659.7661047,19914853.1105463,858895.6786948,23311442.6367278,146513376.08114377,50,0,3
Z3,8,11,720,15928.0,0.051011,312246.378232,312312.0,1.0,2,33.342024,347562.937242,347562.937242,7594659.7661047,19914853.1105463,858895.6786948,23311442.6367278,146513376.08114377,50,0,3
Z3,9,11,720,23504.0,0.05094,461405.575186,470080.0,1.0,2,33.342024,377394.776633,377394.776633,7594659.7661047,19914853.1105463,858895.6786948,23311442.6367278,146513376.08114377,50,0,3
Z3,10,11,720,50640.0,0.051162,989797.115046,992936.0,1.0,2,33.342024,483073.084605,483073.084605,7594659.7661047,19914853.1105463,858895.6786948,23311442.6367278,146513376.08114377,50,0,3
Z3,11,11,720,47296.0,0.051121,925177.520002,927368.0,1.0,2,33.342024,470149.165596,470149.165596,7594659.7661047,19914853.1105463,858895.6786948,23311442.6367278,146513376.08114377,50,0,3
Z3,12,11,720,34344.0,0.051043,672844.464471,673408.0,1.0,2,33.342024,419682.55449,419682.55449,7594659.7661047,19914853.1105463,858895.6786948,23311442.6367278,146513376.08114377,50,0,3
Z3,13,11,720,73648.0,0.05121,1438156.610037,1444072.0,1.0,2,33.342024,572744.983603,572744.983603,7594659.7661047,19914853.1105463,858895.6786948,23311442.6367278,146513376.08114377,50,0,3
Z3,14,11,720,59920.0,0.051187,1170609.725126,1174896.0,1.0,2,33.342024,519235.606621,519235.606621,7594659.7661047,19914853.1105463,858895.6786948,23311442.6367278,146513376.08114377,50,0,3
Z3,15,11,720,40664.0,0.051068,796271.637816,797328.0,1.0,2,33.342024,444367.989159,444367.989159,7594659.7661047,19914853.1105463,858895.6786948,23311442.6367278,146513376.08114377,50,0,3
Z3,16,11,720,56880.0,0.05115,1112023.460411,1115288.0,1.0,2,33.342024,507518.353678,507518.353678,7594659.7661047,19914853.1105463,858895.6786948,23311442.6367278,146513376.08114377,50,0,3
Z3,17,11,720,57216.0,0.051107,1119533.527697,1121880.0,1.0,2,33.342024,509020.367135,509020.367135,7594659.7661047,19914853.1105463,858895.6786948,23311442.6367278,146513376.08114377,50,0,3
Z3,18,11,720,28160.0,0.05106,551508.029769,552152.0,1.0,2,33.342024,395415.26755,395415.26755,7594659.7661047,19914853.1105463,858895.6786948,23311442.6367278,146513376.08114377,50,0,3
Z3,19,11,720,76696.0,0.051307,1494844.758025,1503840.0,1.0,2,33.342024,584082.613201,584082.613201,7594659.7661047,19914853.1105463,858895.6786948,23311442.6367278,146513376.08114377,50,0,3
Z3,20,11,720,80520.0,0.051293,1569804.846665,1578816.0,1.0,2,33.342024,599074.630929,599074.630929,7594659.7661047,19914853.1105463,858895.6786948,23311442.6367278,146513376.08114377,50,0,3
Z3,21,11,720,66560.0,0.051187,1300330.161955,1305096.0,1.0,2,33.342024,545179.693987,545179.693987,7594659.7661047,19914853.1105463,858895.6786948,23311442.6367278,146513376.08114377,50,0,3
Z3,22,11,720,77808.0,0.051278,1517375.872694,1525640.0,1.0,2,33.342024,588588.836135,588588.836135,7594659.7661047,19914853.1105463,858895.6786948,23311442.6367278,146513376.08114377,50,0,3
Z3,23,11,720,55056.0,0.051234,1074598.899169,1079528.0,1.0,2,33.342024,500033.44143,500033.44143,7594659.7661047,19914853.1105463,858895.6786948,23311442.6367278,146513376.08114377,50,0,3
Z3,24,11,720,36552.0,0.051058,715891.730973,716704.0,1.0,2,33.342024,428292.00779,428292.00779,7594659.7661047,19914853.1105463,858895.6786948,23311442.6367278,146513376.08114377,50,0,3
Z3,25,11,720,100304.0,0.051356,1953111.613054,1966744.0,1.0,2,33.342024,675735.984207,675735.984207,7594659.7661047,19914853.1105463,858895.6786948,23311442.6367278,146513376.08114377,50,0,3
Z3,26,11,720,133264.0,0.101927,1307445.524738,1319440.0,1.0,2,33.342024,546602.766544,546602.766544,7594659.7661047,19914853.1105463,858895.6786948,23311442.6367278,146513376.08114377,50,0,3
Z3,27,11,720,50760.0,0.055789,909856.781803,922904.0,1.0,2,33.342024,467085.017956,467085.017956,7594659.7661047,19914853.1105463,858895.6786948,23311442.6367278,146513376.08114377,50,0,3
Z3,28,11,720,14528.0,0.051002,284851.574448,284856.0,1.0,2,33.342024,342083.976485,342083.976485,7594659.7661047,19914853.1105463,858895.6786948,23311442.6367278,146513376.08114377,50,0,3
Z3,29,11,720,24392.0,0.051073,477590.899301,478272.0,1.0,2,33.342024,380631.841456,380631.841456,7594659.7661047,19914853.1105463,858895.6786948,23311442.6367278,146513376.08114377,50,0,3
Z3,30,11,720,22216.0,0.051035,435309.101597,435600.0,1.0,2,33.342024,372175.481915,372175.481915,7594659.7661047,19914853.1105463,858895.6786948,23311442.6367278,146513376.08114377,50,0,3
Z3,31,11,720,14368.0,0.050932,282101.625697,287360.0,1.0,2,33.342024,341533.986735,341533.986735,7594659.7661047,19914853.1105463,858895.6786948,23311442.6367278,146513376.08114377,50,0,3
Z3,32,11,720,21288.0,0.051056,416953.932936,417408.0,1.0,2,33.342024,368504.448183,368504.448183,7594659.7661047,19914853.1105463,858895.6786948,23311442.6367278,146513376.08114377,50,0,3
Z3,33,11,720,18544.0,0.050991,363672.020553,370880.0,1.0,2,33.342024,357848.065706,357848.065706,7594659.7661047,19914853.1105463,858895.6786948,23311442.6367278,146513376.08114377,50,0,3
Z3,34,11,720,12272.0,0.051024,240514.267796,240624.0,1.0,2,33.342024,333216.515155,333216.515155,7594659.7661047,19914853.1105463,858895.6786948,23311442.6367278,146513376.08114377,50,0,3
Z3,35,11,720,21736.0,0.179066,121385.410966,121424.0,1.0,2,33.342024,309390.743789,309390.743789,7594659.7661047,19914853.1105463,858895.6786948,23311442.6367278,146513376.08114377,50,0,3
Z3,36,11,720,22688.0,0.050947,445325.534379,453760.0,1.0,2,33.342024,374178.768472,374178.768472,7594659.7661047,19914853.1105463,858895.6786948,23311442.6367278,146513376.08114377,50,0,3
Z3,37,11,720,17768.0,0.050799,349770.664777,355360.0,1.0,2,33.342024,355067.794551,355067.794551,7594659.7661047,19914853.1105463,858895.6786948,23311442.6367278,146513376.08114377,50,0,3
Z3,38,11,720,33352.0,0.050947,654641.097611,667040.0,1.0,2,33.342024,416041.881118,416041.881118,7594659.7661047,19914853.1105463,858895.6786948,23311442.6367278,146513376.08114377,50,0,3
