Zone, Tile_no, Seg_no, Reso, Seg_d_size, Seg_d_time, Bitrate, Bitrate1, Buf_lev, Buf_limit, Elapsed, Ref_vp, Local_avg
Z1, 0, 1, 720, 0.000000, 0.000035, 0.000000, 0.000000, 1.000000, 2, 0.000055, 0.000000, 0.000000
Z2, 0, 1, 720, 0.000000, 0.000026, 0.000000, 0.000000, 1.000000, 2, 0.000055, 0.000000, 0.000000
Z2, 1, 1, 720, 0.000000, 0.000024, 0.000000, 0.000000, 1.000000, 2, 0.000055, 0.000000, 0.000000
Z2, 2, 1, 720, 0.000000, 0.000021, 0.000000, 0.000000, 1.000000, 2, 0.000055, 0.000000, 0.000000
Z2, 3, 1, 720, 0.000000, 0.000021, 0.000000, 0.000000, 1.000000, 2, 0.000055, 0.000000, 0.000000
Z2, 4, 1, 720, 0.000000, 0.000017, 0.000000, 0.000000, 1.000000, 2, 0.000055, 0.000000, 0.000000
Z2, 5, 1, 720, 0.000000, 0.000021, 0.000000, 0.000000, 1.000000, 2, 0.000055, 0.000000, 0.000000
Z2, 6, 1, 720, 0.000000, 0.000021, 0.000000, 0.000000, 1.000000, 2, 0.000055, 0.000000, 0.000000
Z2, 7, 1, 720, 0.000000, 0.000020, 0.000000, 0.000000, 1.000000, 2, 0.000055, 0.000000, 0.000000
Z3, 0, 1, 720, 0.000000, 0.000025, 0.000000, 0.000000, 1.000000, 2, 0.000055, 0.000000, 0.000000
Z3, 1, 1, 720, 0.000000, 0.000021, 0.000000, 0.000000, 1.000000, 2, 0.000055, 0.000000, 0.000000
Z3, 2, 1, 720, 0.000000, 0.000022, 0.000000, 0.000000, 1.000000, 2, 0.000055, 0.000000, 0.000000
Z3, 3, 1, 720, 0.000000, 0.000021, 0.000000, 0.000000, 1.000000, 2, 0.000055, 0.000000, 0.000000
Z3, 4, 1, 720, 0.000000, 0.000024, 0.000000, 0.000000, 1.000000, 2, 0.000055, 0.000000, 0.000000
Z3, 5, 1, 720, 0.000000, 0.000023, 0.000000, 0.000000, 1.000000, 2, 0.000055, 0.000000, 0.000000
Z3, 6, 1, 720, 0.000000, 0.000024, 0.000000, 0.000000, 1.000000, 2, 0.000055, 0.000000, 0.000000
Z3, 7, 1, 720, 0.000000, 0.000023, 0.000000, 0.000000, 1.000000, 2, 0.000055, 0.000000, 0.000000
Z3, 8, 1, 720, 0.000000, 0.000018, 0.000000, 0.000000, 1.000000, 2, 0.000055, 0.000000, 0.000000
Z3, 9, 1, 720, 0.000000, 0.000023, 0.000000, 0.000000, 1.000000, 2, 0.000055, 0.000000, 0.000000
Z3, 10, 1, 720, 0.000000, 0.000023, 0.000000, 0.000000, 1.000000, 2, 0.000055, 0.000000, 0.000000
Z3, 11, 1, 720, 0.000000, 0.000022, 0.000000, 0.000000, 1.000000, 2, 0.000055, 0.000000, 0.000000
Z3, 12, 1, 720, 0.000000, 0.000023, 0.000000, 0.000000, 1.000000, 2, 0.000055, 0.000000, 0.000000
Z3, 13, 1, 720, 0.000000, 0.000023, 0.000000, 0.000000, 1.000000, 2, 0.000055, 0.000000, 0.000000
Z3, 14, 1, 720, 0.000000, 0.000023, 0.000000, 0.000000, 1.000000, 2, 0.000055, 0.000000, 0.000000
Z3, 15, 1, 720, 0.000000, 0.000017, 0.000000, 0.000000, 1.000000, 2, 0.000055, 0.000000, 0.000000
Z3, 16, 1, 720, 0.000000, 0.000015, 0.000000, 0.000000, 1.000000, 2, 0.000055, 0.000000, 0.000000
Z3, 17, 1, 720, 0.000000, 0.000015, 0.000000, 0.000000, 1.000000, 2, 0.000055, 0.000000, 0.000000
Z3, 18, 1, 720, 0.000000, 0.000025, 0.000000, 0.000000, 1.000000, 2, 0.000055, 0.000000, 0.000000
Z3, 19, 1, 720, 0.000000, 0.000018, 0.000000, 0.000000, 1.000000, 2, 0.000055, 0.000000, 0.000000
Z3, 20, 1, 720, 0.000000, 0.000025, 0.000000, 0.000000, 1.000000, 2, 0.000055, 0.000000, 0.000000
Z3, 21, 1, 720, 0.000000, 0.000025, 0.000000, 0.000000, 1.000000, 2, 0.000055, 0.000000, 0.000000
Z3, 22, 1, 720, 0.000000, 0.000025, 0.000000, 0.000000, 1.000000, 2, 0.000055, 0.000000, 0.000000
Z3, 23, 1, 720, 0.000000, 0.000025, 0.000000, 0.000000, 1.000000, 2, 0.000055, 0.000000, 0.000000
Z3, 24, 1, 720, 0.000000, 0.000025, 0.000000, 0.000000, 1.000000, 2, 0.000055, 0.000000, 0.000000
Z3, 25, 1, 720, 0.000000, 0.000025, 0.000000, 0.000000, 1.000000, 2, 0.000055, 0.000000, 0.000000
Z3, 26, 1, 720, 0.000000, 0.000025, 0.000000, 0.000000, 1.000000, 2, 0.000055, 0.000000, 0.000000
Z3, 27, 1, 720, 0.000000, 0.000025, 0.000000, 0.000000, 1.000000, 2, 0.000055, 0.000000, 0.000000
Z3, 28, 1, 720, 0.000000, 0.000018, 0.000000, 0.000000, 1.000000, 2, 0.000055, 0.000000, 0.000000
Z3, 29, 1, 720, 0.000000, 0.000024, 0.000000, 0.000000, 1.000000, 2, 0.000055, 0.000000, 0.000000
Z3, 30, 1, 720, 0.000000, 0.000025, 0.000000, 0.000000, 1.000000, 2, 0.000055, 0.000000, 0.000000
Z3, 31, 1, 720, 0.000000, 0.000025, 0.000000, 0.000000, 1.000000, 2, 0.000055, 0.000000, 0.000000
Z3, 32, 1, 720, 0.000000, 0.000028, 0.000000, 0.000000, 1.000000, 2, 0.000055, 0.000000, 0.000000
Z3, 33, 1, 720, 0.000000, 0.000027, 0.000000, 0.000000, 1.000000, 2, 0.000055, 0.000000, 0.000000
Z3, 34, 1, 720, 0.000000, 0.000027, 0.000000, 0.000000, 1.000000, 2, 0.000055, 0.000000, 0.000000
Z3, 35, 1, 720, 0.000000, 0.000027, 0.000000, 0.000000, 1.000000, 2, 0.000055, 0.000000, 0.000000
Z3, 36, 1, 720, 0.000000, 0.000027, 0.000000, 0.000000, 1.000000, 2, 0.000055, 0.000000, 0.000000
Z3, 37, 1, 720, 0.000000, 0.000027, 0.000000, 0.000000, 1.000000, 2, 0.000055, 0.000000, 0.000000
Z3, 38, 1, 720, 0.000000, 0.000020, 0.000000, 0.000000, 1.000000, 2, 0.000055, 0.000000, 0.000000
Z1, 0, 2, 720, 0.000000, 0.000031, 0.000000, 0.000000, 1.983092, 2, 0.016963, 0.000000, 0.000000
Z2, 0, 2, 720, 0.000000, 0.000023, 0.000000, 0.000000, 1.983092, 2, 0.016963, 0.000000, 0.000000
Z2, 1, 2, 720, 0.000000, 0.000018, 0.000000, 0.000000, 1.983092, 2, 0.016963, 0.000000, 0.000000
Z2, 2, 2, 720, 0.000000, 0.000020, 0.000000, 0.000000, 1.983092, 2, 0.016963, 0.000000, 0.000000
Z2, 3, 2, 720, 0.000000, 0.000018, 0.000000, 0.000000, 1.983092, 2, 0.016963, 0.000000, 0.000000
Z2, 4, 2, 720, 0.000000, 0.000018, 0.000000, 0.000000, 1.983092, 2, 0.016963, 0.000000, 0.000000
Z2, 5, 2, 720, 0.000000, 0.000018, 0.000000, 0.000000, 1.983092, 2, 0.016963, 0.000000, 0.000000
Z2, 6, 2, 720, 0.000000, 0.000018, 0.000000, 0.000000, 1.983092, 2, 0.016963, 0.000000, 0.000000
Z2, 7, 2, 720, 0.000000, 0.000020, 0.000000, 0.000000, 1.983092, 2, 0.016963, 0.000000, 0.000000
Z3, 0, 2, 720, 0.000000, 0.000025, 0.000000, 0.000000, 1.983092, 2, 0.016963, 0.000000, 0.000000
Z3, 1, 2, 720, 0.000000, 0.000023, 0.000000, 0.000000, 1.983092, 2, 0.016963, 0.000000, 0.000000
Z3, 2, 2, 720, 0.000000, 0.000020, 0.000000, 0.000000, 1.983092, 2, 0.016963, 0.000000, 0.000000
Z3, 3, 2, 720, 0.000000, 0.000020, 0.000000, 0.000000, 1.983092, 2, 0.016963, 0.000000, 0.000000
Z3, 4, 2, 720, 0.000000, 0.000019, 0.000000, 0.000000, 1.983092, 2, 0.016963, 0.000000, 0.000000
Z3, 5, 2, 720, 0.000000, 0.000021, 0.000000, 0.000000, 1.983092, 2, 0.016963, 0.000000, 0.000000
Z3, 6, 2, 720, 0.000000, 0.000021, 0.000000, 0.000000, 1.983092, 2, 0.016963, 0.000000, 0.000000
Z3, 7, 2, 720, 0.000000, 0.000021, 0.000000, 0.000000, 1.983092, 2, 0.016963, 0.000000, 0.000000
Z3, 8, 2, 720, 0.000000, 0.000020, 0.000000, 0.000000, 1.983092, 2, 0.016963, 0.000000, 0.000000
Z3, 9, 2, 720, 0.000000, 0.000020, 0.000000, 0.000000, 1.983092, 2, 0.016963, 0.000000, 0.000000
Z3, 10, 2, 720, 0.000000, 0.000019, 0.000000, 0.000000, 1.983092, 2, 0.016963, 0.000000, 0.000000
Z3, 11, 2, 720, 0.000000, 0.000021, 0.000000, 0.000000, 1.983092, 2, 0.016963, 0.000000, 0.000000
Z3, 12, 2, 720, 0.000000, 0.000020, 0.000000, 0.000000, 1.983092, 2, 0.016963, 0.000000, 0.000000
Z3, 13, 2, 720, 0.000000, 0.000020, 0.000000, 0.000000, 1.983092, 2, 0.016963, 0.000000, 0.000000
Z3, 14, 2, 720, 0.000000, 0.000020, 0.000000, 0.000000, 1.983092, 2, 0.016963, 0.000000, 0.000000
Z3, 15, 2, 720, 0.000000, 0.000019, 0.000000, 0.000000, 1.983092, 2, 0.016963, 0.000000, 0.000000
Z3, 16, 2, 720, 0.000000, 0.000023, 0.000000, 0.000000, 1.983092, 2, 0.016963, 0.000000, 0.000000
Z3, 17, 2, 720, 0.000000, 0.000023, 0.000000, 0.000000, 1.983092, 2, 0.016963, 0.000000, 0.000000
Z3, 18, 2, 720, 0.000000, 0.000021, 0.000000, 0.000000, 1.983092, 2, 0.016963, 0.000000, 0.000000
Z3, 19, 2, 720, 0.000000, 0.000022, 0.000000, 0.000000, 1.983092, 2, 0.016963, 0.000000, 0.000000
Z3, 20, 2, 720, 0.000000, 0.000023, 0.000000, 0.000000, 1.983092, 2, 0.016963, 0.000000, 0.000000
Z3, 21, 2, 720, 0.000000, 0.000026, 0.000000, 0.000000, 1.983092, 2, 0.016963, 0.000000, 0.000000
Z3, 22, 2, 720, 0.000000, 0.000022, 0.000000, 0.000000, 1.983092, 2, 0.016963, 0.000000, 0.000000
Z3, 23, 2, 720, 0.000000, 0.000023, 0.000000, 0.000000, 1.983092, 2, 0.016963, 0.000000, 0.000000
Z3, 24, 2, 720, 0.000000, 0.000023, 0.000000, 0.000000, 1.983092, 2, 0.016963, 0.000000, 0.000000
Z3, 25, 2, 720, 0.000000, 0.000023, 0.000000, 0.000000, 1.983092, 2, 0.016963, 0.000000, 0.000000
Z3, 26, 2, 720, 0.000000, 0.000022, 0.000000, 0.000000, 1.983092, 2, 0.016963, 0.000000, 0.000000
Z3, 27, 2, 720, 0.000000, 0.000023, 0.000000, 0.000000, 1.983092, 2, 0.016963, 0.000000, 0.000000
Z3, 28, 2, 720, 0.000000, 0.000022, 0.000000, 0.000000, 1.983092, 2, 0.016963, 0.000000, 0.000000
Z3, 29, 2, 720, 0.000000, 0.000022, 0.000000, 0.000000, 1.983092, 2, 0.016963, 0.000000, 0.000000
Z3, 30, 2, 720, 0.000000, 0.000022, 0.000000, 0.000000, 1.983092, 2, 0.016963, 0.000000, 0.000000
Z3, 31, 2, 720, 0.000000, 0.000022, 0.000000, 0.000000, 1.983092, 2, 0.016963, 0.000000, 0.000000
Z3, 32, 2, 720, 0.000000, 0.000020, 0.000000, 0.000000, 1.983092, 2, 0.016963, 0.000000, 0.000000
Z3, 33, 2, 720, 0.000000, 0.000023, 0.000000, 0.000000, 1.983092, 2, 0.016963, 0.000000, 0.000000
Z3, 34, 2, 720, 0.000000, 0.000025, 0.000000, 0.000000, 1.983092, 2, 0.016963, 0.000000, 0.000000
Z3, 35, 2, 720, 0.000000, 0.000027, 0.000000, 0.000000, 1.983092, 2, 0.016963, 0.000000, 0.000000
Z3, 36, 2, 720, 0.000000, 0.000025, 0.000000, 0.000000, 1.983092, 2, 0.016963, 0.000000, 0.000000
Z3, 37, 2, 720, 0.000000, 0.000025, 0.000000, 0.000000, 1.983092, 2, 0.016963, 0.000000, 0.000000
Z3, 38, 2, 720, 0.000000, 0.000025, 0.000000, 0.000000, 1.983092, 2, 0.016963, 0.000000, 0.000000
Z1, 0, 3, 720, 0.000000, 0.000042, 0.000000, 0.000000, 1.968666, 2, 0.031389, 0.000000, 0.000000
Z2, 0, 3, 720, 0.000000, 0.000031, 0.000000, 0.000000, 1.968666, 2, 0.031389, 0.000000, 0.000000
Z2, 1, 3, 720, 0.000000, 0.000026, 0.000000, 0.000000, 1.968666, 2, 0.031389, 0.000000, 0.000000
Z2, 2, 3, 720, 0.000000, 0.000026, 0.000000, 0.000000, 1.968666, 2, 0.031389, 0.000000, 0.000000
Z2, 3, 3, 720, 0.000000, 0.000025, 0.000000, 0.000000, 1.968666, 2, 0.031389, 0.000000, 0.000000
Z2, 4, 3, 720, 0.000000, 0.000026, 0.000000, 0.000000, 1.968666, 2, 0.031389, 0.000000, 0.000000
Z2, 5, 3, 720, 0.000000, 0.000024, 0.000000, 0.000000, 1.968666, 2, 0.031389, 0.000000, 0.000000
Z2, 6, 3, 720, 0.000000, 0.000025, 0.000000, 0.000000, 1.968666, 2, 0.031389, 0.000000, 0.000000
Z2, 7, 3, 720, 0.000000, 0.000026, 0.000000, 0.000000, 1.968666, 2, 0.031389, 0.000000, 0.000000
Z3, 0, 3, 720, 0.000000, 0.000033, 0.000000, 0.000000, 1.968666, 2, 0.031389, 0.000000, 0.000000
Z3, 1, 3, 720, 0.000000, 0.000026, 0.000000, 0.000000, 1.968666, 2, 0.031389, 0.000000, 0.000000
Z3, 2, 3, 720, 0.000000, 0.000029, 0.000000, 0.000000, 1.968666, 2, 0.031389, 0.000000, 0.000000
Z3, 3, 3, 720, 0.000000, 0.000029, 0.000000, 0.000000, 1.968666, 2, 0.031389, 0.000000, 0.000000
Z3, 4, 3, 720, 0.000000, 0.000029, 0.000000, 0.000000, 1.968666, 2, 0.031389, 0.000000, 0.000000
Z3, 5, 3, 720, 0.000000, 0.000029, 0.000000, 0.000000, 1.968666, 2, 0.031389, 0.000000, 0.000000
Z3, 6, 3, 720, 0.000000, 0.000029, 0.000000, 0.000000, 1.968666, 2, 0.031389, 0.000000, 0.000000
Z3, 7, 3, 720, 0.000000, 0.000029, 0.000000, 0.000000, 1.968666, 2, 0.031389, 0.000000, 0.000000
Z3, 8, 3, 720, 0.000000, 0.000029, 0.000000, 0.000000, 1.968666, 2, 0.031389, 0.000000, 0.000000
Z3, 9, 3, 720, 0.000000, 0.000029, 0.000000, 0.000000, 1.968666, 2, 0.031389, 0.000000, 0.000000
Z3, 10, 3, 720, 0.000000, 0.000026, 0.000000, 0.000000, 1.968666, 2, 0.031389, 0.000000, 0.000000
Z3, 11, 3, 720, 0.000000, 0.000029, 0.000000, 0.000000, 1.968666, 2, 0.031389, 0.000000, 0.000000
Z3, 12, 3, 720, 0.000000, 0.000029, 0.000000, 0.000000, 1.968666, 2, 0.031389, 0.000000, 0.000000
Z3, 13, 3, 720, 0.000000, 0.000029, 0.000000, 0.000000, 1.968666, 2, 0.031389, 0.000000, 0.000000
Z3, 14, 3, 720, 0.000000, 0.000030, 0.000000, 0.000000, 1.968666, 2, 0.031389, 0.000000, 0.000000
Z3, 15, 3, 720, 0.000000, 0.000029, 0.000000, 0.000000, 1.968666, 2, 0.031389, 0.000000, 0.000000
Z3, 16, 3, 720, 0.000000, 0.000029, 0.000000, 0.000000, 1.968666, 2, 0.031389, 0.000000, 0.000000
Z3, 17, 3, 720, 0.000000, 0.000029, 0.000000, 0.000000, 1.968666, 2, 0.031389, 0.000000, 0.000000
Z3, 18, 3, 720, 0.000000, 0.000048, 0.000000, 0.000000, 1.968666, 2, 0.031389, 0.000000, 0.000000
Z3, 19, 3, 720, 0.000000, 0.000034, 0.000000, 0.000000, 1.968666, 2, 0.031389, 0.000000, 0.000000
Z3, 20, 3, 720, 0.000000, 0.000034, 0.000000, 0.000000, 1.968666, 2, 0.031389, 0.000000, 0.000000
Z3, 21, 3, 720, 0.000000, 0.000034, 0.000000, 0.000000, 1.968666, 2, 0.031389, 0.000000, 0.000000
Z3, 22, 3, 720, 0.000000, 0.000035, 0.000000, 0.000000, 1.968666, 2, 0.031389, 0.000000, 0.000000
Z3, 23, 3, 720, 0.000000, 0.000032, 0.000000, 0.000000, 1.968666, 2, 0.031389, 0.000000, 0.000000
Z3, 24, 3, 720, 0.000000, 0.000032, 0.000000, 0.000000, 1.968666, 2, 0.031389, 0.000000, 0.000000
Z3, 25, 3, 720, 0.000000, 0.000035, 0.000000, 0.000000, 1.968666, 2, 0.031389, 0.000000, 0.000000
Z3, 26, 3, 720, 0.000000, 0.000035, 0.000000, 0.000000, 1.968666, 2, 0.031389, 0.000000, 0.000000
Z3, 27, 3, 720, 0.000000, 0.000035, 0.000000, 0.000000, 1.968666, 2, 0.031389, 0.000000, 0.000000
Z3, 28, 3, 720, 0.000000, 0.000036, 0.000000, 0.000000, 1.968666, 2, 0.031389, 0.000000, 0.000000
Z3, 29, 3, 720, 0.000000, 0.000035, 0.000000, 0.000000, 1.968666, 2, 0.031389, 0.000000, 0.000000
Z3, 30, 3, 720, 0.000000, 0.000035, 0.000000, 0.000000, 1.968666, 2, 0.031389, 0.000000, 0.000000
Z3, 31, 3, 720, 0.000000, 0.000034, 0.000000, 0.000000, 1.968666, 2, 0.031389, 0.000000, 0.000000
Z3, 32, 3, 720, 0.000000, 0.000034, 0.000000, 0.000000, 1.968666, 2, 0.031389, 0.000000, 0.000000
Z3, 33, 3, 720, 0.000000, 0.000034, 0.000000, 0.000000, 1.968666, 2, 0.031389, 0.000000, 0.000000
Z3, 34, 3, 720, 0.000000, 0.000032, 0.000000, 0.000000, 1.968666, 2, 0.031389, 0.000000, 0.000000
Z3, 35, 3, 720, 0.000000, 0.000033, 0.000000, 0.000000, 1.968666, 2, 0.031389, 0.000000, 0.000000
Z3, 36, 3, 720, 0.000000, 0.000035, 0.000000, 0.000000, 1.968666, 2, 0.031389, 0.000000, 0.000000
Z3, 37, 3, 720, 0.000000, 0.000049, 0.000000, 0.000000, 1.968666, 2, 0.031389, 0.000000, 0.000000
Z3, 38, 3, 720, 0.000000, 0.000040, 0.000000, 0.000000, 1.968666, 2, 0.031389, 0.000000, 0.000000
Z1, 0, 4, 720, 0.000000, 0.000098, 0.000000, 0.000000, 1.954723, 2, 1.045332, 0.000000, 0.000000
Z2, 0, 4, 720, 0.000000, 0.000068, 0.000000, 0.000000, 1.954723, 2, 1.045332, 0.000000, 0.000000
Z2, 1, 4, 720, 0.000000, 0.000064, 0.000000, 0.000000, 1.954723, 2, 1.045332, 0.000000, 0.000000
Z2, 2, 4, 720, 0.000000, 0.000063, 0.000000, 0.000000, 1.954723, 2, 1.045332, 0.000000, 0.000000
Z2, 3, 4, 720, 0.000000, 0.000063, 0.000000, 0.000000, 1.954723, 2, 1.045332, 0.000000, 0.000000
Z2, 4, 4, 720, 0.000000, 0.000063, 0.000000, 0.000000, 1.954723, 2, 1.045332, 0.000000, 0.000000
Z2, 5, 4, 720, 0.000000, 0.000081, 0.000000, 0.000000, 1.954723, 2, 1.045332, 0.000000, 0.000000
Z2, 6, 4, 720, 0.000000, 0.000093, 0.000000, 0.000000, 1.954723, 2, 1.045332, 0.000000, 0.000000
Z2, 7, 4, 720, 0.000000, 0.000081, 0.000000, 0.000000, 1.954723, 2, 1.045332, 0.000000, 0.000000
Z3, 0, 4, 720, 0.000000, 0.000090, 0.000000, 0.000000, 1.954723, 2, 1.045332, 0.000000, 0.000000
Z3, 1, 4, 720, 0.000000, 0.000082, 0.000000, 0.000000, 1.954723, 2, 1.045332, 0.000000, 0.000000
Z3, 2, 4, 720, 0.000000, 0.000081, 0.000000, 0.000000, 1.954723, 2, 1.045332, 0.000000, 0.000000
Z3, 3, 4, 720, 0.000000, 0.000081, 0.000000, 0.000000, 1.954723, 2, 1.045332, 0.000000, 0.000000
Z3, 4, 4, 720, 0.000000, 0.000081, 0.000000, 0.000000, 1.954723, 2, 1.045332, 0.000000, 0.000000
Z3, 5, 4, 720, 0.000000, 0.000106, 0.000000, 0.000000, 1.954723, 2, 1.045332, 0.000000, 0.000000
Z3, 6, 4, 720, 0.000000, 0.000106, 0.000000, 0.000000, 1.954723, 2, 1.045332, 0.000000, 0.000000
Z3, 7, 4, 720, 0.000000, 0.000104, 0.000000, 0.000000, 1.954723, 2, 1.045332, 0.000000, 0.000000
Z3, 8, 4, 720, 0.000000, 0.000106, 0.000000, 0.000000, 1.954723, 2, 1.045332, 0.000000, 0.000000
Z3, 9, 4, 720, 0.000000, 0.000105, 0.000000, 0.000000, 1.954723, 2, 1.045332, 0.000000, 0.000000
Z3, 10, 4, 720, 0.000000, 0.000076, 0.000000, 0.000000, 1.954723, 2, 1.045332, 0.000000, 0.000000
Z3, 11, 4, 720, 0.000000, 0.000072, 0.000000, 0.000000, 1.954723, 2, 1.045332, 0.000000, 0.000000
Z3, 12, 4, 720, 0.000000, 0.000106, 0.000000, 0.000000, 1.954723, 2, 1.045332, 0.000000, 0.000000
Z3, 13, 4, 720, 0.000000, 0.000100, 0.000000, 0.000000, 1.954723, 2, 1.045332, 0.000000, 0.000000
Z3, 14, 4, 720, 0.000000, 0.000106, 0.000000, 0.000000, 1.954723, 2, 1.045332, 0.000000, 0.000000
Z3, 15, 4, 720, 0.000000, 0.000106, 0.000000, 0.000000, 1.954723, 2, 1.045332, 0.000000, 0.000000
Z3, 16, 4, 720, 0.000000, 0.000107, 0.000000, 0.000000, 1.954723, 2, 1.045332, 0.000000, 0.000000
Z3, 17, 4, 720, 0.000000, 0.000107, 0.000000, 0.000000, 1.954723, 2, 1.045332, 0.000000, 0.000000
Z3, 18, 4, 720, 0.000000, 0.000077, 0.000000, 0.000000, 1.954723, 2, 1.045332, 0.000000, 0.000000
Z3, 19, 4, 720, 0.000000, 0.000073, 0.000000, 0.000000, 1.954723, 2, 1.045332, 0.000000, 0.000000
Z3, 20, 4, 720, 0.000000, 0.000068, 0.000000, 0.000000, 1.954723, 2, 1.045332, 0.000000, 0.000000
Z3, 21, 4, 720, 0.000000, 0.000071, 0.000000, 0.000000, 1.954723, 2, 1.045332, 0.000000, 0.000000
Z3, 22, 4, 720, 0.000000, 0.000105, 0.000000, 0.000000, 1.954723, 2, 1.045332, 0.000000, 0.000000
Z3, 23, 4, 720, 0.000000, 0.000078, 0.000000, 0.000000, 1.954723, 2, 1.045332, 0.000000, 0.000000
Z3, 24, 4, 720, 0.000000, 0.000106, 0.000000, 0.000000, 1.954723, 2, 1.045332, 0.000000, 0.000000
Z3, 25, 4, 720, 0.000000, 0.000104, 0.000000, 0.000000, 1.954723, 2, 1.045332, 0.000000, 0.000000
Z3, 26, 4, 720, 0.000000, 0.000076, 0.000000, 0.000000, 1.954723, 2, 1.045332, 0.000000, 0.000000
Z3, 27, 4, 720, 0.000000, 0.000072, 0.000000, 0.000000, 1.954723, 2, 1.045332, 0.000000, 0.000000
Z3, 28, 4, 720, 0.000000, 0.000070, 0.000000, 0.000000, 1.954723, 2, 1.045332, 0.000000, 0.000000
Z3, 29, 4, 720, 0.000000, 0.000079, 0.000000, 0.000000, 1.954723, 2, 1.045332, 0.000000, 0.000000
Z3, 30, 4, 720, 0.000000, 0.000067, 0.000000, 0.000000, 1.954723, 2, 1.045332, 0.000000, 0.000000
Z3, 31, 4, 720, 0.000000, 0.000078, 0.000000, 0.000000, 1.954723, 2, 1.045332, 0.000000, 0.000000
Z3, 32, 4, 720, 0.000000, 0.000106, 0.000000, 0.000000, 1.954723, 2, 1.045332, 0.000000, 0.000000
Z3, 33, 4, 720, 0.000000, 0.000076, 0.000000, 0.000000, 1.954723, 2, 1.045332, 0.000000, 0.000000
Z3, 34, 4, 720, 0.000000, 0.000073, 0.000000, 0.000000, 1.954723, 2, 1.045332, 0.000000, 0.000000
Z3, 35, 4, 720, 0.000000, 0.000106, 0.000000, 0.000000, 1.954723, 2, 1.045332, 0.000000, 0.000000
Z3, 36, 4, 720, 0.000000, 0.000106, 0.000000, 0.000000, 1.954723, 2, 1.045332, 0.000000, 0.000000
Z3, 37, 4, 720, 0.000000, 0.000077, 0.000000, 0.000000, 1.954723, 2, 1.045332, 0.000000, 0.000000
Z3, 38, 4, 720, 0.000000, 0.000072, 0.000000, 0.000000, 1.954723, 2, 1.045332, 0.000000, 0.000000
Z1, 0, 5, 720, 0.000000, 0.000133, 0.000000, 0.000000, 1.931588, 2, 1.068467, 0.000000, 0.000000
Z2, 0, 5, 720, 0.000000, 0.000088, 0.000000, 0.000000, 1.931588, 2, 1.068467, 0.000000, 0.000000
Z2, 1, 5, 720, 0.000000, 0.000105, 0.000000, 0.000000, 1.931588, 2, 1.068467, 0.000000, 0.000000
Z2, 2, 5, 720, 0.000000, 0.000076, 0.000000, 0.000000, 1.931588, 2, 1.068467, 0.000000, 0.000000
Z2, 3, 5, 720, 0.000000, 0.000105, 0.000000, 0.000000, 1.931588, 2, 1.068467, 0.000000, 0.000000
Z2, 4, 5, 720, 0.000000, 0.000105, 0.000000, 0.000000, 1.931588, 2, 1.068467, 0.000000, 0.000000
Z2, 5, 5, 720, 0.000000, 0.000105, 0.000000, 0.000000, 1.931588, 2, 1.068467, 0.000000, 0.000000
Z2, 6, 5, 720, 0.000000, 0.000076, 0.000000, 0.000000, 1.931588, 2, 1.068467, 0.000000, 0.000000
Z2, 7, 5, 720, 0.000000, 0.000070, 0.000000, 0.000000, 1.931588, 2, 1.068467, 0.000000, 0.000000
Z3, 0, 5, 720, 0.000000, 0.000122, 0.000000, 0.000000, 1.931588, 2, 1.068467, 0.000000, 0.000000
Z3, 1, 5, 720, 0.000000, 0.000080, 0.000000, 0.000000, 1.931588, 2, 1.068467, 0.000000, 0.000000
Z3, 2, 5, 720, 0.000000, 0.000081, 0.000000, 0.000000, 1.931588, 2, 1.068467, 0.000000, 0.000000
Z3, 3, 5, 720, 0.000000, 0.000106, 0.000000, 0.000000, 1.931588, 2, 1.068467, 0.000000, 0.000000
Z3, 4, 5, 720, 0.000000, 0.000076, 0.000000, 0.000000, 1.931588, 2, 1.068467, 0.000000, 0.000000
Z3, 5, 5, 720, 0.000000, 0.000107, 0.000000, 0.000000, 1.931588, 2, 1.068467, 0.000000, 0.000000
Z3, 6, 5, 720, 0.000000, 0.000105, 0.000000, 0.000000, 1.931588, 2, 1.068467, 0.000000, 0.000000
Z3, 7, 5, 720, 0.000000, 0.000105, 0.000000, 0.000000, 1.931588, 2, 1.068467, 0.000000, 0.000000
Z3, 8, 5, 720, 0.000000, 0.000077, 0.000000, 0.000000, 1.931588, 2, 1.068467, 0.000000, 0.000000
Z3, 9, 5, 720, 0.000000, 0.000069, 0.000000, 0.000000, 1.931588, 2, 1.068467, 0.000000, 0.000000
Z3, 10, 5, 720, 0.000000, 0.000068, 0.000000, 0.000000, 1.931588, 2, 1.068467, 0.000000, 0.000000
Z3, 11, 5, 720, 0.000000, 0.000068, 0.000000, 0.000000, 1.931588, 2, 1.068467, 0.000000, 0.000000
Z3, 12, 5, 720, 0.000000, 0.000067, 0.000000, 0.000000, 1.931588, 2, 1.068467, 0.000000, 0.000000
Z3, 13, 5, 720, 0.000000, 0.000080, 0.000000, 0.000000, 1.931588, 2, 1.068467, 0.000000, 0.000000
Z3, 14, 5, 720, 0.000000, 0.000067, 0.000000, 0.000000, 1.931588, 2, 1.068467, 0.000000, 0.000000
Z3, 15, 5, 720, 0.000000, 0.000107, 0.000000, 0.000000, 1.931588, 2, 1.068467, 0.000000, 0.000000
Z3, 16, 5, 720, 0.000000, 0.000076, 0.000000, 0.000000, 1.931588, 2, 1.068467, 0.000000, 0.000000
Z3, 17, 5, 720, 0.000000, 0.000106, 0.000000, 0.000000, 1.931588, 2, 1.068467, 0.000000, 0.000000
Z3, 18, 5, 720, 0.000000, 0.000105, 0.000000, 0.000000, 1.931588, 2, 1.068467, 0.000000, 0.000000
Z3, 19, 5, 720, 0.000000, 0.000078, 0.000000, 0.000000, 1.931588, 2, 1.068467, 0.000000, 0.000000
Z3, 20, 5, 720, 0.000000, 0.000073, 0.000000, 0.000000, 1.931588, 2, 1.068467, 0.000000, 0.000000
Z3, 21, 5, 720, 0.000000, 0.000071, 0.000000, 0.000000, 1.931588, 2, 1.068467, 0.000000, 0.000000
Z3, 22, 5, 720, 0.000000, 0.000067, 0.000000, 0.000000, 1.931588, 2, 1.068467, 0.000000, 0.000000
Z3, 23, 5, 720, 0.000000, 0.000068, 0.000000, 0.000000, 1.931588, 2, 1.068467, 0.000000, 0.000000
Z3, 24, 5, 720, 0.000000, 0.000067, 0.000000, 0.000000, 1.931588, 2, 1.068467, 0.000000, 0.000000
Z3, 25, 5, 720, 0.000000, 0.000067, 0.000000, 0.000000, 1.931588, 2, 1.068467, 0.000000, 0.000000
Z3, 26, 5, 720, 0.000000, 0.000105, 0.000000, 0.000000, 1.931588, 2, 1.068467, 0.000000, 0.000000
Z3, 27, 5, 720, 0.000000, 0.000077, 0.000000, 0.000000, 1.931588, 2, 1.068467, 0.000000, 0.000000
Z3, 28, 5, 720, 0.000000, 0.000073, 0.000000, 0.000000, 1.931588, 2, 1.068467, 0.000000, 0.000000
Z3, 29, 5, 720, 0.000000, 0.000106, 0.000000, 0.000000, 1.931588, 2, 1.068467, 0.000000, 0.000000
Z3, 30, 5, 720, 0.000000, 0.000077, 0.000000, 0.000000, 1.931588, 2, 1.068467, 0.000000, 0.000000
Z3, 31, 5, 720, 0.000000, 0.000072, 0.000000, 0.000000, 1.931588, 2, 1.068467, 0.000000, 0.000000
Z3, 32, 5, 720, 0.000000, 0.000086, 0.000000, 0.000000, 1.931588, 2, 1.068467, 0.000000, 0.000000
Z3, 33, 5, 720, 0.000000, 0.000068, 0.000000, 0.000000, 1.931588, 2, 1.068467, 0.000000, 0.000000
Z3, 34, 5, 720, 0.000000, 0.000067, 0.000000, 0.000000, 1.931588, 2, 1.068467, 0.000000, 0.000000
Z3, 35, 5, 720, 0.000000, 0.000067, 0.000000, 0.000000, 1.931588, 2, 1.068467, 0.000000, 0.000000
Z3, 36, 5, 720, 0.000000, 0.000067, 0.000000, 0.000000, 1.931588, 2, 1.068467, 0.000000, 0.000000
Z3, 37, 5, 720, 0.000000, 0.000082, 0.000000, 0.000000, 1.931588, 2, 1.068467, 0.000000, 0.000000
Z3, 38, 5, 720, 0.000000, 0.000106, 0.000000, 0.000000, 1.931588, 2, 1.068467, 0.000000, 0.000000
Z1, 0, 6, 720, 0.000000, 0.000131, 0.000000, 0.000000, 1.913675, 2, 2.086380, 0.000000, 0.000000
Z2, 0, 6, 720, 0.000000, 0.000121, 0.000000, 0.000000, 1.913675, 2, 2.086380, 0.000000, 0.000000
Z2, 1, 6, 720, 0.000000, 0.000106, 0.000000, 0.000000, 1.913675, 2, 2.086380, 0.000000, 0.000000
Z2, 2, 6, 720, 0.000000, 0.000104, 0.000000, 0.000000, 1.913675, 2, 2.086380, 0.000000, 0.000000
Z2, 3, 6, 720, 0.000000, 0.000106, 0.000000, 0.000000, 1.913675, 2, 2.086380, 0.000000, 0.000000
Z2, 4, 6, 720, 0.000000, 0.000104, 0.000000, 0.000000, 1.913675, 2, 2.086380, 0.000000, 0.000000
Z2, 5, 6, 720, 0.000000, 0.000105, 0.000000, 0.000000, 1.913675, 2, 2.086380, 0.000000, 0.000000
Z2, 6, 6, 720, 0.000000, 0.000097, 0.000000, 0.000000, 1.913675, 2, 2.086380, 0.000000, 0.000000
Z2, 7, 6, 720, 0.000000, 0.000071, 0.000000, 0.000000, 1.913675, 2, 2.086380, 0.000000, 0.000000
Z3, 0, 6, 720, 0.000000, 0.000121, 0.000000, 0.000000, 1.913675, 2, 2.086380, 0.000000, 0.000000
Z3, 1, 6, 720, 0.000000, 0.000107, 0.000000, 0.000000, 1.913675, 2, 2.086380, 0.000000, 0.000000
Z3, 2, 6, 720, 0.000000, 0.000105, 0.000000, 0.000000, 1.913675, 2, 2.086380, 0.000000, 0.000000
Z3, 3, 6, 720, 0.000000, 0.000105, 0.000000, 0.000000, 1.913675, 2, 2.086380, 0.000000, 0.000000
Z3, 4, 6, 720, 0.000000, 0.000104, 0.000000, 0.000000, 1.913675, 2, 2.086380, 0.000000, 0.000000
Z3, 5, 6, 720, 0.000000, 0.000076, 0.000000, 0.000000, 1.913675, 2, 2.086380, 0.000000, 0.000000
Z3, 6, 6, 720, 0.000000, 0.000105, 0.000000, 0.000000, 1.913675, 2, 2.086380, 0.000000, 0.000000
Z3, 7, 6, 720, 0.000000, 0.000076, 0.000000, 0.000000, 1.913675, 2, 2.086380, 0.000000, 0.000000
Z3, 8, 6, 720, 0.000000, 0.000106, 0.000000, 0.000000, 1.913675, 2, 2.086380, 0.000000, 0.000000
Z3, 9, 6, 720, 0.000000, 0.000105, 0.000000, 0.000000, 1.913675, 2, 2.086380, 0.000000, 0.000000
Z3, 10, 6, 720, 0.000000, 0.000106, 0.000000, 0.000000, 1.913675, 2, 2.086380, 0.000000, 0.000000
Z3, 11, 6, 720, 0.000000, 0.000107, 0.000000, 0.000000, 1.913675, 2, 2.086380, 0.000000, 0.000000
Z3, 12, 6, 720, 0.000000, 0.000104, 0.000000, 0.000000, 1.913675, 2, 2.086380, 0.000000, 0.000000
Z3, 13, 6, 720, 0.000000, 0.000076, 0.000000, 0.000000, 1.913675, 2, 2.086380, 0.000000, 0.000000
Z3, 14, 6, 720, 0.000000, 0.000072, 0.000000, 0.000000, 1.913675, 2, 2.086380, 0.000000, 0.000000
Z3, 15, 6, 720, 0.000000, 0.000068, 0.000000, 0.000000, 1.913675, 2, 2.086380, 0.000000, 0.000000
Z3, 16, 6, 720, 0.000000, 0.000105, 0.000000, 0.000000, 1.913675, 2, 2.086380, 0.000000, 0.000000
Z3, 17, 6, 720, 0.000000, 0.000095, 0.000000, 0.000000, 1.913675, 2, 2.086380, 0.000000, 0.000000
Z3, 18, 6, 720, 0.000000, 0.000107, 0.000000, 0.000000, 1.913675, 2, 2.086380, 0.000000, 0.000000
Z3, 19, 6, 720, 0.000000, 0.000105, 0.000000, 0.000000, 1.913675, 2, 2.086380, 0.000000, 0.000000
Z3, 20, 6, 720, 0.000000, 0.000076, 0.000000, 0.000000, 1.913675, 2, 2.086380, 0.000000, 0.000000
Z3, 21, 6, 720, 0.000000, 0.000073, 0.000000, 0.000000, 1.913675, 2, 2.086380, 0.000000, 0.000000
Z3, 22, 6, 720, 0.000000, 0.000083, 0.000000, 0.000000, 1.913675, 2, 2.086380, 0.000000, 0.000000
Z3, 23, 6, 720, 0.000000, 0.000067, 0.000000, 0.000000, 1.913675, 2, 2.086380, 0.000000, 0.000000
Z3, 24, 6, 720, 0.000000, 0.000068, 0.000000, 0.000000, 1.913675, 2, 2.086380, 0.000000, 0.000000
Z3, 25, 6, 720, 0.000000, 0.000068, 0.000000, 0.000000, 1.913675, 2, 2.086380, 0.000000, 0.000000
Z3, 26, 6, 720, 0.000000, 0.000067, 0.000000, 0.000000, 1.913675, 2, 2.086380, 0.000000, 0.000000
Z3, 27, 6, 720, 0.000000, 0.000107, 0.000000, 0.000000, 1.913675, 2, 2.086380, 0.000000, 0.000000
Z3, 28, 6, 720, 0.000000, 0.000099, 0.000000, 0.000000, 1.913675, 2, 2.086380, 0.000000, 0.000000
Z3, 29, 6, 720, 0.000000, 0.000075, 0.000000, 0.000000, 1.913675, 2, 2.086380, 0.000000, 0.000000
Z3, 30, 6, 720, 0.000000, 0.000106, 0.000000, 0.000000, 1.913675, 2, 2.086380, 0.000000, 0.000000
Z3, 31, 6, 720, 0.000000, 0.000077, 0.000000, 0.000000, 1.913675, 2, 2.086380, 0.000000, 0.000000
Z3, 32, 6, 720, 0.000000, 0.000072, 0.000000, 0.000000, 1.913675, 2, 2.086380, 0.000000, 0.000000
Z3, 33, 6, 720, 0.000000, 0.000081, 0.000000, 0.000000, 1.913675, 2, 2.086380, 0.000000, 0.000000
Z3, 34, 6, 720, 0.000000, 0.000068, 0.000000, 0.000000, 1.913675, 2, 2.086380, 0.000000, 0.000000
Z3, 35, 6, 720, 0.000000, 0.000067, 0.000000, 0.000000, 1.913675, 2, 2.086380, 0.000000, 0.000000
Z3, 36, 6, 720, 0.000000, 0.000067, 0.000000, 0.000000, 1.913675, 2, 2.086380, 0.000000, 0.000000
Z3, 37, 6, 720, 0.000000, 0.000068, 0.000000, 0.000000, 1.913675, 2, 2.086380, 0.000000, 0.000000
Z3, 38, 6, 720, 0.000000, 0.000067, 0.000000, 0.000000, 1.913675, 2, 2.086380, 0.000000, 0.000000
Z1, 0, 7, 720, 0.000000, 0.000127, 0.000000, 0.000000, 1.893986, 2, 2.106069, 0.000000, 0.000000
Z2, 0, 7, 720, 0.000000, 0.000117, 0.000000, 0.000000, 1.893986, 2, 2.106069, 0.000000, 0.000000
Z2, 1, 7, 720, 0.000000, 0.000106, 0.000000, 0.000000, 1.893986, 2, 2.106069, 0.000000, 0.000000
Z2, 2, 7, 720, 0.000000, 0.000076, 0.000000, 0.000000, 1.893986, 2, 2.106069, 0.000000, 0.000000
Z2, 3, 7, 720, 0.000000, 0.000070, 0.000000, 0.000000, 1.893986, 2, 2.106069, 0.000000, 0.000000
Z2, 4, 7, 720, 0.000000, 0.000071, 0.000000, 0.000000, 1.893986, 2, 2.106069, 0.000000, 0.000000
Z2, 5, 7, 720, 0.000000, 0.000069, 0.000000, 0.000000, 1.893986, 2, 2.106069, 0.000000, 0.000000
Z2, 6, 7, 720, 0.000000, 0.000066, 0.000000, 0.000000, 1.893986, 2, 2.106069, 0.000000, 0.000000
Z2, 7, 7, 720, 0.000000, 0.000067, 0.000000, 0.000000, 1.893986, 2, 2.106069, 0.000000, 0.000000
Z3, 0, 7, 720, 0.000000, 0.000122, 0.000000, 0.000000, 1.893986, 2, 2.106069, 0.000000, 0.000000
Z3, 1, 7, 720, 0.000000, 0.000106, 0.000000, 0.000000, 1.893986, 2, 2.106069, 0.000000, 0.000000
Z3, 2, 7, 720, 0.000000, 0.000077, 0.000000, 0.000000, 1.893986, 2, 2.106069, 0.000000, 0.000000
Z3, 3, 7, 720, 0.000000, 0.000072, 0.000000, 0.000000, 1.893986, 2, 2.106069, 0.000000, 0.000000
Z3, 4, 7, 720, 0.000000, 0.000084, 0.000000, 0.000000, 1.893986, 2, 2.106069, 0.000000, 0.000000
Z3, 5, 7, 720, 0.000000, 0.000071, 0.000000, 0.000000, 1.893986, 2, 2.106069, 0.000000, 0.000000
Z3, 6, 7, 720, 0.000000, 0.000082, 0.000000, 0.000000, 1.893986, 2, 2.106069, 0.000000, 0.000000
Z3, 7, 7, 720, 0.000000, 0.000071, 0.000000, 0.000000, 1.893986, 2, 2.106069, 0.000000, 0.000000
Z3, 8, 7, 720, 0.000000, 0.000082, 0.000000, 0.000000, 1.893986, 2, 2.106069, 0.000000, 0.000000
Z3, 9, 7, 720, 0.000000, 0.000068, 0.000000, 0.000000, 1.893986, 2, 2.106069, 0.000000, 0.000000
Z3, 10, 7, 720, 0.000000, 0.000078, 0.000000, 0.000000, 1.893986, 2, 2.106069, 0.000000, 0.000000
Z3, 11, 7, 720, 0.000000, 0.000073, 0.000000, 0.000000, 1.893986, 2, 2.106069, 0.000000, 0.000000
Z3, 12, 7, 720, 0.000000, 0.000072, 0.000000, 0.000000, 1.893986, 2, 2.106069, 0.000000, 0.000000
Z3, 13, 7, 720, 0.000000, 0.000106, 0.000000, 0.000000, 1.893986, 2, 2.106069, 0.000000, 0.000000
Z3, 14, 7, 720, 0.000000, 0.000104, 0.000000, 0.000000, 1.893986, 2, 2.106069, 0.000000, 0.000000
Z3, 15, 7, 720, 0.000000, 0.000076, 0.000000, 0.000000, 1.893986, 2, 2.106069, 0.000000, 0.000000
Z3, 16, 7, 720, 0.000000, 0.000072, 0.000000, 0.000000, 1.893986, 2, 2.106069, 0.000000, 0.000000
Z3, 17, 7, 720, 0.000000, 0.000071, 0.000000, 0.000000, 1.893986, 2, 2.106069, 0.000000, 0.000000
Z3, 18, 7, 720, 0.000000, 0.000083, 0.000000, 0.000000, 1.893986, 2, 2.106069, 0.000000, 0.000000
Z3, 19, 7, 720, 0.000000, 0.000068, 0.000000, 0.000000, 1.893986, 2, 2.106069, 0.000000, 0.000000
Z3, 20, 7, 720, 0.000000, 0.000066, 0.000000, 0.000000, 1.893986, 2, 2.106069, 0.000000, 0.000000
Z3, 21, 7, 720, 0.000000, 0.000066, 0.000000, 0.000000, 1.893986, 2, 2.106069, 0.000000, 0.000000
Z3, 22, 7, 720, 0.000000, 0.000105, 0.000000, 0.000000, 1.893986, 2, 2.106069, 0.000000, 0.000000
Z3, 23, 7, 720, 0.000000, 0.000077, 0.000000, 0.000000, 1.893986, 2, 2.106069, 0.000000, 0.000000
Z3, 24, 7, 720, 0.000000, 0.000074, 0.000000, 0.000000, 1.893986, 2, 2.106069, 0.000000, 0.000000
Z3, 25, 7, 720, 0.000000, 0.000105, 0.000000, 0.000000, 1.893986, 2, 2.106069, 0.000000, 0.000000
Z3, 26, 7, 720, 0.000000, 0.000077, 0.000000, 0.000000, 1.893986, 2, 2.106069, 0.000000, 0.000000
Z3, 27, 7, 720, 0.000000, 0.000072, 0.000000, 0.000000, 1.893986, 2, 2.106069, 0.000000, 0.000000
Z3, 28, 7, 720, 0.000000, 0.000070, 0.000000, 0.000000, 1.893986, 2, 2.106069, 0.000000, 0.000000
Z3, 29, 7, 720, 0.000000, 0.000071, 0.000000, 0.000000, 1.893986, 2, 2.106069, 0.000000, 0.000000
Z3, 30, 7, 720, 0.000000, 0.000067, 0.000000, 0.000000, 1.893986, 2, 2.106069, 0.000000, 0.000000
Z3, 31, 7, 720, 0.000000, 0.000067, 0.000000, 0.000000, 1.893986, 2, 2.106069, 0.000000, 0.000000
Z3, 32, 7, 720, 0.000000, 0.000067, 0.000000, 0.000000, 1.893986, 2, 2.106069, 0.000000, 0.000000
Z3, 33, 7, 720, 0.000000, 0.000078, 0.000000, 0.000000, 1.893986, 2, 2.106069, 0.000000, 0.000000
Z3, 34, 7, 720, 0.000000, 0.000106, 0.000000, 0.000000, 1.893986, 2, 2.106069, 0.000000, 0.000000
Z3, 35, 7, 720, 0.000000, 0.000076, 0.000000, 0.000000, 1.893986, 2, 2.106069, 0.000000, 0.000000
Z3, 36, 7, 720, 0.000000, 0.000105, 0.000000, 0.000000, 1.893986, 2, 2.106069, 0.000000, 0.000000
Z3, 37, 7, 720, 0.000000, 0.000106, 0.000000, 0.000000, 1.893986, 2, 2.106069, 0.000000, 0.000000
Z3, 38, 7, 720, 0.000000, 0.000077, 0.000000, 0.000000, 1.893986, 2, 2.106069, 0.000000, 0.000000
Z1, 0, 8, 720, 0.000000, 0.000127, 0.000000, 0.000000, 1.876105, 2, 3.123950, 0.000000, 0.000000
Z2, 0, 8, 720, 0.000000, 0.000120, 0.000000, 0.000000, 1.876105, 2, 3.123950, 0.000000, 0.000000
Z2, 1, 8, 720, 0.000000, 0.000108, 0.000000, 0.000000, 1.876105, 2, 3.123950, 0.000000, 0.000000
Z2, 2, 8, 720, 0.000000, 0.000105, 0.000000, 0.000000, 1.876105, 2, 3.123950, 0.000000, 0.000000
Z2, 3, 8, 720, 0.000000, 0.000106, 0.000000, 0.000000, 1.876105, 2, 3.123950, 0.000000, 0.000000
Z2, 4, 8, 720, 0.000000, 0.000107, 0.000000, 0.000000, 1.876105, 2, 3.123950, 0.000000, 0.000000
Z2, 5, 8, 720, 0.000000, 0.000107, 0.000000, 0.000000, 1.876105, 2, 3.123950, 0.000000, 0.000000
Z2, 6, 8, 720, 0.000000, 0.000105, 0.000000, 0.000000, 1.876105, 2, 3.123950, 0.000000, 0.000000
Z2, 7, 8, 720, 0.000000, 0.000106, 0.000000, 0.000000, 1.876105, 2, 3.123950, 0.000000, 0.000000
Z3, 0, 8, 720, 0.000000, 0.000122, 0.000000, 0.000000, 1.876105, 2, 3.123950, 0.000000, 0.000000
Z3, 1, 8, 720, 0.000000, 0.000106, 0.000000, 0.000000, 1.876105, 2, 3.123950, 0.000000, 0.000000
Z3, 2, 8, 720, 0.000000, 0.000090, 0.000000, 0.000000, 1.876105, 2, 3.123950, 0.000000, 0.000000
Z3, 3, 8, 720, 0.000000, 0.000091, 0.000000, 0.000000, 1.876105, 2, 3.123950, 0.000000, 0.000000
Z3, 4, 8, 720, 0.000000, 0.000106, 0.000000, 0.000000, 1.876105, 2, 3.123950, 0.000000, 0.000000
Z3, 5, 8, 720, 0.000000, 0.000106, 0.000000, 0.000000, 1.876105, 2, 3.123950, 0.000000, 0.000000
Z3, 6, 8, 720, 0.000000, 0.000106, 0.000000, 0.000000, 1.876105, 2, 3.123950, 0.000000, 0.000000
Z3, 7, 8, 720, 0.000000, 0.000106, 0.000000, 0.000000, 1.876105, 2, 3.123950, 0.000000, 0.000000
Z3, 8, 8, 720, 0.000000, 0.000074, 0.000000, 0.000000, 1.876105, 2, 3.123950, 0.000000, 0.000000
Z3, 9, 8, 720, 0.000000, 0.000107, 0.000000, 0.000000, 1.876105, 2, 3.123950, 0.000000, 0.000000
Z3, 10, 8, 720, 0.000000, 0.000078, 0.000000, 0.000000, 1.876105, 2, 3.123950, 0.000000, 0.000000
Z3, 11, 8, 720, 0.000000, 0.000106, 0.000000, 0.000000, 1.876105, 2, 3.123950, 0.000000, 0.000000
Z3, 12, 8, 720, 0.000000, 0.000077, 0.000000, 0.000000, 1.876105, 2, 3.123950, 0.000000, 0.000000
Z3, 13, 8, 720, 0.000000, 0.000106, 0.000000, 0.000000, 1.876105, 2, 3.123950, 0.000000, 0.000000
Z3, 14, 8, 720, 0.000000, 0.000107, 0.000000, 0.000000, 1.876105, 2, 3.123950, 0.000000, 0.000000
Z3, 15, 8, 720, 0.000000, 0.000106, 0.000000, 0.000000, 1.876105, 2, 3.123950, 0.000000, 0.000000
Z3, 16, 8, 720, 0.000000, 0.000108, 0.000000, 0.000000, 1.876105, 2, 3.123950, 0.000000, 0.000000
Z3, 17, 8, 720, 0.000000, 0.000078, 0.000000, 0.000000, 1.876105, 2, 3.123950, 0.000000, 0.000000
Z3, 18, 8, 720, 0.000000, 0.000074, 0.000000, 0.000000, 1.876105, 2, 3.123950, 0.000000, 0.000000
Z3, 19, 8, 720, 0.000000, 0.000070, 0.000000, 0.000000, 1.876105, 2, 3.123950, 0.000000, 0.000000
Z3, 20, 8, 720, 0.000000, 0.000068, 0.000000, 0.000000, 1.876105, 2, 3.123950, 0.000000, 0.000000
Z3, 21, 8, 720, 0.000000, 0.000107, 0.000000, 0.000000, 1.876105, 2, 3.123950, 0.000000, 0.000000
Z3, 22, 8, 720, 0.000000, 0.000077, 0.000000, 0.000000, 1.876105, 2, 3.123950, 0.000000, 0.000000
Z3, 23, 8, 720, 0.000000, 0.000077, 0.000000, 0.000000, 1.876105, 2, 3.123950, 0.000000, 0.000000
Z3, 24, 8, 720, 0.000000, 0.000109, 0.000000, 0.000000, 1.876105, 2, 3.123950, 0.000000, 0.000000
Z3, 25, 8, 720, 0.000000, 0.000078, 0.000000, 0.000000, 1.876105, 2, 3.123950, 0.000000, 0.000000
Z3, 26, 8, 720, 0.000000, 0.000073, 0.000000, 0.000000, 1.876105, 2, 3.123950, 0.000000, 0.000000
Z3, 27, 8, 720, 0.000000, 0.000072, 0.000000, 0.000000, 1.876105, 2, 3.123950, 0.000000, 0.000000
Z3, 28, 8, 720, 0.000000, 0.000072, 0.000000, 0.000000, 1.876105, 2, 3.123950, 0.000000, 0.000000
Z3, 29, 8, 720, 0.000000, 0.000069, 0.000000, 0.000000, 1.876105, 2, 3.123950, 0.000000, 0.000000
Z3, 30, 8, 720, 0.000000, 0.000067, 0.000000, 0.000000, 1.876105, 2, 3.123950, 0.000000, 0.000000
Z3, 31, 8, 720, 0.000000, 0.000068, 0.000000, 0.000000, 1.876105, 2, 3.123950, 0.000000, 0.000000
Z3, 32, 8, 720, 0.000000, 0.000107, 0.000000, 0.000000, 1.876105, 2, 3.123950, 0.000000, 0.000000
Z3, 33, 8, 720, 0.000000, 0.000078, 0.000000, 0.000000, 1.876105, 2, 3.123950, 0.000000, 0.000000
Z3, 34, 8, 720, 0.000000, 0.000087, 0.000000, 0.000000, 1.876105, 2, 3.123950, 0.000000, 0.000000
Z3, 35, 8, 720, 0.000000, 0.000106, 0.000000, 0.000000, 1.876105, 2, 3.123950, 0.000000, 0.000000
Z3, 36, 8, 720, 0.000000, 0.000078, 0.000000, 0.000000, 1.876105, 2, 3.123950, 0.000000, 0.000000
Z3, 37, 8, 720, 0.000000, 0.000073, 0.000000, 0.000000, 1.876105, 2, 3.123950, 0.000000, 0.000000
Z3, 38, 8, 720, 0.000000, 0.000072, 0.000000, 0.000000, 1.876105, 2, 3.123950, 0.000000, 0.000000
Z1, 0, 9, 720, 0.000000, 0.000124, 0.000000, 0.000000, 1.855752, 2, 3.144303, 0.000000, 0.000000
Z2, 0, 9, 720, 0.000000, 0.000121, 0.000000, 0.000000, 1.855752, 2, 3.144303, 0.000000, 0.000000
Z2, 1, 9, 720, 0.000000, 0.000107, 0.000000, 0.000000, 1.855752, 2, 3.144303, 0.000000, 0.000000
Z2, 2, 9, 720, 0.000000, 0.000077, 0.000000, 0.000000, 1.855752, 2, 3.144303, 0.000000, 0.000000
Z2, 3, 9, 720, 0.000000, 0.000075, 0.000000, 0.000000, 1.855752, 2, 3.144303, 0.000000, 0.000000
Z2, 4, 9, 720, 0.000000, 0.000106, 0.000000, 0.000000, 1.855752, 2, 3.144303, 0.000000, 0.000000
Z2, 5, 9, 720, 0.000000, 0.000107, 0.000000, 0.000000, 1.855752, 2, 3.144303, 0.000000, 0.000000
Z2, 6, 9, 720, 0.000000, 0.000106, 0.000000, 0.000000, 1.855752, 2, 3.144303, 0.000000, 0.000000
Z2, 7, 9, 720, 0.000000, 0.000080, 0.000000, 0.000000, 1.855752, 2, 3.144303, 0.000000, 0.000000
Z3, 0, 9, 720, 0.000000, 0.000119, 0.000000, 0.000000, 1.855752, 2, 3.144303, 0.000000, 0.000000
Z3, 1, 9, 720, 0.000000, 0.000082, 0.000000, 0.000000, 1.855752, 2, 3.144303, 0.000000, 0.000000
Z3, 2, 9, 720, 0.000000, 0.000069, 0.000000, 0.000000, 1.855752, 2, 3.144303, 0.000000, 0.000000
Z3, 3, 9, 720, 0.000000, 0.000107, 0.000000, 0.000000, 1.855752, 2, 3.144303, 0.000000, 0.000000
Z3, 4, 9, 720, 0.000000, 0.000077, 0.000000, 0.000000, 1.855752, 2, 3.144303, 0.000000, 0.000000
Z3, 5, 9, 720, 0.000000, 0.000085, 0.000000, 0.000000, 1.855752, 2, 3.144303, 0.000000, 0.000000
Z3, 6, 9, 720, 0.000000, 0.000106, 0.000000, 0.000000, 1.855752, 2, 3.144303, 0.000000, 0.000000
Z3, 7, 9, 720, 0.000000, 0.000077, 0.000000, 0.000000, 1.855752, 2, 3.144303, 0.000000, 0.000000
Z3, 8, 9, 720, 0.000000, 0.000074, 0.000000, 0.000000, 1.855752, 2, 3.144303, 0.000000, 0.000000
Z3, 9, 9, 720, 0.000000, 0.000073, 0.000000, 0.000000, 1.855752, 2, 3.144303, 0.000000, 0.000000
Z3, 10, 9, 720, 0.000000, 0.000072, 0.000000, 0.000000, 1.855752, 2, 3.144303, 0.000000, 0.000000
Z3, 11, 9, 720, 0.000000, 0.000071, 0.000000, 0.000000, 1.855752, 2, 3.144303, 0.000000, 0.000000
Z3, 12, 9, 720, 0.000000, 0.000068, 0.000000, 0.000000, 1.855752, 2, 3.144303, 0.000000, 0.000000
Z3, 13, 9, 720, 0.000000, 0.000080, 0.000000, 0.000000, 1.855752, 2, 3.144303, 0.000000, 0.000000
Z3, 14, 9, 720, 0.000000, 0.000067, 0.000000, 0.000000, 1.855752, 2, 3.144303, 0.000000, 0.000000
Z3, 15, 9, 720, 0.000000, 0.000081, 0.000000, 0.000000, 1.855752, 2, 3.144303, 0.000000, 0.000000
Z3, 16, 9, 720, 0.000000, 0.000072, 0.000000, 0.000000, 1.855752, 2, 3.144303, 0.000000, 0.000000
Z3, 17, 9, 720, 0.000000, 0.000084, 0.000000, 0.000000, 1.855752, 2, 3.144303, 0.000000, 0.000000
Z3, 18, 9, 720, 0.000000, 0.000072, 0.000000, 0.000000, 1.855752, 2, 3.144303, 0.000000, 0.000000
Z3, 19, 9, 720, 0.000000, 0.000072, 0.000000, 0.000000, 1.855752, 2, 3.144303, 0.000000, 0.000000
Z3, 20, 9, 720, 0.000000, 0.000071, 0.000000, 0.000000, 1.855752, 2, 3.144303, 0.000000, 0.000000
Z3, 21, 9, 720, 0.000000, 0.000070, 0.000000, 0.000000, 1.855752, 2, 3.144303, 0.000000, 0.000000
Z3, 22, 9, 720, 0.000000, 0.000071, 0.000000, 0.000000, 1.855752, 2, 3.144303, 0.000000, 0.000000
Z3, 23, 9, 720, 0.000000, 0.000070, 0.000000, 0.000000, 1.855752, 2, 3.144303, 0.000000, 0.000000
Z3, 24, 9, 720, 0.000000, 0.000067, 0.000000, 0.000000, 1.855752, 2, 3.144303, 0.000000, 0.000000
Z3, 25, 9, 720, 0.000000, 0.000068, 0.000000, 0.000000, 1.855752, 2, 3.144303, 0.000000, 0.000000
Z3, 26, 9, 720, 0.000000, 0.000066, 0.000000, 0.000000, 1.855752, 2, 3.144303, 0.000000, 0.000000
Z3, 27, 9, 720, 0.000000, 0.000107, 0.000000, 0.000000, 1.855752, 2, 3.144303, 0.000000, 0.000000
Z3, 28, 9, 720, 0.000000, 0.000077, 0.000000, 0.000000, 1.855752, 2, 3.144303, 0.000000, 0.000000
Z3, 29, 9, 720, 0.000000, 0.000106, 0.000000, 0.000000, 1.855752, 2, 3.144303, 0.000000, 0.000000
Z3, 30, 9, 720, 0.000000, 0.000106, 0.000000, 0.000000, 1.855752, 2, 3.144303, 0.000000, 0.000000
Z3, 31, 9, 720, 0.000000, 0.000077, 0.000000, 0.000000, 1.855752, 2, 3.144303, 0.000000, 0.000000
Z3, 32, 9, 720, 0.000000, 0.000071, 0.000000, 0.000000, 1.855752, 2, 3.144303, 0.000000, 0.000000
Z3, 33, 9, 720, 0.000000, 0.000073, 0.000000, 0.000000, 1.855752, 2, 3.144303, 0.000000, 0.000000
Z3, 34, 9, 720, 0.000000, 0.000068, 0.000000, 0.000000, 1.855752, 2, 3.144303, 0.000000, 0.000000
Z3, 35, 9, 720, 0.000000, 0.000067, 0.000000, 0.000000, 1.855752, 2, 3.144303, 0.000000, 0.000000
Z3, 36, 9, 720, 0.000000, 0.000068, 0.000000, 0.000000, 1.855752, 2, 3.144303, 0.000000, 0.000000
Z3, 37, 9, 720, 0.000000, 0.000067, 0.000000, 0.000000, 1.855752, 2, 3.144303, 0.000000, 0.000000
Z3, 38, 9, 720, 0.000000, 0.000068, 0.000000, 0.000000, 1.855752, 2, 3.144303, 0.000000, 0.000000
Z1, 0, 10, 720, 0.000000, 0.000121, 0.000000, 0.000000, 1.837993, 2, 4.162062, 0.000000, 0.000000
Z2, 0, 10, 720, 0.000000, 0.000120, 0.000000, 0.000000, 1.837993, 2, 4.162062, 0.000000, 0.000000
Z2, 1, 10, 720, 0.000000, 0.000106, 0.000000, 0.000000, 1.837993, 2, 4.162062, 0.000000, 0.000000
Z2, 2, 10, 720, 0.000000, 0.000107, 0.000000, 0.000000, 1.837993, 2, 4.162062, 0.000000, 0.000000
Z2, 3, 10, 720, 0.000000, 0.000108, 0.000000, 0.000000, 1.837993, 2, 4.162062, 0.000000, 0.000000
Z2, 4, 10, 720, 0.000000, 0.000106, 0.000000, 0.000000, 1.837993, 2, 4.162062, 0.000000, 0.000000
Z2, 5, 10, 720, 0.000000, 0.000107, 0.000000, 0.000000, 1.837993, 2, 4.162062, 0.000000, 0.000000
Z2, 6, 10, 720, 0.000000, 0.000107, 0.000000, 0.000000, 1.837993, 2, 4.162062, 0.000000, 0.000000
Z2, 7, 10, 720, 0.000000, 0.000126, 0.000000, 0.000000, 1.837993, 2, 4.162062, 0.000000, 0.000000
Z3, 0, 10, 720, 0.000000, 0.000123, 0.000000, 0.000000, 1.837993, 2, 4.162062, 0.000000, 0.000000
Z3, 1, 10, 720, 0.000000, 0.000107, 0.000000, 0.000000, 1.837993, 2, 4.162062, 0.000000, 0.000000
Z3, 2, 10, 720, 0.000000, 0.000106, 0.000000, 0.000000, 1.837993, 2, 4.162062, 0.000000, 0.000000
Z3, 3, 10, 720, 0.000000, 0.000106, 0.000000, 0.000000, 1.837993, 2, 4.162062, 0.000000, 0.000000
Z3, 4, 10, 720, 0.000000, 0.000106, 0.000000, 0.000000, 1.837993, 2, 4.162062, 0.000000, 0.000000
Z3, 5, 10, 720, 0.000000, 0.000077, 0.000000, 0.000000, 1.837993, 2, 4.162062, 0.000000, 0.000000
Z3, 6, 10, 720, 0.000000, 0.000105, 0.000000, 0.000000, 1.837993, 2, 4.162062, 0.000000, 0.000000
Z3, 7, 10, 720, 0.000000, 0.000078, 0.000000, 0.000000, 1.837993, 2, 4.162062, 0.000000, 0.000000
Z3, 8, 10, 720, 0.000000, 0.000106, 0.000000, 0.000000, 1.837993, 2, 4.162062, 0.000000, 0.000000
Z3, 9, 10, 720, 0.000000, 0.000107, 0.000000, 0.000000, 1.837993, 2, 4.162062, 0.000000, 0.000000
Z3, 10, 10, 720, 0.000000, 0.000107, 0.000000, 0.000000, 1.837993, 2, 4.162062, 0.000000, 0.000000
Z3, 11, 10, 720, 0.000000, 0.000077, 0.000000, 0.000000, 1.837993, 2, 4.162062, 0.000000, 0.000000
Z3, 12, 10, 720, 0.000000, 0.000074, 0.000000, 0.000000, 1.837993, 2, 4.162062, 0.000000, 0.000000
Z3, 13, 10, 720, 0.000000, 0.000073, 0.000000, 0.000000, 1.837993, 2, 4.162062, 0.000000, 0.000000
Z3, 14, 10, 720, 0.000000, 0.000069, 0.000000, 0.000000, 1.837993, 2, 4.162062, 0.000000, 0.000000
Z3, 15, 10, 720, 0.000000, 0.000069, 0.000000, 0.000000, 1.837993, 2, 4.162062, 0.000000, 0.000000
Z3, 16, 10, 720, 0.000000, 0.000067, 0.000000, 0.000000, 1.837993, 2, 4.162062, 0.000000, 0.000000
Z3, 17, 10, 720, 0.000000, 0.000106, 0.000000, 0.000000, 1.837993, 2, 4.162062, 0.000000, 0.000000
Z3, 18, 10, 720, 0.000000, 0.000097, 0.000000, 0.000000, 1.837993, 2, 4.162062, 0.000000, 0.000000
Z3, 19, 10, 720, 0.000000, 0.000108, 0.000000, 0.000000, 1.837993, 2, 4.162062, 0.000000, 0.000000
Z3, 20, 10, 720, 0.000000, 0.000106, 0.000000, 0.000000, 1.837993, 2, 4.162062, 0.000000, 0.000000
Z3, 21, 10, 720, 0.000000, 0.000107, 0.000000, 0.000000, 1.837993, 2, 4.162062, 0.000000, 0.000000
Z3, 22, 10, 720, 0.000000, 0.000078, 0.000000, 0.000000, 1.837993, 2, 4.162062, 0.000000, 0.000000
Z3, 23, 10, 720, 0.000000, 0.000075, 0.000000, 0.000000, 1.837993, 2, 4.162062, 0.000000, 0.000000
Z3, 24, 10, 720, 0.000000, 0.000081, 0.000000, 0.000000, 1.837993, 2, 4.162062, 0.000000, 0.000000
Z3, 25, 10, 720, 0.000000, 0.000067, 0.000000, 0.000000, 1.837993, 2, 4.162062, 0.000000, 0.000000
Z3, 26, 10, 720, 0.000000, 0.000078, 0.000000, 0.000000, 1.837993, 2, 4.162062, 0.000000, 0.000000
Z3, 27, 10, 720, 0.000000, 0.000069, 0.000000, 0.000000, 1.837993, 2, 4.162062, 0.000000, 0.000000
Z3, 28, 10, 720, 0.000000, 0.000106, 0.000000, 0.000000, 1.837993, 2, 4.162062, 0.000000, 0.000000
Z3, 29, 10, 720, 0.000000, 0.000103, 0.000000, 0.000000, 1.837993, 2, 4.162062, 0.000000, 0.000000
Z3, 30, 10, 720, 0.000000, 0.000106, 0.000000, 0.000000, 1.837993, 2, 4.162062, 0.000000, 0.000000
Z3, 31, 10, 720, 0.000000, 0.000107, 0.000000, 0.000000, 1.837993, 2, 4.162062, 0.000000, 0.000000
Z3, 32, 10, 720, 0.000000, 0.000077, 0.000000, 0.000000, 1.837993, 2, 4.162062, 0.000000, 0.000000
Z3, 33, 10, 720, 0.000000, 0.000073, 0.000000, 0.000000, 1.837993, 2, 4.162062, 0.000000, 0.000000
Z3, 34, 10, 720, 0.000000, 0.000083, 0.000000, 0.000000, 1.837993, 2, 4.162062, 0.000000, 0.000000
Z3, 35, 10, 720, 0.000000, 0.000070, 0.000000, 0.000000, 1.837993, 2, 4.162062, 0.000000, 0.000000
Z3, 36, 10, 720, 0.000000, 0.000067, 0.000000, 0.000000, 1.837993, 2, 4.162062, 0.000000, 0.000000
Z3, 37, 10, 720, 0.000000, 0.000069, 0.000000, 0.000000, 1.837993, 2, 4.162062, 0.000000, 0.000000
Z3, 38, 10, 720, 0.000000, 0.000067, 0.000000, 0.000000, 1.837993, 2, 4.162062, 0.000000, 0.000000
Z1, 0, 11, 720, 0.000000, 0.000137, 0.000000, 0.000000, 1.818205, 2, 4.181850, 0.000000, 0.000000
Z2, 0, 11, 720, 0.000000, 0.000120, 0.000000, 0.000000, 1.818205, 2, 4.181850, 0.000000, 0.000000
Z2, 1, 11, 720, 0.000000, 0.000108, 0.000000, 0.000000, 1.818205, 2, 4.181850, 0.000000, 0.000000
Z2, 2, 11, 720, 0.000000, 0.000077, 0.000000, 0.000000, 1.818205, 2, 4.181850, 0.000000, 0.000000
Z2, 3, 11, 720, 0.000000, 0.000086, 0.000000, 0.000000, 1.818205, 2, 4.181850, 0.000000, 0.000000
Z2, 4, 11, 720, 0.000000, 0.000072, 0.000000, 0.000000, 1.818205, 2, 4.181850, 0.000000, 0.000000
Z2, 5, 11, 720, 0.000000, 0.000081, 0.000000, 0.000000, 1.818205, 2, 4.181850, 0.000000, 0.000000
Z2, 6, 11, 720, 0.000000, 0.000069, 0.000000, 0.000000, 1.818205, 2, 4.181850, 0.000000, 0.000000
Z2, 7, 11, 720, 0.000000, 0.000067, 0.000000, 0.000000, 1.818205, 2, 4.181850, 0.000000, 0.000000
Z3, 0, 11, 720, 0.000000, 0.000127, 0.000000, 0.000000, 1.818205, 2, 4.181850, 0.000000, 0.000000
Z3, 1, 11, 720, 0.000000, 0.000080, 0.000000, 0.000000, 1.818205, 2, 4.181850, 0.000000, 0.000000
Z3, 2, 11, 720, 0.000000, 0.000107, 0.000000, 0.000000, 1.818205, 2, 4.181850, 0.000000, 0.000000
Z3, 3, 11, 720, 0.000000, 0.000107, 0.000000, 0.000000, 1.818205, 2, 4.181850, 0.000000, 0.000000
Z3, 4, 11, 720, 0.000000, 0.000077, 0.000000, 0.000000, 1.818205, 2, 4.181850, 0.000000, 0.000000
Z3, 5, 11, 720, 0.000000, 0.000074, 0.000000, 0.000000, 1.818205, 2, 4.181850, 0.000000, 0.000000
Z3, 6, 11, 720, 0.000000, 0.000085, 0.000000, 0.000000, 1.818205, 2, 4.181850, 0.000000, 0.000000
Z3, 7, 11, 720, 0.000000, 0.000073, 0.000000, 0.000000, 1.818205, 2, 4.181850, 0.000000, 0.000000
Z3, 8, 11, 720, 0.000000, 0.000082, 0.000000, 0.000000, 1.818205, 2, 4.181850, 0.000000, 0.000000
Z3, 9, 11, 720, 0.000000, 0.000069, 0.000000, 0.000000, 1.818205, 2, 4.181850, 0.000000, 0.000000
Z3, 10, 11, 720, 0.000000, 0.000068, 0.000000, 0.000000, 1.818205, 2, 4.181850, 0.000000, 0.000000
Z3, 11, 11, 720, 0.000000, 0.000084, 0.000000, 0.000000, 1.818205, 2, 4.181850, 0.000000, 0.000000
Z3, 12, 11, 720, 0.000000, 0.000071, 0.000000, 0.000000, 1.818205, 2, 4.181850, 0.000000, 0.000000
Z3, 13, 11, 720, 0.000000, 0.000073, 0.000000, 0.000000, 1.818205, 2, 4.181850, 0.000000, 0.000000
Z3, 14, 11, 720, 0.000000, 0.000070, 0.000000, 0.000000, 1.818205, 2, 4.181850, 0.000000, 0.000000
Z3, 15, 11, 720, 0.000000, 0.000107, 0.000000, 0.000000, 1.818205, 2, 4.181850, 0.000000, 0.000000
Z3, 16, 11, 720, 0.000000, 0.000077, 0.000000, 0.000000, 1.818205, 2, 4.181850, 0.000000, 0.000000
Z3, 17, 11, 720, 0.000000, 0.000073, 0.000000, 0.000000, 1.818205, 2, 4.181850, 0.000000, 0.000000
Z3, 18, 11, 720, 0.000000, 0.000072, 0.000000, 0.000000, 1.818205, 2, 4.181850, 0.000000, 0.000000
Z3, 19, 11, 720, 0.000000, 0.000072, 0.000000, 0.000000, 1.818205, 2, 4.181850, 0.000000, 0.000000
Z3, 20, 11, 720, 0.000000, 0.000068, 0.000000, 0.000000, 1.818205, 2, 4.181850, 0.000000, 0.000000
Z3, 21, 11, 720, 0.000000, 0.000067, 0.000000, 0.000000, 1.818205, 2, 4.181850, 0.000000, 0.000000
Z3, 22, 11, 720, 0.000000, 0.000068, 0.000000, 0.000000, 1.818205, 2, 4.181850, 0.000000, 0.000000
Z3, 23, 11, 720, 0.000000, 0.000106, 0.000000, 0.000000, 1.818205, 2, 4.181850, 0.000000, 0.000000
Z3, 24, 11, 720, 0.000000, 0.000078, 0.000000, 0.000000, 1.818205, 2, 4.181850, 0.000000, 0.000000
Z3, 25, 11, 720, 0.000000, 0.000106, 0.000000, 0.000000, 1.818205, 2, 4.181850, 0.000000, 0.000000
Z3, 26, 11, 720, 0.000000, 0.000107, 0.000000, 0.000000, 1.818205, 2, 4.181850, 0.000000, 0.000000
Z3, 27, 11, 720, 0.000000, 0.000079, 0.000000, 0.000000, 1.818205, 2, 4.181850, 0.000000, 0.000000
Z3, 28, 11, 720, 0.000000, 0.000070, 0.000000, 0.000000, 1.818205, 2, 4.181850, 0.000000, 0.000000
Z3, 29, 11, 720, 0.000000, 0.000069, 0.000000, 0.000000, 1.818205, 2, 4.181850, 0.000000, 0.000000
Z3, 30, 11, 720, 0.000000, 0.000072, 0.000000, 0.000000, 1.818205, 2, 4.181850, 0.000000, 0.000000
Z3, 31, 11, 720, 0.000000, 0.000068, 0.000000, 0.000000, 1.818205, 2, 4.181850, 0.000000, 0.000000
Z3, 32, 11, 720, 0.000000, 0.000067, 0.000000, 0.000000, 1.818205, 2, 4.181850, 0.000000, 0.000000
Z3, 33, 11, 720, 0.000000, 0.000069, 0.000000, 0.000000, 1.818205, 2, 4.181850, 0.000000, 0.000000
Z3, 34, 11, 720, 0.000000, 0.000067, 0.000000, 0.000000, 1.818205, 2, 4.181850, 0.000000, 0.000000
Z3, 35, 11, 720, 0.000000, 0.000121, 0.000000, 0.000000, 1.818205, 2, 4.181850, 0.000000, 0.000000
Z3, 36, 11, 720, 0.000000, 0.000110, 0.000000, 0.000000, 1.818205, 2, 4.181850, 0.000000, 0.000000
Z3, 37, 11, 720, 0.000000, 0.000107, 0.000000, 0.000000, 1.818205, 2, 4.181850, 0.000000, 0.000000
Z3, 38, 11, 720, 0.000000, 0.000107, 0.000000, 0.000000, 1.818205, 2, 4.181850, 0.000000, 0.000000
Z1, 0, 12, 720, 0.000000, 0.000121, 0.000000, 0.000000, 1.800397, 2, 5.199658, 0.000000, 0.000000
Z2, 0, 12, 720, 0.000000, 0.000119, 0.000000, 0.000000, 1.800397, 2, 5.199658, 0.000000, 0.000000
Z2, 1, 12, 720, 0.000000, 0.000108, 0.000000, 0.000000, 1.800397, 2, 5.199658, 0.000000, 0.000000
Z2, 2, 12, 720, 0.000000, 0.000106, 0.000000, 0.000000, 1.800397, 2, 5.199658, 0.000000, 0.000000
Z2, 3, 12, 720, 0.000000, 0.000078, 0.000000, 0.000000, 1.800397, 2, 5.199658, 0.000000, 0.000000
Z2, 4, 12, 720, 0.000000, 0.000106, 0.000000, 0.000000, 1.800397, 2, 5.199658, 0.000000, 0.000000
Z2, 5, 12, 720, 0.000000, 0.000106, 0.000000, 0.000000, 1.800397, 2, 5.199658, 0.000000, 0.000000
Z2, 6, 12, 720, 0.000000, 0.000074, 0.000000, 0.000000, 1.800397, 2, 5.199658, 0.000000, 0.000000
Z2, 7, 12, 720, 0.000000, 0.000070, 0.000000, 0.000000, 1.800397, 2, 5.199658, 0.000000, 0.000000
Z3, 0, 12, 720, 0.000000, 0.000119, 0.000000, 0.000000, 1.800397, 2, 5.199658, 0.000000, 0.000000
Z3, 1, 12, 720, 0.000000, 0.000107, 0.000000, 0.000000, 1.800397, 2, 5.199658, 0.000000, 0.000000
Z3, 2, 12, 720, 0.000000, 0.000079, 0.000000, 0.000000, 1.800397, 2, 5.199658, 0.000000, 0.000000
Z3, 3, 12, 720, 0.000000, 0.000107, 0.000000, 0.000000, 1.800397, 2, 5.199658, 0.000000, 0.000000
Z3, 4, 12, 720, 0.000000, 0.000079, 0.000000, 0.000000, 1.800397, 2, 5.199658, 0.000000, 0.000000
Z3, 5, 12, 720, 0.000000, 0.000106, 0.000000, 0.000000, 1.800397, 2, 5.199658, 0.000000, 0.000000
Z3, 6, 12, 720, 0.000000, 0.000107, 0.000000, 0.000000, 1.800397, 2, 5.199658, 0.000000, 0.000000
Z3, 7, 12, 720, 0.000000, 0.000107, 0.000000, 0.000000, 1.800397, 2, 5.199658, 0.000000, 0.000000
Z3, 8, 12, 720, 0.000000, 0.000107, 0.000000, 0.000000, 1.800397, 2, 5.199658, 0.000000, 0.000000
Z3, 9, 12, 720, 0.000000, 0.000108, 0.000000, 0.000000, 1.800397, 2, 5.199658, 0.000000, 0.000000
Z3, 10, 12, 720, 0.000000, 0.000079, 0.000000, 0.000000, 1.800397, 2, 5.199658, 0.000000, 0.000000
Z3, 11, 12, 720, 0.000000, 0.000074, 0.000000, 0.000000, 1.800397, 2, 5.199658, 0.000000, 0.000000
Z3, 12, 12, 720, 0.000000, 0.000069, 0.000000, 0.000000, 1.800397, 2, 5.199658, 0.000000, 0.000000
Z3, 13, 12, 720, 0.000000, 0.000106, 0.000000, 0.000000, 1.800397, 2, 5.199658, 0.000000, 0.000000
Z3, 14, 12, 720, 0.000000, 0.000077, 0.000000, 0.000000, 1.800397, 2, 5.199658, 0.000000, 0.000000
Z3, 15, 12, 720, 0.000000, 0.000106, 0.000000, 0.000000, 1.800397, 2, 5.199658, 0.000000, 0.000000
Z3, 16, 12, 720, 0.000000, 0.000106, 0.000000, 0.000000, 1.800397, 2, 5.199658, 0.000000, 0.000000
Z3, 17, 12, 720, 0.000000, 0.000106, 0.000000, 0.000000, 1.800397, 2, 5.199658, 0.000000, 0.000000
Z3, 18, 12, 720, 0.000000, 0.000079, 0.000000, 0.000000, 1.800397, 2, 5.199658, 0.000000, 0.000000
Z3, 19, 12, 720, 0.000000, 0.000074, 0.000000, 0.000000, 1.800397, 2, 5.199658, 0.000000, 0.000000
Z3, 20, 12, 720, 0.000000, 0.000072, 0.000000, 0.000000, 1.800397, 2, 5.199658, 0.000000, 0.000000
Z3, 21, 12, 720, 0.000000, 0.000069, 0.000000, 0.000000, 1.800397, 2, 5.199658, 0.000000, 0.000000
Z3, 22, 12, 720, 0.000000, 0.000068, 0.000000, 0.000000, 1.800397, 2, 5.199658, 0.000000, 0.000000
Z3, 23, 12, 720, 0.000000, 0.000122, 0.000000, 0.000000, 1.800397, 2, 5.199658, 0.000000, 0.000000
Z3, 24, 12, 720, 0.000000, 0.000076, 0.000000, 0.000000, 1.800397, 2, 5.199658, 0.000000, 0.000000
Z3, 25, 12, 720, 0.000000, 0.000074, 0.000000, 0.000000, 1.800397, 2, 5.199658, 0.000000, 0.000000
Z3, 26, 12, 720, 0.000000, 0.000106, 0.000000, 0.000000, 1.800397, 2, 5.199658, 0.000000, 0.000000
Z3, 27, 12, 720, 0.000000, 0.000078, 0.000000, 0.000000, 1.800397, 2, 5.199658, 0.000000, 0.000000
Z3, 28, 12, 720, 0.000000, 0.000072, 0.000000, 0.000000, 1.800397, 2, 5.199658, 0.000000, 0.000000
Z3, 29, 12, 720, 0.000000, 0.000071, 0.000000, 0.000000, 1.800397, 2, 5.199658, 0.000000, 0.000000
Z3, 30, 12, 720, 0.000000, 0.000071, 0.000000, 0.000000, 1.800397, 2, 5.199658, 0.000000, 0.000000
Z3, 31, 12, 720, 0.000000, 0.000069, 0.000000, 0.000000, 1.800397, 2, 5.199658, 0.000000, 0.000000
Z3, 32, 12, 720, 0.000000, 0.000067, 0.000000, 0.000000, 1.800397, 2, 5.199658, 0.000000, 0.000000
Z3, 33, 12, 720, 0.000000, 0.000080, 0.000000, 0.000000, 1.800397, 2, 5.199658, 0.000000, 0.000000
Z3, 34, 12, 720, 0.000000, 0.000068, 0.000000, 0.000000, 1.800397, 2, 5.199658, 0.000000, 0.000000
Z3, 35, 12, 720, 0.000000, 0.000083, 0.000000, 0.000000, 1.800397, 2, 5.199658, 0.000000, 0.000000
Z3, 36, 12, 720, 0.000000, 0.000071, 0.000000, 0.000000, 1.800397, 2, 5.199658, 0.000000, 0.000000
Z3, 37, 12, 720, 0.000000, 0.000106, 0.000000, 0.000000, 1.800397, 2, 5.199658, 0.000000, 0.000000
Z3, 38, 12, 720, 0.000000, 0.000107, 0.000000, 0.000000, 1.800397, 2, 5.199658, 0.000000, 0.000000
Z1, 0, 13, 720, 0.000000, 0.000120, 0.000000, 0.000000, 1.780490, 2, 5.219565, 0.000000, 0.000000
Z2, 0, 13, 720, 0.000000, 0.000119, 0.000000, 0.000000, 1.780490, 2, 5.219565, 0.000000, 0.000000
Z2, 1, 13, 720, 0.000000, 0.000088, 0.000000, 0.000000, 1.780490, 2, 5.219565, 0.000000, 0.000000
Z2, 2, 13, 720, 0.000000, 0.000076, 0.000000, 0.000000, 1.780490, 2, 5.219565, 0.000000, 0.000000
Z2, 3, 13, 720, 0.000000, 0.000083, 0.000000, 0.000000, 1.780490, 2, 5.219565, 0.000000, 0.000000
Z2, 4, 13, 720, 0.000000, 0.000107, 0.000000, 0.000000, 1.780490, 2, 5.219565, 0.000000, 0.000000
Z2, 5, 13, 720, 0.000000, 0.000115, 0.000000, 0.000000, 1.780490, 2, 5.219565, 0.000000, 0.000000
Z2, 6, 13, 720, 0.000000, 0.000107, 0.000000, 0.000000, 1.780490, 2, 5.219565, 0.000000, 0.000000
Z2, 7, 13, 720, 0.000000, 0.000106, 0.000000, 0.000000, 1.780490, 2, 5.219565, 0.000000, 0.000000
Z3, 0, 13, 720, 0.000000, 0.000120, 0.000000, 0.000000, 1.780490, 2, 5.219565, 0.000000, 0.000000
Z3, 1, 13, 720, 0.000000, 0.000108, 0.000000, 0.000000, 1.780490, 2, 5.219565, 0.000000, 0.000000
Z3, 2, 13, 720, 0.000000, 0.000077, 0.000000, 0.000000, 1.780490, 2, 5.219565, 0.000000, 0.000000
Z3, 3, 13, 720, 0.000000, 0.000074, 0.000000, 0.000000, 1.780490, 2, 5.219565, 0.000000, 0.000000
Z3, 4, 13, 720, 0.000000, 0.000082, 0.000000, 0.000000, 1.780490, 2, 5.219565, 0.000000, 0.000000
Z3, 5, 13, 720, 0.000000, 0.000068, 0.000000, 0.000000, 1.780490, 2, 5.219565, 0.000000, 0.000000
Z3, 6, 13, 720, 0.000000, 0.000106, 0.000000, 0.000000, 1.780490, 2, 5.219565, 0.000000, 0.000000
Z3, 7, 13, 720, 0.000000, 0.000103, 0.000000, 0.000000, 1.780490, 2, 5.219565, 0.000000, 0.000000
Z3, 8, 13, 720, 0.000000, 0.000076, 0.000000, 0.000000, 1.780490, 2, 5.219565, 0.000000, 0.000000
Z3, 9, 13, 720, 0.000000, 0.000073, 0.000000, 0.000000, 1.780490, 2, 5.219565, 0.000000, 0.000000
Z3, 10, 13, 720, 0.000000, 0.000072, 0.000000, 0.000000, 1.780490, 2, 5.219565, 0.000000, 0.000000
Z3, 11, 13, 720, 0.000000, 0.000071, 0.000000, 0.000000, 1.780490, 2, 5.219565, 0.000000, 0.000000
Z3, 12, 13, 720, 0.000000, 0.000083, 0.000000, 0.000000, 1.780490, 2, 5.219565, 0.000000, 0.000000
Z3, 13, 13, 720, 0.000000, 0.000070, 0.000000, 0.000000, 1.780490, 2, 5.219565, 0.000000, 0.000000
Z3, 14, 13, 720, 0.000000, 0.000070, 0.000000, 0.000000, 1.780490, 2, 5.219565, 0.000000, 0.000000
Z3, 15, 13, 720, 0.000000, 0.000082, 0.000000, 0.000000, 1.780490, 2, 5.219565, 0.000000, 0.000000
Z3, 16, 13, 720, 0.000000, 0.000068, 0.000000, 0.000000, 1.780490, 2, 5.219565, 0.000000, 0.000000
Z3, 17, 13, 720, 0.000000, 0.000067, 0.000000, 0.000000, 1.780490, 2, 5.219565, 0.000000, 0.000000
Z3, 18, 13, 720, 0.000000, 0.000071, 0.000000, 0.000000, 1.780490, 2, 5.219565, 0.000000, 0.000000
Z3, 19, 13, 720, 0.000000, 0.000068, 0.000000, 0.000000, 1.780490, 2, 5.219565, 0.000000, 0.000000
Z3, 20, 13, 720, 0.000000, 0.000107, 0.000000, 0.000000, 1.780490, 2, 5.219565, 0.000000, 0.000000
Z3, 21, 13, 720, 0.000000, 0.000106, 0.000000, 0.000000, 1.780490, 2, 5.219565, 0.000000, 0.000000
Z3, 22, 13, 720, 0.000000, 0.000079, 0.000000, 0.000000, 1.780490, 2, 5.219565, 0.000000, 0.000000
Z3, 23, 13, 720, 0.000000, 0.000074, 0.000000, 0.000000, 1.780490, 2, 5.219565, 0.000000, 0.000000
Z3, 24, 13, 720, 0.000000, 0.000084, 0.000000, 0.000000, 1.780490, 2, 5.219565, 0.000000, 0.000000
Z3, 25, 13, 720, 0.000000, 0.000069, 0.000000, 0.000000, 1.780490, 2, 5.219565, 0.000000, 0.000000
Z3, 26, 13, 720, 0.000000, 0.000068, 0.000000, 0.000000, 1.780490, 2, 5.219565, 0.000000, 0.000000
Z3, 27, 13, 720, 0.000000, 0.000067, 0.000000, 0.000000, 1.780490, 2, 5.219565, 0.000000, 0.000000
Z3, 28, 13, 720, 0.000000, 0.000067, 0.000000, 0.000000, 1.780490, 2, 5.219565, 0.000000, 0.000000
Z3, 29, 13, 720, 0.000000, 0.000108, 0.000000, 0.000000, 1.780490, 2, 5.219565, 0.000000, 0.000000
Z3, 30, 13, 720, 0.000000, 0.000077, 0.000000, 0.000000, 1.780490, 2, 5.219565, 0.000000, 0.000000
Z3, 31, 13, 720, 0.000000, 0.000107, 0.000000, 0.000000, 1.780490, 2, 5.219565, 0.000000, 0.000000
Z3, 32, 13, 720, 0.000000, 0.000106, 0.000000, 0.000000, 1.780490, 2, 5.219565, 0.000000, 0.000000
Z3, 33, 13, 720, 0.000000, 0.000078, 0.000000, 0.000000, 1.780490, 2, 5.219565, 0.000000, 0.000000
Z3, 34, 13, 720, 0.000000, 0.000073, 0.000000, 0.000000, 1.780490, 2, 5.219565, 0.000000, 0.000000
Z3, 35, 13, 720, 0.000000, 0.000084, 0.000000, 0.000000, 1.780490, 2, 5.219565, 0.000000, 0.000000
Z3, 36, 13, 720, 0.000000, 0.000070, 0.000000, 0.000000, 1.780490, 2, 5.219565, 0.000000, 0.000000
Z3, 37, 13, 720, 0.000000, 0.000069, 0.000000, 0.000000, 1.780490, 2, 5.219565, 0.000000, 0.000000
Z3, 38, 13, 720, 0.000000, 0.000068, 0.000000, 0.000000, 1.780490, 2, 5.219565, 0.000000, 0.000000
Z1, 0, 14, 720, 0.000000, 0.000137, 0.000000, 0.000000, 1.762528, 2, 6.237527, 0.000000, 0.000000
Z2, 0, 14, 720, 0.000000, 0.000122, 0.000000, 0.000000, 1.762528, 2, 6.237527, 0.000000, 0.000000
Z2, 1, 14, 720, 0.000000, 0.000108, 0.000000, 0.000000, 1.762528, 2, 6.237527, 0.000000, 0.000000
Z2, 2, 14, 720, 0.000000, 0.000106, 0.000000, 0.000000, 1.762528, 2, 6.237527, 0.000000, 0.000000
Z2, 3, 14, 720, 0.000000, 0.000107, 0.000000, 0.000000, 1.762528, 2, 6.237527, 0.000000, 0.000000
Z2, 4, 14, 720, 0.000000, 0.000106, 0.000000, 0.000000, 1.762528, 2, 6.237527, 0.000000, 0.000000
Z2, 5, 14, 720, 0.000000, 0.000106, 0.000000, 0.000000, 1.762528, 2, 6.237527, 0.000000, 0.000000
Z2, 6, 14, 720, 0.000000, 0.000107, 0.000000, 0.000000, 1.762528, 2, 6.237527, 0.000000, 0.000000
Z2, 7, 14, 720, 0.000000, 0.000106, 0.000000, 0.000000, 1.762528, 2, 6.237527, 0.000000, 0.000000
Z3, 0, 14, 720, 0.000000, 0.000123, 0.000000, 0.000000, 1.762528, 2, 6.237527, 0.000000, 0.000000
Z3, 1, 14, 720, 0.000000, 0.000108, 0.000000, 0.000000, 1.762528, 2, 6.237527, 0.000000, 0.000000
Z3, 2, 14, 720, 0.000000, 0.000106, 0.000000, 0.000000, 1.762528, 2, 6.237527, 0.000000, 0.000000
Z3, 3, 14, 720, 0.000000, 0.000107, 0.000000, 0.000000, 1.762528, 2, 6.237527, 0.000000, 0.000000
Z3, 4, 14, 720, 0.000000, 0.000106, 0.000000, 0.000000, 1.762528, 2, 6.237527, 0.000000, 0.000000
Z3, 5, 14, 720, 0.000000, 0.000106, 0.000000, 0.000000, 1.762528, 2, 6.237527, 0.000000, 0.000000
Z3, 6, 14, 720, 0.000000, 0.000078, 0.000000, 0.000000, 1.762528, 2, 6.237527, 0.000000, 0.000000
Z3, 7, 14, 720, 0.000000, 0.000069, 0.000000, 0.000000, 1.762528, 2, 6.237527, 0.000000, 0.000000
Z3, 8, 14, 720, 0.000000, 0.000106, 0.000000, 0.000000, 1.762528, 2, 6.237527, 0.000000, 0.000000
Z3, 9, 14, 720, 0.000000, 0.000107, 0.000000, 0.000000, 1.762528, 2, 6.237527, 0.000000, 0.000000
Z3, 10, 14, 720, 0.000000, 0.000107, 0.000000, 0.000000, 1.762528, 2, 6.237527, 0.000000, 0.000000
Z3, 11, 14, 720, 0.000000, 0.000076, 0.000000, 0.000000, 1.762528, 2, 6.237527, 0.000000, 0.000000
Z3, 12, 14, 720, 0.000000, 0.000073, 0.000000, 0.000000, 1.762528, 2, 6.237527, 0.000000, 0.000000
Z3, 13, 14, 720, 0.000000, 0.000073, 0.000000, 0.000000, 1.762528, 2, 6.237527, 0.000000, 0.000000
Z3, 14, 14, 720, 0.000000, 0.000083, 0.000000, 0.000000, 1.762528, 2, 6.237527, 0.000000, 0.000000
Z3, 15, 14, 720, 0.000000, 0.000071, 0.000000, 0.000000, 1.762528, 2, 6.237527, 0.000000, 0.000000
Z3, 16, 14, 720, 0.000000, 0.000068, 0.000000, 0.000000, 1.762528, 2, 6.237527, 0.000000, 0.000000
Z3, 17, 14, 720, 0.000000, 0.000067, 0.000000, 0.000000, 1.762528, 2, 6.237527, 0.000000, 0.000000
Z3, 18, 14, 720, 0.000000, 0.000108, 0.000000, 0.000000, 1.762528, 2, 6.237527, 0.000000, 0.000000
Z3, 19, 14, 720, 0.000000, 0.000082, 0.000000, 0.000000, 1.762528, 2, 6.237527, 0.000000, 0.000000
Z3, 20, 14, 720, 0.000000, 0.000106, 0.000000, 0.000000, 1.762528, 2, 6.237527, 0.000000, 0.000000
Z3, 21, 14, 720, 0.000000, 0.000106, 0.000000, 0.000000, 1.762528, 2, 6.237527, 0.000000, 0.000000
Z3, 22, 14, 720, 0.000000, 0.000078, 0.000000, 0.000000, 1.762528, 2, 6.237527, 0.000000, 0.000000
Z3, 23, 14, 720, 0.000000, 0.000074, 0.000000, 0.000000, 1.762528, 2, 6.237527, 0.000000, 0.000000
Z3, 24, 14, 720, 0.000000, 0.000085, 0.000000, 0.000000, 1.762528, 2, 6.237527, 0.000000, 0.000000
Z3, 25, 14, 720, 0.000000, 0.000071, 0.000000, 0.000000, 1.762528, 2, 6.237527, 0.000000, 0.000000
Z3, 26, 14, 720, 0.000000, 0.000080, 0.000000, 0.000000, 1.762528, 2, 6.237527, 0.000000, 0.000000
Z3, 27, 14, 720, 0.000000, 0.000069, 0.000000, 0.000000, 1.762528, 2, 6.237527, 0.000000, 0.000000
Z3, 28, 14, 720, 0.000000, 0.000068, 0.000000, 0.000000, 1.762528, 2, 6.237527, 0.000000, 0.000000
Z3, 29, 14, 720, 0.000000, 0.000123, 0.000000, 0.000000, 1.762528, 2, 6.237527, 0.000000, 0.000000
Z3, 30, 14, 720, 0.000000, 0.000104, 0.000000, 0.000000, 1.762528, 2, 6.237527, 0.000000, 0.000000
Z3, 31, 14, 720, 0.000000, 0.000076, 0.000000, 0.000000, 1.762528, 2, 6.237527, 0.000000, 0.000000
Z3, 32, 14, 720, 0.000000, 0.000072, 0.000000, 0.000000, 1.762528, 2, 6.237527, 0.000000, 0.000000
Z3, 33, 14, 720, 0.000000, 0.000083, 0.000000, 0.000000, 1.762528, 2, 6.237527, 0.000000, 0.000000
Z3, 34, 14, 720, 0.000000, 0.000072, 0.000000, 0.000000, 1.762528, 2, 6.237527, 0.000000, 0.000000
Z3, 35, 14, 720, 0.000000, 0.000071, 0.000000, 0.000000, 1.762528, 2, 6.237527, 0.000000, 0.000000
Z3, 36, 14, 720, 0.000000, 0.000070, 0.000000, 0.000000, 1.762528, 2, 6.237527, 0.000000, 0.000000
Z3, 37, 14, 720, 0.000000, 0.000083, 0.000000, 0.000000, 1.762528, 2, 6.237527, 0.000000, 0.000000
Z3, 38, 14, 720, 0.000000, 0.000067, 0.000000, 0.000000, 1.762528, 2, 6.237527, 0.000000, 0.000000
Z1, 0, 15, 720, 0.000000, 0.000124, 0.000000, 0.000000, 1.742711, 2, 6.257344, 0.000000, 0.000000
Z2, 0, 15, 720, 0.000000, 0.000141, 0.000000, 0.000000, 1.742711, 2, 6.257344, 0.000000, 0.000000
Z2, 1, 15, 720, 0.000000, 0.000107, 0.000000, 0.000000, 1.742711, 2, 6.257344, 0.000000, 0.000000
Z2, 2, 15, 720, 0.000000, 0.000106, 0.000000, 0.000000, 1.742711, 2, 6.257344, 0.000000, 0.000000
Z2, 3, 15, 720, 0.000000, 0.000106, 0.000000, 0.000000, 1.742711, 2, 6.257344, 0.000000, 0.000000
Z2, 4, 15, 720, 0.000000, 0.000106, 0.000000, 0.000000, 1.742711, 2, 6.257344, 0.000000, 0.000000
Z2, 5, 15, 720, 0.000000, 0.000078, 0.000000, 0.000000, 1.742711, 2, 6.257344, 0.000000, 0.000000
Z2, 6, 15, 720, 0.000000, 0.000072, 0.000000, 0.000000, 1.742711, 2, 6.257344, 0.000000, 0.000000
Z2, 7, 15, 720, 0.000000, 0.000072, 0.000000, 0.000000, 1.742711, 2, 6.257344, 0.000000, 0.000000
Z3, 0, 15, 720, 0.000000, 0.000120, 0.000000, 0.000000, 1.742711, 2, 6.257344, 0.000000, 0.000000
Z3, 1, 15, 720, 0.000000, 0.000107, 0.000000, 0.000000, 1.742711, 2, 6.257344, 0.000000, 0.000000
Z3, 2, 15, 720, 0.000000, 0.000098, 0.000000, 0.000000, 1.742711, 2, 6.257344, 0.000000, 0.000000
Z3, 3, 15, 720, 0.000000, 0.000106, 0.000000, 0.000000, 1.742711, 2, 6.257344, 0.000000, 0.000000
Z3, 4, 15, 720, 0.000000, 0.000107, 0.000000, 0.000000, 1.742711, 2, 6.257344, 0.000000, 0.000000
Z3, 5, 15, 720, 0.000000, 0.000075, 0.000000, 0.000000, 1.742711, 2, 6.257344, 0.000000, 0.000000
Z3, 6, 15, 720, 0.000000, 0.000073, 0.000000, 0.000000, 1.742711, 2, 6.257344, 0.000000, 0.000000
Z3, 7, 15, 720, 0.000000, 0.000072, 0.000000, 0.000000, 1.742711, 2, 6.257344, 0.000000, 0.000000
Z3, 8, 15, 720, 0.000000, 0.000068, 0.000000, 0.000000, 1.742711, 2, 6.257344, 0.000000, 0.000000
Z3, 9, 15, 720, 0.000000, 0.000068, 0.000000, 0.000000, 1.742711, 2, 6.257344, 0.000000, 0.000000
Z3, 10, 15, 720, 0.000000, 0.000067, 0.000000, 0.000000, 1.742711, 2, 6.257344, 0.000000, 0.000000
Z3, 11, 15, 720, 0.000000, 0.000067, 0.000000, 0.000000, 1.742711, 2, 6.257344, 0.000000, 0.000000
Z3, 12, 15, 720, 0.000000, 0.000123, 0.000000, 0.000000, 1.742711, 2, 6.257344, 0.000000, 0.000000
Z3, 13, 15, 720, 0.000000, 0.000079, 0.000000, 0.000000, 1.742711, 2, 6.257344, 0.000000, 0.000000
Z3, 14, 15, 720, 0.000000, 0.000106, 0.000000, 0.000000, 1.742711, 2, 6.257344, 0.000000, 0.000000
Z3, 15, 15, 720, 0.000000, 0.000107, 0.000000, 0.000000, 1.742711, 2, 6.257344, 0.000000, 0.000000
Z3, 16, 15, 720, 0.000000, 0.000077, 0.000000, 0.000000, 1.742711, 2, 6.257344, 0.000000, 0.000000
Z3, 17, 15, 720, 0.000000, 0.000074, 0.000000, 0.000000, 1.742711, 2, 6.257344, 0.000000, 0.000000
Z3, 18, 15, 720, 0.000000, 0.000072, 0.000000, 0.000000, 1.742711, 2, 6.257344, 0.000000, 0.000000
Z3, 19, 15, 720, 0.000000, 0.000068, 0.000000, 0.000000, 1.742711, 2, 6.257344, 0.000000, 0.000000
Z3, 20, 15, 720, 0.000000, 0.000079, 0.000000, 0.000000, 1.742711, 2, 6.257344, 0.000000, 0.000000
Z3, 21, 15, 720, 0.000000, 0.000069, 0.000000, 0.000000, 1.742711, 2, 6.257344, 0.000000, 0.000000
Z3, 22, 15, 720, 0.000000, 0.000077, 0.000000, 0.000000, 1.742711, 2, 6.257344, 0.000000, 0.000000
Z3, 23, 15, 720, 0.000000, 0.000107, 0.000000, 0.000000, 1.742711, 2, 6.257344, 0.000000, 0.000000
Z3, 24, 15, 720, 0.000000, 0.000078, 0.000000, 0.000000, 1.742711, 2, 6.257344, 0.000000, 0.000000
Z3, 25, 15, 720, 0.000000, 0.000075, 0.000000, 0.000000, 1.742711, 2, 6.257344, 0.000000, 0.000000
Z3, 26, 15, 720, 0.000000, 0.000084, 0.000000, 0.000000, 1.742711, 2, 6.257344, 0.000000, 0.000000
Z3, 27, 15, 720, 0.000000, 0.000108, 0.000000, 0.000000, 1.742711, 2, 6.257344, 0.000000, 0.000000
Z3, 28, 15, 720, 0.000000, 0.000078, 0.000000, 0.000000, 1.742711, 2, 6.257344, 0.000000, 0.000000
Z3, 29, 15, 720, 0.000000, 0.000071, 0.000000, 0.000000, 1.742711, 2, 6.257344, 0.000000, 0.000000
Z3, 30, 15, 720, 0.000000, 0.000086, 0.000000, 0.000000, 1.742711, 2, 6.257344, 0.000000, 0.000000
Z3, 31, 15, 720, 0.000000, 0.000071, 0.000000, 0.000000, 1.742711, 2, 6.257344, 0.000000, 0.000000
Z3, 32, 15, 720, 0.000000, 0.000081, 0.000000, 0.000000, 1.742711, 2, 6.257344, 0.000000, 0.000000
Z3, 33, 15, 720, 0.000000, 0.000067, 0.000000, 0.000000, 1.742711, 2, 6.257344, 0.000000, 0.000000
Z3, 34, 15, 720, 0.000000, 0.000068, 0.000000, 0.000000, 1.742711, 2, 6.257344, 0.000000, 0.000000
Z3, 35, 15, 720, 0.000000, 0.000106, 0.000000, 0.000000, 1.742711, 2, 6.257344, 0.000000, 0.000000
Z3, 36, 15, 720, 0.000000, 0.000077, 0.000000, 0.000000, 1.742711, 2, 6.257344, 0.000000, 0.000000
Z3, 37, 15, 720, 0.000000, 0.000107, 0.000000, 0.000000, 1.742711, 2, 6.257344, 0.000000, 0.000000
Z3, 38, 15, 720, 0.000000, 0.000107, 0.000000, 0.000000, 1.742711, 2, 6.257344, 0.000000, 0.000000
Z1, 0, 16, 720, 0.000000, 0.000133, 0.000000, 0.000000, 1.724372, 2, 7.275683, 0.000000, 0.000000
Z2, 0, 16, 720, 0.000000, 0.000122, 0.000000, 0.000000, 1.724372, 2, 7.275683, 0.000000, 0.000000
Z2, 1, 16, 720, 0.000000, 0.000108, 0.000000, 0.000000, 1.724372, 2, 7.275683, 0.000000, 0.000000
Z2, 2, 16, 720, 0.000000, 0.000105, 0.000000, 0.000000, 1.724372, 2, 7.275683, 0.000000, 0.000000
Z2, 3, 16, 720, 0.000000, 0.000077, 0.000000, 0.000000, 1.724372, 2, 7.275683, 0.000000, 0.000000
Z2, 4, 16, 720, 0.000000, 0.000106, 0.000000, 0.000000, 1.724372, 2, 7.275683, 0.000000, 0.000000
Z2, 5, 16, 720, 0.000000, 0.000106, 0.000000, 0.000000, 1.724372, 2, 7.275683, 0.000000, 0.000000
Z2, 6, 16, 720, 0.000000, 0.000106, 0.000000, 0.000000, 1.724372, 2, 7.275683, 0.000000, 0.000000
Z2, 7, 16, 720, 0.000000, 0.000107, 0.000000, 0.000000, 1.724372, 2, 7.275683, 0.000000, 0.000000
Z3, 0, 16, 720, 0.000000, 0.000125, 0.000000, 0.000000, 1.724372, 2, 7.275683, 0.000000, 0.000000
Z3, 1, 16, 720, 0.000000, 0.000108, 0.000000, 0.000000, 1.724372, 2, 7.275683, 0.000000, 0.000000
Z3, 2, 16, 720, 0.000000, 0.000106, 0.000000, 0.000000, 1.724372, 2, 7.275683, 0.000000, 0.000000
Z3, 3, 16, 720, 0.000000, 0.000073, 0.000000, 0.000000, 1.724372, 2, 7.275683, 0.000000, 0.000000
Z3, 4, 16, 720, 0.000000, 0.000075, 0.000000, 0.000000, 1.724372, 2, 7.275683, 0.000000, 0.000000
Z3, 5, 16, 720, 0.000000, 0.000106, 0.000000, 0.000000, 1.724372, 2, 7.275683, 0.000000, 0.000000
Z3, 6, 16, 720, 0.000000, 0.000106, 0.000000, 0.000000, 1.724372, 2, 7.275683, 0.000000, 0.000000
Z3, 7, 16, 720, 0.000000, 0.000106, 0.000000, 0.000000, 1.724372, 2, 7.275683, 0.000000, 0.000000
Z3, 8, 16, 720, 0.000000, 0.000106, 0.000000, 0.000000, 1.724372, 2, 7.275683, 0.000000, 0.000000
Z3, 9, 16, 720, 0.000000, 0.000106, 0.000000, 0.000000, 1.724372, 2, 7.275683, 0.000000, 0.000000
Z3, 10, 16, 720, 0.000000, 0.000078, 0.000000, 0.000000, 1.724372, 2, 7.275683, 0.000000, 0.000000
Z3, 11, 16, 720, 0.000000, 0.000074, 0.000000, 0.000000, 1.724372, 2, 7.275683, 0.000000, 0.000000
Z3, 12, 16, 720, 0.000000, 0.000107, 0.000000, 0.000000, 1.724372, 2, 7.275683, 0.000000, 0.000000
Z3, 13, 16, 720, 0.000000, 0.000077, 0.000000, 0.000000, 1.724372, 2, 7.275683, 0.000000, 0.000000
Z3, 14, 16, 720, 0.000000, 0.000077, 0.000000, 0.000000, 1.724372, 2, 7.275683, 0.000000, 0.000000
Z3, 15, 16, 720, 0.000000, 0.000106, 0.000000, 0.000000, 1.724372, 2, 7.275683, 0.000000, 0.000000
Z3, 16, 16, 720, 0.000000, 0.000105, 0.000000, 0.000000, 1.724372, 2, 7.275683, 0.000000, 0.000000
Z3, 17, 16, 720, 0.000000, 0.000108, 0.000000, 0.000000, 1.724372, 2, 7.275683, 0.000000, 0.000000
Z3, 18, 16, 720, 0.000000, 0.000078, 0.000000, 0.000000, 1.724372, 2, 7.275683, 0.000000, 0.000000
Z3, 19, 16, 720, 0.000000, 0.000076, 0.000000, 0.000000, 1.724372, 2, 7.275683, 0.000000, 0.000000
Z3, 20, 16, 720, 0.000000, 0.000082, 0.000000, 0.000000, 1.724372, 2, 7.275683, 0.000000, 0.000000
Z3, 21, 16, 720, 0.000000, 0.000068, 0.000000, 0.000000, 1.724372, 2, 7.275683, 0.000000, 0.000000
Z3, 22, 16, 720, 0.000000, 0.000079, 0.000000, 0.000000, 1.724372, 2, 7.275683, 0.000000, 0.000000
Z3, 23, 16, 720, 0.000000, 0.000106, 0.000000, 0.000000, 1.724372, 2, 7.275683, 0.000000, 0.000000
Z3, 24, 16, 720, 0.000000, 0.000078, 0.000000, 0.000000, 1.724372, 2, 7.275683, 0.000000, 0.000000
Z3, 25, 16, 720, 0.000000, 0.000107, 0.000000, 0.000000, 1.724372, 2, 7.275683, 0.000000, 0.000000
Z3, 26, 16, 720, 0.000000, 0.000106, 0.000000, 0.000000, 1.724372, 2, 7.275683, 0.000000, 0.000000
Z3, 27, 16, 720, 0.000000, 0.000077, 0.000000, 0.000000, 1.724372, 2, 7.275683, 0.000000, 0.000000
Z3, 28, 16, 720, 0.000000, 0.000075, 0.000000, 0.000000, 1.724372, 2, 7.275683, 0.000000, 0.000000
Z3, 29, 16, 720, 0.000000, 0.000072, 0.000000, 0.000000, 1.724372, 2, 7.275683, 0.000000, 0.000000
Z3, 30, 16, 720, 0.000000, 0.000083, 0.000000, 0.000000, 1.724372, 2, 7.275683, 0.000000, 0.000000
Z3, 31, 16, 720, 0.000000, 0.000069, 0.000000, 0.000000, 1.724372, 2, 7.275683, 0.000000, 0.000000
Z3, 32, 16, 720, 0.000000, 0.000078, 0.000000, 0.000000, 1.724372, 2, 7.275683, 0.000000, 0.000000
Z3, 33, 16, 720, 0.000000, 0.000068, 0.000000, 0.000000, 1.724372, 2, 7.275683, 0.000000, 0.000000
Z3, 34, 16, 720, 0.000000, 0.000083, 0.000000, 0.000000, 1.724372, 2, 7.275683, 0.000000, 0.000000
Z3, 35, 16, 720, 0.000000, 0.000071, 0.000000, 0.000000, 1.724372, 2, 7.275683, 0.000000, 0.000000
Z3, 36, 16, 720, 0.000000, 0.000072, 0.000000, 0.000000, 1.724372, 2, 7.275683, 0.000000, 0.000000
Z3, 37, 16, 720, 0.000000, 0.000072, 0.000000, 0.000000, 1.724372, 2, 7.275683, 0.000000, 0.000000
Z3, 38, 16, 720, 0.000000, 0.000071, 0.000000, 0.000000, 1.724372, 2, 7.275683, 0.000000, 0.000000
Z1, 0, 17, 720, 0.000000, 0.000118, 0.000000, 0.000000, 1.704537, 2, 7.295518, 0.000000, 0.000000
Z2, 0, 17, 720, 0.000000, 0.000118, 0.000000, 0.000000, 1.704537, 2, 7.295518, 0.000000, 0.000000
Z2, 1, 17, 720, 0.000000, 0.000081, 0.000000, 0.000000, 1.704537, 2, 7.295518, 0.000000, 0.000000
Z2, 2, 17, 720, 0.000000, 0.000071, 0.000000, 0.000000, 1.704537, 2, 7.295518, 0.000000, 0.000000
Z2, 3, 17, 720, 0.000000, 0.000067, 0.000000, 0.000000, 1.704537, 2, 7.295518, 0.000000, 0.000000
Z2, 4, 17, 720, 0.000000, 0.000105, 0.000000, 0.000000, 1.704537, 2, 7.295518, 0.000000, 0.000000
Z2, 5, 17, 720, 0.000000, 0.000092, 0.000000, 0.000000, 1.704537, 2, 7.295518, 0.000000, 0.000000
Z2, 6, 17, 720, 0.000000, 0.000106, 0.000000, 0.000000, 1.704537, 2, 7.295518, 0.000000, 0.000000
Z2, 7, 17, 720, 0.000000, 0.000106, 0.000000, 0.000000, 1.704537, 2, 7.295518, 0.000000, 0.000000
Z3, 0, 17, 720, 0.000000, 0.000121, 0.000000, 0.000000, 1.704537, 2, 7.295518, 0.000000, 0.000000
Z3, 1, 17, 720, 0.000000, 0.000107, 0.000000, 0.000000, 1.704537, 2, 7.295518, 0.000000, 0.000000
Z3, 2, 17, 720, 0.000000, 0.000079, 0.000000, 0.000000, 1.704537, 2, 7.295518, 0.000000, 0.000000
Z3, 3, 17, 720, 0.000000, 0.000071, 0.000000, 0.000000, 1.704537, 2, 7.295518, 0.000000, 0.000000
Z3, 4, 17, 720, 0.000000, 0.000069, 0.000000, 0.000000, 1.704537, 2, 7.295518, 0.000000, 0.000000
Z3, 5, 17, 720, 0.000000, 0.000079, 0.000000, 0.000000, 1.704537, 2, 7.295518, 0.000000, 0.000000
Z3, 6, 17, 720, 0.000000, 0.000108, 0.000000, 0.000000, 1.704537, 2, 7.295518, 0.000000, 0.000000
Z3, 7, 17, 720, 0.000000, 0.000078, 0.000000, 0.000000, 1.704537, 2, 7.295518, 0.000000, 0.000000
Z3, 8, 17, 720, 0.000000, 0.000108, 0.000000, 0.000000, 1.704537, 2, 7.295518, 0.000000, 0.000000
Z3, 9, 17, 720, 0.000000, 0.000108, 0.000000, 0.000000, 1.704537, 2, 7.295518, 0.000000, 0.000000
Z3, 10, 17, 720, 0.000000, 0.000078, 0.000000, 0.000000, 1.704537, 2, 7.295518, 0.000000, 0.000000
Z3, 11, 17, 720, 0.000000, 0.000073, 0.000000, 0.000000, 1.704537, 2, 7.295518, 0.000000, 0.000000
Z3, 12, 17, 720, 0.000000, 0.000069, 0.000000, 0.000000, 1.704537, 2, 7.295518, 0.000000, 0.000000
Z3, 13, 17, 720, 0.000000, 0.000079, 0.000000, 0.000000, 1.704537, 2, 7.295518, 0.000000, 0.000000
Z3, 14, 17, 720, 0.000000, 0.000068, 0.000000, 0.000000, 1.704537, 2, 7.295518, 0.000000, 0.000000
Z3, 15, 17, 720, 0.000000, 0.000067, 0.000000, 0.000000, 1.704537, 2, 7.295518, 0.000000, 0.000000
Z3, 16, 17, 720, 0.000000, 0.000069, 0.000000, 0.000000, 1.704537, 2, 7.295518, 0.000000, 0.000000
Z3, 17, 17, 720, 0.000000, 0.000069, 0.000000, 0.000000, 1.704537, 2, 7.295518, 0.000000, 0.000000
Z3, 18, 17, 720, 0.000000, 0.000106, 0.000000, 0.000000, 1.704537, 2, 7.295518, 0.000000, 0.000000
Z3, 19, 17, 720, 0.000000, 0.000074, 0.000000, 0.000000, 1.704537, 2, 7.295518, 0.000000, 0.000000
Z3, 20, 17, 720, 0.000000, 0.000107, 0.000000, 0.000000, 1.704537, 2, 7.295518, 0.000000, 0.000000
Z3, 21, 17, 720, 0.000000, 0.000078, 0.000000, 0.000000, 1.704537, 2, 7.295518, 0.000000, 0.000000
Z3, 22, 17, 720, 0.000000, 0.000073, 0.000000, 0.000000, 1.704537, 2, 7.295518, 0.000000, 0.000000
Z3, 23, 17, 720, 0.000000, 0.000084, 0.000000, 0.000000, 1.704537, 2, 7.295518, 0.000000, 0.000000
Z3, 24, 17, 720, 0.000000, 0.000072, 0.000000, 0.000000, 1.704537, 2, 7.295518, 0.000000, 0.000000
Z3, 25, 17, 720, 0.000000, 0.000073, 0.000000, 0.000000, 1.704537, 2, 7.295518, 0.000000, 0.000000
Z3, 26, 17, 720, 0.000000, 0.000068, 0.000000, 0.000000, 1.704537, 2, 7.295518, 0.000000, 0.000000
Z3, 27, 17, 720, 0.000000, 0.000068, 0.000000, 0.000000, 1.704537, 2, 7.295518, 0.000000, 0.000000
Z3, 28, 17, 720, 0.000000, 0.000067, 0.000000, 0.000000, 1.704537, 2, 7.295518, 0.000000, 0.000000
Z3, 29, 17, 720, 0.000000, 0.000106, 0.000000, 0.000000, 1.704537, 2, 7.295518, 0.000000, 0.000000
Z3, 30, 17, 720, 0.000000, 0.000077, 0.000000, 0.000000, 1.704537, 2, 7.295518, 0.000000, 0.000000
Z3, 31, 17, 720, 0.000000, 0.000077, 0.000000, 0.000000, 1.704537, 2, 7.295518, 0.000000, 0.000000
Z3, 32, 17, 720, 0.000000, 0.000107, 0.000000, 0.000000, 1.704537, 2, 7.295518, 0.000000, 0.000000
Z3, 33, 17, 720, 0.000000, 0.000078, 0.000000, 0.000000, 1.704537, 2, 7.295518, 0.000000, 0.000000
Z3, 34, 17, 720, 0.000000, 0.000074, 0.000000, 0.000000, 1.704537, 2, 7.295518, 0.000000, 0.000000
Z3, 35, 17, 720, 0.000000, 0.000073, 0.000000, 0.000000, 1.704537, 2, 7.295518, 0.000000, 0.000000
Z3, 36, 17, 720, 0.000000, 0.000072, 0.000000, 0.000000, 1.704537, 2, 7.295518, 0.000000, 0.000000
Z3, 37, 17, 720, 0.000000, 0.000068, 0.000000, 0.000000, 1.704537, 2, 7.295518, 0.000000, 0.000000
Z3, 38, 17, 720, 0.000000, 0.000068, 0.000000, 0.000000, 1.704537, 2, 7.295518, 0.000000, 0.000000
Z1, 0, 18, 720, 0.000000, 0.000121, 0.000000, 0.000000, 1.686676, 2, 8.313379, 0.000000, 0.000000
Z2, 0, 18, 720, 0.000000, 0.000121, 0.000000, 0.000000, 1.686676, 2, 8.313379, 0.000000, 0.000000
Z2, 1, 18, 720, 0.000000, 0.000106, 0.000000, 0.000000, 1.686676, 2, 8.313379, 0.000000, 0.000000
Z2, 2, 18, 720, 0.000000, 0.000105, 0.000000, 0.000000, 1.686676, 2, 8.313379, 0.000000, 0.000000
Z2, 3, 18, 720, 0.000000, 0.000105, 0.000000, 0.000000, 1.686676, 2, 8.313379, 0.000000, 0.000000
Z2, 4, 18, 720, 0.000000, 0.000104, 0.000000, 0.000000, 1.686676, 2, 8.313379, 0.000000, 0.000000
Z2, 5, 18, 720, 0.000000, 0.000105, 0.000000, 0.000000, 1.686676, 2, 8.313379, 0.000000, 0.000000
Z2, 6, 18, 720, 0.000000, 0.000106, 0.000000, 0.000000, 1.686676, 2, 8.313379, 0.000000, 0.000000
Z2, 7, 18, 720, 0.000000, 0.000074, 0.000000, 0.000000, 1.686676, 2, 8.313379, 0.000000, 0.000000
Z3, 0, 18, 720, 0.000000, 0.000139, 0.000000, 0.000000, 1.686676, 2, 8.313379, 0.000000, 0.000000
Z3, 1, 18, 720, 0.000000, 0.000107, 0.000000, 0.000000, 1.686676, 2, 8.313379, 0.000000, 0.000000
Z3, 2, 18, 720, 0.000000, 0.000107, 0.000000, 0.000000, 1.686676, 2, 8.313379, 0.000000, 0.000000
Z3, 3, 18, 720, 0.000000, 0.000105, 0.000000, 0.000000, 1.686676, 2, 8.313379, 0.000000, 0.000000
Z3, 4, 18, 720, 0.000000, 0.000105, 0.000000, 0.000000, 1.686676, 2, 8.313379, 0.000000, 0.000000
Z3, 5, 18, 720, 0.000000, 0.000077, 0.000000, 0.000000, 1.686676, 2, 8.313379, 0.000000, 0.000000
Z3, 6, 18, 720, 0.000000, 0.000072, 0.000000, 0.000000, 1.686676, 2, 8.313379, 0.000000, 0.000000
Z3, 7, 18, 720, 0.000000, 0.000068, 0.000000, 0.000000, 1.686676, 2, 8.313379, 0.000000, 0.000000
Z3, 8, 18, 720, 0.000000, 0.000105, 0.000000, 0.000000, 1.686676, 2, 8.313379, 0.000000, 0.000000
Z3, 9, 18, 720, 0.000000, 0.000076, 0.000000, 0.000000, 1.686676, 2, 8.313379, 0.000000, 0.000000
Z3, 10, 18, 720, 0.000000, 0.000105, 0.000000, 0.000000, 1.686676, 2, 8.313379, 0.000000, 0.000000
Z3, 11, 18, 720, 0.000000, 0.000105, 0.000000, 0.000000, 1.686676, 2, 8.313379, 0.000000, 0.000000
Z3, 12, 18, 720, 0.000000, 0.000105, 0.000000, 0.000000, 1.686676, 2, 8.313379, 0.000000, 0.000000
Z3, 13, 18, 720, 0.000000, 0.000075, 0.000000, 0.000000, 1.686676, 2, 8.313379, 0.000000, 0.000000
Z3, 14, 18, 720, 0.000000, 0.000073, 0.000000, 0.000000, 1.686676, 2, 8.313379, 0.000000, 0.000000
Z3, 15, 18, 720, 0.000000, 0.000071, 0.000000, 0.000000, 1.686676, 2, 8.313379, 0.000000, 0.000000
Z3, 16, 18, 720, 0.000000, 0.000080, 0.000000, 0.000000, 1.686676, 2, 8.313379, 0.000000, 0.000000
Z3, 17, 18, 720, 0.000000, 0.000067, 0.000000, 0.000000, 1.686676, 2, 8.313379, 0.000000, 0.000000
Z3, 18, 18, 720, 0.000000, 0.000068, 0.000000, 0.000000, 1.686676, 2, 8.313379, 0.000000, 0.000000
Z3, 19, 18, 720, 0.000000, 0.000105, 0.000000, 0.000000, 1.686676, 2, 8.313379, 0.000000, 0.000000
Z3, 20, 18, 720, 0.000000, 0.000077, 0.000000, 0.000000, 1.686676, 2, 8.313379, 0.000000, 0.000000
Z3, 21, 18, 720, 0.000000, 0.000105, 0.000000, 0.000000, 1.686676, 2, 8.313379, 0.000000, 0.000000
Z3, 22, 18, 720, 0.000000, 0.000105, 0.000000, 0.000000, 1.686676, 2, 8.313379, 0.000000, 0.000000
Z3, 23, 18, 720, 0.000000, 0.000076, 0.000000, 0.000000, 1.686676, 2, 8.313379, 0.000000, 0.000000
Z3, 24, 18, 720, 0.000000, 0.000069, 0.000000, 0.000000, 1.686676, 2, 8.313379, 0.000000, 0.000000
Z3, 25, 18, 720, 0.000000, 0.000081, 0.000000, 0.000000, 1.686676, 2, 8.313379, 0.000000, 0.000000
Z3, 26, 18, 720, 0.000000, 0.000071, 0.000000, 0.000000, 1.686676, 2, 8.313379, 0.000000, 0.000000
Z3, 27, 18, 720, 0.000000, 0.000068, 0.000000, 0.000000, 1.686676, 2, 8.313379, 0.000000, 0.000000
Z3, 28, 18, 720, 0.000000, 0.000066, 0.000000, 0.000000, 1.686676, 2, 8.313379, 0.000000, 0.000000
Z3, 29, 18, 720, 0.000000, 0.000067, 0.000000, 0.000000, 1.686676, 2, 8.313379, 0.000000, 0.000000
Z3, 30, 18, 720, 0.000000, 0.000066, 0.000000, 0.000000, 1.686676, 2, 8.313379, 0.000000, 0.000000
Z3, 31, 18, 720, 0.000000, 0.000120, 0.000000, 0.000000, 1.686676, 2, 8.313379, 0.000000, 0.000000
Z3, 32, 18, 720, 0.000000, 0.000073, 0.000000, 0.000000, 1.686676, 2, 8.313379, 0.000000, 0.000000
Z3, 33, 18, 720, 0.000000, 0.000104, 0.000000, 0.000000, 1.686676, 2, 8.313379, 0.000000, 0.000000
Z3, 34, 18, 720, 0.000000, 0.000105, 0.000000, 0.000000, 1.686676, 2, 8.313379, 0.000000, 0.000000
Z3, 35, 18, 720, 0.000000, 0.000076, 0.000000, 0.000000, 1.686676, 2, 8.313379, 0.000000, 0.000000
Z3, 36, 18, 720, 0.000000, 0.000073, 0.000000, 0.000000, 1.686676, 2, 8.313379, 0.000000, 0.000000
Z3, 37, 18, 720, 0.000000, 0.000084, 0.000000, 0.000000, 1.686676, 2, 8.313379, 0.000000, 0.000000
Z3, 38, 18, 720, 0.000000, 0.000070, 0.000000, 0.000000, 1.686676, 2, 8.313379, 0.000000, 0.000000
Z1, 0, 19, 720, 0.000000, 0.000123, 0.000000, 0.000000, 1.667258, 2, 8.332797, 0.000000, 0.000000
Z2, 0, 19, 720, 0.000000, 0.000120, 0.000000, 0.000000, 1.667258, 2, 8.332797, 0.000000, 0.000000
Z2, 1, 19, 720, 0.000000, 0.000080, 0.000000, 0.000000, 1.667258, 2, 8.332797, 0.000000, 0.000000
Z2, 2, 19, 720, 0.000000, 0.000070, 0.000000, 0.000000, 1.667258, 2, 8.332797, 0.000000, 0.000000
Z2, 3, 19, 720, 0.000000, 0.000104, 0.000000, 0.000000, 1.667258, 2, 8.332797, 0.000000, 0.000000
Z2, 4, 19, 720, 0.000000, 0.000106, 0.000000, 0.000000, 1.667258, 2, 8.332797, 0.000000, 0.000000
Z2, 5, 19, 720, 0.000000, 0.000105, 0.000000, 0.000000, 1.667258, 2, 8.332797, 0.000000, 0.000000
Z2, 6, 19, 720, 0.000000, 0.000076, 0.000000, 0.000000, 1.667258, 2, 8.332797, 0.000000, 0.000000
Z2, 7, 19, 720, 0.000000, 0.000073, 0.000000, 0.000000, 1.667258, 2, 8.332797, 0.000000, 0.000000
Z3, 0, 19, 720, 0.000000, 0.000120, 0.000000, 0.000000, 1.667258, 2, 8.332797, 0.000000, 0.000000
Z3, 1, 19, 720, 0.000000, 0.000079, 0.000000, 0.000000, 1.667258, 2, 8.332797, 0.000000, 0.000000
Z3, 2, 19, 720, 0.000000, 0.000105, 0.000000, 0.000000, 1.667258, 2, 8.332797, 0.000000, 0.000000
Z3, 3, 19, 720, 0.000000, 0.000076, 0.000000, 0.000000, 1.667258, 2, 8.332797, 0.000000, 0.000000
Z3, 4, 19, 720, 0.000000, 0.000090, 0.000000, 0.000000, 1.667258, 2, 8.332797, 0.000000, 0.000000
Z3, 5, 19, 720, 0.000000, 0.000106, 0.000000, 0.000000, 1.667258, 2, 8.332797, 0.000000, 0.000000
Z3, 6, 19, 720, 0.000000, 0.000107, 0.000000, 0.000000, 1.667258, 2, 8.332797, 0.000000, 0.000000
Z3, 7, 19, 720, 0.000000, 0.000076, 0.000000, 0.000000, 1.667258, 2, 8.332797, 0.000000, 0.000000
Z3, 8, 19, 720, 0.000000, 0.000073, 0.000000, 0.000000, 1.667258, 2, 8.332797, 0.000000, 0.000000
Z3, 9, 19, 720, 0.000000, 0.000083, 0.000000, 0.000000, 1.667258, 2, 8.332797, 0.000000, 0.000000
Z3, 10, 19, 720, 0.000000, 0.000067, 0.000000, 0.000000, 1.667258, 2, 8.332797, 0.000000, 0.000000
Z3, 11, 19, 720, 0.000000, 0.000067, 0.000000, 0.000000, 1.667258, 2, 8.332797, 0.000000, 0.000000
Z3, 12, 19, 720, 0.000000, 0.000067, 0.000000, 0.000000, 1.667258, 2, 8.332797, 0.000000, 0.000000
Z3, 13, 19, 720, 0.000000, 0.000067, 0.000000, 0.000000, 1.667258, 2, 8.332797, 0.000000, 0.000000
Z3, 14, 19, 720, 0.000000, 0.000067, 0.000000, 0.000000, 1.667258, 2, 8.332797, 0.000000, 0.000000
Z3, 15, 19, 720, 0.000000, 0.000105, 0.000000, 0.000000, 1.667258, 2, 8.332797, 0.000000, 0.000000
Z3, 16, 19, 720, 0.000000, 0.000093, 0.000000, 0.000000, 1.667258, 2, 8.332797, 0.000000, 0.000000
Z3, 17, 19, 720, 0.000000, 0.000106, 0.000000, 0.000000, 1.667258, 2, 8.332797, 0.000000, 0.000000
Z3, 18, 19, 720, 0.000000, 0.000105, 0.000000, 0.000000, 1.667258, 2, 8.332797, 0.000000, 0.000000
Z3, 19, 19, 720, 0.000000, 0.000078, 0.000000, 0.000000, 1.667258, 2, 8.332797, 0.000000, 0.000000
Z3, 20, 19, 720, 0.000000, 0.000081, 0.000000, 0.000000, 1.667258, 2, 8.332797, 0.000000, 0.000000
Z3, 21, 19, 720, 0.000000, 0.000072, 0.000000, 0.000000, 1.667258, 2, 8.332797, 0.000000, 0.000000
Z3, 22, 19, 720, 0.000000, 0.000079, 0.000000, 0.000000, 1.667258, 2, 8.332797, 0.000000, 0.000000
Z3, 23, 19, 720, 0.000000, 0.000067, 0.000000, 0.000000, 1.667258, 2, 8.332797, 0.000000, 0.000000
Z3, 24, 19, 720, 0.000000, 0.000067, 0.000000, 0.000000, 1.667258, 2, 8.332797, 0.000000, 0.000000
Z3, 25, 19, 720, 0.000000, 0.000067, 0.000000, 0.000000, 1.667258, 2, 8.332797, 0.000000, 0.000000
Z3, 26, 19, 720, 0.000000, 0.000106, 0.000000, 0.000000, 1.667258, 2, 8.332797, 0.000000, 0.000000
Z3, 27, 19, 720, 0.000000, 0.000076, 0.000000, 0.000000, 1.667258, 2, 8.332797, 0.000000, 0.000000
Z3, 28, 19, 720, 0.000000, 0.000073, 0.000000, 0.000000, 1.667258, 2, 8.332797, 0.000000, 0.000000
Z3, 29, 19, 720, 0.000000, 0.000105, 0.000000, 0.000000, 1.667258, 2, 8.332797, 0.000000, 0.000000
Z3, 30, 19, 720, 0.000000, 0.000075, 0.000000, 0.000000, 1.667258, 2, 8.332797, 0.000000, 0.000000
Z3, 31, 19, 720, 0.000000, 0.000072, 0.000000, 0.000000, 1.667258, 2, 8.332797, 0.000000, 0.000000
Z3, 32, 19, 720, 0.000000, 0.000071, 0.000000, 0.000000, 1.667258, 2, 8.332797, 0.000000, 0.000000
Z3, 33, 19, 720, 0.000000, 0.000082, 0.000000, 0.000000, 1.667258, 2, 8.332797, 0.000000, 0.000000
Z3, 34, 19, 720, 0.000000, 0.000068, 0.000000, 0.000000, 1.667258, 2, 8.332797, 0.000000, 0.000000
Z3, 35, 19, 720, 0.000000, 0.000077, 0.000000, 0.000000, 1.667258, 2, 8.332797, 0.000000, 0.000000
Z3, 36, 19, 720, 0.000000, 0.000068, 0.000000, 0.000000, 1.667258, 2, 8.332797, 0.000000, 0.000000
Z3, 37, 19, 720, 0.000000, 0.000067, 0.000000, 0.000000, 1.667258, 2, 8.332797, 0.000000, 0.000000
Z3, 38, 19, 720, 0.000000, 0.000070, 0.000000, 0.000000, 1.667258, 2, 8.332797, 0.000000, 0.000000
Z1, 0, 20, 720, 0.000000, 0.000119, 0.000000, 0.000000, 1.649810, 2, 9.350245, 0.000000, 0.000000
Z2, 0, 20, 720, 0.000000, 0.000118, 0.000000, 0.000000, 1.649810, 2, 9.350245, 0.000000, 0.000000
Z2, 1, 20, 720, 0.000000, 0.000106, 0.000000, 0.000000, 1.649810, 2, 9.350245, 0.000000, 0.000000
Z2, 2, 20, 720, 0.000000, 0.000106, 0.000000, 0.000000, 1.649810, 2, 9.350245, 0.000000, 0.000000
Z2, 3, 20, 720, 0.000000, 0.000105, 0.000000, 0.000000, 1.649810, 2, 9.350245, 0.000000, 0.000000
Z2, 4, 20, 720, 0.000000, 0.000105, 0.000000, 0.000000, 1.649810, 2, 9.350245, 0.000000, 0.000000
Z2, 5, 20, 720, 0.000000, 0.000105, 0.000000, 0.000000, 1.649810, 2, 9.350245, 0.000000, 0.000000
Z2, 6, 20, 720, 0.000000, 0.000105, 0.000000, 0.000000, 1.649810, 2, 9.350245, 0.000000, 0.000000
Z2, 7, 20, 720, 0.000000, 0.000102, 0.000000, 0.000000, 1.649810, 2, 9.350245, 0.000000, 0.000000
Z3, 0, 20, 720, 0.000000, 0.000119, 0.000000, 0.000000, 1.649810, 2, 9.350245, 0.000000, 0.000000
Z3, 1, 20, 720, 0.000000, 0.000106, 0.000000, 0.000000, 1.649810, 2, 9.350245, 0.000000, 0.000000
Z3, 2, 20, 720, 0.000000, 0.000105, 0.000000, 0.000000, 1.649810, 2, 9.350245, 0.000000, 0.000000
Z3, 3, 20, 720, 0.000000, 0.000105, 0.000000, 0.000000, 1.649810, 2, 9.350245, 0.000000, 0.000000
Z3, 4, 20, 720, 0.000000, 0.000078, 0.000000, 0.000000, 1.649810, 2, 9.350245, 0.000000, 0.000000
Z3, 5, 20, 720, 0.000000, 0.000071, 0.000000, 0.000000, 1.649810, 2, 9.350245, 0.000000, 0.000000
Z3, 6, 20, 720, 0.000000, 0.000068, 0.000000, 0.000000, 1.649810, 2, 9.350245, 0.000000, 0.000000
Z3, 7, 20, 720, 0.000000, 0.000106, 0.000000, 0.000000, 1.649810, 2, 9.350245, 0.000000, 0.000000
Z3, 8, 20, 720, 0.000000, 0.000076, 0.000000, 0.000000, 1.649810, 2, 9.350245, 0.000000, 0.000000
Z3, 9, 20, 720, 0.000000, 0.000104, 0.000000, 0.000000, 1.649810, 2, 9.350245, 0.000000, 0.000000
Z3, 10, 20, 720, 0.000000, 0.000104, 0.000000, 0.000000, 1.649810, 2, 9.350245, 0.000000, 0.000000
Z3, 11, 20, 720, 0.000000, 0.000106, 0.000000, 0.000000, 1.649810, 2, 9.350245, 0.000000, 0.000000
Z3, 12, 20, 720, 0.000000, 0.000077, 0.000000, 0.000000, 1.649810, 2, 9.350245, 0.000000, 0.000000
Z3, 13, 20, 720, 0.000000, 0.000073, 0.000000, 0.000000, 1.649810, 2, 9.350245, 0.000000, 0.000000
Z3, 14, 20, 720, 0.000000, 0.000072, 0.000000, 0.000000, 1.649810, 2, 9.350245, 0.000000, 0.000000
Z3, 15, 20, 720, 0.000000, 0.000067, 0.000000, 0.000000, 1.649810, 2, 9.350245, 0.000000, 0.000000
Z3, 16, 20, 720, 0.000000, 0.000105, 0.000000, 0.000000, 1.649810, 2, 9.350245, 0.000000, 0.000000
Z3, 17, 20, 720, 0.000000, 0.000076, 0.000000, 0.000000, 1.649810, 2, 9.350245, 0.000000, 0.000000
Z3, 18, 20, 720, 0.000000, 0.000085, 0.000000, 0.000000, 1.649810, 2, 9.350245, 0.000000, 0.000000
Z3, 19, 20, 720, 0.000000, 0.000106, 0.000000, 0.000000, 1.649810, 2, 9.350245, 0.000000, 0.000000
Z3, 20, 20, 720, 0.000000, 0.000106, 0.000000, 0.000000, 1.649810, 2, 9.350245, 0.000000, 0.000000
Z3, 21, 20, 720, 0.000000, 0.000077, 0.000000, 0.000000, 1.649810, 2, 9.350245, 0.000000, 0.000000
Z3, 22, 20, 720, 0.000000, 0.000072, 0.000000, 0.000000, 1.649810, 2, 9.350245, 0.000000, 0.000000
Z3, 23, 20, 720, 0.000000, 0.000068, 0.000000, 0.000000, 1.649810, 2, 9.350245, 0.000000, 0.000000
Z3, 24, 20, 720, 0.000000, 0.000067, 0.000000, 0.000000, 1.649810, 2, 9.350245, 0.000000, 0.000000
Z3, 25, 20, 720, 0.000000, 0.000067, 0.000000, 0.000000, 1.649810, 2, 9.350245, 0.000000, 0.000000
Z3, 26, 20, 720, 0.000000, 0.000066, 0.000000, 0.000000, 1.649810, 2, 9.350245, 0.000000, 0.000000
Z3, 27, 20, 720, 0.000000, 0.000077, 0.000000, 0.000000, 1.649810, 2, 9.350245, 0.000000, 0.000000
Z3, 28, 20, 720, 0.000000, 0.000068, 0.000000, 0.000000, 1.649810, 2, 9.350245, 0.000000, 0.000000
Z3, 29, 20, 720, 0.000000, 0.000067, 0.000000, 0.000000, 1.649810, 2, 9.350245, 0.000000, 0.000000
Z3, 30, 20, 720, 0.000000, 0.000071, 0.000000, 0.000000, 1.649810, 2, 9.350245, 0.000000, 0.000000
Z3, 31, 20, 720, 0.000000, 0.000105, 0.000000, 0.000000, 1.649810, 2, 9.350245, 0.000000, 0.000000
Z3, 32, 20, 720, 0.000000, 0.000105, 0.000000, 0.000000, 1.649810, 2, 9.350245, 0.000000, 0.000000
Z3, 33, 20, 720, 0.000000, 0.000077, 0.000000, 0.000000, 1.649810, 2, 9.350245, 0.000000, 0.000000
Z3, 34, 20, 720, 0.000000, 0.000073, 0.000000, 0.000000, 1.649810, 2, 9.350245, 0.000000, 0.000000
Z3, 35, 20, 720, 0.000000, 0.000071, 0.000000, 0.000000, 1.649810, 2, 9.350245, 0.000000, 0.000000
Z3, 36, 20, 720, 0.000000, 0.000067, 0.000000, 0.000000, 1.649810, 2, 9.350245, 0.000000, 0.000000
Z3, 37, 20, 720, 0.000000, 0.000067, 0.000000, 0.000000, 1.649810, 2, 9.350245, 0.000000, 0.000000
Z3, 38, 20, 720, 0.000000, 0.000067, 0.000000, 0.000000, 1.649810, 2, 9.350245, 0.000000, 0.000000
Z1, 0, 21, 720, 0.000000, 0.000117, 0.000000, 0.000000, 1.630562, 2, 9.369493, 0.000000, 0.000000
Z2, 0, 21, 720, 0.000000, 0.000118, 0.000000, 0.000000, 1.630562, 2, 9.369493, 0.000000, 0.000000
Z2, 1, 21, 720, 0.000000, 0.000106, 0.000000, 0.000000, 1.630562, 2, 9.369493, 0.000000, 0.000000
Z2, 2, 21, 720, 0.000000, 0.000076, 0.000000, 0.000000, 1.630562, 2, 9.369493, 0.000000, 0.000000
Z2, 3, 21, 720, 0.000000, 0.000084, 0.000000, 0.000000, 1.630562, 2, 9.369493, 0.000000, 0.000000
Z2, 4, 21, 720, 0.000000, 0.000072, 0.000000, 0.000000, 1.630562, 2, 9.369493, 0.000000, 0.000000
Z2, 5, 21, 720, 0.000000, 0.000067, 0.000000, 0.000000, 1.630562, 2, 9.369493, 0.000000, 0.000000
Z2, 6, 21, 720, 0.000000, 0.000067, 0.000000, 0.000000, 1.630562, 2, 9.369493, 0.000000, 0.000000
Z2, 7, 21, 720, 0.000000, 0.000066, 0.000000, 0.000000, 1.630562, 2, 9.369493, 0.000000, 0.000000
Z3, 0, 21, 720, 0.000000, 0.000126, 0.000000, 0.000000, 1.630562, 2, 9.369493, 0.000000, 0.000000
Z3, 1, 21, 720, 0.000000, 0.000079, 0.000000, 0.000000, 1.630562, 2, 9.369493, 0.000000, 0.000000
Z3, 2, 21, 720, 0.000000, 0.000122, 0.000000, 0.000000, 1.630562, 2, 9.369493, 0.000000, 0.000000
Z3, 3, 21, 720, 0.000000, 0.000096, 0.000000, 0.000000, 1.630562, 2, 9.369493, 0.000000, 0.000000
Z3, 4, 21, 720, 0.000000, 0.000105, 0.000000, 0.000000, 1.630562, 2, 9.369493, 0.000000, 0.000000
Z3, 5, 21, 720, 0.000000, 0.000105, 0.000000, 0.000000, 1.630562, 2, 9.369493, 0.000000, 0.000000
Z3, 6, 21, 720, 0.000000, 0.000107, 0.000000, 0.000000, 1.630562, 2, 9.369493, 0.000000, 0.000000
Z3, 7, 21, 720, 0.000000, 0.000076, 0.000000, 0.000000, 1.630562, 2, 9.369493, 0.000000, 0.000000
Z3, 8, 21, 720, 0.000000, 0.000085, 0.000000, 0.000000, 1.630562, 2, 9.369493, 0.000000, 0.000000
Z3, 9, 21, 720, 0.000000, 0.000068, 0.000000, 0.000000, 1.630562, 2, 9.369493, 0.000000, 0.000000
Z3, 10, 21, 720, 0.000000, 0.000067, 0.000000, 0.000000, 1.630562, 2, 9.369493, 0.000000, 0.000000
Z3, 11, 21, 720, 0.000000, 0.000066, 0.000000, 0.000000, 1.630562, 2, 9.369493, 0.000000, 0.000000
Z3, 12, 21, 720, 0.000000, 0.000068, 0.000000, 0.000000, 1.630562, 2, 9.369493, 0.000000, 0.000000
Z3, 13, 21, 720, 0.000000, 0.000067, 0.000000, 0.000000, 1.630562, 2, 9.369493, 0.000000, 0.000000
Z3, 14, 21, 720, 0.000000, 0.000122, 0.000000, 0.000000, 1.630562, 2, 9.369493, 0.000000, 0.000000
Z3, 15, 21, 720, 0.000000, 0.000119, 0.000000, 0.000000, 1.630562, 2, 9.369493, 0.000000, 0.000000
Z3, 16, 21, 720, 0.000000, 0.000105, 0.000000, 0.000000, 1.630562, 2, 9.369493, 0.000000, 0.000000
Z3, 17, 21, 720, 0.000000, 0.000076, 0.000000, 0.000000, 1.630562, 2, 9.369493, 0.000000, 0.000000
Z3, 18, 21, 720, 0.000000, 0.000071, 0.000000, 0.000000, 1.630562, 2, 9.369493, 0.000000, 0.000000
Z3, 19, 21, 720, 0.000000, 0.000071, 0.000000, 0.000000, 1.630562, 2, 9.369493, 0.000000, 0.000000
Z3, 20, 21, 720, 0.000000, 0.000070, 0.000000, 0.000000, 1.630562, 2, 9.369493, 0.000000, 0.000000
Z3, 21, 21, 720, 0.000000, 0.000072, 0.000000, 0.000000, 1.630562, 2, 9.369493, 0.000000, 0.000000
Z3, 22, 21, 720, 0.000000, 0.000067, 0.000000, 0.000000, 1.630562, 2, 9.369493, 0.000000, 0.000000
Z3, 23, 21, 720, 0.000000, 0.000067, 0.000000, 0.000000, 1.630562, 2, 9.369493, 0.000000, 0.000000
Z3, 24, 21, 720, 0.000000, 0.000067, 0.000000, 0.000000, 1.630562, 2, 9.369493, 0.000000, 0.000000
Z3, 25, 21, 720, 0.000000, 0.000105, 0.000000, 0.000000, 1.630562, 2, 9.369493, 0.000000, 0.000000
Z3, 26, 21, 720, 0.000000, 0.000077, 0.000000, 0.000000, 1.630562, 2, 9.369493, 0.000000, 0.000000
Z3, 27, 21, 720, 0.000000, 0.000106, 0.000000, 0.000000, 1.630562, 2, 9.369493, 0.000000, 0.000000
Z3, 28, 21, 720, 0.000000, 0.000106, 0.000000, 0.000000, 1.630562, 2, 9.369493, 0.000000, 0.000000
Z3, 29, 21, 720, 0.000000, 0.000076, 0.000000, 0.000000, 1.630562, 2, 9.369493, 0.000000, 0.000000
Z3, 30, 21, 720, 0.000000, 0.000073, 0.000000, 0.000000, 1.630562, 2, 9.369493, 0.000000, 0.000000
Z3, 31, 21, 720, 0.000000, 0.000071, 0.000000, 0.000000, 1.630562, 2, 9.369493, 0.000000, 0.000000
Z3, 32, 21, 720, 0.000000, 0.000067, 0.000000, 0.000000, 1.630562, 2, 9.369493, 0.000000, 0.000000
Z3, 33, 21, 720, 0.000000, 0.000068, 0.000000, 0.000000, 1.630562, 2, 9.369493, 0.000000, 0.000000
Z3, 34, 21, 720, 0.000000, 0.000066, 0.000000, 0.000000, 1.630562, 2, 9.369493, 0.000000, 0.000000
Z3, 35, 21, 720, 0.000000, 0.000078, 0.000000, 0.000000, 1.630562, 2, 9.369493, 0.000000, 0.000000
Z3, 36, 21, 720, 0.000000, 0.000105, 0.000000, 0.000000, 1.630562, 2, 9.369493, 0.000000, 0.000000
Z3, 37, 21, 720, 0.000000, 0.000076, 0.000000, 0.000000, 1.630562, 2, 9.369493, 0.000000, 0.000000
Z3, 38, 21, 720, 0.000000, 0.000106, 0.000000, 0.000000, 1.630562, 2, 9.369493, 0.000000, 0.000000
Z1, 0, 22, 720, 0.000000, 0.000119, 0.000000, 0.000000, 1.612871, 2, 10.387184, 0.000000, 0.000000
Z2, 0, 22, 720, 0.000000, 0.000120, 0.000000, 0.000000, 1.612871, 2, 10.387184, 0.000000, 0.000000
Z2, 1, 22, 720, 0.000000, 0.000106, 0.000000, 0.000000, 1.612871, 2, 10.387184, 0.000000, 0.000000
Z2, 2, 22, 720, 0.000000, 0.000105, 0.000000, 0.000000, 1.612871, 2, 10.387184, 0.000000, 0.000000
Z2, 3, 22, 720, 0.000000, 0.000105, 0.000000, 0.000000, 1.612871, 2, 10.387184, 0.000000, 0.000000
Z2, 4, 22, 720, 0.000000, 0.000074, 0.000000, 0.000000, 1.612871, 2, 10.387184, 0.000000, 0.000000
Z2, 5, 22, 720, 0.000000, 0.000105, 0.000000, 0.000000, 1.612871, 2, 10.387184, 0.000000, 0.000000
Z2, 6, 22, 720, 0.000000, 0.000105, 0.000000, 0.000000, 1.612871, 2, 10.387184, 0.000000, 0.000000
Z2, 7, 22, 720, 0.000000, 0.000105, 0.000000, 0.000000, 1.612871, 2, 10.387184, 0.000000, 0.000000
Z3, 0, 22, 720, 0.000000, 0.000121, 0.000000, 0.000000, 1.612871, 2, 10.387184, 0.000000, 0.000000
Z3, 1, 22, 720, 0.000000, 0.000108, 0.000000, 0.000000, 1.612871, 2, 10.387184, 0.000000, 0.000000
Z3, 2, 22, 720, 0.000000, 0.000104, 0.000000, 0.000000, 1.612871, 2, 10.387184, 0.000000, 0.000000
Z3, 3, 22, 720, 0.000000, 0.000076, 0.000000, 0.000000, 1.612871, 2, 10.387184, 0.000000, 0.000000
Z3, 4, 22, 720, 0.000000, 0.000104, 0.000000, 0.000000, 1.612871, 2, 10.387184, 0.000000, 0.000000
Z3, 5, 22, 720, 0.000000, 0.000095, 0.000000, 0.000000, 1.612871, 2, 10.387184, 0.000000, 0.000000
Z3, 6, 22, 720, 0.000000, 0.000105, 0.000000, 0.000000, 1.612871, 2, 10.387184, 0.000000, 0.000000
Z3, 7, 22, 720, 0.000000, 0.000105, 0.000000, 0.000000, 1.612871, 2, 10.387184, 0.000000, 0.000000
Z3, 8, 22, 720, 0.000000, 0.000105, 0.000000, 0.000000, 1.612871, 2, 10.387184, 0.000000, 0.000000
Z3, 9, 22, 720, 0.000000, 0.000104, 0.000000, 0.000000, 1.612871, 2, 10.387184, 0.000000, 0.000000
Z3, 10, 22, 720, 0.000000, 0.000077, 0.000000, 0.000000, 1.612871, 2, 10.387184, 0.000000, 0.000000
Z3, 11, 22, 720, 0.000000, 0.000072, 0.000000, 0.000000, 1.612871, 2, 10.387184, 0.000000, 0.000000
Z3, 12, 22, 720, 0.000000, 0.000080, 0.000000, 0.000000, 1.612871, 2, 10.387184, 0.000000, 0.000000
Z3, 13, 22, 720, 0.000000, 0.000067, 0.000000, 0.000000, 1.612871, 2, 10.387184, 0.000000, 0.000000
Z3, 14, 22, 720, 0.000000, 0.000105, 0.000000, 0.000000, 1.612871, 2, 10.387184, 0.000000, 0.000000
Z3, 15, 22, 720, 0.000000, 0.000096, 0.000000, 0.000000, 1.612871, 2, 10.387184, 0.000000, 0.000000
Z3, 16, 22, 720, 0.000000, 0.000119, 0.000000, 0.000000, 1.612871, 2, 10.387184, 0.000000, 0.000000
Z3, 17, 22, 720, 0.000000, 0.000106, 0.000000, 0.000000, 1.612871, 2, 10.387184, 0.000000, 0.000000
Z3, 18, 22, 720, 0.000000, 0.000105, 0.000000, 0.000000, 1.612871, 2, 10.387184, 0.000000, 0.000000
Z3, 19, 22, 720, 0.000000, 0.000077, 0.000000, 0.000000, 1.612871, 2, 10.387184, 0.000000, 0.000000
Z3, 20, 22, 720, 0.000000, 0.000072, 0.000000, 0.000000, 1.612871, 2, 10.387184, 0.000000, 0.000000
Z3, 21, 22, 720, 0.000000, 0.000071, 0.000000, 0.000000, 1.612871, 2, 10.387184, 0.000000, 0.000000
Z3, 22, 22, 720, 0.000000, 0.000067, 0.000000, 0.000000, 1.612871, 2, 10.387184, 0.000000, 0.000000
Z3, 23, 22, 720, 0.000000, 0.000067, 0.000000, 0.000000, 1.612871, 2, 10.387184, 0.000000, 0.000000
Z3, 24, 22, 720, 0.000000, 0.000106, 0.000000, 0.000000, 1.612871, 2, 10.387184, 0.000000, 0.000000
Z3, 25, 22, 720, 0.000000, 0.000076, 0.000000, 0.000000, 1.612871, 2, 10.387184, 0.000000, 0.000000
Z3, 26, 22, 720, 0.000000, 0.000075, 0.000000, 0.000000, 1.612871, 2, 10.387184, 0.000000, 0.000000
Z3, 27, 22, 720, 0.000000, 0.000071, 0.000000, 0.000000, 1.612871, 2, 10.387184, 0.000000, 0.000000
Z3, 28, 22, 720, 0.000000, 0.000072, 0.000000, 0.000000, 1.612871, 2, 10.387184, 0.000000, 0.000000
Z3, 29, 22, 720, 0.000000, 0.000071, 0.000000, 0.000000, 1.612871, 2, 10.387184, 0.000000, 0.000000
Z3, 30, 22, 720, 0.000000, 0.000071, 0.000000, 0.000000, 1.612871, 2, 10.387184, 0.000000, 0.000000
Z3, 31, 22, 720, 0.000000, 0.000083, 0.000000, 0.000000, 1.612871, 2, 10.387184, 0.000000, 0.000000
Z3, 32, 22, 720, 0.000000, 0.000068, 0.000000, 0.000000, 1.612871, 2, 10.387184, 0.000000, 0.000000
Z3, 33, 22, 720, 0.000000, 0.000068, 0.000000, 0.000000, 1.612871, 2, 10.387184, 0.000000, 0.000000
Z3, 34, 22, 720, 0.000000, 0.000068, 0.000000, 0.000000, 1.612871, 2, 10.387184, 0.000000, 0.000000
Z3, 35, 22, 720, 0.000000, 0.000067, 0.000000, 0.000000, 1.612871, 2, 10.387184, 0.000000, 0.000000
Z3, 36, 22, 720, 0.000000, 0.000107, 0.000000, 0.000000, 1.612871, 2, 10.387184, 0.000000, 0.000000
Z3, 37, 22, 720, 0.000000, 0.000077, 0.000000, 0.000000, 1.612871, 2, 10.387184, 0.000000, 0.000000
Z3, 38, 22, 720, 0.000000, 0.000105, 0.000000, 0.000000, 1.612871, 2, 10.387184, 0.000000, 0.000000
