Zone, Tile_no, Seg_no, Reso, Seg_d_size, Seg_d_time, Bitrate, Bitrate1, Buf_lev, Buf_limit, Elapsed, Ref_vp, Local_avg
Z1, 0, 1, 720, 9960.000000, 0.480821, 20714.569455, 20744.000000, 1.000000, 2, 0.000062, 20714.569455, 20714.569455
Z2, 0, 1, 720, 8952.000000, 0.519751, 17223.632085, 17248.000000, 1.000000, 2, 0.000062, 8611.816043, 8611.816043
Z2, 1, 1, 720, 5424.000000, 0.151517, 35797.963265, 35920.000000, 1.000000, 2, 0.000062, 11932.654422, 11932.654422
Z2, 2, 1, 720, 7080.000000, 0.170784, 41455.874087, 41640.000000, 1.000000, 2, 0.000062, 10363.968522, 10363.968522
Z2, 3, 1, 720, 18976.000000, 0.166325, 114089.884263, 114312.000000, 1.000000, 2, 0.000062, 22817.976853, 22817.976853
Z2, 4, 1, 720, 8720.000000, 0.139368, 62568.164859, 62728.000000, 1.000000, 2, 0.000062, 12513.632972, 12513.632972
Z2, 5, 1, 720, 8336.000000, 0.172079, 48442.866358, 48464.000000, 1.000000, 2, 0.000062, 9688.573272, 9688.573272
Z2, 6, 1, 720, 6376.000000, 0.127255, 50104.121646, 50200.000000, 1.000000, 2, 0.000062, 10020.824329, 10020.824329
Z2, 7, 1, 720, 6872.000000, 0.140823, 48798.846779, 49080.000000, 1.000000, 2, 0.000062, 9759.769356, 9759.769356
Z3, 0, 1, 720, 7080.000000, 0.474771, 14912.452530, 14936.000000, 1.000000, 2, 0.000062, 2982.490506, 2982.490506
Z3, 1, 1, 720, 7080.000000, 0.555207, 12752.000605, 12752.000000, 1.000000, 2, 0.000062, 2550.400121, 2550.400121
Z3, 2, 1, 720, 5664.000000, 0.144578, 39176.084882, 39328.000000, 1.000000, 2, 0.000062, 7835.216976, 7835.216976
Z3, 3, 1, 720, 7080.000000, 0.171668, 41242.398117, 41400.000000, 1.000000, 2, 0.000062, 8248.479623, 8248.479623
Z3, 4, 1, 720, 7080.000000, 0.130394, 54296.976855, 54456.000000, 1.000000, 2, 0.000062, 10859.395371, 10859.395371
Z3, 5, 1, 720, 5664.000000, 0.174870, 32389.775262, 32544.000000, 1.000000, 2, 0.000062, 6477.955052, 6477.955052
Z3, 6, 1, 720, 7080.000000, 0.154399, 45855.219270, 45968.000000, 1.000000, 2, 0.000062, 9171.043854, 9171.043854
Z3, 7, 1, 720, 7080.000000, 0.169921, 41666.421455, 41888.000000, 1.000000, 2, 0.000062, 8333.284291, 8333.284291
Z3, 8, 1, 720, 5664.000000, 0.151791, 37314.465285, 37504.000000, 1.000000, 2, 0.000062, 7462.893057, 7462.893057
Z3, 9, 1, 720, 7080.000000, 0.150960, 46899.841017, 47200.000000, 1.000000, 2, 0.000062, 9379.968203, 9379.968203
Z3, 10, 1, 720, 12904.000000, 0.138526, 93152.188037, 93504.000000, 1.000000, 2, 0.000062, 18630.437607, 18630.437607
Z3, 11, 1, 720, 17344.000000, 0.135450, 128047.249908, 128472.000000, 1.000000, 2, 0.000062, 25609.449982, 25609.449982
Z3, 12, 1, 720, 16912.000000, 0.147351, 114773.567875, 115040.000000, 1.000000, 2, 0.000062, 22954.713575, 22954.713575
Z3, 13, 1, 720, 13240.000000, 0.153073, 86494.679009, 86528.000000, 1.000000, 2, 0.000062, 17298.935802, 17298.935802
Z3, 14, 1, 720, 28328.000000, 0.172643, 164084.266376, 164696.000000, 1.000000, 2, 0.000062, 32816.853275, 32816.853275
Z3, 15, 1, 720, 30528.000000, 0.173742, 175708.809614, 176456.000000, 1.000000, 2, 0.000062, 35141.761923, 35141.761923
Z3, 16, 1, 720, 16360.000000, 0.174132, 93951.714791, 94016.000000, 1.000000, 2, 0.000062, 18790.342958, 18790.342958
Z3, 17, 1, 720, 33216.000000, 0.137047, 242369.406116, 242448.000000, 1.000000, 2, 0.000062, 48473.881223, 48473.881223
Z3, 18, 1, 720, 28000.000000, 0.146923, 190576.016008, 191776.000000, 1.000000, 2, 0.000062, 38115.203202, 38115.203202
Z3, 19, 1, 720, 15744.000000, 0.156354, 100694.577689, 100920.000000, 1.000000, 2, 0.000062, 20138.915538, 20138.915538
Z3, 20, 1, 720, 16024.000000, 0.138491, 115704.269592, 116112.000000, 1.000000, 2, 0.000062, 23140.853918, 23140.853918
Z3, 21, 1, 720, 11576.000000, 0.154159, 75091.301838, 75168.000000, 1.000000, 2, 0.000062, 15018.260368, 15018.260368
Z3, 22, 1, 720, 10816.000000, 0.161717, 66882.269644, 67176.000000, 1.000000, 2, 0.000062, 13376.453929, 13376.453929
Z3, 23, 1, 720, 13224.000000, 0.143169, 92366.364227, 92472.000000, 1.000000, 2, 0.000062, 18473.272845, 18473.272845
Z3, 24, 1, 720, 17528.000000, 0.166802, 105082.672870, 105584.000000, 1.000000, 2, 0.000062, 21016.534574, 21016.534574
Z3, 25, 1, 720, 23824.000000, 0.165404, 144035.210757, 144384.000000, 1.000000, 2, 0.000062, 28807.042151, 28807.042151
Z3, 26, 1, 720, 11024.000000, 0.159629, 69060.133184, 69328.000000, 1.000000, 2, 0.000062, 13812.026637, 13812.026637
Z3, 27, 1, 720, 15112.000000, 0.131962, 114517.815735, 115352.000000, 1.000000, 2, 0.000062, 22903.563147, 22903.563147
Z3, 28, 1, 720, 24552.000000, 0.154209, 159212.497325, 159424.000000, 1.000000, 2, 0.000062, 31842.499465, 31842.499465
Z3, 29, 1, 720, 10824.000000, 0.154279, 70158.608754, 70280.000000, 1.000000, 2, 0.000062, 14031.721751, 14031.721751
Z3, 30, 1, 720, 6872.000000, 0.134835, 50965.995476, 51280.000000, 1.000000, 2, 0.000062, 10193.199095, 10193.199095
Z3, 31, 1, 720, 6872.000000, 0.159360, 43122.489960, 43216.000000, 1.000000, 2, 0.000062, 8624.497992, 8624.497992
Z3, 32, 1, 720, 6376.000000, 0.159781, 39904.619448, 40096.000000, 1.000000, 2, 0.000062, 7980.923890, 7980.923890
Z3, 33, 1, 720, 6872.000000, 0.132085, 52027.103759, 52056.000000, 1.000000, 2, 0.000062, 10405.420752, 10405.420752
Z3, 34, 1, 720, 6872.000000, 0.128726, 53384.708606, 53680.000000, 1.000000, 2, 0.000062, 10676.941721, 10676.941721
Z3, 35, 1, 720, 6376.000000, 0.151397, 42114.440841, 42224.000000, 1.000000, 2, 0.000062, 8422.888168, 8422.888168
Z3, 36, 1, 720, 6872.000000, 0.163511, 42027.753484, 42152.000000, 1.000000, 2, 0.000062, 8405.550697, 8405.550697
Z3, 37, 1, 720, 6872.000000, 0.151632, 45320.249024, 45504.000000, 1.000000, 2, 0.000062, 9064.049805, 9064.049805
Z3, 38, 1, 720, 6376.000000, 0.158087, 40332.222131, 40352.000000, 1.000000, 2, 0.000062, 8066.444426, 8066.444426
Z1, 0, 2, 720, 15344.000000, 0.464131, 33059.631871, 33064.000000, 1.000000, 2, 8.757847, 14678.370800, 14678.370800
Z2, 0, 2, 720, 6624.000000, 0.491842, 13467.739640, 13488.000000, 1.000000, 2, 8.757847, 10759.992354, 10759.992354
Z2, 1, 2, 720, 5664.000000, 0.167550, 33804.834378, 33912.000000, 1.000000, 2, 8.757847, 14827.411302, 14827.411302
Z2, 2, 2, 720, 7080.000000, 0.159077, 44506.748304, 44528.000000, 1.000000, 2, 8.757847, 16967.794087, 16967.794087
Z2, 3, 2, 720, 7080.000000, 0.128388, 55145.340686, 55312.000000, 1.000000, 2, 8.757847, 19095.512563, 19095.512563
Z2, 4, 2, 720, 12128.000000, 0.160648, 75494.248294, 75800.000000, 1.000000, 2, 8.757847, 23165.294085, 23165.294085
Z2, 5, 2, 720, 18392.000000, 0.157628, 116679.777704, 117144.000000, 1.000000, 2, 8.757847, 31402.399967, 31402.399967
Z2, 6, 2, 720, 10632.000000, 0.173651, 61226.252656, 61456.000000, 1.000000, 2, 8.757847, 20311.694957, 20311.694957
Z2, 7, 2, 720, 8048.000000, 0.167060, 48174.308632, 48184.000000, 1.000000, 2, 8.757847, 17701.306152, 17701.306152
Z3, 0, 2, 720, 5424.000000, 0.507475, 10688.211242, 10696.000000, 1.000000, 2, 8.757847, 10204.086675, 10204.086675
Z3, 1, 2, 720, 7080.000000, 0.127237, 55644.191548, 55744.000000, 1.000000, 2, 8.757847, 19195.282736, 19195.282736
Z3, 2, 2, 720, 7080.000000, 0.143350, 49389.605860, 49504.000000, 1.000000, 2, 8.757847, 17944.365598, 17944.365598
Z3, 3, 2, 720, 5664.000000, 0.165747, 34172.564209, 34320.000000, 1.000000, 2, 8.757847, 14900.957268, 14900.957268
Z3, 4, 2, 720, 7080.000000, 0.152403, 46455.778430, 46576.000000, 1.000000, 2, 8.757847, 17357.600112, 17357.600112
Z3, 5, 2, 720, 7080.000000, 0.146206, 48424.825247, 48488.000000, 1.000000, 2, 8.757847, 17751.409475, 17751.409475
Z3, 6, 2, 720, 5664.000000, 0.159191, 35579.900874, 35616.000000, 1.000000, 2, 8.757847, 15182.424601, 15182.424601
Z3, 7, 2, 720, 7080.000000, 0.136578, 51838.509862, 52056.000000, 1.000000, 2, 8.757847, 18434.146399, 18434.146399
Z3, 8, 2, 720, 7080.000000, 0.173613, 40780.356310, 40920.000000, 1.000000, 2, 8.757847, 16222.515688, 16222.515688
Z3, 9, 2, 720, 12648.000000, 0.132178, 95689.146454, 95816.000000, 1.000000, 2, 8.757847, 27204.273717, 27204.273717
Z3, 10, 2, 720, 17112.000000, 0.143585, 119176.794233, 119664.000000, 1.000000, 2, 8.757847, 31901.803273, 31901.803273
Z3, 11, 2, 720, 15320.000000, 0.143405, 106830.305777, 107128.000000, 1.000000, 2, 8.757847, 29432.505582, 29432.505582
Z3, 12, 2, 720, 10704.000000, 0.127430, 83999.058307, 84280.000000, 1.000000, 2, 8.757847, 24866.256087, 24866.256087
Z3, 13, 2, 720, 18776.000000, 0.150359, 124874.467109, 125168.000000, 1.000000, 2, 8.757847, 33041.337848, 33041.337848
Z3, 14, 2, 720, 21848.000000, 0.152815, 142970.258155, 143736.000000, 1.000000, 2, 8.757847, 36660.496057, 36660.496057
Z3, 15, 2, 720, 12752.000000, 0.155095, 82220.574487, 82264.000000, 1.000000, 2, 8.757847, 24510.559323, 24510.559323
Z3, 16, 2, 720, 21856.000000, 0.146974, 148706.573952, 149696.000000, 1.000000, 2, 8.757847, 37807.759217, 37807.759217
Z3, 17, 2, 720, 16880.000000, 0.140657, 120008.247012, 120568.000000, 1.000000, 2, 8.757847, 32068.093829, 32068.093829
Z3, 18, 2, 720, 9160.000000, 0.136286, 67211.599137, 67352.000000, 1.000000, 2, 8.757847, 21508.764254, 21508.764254
Z3, 19, 2, 720, 11592.000000, 0.150430, 77059.097255, 77280.000000, 1.000000, 2, 8.757847, 23478.263877, 23478.263877
Z3, 20, 2, 720, 9952.000000, 0.161644, 61567.395016, 61808.000000, 1.000000, 2, 8.757847, 20379.923429, 20379.923429
Z3, 21, 2, 720, 11064.000000, 0.147843, 74836.143747, 75264.000000, 1.000000, 2, 8.757847, 23033.673176, 23033.673176
Z3, 22, 2, 720, 14728.000000, 0.168412, 87452.200556, 87664.000000, 1.000000, 2, 8.757847, 25556.884537, 25556.884537
Z3, 23, 2, 720, 16264.000000, 0.131048, 124107.197363, 124152.000000, 1.000000, 2, 8.757847, 32887.883899, 32887.883899
Z3, 24, 2, 720, 9504.000000, 0.145367, 65379.350196, 65544.000000, 1.000000, 2, 8.757847, 21142.314465, 21142.314465
Z3, 25, 2, 720, 12688.000000, 0.160722, 78943.766255, 79296.000000, 1.000000, 2, 8.757847, 23855.197677, 23855.197677
Z3, 26, 2, 720, 17320.000000, 0.130385, 132837.366261, 133224.000000, 1.000000, 2, 8.757847, 34633.917678, 34633.917678
Z3, 27, 2, 720, 9320.000000, 0.132240, 70477.918935, 70600.000000, 1.000000, 2, 8.757847, 22162.028213, 22162.028213
Z3, 28, 2, 720, 6376.000000, 0.135248, 47143.026145, 47224.000000, 1.000000, 2, 8.757847, 17495.049655, 17495.049655
Z3, 29, 2, 720, 6872.000000, 0.140075, 49059.432447, 49080.000000, 1.000000, 2, 8.757847, 17878.330916, 17878.330916
Z3, 30, 2, 720, 6872.000000, 0.159338, 43128.443937, 43216.000000, 1.000000, 2, 8.757847, 16692.133214, 16692.133214
Z3, 31, 2, 720, 6376.000000, 0.154549, 41255.524138, 41400.000000, 1.000000, 2, 8.757847, 16317.549254, 16317.549254
Z3, 32, 2, 720, 6872.000000, 0.131712, 52174.441205, 52456.000000, 1.000000, 2, 8.757847, 18501.332667, 18501.332667
Z3, 33, 2, 720, 6872.000000, 0.159119, 43187.802839, 43216.000000, 1.000000, 2, 8.757847, 16704.004994, 16704.004994
Z3, 34, 2, 720, 6376.000000, 0.168189, 37909.732503, 37952.000000, 1.000000, 2, 8.757847, 15648.390927, 15648.390927
Z3, 35, 2, 720, 6872.000000, 0.167952, 40916.452320, 41144.000000, 1.000000, 2, 8.757847, 16249.734890, 16249.734890
Z3, 36, 2, 720, 6872.000000, 0.159307, 43136.836423, 43216.000000, 1.000000, 2, 8.757847, 16693.811711, 16693.811711
Z3, 37, 2, 720, 6376.000000, 0.148013, 43077.297264, 43080.000000, 1.000000, 2, 8.757847, 16681.903879, 16681.903879
Z3, 38, 2, 720, 6872.000000, 0.150930, 45531.040880, 45808.000000, 1.000000, 2, 8.757847, 17172.652602, 17172.652602
Z1, 0, 3, 720, 7080.000000, 0.489314, 14469.236523, 14472.000000, 1.000000, 2, 16.977882, 20066.499907, 20066.499907
Z2, 0, 3, 720, 6624.000000, 0.507866, 13042.810505, 13064.000000, 1.000000, 2, 16.977882, 19781.214703, 19781.214703
Z2, 1, 3, 720, 5664.000000, 0.131850, 42957.906712, 43232.000000, 1.000000, 2, 16.977882, 25764.233945, 25764.233945
Z2, 2, 3, 720, 7080.000000, 0.144569, 48973.154687, 49160.000000, 1.000000, 2, 16.977882, 26967.283540, 26967.283540
Z2, 3, 3, 720, 12544.000000, 0.146711, 85501.427977, 85912.000000, 1.000000, 2, 16.977882, 34272.938198, 34272.938198
Z2, 4, 3, 720, 15304.000000, 0.151167, 101239.027036, 101344.000000, 1.000000, 2, 16.977882, 37420.458009, 37420.458009
Z2, 5, 3, 720, 9896.000000, 0.126817, 78033.702106, 78536.000000, 1.000000, 2, 16.977882, 32779.393023, 32779.393023
Z2, 6, 3, 720, 6376.000000, 0.131462, 48500.707429, 48664.000000, 1.000000, 2, 16.977882, 26872.794088, 26872.794088
Z2, 7, 3, 720, 6872.000000, 0.171163, 40148.863948, 40184.000000, 1.000000, 2, 16.977882, 25202.425392, 25202.425392
Z3, 0, 3, 720, 5424.000000, 0.475373, 11409.987526, 11416.000000, 1.000000, 2, 16.977882, 19454.650107, 19454.650107
Z3, 1, 3, 720, 7080.000000, 0.156102, 45354.960218, 45384.000000, 1.000000, 2, 16.977882, 26243.644646, 26243.644646
Z3, 2, 3, 720, 7080.000000, 0.130916, 54080.479086, 54456.000000, 1.000000, 2, 16.977882, 27988.748419, 27988.748419
Z3, 3, 3, 720, 5664.000000, 0.146145, 38756.029970, 38792.000000, 1.000000, 2, 16.977882, 24923.858596, 24923.858596
Z3, 4, 3, 720, 7080.000000, 0.161391, 43868.617209, 43968.000000, 1.000000, 2, 16.977882, 25946.376044, 25946.376044
Z3, 5, 3, 720, 7080.000000, 0.147029, 48153.765584, 48160.000000, 1.000000, 2, 16.977882, 26803.405719, 26803.405719
Z3, 6, 3, 720, 5664.000000, 0.160837, 35215.777464, 35400.000000, 1.000000, 2, 16.977882, 24215.808095, 24215.808095
Z3, 7, 3, 720, 7080.000000, 0.167982, 42147.372933, 42392.000000, 1.000000, 2, 16.977882, 25602.127189, 25602.127189
Z3, 8, 3, 720, 7080.000000, 0.161549, 43825.712323, 43968.000000, 1.000000, 2, 16.977882, 25937.795067, 25937.795067
Z3, 9, 3, 720, 14120.000000, 0.130141, 108497.706334, 108608.000000, 1.000000, 2, 16.977882, 38872.193869, 38872.193869
Z3, 10, 3, 720, 17536.000000, 0.170902, 102608.512481, 103152.000000, 1.000000, 2, 16.977882, 37694.355098, 37694.355098
Z3, 11, 3, 720, 16008.000000, 0.172871, 92600.841090, 93064.000000, 1.000000, 2, 16.977882, 35692.820820, 35692.820820
Z3, 12, 3, 720, 10896.000000, 0.172541, 63150.207777, 63344.000000, 1.000000, 2, 16.977882, 29802.694157, 29802.694157
Z3, 13, 3, 720, 19720.000000, 0.166687, 118305.566721, 118792.000000, 1.000000, 2, 16.977882, 40833.765946, 40833.765946
Z3, 14, 3, 720, 20104.000000, 0.128900, 155965.865012, 157056.000000, 1.000000, 2, 16.977882, 48365.825604, 48365.825604
Z3, 15, 3, 720, 12504.000000, 0.162622, 76889.965687, 77184.000000, 1.000000, 2, 16.977882, 32550.645740, 32550.645740
Z3, 16, 3, 720, 23072.000000, 0.168869, 136626.615898, 137328.000000, 1.000000, 2, 16.977882, 44497.975782, 44497.975782
Z3, 17, 3, 720, 18112.000000, 0.150494, 120350.312969, 120744.000000, 1.000000, 2, 16.977882, 41242.715196, 41242.715196
Z3, 18, 3, 720, 18632.000000, 0.129138, 144279.762734, 144432.000000, 1.000000, 2, 16.977882, 46028.605149, 46028.605149
Z3, 19, 3, 720, 9664.000000, 0.171161, 56461.460263, 56512.000000, 1.000000, 2, 16.977882, 28464.944655, 28464.944655
Z3, 20, 3, 720, 12280.000000, 0.147890, 83034.687944, 83536.000000, 1.000000, 2, 16.977882, 33779.590191, 33779.590191
Z3, 21, 3, 720, 10368.000000, 0.126472, 81978.619774, 82280.000000, 1.000000, 2, 16.977882, 33568.376557, 33568.376557
Z3, 22, 3, 720, 10520.000000, 0.134121, 78436.635575, 78504.000000, 1.000000, 2, 16.977882, 32859.979717, 32859.979717
Z3, 23, 3, 720, 15288.000000, 0.148957, 102633.645952, 103296.000000, 1.000000, 2, 16.977882, 37699.381792, 37699.381792
Z3, 24, 3, 720, 16344.000000, 0.175170, 93303.647885, 93392.000000, 1.000000, 2, 16.977882, 35833.382179, 35833.382179
Z3, 25, 3, 720, 9016.000000, 0.158168, 57002.680694, 57056.000000, 1.000000, 2, 16.977882, 28573.188741, 28573.188741
Z3, 26, 3, 720, 13800.000000, 0.650867, 21202.488373, 21224.000000, 1.000000, 2, 16.977882, 21413.150277, 21413.150277
Z3, 27, 3, 720, 17664.000000, 0.126455, 139686.054328, 140184.000000, 1.000000, 2, 16.977882, 45109.863468, 45109.863468
Z3, 28, 3, 720, 10240.000000, 0.136684, 74917.327558, 75288.000000, 1.000000, 2, 16.977882, 32156.118114, 32156.118114
Z3, 29, 3, 720, 8424.000000, 0.139520, 60378.440367, 60600.000000, 1.000000, 2, 16.977882, 29248.340676, 29248.340676
Z3, 30, 3, 720, 6376.000000, 0.144348, 44171.031119, 44272.000000, 1.000000, 2, 16.977882, 26006.858826, 26006.858826
Z3, 31, 3, 720, 6872.000000, 0.158733, 43292.825058, 43488.000000, 1.000000, 2, 16.977882, 25831.217614, 25831.217614
Z3, 32, 3, 720, 6872.000000, 0.141000, 48737.588652, 48736.000000, 1.000000, 2, 16.977882, 26920.170333, 26920.170333
Z3, 33, 3, 720, 6376.000000, 0.167536, 38057.492121, 38176.000000, 1.000000, 2, 16.977882, 24784.151026, 24784.151026
Z3, 34, 3, 720, 6872.000000, 0.155739, 44125.106749, 44328.000000, 1.000000, 2, 16.977882, 25997.673952, 25997.673952
Z3, 35, 3, 720, 6872.000000, 0.151340, 45407.691291, 45504.000000, 1.000000, 2, 16.977882, 26254.190860, 26254.190860
Z3, 36, 3, 720, 6376.000000, 0.173099, 36834.412677, 36848.000000, 1.000000, 2, 16.977882, 24539.535138, 24539.535138
Z3, 37, 3, 720, 6872.000000, 0.141015, 48732.404354, 48736.000000, 1.000000, 2, 16.977882, 26919.133473, 26919.133473
Z3, 38, 3, 720, 6872.000000, 0.134904, 50939.927652, 51280.000000, 1.000000, 2, 16.977882, 27360.638133, 27360.638133
Z1, 0, 4, 720, 7200.000000, 0.491607, 14645.845157, 14656.000000, 1.000000, 2, 25.729923, 30289.807164, 30289.807164
Z2, 0, 4, 720, 6624.000000, 1.528140, 4334.681377, 4328.000000, 1.000000, 2, 25.729923, 28227.574408, 28227.574408
Z2, 1, 4, 720, 6648.000000, 0.147334, 45121.967774, 45224.000000, 1.000000, 2, 25.729923, 36385.031687, 36385.031687
Z2, 2, 4, 720, 7296.000000, 0.146437, 49823.473576, 49968.000000, 1.000000, 2, 25.729923, 37325.332848, 37325.332848
Z2, 3, 4, 720, 17272.000000, 0.168756, 102348.953519, 102808.000000, 1.000000, 2, 25.729923, 47830.428836, 47830.428836
Z2, 4, 4, 720, 22592.000000, 0.164499, 137338.220901, 137752.000000, 1.000000, 2, 25.729923, 54828.282313, 54828.282313
Z2, 5, 4, 720, 17472.000000, 0.175957, 99296.987332, 99840.000000, 1.000000, 2, 25.729923, 47220.035599, 47220.035599
Z2, 6, 4, 720, 6424.000000, 0.160988, 39903.595299, 40144.000000, 1.000000, 2, 25.729923, 35341.357192, 35341.357192
Z2, 7, 4, 720, 6872.000000, 0.157553, 43617.068542, 43768.000000, 1.000000, 2, 25.729923, 36084.051841, 36084.051841
Z3, 0, 4, 720, 6448.000000, 0.507955, 12694.037858, 12712.000000, 1.000000, 2, 25.729923, 29899.445704, 29899.445704
Z3, 1, 4, 720, 7448.000000, 0.170600, 43657.678781, 43808.000000, 1.000000, 2, 25.729923, 36092.173889, 36092.173889
Z3, 2, 4, 720, 7424.000000, 0.150284, 49399.803040, 49488.000000, 1.000000, 2, 25.729923, 37240.598741, 37240.598741
Z3, 3, 4, 720, 6648.000000, 0.149265, 44538.237363, 44616.000000, 1.000000, 2, 25.729923, 36268.285605, 36268.285605
Z3, 4, 4, 720, 7224.000000, 0.141392, 51091.999547, 51232.000000, 1.000000, 2, 25.729923, 37579.038042, 37579.038042
Z3, 5, 4, 720, 7240.000000, 0.151186, 47888.031961, 47944.000000, 1.000000, 2, 25.729923, 36938.244525, 36938.244525
Z3, 6, 4, 720, 6648.000000, 0.172991, 38429.744900, 38648.000000, 1.000000, 2, 25.729923, 35046.587113, 35046.587113
Z3, 7, 4, 720, 7232.000000, 0.148650, 48651.194080, 48864.000000, 1.000000, 2, 25.729923, 37090.876949, 37090.876949
Z3, 8, 4, 720, 7296.000000, 0.143217, 50943.672888, 51016.000000, 1.000000, 2, 25.729923, 37549.372710, 37549.372710
Z3, 9, 4, 720, 16456.000000, 0.141499, 116297.641679, 116704.000000, 1.000000, 2, 25.729923, 50620.166468, 50620.166468
Z3, 10, 4, 720, 25392.000000, 0.158853, 159845.895262, 160704.000000, 1.000000, 2, 25.729923, 59329.817185, 59329.817185
Z3, 11, 4, 720, 21592.000000, 0.160795, 134282.782425, 134944.000000, 1.000000, 2, 25.729923, 54217.194618, 54217.194618
Z3, 12, 4, 720, 13528.000000, 0.136702, 98959.781130, 99464.000000, 1.000000, 2, 25.729923, 47152.594359, 47152.594359
Z3, 13, 4, 720, 29512.000000, 0.157039, 187927.839581, 187968.000000, 1.000000, 2, 25.729923, 64946.206049, 64946.206049
Z3, 14, 4, 720, 29688.000000, 0.149422, 198685.601852, 199248.000000, 1.000000, 2, 25.729923, 67097.758503, 67097.758503
Z3, 15, 4, 720, 16760.000000, 0.167600, 100000.000000, 100352.000000, 1.000000, 2, 25.729923, 47360.638133, 47360.638133
Z3, 16, 4, 720, 33128.000000, 0.168486, 196621.677766, 197184.000000, 1.000000, 2, 25.729923, 66684.973686, 66684.973686
Z3, 17, 4, 720, 26248.000000, 0.151559, 173186.679775, 173824.000000, 1.000000, 2, 25.729923, 61997.974088, 61997.974088
Z3, 18, 4, 720, 26240.000000, 0.703658, 37290.842995, 37320.000000, 1.000000, 2, 25.729923, 34818.806732, 34818.806732
Z3, 19, 4, 720, 14624.000000, 0.145975, 100181.537935, 100848.000000, 1.000000, 2, 25.729923, 47396.945720, 47396.945720
Z3, 20, 4, 720, 26816.000000, 0.145137, 184763.361514, 184936.000000, 1.000000, 2, 25.729923, 64313.310435, 64313.310435
Z3, 21, 4, 720, 23128.000000, 0.172018, 134451.045821, 134464.000000, 1.000000, 2, 25.729923, 54250.847297, 54250.847297
Z3, 22, 4, 720, 19440.000000, 0.637913, 30474.375032, 30512.000000, 1.000000, 2, 25.729923, 33455.513139, 33455.513139
Z3, 23, 4, 720, 29088.000000, 0.165946, 175285.936389, 176288.000000, 1.000000, 2, 25.729923, 62417.825410, 62417.825410
Z3, 24, 4, 720, 29840.000000, 0.161574, 184683.179224, 185336.000000, 1.000000, 2, 25.729923, 64297.273977, 64297.273977
Z3, 25, 4, 720, 17200.000000, 0.130130, 132175.516791, 132304.000000, 1.000000, 2, 25.729923, 53795.741491, 53795.741491
Z3, 26, 4, 720, 25664.000000, 0.162918, 157527.099522, 158416.000000, 1.000000, 2, 25.729923, 58866.058037, 58866.058037
Z3, 27, 4, 720, 26808.000000, 0.154024, 174050.797278, 174072.000000, 1.000000, 2, 25.729923, 62170.797588, 62170.797588
Z3, 28, 4, 720, 12720.000000, 0.163228, 77927.806504, 78032.000000, 1.000000, 2, 25.729923, 42946.199433, 42946.199433
Z3, 29, 4, 720, 11496.000000, 0.174281, 65962.439968, 66064.000000, 1.000000, 2, 25.729923, 40553.126126, 40553.126126
Z3, 30, 4, 720, 6448.000000, 0.173729, 37115.277242, 37264.000000, 1.000000, 2, 25.729923, 34783.693581, 34783.693581
Z3, 31, 4, 720, 7200.000000, 0.143616, 50133.689840, 50344.000000, 1.000000, 2, 25.729923, 37387.376101, 37387.376101
Z3, 32, 4, 720, 7520.000000, 0.138683, 54224.382224, 54488.000000, 1.000000, 2, 25.729923, 38205.514577, 38205.514577
Z3, 33, 4, 720, 6728.000000, 0.133528, 50386.435804, 50584.000000, 1.000000, 2, 25.729923, 37437.925293, 37437.925293
Z3, 34, 4, 720, 7224.000000, 0.159511, 45288.412711, 45432.000000, 1.000000, 2, 25.729923, 36418.320675, 36418.320675
Z3, 35, 4, 720, 7256.000000, 0.148879, 48737.565405, 49024.000000, 1.000000, 2, 25.729923, 37108.151214, 37108.151214
Z3, 36, 4, 720, 6544.000000, 0.169992, 38495.929220, 38720.000000, 1.000000, 2, 25.729923, 35059.823977, 35059.823977
Z3, 37, 4, 720, 12272.000000, 0.145536, 84322.779244, 84632.000000, 1.000000, 2, 25.729923, 44225.193981, 44225.193981
Z3, 38, 4, 720, 8544.000000, 0.168484, 50711.046746, 50856.000000, 1.000000, 2, 25.729923, 37502.847482, 37502.847482
Z1, 0, 5, 720, 20272.000000, 0.474781, 42697.580569, 42760.000000, 1.000000, 2, 36.305056, 46042.363596, 46042.363596
Z2, 0, 5, 720, 6624.000000, 0.458381, 14450.860747, 14456.000000, 1.000000, 2, 36.305056, 40393.019631, 40393.019631
Z2, 1, 5, 720, 7616.000000, 0.149785, 50846.212905, 51112.000000, 1.000000, 2, 36.305056, 47672.090063, 47672.090063
Z2, 2, 5, 720, 8792.000000, 0.126534, 69483.300931, 69776.000000, 1.000000, 2, 36.305056, 51399.507668, 51399.507668
Z2, 3, 5, 720, 8816.000000, 0.145932, 60411.698599, 60800.000000, 1.000000, 2, 36.305056, 49585.187202, 49585.187202
Z2, 4, 5, 720, 14976.000000, 0.151911, 98584.039339, 99176.000000, 1.000000, 2, 36.305056, 57219.655350, 57219.655350
Z2, 5, 5, 720, 25312.000000, 0.172975, 146333.285157, 147160.000000, 1.000000, 2, 36.305056, 66769.504513, 66769.504513
Z2, 6, 5, 720, 13208.000000, 0.136424, 96815.809535, 97112.000000, 1.000000, 2, 36.305056, 56866.009389, 56866.009389
Z2, 7, 5, 720, 16320.000000, 0.157747, 103456.801080, 103944.000000, 1.000000, 2, 36.305056, 58194.207698, 58194.207698
Z3, 0, 5, 720, 7712.000000, 0.491770, 15682.127824, 15704.000000, 1.000000, 2, 36.305056, 40639.273047, 40639.273047
Z3, 1, 5, 720, 9624.000000, 0.147506, 65244.803601, 65464.000000, 1.000000, 2, 36.305056, 50551.808202, 50551.808202
Z3, 2, 5, 720, 9096.000000, 0.142455, 63851.742656, 64056.000000, 1.000000, 2, 36.305056, 50273.196013, 50273.196013
Z3, 3, 5, 720, 7632.000000, 0.161136, 47363.717605, 47400.000000, 1.000000, 2, 36.305056, 46975.591003, 46975.591003
Z3, 4, 5, 720, 8304.000000, 0.145623, 57023.959127, 57264.000000, 1.000000, 2, 36.305056, 48907.639307, 48907.639307
Z3, 5, 5, 720, 8504.000000, 0.150960, 56332.803392, 56688.000000, 1.000000, 2, 36.305056, 48769.408160, 48769.408160
Z3, 6, 5, 720, 7384.000000, 0.156867, 47071.723180, 47328.000000, 1.000000, 2, 36.305056, 46917.192118, 46917.192118
Z3, 7, 5, 720, 8968.000000, 0.146545, 61196.219591, 61424.000000, 1.000000, 2, 36.305056, 49742.091400, 49742.091400
Z3, 8, 5, 720, 8912.000000, 0.530813, 16789.340125, 16808.000000, 1.000000, 2, 36.305056, 40860.715507, 40860.715507
Z3, 9, 5, 720, 16688.000000, 0.131214, 127181.550749, 127384.000000, 1.000000, 2, 36.305056, 62939.157632, 62939.157632
Z3, 10, 5, 720, 23832.000000, 0.152290, 156490.905509, 156784.000000, 1.000000, 2, 36.305056, 68801.028584, 68801.028584
Z3, 11, 5, 720, 21144.000000, 0.164629, 128434.236981, 128920.000000, 1.000000, 2, 36.305056, 63189.694878, 63189.694878
Z3, 12, 5, 720, 14272.000000, 0.154392, 92440.022799, 92672.000000, 1.000000, 2, 36.305056, 55990.852042, 55990.852042
Z3, 13, 5, 720, 27640.000000, 0.166846, 165661.747959, 166504.000000, 1.000000, 2, 36.305056, 70635.197074, 70635.197074
Z3, 14, 5, 720, 33288.000000, 0.766966, 43402.184712, 43456.000000, 1.000000, 2, 36.305056, 46183.284424, 46183.284424
Z3, 15, 5, 720, 17576.000000, 0.139207, 126258.018634, 126440.000000, 1.000000, 2, 36.305056, 62754.451209, 62754.451209
Z3, 16, 5, 720, 34872.000000, 0.167745, 207886.971296, 208808.000000, 1.000000, 2, 36.305056, 79080.241741, 79080.241741
Z3, 17, 5, 720, 27336.000000, 0.147577, 185232.116116, 185952.000000, 1.000000, 2, 36.305056, 74549.270705, 74549.270705
Z3, 18, 5, 720, 18312.000000, 0.164459, 111346.901051, 111656.000000, 1.000000, 2, 36.305056, 59772.227692, 59772.227692
Z3, 19, 5, 720, 41432.000000, 0.147758, 280404.445106, 281848.000000, 1.000000, 2, 36.305056, 93583.736503, 93583.736503
Z3, 20, 5, 720, 36760.000000, 0.143135, 256820.484158, 257056.000000, 1.000000, 2, 36.305056, 88866.944314, 88866.944314
Z3, 21, 5, 720, 21272.000000, 0.499560, 42581.471695, 42624.000000, 1.000000, 2, 36.305056, 46019.141821, 46019.141821
Z3, 22, 5, 720, 43464.000000, 0.311405, 139573.866829, 139752.000000, 1.000000, 2, 36.305056, 65417.620848, 65417.620848
Z3, 23, 5, 720, 42000.000000, 0.494076, 85007.164890, 85016.000000, 1.000000, 2, 36.305056, 54504.280460, 54504.280460
Z3, 24, 5, 720, 20304.000000, 0.264463, 76774.444818, 76904.000000, 1.000000, 2, 36.305056, 52857.736446, 52857.736446
Z3, 25, 5, 720, 32736.000000, 0.316457, 103445.333805, 103592.000000, 1.000000, 2, 36.305056, 58191.914243, 58191.914243
Z3, 26, 5, 720, 34608.000000, 0.259276, 133479.381046, 133616.000000, 1.000000, 2, 36.305056, 64198.723691, 64198.723691
Z3, 27, 5, 720, 21272.000000, 0.486746, 43702.464941, 43768.000000, 1.000000, 2, 36.305056, 46243.340470, 46243.340470
Z3, 28, 5, 720, 8752.000000, 0.160758, 54442.080643, 54696.000000, 1.000000, 2, 36.305056, 48391.263610, 48391.263610
Z3, 29, 5, 720, 12760.000000, 0.174232, 73235.685752, 73328.000000, 1.000000, 2, 36.305056, 52149.984632, 52149.984632
Z3, 30, 5, 720, 15440.000000, 0.142354, 108462.003175, 108728.000000, 1.000000, 2, 36.305056, 59195.248117, 59195.248117
Z3, 31, 5, 720, 10000.000000, 0.134016, 74617.956065, 74624.000000, 1.000000, 2, 36.305056, 52426.438695, 52426.438695
Z3, 32, 5, 720, 15200.000000, 0.168996, 89942.957230, 90472.000000, 1.000000, 2, 36.305056, 55491.438928, 55491.438928
Z3, 33, 5, 720, 18352.000000, 0.153039, 119917.145303, 119944.000000, 1.000000, 2, 36.305056, 61486.276542, 61486.276542
Z3, 34, 5, 720, 11224.000000, 0.175674, 63891.070961, 64136.000000, 1.000000, 2, 36.305056, 50281.061674, 50281.061674
Z3, 35, 5, 720, 23240.000000, 0.143509, 161941.062930, 162512.000000, 1.000000, 2, 36.305056, 69891.060068, 69891.060068
Z3, 36, 5, 720, 16824.000000, 0.168181, 100035.081252, 100136.000000, 1.000000, 2, 36.305056, 57509.863732, 57509.863732
Z3, 37, 5, 720, 9680.000000, 0.135861, 71249.291555, 71696.000000, 1.000000, 2, 36.305056, 51752.705793, 51752.705793
Z3, 38, 5, 720, 12888.000000, 0.172844, 74564.347041, 74928.000000, 1.000000, 2, 36.305056, 52415.716890, 52415.716890
