Zone, Tile_no, Seg_no, Reso, Seg_d_size, Seg_d_time, Bitrate, Bitrate1, Buf_lev, Buf_limit, Elapsed, Ref_vp, Local_avg
Z1, 0, 1, 720, 9960.000000, 0.165740, 60094.123326, 60360.000000, 1.000000, 2, 0.000059, 60094.123326, 60094.123326
Z2, 0, 1, 720, 8952.000000, 0.235853, 37955.845378, 38088.000000, 1.000000, 2, 0.000059, 18977.922689, 18977.922689
Z2, 1, 1, 720, 5424.000000, 0.035179, 154182.893203, 154968.000000, 1.000000, 2, 0.000059, 51394.297734, 51394.297734
Z2, 2, 1, 720, 7080.000000, 0.036504, 193951.347798, 196664.000000, 1.000000, 2, 0.000059, 48487.836949, 48487.836949
Z2, 3, 1, 720, 18976.000000, 0.032240, 588585.607940, 593000.000000, 1.000000, 2, 0.000059, 117717.121588, 117717.121588
Z2, 4, 1, 720, 8720.000000, 0.072617, 120082.074445, 121104.000000, 1.000000, 2, 0.000059, 24016.414889, 24016.414889
Z2, 5, 1, 720, 8336.000000, 0.333953, 24961.596392, 25032.000000, 1.000000, 2, 0.000059, 4992.319278, 4992.319278
Z2, 6, 1, 720, 6376.000000, 0.033170, 192221.887248, 193208.000000, 1.000000, 2, 0.000059, 38444.377450, 38444.377450
Z2, 7, 1, 720, 6872.000000, 0.059801, 114914.466313, 116472.000000, 1.000000, 2, 0.000059, 22982.893263, 22982.893263
Z3, 0, 1, 720, 7080.000000, 0.180189, 39292.076653, 39328.000000, 1.000000, 2, 0.000059, 7858.415331, 7858.415331
Z3, 1, 1, 720, 7080.000000, 0.036818, 192297.245912, 196664.000000, 1.000000, 2, 0.000059, 38459.449182, 38459.449182
Z3, 2, 1, 720, 5664.000000, 0.039347, 143949.983480, 145224.000000, 1.000000, 2, 0.000059, 28789.996696, 28789.996696
Z3, 3, 1, 720, 7080.000000, 0.050600, 139920.948617, 141600.000000, 1.000000, 2, 0.000059, 27984.189723, 27984.189723
Z3, 4, 1, 720, 7080.000000, 0.028503, 248394.905799, 252856.000000, 1.000000, 2, 0.000059, 49678.981160, 49678.981160
Z3, 5, 1, 720, 5664.000000, 0.037750, 150039.735099, 153080.000000, 1.000000, 2, 0.000059, 30007.947020, 30007.947020
Z3, 6, 1, 720, 7080.000000, 0.037112, 190773.873680, 191344.000000, 1.000000, 2, 0.000059, 38154.774736, 38154.774736
Z3, 7, 1, 720, 7080.000000, 0.070217, 100830.283265, 101136.000000, 1.000000, 2, 0.000059, 20166.056653, 20166.056653
Z3, 8, 1, 720, 5664.000000, 0.277393, 20418.683961, 20440.000000, 1.000000, 2, 0.000059, 4083.736792, 4083.736792
Z3, 9, 1, 720, 7080.000000, 0.053660, 131941.856131, 133584.000000, 1.000000, 2, 0.000059, 26388.371226, 26388.371226
Z3, 10, 1, 720, 12904.000000, 0.038755, 332963.488582, 339576.000000, 1.000000, 2, 0.000059, 66592.697716, 66592.697716
Z3, 11, 1, 720, 17344.000000, 0.038297, 452881.426744, 456416.000000, 1.000000, 2, 0.000059, 90576.285349, 90576.285349
Z3, 12, 1, 720, 16912.000000, 0.033535, 504308.930968, 512480.000000, 1.000000, 2, 0.000059, 100861.786194, 100861.786194
Z3, 13, 1, 720, 13240.000000, 0.071585, 184954.948662, 186472.000000, 1.000000, 2, 0.000059, 36990.989732, 36990.989732
Z3, 14, 1, 720, 28328.000000, 0.056365, 502581.389160, 505856.000000, 1.000000, 2, 0.000059, 100516.277832, 100516.277832
Z3, 15, 1, 720, 30528.000000, 0.067285, 453711.822843, 455640.000000, 1.000000, 2, 0.000059, 90742.364569, 90742.364569
Z3, 16, 1, 720, 16360.000000, 0.970415, 16858.766610, 16864.000000, 1.000000, 2, 0.000059, 3371.753322, 3371.753322
Z3, 17, 1, 720, 33216.000000, 0.122659, 270799.533667, 272256.000000, 1.000000, 2, 0.000059, 54159.906733, 54159.906733
Z3, 18, 1, 720, 28000.000000, 0.071589, 391121.541019, 394360.000000, 1.000000, 2, 0.000059, 78224.308204, 78224.308204
Z3, 19, 1, 720, 15744.000000, 0.059511, 264556.132480, 266840.000000, 1.000000, 2, 0.000059, 52911.226496, 52911.226496
Z3, 20, 1, 720, 16024.000000, 0.069875, 229323.792487, 232224.000000, 1.000000, 2, 0.000059, 45864.758497, 45864.758497
Z3, 21, 1, 720, 11576.000000, 0.041595, 278302.680611, 282336.000000, 1.000000, 2, 0.000059, 55660.536122, 55660.536122
Z3, 22, 1, 720, 10816.000000, 0.070597, 153207.643384, 154512.000000, 1.000000, 2, 0.000059, 30641.528677, 30641.528677
Z3, 23, 1, 720, 13224.000000, 0.073153, 180771.807035, 181144.000000, 1.000000, 2, 0.000059, 36154.361407, 36154.361407
Z3, 24, 1, 720, 17528.000000, 0.069635, 251712.500898, 254024.000000, 1.000000, 2, 0.000059, 50342.500180, 50342.500180
Z3, 25, 1, 720, 23824.000000, 0.071570, 332876.903731, 335544.000000, 1.000000, 2, 0.000059, 66575.380746, 66575.380746
Z3, 26, 1, 720, 11024.000000, 0.072804, 151420.251635, 153104.000000, 1.000000, 2, 0.000059, 30284.050327, 30284.050327
Z3, 27, 1, 720, 15112.000000, 0.066106, 228602.547424, 228968.000000, 1.000000, 2, 0.000059, 45720.509485, 45720.509485
Z3, 28, 1, 720, 24552.000000, 0.069607, 352723.145661, 355824.000000, 1.000000, 2, 0.000059, 70544.629132, 70544.629132
Z3, 29, 1, 720, 10824.000000, 0.033951, 318812.406115, 328000.000000, 1.000000, 2, 0.000059, 63762.481223, 63762.481223
Z3, 30, 1, 720, 6872.000000, 0.068759, 99943.280152, 101056.000000, 1.000000, 2, 0.000059, 19988.656030, 19988.656030
Z3, 31, 1, 720, 6872.000000, 0.025916, 265164.377219, 274880.000000, 1.000000, 2, 0.000059, 53032.875444, 53032.875444
Z3, 32, 1, 720, 6376.000000, 0.051536, 123719.341819, 125016.000000, 1.000000, 2, 0.000059, 24743.868364, 24743.868364
Z3, 33, 1, 720, 6872.000000, 0.057852, 118785.867386, 120560.000000, 1.000000, 2, 0.000059, 23757.173477, 23757.173477
Z3, 34, 1, 720, 6872.000000, 0.051091, 134505.098745, 134744.000000, 1.000000, 2, 0.000059, 26901.019749, 26901.019749
Z3, 35, 1, 720, 6376.000000, 0.071210, 89537.986238, 89800.000000, 1.000000, 2, 0.000059, 17907.597248, 17907.597248
Z3, 36, 1, 720, 6872.000000, 0.067281, 102138.791041, 102560.000000, 1.000000, 2, 0.000059, 20427.758208, 20427.758208
Z3, 37, 1, 720, 6872.000000, 0.055902, 122929.412186, 124944.000000, 1.000000, 2, 0.000059, 24585.882437, 24585.882437
Z3, 38, 1, 720, 6376.000000, 0.054004, 118065.328494, 118072.000000, 1.000000, 2, 0.000059, 23613.065699, 23613.065699
Z1, 0, 2, 720, 9320.000000, 0.206236, 45190.946295, 45240.000000, 1.000000, 2, 4.495952, 32651.254958, 32651.254958
Z2, 0, 2, 720, 6624.000000, 0.226882, 29195.793408, 29304.000000, 1.000000, 2, 4.495952, 29452.224380, 29452.224380
Z2, 1, 2, 720, 5424.000000, 0.036091, 150286.775096, 150664.000000, 1.000000, 2, 4.495952, 53670.420718, 53670.420718
Z2, 2, 2, 720, 7080.000000, 0.032346, 218883.324059, 221248.000000, 1.000000, 2, 4.495952, 67389.730511, 67389.730511
Z2, 3, 2, 720, 18392.000000, 0.052097, 353033.763940, 353688.000000, 1.000000, 2, 4.495952, 94219.818487, 94219.818487
Z2, 4, 2, 720, 9160.000000, 0.041710, 219611.603932, 223408.000000, 1.000000, 2, 4.495952, 67535.386485, 67535.386485
Z2, 5, 2, 720, 8048.000000, 0.039297, 204799.348551, 206352.000000, 1.000000, 2, 4.495952, 64572.935409, 64572.935409
Z2, 6, 2, 720, 6376.000000, 0.053954, 118174.741446, 120296.000000, 1.000000, 2, 4.495952, 47248.013988, 47248.013988
Z2, 7, 2, 720, 6872.000000, 0.065376, 105115.026921, 105720.000000, 1.000000, 2, 4.495952, 44636.071083, 44636.071083
Z3, 0, 2, 720, 7080.000000, 0.714790, 9905.007065, 9912.000000, 1.000000, 2, 4.495952, 25594.067112, 25594.067112
Z3, 1, 2, 720, 7080.000000, 0.055369, 127869.385396, 128720.000000, 1.000000, 2, 4.495952, 49186.942778, 49186.942778
Z3, 2, 2, 720, 5664.000000, 0.028266, 200382.084483, 202280.000000, 1.000000, 2, 4.495952, 63689.482595, 63689.482595
Z3, 3, 2, 720, 7080.000000, 0.029287, 241745.484345, 244136.000000, 1.000000, 2, 4.495952, 71962.162568, 71962.162568
Z3, 4, 2, 720, 7080.000000, 0.049728, 142374.517375, 144488.000000, 1.000000, 2, 4.495952, 52087.969174, 52087.969174
Z3, 5, 2, 720, 5664.000000, 0.070004, 80909.662305, 80912.000000, 1.000000, 2, 4.495952, 39794.998160, 39794.998160
Z3, 6, 2, 720, 7080.000000, 0.060594, 116843.251807, 118000.000000, 1.000000, 2, 4.495952, 46981.716060, 46981.716060
Z3, 7, 2, 720, 7080.000000, 0.044552, 158915.424672, 160904.000000, 1.000000, 2, 4.495952, 55396.150633, 55396.150633
Z3, 8, 2, 720, 5664.000000, 0.050108, 113035.842580, 113280.000000, 1.000000, 2, 4.495952, 46220.234215, 46220.234215
Z3, 9, 2, 720, 7080.000000, 0.074546, 94974.914818, 95672.000000, 1.000000, 2, 4.495952, 42608.048662, 42608.048662
Z3, 10, 2, 720, 12648.000000, 0.059584, 212271.750806, 214368.000000, 1.000000, 2, 4.495952, 66067.415860, 66067.415860
Z3, 11, 2, 720, 17112.000000, 0.061278, 279251.933810, 280520.000000, 1.000000, 2, 4.495952, 79463.452461, 79463.452461
Z3, 12, 2, 720, 15320.000000, 0.053439, 286682.011265, 289056.000000, 1.000000, 2, 4.495952, 80949.467952, 80949.467952
Z3, 13, 2, 720, 10704.000000, 0.064430, 166133.788608, 167248.000000, 1.000000, 2, 4.495952, 56839.823420, 56839.823420
Z3, 14, 2, 720, 18776.000000, 0.044286, 423971.458249, 426720.000000, 1.000000, 2, 4.495952, 108407.357349, 108407.357349
Z3, 15, 2, 720, 21848.000000, 0.056947, 383654.977435, 390136.000000, 1.000000, 2, 4.495952, 100344.061186, 100344.061186
Z3, 16, 2, 720, 12752.000000, 0.051381, 248185.126798, 250032.000000, 1.000000, 2, 4.495952, 73250.091058, 73250.091058
Z3, 17, 2, 720, 21856.000000, 0.047006, 464961.919755, 465016.000000, 1.000000, 2, 4.495952, 116605.449650, 116605.449650
Z3, 18, 2, 720, 16880.000000, 0.069958, 241287.629721, 244632.000000, 1.000000, 2, 4.495952, 71870.591643, 71870.591643
Z3, 19, 2, 720, 12128.000000, 0.057184, 212087.297146, 212768.000000, 1.000000, 2, 4.495952, 66030.525128, 66030.525128
Z3, 20, 2, 720, 15344.000000, 0.035481, 432456.807869, 438400.000000, 1.000000, 2, 4.495952, 110104.427273, 110104.427273
Z3, 21, 2, 720, 11592.000000, 0.073805, 157062.529639, 158792.000000, 1.000000, 2, 4.495952, 55025.571627, 55025.571627
Z3, 22, 2, 720, 9952.000000, 0.048378, 205713.340775, 207328.000000, 1.000000, 2, 4.495952, 64755.733854, 64755.733854
Z3, 23, 2, 720, 11064.000000, 0.058788, 188201.673811, 190752.000000, 1.000000, 2, 4.495952, 61253.400461, 61253.400461
Z3, 24, 2, 720, 14728.000000, 0.072220, 203932.428690, 204552.000000, 1.000000, 2, 4.495952, 64399.551437, 64399.551437
Z3, 25, 2, 720, 16264.000000, 0.040397, 402604.153774, 406600.000000, 1.000000, 2, 4.495952, 104133.896454, 104133.896454
Z3, 26, 2, 720, 9504.000000, 0.044233, 214862.206950, 216000.000000, 1.000000, 2, 4.495952, 66585.507089, 66585.507089
Z3, 27, 2, 720, 12688.000000, 0.061979, 204714.500073, 208000.000000, 1.000000, 2, 4.495952, 64555.965713, 64555.965713
Z3, 28, 2, 720, 17320.000000, 0.070624, 245242.410512, 247424.000000, 1.000000, 2, 4.495952, 72661.547801, 72661.547801
Z3, 29, 2, 720, 10632.000000, 0.055060, 193098.438068, 193304.000000, 1.000000, 2, 4.495952, 62232.753312, 62232.753312
Z3, 30, 2, 720, 6872.000000, 0.048585, 141442.832150, 143160.000000, 1.000000, 2, 4.495952, 51901.632129, 51901.632129
Z3, 31, 2, 720, 6872.000000, 0.036951, 185976.022300, 190888.000000, 1.000000, 2, 4.495952, 60808.270159, 60808.270159
Z3, 32, 2, 720, 6376.000000, 0.063185, 100910.026114, 101200.000000, 1.000000, 2, 4.495952, 43795.070922, 43795.070922
Z3, 33, 2, 720, 6872.000000, 0.047294, 145303.844039, 146208.000000, 1.000000, 2, 4.495952, 52673.834507, 52673.834507
Z3, 34, 2, 720, 6872.000000, 0.038141, 180173.566503, 180840.000000, 1.000000, 2, 4.495952, 59647.778999, 59647.778999
Z3, 35, 2, 720, 6376.000000, 0.027318, 233399.223955, 236144.000000, 1.000000, 2, 4.495952, 70292.910490, 70292.910490
Z3, 36, 2, 720, 6872.000000, 0.074570, 92155.022127, 92864.000000, 1.000000, 2, 4.495952, 42044.070124, 42044.070124
Z3, 37, 2, 720, 6872.000000, 0.028416, 241835.585586, 245424.000000, 1.000000, 2, 4.495952, 71980.182816, 71980.182816
Z3, 38, 2, 720, 6376.000000, 0.058896, 108258.625374, 109928.000000, 1.000000, 2, 4.495952, 45264.790774, 45264.790774
Z1, 0, 3, 720, 15304.000000, 0.142814, 107160.362429, 107768.000000, 1.000000, 2, 7.983859, 66696.863259, 66696.863259
Z2, 0, 3, 720, 6624.000000, 0.146687, 45157.375909, 45368.000000, 1.000000, 2, 7.983859, 54296.265955, 54296.265955
Z2, 1, 3, 720, 5664.000000, 0.028866, 196217.002702, 202280.000000, 1.000000, 2, 7.983859, 84508.191314, 84508.191314
Z2, 2, 3, 720, 7080.000000, 0.055599, 127340.419792, 128720.000000, 1.000000, 2, 7.983859, 70732.874732, 70732.874732
Z2, 3, 3, 720, 7080.000000, 0.045581, 155327.877844, 157328.000000, 1.000000, 2, 7.983859, 76330.366342, 76330.366342
Z2, 4, 3, 720, 12544.000000, 0.042162, 297519.093022, 298664.000000, 1.000000, 2, 7.983859, 104768.609378, 104768.609378
Z2, 5, 3, 720, 18632.000000, 0.033020, 564264.082374, 564600.000000, 1.000000, 2, 7.983859, 158117.607248, 158117.607248
Z2, 6, 3, 720, 10240.000000, 0.032085, 319152.251831, 320000.000000, 1.000000, 2, 7.983859, 109095.241140, 109095.241140
Z2, 7, 3, 720, 8424.000000, 0.063307, 133065.853697, 133712.000000, 1.000000, 2, 7.983859, 71877.961513, 71877.961513
Z3, 0, 3, 720, 5424.000000, 0.196937, 27541.802708, 27672.000000, 1.000000, 2, 7.983859, 50773.151315, 50773.151315
Z3, 1, 3, 720, 7080.000000, 0.049679, 142514.945953, 144488.000000, 1.000000, 2, 7.983859, 73767.779964, 73767.779964
Z3, 2, 3, 720, 7080.000000, 0.069634, 101674.469368, 102608.000000, 1.000000, 2, 7.983859, 65599.684647, 65599.684647
Z3, 3, 3, 720, 5664.000000, 0.068852, 82263.405566, 83288.000000, 1.000000, 2, 7.983859, 61717.471887, 61717.471887
Z3, 4, 3, 720, 7080.000000, 0.073915, 95785.699790, 96984.000000, 1.000000, 2, 7.983859, 64421.930732, 64421.930732
Z3, 5, 3, 720, 7080.000000, 0.068982, 102635.470123, 104112.000000, 1.000000, 2, 7.983859, 65791.884798, 65791.884798
Z3, 6, 3, 720, 5664.000000, 0.028561, 198312.384020, 202280.000000, 1.000000, 2, 7.983859, 84927.267578, 84927.267578
Z3, 7, 3, 720, 7080.000000, 0.053332, 132753.318833, 133584.000000, 1.000000, 2, 7.983859, 71815.454540, 71815.454540
Z3, 8, 3, 720, 7080.000000, 0.059602, 118787.960136, 120000.000000, 1.000000, 2, 7.983859, 69022.382801, 69022.382801
Z3, 9, 3, 720, 14120.000000, 0.057600, 245138.888889, 247712.000000, 1.000000, 2, 7.983859, 94292.568551, 94292.568551
Z3, 10, 3, 720, 17536.000000, 0.030107, 582455.907264, 584528.000000, 1.000000, 2, 7.983859, 161755.972226, 161755.972226
Z3, 11, 3, 720, 16008.000000, 0.055065, 290710.977935, 291048.000000, 1.000000, 2, 7.983859, 103406.986361, 103406.986361
Z3, 12, 3, 720, 10896.000000, 0.029725, 366560.134567, 375720.000000, 1.000000, 2, 7.983859, 118576.817687, 118576.817687
Z3, 13, 3, 720, 19720.000000, 0.057818, 341070.254938, 345960.000000, 1.000000, 2, 7.983859, 113478.841761, 113478.841761
Z3, 14, 3, 720, 20104.000000, 0.213572, 94132.189613, 94384.000000, 1.000000, 2, 7.983859, 64091.228696, 64091.228696
Z3, 15, 3, 720, 12504.000000, 0.046907, 266570.021532, 271824.000000, 1.000000, 2, 7.983859, 98578.795080, 98578.795080
Z3, 16, 3, 720, 23072.000000, 0.062433, 369548.155623, 372128.000000, 1.000000, 2, 7.983859, 119174.421898, 119174.421898
Z3, 17, 3, 720, 18112.000000, 0.031041, 583486.356754, 584256.000000, 1.000000, 2, 7.983859, 161962.062124, 161962.062124
Z3, 18, 3, 720, 9664.000000, 0.063607, 151932.963353, 153392.000000, 1.000000, 2, 7.983859, 75651.383444, 75651.383444
Z3, 19, 3, 720, 12280.000000, 0.032792, 374481.580873, 383744.000000, 1.000000, 2, 7.983859, 120161.106948, 120161.106948
Z3, 20, 3, 720, 10368.000000, 0.047655, 217563.739377, 220592.000000, 1.000000, 2, 7.983859, 88777.538649, 88777.538649
Z3, 21, 3, 720, 10520.000000, 0.071668, 146787.966736, 148168.000000, 1.000000, 2, 7.983859, 74622.384121, 74622.384121
Z3, 22, 3, 720, 15288.000000, 0.042234, 361983.236255, 364000.000000, 1.000000, 2, 7.983859, 117661.438025, 117661.438025
Z3, 23, 3, 720, 16344.000000, 0.032062, 509762.335475, 510744.000000, 1.000000, 2, 7.983859, 147217.257869, 147217.257869
Z3, 24, 3, 720, 9016.000000, 0.050226, 179508.621033, 180320.000000, 1.000000, 2, 7.983859, 81166.514980, 81166.514980
Z3, 25, 3, 720, 13800.000000, 0.071772, 192275.539207, 194360.000000, 1.000000, 2, 7.983859, 83719.898615, 83719.898615
Z3, 26, 3, 720, 17664.000000, 0.042718, 413502.504799, 420568.000000, 1.000000, 2, 7.983859, 127965.291733, 127965.291733
Z3, 27, 3, 720, 9896.000000, 0.050971, 194149.614487, 197920.000000, 1.000000, 2, 7.983859, 84094.713671, 84094.713671
Z3, 28, 3, 720, 6376.000000, 0.063961, 99685.746001, 101200.000000, 1.000000, 2, 7.983859, 65201.939974, 65201.939974
Z3, 29, 3, 720, 6872.000000, 0.065314, 105214.808464, 105720.000000, 1.000000, 2, 7.983859, 66307.752466, 66307.752466
Z3, 30, 3, 720, 6872.000000, 0.057500, 119513.043478, 120560.000000, 1.000000, 2, 7.983859, 69167.399469, 69167.399469
Z3, 31, 3, 720, 6376.000000, 0.050736, 125670.135604, 127520.000000, 1.000000, 2, 7.983859, 70398.817894, 70398.817894
Z3, 32, 3, 720, 6872.000000, 0.066481, 103367.879545, 104120.000000, 1.000000, 2, 7.983859, 65938.366682, 65938.366682
Z3, 33, 3, 720, 6872.000000, 0.065169, 105448.909758, 105720.000000, 1.000000, 2, 7.983859, 66354.572725, 66354.572725
Z3, 34, 3, 720, 6376.000000, 0.049138, 129757.010867, 130120.000000, 1.000000, 2, 7.983859, 71216.192947, 71216.192947
Z3, 35, 3, 720, 6872.000000, 0.031051, 221313.323242, 221672.000000, 1.000000, 2, 7.983859, 89527.455422, 89527.455422
Z3, 36, 3, 720, 6872.000000, 0.056320, 122017.045455, 122712.000000, 1.000000, 2, 7.983859, 69668.199864, 69668.199864
Z3, 37, 3, 720, 6376.000000, 0.064495, 98860.376773, 99624.000000, 1.000000, 2, 7.983859, 65036.866128, 65036.866128
Z3, 38, 3, 720, 6872.000000, 0.072446, 94856.858902, 95440.000000, 1.000000, 2, 7.983859, 64236.162554, 64236.162554
Z1, 0, 4, 720, 22592.000000, 0.185139, 122027.233592, 122112.000000, 1.000000, 2, 10.983269, 88641.609272, 88641.609272
Z2, 0, 4, 720, 6624.000000, 0.172809, 38331.336910, 38504.000000, 1.000000, 2, 10.983269, 71902.429936, 71902.429936
Z2, 1, 4, 720, 6648.000000, 0.065597, 101346.098145, 102272.000000, 1.000000, 2, 10.983269, 84505.382183, 84505.382183
Z2, 2, 4, 720, 7200.000000, 0.290654, 24771.721703, 24824.000000, 1.000000, 2, 10.983269, 69190.506895, 69190.506895
Z2, 3, 4, 720, 7296.000000, 0.041466, 175951.381855, 177944.000000, 1.000000, 2, 10.983269, 99426.438925, 99426.438925
Z2, 4, 4, 720, 17272.000000, 0.038081, 453559.517870, 454520.000000, 1.000000, 2, 10.983269, 154948.066128, 154948.066128
Z2, 5, 4, 720, 26240.000000, 0.055400, 473646.209386, 477088.000000, 1.000000, 2, 10.983269, 158965.404431, 158965.404431
Z2, 6, 4, 720, 12720.000000, 0.058735, 216565.931727, 219304.000000, 1.000000, 2, 10.983269, 107549.348899, 107549.348899
Z2, 7, 4, 720, 11496.000000, 0.028854, 398419.629861, 410568.000000, 1.000000, 2, 10.983269, 143920.088526, 143920.088526
Z3, 0, 4, 720, 6448.000000, 0.218211, 29549.381104, 29576.000000, 1.000000, 2, 10.983269, 70146.038775, 70146.038775
Z3, 1, 4, 720, 7448.000000, 0.069113, 107765.543385, 107936.000000, 1.000000, 2, 10.983269, 85789.271231, 85789.271231
Z3, 2, 4, 720, 7424.000000, 0.038866, 191015.283281, 195368.000000, 1.000000, 2, 10.983269, 102439.219210, 102439.219210
Z3, 3, 4, 720, 6648.000000, 0.035519, 187167.431516, 189936.000000, 1.000000, 2, 10.983269, 101669.648857, 101669.648857
Z3, 4, 4, 720, 7224.000000, 0.052285, 138165.821937, 138920.000000, 1.000000, 2, 10.983269, 91869.326941, 91869.326941
Z3, 5, 4, 720, 7240.000000, 0.060626, 119420.710586, 120664.000000, 1.000000, 2, 10.983269, 88120.304671, 88120.304671
Z3, 6, 4, 720, 6648.000000, 0.067233, 98880.014279, 99216.000000, 1.000000, 2, 10.983269, 84012.165410, 84012.165410
Z3, 7, 4, 720, 7232.000000, 0.062120, 116419.832582, 116640.000000, 1.000000, 2, 10.983269, 87520.129070, 87520.129070
Z3, 8, 4, 720, 7296.000000, 0.069805, 104519.733543, 105736.000000, 1.000000, 2, 10.983269, 85140.109263, 85140.109263
Z3, 9, 4, 720, 16456.000000, 0.029342, 560834.298957, 567448.000000, 1.000000, 2, 10.983269, 176403.022345, 176403.022345
Z3, 10, 4, 720, 25392.000000, 0.039634, 640662.057829, 651072.000000, 1.000000, 2, 10.983269, 192368.574120, 192368.574120
Z3, 11, 4, 720, 21592.000000, 0.048443, 445719.711826, 449832.000000, 1.000000, 2, 10.983269, 153380.104919, 153380.104919
Z3, 12, 4, 720, 13528.000000, 0.028012, 482935.884621, 483136.000000, 1.000000, 2, 10.983269, 160823.339478, 160823.339478
Z3, 13, 4, 720, 29512.000000, 0.068131, 433165.519367, 434000.000000, 1.000000, 2, 10.983269, 150869.266427, 150869.266427
Z3, 14, 4, 720, 29688.000000, 0.051439, 577149.633547, 582112.000000, 1.000000, 2, 10.983269, 179666.089263, 179666.089263
Z3, 15, 4, 720, 16760.000000, 0.032934, 508896.581041, 523744.000000, 1.000000, 2, 10.983269, 166015.478762, 166015.478762
Z3, 16, 4, 720, 33128.000000, 0.055278, 599298.093274, 602320.000000, 1.000000, 2, 10.983269, 184095.781209, 184095.781209
Z3, 17, 4, 720, 26248.000000, 0.073076, 359187.695002, 359560.000000, 1.000000, 2, 10.983269, 136073.701554, 136073.701554
Z3, 18, 4, 720, 14624.000000, 0.044327, 329911.791910, 332360.000000, 1.000000, 2, 10.983269, 130218.520936, 130218.520936
Z3, 19, 4, 720, 26816.000000, 0.170644, 157145.870936, 157736.000000, 1.000000, 2, 10.983269, 95665.336741, 95665.336741
Z3, 20, 4, 720, 23128.000000, 0.043588, 530604.753602, 537856.000000, 1.000000, 2, 10.983269, 170357.113274, 170357.113274
Z3, 21, 4, 720, 19440.000000, 0.032246, 602865.471686, 607496.000000, 1.000000, 2, 10.983269, 184809.256891, 184809.256891
Z3, 22, 4, 720, 29088.000000, 0.054555, 533186.692329, 538664.000000, 1.000000, 2, 10.983269, 170873.501020, 170873.501020
Z3, 23, 4, 720, 29840.000000, 0.038680, 771458.117890, 785256.000000, 1.000000, 2, 10.983269, 218527.786132, 218527.786132
Z3, 24, 4, 720, 17200.000000, 0.073696, 233391.228832, 235616.000000, 1.000000, 2, 10.983269, 110914.408320, 110914.408320
Z3, 25, 4, 720, 25664.000000, 0.040143, 639314.450838, 641600.000000, 1.000000, 2, 10.983269, 192099.052722, 192099.052722
Z3, 26, 4, 720, 26808.000000, 0.064791, 413761.170533, 418872.000000, 1.000000, 2, 10.983269, 146988.396660, 146988.396660
Z3, 27, 4, 720, 17472.000000, 0.031755, 550212.564950, 563608.000000, 1.000000, 2, 10.983269, 174278.675544, 174278.675544
Z3, 28, 4, 720, 6448.000000, 0.055727, 115706.928419, 117232.000000, 1.000000, 2, 10.983269, 87377.548238, 87377.548238
Z3, 29, 4, 720, 7200.000000, 0.026375, 272985.781991, 276920.000000, 1.000000, 2, 10.983269, 118833.318952, 118833.318952
Z3, 30, 4, 720, 7520.000000, 0.064885, 115897.356862, 117496.000000, 1.000000, 2, 10.983269, 87415.633926, 87415.633926
Z3, 31, 4, 720, 6728.000000, 0.027739, 242546.595047, 249184.000000, 1.000000, 2, 10.983269, 112745.481563, 112745.481563
Z3, 32, 4, 720, 7224.000000, 0.075506, 95674.515933, 96320.000000, 1.000000, 2, 10.983269, 83371.065740, 83371.065740
Z3, 33, 4, 720, 7256.000000, 0.072501, 100081.378188, 100776.000000, 1.000000, 2, 10.983269, 84252.438191, 84252.438191
Z3, 34, 4, 720, 6544.000000, 0.058629, 111617.117809, 112824.000000, 1.000000, 2, 10.983269, 86559.586116, 86559.586116
Z3, 35, 4, 720, 12272.000000, 0.063483, 193311.595230, 194792.000000, 1.000000, 2, 10.983269, 102898.481600, 102898.481600
Z3, 36, 4, 720, 8544.000000, 0.060273, 141755.014683, 142400.000000, 1.000000, 2, 10.983269, 92587.165491, 92587.165491
Z3, 37, 4, 720, 6424.000000, 0.036582, 175605.489038, 178440.000000, 1.000000, 2, 10.983269, 99357.260362, 99357.260362
Z3, 38, 4, 720, 6872.000000, 0.032681, 210275.083382, 214744.000000, 1.000000, 2, 10.983269, 106291.179230, 106291.179230
Z1, 0, 5, 720, 8792.000000, 0.162959, 53952.221111, 54264.000000, 1.000000, 2, 14.195871, 117081.623452, 117081.623452
Z2, 0, 5, 720, 6624.000000, 0.126031, 52558.497513, 52568.000000, 1.000000, 2, 14.195871, 116802.878733, 116802.878733
Z2, 1, 5, 720, 7616.000000, 0.063495, 119946.452477, 120888.000000, 1.000000, 2, 14.195871, 130280.469726, 130280.469726
Z2, 2, 5, 720, 8816.000000, 0.032695, 269643.676403, 275496.000000, 1.000000, 2, 14.195871, 160219.914511, 160219.914511
Z2, 3, 5, 720, 14976.000000, 0.062657, 239015.592831, 241544.000000, 1.000000, 2, 14.195871, 154094.297796, 154094.297796
Z2, 4, 5, 720, 20272.000000, 0.045303, 447475.884599, 450488.000000, 1.000000, 2, 14.195871, 195786.356150, 195786.356150
Z2, 5, 5, 720, 21272.000000, 0.067342, 315880.134240, 317488.000000, 1.000000, 2, 14.195871, 169467.206078, 169467.206078
Z2, 6, 5, 720, 9680.000000, 0.045148, 214405.953752, 215104.000000, 1.000000, 2, 14.195871, 149172.369981, 149172.369981
Z2, 7, 5, 720, 12888.000000, 0.037384, 344746.415579, 348320.000000, 1.000000, 2, 14.195871, 175240.462346, 175240.462346
Z3, 0, 5, 720, 7712.000000, 0.156975, 49128.842172, 49432.000000, 1.000000, 2, 14.195871, 116116.947665, 116116.947665
Z3, 1, 5, 720, 9624.000000, 0.058030, 165845.252456, 165928.000000, 1.000000, 2, 14.195871, 139460.229721, 139460.229721
Z3, 2, 5, 720, 9096.000000, 0.043504, 209084.222140, 211528.000000, 1.000000, 2, 14.195871, 148108.023658, 148108.023658
Z3, 3, 5, 720, 7632.000000, 0.028286, 269815.456410, 272568.000000, 1.000000, 2, 14.195871, 160254.270512, 160254.270512
Z3, 4, 5, 720, 8304.000000, 0.075177, 110459.316014, 110720.000000, 1.000000, 2, 14.195871, 128383.042433, 128383.042433
Z3, 5, 5, 720, 8504.000000, 0.066258, 128346.765674, 128848.000000, 1.000000, 2, 14.195871, 131960.532365, 131960.532365
Z3, 6, 5, 720, 7384.000000, 0.032105, 229995.327831, 230744.000000, 1.000000, 2, 14.195871, 152290.244796, 152290.244796
Z3, 7, 5, 720, 8968.000000, 0.042175, 212637.818613, 213520.000000, 1.000000, 2, 14.195871, 148818.742953, 148818.742953
Z3, 8, 5, 720, 8912.000000, 0.062483, 142630.795576, 143736.000000, 1.000000, 2, 14.195871, 134817.338346, 134817.338346
Z3, 9, 5, 720, 16688.000000, 0.068958, 242002.378259, 245408.000000, 1.000000, 2, 14.195871, 154691.654882, 154691.654882
Z3, 10, 5, 720, 23832.000000, 0.073082, 326099.449933, 326464.000000, 1.000000, 2, 14.195871, 171511.069217, 171511.069217
Z3, 11, 5, 720, 21144.000000, 0.053000, 398943.396226, 398936.000000, 1.000000, 2, 14.195871, 186079.858476, 186079.858476
Z3, 12, 5, 720, 14272.000000, 0.038015, 375430.751019, 375576.000000, 1.000000, 2, 14.195871, 181377.329434, 181377.329434
Z3, 13, 5, 720, 27640.000000, 0.059842, 461882.958457, 468472.000000, 1.000000, 2, 14.195871, 198667.770922, 198667.770922
Z3, 14, 5, 720, 33288.000000, 0.074784, 445121.951220, 449832.000000, 1.000000, 2, 14.195871, 195315.569474, 195315.569474
Z3, 15, 5, 720, 17576.000000, 0.036355, 483454.820520, 488216.000000, 1.000000, 2, 14.195871, 202982.143334, 202982.143334
Z3, 16, 5, 720, 34872.000000, 0.056804, 613900.429547, 622712.000000, 1.000000, 2, 14.195871, 229071.265140, 229071.265140
Z3, 17, 5, 720, 27336.000000, 0.047814, 571715.397164, 581616.000000, 1.000000, 2, 14.195871, 220634.258663, 220634.258663
Z3, 18, 5, 720, 25312.000000, 0.071324, 354887.555381, 356504.000000, 1.000000, 2, 14.195871, 177268.690306, 177268.690306
Z3, 19, 5, 720, 18312.000000, 0.030218, 605996.425971, 610400.000000, 1.000000, 2, 14.195871, 227490.464425, 227490.464425
Z3, 20, 5, 720, 41432.000000, 0.068728, 602840.181585, 609288.000000, 1.000000, 2, 14.195871, 226859.215547, 226859.215547
Z3, 21, 5, 720, 36760.000000, 0.040339, 911276.928035, 919000.000000, 1.000000, 2, 14.195871, 288546.564837, 288546.564837
Z3, 22, 5, 720, 21272.000000, 0.064169, 331499.633780, 332368.000000, 1.000000, 2, 14.195871, 172591.105986, 172591.105986
Z3, 23, 5, 720, 43464.000000, 0.072941, 595878.860997, 603664.000000, 1.000000, 2, 14.195871, 225466.951430, 225466.951430
Z3, 24, 5, 720, 42000.000000, 0.124299, 337894.914682, 338704.000000, 1.000000, 2, 14.195871, 173870.162167, 173870.162167
Z3, 25, 5, 720, 20304.000000, 0.072497, 280066.761383, 282000.000000, 1.000000, 2, 14.195871, 162304.531507, 162304.531507
Z3, 26, 5, 720, 32736.000000, 0.063343, 516805.329713, 519616.000000, 1.000000, 2, 14.195871, 209652.245173, 209652.245173
Z3, 27, 5, 720, 34608.000000, 0.056240, 615362.731152, 618000.000000, 1.000000, 2, 14.195871, 229363.725461, 229363.725461
Z3, 28, 5, 720, 13208.000000, 0.251794, 52455.578767, 52616.000000, 1.000000, 2, 14.195871, 116782.294984, 116782.294984
Z3, 29, 5, 720, 16320.000000, 0.048779, 334570.204391, 340000.000000, 1.000000, 2, 14.195871, 173205.220109, 173205.220109
Z3, 30, 5, 720, 8752.000000, 0.060991, 143496.581463, 145864.000000, 1.000000, 2, 14.195871, 134990.495523, 134990.495523
Z3, 31, 5, 720, 12760.000000, 0.071180, 179263.838157, 179712.000000, 1.000000, 2, 14.195871, 142143.946862, 142143.946862
Z3, 32, 5, 720, 15440.000000, 0.047586, 324465.178834, 328504.000000, 1.000000, 2, 14.195871, 171184.214997, 171184.214997
Z3, 33, 5, 720, 10000.000000, 0.030630, 326477.309827, 333328.000000, 1.000000, 2, 14.195871, 171586.641196, 171586.641196
Z3, 34, 5, 720, 15200.000000, 0.039535, 384469.457443, 389736.000000, 1.000000, 2, 14.195871, 183185.070719, 183185.070719
Z3, 35, 5, 720, 18352.000000, 0.045724, 401364.709999, 407816.000000, 1.000000, 2, 14.195871, 186564.121230, 186564.121230
Z3, 36, 5, 720, 11224.000000, 0.050900, 220510.805501, 224480.000000, 1.000000, 2, 14.195871, 150393.340330, 150393.340330
Z3, 37, 5, 720, 23240.000000, 0.052151, 445629.038753, 446920.000000, 1.000000, 2, 14.195871, 195416.986981, 195416.986981
Z3, 38, 5, 720, 16824.000000, 0.072788, 231137.000604, 233664.000000, 1.000000, 2, 14.195871, 152518.579351, 152518.579351
Z1, 0, 6, 720, 14912.000000, 0.217622, 68522.483940, 68712.000000, 1.000000, 2, 17.356105, 142610.010440, 142610.010440
Z2, 0, 6, 720, 6624.000000, 0.324285, 20426.476710, 20440.000000, 1.000000, 2, 17.356105, 132990.808994, 132990.808994
Z2, 1, 6, 720, 6768.000000, 0.041815, 161855.793376, 165072.000000, 1.000000, 2, 17.356105, 161276.672327, 161276.672327
Z2, 2, 6, 720, 7488.000000, 0.073073, 102472.869596, 102568.000000, 1.000000, 2, 17.356105, 149400.087572, 149400.087572
Z2, 3, 6, 720, 7752.000000, 0.038686, 200382.567337, 204000.000000, 1.000000, 2, 17.356105, 168982.027120, 168982.027120
Z2, 4, 6, 720, 10768.000000, 0.044290, 243124.858885, 244720.000000, 1.000000, 2, 17.356105, 177530.485429, 177530.485429
Z2, 5, 6, 720, 17456.000000, 0.051347, 339961.438838, 342272.000000, 1.000000, 2, 17.356105, 196897.801420, 196897.801420
Z2, 6, 6, 720, 9568.000000, 0.051845, 184550.101263, 187600.000000, 1.000000, 2, 17.356105, 165815.533905, 165815.533905
Z2, 7, 6, 720, 12800.000000, 0.053517, 239176.336491, 241504.000000, 1.000000, 2, 17.356105, 176740.780951, 176740.780951
Z3, 0, 6, 720, 6760.000000, 0.182136, 37115.122765, 37136.000000, 1.000000, 2, 17.356105, 136328.538205, 136328.538205
Z3, 1, 6, 720, 8320.000000, 0.047020, 176945.980434, 177016.000000, 1.000000, 2, 17.356105, 164294.709739, 164294.709739
Z3, 2, 6, 720, 7800.000000, 0.054846, 142216.387704, 144440.000000, 1.000000, 2, 17.356105, 157348.791193, 157348.791193
Z3, 3, 6, 720, 6928.000000, 0.052183, 132763.543683, 133224.000000, 1.000000, 2, 17.356105, 155458.222389, 155458.222389
Z3, 4, 6, 720, 7472.000000, 0.049306, 151543.422707, 152488.000000, 1.000000, 2, 17.356105, 159214.198194, 159214.198194
Z3, 5, 6, 720, 7416.000000, 0.026200, 283053.435115, 285224.000000, 1.000000, 2, 17.356105, 185516.200675, 185516.200675
Z3, 6, 6, 720, 6760.000000, 0.058843, 114881.974067, 116544.000000, 1.000000, 2, 17.356105, 151881.908466, 151881.908466
Z3, 7, 6, 720, 7600.000000, 0.052126, 145800.560181, 146152.000000, 1.000000, 2, 17.356105, 158065.625689, 158065.625689
Z3, 8, 6, 720, 7600.000000, 0.038212, 198890.400921, 200000.000000, 1.000000, 2, 17.356105, 168683.593837, 168683.593837
Z3, 9, 6, 720, 12912.000000, 0.040922, 315527.100337, 322800.000000, 1.000000, 2, 17.356105, 192010.933720, 192010.933720
Z3, 10, 6, 720, 17552.000000, 0.052590, 333751.663814, 337536.000000, 1.000000, 2, 17.356105, 195655.846415, 195655.846415
Z3, 11, 6, 720, 14968.000000, 0.075198, 199047.847017, 199568.000000, 1.000000, 2, 17.356105, 168715.083056, 168715.083056
Z3, 12, 6, 720, 10336.000000, 0.068293, 151347.868742, 152000.000000, 1.000000, 2, 17.356105, 159175.087401, 159175.087401
Z3, 13, 6, 720, 18344.000000, 0.060967, 300884.084833, 305728.000000, 1.000000, 2, 17.356105, 189082.330619, 189082.330619
Z3, 14, 6, 720, 20456.000000, 0.049997, 409144.548673, 417464.000000, 1.000000, 2, 17.356105, 210734.423387, 210734.423387
Z3, 15, 6, 720, 12480.000000, 0.069055, 180725.508653, 180864.000000, 1.000000, 2, 17.356105, 165050.615383, 165050.615383
Z3, 16, 6, 720, 18912.000000, 0.060445, 312879.477211, 315200.000000, 1.000000, 2, 17.356105, 191481.409094, 191481.409094
Z3, 17, 6, 720, 16112.000000, 0.037343, 431459.711325, 435456.000000, 1.000000, 2, 17.356105, 215197.455917, 215197.455917
Z3, 18, 6, 720, 16088.000000, 0.040389, 398326.276957, 402200.000000, 1.000000, 2, 17.356105, 208570.769044, 208570.769044
Z3, 19, 6, 720, 31984.000000, 0.067753, 472067.657521, 477368.000000, 1.000000, 2, 17.356105, 223319.045156, 223319.045156
Z3, 20, 6, 720, 21472.000000, 0.057356, 374363.623684, 376696.000000, 1.000000, 2, 17.356105, 203778.238389, 203778.238389
Z3, 21, 6, 720, 19320.000000, 0.255254, 75689.313390, 75760.000000, 1.000000, 2, 17.356105, 144043.376330, 144043.376330
Z3, 22, 6, 720, 33040.000000, 0.058969, 560294.391969, 569648.000000, 1.000000, 2, 17.356105, 240964.392046, 240964.392046
Z3, 23, 6, 720, 26472.000000, 0.064332, 411490.393583, 413624.000000, 1.000000, 2, 17.356105, 211203.592369, 211203.592369
Z3, 24, 6, 720, 12984.000000, 0.062237, 208621.880875, 209416.000000, 1.000000, 2, 17.356105, 170629.889827, 170629.889827
Z3, 25, 6, 720, 21128.000000, 0.059279, 356416.268830, 358096.000000, 1.000000, 2, 17.356105, 200188.767418, 200188.767418
Z3, 26, 6, 720, 21576.000000, 0.071653, 301117.887597, 303880.000000, 1.000000, 2, 17.356105, 189129.091172, 189129.091172
Z3, 27, 6, 720, 14376.000000, 0.049527, 290265.915561, 293384.000000, 1.000000, 2, 17.356105, 186958.696765, 186958.696765
Z3, 28, 6, 720, 7048.000000, 0.031290, 225247.682966, 227352.000000, 1.000000, 2, 17.356105, 173955.050245, 173955.050245
Z3, 29, 6, 720, 8656.000000, 0.048999, 176656.666463, 180328.000000, 1.000000, 2, 17.356105, 164236.846945, 164236.846945
Z3, 30, 6, 720, 9488.000000, 0.039328, 241253.051261, 243280.000000, 1.000000, 2, 17.356105, 177156.123905, 177156.123905
Z3, 31, 6, 720, 8424.000000, 0.038844, 216867.469880, 221680.000000, 1.000000, 2, 17.356105, 172279.007628, 172279.007628
Z3, 32, 6, 720, 9328.000000, 0.073308, 127243.957003, 127776.000000, 1.000000, 2, 17.356105, 154354.305053, 154354.305053
Z3, 33, 6, 720, 8680.000000, 0.072300, 120055.325035, 120552.000000, 1.000000, 2, 17.356105, 152916.578659, 152916.578659
Z3, 34, 6, 720, 7160.000000, 0.041088, 174260.124611, 174632.000000, 1.000000, 2, 17.356105, 163757.538574, 163757.538574
Z3, 35, 6, 720, 10360.000000, 0.044416, 233249.279539, 235448.000000, 1.000000, 2, 17.356105, 175555.369560, 175555.369560
Z3, 36, 6, 720, 9048.000000, 0.052975, 170797.546012, 174000.000000, 1.000000, 2, 17.356105, 163065.022855, 163065.022855
Z3, 37, 6, 720, 7176.000000, 0.064478, 111293.774621, 112120.000000, 1.000000, 2, 17.356105, 151164.268576, 151164.268576
Z3, 38, 6, 720, 8768.000000, 0.043452, 201785.878671, 203904.000000, 1.000000, 2, 17.356105, 169262.689386, 169262.689386
Z1, 0, 7, 720, 7408.000000, 0.172963, 42829.969415, 43064.000000, 1.000000, 2, 20.672791, 156176.958195, 156176.958195
Z2, 0, 7, 720, 6624.000000, 0.202123, 32772.123905, 32792.000000, 1.000000, 2, 20.672791, 154165.389093, 154165.389093
Z2, 1, 7, 720, 6792.000000, 0.059348, 114443.620678, 115112.000000, 1.000000, 2, 20.672791, 170499.688447, 170499.688447
Z2, 2, 7, 720, 7464.000000, 0.063487, 117567.375998, 118472.000000, 1.000000, 2, 20.672791, 171124.439511, 171124.439511
Z2, 3, 7, 720, 10144.000000, 0.050836, 199543.630498, 202880.000000, 1.000000, 2, 20.672791, 187519.690411, 187519.690411
Z2, 4, 7, 720, 14352.000000, 0.028952, 495717.048909, 512568.000000, 1.000000, 2, 20.672791, 246754.374093, 246754.374093
Z2, 5, 7, 720, 15008.000000, 0.040829, 367581.865831, 375200.000000, 1.000000, 2, 20.672791, 221127.337478, 221127.337478
Z2, 6, 7, 720, 7168.000000, 0.061704, 116167.509400, 117504.000000, 1.000000, 2, 20.672791, 170844.466192, 170844.466192
Z2, 7, 7, 720, 8160.000000, 0.061558, 132557.912863, 133768.000000, 1.000000, 2, 20.672791, 174122.546884, 174122.546884
Z3, 0, 7, 720, 6656.000000, 0.189958, 35039.324482, 35216.000000, 1.000000, 2, 20.672791, 154618.829208, 154618.829208
Z3, 1, 7, 720, 7664.000000, 0.041866, 183060.239813, 186920.000000, 1.000000, 2, 20.672791, 184223.012274, 184223.012274
Z3, 2, 7, 720, 7664.000000, 0.075285, 101799.827323, 102184.000000, 1.000000, 2, 20.672791, 167970.929776, 167970.929776
Z3, 3, 7, 720, 6920.000000, 0.069034, 100240.461222, 100288.000000, 1.000000, 2, 20.672791, 167659.056556, 167659.056556
Z3, 4, 7, 720, 7504.000000, 0.059779, 125529.031934, 127184.000000, 1.000000, 2, 20.672791, 172716.770699, 172716.770699
Z3, 5, 7, 720, 7480.000000, 0.055817, 134009.351990, 136000.000000, 1.000000, 2, 20.672791, 174412.834710, 174412.834710
Z3, 6, 7, 720, 6728.000000, 0.056912, 118217.599100, 120136.000000, 1.000000, 2, 20.672791, 171254.484132, 171254.484132
Z3, 7, 7, 720, 7632.000000, 0.029221, 261182.026625, 263168.000000, 1.000000, 2, 20.672791, 199847.369637, 199847.369637
Z3, 8, 7, 720, 7392.000000, 0.070794, 104415.628443, 105600.000000, 1.000000, 2, 20.672791, 168494.090000, 168494.090000
Z3, 9, 7, 720, 12800.000000, 0.047494, 269507.727292, 272336.000000, 1.000000, 2, 20.672791, 201512.509770, 201512.509770
Z3, 10, 7, 720, 16760.000000, 0.048290, 347069.786705, 349160.000000, 1.000000, 2, 20.672791, 217024.921653, 217024.921653
Z3, 11, 7, 720, 14104.000000, 0.069389, 203259.882690, 204400.000000, 1.000000, 2, 20.672791, 188262.940850, 188262.940850
Z3, 12, 7, 720, 9704.000000, 0.034880, 278211.009174, 285408.000000, 1.000000, 2, 20.672791, 203253.166147, 203253.166147
Z3, 13, 7, 720, 17248.000000, 0.036264, 475623.207589, 479104.000000, 1.000000, 2, 20.672791, 242735.605830, 242735.605830
Z3, 14, 7, 720, 21552.000000, 0.032997, 653150.286390, 673496.000000, 1.000000, 2, 20.672791, 278241.021590, 278241.021590
Z3, 15, 7, 720, 16688.000000, 0.058828, 283674.440743, 287720.000000, 1.000000, 2, 20.672791, 204345.852460, 204345.852460
Z3, 16, 7, 720, 23312.000000, 0.050510, 461532.369828, 466240.000000, 1.000000, 2, 20.672791, 239917.438277, 239917.438277
Z3, 17, 7, 720, 14952.000000, 0.059785, 250096.177971, 253416.000000, 1.000000, 2, 20.672791, 197630.199906, 197630.199906
Z3, 18, 7, 720, 16856.000000, 0.067406, 250066.759636, 251576.000000, 1.000000, 2, 20.672791, 197624.316239, 197624.316239
Z3, 19, 7, 720, 23928.000000, 0.051231, 467060.959185, 469176.000000, 1.000000, 2, 20.672791, 241023.156149, 241023.156149
Z3, 20, 7, 720, 29544.000000, 0.069236, 426714.426021, 428168.000000, 1.000000, 2, 20.672791, 232953.849516, 232953.849516
Z3, 21, 7, 720, 31920.000000, 0.064915, 491719.941462, 498744.000000, 1.000000, 2, 20.672791, 245954.952604, 245954.952604
Z3, 22, 7, 720, 15096.000000, 0.048001, 314493.448053, 314496.000000, 1.000000, 2, 20.672791, 210509.653922, 210509.653922
Z3, 23, 7, 720, 22296.000000, 0.071400, 312268.907563, 314024.000000, 1.000000, 2, 20.672791, 210064.745824, 210064.745824
Z3, 24, 7, 720, 24272.000000, 0.050273, 482803.890756, 485440.000000, 1.000000, 2, 20.672791, 244171.742463, 244171.742463
Z3, 25, 7, 720, 13368.000000, 0.040988, 326144.237338, 334200.000000, 1.000000, 2, 20.672791, 212839.811779, 212839.811779
Z3, 26, 7, 720, 21768.000000, 0.065096, 334398.426939, 334888.000000, 1.000000, 2, 20.672791, 214490.649699, 214490.649699
Z3, 27, 7, 720, 21680.000000, 0.026091, 830937.871297, 833840.000000, 1.000000, 2, 20.672791, 313798.538571, 313798.538571
Z3, 28, 7, 720, 9672.000000, 0.075079, 128824.305065, 128960.000000, 1.000000, 2, 20.672791, 173375.825325, 173375.825325
Z3, 29, 7, 720, 13368.000000, 0.048362, 276415.367437, 278496.000000, 1.000000, 2, 20.672791, 202894.037799, 202894.037799
Z3, 30, 7, 720, 13424.000000, 0.045226, 296820.413037, 298304.000000, 1.000000, 2, 20.672791, 206975.046919, 206975.046919
Z3, 31, 7, 720, 8064.000000, 0.075256, 107154.246837, 107520.000000, 1.000000, 2, 20.672791, 169041.813679, 169041.813679
Z3, 32, 7, 720, 9424.000000, 0.050945, 184983.806065, 188480.000000, 1.000000, 2, 20.672791, 184607.725525, 184607.725525
Z3, 33, 7, 720, 7368.000000, 0.041251, 178613.851785, 179704.000000, 1.000000, 2, 20.672791, 183333.734669, 183333.734669
Z3, 34, 7, 720, 8792.000000, 0.070605, 124523.758941, 125600.000000, 1.000000, 2, 20.672791, 172515.716100, 172515.716100
Z3, 35, 7, 720, 8568.000000, 0.036465, 234965.034965, 238000.000000, 1.000000, 2, 20.672791, 194603.971305, 194603.971305
Z3, 36, 7, 720, 7064.000000, 0.341239, 20701.033586, 20712.000000, 1.000000, 2, 20.672791, 151751.171029, 151751.171029
Z3, 37, 7, 720, 10104.000000, 0.040580, 248989.650074, 252600.000000, 1.000000, 2, 20.672791, 197408.894327, 197408.894327
Z3, 38, 7, 720, 8640.000000, 0.030544, 282870.612886, 288000.000000, 1.000000, 2, 20.672791, 204185.086889, 204185.086889
Z1, 0, 8, 720, 7744.000000, 0.172519, 44887.809459, 45016.000000, 1.000000, 2, 23.919207, 194191.277000, 194191.277000
Z2, 0, 8, 720, 6624.000000, 0.148561, 44587.745101, 44752.000000, 1.000000, 2, 23.919207, 194131.264129, 194131.264129
Z2, 1, 8, 720, 6968.000000, 0.057561, 121054.185994, 122240.000000, 1.000000, 2, 23.919207, 209424.552307, 209424.552307
Z2, 2, 8, 720, 7968.000000, 0.054113, 147247.426681, 147552.000000, 1.000000, 2, 23.919207, 214663.200445, 214663.200445
Z2, 3, 8, 720, 12752.000000, 0.028549, 446670.636450, 455424.000000, 1.000000, 2, 23.919207, 274547.842399, 274547.842399
Z2, 4, 8, 720, 18720.000000, 0.051241, 365332.448625, 367056.000000, 1.000000, 2, 23.919207, 258280.204834, 258280.204834
Z2, 5, 8, 720, 25648.000000, 0.042364, 605419.695968, 610664.000000, 1.000000, 2, 23.919207, 306297.654302, 306297.654302
Z2, 6, 8, 720, 9784.000000, 0.063958, 152975.390100, 155296.000000, 1.000000, 2, 23.919207, 215808.793129, 215808.793129
Z2, 7, 8, 720, 13192.000000, 0.037993, 347221.856658, 356536.000000, 1.000000, 2, 23.919207, 254658.086440, 254658.086440
Z3, 0, 8, 720, 6768.000000, 0.173521, 39003.924597, 39120.000000, 1.000000, 2, 23.919207, 193014.500028, 193014.500028
Z3, 1, 8, 720, 8032.000000, 0.029242, 274673.414951, 276960.000000, 1.000000, 2, 23.919207, 240148.398099, 240148.398099
Z3, 2, 8, 720, 7872.000000, 0.062389, 126176.088734, 126960.000000, 1.000000, 2, 23.919207, 210448.932855, 210448.932855
Z3, 3, 8, 720, 7024.000000, 0.282623, 24852.895907, 24904.000000, 1.000000, 2, 23.919207, 190184.294290, 190184.294290
Z3, 4, 8, 720, 7816.000000, 0.061511, 127066.703516, 128128.000000, 1.000000, 2, 23.919207, 210627.055812, 210627.055812
Z3, 5, 8, 720, 7936.000000, 0.030313, 261801.867186, 264528.000000, 1.000000, 2, 23.919207, 237574.088546, 237574.088546
Z3, 6, 8, 720, 6928.000000, 0.047980, 144393.497291, 147400.000000, 1.000000, 2, 23.919207, 214092.414567, 214092.414567
Z3, 7, 8, 720, 8048.000000, 0.046416, 173388.486729, 174952.000000, 1.000000, 2, 23.919207, 219891.412454, 219891.412454
Z3, 8, 8, 720, 7664.000000, 0.065254, 117448.738775, 117904.000000, 1.000000, 2, 23.919207, 208703.462864, 208703.462864
Z3, 9, 8, 720, 14248.000000, 0.062771, 226983.798251, 229800.000000, 1.000000, 2, 23.919207, 230610.474759, 230610.474759
Z3, 10, 8, 720, 19448.000000, 0.068615, 283436.566348, 286000.000000, 1.000000, 2, 23.919207, 241901.028378, 241901.028378
Z3, 11, 8, 720, 17344.000000, 0.033651, 515408.160233, 525568.000000, 1.000000, 2, 23.919207, 288295.347155, 288295.347155
Z3, 12, 8, 720, 11952.000000, 0.075216, 158902.361200, 159360.000000, 1.000000, 2, 23.919207, 216994.187349, 216994.187349
Z3, 13, 8, 720, 25224.000000, 0.049822, 506282.365220, 514768.000000, 1.000000, 2, 23.919207, 286470.188153, 286470.188153
Z3, 14, 8, 720, 35992.000000, 0.048378, 743974.533879, 749832.000000, 1.000000, 2, 23.919207, 334008.621884, 334008.621884
Z3, 15, 8, 720, 20016.000000, 0.033990, 588879.082083, 606544.000000, 1.000000, 2, 23.919207, 302989.531525, 302989.531525
Z3, 16, 8, 720, 36432.000000, 0.073897, 493010.541700, 499064.000000, 1.000000, 2, 23.919207, 283815.823449, 283815.823449
Z3, 17, 8, 720, 22472.000000, 0.052444, 428495.156739, 432152.000000, 1.000000, 2, 23.919207, 270912.746456, 270912.746456
Z3, 18, 8, 720, 21736.000000, 0.045058, 482400.461627, 483016.000000, 1.000000, 2, 23.919207, 281693.807434, 281693.807434
Z3, 19, 8, 720, 16848.000000, 0.037858, 445031.433251, 455344.000000, 1.000000, 2, 23.919207, 274220.001759, 274220.001759
Z3, 20, 8, 720, 47160.000000, 0.071294, 661486.240076, 664224.000000, 1.000000, 2, 23.919207, 317510.963124, 317510.963124
Z3, 21, 8, 720, 39472.000000, 0.456139, 86535.025508, 86560.000000, 1.000000, 2, 23.919207, 202520.720210, 202520.720210
Z3, 22, 8, 720, 26968.000000, 0.069800, 386361.031519, 390840.000000, 1.000000, 2, 23.919207, 262485.921412, 262485.921412
Z3, 23, 8, 720, 39776.000000, 0.071368, 557336.621455, 560224.000000, 1.000000, 2, 23.919207, 296681.039400, 296681.039400
Z3, 24, 8, 720, 34992.000000, 0.066014, 530069.379223, 530176.000000, 1.000000, 2, 23.919207, 291227.590953, 291227.590953
Z3, 25, 8, 720, 22464.000000, 0.075581, 297217.554676, 299520.000000, 1.000000, 2, 23.919207, 244657.226044, 244657.226044
Z3, 26, 8, 720, 43144.000000, 0.107775, 400315.472048, 403208.000000, 1.000000, 2, 23.919207, 265276.809518, 265276.809518
Z3, 27, 8, 720, 43672.000000, 0.069645, 627065.833872, 632920.000000, 1.000000, 2, 23.919207, 310626.881883, 310626.881883
Z3, 28, 8, 720, 18320.000000, 0.051288, 357198.564966, 359208.000000, 1.000000, 2, 23.919207, 256653.428102, 256653.428102
Z3, 29, 8, 720, 24560.000000, 0.075557, 325052.609288, 327464.000000, 1.000000, 2, 23.919207, 250224.236966, 250224.236966
Z3, 30, 8, 720, 19040.000000, 0.046901, 405961.493358, 413912.000000, 1.000000, 2, 23.919207, 266406.013780, 266406.013780
Z3, 31, 8, 720, 20160.000000, 0.026580, 758465.011287, 775384.000000, 1.000000, 2, 23.919207, 336906.717366, 336906.717366
Z3, 32, 8, 720, 16496.000000, 0.031540, 523018.389347, 532128.000000, 1.000000, 2, 23.919207, 289817.392978, 289817.392978
Z3, 33, 8, 720, 11624.000000, 0.066291, 175348.086467, 176120.000000, 1.000000, 2, 23.919207, 220283.332402, 220283.332402
Z3, 34, 8, 720, 21024.000000, 0.055146, 381242.519856, 382248.000000, 1.000000, 2, 23.919207, 261462.219080, 261462.219080
Z3, 35, 8, 720, 28496.000000, 0.057899, 492167.394946, 499928.000000, 1.000000, 2, 23.919207, 283647.194098, 283647.194098
Z3, 36, 8, 720, 12416.000000, 0.036378, 341305.184452, 344888.000000, 1.000000, 2, 23.919207, 253474.751999, 253474.751999
Z3, 37, 8, 720, 17312.000000, 0.072940, 237345.763641, 240440.000000, 1.000000, 2, 23.919207, 232682.867837, 232682.867837
Z3, 38, 8, 720, 14664.000000, 0.035092, 417873.019492, 418968.000000, 1.000000, 2, 23.919207, 268788.319007, 268788.319007
Z1, 0, 9, 720, 7696.000000, 0.183763, 41880.030256, 42048.000000, 1.000000, 2, 27.507290, 235109.308382, 235109.308382
Z2, 0, 9, 720, 6624.000000, 0.195853, 33821.284331, 33968.000000, 1.000000, 2, 27.507290, 233497.559197, 233497.559197
Z2, 1, 9, 720, 6776.000000, 0.071025, 95403.027103, 95432.000000, 1.000000, 2, 27.507290, 245813.907751, 245813.907751
Z2, 2, 9, 720, 7496.000000, 0.074734, 100302.405866, 101296.000000, 1.000000, 2, 27.507290, 246793.783504, 246793.783504
Z2, 3, 9, 720, 16056.000000, 0.045071, 356237.935701, 356800.000000, 1.000000, 2, 27.507290, 297980.889471, 297980.889471
Z2, 4, 9, 720, 24464.000000, 0.031562, 775109.308662, 789160.000000, 1.000000, 2, 27.507290, 381755.164063, 381755.164063
Z2, 5, 9, 720, 36648.000000, 0.052986, 691654.399275, 704768.000000, 1.000000, 2, 27.507290, 365064.182186, 365064.182186
Z2, 6, 9, 720, 11344.000000, 0.071915, 157741.778488, 159768.000000, 1.000000, 2, 27.507290, 258281.658028, 258281.658028
Z2, 7, 9, 720, 15808.000000, 0.050372, 313825.140951, 316160.000000, 1.000000, 2, 27.507290, 289498.330521, 289498.330521
Z3, 0, 9, 720, 6752.000000, 0.191041, 35343.198580, 35344.000000, 1.000000, 2, 27.507290, 233801.942047, 233801.942047
Z3, 1, 9, 720, 9824.000000, 0.229664, 42775.532952, 42896.000000, 1.000000, 2, 27.507290, 235288.408921, 235288.408921
Z3, 2, 9, 720, 8640.000000, 0.027233, 317262.145191, 320000.000000, 1.000000, 2, 27.507290, 290185.731369, 290185.731369
Z3, 3, 9, 720, 7248.000000, 0.053902, 134466.253571, 136752.000000, 1.000000, 2, 27.507290, 253626.553045, 253626.553045
Z3, 4, 9, 720, 8336.000000, 0.072646, 114748.231148, 115776.000000, 1.000000, 2, 27.507290, 249682.948560, 249682.948560
Z3, 5, 9, 720, 9640.000000, 0.062670, 153821.605234, 155480.000000, 1.000000, 2, 27.507290, 257497.623377, 257497.623377
Z3, 6, 9, 720, 10312.000000, 0.069365, 148662.870324, 149448.000000, 1.000000, 2, 27.507290, 256465.876395, 256465.876395
Z3, 7, 9, 720, 21208.000000, 0.066044, 321119.253831, 321328.000000, 1.000000, 2, 27.507290, 290957.153097, 290957.153097
Z3, 8, 9, 720, 8000.000000, 0.044606, 179348.069766, 181816.000000, 1.000000, 2, 27.507290, 262602.916284, 262602.916284
Z3, 9, 9, 720, 16880.000000, 0.055609, 303547.986837, 306904.000000, 1.000000, 2, 27.507290, 287442.899698, 287442.899698
Z3, 10, 9, 720, 23240.000000, 0.070761, 328429.502127, 332000.000000, 1.000000, 2, 27.507290, 292419.202756, 292419.202756
Z3, 11, 9, 720, 21680.000000, 0.074159, 292344.826656, 292968.000000, 1.000000, 2, 27.507290, 285202.267662, 285202.267662
Z3, 12, 9, 720, 16096.000000, 0.058468, 275295.888349, 277512.000000, 1.000000, 2, 27.507290, 281792.480000, 281792.480000
Z3, 13, 9, 720, 39872.000000, 0.069857, 570765.993386, 577848.000000, 1.000000, 2, 27.507290, 340886.501008, 340886.501008
Z3, 14, 9, 720, 46392.000000, 0.045809, 1012726.756751, 1030928.000000, 1.000000, 2, 27.507290, 429278.653681, 429278.653681
Z3, 15, 9, 720, 26168.000000, 0.064073, 408409.158304, 408872.000000, 1.000000, 2, 27.507290, 308415.133991, 308415.133991
Z3, 16, 9, 720, 48816.000000, 0.063161, 772881.999968, 774856.000000, 1.000000, 2, 27.507290, 381309.702324, 381309.702324
Z3, 17, 9, 720, 38664.000000, 0.067837, 569954.449637, 577072.000000, 1.000000, 2, 27.507290, 340724.192258, 340724.192258
Z3, 18, 9, 720, 26344.000000, 0.070606, 373112.766620, 376336.000000, 1.000000, 2, 27.507290, 301355.855655, 301355.855655
Z3, 19, 9, 720, 19912.000000, 0.254796, 78148.793545, 78392.000000, 1.000000, 2, 27.507290, 242363.061040, 242363.061040
Z3, 20, 9, 720, 61688.000000, 0.076766, 803584.920407, 811680.000000, 1.000000, 2, 27.507290, 387450.286412, 387450.286412
Z3, 21, 9, 720, 59200.000000, 0.147313, 401865.415815, 402720.000000, 1.000000, 2, 27.507290, 307106.385494, 307106.385494
Z3, 22, 9, 720, 41064.000000, 0.076980, 533437.256430, 540312.000000, 1.000000, 2, 27.507290, 333420.753617, 333420.753617
Z3, 23, 9, 720, 55576.000000, 0.265292, 209489.920540, 209720.000000, 1.000000, 2, 27.507290, 268631.286439, 268631.286439
Z3, 24, 9, 720, 50200.000000, 0.148978, 336962.504531, 339184.000000, 1.000000, 2, 27.507290, 294125.803237, 294125.803237
Z3, 25, 9, 720, 30056.000000, 0.075996, 395494.499711, 400744.000000, 1.000000, 2, 27.507290, 305832.202273, 305832.202273
Z3, 26, 9, 720, 59504.000000, 0.123086, 483434.346717, 483768.000000, 1.000000, 2, 27.507290, 323420.171674, 323420.171674
Z3, 27, 9, 720, 65232.000000, 0.125200, 521022.364217, 521856.000000, 1.000000, 2, 27.507290, 330937.775174, 330937.775174
Z3, 28, 9, 720, 23952.000000, 0.066055, 362606.918477, 362904.000000, 1.000000, 2, 27.507290, 299254.686026, 299254.686026
Z3, 29, 9, 720, 32816.000000, 0.053670, 611440.283212, 619168.000000, 1.000000, 2, 27.507290, 349021.358973, 349021.358973
Z3, 30, 9, 720, 8856.000000, 0.031571, 280510.595166, 285672.000000, 1.000000, 2, 27.507290, 282835.421364, 282835.421364
Z3, 31, 9, 720, 14088.000000, 0.056969, 247292.387088, 251568.000000, 1.000000, 2, 27.507290, 276191.779748, 276191.779748
Z3, 32, 9, 720, 15104.000000, 0.072933, 207094.182332, 209776.000000, 1.000000, 2, 27.507290, 268152.138797, 268152.138797
Z3, 33, 9, 720, 11784.000000, 0.071775, 164179.728318, 165968.000000, 1.000000, 2, 27.507290, 259569.247994, 259569.247994
Z3, 34, 9, 720, 18496.000000, 0.048872, 378458.012768, 385328.000000, 1.000000, 2, 27.507290, 302424.904884, 302424.904884
Z3, 35, 9, 720, 22376.000000, 0.058721, 381056.180923, 385792.000000, 1.000000, 2, 27.507290, 302944.538515, 302944.538515
Z3, 36, 9, 720, 8792.000000, 0.034733, 253131.028129, 258584.000000, 1.000000, 2, 27.507290, 277359.507956, 277359.507956
Z3, 37, 9, 720, 19464.000000, 0.070821, 274833.735756, 278056.000000, 1.000000, 2, 27.507290, 281700.049482, 281700.049482
Z3, 38, 9, 720, 20360.000000, 0.062163, 327526.020301, 328384.000000, 1.000000, 2, 27.507290, 292238.506391, 292238.506391
Z1, 0, 10, 720, 7480.000000, 0.183501, 40762.720639, 40872.000000, 1.000000, 2, 31.672902, 254163.650398, 254163.650398
Z2, 0, 10, 720, 6624.000000, 0.181682, 36459.308022, 36592.000000, 1.000000, 2, 31.672902, 253302.967874, 253302.967874
Z2, 1, 10, 720, 7008.000000, 0.052448, 133618.059793, 134768.000000, 1.000000, 2, 31.672902, 272734.718229, 272734.718229
Z2, 2, 10, 720, 7832.000000, 0.063908, 122551.167303, 124312.000000, 1.000000, 2, 31.672902, 270521.339731, 270521.339731
Z2, 3, 10, 720, 29728.000000, 0.053504, 555622.009569, 560904.000000, 1.000000, 2, 31.672902, 357135.508184, 357135.508184
Z2, 4, 10, 720, 35840.000000, 0.058920, 608282.416836, 617928.000000, 1.000000, 2, 31.672902, 367667.589637, 367667.589637
Z2, 5, 10, 720, 43888.000000, 0.070423, 623205.486844, 626968.000000, 1.000000, 2, 31.672902, 370652.203639, 370652.203639
Z2, 6, 10, 720, 17936.000000, 0.040187, 446313.484460, 448400.000000, 1.000000, 2, 31.672902, 335273.803162, 335273.803162
Z2, 7, 10, 720, 24920.000000, 0.343928, 72457.025889, 72648.000000, 1.000000, 2, 31.672902, 260502.511448, 260502.511448
Z3, 0, 10, 720, 6840.000000, 0.183640, 37246.787192, 37376.000000, 1.000000, 2, 31.672902, 253460.463708, 253460.463708
Z3, 1, 10, 720, 22064.000000, 0.050997, 432652.901151, 441280.000000, 1.000000, 2, 31.672902, 332541.686500, 332541.686500
Z3, 2, 10, 720, 15312.000000, 0.061761, 247923.446835, 251016.000000, 1.000000, 2, 31.672902, 295595.795637, 295595.795637
Z3, 3, 10, 720, 7752.000000, 0.069960, 110806.174957, 112344.000000, 1.000000, 2, 31.672902, 268172.341261, 268172.341261
Z3, 4, 10, 720, 11432.000000, 0.062129, 184004.249223, 184384.000000, 1.000000, 2, 31.672902, 282811.956115, 282811.956115
Z3, 5, 10, 720, 17232.000000, 0.053387, 322775.207448, 325128.000000, 1.000000, 2, 31.672902, 310566.147760, 310566.147760
Z3, 6, 10, 720, 23328.000000, 0.065834, 354345.778777, 358888.000000, 1.000000, 2, 31.672902, 316880.262025, 316880.262025
Z3, 7, 10, 720, 18496.000000, 0.056503, 327345.450684, 330280.000000, 1.000000, 2, 31.672902, 311480.196407, 311480.196407
Z3, 8, 10, 720, 7968.000000, 0.063775, 124939.239514, 126472.000000, 1.000000, 2, 31.672902, 270998.954173, 270998.954173
Z3, 9, 10, 720, 19568.000000, 0.045136, 433534.207728, 434840.000000, 1.000000, 2, 31.672902, 332717.947816, 332717.947816
Z3, 10, 10, 720, 36064.000000, 0.038259, 942627.878408, 949048.000000, 1.000000, 2, 31.672902, 434536.681952, 434536.681952
Z3, 11, 10, 720, 29248.000000, 0.069698, 419639.014032, 423880.000000, 1.000000, 2, 31.672902, 329938.909076, 329938.909076
Z3, 12, 10, 720, 24216.000000, 0.074637, 324450.339644, 327240.000000, 1.000000, 2, 31.672902, 310901.174199, 310901.174199
Z3, 13, 10, 720, 54424.000000, 0.054331, 1001711.729952, 1007848.000000, 1.000000, 2, 31.672902, 446353.452260, 446353.452260
Z3, 14, 10, 720, 56832.000000, 0.073349, 774816.289247, 778520.000000, 1.000000, 2, 31.672902, 400974.364119, 400974.364119
Z3, 15, 10, 720, 29576.000000, 0.158129, 187037.165858, 187184.000000, 1.000000, 2, 31.672902, 283418.539442, 283418.539442
Z3, 16, 10, 720, 52328.000000, 0.068536, 763511.147426, 769528.000000, 1.000000, 2, 31.672902, 398713.335755, 398713.335755
Z3, 17, 10, 720, 52840.000000, 0.067986, 777218.839173, 788656.000000, 1.000000, 2, 31.672902, 401454.874105, 401454.874105
Z3, 18, 10, 720, 35136.000000, 0.071130, 493968.789540, 494872.000000, 1.000000, 2, 31.672902, 344804.864178, 344804.864178
Z3, 19, 10, 720, 23160.000000, 0.045692, 506872.100149, 514664.000000, 1.000000, 2, 31.672902, 347385.526300, 347385.526300
Z3, 20, 10, 720, 77048.000000, 0.124325, 619730.544943, 621352.000000, 1.000000, 2, 31.672902, 369957.215259, 369957.215259
Z3, 21, 10, 720, 68968.000000, 0.058322, 1182538.321731, 1189096.000000, 1.000000, 2, 31.672902, 482518.770616, 482518.770616
Z3, 22, 10, 720, 52224.000000, 0.073479, 710733.679010, 715392.000000, 1.000000, 2, 31.672902, 388157.842072, 388157.842072
Z3, 23, 10, 720, 76384.000000, 0.061341, 1245235.649892, 1252192.000000, 1.000000, 2, 31.672902, 495058.236248, 495058.236248
Z3, 24, 10, 720, 57512.000000, 0.063930, 899608.947286, 912888.000000, 1.000000, 2, 31.672902, 425932.895727, 425932.895727
Z3, 25, 10, 720, 35600.000000, 0.061397, 579832.890858, 583600.000000, 1.000000, 2, 31.672902, 361977.684442, 361977.684442
Z3, 26, 10, 720, 72816.000000, 0.069635, 1045681.051196, 1055304.000000, 1.000000, 2, 31.672902, 455147.316509, 455147.316509
Z3, 27, 10, 720, 93600.000000, 0.230440, 406179.482729, 406952.000000, 1.000000, 2, 31.672902, 327247.002816, 327247.002816
Z3, 28, 10, 720, 23040.000000, 0.066239, 347831.338033, 349088.000000, 1.000000, 2, 31.672902, 315577.373877, 315577.373877
Z3, 29, 10, 720, 35840.000000, 0.061841, 579550.783461, 587536.000000, 1.000000, 2, 31.672902, 361921.262962, 361921.262962
Z3, 30, 10, 720, 13072.000000, 0.073005, 179056.229025, 179064.000000, 1.000000, 2, 31.672902, 281822.352075, 281822.352075
Z3, 31, 10, 720, 20608.000000, 0.047142, 437147.342073, 438464.000000, 1.000000, 2, 31.672902, 333440.574685, 333440.574685
Z3, 32, 10, 720, 22584.000000, 0.072662, 310808.951034, 313664.000000, 1.000000, 2, 31.672902, 308172.896477, 308172.896477
Z3, 33, 10, 720, 14712.000000, 0.034177, 430464.932557, 432704.000000, 1.000000, 2, 31.672902, 332104.092781, 332104.092781
Z3, 34, 10, 720, 20512.000000, 0.065881, 311349.250922, 315568.000000, 1.000000, 2, 31.672902, 308280.956454, 308280.956454
Z3, 35, 10, 720, 17992.000000, 0.075333, 238832.915190, 239888.000000, 1.000000, 2, 31.672902, 293777.689308, 293777.689308
Z3, 36, 10, 720, 11464.000000, 0.032869, 348778.484286, 358248.000000, 1.000000, 2, 31.672902, 315766.803127, 315766.803127
Z3, 37, 10, 720, 22376.000000, 0.057109, 391812.148698, 392560.000000, 1.000000, 2, 31.672902, 324373.536010, 324373.536010
Z3, 38, 10, 720, 29088.000000, 0.065619, 443286.243314, 447504.000000, 1.000000, 2, 31.672902, 334668.354933, 334668.354933
