Zone, Tile_no, Seg_no, Reso, Seg_d_size, Seg_d_time, Bitrate, Bitrate1, Buf_lev, Buf_limit, Elapsed, Ref_vp, Local_avg,QoE,QoE1,Z1,Z2,Z3,delay,jitter,loss
Z1,0,1,720,9960.0,0.323961,30744.441461,30832.0,1.0,2,6.2e-05,30744.441461,30744.441461,1732420.3306769,4895283.9417299,224312.7873644,5251337.9317394,36879974.0422694,100,0,0
Z2,0,1,720,8952.0,0.324527,27584.761823,27624.0,1.0,2,6.2e-05,13792.380911,13792.380911,1732420.3306769,4895283.9417299,224312.7873644,5251337.9317394,36879974.0422694,100,0,0
Z2,1,1,720,5424.0,0.100984,53711.479046,54240.0,1.0,2,6.2e-05,17903.826349,17903.826349,1732420.3306769,4895283.9417299,224312.7873644,5251337.9317394,36879974.0422694,100,0,0
Z2,2,1,720,7080.0,0.100969,70120.532044,70800.0,1.0,2,6.2e-05,17530.133011,17530.133011,1732420.3306769,4895283.9417299,224312.7873644,5251337.9317394,36879974.0422694,100,0,0
Z2,3,1,720,18976.0,0.101022,187840.272416,187880.0,1.0,2,6.2e-05,37568.054483,37568.054483,1732420.3306769,4895283.9417299,224312.7873644,5251337.9317394,36879974.0422694,100,0,0
Z2,4,1,720,8720.0,0.100965,86366.56267,87200.0,1.0,2,6.2e-05,17273.312534,17273.312534,1732420.3306769,4895283.9417299,224312.7873644,5251337.9317394,36879974.0422694,100,0,0
Z2,5,1,720,8336.0,0.100954,82572.260634,83360.0,1.0,2,6.2e-05,16514.452127,16514.452127,1732420.3306769,4895283.9417299,224312.7873644,5251337.9317394,36879974.0422694,100,0,0
Z2,6,1,720,6376.0,0.100938,63167.488954,63760.0,1.0,2,6.2e-05,12633.497791,12633.497791,1732420.3306769,4895283.9417299,224312.7873644,5251337.9317394,36879974.0422694,100,0,0
Z2,7,1,720,6872.0,0.100976,68055.77563,68720.0,1.0,2,6.2e-05,13611.155126,13611.155126,1732420.3306769,4895283.9417299,224312.7873644,5251337.9317394,36879974.0422694,100,0,0
Z3,0,1,720,7080.0,0.324112,21844.300736,21848.0,1.0,2,6.2e-05,4368.860147,4368.860147,1732420.3306769,4895283.9417299,224312.7873644,5251337.9317394,36879974.0422694,100,0,0
Z3,1,1,720,7080.0,0.100912,70160.139528,70800.0,1.0,2,6.2e-05,14032.027906,14032.027906,1732420.3306769,4895283.9417299,224312.7873644,5251337.9317394,36879974.0422694,100,0,0
Z3,2,1,720,5664.0,0.100883,56144.246305,56640.0,1.0,2,6.2e-05,11228.849261,11228.849261,1732420.3306769,4895283.9417299,224312.7873644,5251337.9317394,36879974.0422694,100,0,0
Z3,3,1,720,7080.0,0.100931,70146.932062,70800.0,1.0,2,6.2e-05,14029.386412,14029.386412,1732420.3306769,4895283.9417299,224312.7873644,5251337.9317394,36879974.0422694,100,0,0
Z3,4,1,720,7080.0,0.100923,70152.492494,70800.0,1.0,2,6.2e-05,14030.498499,14030.498499,1732420.3306769,4895283.9417299,224312.7873644,5251337.9317394,36879974.0422694,100,0,0
Z3,5,1,720,5664.0,0.100767,56208.877906,56640.0,1.0,2,6.2e-05,11241.775581,11241.775581,1732420.3306769,4895283.9417299,224312.7873644,5251337.9317394,36879974.0422694,100,0,0
Z3,6,1,720,7080.0,0.100888,70176.829752,70800.0,1.0,2,6.2e-05,14035.36595,14035.36595,1732420.3306769,4895283.9417299,224312.7873644,5251337.9317394,36879974.0422694,100,0,0
Z3,7,1,720,7080.0,0.100895,70171.96095,70800.0,1.0,2,6.2e-05,14034.39219,14034.39219,1732420.3306769,4895283.9417299,224312.7873644,5251337.9317394,36879974.0422694,100,0,0
Z3,8,1,720,5664.0,0.100783,56199.954357,56640.0,1.0,2,6.2e-05,11239.990871,11239.990871,1732420.3306769,4895283.9417299,224312.7873644,5251337.9317394,36879974.0422694,100,0,0
Z3,9,1,720,7080.0,0.100789,70245.760946,70800.0,1.0,2,6.2e-05,14049.152189,14049.152189,1732420.3306769,4895283.9417299,224312.7873644,5251337.9317394,36879974.0422694,100,0,0
Z3,10,1,720,12904.0,0.100881,127913.085715,129040.0,1.0,2,6.2e-05,25582.617143,25582.617143,1732420.3306769,4895283.9417299,224312.7873644,5251337.9317394,36879974.0422694,100,0,0
Z3,11,1,720,17344.0,0.100861,171959.429314,173440.0,1.0,2,6.2e-05,34391.885863,34391.885863,1732420.3306769,4895283.9417299,224312.7873644,5251337.9317394,36879974.0422694,100,0,0
Z3,12,1,720,16912.0,0.100912,167591.564928,169120.0,1.0,2,6.2e-05,33518.312986,33518.312986,1732420.3306769,4895283.9417299,224312.7873644,5251337.9317394,36879974.0422694,100,0,0
Z3,13,1,720,13240.0,0.100814,131330.965937,132400.0,1.0,2,6.2e-05,26266.193187,26266.193187,1732420.3306769,4895283.9417299,224312.7873644,5251337.9317394,36879974.0422694,100,0,0
Z3,14,1,720,28328.0,0.101011,280444.704042,280472.0,1.0,2,6.2e-05,56088.940808,56088.940808,1732420.3306769,4895283.9417299,224312.7873644,5251337.9317394,36879974.0422694,100,0,0
Z3,15,1,720,30528.0,0.100937,302446.080228,305280.0,1.0,2,6.2e-05,60489.216046,60489.216046,1732420.3306769,4895283.9417299,224312.7873644,5251337.9317394,36879974.0422694,100,0,0
Z3,16,1,720,16360.0,0.10092,162108.600872,163600.0,1.0,2,6.2e-05,32421.720174,32421.720174,1732420.3306769,4895283.9417299,224312.7873644,5251337.9317394,36879974.0422694,100,0,0
Z3,17,1,720,33216.0,0.100997,328881.055873,332160.0,1.0,2,6.2e-05,65776.211175,65776.211175,1732420.3306769,4895283.9417299,224312.7873644,5251337.9317394,36879974.0422694,100,0,0
Z3,18,1,720,28000.0,0.100967,277318.331732,280000.0,1.0,2,6.2e-05,55463.666346,55463.666346,1732420.3306769,4895283.9417299,224312.7873644,5251337.9317394,36879974.0422694,100,0,0
Z3,19,1,720,15744.0,0.100908,156023.30836,157440.0,1.0,2,6.2e-05,31204.661672,31204.661672,1732420.3306769,4895283.9417299,224312.7873644,5251337.9317394,36879974.0422694,100,0,0
Z3,20,1,720,16024.0,0.100787,158988.758471,160240.0,1.0,2,6.2e-05,31797.751694,31797.751694,1732420.3306769,4895283.9417299,224312.7873644,5251337.9317394,36879974.0422694,100,0,0
Z3,21,1,720,11576.0,0.100789,114853.80349,115760.0,1.0,2,6.2e-05,22970.760698,22970.760698,1732420.3306769,4895283.9417299,224312.7873644,5251337.9317394,36879974.0422694,100,0,0
Z3,22,1,720,10816.0,0.10076,107344.1842,108160.0,1.0,2,6.2e-05,21468.83684,21468.83684,1732420.3306769,4895283.9417299,224312.7873644,5251337.9317394,36879974.0422694,100,0,0
Z3,23,1,720,13224.0,0.100931,131020.20192,132240.0,1.0,2,6.2e-05,26204.040384,26204.040384,1732420.3306769,4895283.9417299,224312.7873644,5251337.9317394,36879974.0422694,100,0,0
Z3,24,1,720,17528.0,0.100991,173560.0202,175280.0,1.0,2,6.2e-05,34712.00404,34712.00404,1732420.3306769,4895283.9417299,224312.7873644,5251337.9317394,36879974.0422694,100,0,0
Z3,25,1,720,23824.0,0.100996,235890.530318,238240.0,1.0,2,6.2e-05,47178.106064,47178.106064,1732420.3306769,4895283.9417299,224312.7873644,5251337.9317394,36879974.0422694,100,0,0
Z3,26,1,720,11024.0,0.100977,109173.376115,110240.0,1.0,2,6.2e-05,21834.675223,21834.675223,1732420.3306769,4895283.9417299,224312.7873644,5251337.9317394,36879974.0422694,100,0,0
Z3,27,1,720,15112.0,0.100976,149659.324988,151120.0,1.0,2,6.2e-05,29931.864998,29931.864998,1732420.3306769,4895283.9417299,224312.7873644,5251337.9317394,36879974.0422694,100,0,0
Z3,28,1,720,24552.0,0.101009,243067.449435,243088.0,1.0,2,6.2e-05,48613.489887,48613.489887,1732420.3306769,4895283.9417299,224312.7873644,5251337.9317394,36879974.0422694,100,0,0
Z3,29,1,720,10824.0,0.100954,107217.148404,108240.0,1.0,2,6.2e-05,21443.429681,21443.429681,1732420.3306769,4895283.9417299,224312.7873644,5251337.9317394,36879974.0422694,100,0,0
Z3,30,1,720,6872.0,0.100823,68159.05101,68720.0,1.0,2,6.2e-05,13631.810202,13631.810202,1732420.3306769,4895283.9417299,224312.7873644,5251337.9317394,36879974.0422694,100,0,0
Z3,31,1,720,6872.0,0.100888,68115.137578,68720.0,1.0,2,6.2e-05,13623.027516,13623.027516,1732420.3306769,4895283.9417299,224312.7873644,5251337.9317394,36879974.0422694,100,0,0
Z3,32,1,720,6376.0,0.10089,63197.541877,63760.0,1.0,2,6.2e-05,12639.508375,12639.508375,1732420.3306769,4895283.9417299,224312.7873644,5251337.9317394,36879974.0422694,100,0,0
Z3,33,1,720,6872.0,0.100867,68129.318806,68720.0,1.0,2,6.2e-05,13625.863761,13625.863761,1732420.3306769,4895283.9417299,224312.7873644,5251337.9317394,36879974.0422694,100,0,0
Z3,34,1,720,6872.0,0.100751,68207.759724,68720.0,1.0,2,6.2e-05,13641.551945,13641.551945,1732420.3306769,4895283.9417299,224312.7873644,5251337.9317394,36879974.0422694,100,0,0
Z3,35,1,720,6376.0,0.100799,63254.59578,63760.0,1.0,2,6.2e-05,12650.919156,12650.919156,1732420.3306769,4895283.9417299,224312.7873644,5251337.9317394,36879974.0422694,100,0,0
Z3,36,1,720,6872.0,0.100874,68124.591074,68720.0,1.0,2,6.2e-05,13624.918215,13624.918215,1732420.3306769,4895283.9417299,224312.7873644,5251337.9317394,36879974.0422694,100,0,0
Z3,37,1,720,6872.0,0.100862,68132.696159,68720.0,1.0,2,6.2e-05,13626.539232,13626.539232,1732420.3306769,4895283.9417299,224312.7873644,5251337.9317394,36879974.0422694,100,0,0
Z3,38,1,720,6376.0,0.100871,63209.445728,63760.0,1.0,2,6.2e-05,12641.889146,12641.889146,1732420.3306769,4895283.9417299,224312.7873644,5251337.9317394,36879974.0422694,100,0,0
Z1,0,2,720,9320.0,0.321709,28970.280595,29032.0,1.0,2,5.520241,18435.945265,18435.945265,1732420.3306769,4895283.9417299,224312.7873644,5251337.9317394,36879974.0422694,100,0,0
Z2,0,2,720,6624.0,0.322661,20529.286155,20568.0,1.0,2,5.520241,16747.746377,16747.746377,1732420.3306769,4895283.9417299,224312.7873644,5251337.9317394,36879974.0422694,100,0,0
Z2,1,2,720,5424.0,0.100948,53730.633594,54240.0,1.0,2,5.520241,23388.015864,23388.015864,1732420.3306769,4895283.9417299,224312.7873644,5251337.9317394,36879974.0422694,100,0,0
Z2,2,2,720,7080.0,0.10096,70126.782884,70800.0,1.0,2,5.520241,26667.245722,26667.245722,1732420.3306769,4895283.9417299,224312.7873644,5251337.9317394,36879974.0422694,100,0,0
Z2,3,2,720,18392.0,0.101083,181949.487055,182096.0,1.0,2,5.520241,49031.786557,49031.786557,1732420.3306769,4895283.9417299,224312.7873644,5251337.9317394,36879974.0422694,100,0,0
Z2,4,2,720,9160.0,0.101034,90662.549241,90688.0,1.0,2,5.520241,30774.398994,30774.398994,1732420.3306769,4895283.9417299,224312.7873644,5251337.9317394,36879974.0422694,100,0,0
Z2,5,2,720,8048.0,0.101043,79649.258237,79680.0,1.0,2,5.520241,28571.740793,28571.740793,1732420.3306769,4895283.9417299,224312.7873644,5251337.9317394,36879974.0422694,100,0,0
Z2,6,2,720,6376.0,0.10098,63141.216082,63760.0,1.0,2,5.520241,25270.132362,25270.132362,1732420.3306769,4895283.9417299,224312.7873644,5251337.9317394,36879974.0422694,100,0,0
Z2,7,2,720,6872.0,0.101002,68038.256668,68032.0,1.0,2,5.520241,26249.540479,26249.540479,1732420.3306769,4895283.9417299,224312.7873644,5251337.9317394,36879974.0422694,100,0,0
Z3,0,2,720,7080.0,0.324128,21843.222431,21848.0,1.0,2,5.520241,17010.533632,17010.533632,1732420.3306769,4895283.9417299,224312.7873644,5251337.9317394,36879974.0422694,100,0,0
Z3,1,2,720,7080.0,0.100933,70145.542092,70800.0,1.0,2,5.520241,26670.997564,26670.997564,1732420.3306769,4895283.9417299,224312.7873644,5251337.9317394,36879974.0422694,100,0,0
Z3,2,2,720,5664.0,0.100954,56104.760584,56640.0,1.0,2,5.520241,23862.841262,23862.841262,1732420.3306769,4895283.9417299,224312.7873644,5251337.9317394,36879974.0422694,100,0,0
Z3,3,2,720,7080.0,0.100947,70135.813843,70800.0,1.0,2,5.520241,26669.051914,26669.051914,1732420.3306769,4895283.9417299,224312.7873644,5251337.9317394,36879974.0422694,100,0,0
Z3,4,2,720,7080.0,0.100893,70173.351967,70800.0,1.0,2,5.520241,26676.559539,26676.559539,1732420.3306769,4895283.9417299,224312.7873644,5251337.9317394,36879974.0422694,100,0,0
Z3,5,2,720,5664.0,0.100848,56163.731556,56640.0,1.0,2,5.520241,23874.635457,23874.635457,1732420.3306769,4895283.9417299,224312.7873644,5251337.9317394,36879974.0422694,100,0,0
Z3,6,2,720,7080.0,0.100838,70211.626569,70800.0,1.0,2,5.520241,26684.214459,26684.214459,1732420.3306769,4895283.9417299,224312.7873644,5251337.9317394,36879974.0422694,100,0,0
Z3,7,2,720,7080.0,0.100845,70206.752938,70800.0,1.0,2,5.520241,26683.239733,26683.239733,1732420.3306769,4895283.9417299,224312.7873644,5251337.9317394,36879974.0422694,100,0,0
Z3,8,2,720,5664.0,0.100849,56163.174647,56640.0,1.0,2,5.520241,23874.524075,23874.524075,1732420.3306769,4895283.9417299,224312.7873644,5251337.9317394,36879974.0422694,100,0,0
Z3,9,2,720,7080.0,0.100913,70159.444274,70800.0,1.0,2,5.520241,26673.778,26673.778,1732420.3306769,4895283.9417299,224312.7873644,5251337.9317394,36879974.0422694,100,0,0
Z3,10,2,720,12648.0,0.100922,125324.508036,126480.0,1.0,2,5.520241,37706.790753,37706.790753,1732420.3306769,4895283.9417299,224312.7873644,5251337.9317394,36879974.0422694,100,0,0
Z3,11,2,720,17112.0,0.101009,169410.646576,169424.0,1.0,2,5.520241,46524.018461,46524.018461,1732420.3306769,4895283.9417299,224312.7873644,5251337.9317394,36879974.0422694,100,0,0
Z3,12,2,720,15320.0,0.101029,151639.628226,151680.0,1.0,2,5.520241,42969.814791,42969.814791,1732420.3306769,4895283.9417299,224312.7873644,5251337.9317394,36879974.0422694,100,0,0
Z3,13,2,720,10704.0,0.100991,105989.642641,107040.0,1.0,2,5.520241,33839.817674,33839.817674,1732420.3306769,4895283.9417299,224312.7873644,5251337.9317394,36879974.0422694,100,0,0
Z3,14,2,720,18776.0,0.100922,186044.66816,187760.0,1.0,2,5.520241,49850.822777,49850.822777,1732420.3306769,4895283.9417299,224312.7873644,5251337.9317394,36879974.0422694,100,0,0
Z3,15,2,720,21848.0,0.100994,216329.682951,218480.0,1.0,2,5.520241,55907.825736,55907.825736,1732420.3306769,4895283.9417299,224312.7873644,5251337.9317394,36879974.0422694,100,0,0
Z3,16,2,720,12752.0,0.100951,126318.709077,127520.0,1.0,2,5.520241,37905.630961,37905.630961,1732420.3306769,4895283.9417299,224312.7873644,5251337.9317394,36879974.0422694,100,0,0
Z3,17,2,720,21856.0,0.100887,216638.417239,218560.0,1.0,2,5.520241,55969.572593,55969.572593,1732420.3306769,4895283.9417299,224312.7873644,5251337.9317394,36879974.0422694,100,0,0
Z3,18,2,720,16880.0,0.100902,167291.034866,168800.0,1.0,2,5.520241,46100.096119,46100.096119,1732420.3306769,4895283.9417299,224312.7873644,5251337.9317394,36879974.0422694,100,0,0
Z3,19,2,720,12128.0,0.100897,120201.789944,121280.0,1.0,2,5.520241,36682.247134,36682.247134,1732420.3306769,4895283.9417299,224312.7873644,5251337.9317394,36879974.0422694,100,0,0
Z3,20,2,720,15344.0,0.100936,152017.119759,153440.0,1.0,2,5.520241,43045.313097,43045.313097,1732420.3306769,4895283.9417299,224312.7873644,5251337.9317394,36879974.0422694,100,0,0
Z3,21,2,720,11592.0,0.100897,114889.441708,115920.0,1.0,2,5.520241,35619.777487,35619.777487,1732420.3306769,4895283.9417299,224312.7873644,5251337.9317394,36879974.0422694,100,0,0
Z3,22,2,720,9952.0,0.100882,98649.907813,99520.0,1.0,2,5.520241,32371.870708,32371.870708,1732420.3306769,4895283.9417299,224312.7873644,5251337.9317394,36879974.0422694,100,0,0
Z3,23,2,720,11064.0,0.100973,109573.846474,110640.0,1.0,2,5.520241,34556.65844,34556.65844,1732420.3306769,4895283.9417299,224312.7873644,5251337.9317394,36879974.0422694,100,0,0
Z3,24,2,720,14728.0,0.100966,145870.887229,147280.0,1.0,2,5.520241,41816.066591,41816.066591,1732420.3306769,4895283.9417299,224312.7873644,5251337.9317394,36879974.0422694,100,0,0
Z3,25,2,720,16264.0,0.100912,161170.128429,162640.0,1.0,2,5.520241,44875.914831,44875.914831,1732420.3306769,4895283.9417299,224312.7873644,5251337.9317394,36879974.0422694,100,0,0
Z3,26,2,720,9504.0,0.100908,94184.801998,95040.0,1.0,2,5.520241,31478.849545,31478.849545,1732420.3306769,4895283.9417299,224312.7873644,5251337.9317394,36879974.0422694,100,0,0
Z3,27,2,720,12688.0,0.10094,125698.434714,126880.0,1.0,2,5.520241,37781.576088,37781.576088,1732420.3306769,4895283.9417299,224312.7873644,5251337.9317394,36879974.0422694,100,0,0
Z3,28,2,720,17320.0,0.101009,171469.869022,171480.0,1.0,2,5.520241,46935.86295,46935.86295,1732420.3306769,4895283.9417299,224312.7873644,5251337.9317394,36879974.0422694,100,0,0
Z3,29,2,720,10632.0,0.101037,105228.777577,105264.0,1.0,2,5.520241,33687.644661,33687.644661,1732420.3306769,4895283.9417299,224312.7873644,5251337.9317394,36879974.0422694,100,0,0
Z3,30,2,720,6872.0,0.100982,68051.731992,68720.0,1.0,2,5.520241,26252.235544,26252.235544,1732420.3306769,4895283.9417299,224312.7873644,5251337.9317394,36879974.0422694,100,0,0
Z3,31,2,720,6872.0,0.10103,68019.400178,68032.0,1.0,2,5.520241,26245.769181,26245.769181,1732420.3306769,4895283.9417299,224312.7873644,5251337.9317394,36879974.0422694,100,0,0
Z3,32,2,720,6376.0,0.100941,63165.611595,63760.0,1.0,2,5.520241,25275.011465,25275.011465,1732420.3306769,4895283.9417299,224312.7873644,5251337.9317394,36879974.0422694,100,0,0
Z3,33,2,720,6872.0,0.101006,68035.562244,68032.0,1.0,2,5.520241,26249.001594,26249.001594,1732420.3306769,4895283.9417299,224312.7873644,5251337.9317394,36879974.0422694,100,0,0
Z3,34,2,720,6872.0,0.101008,68034.215112,68032.0,1.0,2,5.520241,26248.732168,26248.732168,1732420.3306769,4895283.9417299,224312.7873644,5251337.9317394,36879974.0422694,100,0,0
Z3,35,2,720,6376.0,0.100997,63130.588037,63760.0,1.0,2,5.520241,25268.006753,25268.006753,1732420.3306769,4895283.9417299,224312.7873644,5251337.9317394,36879974.0422694,100,0,0
Z3,36,2,720,6872.0,0.10101,68032.868033,68032.0,1.0,2,5.520241,26248.462752,26248.462752,1732420.3306769,4895283.9417299,224312.7873644,5251337.9317394,36879974.0422694,100,0,0
Z3,37,2,720,6872.0,0.100958,68067.909428,68720.0,1.0,2,5.520241,26255.471031,26255.471031,1732420.3306769,4895283.9417299,224312.7873644,5251337.9317394,36879974.0422694,100,0,0
Z3,38,2,720,6376.0,0.100901,63190.652223,63760.0,1.0,2,5.520241,25280.01959,25280.01959,1732420.3306769,4895283.9417299,224312.7873644,5251337.9317394,36879974.0422694,100,0,0
Z1,0,3,720,15304.0,0.322931,47390.928712,47520.0,1.0,2,11.03875,34758.205333,34758.205333,1732420.3306769,4895283.9417299,224312.7873644,5251337.9317394,36879974.0422694,100,0,0
Z2,0,3,720,6624.0,0.323573,20471.423759,20504.0,1.0,2,11.03875,29374.304342,29374.304342,1732420.3306769,4895283.9417299,224312.7873644,5251337.9317394,36879974.0422694,100,0,0
Z2,1,3,720,5664.0,0.100842,56167.073243,56640.0,1.0,2,11.03875,36513.434239,36513.434239,1732420.3306769,4895283.9417299,224312.7873644,5251337.9317394,36879974.0422694,100,0,0
Z2,2,3,720,7080.0,0.100917,70156.663397,70800.0,1.0,2,11.03875,39311.35227,39311.35227,1732420.3306769,4895283.9417299,224312.7873644,5251337.9317394,36879974.0422694,100,0,0
Z2,3,3,720,7080.0,0.100865,70192.832003,70800.0,1.0,2,11.03875,39318.585991,39318.585991,1732420.3306769,4895283.9417299,224312.7873644,5251337.9317394,36879974.0422694,100,0,0
Z2,4,3,720,12544.0,0.101,124198.019802,124192.0,1.0,2,11.03875,50119.623551,50119.623551,1732420.3306769,4895283.9417299,224312.7873644,5251337.9317394,36879974.0422694,100,0,0
Z2,5,3,720,18632.0,0.101015,184447.854279,184472.0,1.0,2,11.03875,62169.590446,62169.590446,1732420.3306769,4895283.9417299,224312.7873644,5251337.9317394,36879974.0422694,100,0,0
Z2,6,3,720,10240.0,0.100941,101445.398797,102400.0,1.0,2,11.03875,45569.09935,45569.09935,1732420.3306769,4895283.9417299,224312.7873644,5251337.9317394,36879974.0422694,100,0,0
Z2,7,3,720,8424.0,0.100901,83487.775146,84240.0,1.0,2,11.03875,41977.574619,41977.574619,1732420.3306769,4895283.9417299,224312.7873644,5251337.9317394,36879974.0422694,100,0,0
Z3,0,3,720,5424.0,0.322202,16834.159937,16840.0,1.0,2,11.03875,28646.851578,28646.851578,1732420.3306769,4895283.9417299,224312.7873644,5251337.9317394,36879974.0422694,100,0,0
Z3,1,3,720,7080.0,0.100764,70263.189234,70800.0,1.0,2,11.03875,39332.657437,39332.657437,1732420.3306769,4895283.9417299,224312.7873644,5251337.9317394,36879974.0422694,100,0,0
Z3,2,3,720,7080.0,0.101011,70091.376187,70096.0,1.0,2,11.03875,39298.294828,39298.294828,1732420.3306769,4895283.9417299,224312.7873644,5251337.9317394,36879974.0422694,100,0,0
Z3,3,3,720,5664.0,0.10097,56095.87006,56640.0,1.0,2,11.03875,36499.193602,36499.193602,1732420.3306769,4895283.9417299,224312.7873644,5251337.9317394,36879974.0422694,100,0,0
Z3,4,3,720,7080.0,0.100839,70210.930295,70800.0,1.0,2,11.03875,39322.205649,39322.205649,1732420.3306769,4895283.9417299,224312.7873644,5251337.9317394,36879974.0422694,100,0,0
Z3,5,3,720,7080.0,0.100813,70229.037922,70800.0,1.0,2,11.03875,39325.827175,39325.827175,1732420.3306769,4895283.9417299,224312.7873644,5251337.9317394,36879974.0422694,100,0,0
Z3,6,3,720,5664.0,0.100997,56080.873689,56640.0,1.0,2,11.03875,36496.194328,36496.194328,1732420.3306769,4895283.9417299,224312.7873644,5251337.9317394,36879974.0422694,100,0,0
Z3,7,3,720,7080.0,0.100858,70197.703702,70800.0,1.0,2,11.03875,39319.560331,39319.560331,1732420.3306769,4895283.9417299,224312.7873644,5251337.9317394,36879974.0422694,100,0,0
Z3,8,3,720,7080.0,0.101089,70037.29387,70096.0,1.0,2,11.03875,39287.478364,39287.478364,1732420.3306769,4895283.9417299,224312.7873644,5251337.9317394,36879974.0422694,100,0,0
Z3,9,3,720,14120.0,0.100982,139826.899844,141200.0,1.0,2,11.03875,53245.399559,53245.399559,1732420.3306769,4895283.9417299,224312.7873644,5251337.9317394,36879974.0422694,100,0,0
Z3,10,3,720,17536.0,0.10101,173606.573607,173616.0,1.0,2,11.03875,60001.334312,60001.334312,1732420.3306769,4895283.9417299,224312.7873644,5251337.9317394,36879974.0422694,100,0,0
Z3,11,3,720,16008.0,0.101168,158231.851969,158488.0,1.0,2,11.03875,56926.389984,56926.389984,1732420.3306769,4895283.9417299,224312.7873644,5251337.9317394,36879974.0422694,100,0,0
Z3,12,3,720,10896.0,0.10097,107913.241557,108960.0,1.0,2,11.03875,46862.667902,46862.667902,1732420.3306769,4895283.9417299,224312.7873644,5251337.9317394,36879974.0422694,100,0,0
Z3,13,3,720,19720.0,0.101011,195226.262486,195240.0,1.0,2,11.03875,64325.272087,64325.272087,1732420.3306769,4895283.9417299,224312.7873644,5251337.9317394,36879974.0422694,100,0,0
Z3,14,3,720,20104.0,0.101209,198638.461006,199048.0,1.0,2,11.03875,65007.711792,65007.711792,1732420.3306769,4895283.9417299,224312.7873644,5251337.9317394,36879974.0422694,100,0,0
Z3,15,3,720,12504.0,0.101028,123767.668369,123800.0,1.0,2,11.03875,50033.553264,50033.553264,1732420.3306769,4895283.9417299,224312.7873644,5251337.9317394,36879974.0422694,100,0,0
Z3,16,3,720,23072.0,0.101176,228038.269945,228432.0,1.0,2,11.03875,70887.673579,70887.673579,1732420.3306769,4895283.9417299,224312.7873644,5251337.9317394,36879974.0422694,100,0,0
Z3,17,3,720,18112.0,0.101146,179067.882071,179320.0,1.0,2,11.03875,61093.596005,61093.596005,1732420.3306769,4895283.9417299,224312.7873644,5251337.9317394,36879974.0422694,100,0,0
Z3,18,3,720,9664.0,0.101029,95655.702818,95680.0,1.0,2,11.03875,44411.160154,44411.160154,1732420.3306769,4895283.9417299,224312.7873644,5251337.9317394,36879974.0422694,100,0,0
Z3,19,3,720,12280.0,0.100965,121626.306146,122800.0,1.0,2,11.03875,49605.280819,49605.280819,1732420.3306769,4895283.9417299,224312.7873644,5251337.9317394,36879974.0422694,100,0,0
Z3,20,3,720,10368.0,0.100929,102725.678447,103680.0,1.0,2,11.03875,45825.15528,45825.15528,1732420.3306769,4895283.9417299,224312.7873644,5251337.9317394,36879974.0422694,100,0,0
Z3,21,3,720,10520.0,0.10098,104179.045356,105200.0,1.0,2,11.03875,46115.828661,46115.828661,1732420.3306769,4895283.9417299,224312.7873644,5251337.9317394,36879974.0422694,100,0,0
Z3,22,3,720,15288.0,0.100887,151535.876773,152880.0,1.0,2,11.03875,55587.194945,55587.194945,1732420.3306769,4895283.9417299,224312.7873644,5251337.9317394,36879974.0422694,100,0,0
Z3,23,3,720,16344.0,0.100982,161850.626844,163440.0,1.0,2,11.03875,57650.144959,57650.144959,1732420.3306769,4895283.9417299,224312.7873644,5251337.9317394,36879974.0422694,100,0,0
Z3,24,3,720,9016.0,0.10086,89391.235376,90160.0,1.0,2,11.03875,43158.266665,43158.266665,1732420.3306769,4895283.9417299,224312.7873644,5251337.9317394,36879974.0422694,100,0,0
Z3,25,3,720,13800.0,0.100933,136724.361705,138000.0,1.0,2,11.03875,52624.891931,52624.891931,1732420.3306769,4895283.9417299,224312.7873644,5251337.9317394,36879974.0422694,100,0,0
Z3,26,3,720,17664.0,0.10109,174735.384311,174888.0,1.0,2,11.03875,60227.096452,60227.096452,1732420.3306769,4895283.9417299,224312.7873644,5251337.9317394,36879974.0422694,100,0,0
Z3,27,3,720,9896.0,0.100948,98030.669255,98960.0,1.0,2,11.03875,44886.153441,44886.153441,1732420.3306769,4895283.9417299,224312.7873644,5251337.9317394,36879974.0422694,100,0,0
Z3,28,3,720,6376.0,0.100893,63195.662732,63760.0,1.0,2,11.03875,37919.152137,37919.152137,1732420.3306769,4895283.9417299,224312.7873644,5251337.9317394,36879974.0422694,100,0,0
Z3,29,3,720,6872.0,0.10102,68026.133439,68032.0,1.0,2,11.03875,38885.246278,38885.246278,1732420.3306769,4895283.9417299,224312.7873644,5251337.9317394,36879974.0422694,100,0,0
Z3,30,3,720,6872.0,0.101073,67990.462339,68032.0,1.0,2,11.03875,38878.112058,38878.112058,1732420.3306769,4895283.9417299,224312.7873644,5251337.9317394,36879974.0422694,100,0,0
Z3,31,3,720,6376.0,0.100998,63129.96297,63760.0,1.0,2,11.03875,37906.012184,37906.012184,1732420.3306769,4895283.9417299,224312.7873644,5251337.9317394,36879974.0422694,100,0,0
Z3,32,3,720,6872.0,0.10097,68059.819748,68720.0,1.0,2,11.03875,38891.98354,38891.98354,1732420.3306769,4895283.9417299,224312.7873644,5251337.9317394,36879974.0422694,100,0,0
Z3,33,3,720,6872.0,0.101069,67993.153192,68032.0,1.0,2,11.03875,38878.650229,38878.650229,1732420.3306769,4895283.9417299,224312.7873644,5251337.9317394,36879974.0422694,100,0,0
Z3,34,3,720,6376.0,0.101097,63068.142477,63128.0,1.0,2,11.03875,37893.648086,37893.648086,1732420.3306769,4895283.9417299,224312.7873644,5251337.9317394,36879974.0422694,100,0,0
Z3,35,3,720,6872.0,0.101029,68020.073444,68032.0,1.0,2,11.03875,38884.034279,38884.034279,1732420.3306769,4895283.9417299,224312.7873644,5251337.9317394,36879974.0422694,100,0,0
Z3,36,3,720,6872.0,0.101055,68002.572856,68032.0,1.0,2,11.03875,38880.534162,38880.534162,1732420.3306769,4895283.9417299,224312.7873644,5251337.9317394,36879974.0422694,100,0,0
Z3,37,3,720,6376.0,0.101003,63126.837817,63128.0,1.0,2,11.03875,37905.387154,37905.387154,1732420.3306769,4895283.9417299,224312.7873644,5251337.9317394,36879974.0422694,100,0,0
Z3,38,3,720,6872.0,0.100977,68055.101657,68720.0,1.0,2,11.03875,38891.039922,38891.039922,1732420.3306769,4895283.9417299,224312.7873644,5251337.9317394,36879974.0422694,100,0,0
Z1,0,4,720,7200.0,0.321542,22392.098077,22424.0,1.0,2,16.559404,43369.459537,43369.459537,1732420.3306769,4895283.9417299,224312.7873644,5251337.9317394,36879974.0422694,100,0,0
Z2,0,4,720,6624.0,0.324503,20412.754273,20440.0,1.0,2,16.559404,42973.590776,42973.590776,1732420.3306769,4895283.9417299,224312.7873644,5251337.9317394,36879974.0422694,100,0,0
Z2,1,4,720,6648.0,0.100906,65883.099122,66480.0,1.0,2,16.559404,52067.659746,52067.659746,1732420.3306769,4895283.9417299,224312.7873644,5251337.9317394,36879974.0422694,100,0,0
Z2,2,4,720,7296.0,0.100869,72331.439788,72960.0,1.0,2,16.559404,53357.327879,53357.327879,1732420.3306769,4895283.9417299,224312.7873644,5251337.9317394,36879974.0422694,100,0,0
Z2,3,4,720,17272.0,0.100955,171086.127483,172720.0,1.0,2,16.559404,73108.265418,73108.265418,1732420.3306769,4895283.9417299,224312.7873644,5251337.9317394,36879974.0422694,100,0,0
Z2,4,4,720,22592.0,0.101049,223574.701382,223680.0,1.0,2,16.559404,83605.980198,83605.980198,1732420.3306769,4895283.9417299,224312.7873644,5251337.9317394,36879974.0422694,100,0,0
Z2,5,4,720,17472.0,0.10101,172972.972973,172984.0,1.0,2,16.559404,73485.634516,73485.634516,1732420.3306769,4895283.9417299,224312.7873644,5251337.9317394,36879974.0422694,100,0,0
Z2,6,4,720,6424.0,0.10077,63749.131686,64240.0,1.0,2,16.559404,51640.866259,51640.866259,1732420.3306769,4895283.9417299,224312.7873644,5251337.9317394,36879974.0422694,100,0,0
Z2,7,4,720,6872.0,0.100805,68171.221666,68720.0,1.0,2,16.559404,52525.284255,52525.284255,1732420.3306769,4895283.9417299,224312.7873644,5251337.9317394,36879974.0422694,100,0,0
Z3,0,4,720,6448.0,0.323968,19903.200316,19960.0,1.0,2,16.559404,42871.679985,42871.679985,1732420.3306769,4895283.9417299,224312.7873644,5251337.9317394,36879974.0422694,100,0,0
Z3,1,4,720,7448.0,0.100996,73745.494871,74480.0,1.0,2,16.559404,53640.138896,53640.138896,1732420.3306769,4895283.9417299,224312.7873644,5251337.9317394,36879974.0422694,100,0,0
Z3,2,4,720,7424.0,0.102916,72136.49967,72784.0,1.0,2,16.559404,53318.339856,53318.339856,1732420.3306769,4895283.9417299,224312.7873644,5251337.9317394,36879974.0422694,100,0,0
Z3,3,4,720,6648.0,0.10102,65808.750742,65816.0,1.0,2,16.559404,52052.79007,52052.79007,1732420.3306769,4895283.9417299,224312.7873644,5251337.9317394,36879974.0422694,100,0,0
Z3,4,4,720,7224.0,0.101041,71495.729456,71520.0,1.0,2,16.559404,53190.185813,53190.185813,1732420.3306769,4895283.9417299,224312.7873644,5251337.9317394,36879974.0422694,100,0,0
Z3,5,4,720,7240.0,0.100996,71686.007367,72400.0,1.0,2,16.559404,53228.241395,53228.241395,1732420.3306769,4895283.9417299,224312.7873644,5251337.9317394,36879974.0422694,100,0,0
Z3,6,4,720,6648.0,0.101233,65670.285381,65816.0,1.0,2,16.559404,52025.096998,52025.096998,1732420.3306769,4895283.9417299,224312.7873644,5251337.9317394,36879974.0422694,100,0,0
Z3,7,4,720,7232.0,0.101104,71530.305428,71600.0,1.0,2,16.559404,53197.101007,53197.101007,1732420.3306769,4895283.9417299,224312.7873644,5251337.9317394,36879974.0422694,100,0,0
Z3,8,4,720,7296.0,0.101038,72210.455472,72232.0,1.0,2,16.559404,53333.131016,53333.131016,1732420.3306769,4895283.9417299,224312.7873644,5251337.9317394,36879974.0422694,100,0,0
Z3,9,4,720,16456.0,0.101049,162851.685816,162928.0,1.0,2,16.559404,71461.377085,71461.377085,1732420.3306769,4895283.9417299,224312.7873644,5251337.9317394,36879974.0422694,100,0,0
Z3,10,4,720,25392.0,0.101205,250896.694827,251400.0,1.0,2,16.559404,89070.378887,89070.378887,1732420.3306769,4895283.9417299,224312.7873644,5251337.9317394,36879974.0422694,100,0,0
Z3,11,4,720,21592.0,0.101108,213553.823634,213776.0,1.0,2,16.559404,81601.804648,81601.804648,1732420.3306769,4895283.9417299,224312.7873644,5251337.9317394,36879974.0422694,100,0,0
Z3,12,4,720,13528.0,0.101062,133858.423542,133936.0,1.0,2,16.559404,65662.72463,65662.72463,1732420.3306769,4895283.9417299,224312.7873644,5251337.9317394,36879974.0422694,100,0,0
Z3,13,4,720,29512.0,0.101345,291203.315408,292192.0,1.0,2,16.559404,97131.703003,97131.703003,1732420.3306769,4895283.9417299,224312.7873644,5251337.9317394,36879974.0422694,100,0,0
Z3,14,4,720,29688.0,0.101212,293324.902186,293936.0,1.0,2,16.559404,97556.020359,97556.020359,1732420.3306769,4895283.9417299,224312.7873644,5251337.9317394,36879974.0422694,100,0,0
Z3,15,4,720,16760.0,0.10106,165842.074015,165936.0,1.0,2,16.559404,72059.454725,72059.454725,1732420.3306769,4895283.9417299,224312.7873644,5251337.9317394,36879974.0422694,100,0,0
Z3,16,4,720,33128.0,0.101091,327704.741273,328000.0,1.0,2,16.559404,104431.988176,104431.988176,1732420.3306769,4895283.9417299,224312.7873644,5251337.9317394,36879974.0422694,100,0,0
Z3,17,4,720,26248.0,0.101101,259621.566552,259880.0,1.0,2,16.559404,90815.353232,90815.353232,1732420.3306769,4895283.9417299,224312.7873644,5251337.9317394,36879974.0422694,100,0,0
Z3,18,4,720,26240.0,0.100862,260157.442843,262400.0,1.0,2,16.559404,90922.52849,90922.52849,1732420.3306769,4895283.9417299,224312.7873644,5251337.9317394,36879974.0422694,100,0,0
Z3,19,4,720,14624.0,0.100997,144796.38009,146240.0,1.0,2,16.559404,67850.31594,67850.31594,1732420.3306769,4895283.9417299,224312.7873644,5251337.9317394,36879974.0422694,100,0,0
Z3,20,4,720,26816.0,0.101161,265082.393412,265504.0,1.0,2,16.559404,91907.518604,91907.518604,1732420.3306769,4895283.9417299,224312.7873644,5251337.9317394,36879974.0422694,100,0,0
Z3,21,4,720,23128.0,0.10099,229012.773542,231280.0,1.0,2,16.559404,84693.59463,84693.59463,1732420.3306769,4895283.9417299,224312.7873644,5251337.9317394,36879974.0422694,100,0,0
Z3,22,4,720,19440.0,0.100973,192526.715062,194400.0,1.0,2,16.559404,77396.382934,77396.382934,1732420.3306769,4895283.9417299,224312.7873644,5251337.9317394,36879974.0422694,100,0,0
Z3,23,4,720,29088.0,0.101003,287991.445799,288000.0,1.0,2,16.559404,96489.329081,96489.329081,1732420.3306769,4895283.9417299,224312.7873644,5251337.9317394,36879974.0422694,100,0,0
Z3,24,4,720,29840.0,0.101136,295048.251859,295440.0,1.0,2,16.559404,97900.690293,97900.690293,1732420.3306769,4895283.9417299,224312.7873644,5251337.9317394,36879974.0422694,100,0,0
Z3,25,4,720,17200.0,0.101045,170221.188579,170296.0,1.0,2,16.559404,72935.277637,72935.277637,1732420.3306769,4895283.9417299,224312.7873644,5251337.9317394,36879974.0422694,100,0,0
Z3,26,4,720,25664.0,0.100981,254146.819699,256640.0,1.0,2,16.559404,89720.403861,89720.403861,1732420.3306769,4895283.9417299,224312.7873644,5251337.9317394,36879974.0422694,100,0,0
Z3,27,4,720,26808.0,0.101107,265144.846549,265424.0,1.0,2,16.559404,91920.009231,91920.009231,1732420.3306769,4895283.9417299,224312.7873644,5251337.9317394,36879974.0422694,100,0,0
Z3,28,4,720,12720.0,0.101073,125849.633433,125936.0,1.0,2,16.559404,64060.966608,64060.966608,1732420.3306769,4895283.9417299,224312.7873644,5251337.9317394,36879974.0422694,100,0,0
Z3,29,4,720,11496.0,0.101042,113774.470022,113816.0,1.0,2,16.559404,61645.933926,61645.933926,1732420.3306769,4895283.9417299,224312.7873644,5251337.9317394,36879974.0422694,100,0,0
Z3,30,4,720,6448.0,0.10094,63879.532395,64480.0,1.0,2,16.559404,51666.946401,51666.946401,1732420.3306769,4895283.9417299,224312.7873644,5251337.9317394,36879974.0422694,100,0,0
Z3,31,4,720,7200.0,0.100904,71354.951241,72000.0,1.0,2,16.559404,53162.03017,53162.03017,1732420.3306769,4895283.9417299,224312.7873644,5251337.9317394,36879974.0422694,100,0,0
Z3,32,4,720,7520.0,0.101012,74446.600404,74448.0,1.0,2,16.559404,53780.360002,53780.360002,1732420.3306769,4895283.9417299,224312.7873644,5251337.9317394,36879974.0422694,100,0,0
Z3,33,4,720,6728.0,0.101004,66611.223318,66608.0,1.0,2,16.559404,52213.284585,52213.284585,1732420.3306769,4895283.9417299,224312.7873644,5251337.9317394,36879974.0422694,100,0,0
Z3,34,4,720,7224.0,0.100999,71525.460648,72240.0,1.0,2,16.559404,53196.132051,53196.132051,1732420.3306769,4895283.9417299,224312.7873644,5251337.9317394,36879974.0422694,100,0,0
Z3,35,4,720,7256.0,0.10099,71848.697891,72560.0,1.0,2,16.559404,53260.7795,53260.7795,1732420.3306769,4895283.9417299,224312.7873644,5251337.9317394,36879974.0422694,100,0,0
Z3,36,4,720,6544.0,0.100879,64869.794506,65440.0,1.0,2,16.559404,51864.998823,51864.998823,1732420.3306769,4895283.9417299,224312.7873644,5251337.9317394,36879974.0422694,100,0,0
Z3,37,4,720,12272.0,0.101028,121471.27529,121504.0,1.0,2,16.559404,63185.29498,63185.29498,1732420.3306769,4895283.9417299,224312.7873644,5251337.9317394,36879974.0422694,100,0,0
Z3,38,4,720,8544.0,0.101027,84571.451196,84592.0,1.0,2,16.559404,55805.330161,55805.330161,1732420.3306769,4895283.9417299,224312.7873644,5251337.9317394,36879974.0422694,100,0,0
Z1,0,5,720,8792.0,0.322399,27270.55605,27304.0,1.0,2,22.085275,61259.441371,61259.441371,1732420.3306769,4895283.9417299,224312.7873644,5251337.9317394,36879974.0422694,100,0,0
Z2,0,5,720,6624.0,0.322915,20513.138132,20568.0,1.0,2,22.085275,59907.957787,59907.957787,1732420.3306769,4895283.9417299,224312.7873644,5251337.9317394,36879974.0422694,100,0,0
Z2,1,5,720,7616.0,0.10092,75465.715418,76160.0,1.0,2,22.085275,70898.473244,70898.473244,1732420.3306769,4895283.9417299,224312.7873644,5251337.9317394,36879974.0422694,100,0,0
Z2,2,5,720,8816.0,0.100892,87380.565357,88160.0,1.0,2,22.085275,73281.443232,73281.443232,1732420.3306769,4895283.9417299,224312.7873644,5251337.9317394,36879974.0422694,100,0,0
Z2,3,5,720,14976.0,0.101037,148222.928234,148272.0,1.0,2,22.085275,85449.915808,85449.915808,1732420.3306769,4895283.9417299,224312.7873644,5251337.9317394,36879974.0422694,100,0,0
Z2,4,5,720,20272.0,0.101087,200540.1288,200712.0,1.0,2,22.085275,95913.355921,95913.355921,1732420.3306769,4895283.9417299,224312.7873644,5251337.9317394,36879974.0422694,100,0,0
Z2,5,5,720,21272.0,0.101032,210547.153377,210608.0,1.0,2,22.085275,97914.760836,97914.760836,1732420.3306769,4895283.9417299,224312.7873644,5251337.9317394,36879974.0422694,100,0,0
Z2,6,5,720,9680.0,0.100986,95854.870972,96800.0,1.0,2,22.085275,74976.304355,74976.304355,1732420.3306769,4895283.9417299,224312.7873644,5251337.9317394,36879974.0422694,100,0,0
Z2,7,5,720,12888.0,0.101073,127511.798403,127600.0,1.0,2,22.085275,81307.689841,81307.689841,1732420.3306769,4895283.9417299,224312.7873644,5251337.9317394,36879974.0422694,100,0,0
Z3,0,5,720,7712.0,0.323094,23869.214532,23872.0,1.0,2,22.085275,60579.173067,60579.173067,1732420.3306769,4895283.9417299,224312.7873644,5251337.9317394,36879974.0422694,100,0,0
Z3,1,5,720,9624.0,0.100837,95441.157512,96240.0,1.0,2,22.085275,74893.561663,74893.561663,1732420.3306769,4895283.9417299,224312.7873644,5251337.9317394,36879974.0422694,100,0,0
Z3,2,5,720,9096.0,0.100928,90123.652505,90960.0,1.0,2,22.085275,73830.060662,73830.060662,1732420.3306769,4895283.9417299,224312.7873644,5251337.9317394,36879974.0422694,100,0,0
Z3,3,5,720,7632.0,0.101087,75499.322366,75560.0,1.0,2,22.085275,70905.194634,70905.194634,1732420.3306769,4895283.9417299,224312.7873644,5251337.9317394,36879974.0422694,100,0,0
Z3,4,5,720,8304.0,0.100856,82335.210597,83040.0,1.0,2,22.085275,72272.37228,72272.37228,1732420.3306769,4895283.9417299,224312.7873644,5251337.9317394,36879974.0422694,100,0,0
Z3,5,5,720,8504.0,0.10093,84256.415337,85040.0,1.0,2,22.085275,72656.613228,72656.613228,1732420.3306769,4895283.9417299,224312.7873644,5251337.9317394,36879974.0422694,100,0,0
Z3,6,5,720,7384.0,0.101018,73095.883902,73104.0,1.0,2,22.085275,70424.506941,70424.506941,1732420.3306769,4895283.9417299,224312.7873644,5251337.9317394,36879974.0422694,100,0,0
Z3,7,5,720,8968.0,0.100946,88839.577596,89680.0,1.0,2,22.085275,73573.24568,73573.24568,1732420.3306769,4895283.9417299,224312.7873644,5251337.9317394,36879974.0422694,100,0,0
Z3,8,5,720,8912.0,0.100895,88329.45141,89120.0,1.0,2,22.085275,73471.220443,73471.220443,1732420.3306769,4895283.9417299,224312.7873644,5251337.9317394,36879974.0422694,100,0,0
Z3,9,5,720,16688.0,0.10114,164999.011272,165224.0,1.0,2,22.085275,88805.132415,88805.132415,1732420.3306769,4895283.9417299,224312.7873644,5251337.9317394,36879974.0422694,100,0,0
Z3,10,5,720,23832.0,0.100962,236049.206632,238320.0,1.0,2,22.085275,103015.171487,103015.171487,1732420.3306769,4895283.9417299,224312.7873644,5251337.9317394,36879974.0422694,100,0,0
Z3,11,5,720,21144.0,0.101203,208926.612847,209344.0,1.0,2,22.085275,97590.65273,97590.65273,1732420.3306769,4895283.9417299,224312.7873644,5251337.9317394,36879974.0422694,100,0,0
Z3,12,5,720,14272.0,0.101036,141256.581812,141304.0,1.0,2,22.085275,84056.646523,84056.646523,1732420.3306769,4895283.9417299,224312.7873644,5251337.9317394,36879974.0422694,100,0,0
Z3,13,5,720,27640.0,0.100926,273864.019182,276400.0,1.0,2,22.085275,110578.133997,110578.133997,1732420.3306769,4895283.9417299,224312.7873644,5251337.9317394,36879974.0422694,100,0,0
Z3,14,5,720,33288.0,0.100979,329652.700066,332880.0,1.0,2,22.085275,121735.870174,121735.870174,1732420.3306769,4895283.9417299,224312.7873644,5251337.9317394,36879974.0422694,100,0,0
Z3,15,5,720,17576.0,0.101068,173902.718961,174016.0,1.0,2,22.085275,90585.873953,90585.873953,1732420.3306769,4895283.9417299,224312.7873644,5251337.9317394,36879974.0422694,100,0,0
Z3,16,5,720,34872.0,0.101093,344949.699781,345264.0,1.0,2,22.085275,124795.270117,124795.270117,1732420.3306769,4895283.9417299,224312.7873644,5251337.9317394,36879974.0422694,100,0,0
Z3,17,5,720,27336.0,0.100969,270736.562707,273360.0,1.0,2,22.085275,109952.642702,109952.642702,1732420.3306769,4895283.9417299,224312.7873644,5251337.9317394,36879974.0422694,100,0,0
Z3,18,5,720,25312.0,0.101014,250579.127646,250608.0,1.0,2,22.085275,105921.15569,105921.15569,1732420.3306769,4895283.9417299,224312.7873644,5251337.9317394,36879974.0422694,100,0,0
Z3,19,5,720,18312.0,0.1009,181486.620416,183120.0,1.0,2,22.085275,92102.654244,92102.654244,1732420.3306769,4895283.9417299,224312.7873644,5251337.9317394,36879974.0422694,100,0,0
Z3,20,5,720,41432.0,0.100911,410579.619665,414320.0,1.0,2,22.085275,137921.254094,137921.254094,1732420.3306769,4895283.9417299,224312.7873644,5251337.9317394,36879974.0422694,100,0,0
Z3,21,5,720,36760.0,0.10101,363924.363924,363960.0,1.0,2,22.085275,128590.202946,128590.202946,1732420.3306769,4895283.9417299,224312.7873644,5251337.9317394,36879974.0422694,100,0,0
Z3,22,5,720,21272.0,0.100958,210701.479823,212720.0,1.0,2,22.085275,97945.626125,97945.626125,1732420.3306769,4895283.9417299,224312.7873644,5251337.9317394,36879974.0422694,100,0,0
Z3,23,5,720,43464.0,0.101048,430132.214393,430336.0,1.0,2,22.085275,141831.773039,141831.773039,1732420.3306769,4895283.9417299,224312.7873644,5251337.9317394,36879974.0422694,100,0,0
Z3,24,5,720,42000.0,0.101001,415837.466956,415840.0,1.0,2,22.085275,138972.823552,138972.823552,1732420.3306769,4895283.9417299,224312.7873644,5251337.9317394,36879974.0422694,100,0,0
Z3,25,5,720,20304.0,0.100893,201242.900895,203040.0,1.0,2,22.085275,96053.91034,96053.91034,1732420.3306769,4895283.9417299,224312.7873644,5251337.9317394,36879974.0422694,100,0,0
Z3,26,5,720,32736.0,0.100929,324346.81806,327360.0,1.0,2,22.085275,120674.693773,120674.693773,1732420.3306769,4895283.9417299,224312.7873644,5251337.9317394,36879974.0422694,100,0,0
Z3,27,5,720,34608.0,0.10133,341537.550577,342648.0,1.0,2,22.085275,124112.840276,124112.840276,1732420.3306769,4895283.9417299,224312.7873644,5251337.9317394,36879974.0422694,100,0,0
Z3,28,5,720,13208.0,0.100952,130834.455979,132080.0,1.0,2,22.085275,81972.221357,81972.221357,1732420.3306769,4895283.9417299,224312.7873644,5251337.9317394,36879974.0422694,100,0,0
Z3,29,5,720,16320.0,0.100924,161705.838056,163200.0,1.0,2,22.085275,88146.497772,88146.497772,1732420.3306769,4895283.9417299,224312.7873644,5251337.9317394,36879974.0422694,100,0,0
Z3,30,5,720,8752.0,0.100932,86711.845599,87520.0,1.0,2,22.085275,73147.699281,73147.699281,1732420.3306769,4895283.9417299,224312.7873644,5251337.9317394,36879974.0422694,100,0,0
Z3,31,5,720,12760.0,0.100955,126392.947353,127600.0,1.0,2,22.085275,81083.919631,81083.919631,1732420.3306769,4895283.9417299,224312.7873644,5251337.9317394,36879974.0422694,100,0,0
Z3,32,5,720,15440.0,0.100966,152922.76608,154400.0,1.0,2,22.085275,86389.883377,86389.883377,1732420.3306769,4895283.9417299,224312.7873644,5251337.9317394,36879974.0422694,100,0,0
Z3,33,5,720,10000.0,0.101058,98953.076451,99008.0,1.0,2,22.085275,75595.945451,75595.945451,1732420.3306769,4895283.9417299,224312.7873644,5251337.9317394,36879974.0422694,100,0,0
Z3,34,5,720,15200.0,0.101058,150408.676206,150488.0,1.0,2,22.085275,85887.065402,85887.065402,1732420.3306769,4895283.9417299,224312.7873644,5251337.9317394,36879974.0422694,100,0,0
Z3,35,5,720,18352.0,0.101008,181688.579122,181696.0,1.0,2,22.085275,92143.045985,92143.045985,1732420.3306769,4895283.9417299,224312.7873644,5251337.9317394,36879974.0422694,100,0,0
Z3,36,5,720,11224.0,0.100987,111143.018408,112240.0,1.0,2,22.085275,78033.933843,78033.933843,1732420.3306769,4895283.9417299,224312.7873644,5251337.9317394,36879974.0422694,100,0,0
Z3,37,5,720,23240.0,0.101065,229951.02162,230096.0,1.0,2,22.085275,101795.534485,101795.534485,1732420.3306769,4895283.9417299,224312.7873644,5251337.9317394,36879974.0422694,100,0,0
Z3,38,5,720,16824.0,0.100968,166627.050155,168240.0,1.0,2,22.085275,89130.740192,89130.740192,1732420.3306769,4895283.9417299,224312.7873644,5251337.9317394,36879974.0422694,100,0,0
Z1,0,6,720,7488.0,0.321985,23255.741727,23320.0,1.0,2,27.605571,81139.999392,81139.999392,1732420.3306769,4895283.9417299,224312.7873644,5251337.9317394,36879974.0422694,100,0,0
Z2,0,6,720,6624.0,0.322905,20513.773401,20568.0,1.0,2,27.605571,80591.605726,80591.605726,1732420.3306769,4895283.9417299,224312.7873644,5251337.9317394,36879974.0422694,100,0,0
Z2,1,6,720,6768.0,0.100895,67079.637247,67680.0,1.0,2,27.605571,89904.778496,89904.778496,1732420.3306769,4895283.9417299,224312.7873644,5251337.9317394,36879974.0422694,100,0,0
Z2,2,6,720,7752.0,0.100913,76818.645764,77520.0,1.0,2,27.605571,91852.580199,91852.580199,1732420.3306769,4895283.9417299,224312.7873644,5251337.9317394,36879974.0422694,100,0,0
Z2,3,6,720,10768.0,0.100958,106658.214307,107680.0,1.0,2,27.605571,97820.493908,97820.493908,1732420.3306769,4895283.9417299,224312.7873644,5251337.9317394,36879974.0422694,100,0,0
Z2,4,6,720,14912.0,0.100933,147741.571141,149120.0,1.0,2,27.605571,106037.165274,106037.165274,1732420.3306769,4895283.9417299,224312.7873644,5251337.9317394,36879974.0422694,100,0,0
Z2,5,6,720,14376.0,0.101018,142311.271259,142336.0,1.0,2,27.605571,104951.105298,104951.105298,1732420.3306769,4895283.9417299,224312.7873644,5251337.9317394,36879974.0422694,100,0,0
Z2,6,6,720,7176.0,0.100857,71150.242422,71760.0,1.0,2,27.605571,90718.899531,90718.899531,1732420.3306769,4895283.9417299,224312.7873644,5251337.9317394,36879974.0422694,100,0,0
Z2,7,6,720,8768.0,0.100969,86838.5346,87680.0,1.0,2,27.605571,93856.557966,93856.557966,1732420.3306769,4895283.9417299,224312.7873644,5251337.9317394,36879974.0422694,100,0,0
Z3,0,6,720,6760.0,0.32326,20911.959413,20928.0,1.0,2,27.605571,80671.242929,80671.242929,1732420.3306769,4895283.9417299,224312.7873644,5251337.9317394,36879974.0422694,100,0,0
Z3,1,6,720,8320.0,0.100949,82417.85456,83200.0,1.0,2,27.605571,92972.421958,92972.421958,1732420.3306769,4895283.9417299,224312.7873644,5251337.9317394,36879974.0422694,100,0,0
Z3,2,6,720,7800.0,0.100909,77297.366935,78000.0,1.0,2,27.605571,91948.324433,91948.324433,1732420.3306769,4895283.9417299,224312.7873644,5251337.9317394,36879974.0422694,100,0,0
Z3,3,6,720,6928.0,0.101004,68591.342917,68592.0,1.0,2,27.605571,90207.11963,90207.11963,1732420.3306769,4895283.9417299,224312.7873644,5251337.9317394,36879974.0422694,100,0,0
Z3,4,6,720,7472.0,0.10105,73943.592281,73976.0,1.0,2,27.605571,91277.569502,91277.569502,1732420.3306769,4895283.9417299,224312.7873644,5251337.9317394,36879974.0422694,100,0,0
Z3,5,6,720,7416.0,0.101003,73423.561676,73424.0,1.0,2,27.605571,91173.563381,91173.563381,1732420.3306769,4895283.9417299,224312.7873644,5251337.9317394,36879974.0422694,100,0,0
Z3,6,6,720,6760.0,0.101002,66929.367735,66928.0,1.0,2,27.605571,89874.724593,89874.724593,1732420.3306769,4895283.9417299,224312.7873644,5251337.9317394,36879974.0422694,100,0,0
Z3,7,6,720,7600.0,0.101027,75227.414454,75240.0,1.0,2,27.605571,91534.333937,91534.333937,1732420.3306769,4895283.9417299,224312.7873644,5251337.9317394,36879974.0422694,100,0,0
Z3,8,6,720,7600.0,0.100932,75298.220584,76000.0,1.0,2,27.605571,91548.495163,91548.495163,1732420.3306769,4895283.9417299,224312.7873644,5251337.9317394,36879974.0422694,100,0,0
Z3,9,6,720,12912.0,0.101036,127796.033097,127840.0,1.0,2,27.605571,102048.057666,102048.057666,1732420.3306769,4895283.9417299,224312.7873644,5251337.9317394,36879974.0422694,100,0,0
Z3,10,6,720,17552.0,0.101197,173443.876795,173776.0,1.0,2,27.605571,111177.626405,111177.626405,1732420.3306769,4895283.9417299,224312.7873644,5251337.9317394,36879974.0422694,100,0,0
Z3,11,6,720,14968.0,0.100998,148200.954474,149680.0,1.0,2,27.605571,106129.041941,106129.041941,1732420.3306769,4895283.9417299,224312.7873644,5251337.9317394,36879974.0422694,100,0,0
Z3,12,6,720,10336.0,0.101171,102163.6635,102336.0,1.0,2,27.605571,96921.583746,96921.583746,1732420.3306769,4895283.9417299,224312.7873644,5251337.9317394,36879974.0422694,100,0,0
Z3,13,6,720,18344.0,0.10139,180925.140546,181616.0,1.0,2,27.605571,112673.879155,112673.879155,1732420.3306769,4895283.9417299,224312.7873644,5251337.9317394,36879974.0422694,100,0,0
Z3,14,6,720,20456.0,0.1011,202334.322453,202528.0,1.0,2,27.605571,116955.715537,116955.715537,1732420.3306769,4895283.9417299,224312.7873644,5251337.9317394,36879974.0422694,100,0,0
Z3,15,6,720,12480.0,0.101097,123445.799579,123560.0,1.0,2,27.605571,101178.010962,101178.010962,1732420.3306769,4895283.9417299,224312.7873644,5251337.9317394,36879974.0422694,100,0,0
Z3,16,6,720,18912.0,0.101046,187162.282525,187240.0,1.0,2,27.605571,113921.307551,113921.307551,1732420.3306769,4895283.9417299,224312.7873644,5251337.9317394,36879974.0422694,100,0,0
Z3,17,6,720,16112.0,0.101074,159407.958525,159520.0,1.0,2,27.605571,108370.442751,108370.442751,1732420.3306769,4895283.9417299,224312.7873644,5251337.9317394,36879974.0422694,100,0,0
Z3,18,6,720,17456.0,0.101096,172667.563504,172824.0,1.0,2,27.605571,111022.363747,111022.363747,1732420.3306769,4895283.9417299,224312.7873644,5251337.9317394,36879974.0422694,100,0,0
Z3,19,6,720,16088.0,0.100944,159375.495324,160880.0,1.0,2,27.605571,108363.950111,108363.950111,1732420.3306769,4895283.9417299,224312.7873644,5251337.9317394,36879974.0422694,100,0,0
Z3,20,6,720,31984.0,0.101044,316535.37073,316672.0,1.0,2,27.605571,139795.925192,139795.925192,1732420.3306769,4895283.9417299,224312.7873644,5251337.9317394,36879974.0422694,100,0,0
Z3,21,6,720,21472.0,0.101021,212549.865869,212592.0,1.0,2,27.605571,118998.82422,118998.82422,1732420.3306769,4895283.9417299,224312.7873644,5251337.9317394,36879974.0422694,100,0,0
Z3,22,6,720,19320.0,0.101104,191090.362399,191280.0,1.0,2,27.605571,114706.923526,114706.923526,1732420.3306769,4895283.9417299,224312.7873644,5251337.9317394,36879974.0422694,100,0,0
Z3,23,6,720,33040.0,0.101111,326769.589857,327128.0,1.0,2,27.605571,141842.769018,141842.769018,1732420.3306769,4895283.9417299,224312.7873644,5251337.9317394,36879974.0422694,100,0,0
Z3,24,6,720,26472.0,0.101095,261852.712795,262096.0,1.0,2,27.605571,128859.393605,128859.393605,1732420.3306769,4895283.9417299,224312.7873644,5251337.9317394,36879974.0422694,100,0,0
Z3,25,6,720,12984.0,0.101015,128535.366035,128552.0,1.0,2,27.605571,102195.924253,102195.924253,1732420.3306769,4895283.9417299,224312.7873644,5251337.9317394,36879974.0422694,100,0,0
Z3,26,6,720,21128.0,0.101069,209045.305682,209184.0,1.0,2,27.605571,118297.912183,118297.912183,1732420.3306769,4895283.9417299,224312.7873644,5251337.9317394,36879974.0422694,100,0,0
Z3,27,6,720,21576.0,0.101061,213494.81996,213616.0,1.0,2,27.605571,119187.815038,119187.815038,1732420.3306769,4895283.9417299,224312.7873644,5251337.9317394,36879974.0422694,100,0,0
Z3,28,6,720,9568.0,0.101077,94660.506347,94728.0,1.0,2,27.605571,95420.952316,95420.952316,1732420.3306769,4895283.9417299,224312.7873644,5251337.9317394,36879974.0422694,100,0,0
Z3,29,6,720,12800.0,0.101264,126402.275241,126728.0,1.0,2,27.605571,101769.306094,101769.306094,1732420.3306769,4895283.9417299,224312.7873644,5251337.9317394,36879974.0422694,100,0,0
Z3,30,6,720,7048.0,0.101088,69721.430833,69776.0,1.0,2,27.605571,90433.137213,90433.137213,1732420.3306769,4895283.9417299,224312.7873644,5251337.9317394,36879974.0422694,100,0,0
Z3,31,6,720,8656.0,0.101026,85680.913824,85696.0,1.0,2,27.605571,93625.033811,93625.033811,1732420.3306769,4895283.9417299,224312.7873644,5251337.9317394,36879974.0422694,100,0,0
Z3,32,6,720,9488.0,0.101036,93907.122214,93936.0,1.0,2,27.605571,95270.275489,95270.275489,1732420.3306769,4895283.9417299,224312.7873644,5251337.9317394,36879974.0422694,100,0,0
Z3,33,6,720,8424.0,0.100995,83410.069805,84240.0,1.0,2,27.605571,93170.865007,93170.865007,1732420.3306769,4895283.9417299,224312.7873644,5251337.9317394,36879974.0422694,100,0,0
Z3,34,6,720,9328.0,0.101035,92324.442025,92352.0,1.0,2,27.605571,94953.739451,94953.739451,1732420.3306769,4895283.9417299,224312.7873644,5251337.9317394,36879974.0422694,100,0,0
Z3,35,6,720,8680.0,0.101065,85885.321328,85936.0,1.0,2,27.605571,93665.915312,93665.915312,1732420.3306769,4895283.9417299,224312.7873644,5251337.9317394,36879974.0422694,100,0,0
Z3,36,6,720,7160.0,0.100887,70970.491738,71600.0,1.0,2,27.605571,90682.949394,90682.949394,1732420.3306769,4895283.9417299,224312.7873644,5251337.9317394,36879974.0422694,100,0,0
Z3,37,6,720,10360.0,0.101075,102498.144942,102568.0,1.0,2,27.605571,96988.480035,96988.480035,1732420.3306769,4895283.9417299,224312.7873644,5251337.9317394,36879974.0422694,100,0,0
Z3,38,6,720,9048.0,0.101034,89554.011521,89584.0,1.0,2,27.605571,94399.65335,94399.65335,1732420.3306769,4895283.9417299,224312.7873644,5251337.9317394,36879974.0422694,100,0,0
Z1,0,7,720,14352.0,0.323204,44405.391022,44432.0,1.0,2,33.127972,90642.60111,90642.60111,1732420.3306769,4895283.9417299,224312.7873644,5251337.9317394,36879974.0422694,100,0,0
Z2,0,7,720,6624.0,0.323078,20502.7888,20504.0,1.0,2,33.127972,85862.080666,85862.080666,1732420.3306769,4895283.9417299,224312.7873644,5251337.9317394,36879974.0422694,100,0,0
Z2,1,7,720,6792.0,0.100981,67260.177657,67920.0,1.0,2,33.127972,95213.558437,95213.558437,1732420.3306769,4895283.9417299,224312.7873644,5251337.9317394,36879974.0422694,100,0,0
Z2,2,7,720,7408.0,0.101004,73343.629955,73344.0,1.0,2,33.127972,96430.248897,96430.248897,1732420.3306769,4895283.9417299,224312.7873644,5251337.9317394,36879974.0422694,100,0,0
Z2,3,7,720,7464.0,0.101012,73892.210826,73896.0,1.0,2,33.127972,96539.965071,96539.965071,1732420.3306769,4895283.9417299,224312.7873644,5251337.9317394,36879974.0422694,100,0,0
Z2,4,7,720,10144.0,0.101023,100412.777288,100432.0,1.0,2,33.127972,101844.078363,101844.078363,1732420.3306769,4895283.9417299,224312.7873644,5251337.9317394,36879974.0422694,100,0,0
Z2,5,7,720,16856.0,0.10104,166825.019794,166888.0,1.0,2,33.127972,115126.526865,115126.526865,1732420.3306769,4895283.9417299,224312.7873644,5251337.9317394,36879974.0422694,100,0,0
Z2,6,7,720,9672.0,0.101077,95689.424894,95760.0,1.0,2,33.127972,100899.407884,100899.407884,1732420.3306769,4895283.9417299,224312.7873644,5251337.9317394,36879974.0422694,100,0,0
Z2,7,7,720,13368.0,0.100978,132385.272039,133680.0,1.0,2,33.127972,108238.577314,108238.577314,1732420.3306769,4895283.9417299,224312.7873644,5251337.9317394,36879974.0422694,100,0,0
Z3,0,7,720,6656.0,0.321786,20684.554331,20728.0,1.0,2,33.127972,85898.433772,85898.433772,1732420.3306769,4895283.9417299,224312.7873644,5251337.9317394,36879974.0422694,100,0,0
Z3,1,7,720,7664.0,0.100914,75945.854886,76640.0,1.0,2,33.127972,96950.693883,96950.693883,1732420.3306769,4895283.9417299,224312.7873644,5251337.9317394,36879974.0422694,100,0,0
Z3,2,7,720,7664.0,0.100872,75977.476406,76640.0,1.0,2,33.127972,96957.018187,96957.018187,1732420.3306769,4895283.9417299,224312.7873644,5251337.9317394,36879974.0422694,100,0,0
Z3,3,7,720,6920.0,0.101398,68245.92201,68512.0,1.0,2,33.127972,95410.707308,95410.707308,1732420.3306769,4895283.9417299,224312.7873644,5251337.9317394,36879974.0422694,100,0,0
Z3,4,7,720,7504.0,0.101071,74244.837787,74296.0,1.0,2,33.127972,96610.490463,96610.490463,1732420.3306769,4895283.9417299,224312.7873644,5251337.9317394,36879974.0422694,100,0,0
Z3,5,7,720,7480.0,0.100996,74062.339103,74800.0,1.0,2,33.127972,96573.990726,96573.990726,1732420.3306769,4895283.9417299,224312.7873644,5251337.9317394,36879974.0422694,100,0,0
Z3,6,7,720,6728.0,0.100905,66676.576978,67280.0,1.0,2,33.127972,95096.838301,95096.838301,1732420.3306769,4895283.9417299,224312.7873644,5251337.9317394,36879974.0422694,100,0,0
Z3,7,7,720,7632.0,0.100849,75677.498042,76320.0,1.0,2,33.127972,96897.022514,96897.022514,1732420.3306769,4895283.9417299,224312.7873644,5251337.9317394,36879974.0422694,100,0,0
Z3,8,7,720,7392.0,0.10091,73253.394114,73920.0,1.0,2,33.127972,96412.201728,96412.201728,1732420.3306769,4895283.9417299,224312.7873644,5251337.9317394,36879974.0422694,100,0,0
Z3,9,7,720,12800.0,0.101022,126705.074142,126728.0,1.0,2,33.127972,107102.537734,107102.537734,1732420.3306769,4895283.9417299,224312.7873644,5251337.9317394,36879974.0422694,100,0,0
Z3,10,7,720,16760.0,0.100997,165945.523134,167600.0,1.0,2,33.127972,114950.627533,114950.627533,1732420.3306769,4895283.9417299,224312.7873644,5251337.9317394,36879974.0422694,100,0,0
Z3,11,7,720,14104.0,0.100971,139683.671549,141040.0,1.0,2,33.127972,109698.257216,109698.257216,1732420.3306769,4895283.9417299,224312.7873644,5251337.9317394,36879974.0422694,100,0,0
Z3,12,7,720,9704.0,0.100863,96209.710201,97040.0,1.0,2,33.127972,101003.464946,101003.464946,1732420.3306769,4895283.9417299,224312.7873644,5251337.9317394,36879974.0422694,100,0,0
Z3,13,7,720,17248.0,0.100914,170917.811206,172480.0,1.0,2,33.127972,115945.085147,115945.085147,1732420.3306769,4895283.9417299,224312.7873644,5251337.9317394,36879974.0422694,100,0,0
Z3,14,7,720,21552.0,0.101058,213263.670368,213384.0,1.0,2,33.127972,124414.256979,124414.256979,1732420.3306769,4895283.9417299,224312.7873644,5251337.9317394,36879974.0422694,100,0,0
Z3,15,7,720,16688.0,0.101048,165149.236007,165224.0,1.0,2,33.127972,114791.370107,114791.370107,1732420.3306769,4895283.9417299,224312.7873644,5251337.9317394,36879974.0422694,100,0,0
Z3,16,7,720,23312.0,0.101089,230608.671567,230808.0,1.0,2,33.127972,127883.257219,127883.257219,1732420.3306769,4895283.9417299,224312.7873644,5251337.9317394,36879974.0422694,100,0,0
Z3,17,7,720,14952.0,0.101017,148014.690597,148032.0,1.0,2,33.127972,111364.461025,111364.461025,1732420.3306769,4895283.9417299,224312.7873644,5251337.9317394,36879974.0422694,100,0,0
Z3,18,7,720,23928.0,0.101047,236800.696705,236904.0,1.0,2,33.127972,129121.662247,129121.662247,1732420.3306769,4895283.9417299,224312.7873644,5251337.9317394,36879974.0422694,100,0,0
Z3,19,7,720,29544.0,0.100985,292558.300738,295440.0,1.0,2,33.127972,140273.183053,140273.183053,1732420.3306769,4895283.9417299,224312.7873644,5251337.9317394,36879974.0422694,100,0,0
Z3,20,7,720,31920.0,0.101073,315811.344276,316032.0,1.0,2,33.127972,144923.791761,144923.791761,1732420.3306769,4895283.9417299,224312.7873644,5251337.9317394,36879974.0422694,100,0,0
Z3,21,7,720,15096.0,0.10096,149524.564184,150960.0,1.0,2,33.127972,111666.435742,111666.435742,1732420.3306769,4895283.9417299,224312.7873644,5251337.9317394,36879974.0422694,100,0,0
Z3,22,7,720,22296.0,0.10103,220686.924676,220752.0,1.0,2,33.127972,125898.907841,125898.907841,1732420.3306769,4895283.9417299,224312.7873644,5251337.9317394,36879974.0422694,100,0,0
Z3,23,7,720,24272.0,0.10097,240388.234129,242720.0,1.0,2,33.127972,129839.169731,129839.169731,1732420.3306769,4895283.9417299,224312.7873644,5251337.9317394,36879974.0422694,100,0,0
Z3,24,7,720,13368.0,0.100965,132402.317635,133680.0,1.0,2,33.127972,108241.986433,108241.986433,1732420.3306769,4895283.9417299,224312.7873644,5251337.9317394,36879974.0422694,100,0,0
Z3,25,7,720,21768.0,0.100942,215648.59028,217680.0,1.0,2,33.127972,124891.240962,124891.240962,1732420.3306769,4895283.9417299,224312.7873644,5251337.9317394,36879974.0422694,100,0,0
Z3,26,7,720,21680.0,0.100985,214685.349309,216800.0,1.0,2,33.127972,124698.592768,124698.592768,1732420.3306769,4895283.9417299,224312.7873644,5251337.9317394,36879974.0422694,100,0,0
Z3,27,7,720,15008.0,0.100935,148689.75083,150080.0,1.0,2,33.127972,111499.473072,111499.473072,1732420.3306769,4895283.9417299,224312.7873644,5251337.9317394,36879974.0422694,100,0,0
Z3,28,7,720,13424.0,0.100991,132922.735689,134240.0,1.0,2,33.127972,108346.070044,108346.070044,1732420.3306769,4895283.9417299,224312.7873644,5251337.9317394,36879974.0422694,100,0,0
Z3,29,7,720,8064.0,0.104816,76934.819112,77536.0,1.0,2,33.127972,97148.486728,97148.486728,1732420.3306769,4895283.9417299,224312.7873644,5251337.9317394,36879974.0422694,100,0,0
Z3,30,7,720,9424.0,0.101114,93201.732698,93304.0,1.0,2,33.127972,100401.869445,100401.869445,1732420.3306769,4895283.9417299,224312.7873644,5251337.9317394,36879974.0422694,100,0,0
Z3,31,7,720,7368.0,0.100935,72997.473622,73680.0,1.0,2,33.127972,96361.01763,96361.01763,1732420.3306769,4895283.9417299,224312.7873644,5251337.9317394,36879974.0422694,100,0,0
Z3,32,7,720,8792.0,0.10095,87092.620109,87920.0,1.0,2,33.127972,99180.046927,99180.046927,1732420.3306769,4895283.9417299,224312.7873644,5251337.9317394,36879974.0422694,100,0,0
Z3,33,7,720,8568.0,0.101057,84783.834865,84824.0,1.0,2,33.127972,98718.289879,98718.289879,1732420.3306769,4895283.9417299,224312.7873644,5251337.9317394,36879974.0422694,100,0,0
Z3,34,7,720,7064.0,0.100947,69977.314829,70640.0,1.0,2,33.127972,95756.985871,95756.985871,1732420.3306769,4895283.9417299,224312.7873644,5251337.9317394,36879974.0422694,100,0,0
Z3,35,7,720,10104.0,0.101,100039.60396,100032.0,1.0,2,33.127972,101769.443698,101769.443698,1732420.3306769,4895283.9417299,224312.7873644,5251337.9317394,36879974.0422694,100,0,0
Z3,36,7,720,8640.0,0.100868,85656.501566,86400.0,1.0,2,33.127972,98892.823219,98892.823219,1732420.3306769,4895283.9417299,224312.7873644,5251337.9317394,36879974.0422694,100,0,0
Z3,37,7,720,7168.0,0.100992,70975.918885,71680.0,1.0,2,33.127972,95956.706683,95956.706683,1732420.3306769,4895283.9417299,224312.7873644,5251337.9317394,36879974.0422694,100,0,0
Z3,38,7,720,8160.0,0.10105,80752.102919,80792.0,1.0,2,33.127972,97911.94349,97911.94349,1732420.3306769,4895283.9417299,224312.7873644,5251337.9317394,36879974.0422694,100,0,0
