Zone, Tile_no, Seg_no, Reso, Seg_d_size, Seg_d_time, Bitrate, Bitrate1, Buf_lev, Buf_limit, Elapsed, Ref_vp, Local_avg,QoE,QoE1,Z1,Z2,Z3,delay,jitter,loss
Z1,0,1,720,9960.0,0.323914,30748.902486,30832.0,1.0,2,6.5e-05,30748.902486,30748.902486,1732953.3413009,4895114.604877099,224510.94732920002,5252652.260568201,36874264.89633019,100,0,0
Z2,0,1,720,8952.0,0.322472,27760.549753,27800.0,1.0,2,6.5e-05,13880.274877,13880.274877,1732953.3413009,4895114.604877099,224510.94732920002,5252652.260568201,36874264.89633019,100,0,0
Z2,1,1,720,5424.0,0.100942,53733.827346,54240.0,1.0,2,6.5e-05,17911.275782,17911.275782,1732953.3413009,4895114.604877099,224510.94732920002,5252652.260568201,36874264.89633019,100,0,0
Z2,2,1,720,7080.0,0.100938,70142.067408,70800.0,1.0,2,6.5e-05,17535.516852,17535.516852,1732953.3413009,4895114.604877099,224510.94732920002,5252652.260568201,36874264.89633019,100,0,0
Z2,3,1,720,18976.0,0.100943,187987.27995,189760.0,1.0,2,6.5e-05,37597.45599,37597.45599,1732953.3413009,4895114.604877099,224510.94732920002,5252652.260568201,36874264.89633019,100,0,0
Z2,4,1,720,8720.0,0.100963,86368.273526,87200.0,1.0,2,6.5e-05,17273.654705,17273.654705,1732953.3413009,4895114.604877099,224510.94732920002,5252652.260568201,36874264.89633019,100,0,0
Z2,5,1,720,8336.0,0.10098,82551.000198,83360.0,1.0,2,6.5e-05,16510.20004,16510.20004,1732953.3413009,4895114.604877099,224510.94732920002,5252652.260568201,36874264.89633019,100,0,0
Z2,6,1,720,6376.0,0.100873,63208.19248,63760.0,1.0,2,6.5e-05,12641.638496,12641.638496,1732953.3413009,4895114.604877099,224510.94732920002,5252652.260568201,36874264.89633019,100,0,0
Z2,7,1,720,6872.0,0.100839,68148.236297,68720.0,1.0,2,6.5e-05,13629.647259,13629.647259,1732953.3413009,4895114.604877099,224510.94732920002,5252652.260568201,36874264.89633019,100,0,0
Z3,0,1,720,7080.0,0.323665,21874.468973,21912.0,1.0,2,6.5e-05,4374.893795,4374.893795,1732953.3413009,4895114.604877099,224510.94732920002,5252652.260568201,36874264.89633019,100,0,0
Z3,1,1,720,7080.0,0.100816,70226.948103,70800.0,1.0,2,6.5e-05,14045.389621,14045.389621,1732953.3413009,4895114.604877099,224510.94732920002,5252652.260568201,36874264.89633019,100,0,0
Z3,2,1,720,5664.0,0.100929,56118.65767,56640.0,1.0,2,6.5e-05,11223.731534,11223.731534,1732953.3413009,4895114.604877099,224510.94732920002,5252652.260568201,36874264.89633019,100,0,0
Z3,3,1,720,7080.0,0.100949,70134.424313,70800.0,1.0,2,6.5e-05,14026.884863,14026.884863,1732953.3413009,4895114.604877099,224510.94732920002,5252652.260568201,36874264.89633019,100,0,0
Z3,4,1,720,7080.0,0.1009,70168.483647,70800.0,1.0,2,6.5e-05,14033.696729,14033.696729,1732953.3413009,4895114.604877099,224510.94732920002,5252652.260568201,36874264.89633019,100,0,0
Z3,5,1,720,5664.0,0.100929,56118.65767,56640.0,1.0,2,6.5e-05,11223.731534,11223.731534,1732953.3413009,4895114.604877099,224510.94732920002,5252652.260568201,36874264.89633019,100,0,0
Z3,6,1,720,7080.0,0.100902,70167.092823,70800.0,1.0,2,6.5e-05,14033.418565,14033.418565,1732953.3413009,4895114.604877099,224510.94732920002,5252652.260568201,36874264.89633019,100,0,0
Z3,7,1,720,7080.0,0.100933,70145.542092,70800.0,1.0,2,6.5e-05,14029.108418,14029.108418,1732953.3413009,4895114.604877099,224510.94732920002,5252652.260568201,36874264.89633019,100,0,0
Z3,8,1,720,5664.0,0.100916,56125.886876,56640.0,1.0,2,6.5e-05,11225.177375,11225.177375,1732953.3413009,4895114.604877099,224510.94732920002,5252652.260568201,36874264.89633019,100,0,0
Z3,9,1,720,7080.0,0.100944,70137.898241,70800.0,1.0,2,6.5e-05,14027.579648,14027.579648,1732953.3413009,4895114.604877099,224510.94732920002,5252652.260568201,36874264.89633019,100,0,0
Z3,10,1,720,12904.0,0.100997,127766.171272,129040.0,1.0,2,6.5e-05,25553.234254,25553.234254,1732953.3413009,4895114.604877099,224510.94732920002,5252652.260568201,36874264.89633019,100,0,0
Z3,11,1,720,17344.0,0.101018,171692.173672,171720.0,1.0,2,6.5e-05,34338.434734,34338.434734,1732953.3413009,4895114.604877099,224510.94732920002,5252652.260568201,36874264.89633019,100,0,0
Z3,12,1,720,16912.0,0.101003,167440.571072,167440.0,1.0,2,6.5e-05,33488.114214,33488.114214,1732953.3413009,4895114.604877099,224510.94732920002,5252652.260568201,36874264.89633019,100,0,0
Z3,13,1,720,13240.0,0.100877,131248.946737,132400.0,1.0,2,6.5e-05,26249.789347,26249.789347,1732953.3413009,4895114.604877099,224510.94732920002,5252652.260568201,36874264.89633019,100,0,0
Z3,14,1,720,28328.0,0.100944,280630.844825,283280.0,1.0,2,6.5e-05,56126.168965,56126.168965,1732953.3413009,4895114.604877099,224510.94732920002,5252652.260568201,36874264.89633019,100,0,0
Z3,15,1,720,30528.0,0.101047,302116.83672,302256.0,1.0,2,6.5e-05,60423.367344,60423.367344,1732953.3413009,4895114.604877099,224510.94732920002,5252652.260568201,36874264.89633019,100,0,0
Z3,16,1,720,16360.0,0.100968,162031.534744,163600.0,1.0,2,6.5e-05,32406.306949,32406.306949,1732953.3413009,4895114.604877099,224510.94732920002,5252652.260568201,36874264.89633019,100,0,0
Z3,17,1,720,33216.0,0.100999,328874.543312,332160.0,1.0,2,6.5e-05,65774.908662,65774.908662,1732953.3413009,4895114.604877099,224510.94732920002,5252652.260568201,36874264.89633019,100,0,0
Z3,18,1,720,28000.0,0.101053,277082.323137,277224.0,1.0,2,6.5e-05,55416.464627,55416.464627,1732953.3413009,4895114.604877099,224510.94732920002,5252652.260568201,36874264.89633019,100,0,0
Z3,19,1,720,15744.0,0.101003,155876.558122,155880.0,1.0,2,6.5e-05,31175.311624,31175.311624,1732953.3413009,4895114.604877099,224510.94732920002,5252652.260568201,36874264.89633019,100,0,0
Z3,20,1,720,16024.0,0.101009,158639.329169,158648.0,1.0,2,6.5e-05,31727.865834,31727.865834,1732953.3413009,4895114.604877099,224510.94732920002,5252652.260568201,36874264.89633019,100,0,0
Z3,21,1,720,11576.0,0.101009,114603.64918,114608.0,1.0,2,6.5e-05,22920.729836,22920.729836,1732953.3413009,4895114.604877099,224510.94732920002,5252652.260568201,36874264.89633019,100,0,0
Z3,22,1,720,10816.0,0.100907,107187.806594,108160.0,1.0,2,6.5e-05,21437.561319,21437.561319,1732953.3413009,4895114.604877099,224510.94732920002,5252652.260568201,36874264.89633019,100,0,0
Z3,23,1,720,13224.0,0.100907,131051.364127,132240.0,1.0,2,6.5e-05,26210.272825,26210.272825,1732953.3413009,4895114.604877099,224510.94732920002,5252652.260568201,36874264.89633019,100,0,0
Z3,24,1,720,17528.0,0.101068,173427.79119,173544.0,1.0,2,6.5e-05,34685.558238,34685.558238,1732953.3413009,4895114.604877099,224510.94732920002,5252652.260568201,36874264.89633019,100,0,0
Z3,25,1,720,23824.0,0.100988,235909.216937,238240.0,1.0,2,6.5e-05,47181.843387,47181.843387,1732953.3413009,4895114.604877099,224510.94732920002,5252652.260568201,36874264.89633019,100,0,0
Z3,26,1,720,11024.0,0.101056,109088.030399,109144.0,1.0,2,6.5e-05,21817.60608,21817.60608,1732953.3413009,4895114.604877099,224510.94732920002,5252652.260568201,36874264.89633019,100,0,0
Z3,27,1,720,15112.0,0.10097,149668.218283,151120.0,1.0,2,6.5e-05,29933.643657,29933.643657,1732953.3413009,4895114.604877099,224510.94732920002,5252652.260568201,36874264.89633019,100,0,0
Z3,28,1,720,24552.0,0.101042,242988.064369,243088.0,1.0,2,6.5e-05,48597.612874,48597.612874,1732953.3413009,4895114.604877099,224510.94732920002,5252652.260568201,36874264.89633019,100,0,0
Z3,29,1,720,10824.0,0.103804,104273.438403,105080.0,1.0,2,6.5e-05,20854.687681,20854.687681,1732953.3413009,4895114.604877099,224510.94732920002,5252652.260568201,36874264.89633019,100,0,0
Z3,30,1,720,6872.0,0.101043,68010.648932,68032.0,1.0,2,6.5e-05,13602.129786,13602.129786,1732953.3413009,4895114.604877099,224510.94732920002,5252652.260568201,36874264.89633019,100,0,0
Z3,31,1,720,6872.0,0.100955,68069.932148,68720.0,1.0,2,6.5e-05,13613.98643,13613.98643,1732953.3413009,4895114.604877099,224510.94732920002,5252652.260568201,36874264.89633019,100,0,0
Z3,32,1,720,6376.0,0.101018,63117.464214,63128.0,1.0,2,6.5e-05,12623.492843,12623.492843,1732953.3413009,4895114.604877099,224510.94732920002,5252652.260568201,36874264.89633019,100,0,0
Z3,33,1,720,6872.0,0.101068,67993.825939,68032.0,1.0,2,6.5e-05,13598.765188,13598.765188,1732953.3413009,4895114.604877099,224510.94732920002,5252652.260568201,36874264.89633019,100,0,0
Z3,34,1,720,6872.0,0.101053,68003.918736,68032.0,1.0,2,6.5e-05,13600.783747,13600.783747,1732953.3413009,4895114.604877099,224510.94732920002,5252652.260568201,36874264.89633019,100,0,0
Z3,35,1,720,6376.0,0.10097,63147.469545,63760.0,1.0,2,6.5e-05,12629.493909,12629.493909,1732953.3413009,4895114.604877099,224510.94732920002,5252652.260568201,36874264.89633019,100,0,0
Z3,36,1,720,6872.0,0.10101,68032.868033,68032.0,1.0,2,6.5e-05,13606.573607,13606.573607,1732953.3413009,4895114.604877099,224510.94732920002,5252652.260568201,36874264.89633019,100,0,0
Z3,37,1,720,6872.0,0.101036,68015.360861,68032.0,1.0,2,6.5e-05,13603.072172,13603.072172,1732953.3413009,4895114.604877099,224510.94732920002,5252652.260568201,36874264.89633019,100,0,0
Z3,38,1,720,6376.0,0.100996,63131.213117,63760.0,1.0,2,6.5e-05,12626.242623,12626.242623,1732953.3413009,4895114.604877099,224510.94732920002,5252652.260568201,36874264.89633019,100,0,0
Z1,0,2,720,9320.0,0.322027,28941.672593,28944.0,1.0,2,5.523236,18414.577142,18414.577142,1732953.3413009,4895114.604877099,224510.94732920002,5252652.260568201,36874264.89633019,100,0,0
Z2,0,2,720,6624.0,0.32211,20564.403465,20568.0,1.0,2,5.523236,16739.123316,16739.123316,1732953.3413009,4895114.604877099,224510.94732920002,5252652.260568201,36874264.89633019,100,0,0
Z2,1,2,720,5424.0,0.100909,53751.399776,54240.0,1.0,2,5.523236,23376.522579,23376.522579,1732953.3413009,4895114.604877099,224510.94732920002,5252652.260568201,36874264.89633019,100,0,0
Z2,2,2,720,7080.0,0.100962,70125.393712,70800.0,1.0,2,5.523236,26651.321366,26651.321366,1732953.3413009,4895114.604877099,224510.94732920002,5252652.260568201,36874264.89633019,100,0,0
Z2,3,2,720,18392.0,0.101044,182019.714184,182096.0,1.0,2,5.523236,49030.18546,49030.18546,1732953.3413009,4895114.604877099,224510.94732920002,5252652.260568201,36874264.89633019,100,0,0
Z2,4,2,720,9160.0,0.100964,90725.407076,91600.0,1.0,2,5.523236,30771.324039,30771.324039,1732953.3413009,4895114.604877099,224510.94732920002,5252652.260568201,36874264.89633019,100,0,0
Z2,5,2,720,8048.0,0.100956,79717.896906,80480.0,1.0,2,5.523236,28569.822005,28569.822005,1732953.3413009,4895114.604877099,224510.94732920002,5252652.260568201,36874264.89633019,100,0,0
Z2,6,2,720,6376.0,0.100951,63159.354538,63760.0,1.0,2,5.523236,25258.113531,25258.113531,1732953.3413009,4895114.604877099,224510.94732920002,5252652.260568201,36874264.89633019,100,0,0
Z2,7,2,720,6872.0,0.100928,68088.142042,68720.0,1.0,2,5.523236,26243.871032,26243.871032,1732953.3413009,4895114.604877099,224510.94732920002,5252652.260568201,36874264.89633019,100,0,0
Z3,0,2,720,7080.0,0.323957,21854.752328,21912.0,1.0,2,5.523236,16997.193089,16997.193089,1732953.3413009,4895114.604877099,224510.94732920002,5252652.260568201,36874264.89633019,100,0,0
Z3,1,2,720,7080.0,0.100928,70149.017121,70800.0,1.0,2,5.523236,26656.046048,26656.046048,1732953.3413009,4895114.604877099,224510.94732920002,5252652.260568201,36874264.89633019,100,0,0
Z3,2,2,720,5664.0,0.100931,56117.54565,56640.0,1.0,2,5.523236,23849.751753,23849.751753,1732953.3413009,4895114.604877099,224510.94732920002,5252652.260568201,36874264.89633019,100,0,0
Z3,3,2,720,7080.0,0.100946,70136.508628,70800.0,1.0,2,5.523236,26653.544349,26653.544349,1732953.3413009,4895114.604877099,224510.94732920002,5252652.260568201,36874264.89633019,100,0,0
Z3,4,2,720,7080.0,0.100826,70219.982941,70800.0,1.0,2,5.523236,26670.239212,26670.239212,1732953.3413009,4895114.604877099,224510.94732920002,5252652.260568201,36874264.89633019,100,0,0
Z3,5,2,720,5664.0,0.10088,56145.91594,56640.0,1.0,2,5.523236,23855.425811,23855.425811,1732953.3413009,4895114.604877099,224510.94732920002,5252652.260568201,36874264.89633019,100,0,0
Z3,6,2,720,7080.0,0.100945,70137.203428,70800.0,1.0,2,5.523236,26653.683309,26653.683309,1732953.3413009,4895114.604877099,224510.94732920002,5252652.260568201,36874264.89633019,100,0,0
Z3,7,2,720,7080.0,0.100989,70106.645278,70800.0,1.0,2,5.523236,26647.571679,26647.571679,1732953.3413009,4895114.604877099,224510.94732920002,5252652.260568201,36874264.89633019,100,0,0
Z3,8,2,720,5664.0,0.10093,56118.101655,56640.0,1.0,2,5.523236,23849.862954,23849.862954,1732953.3413009,4895114.604877099,224510.94732920002,5252652.260568201,36874264.89633019,100,0,0
Z3,9,2,720,7080.0,0.100916,70157.358595,70800.0,1.0,2,5.523236,26657.714343,26657.714343,1732953.3413009,4895114.604877099,224510.94732920002,5252652.260568201,36874264.89633019,100,0,0
Z3,10,2,720,12648.0,0.101007,125219.044225,125224.0,1.0,2,5.523236,37670.051468,37670.051468,1732953.3413009,4895114.604877099,224510.94732920002,5252652.260568201,36874264.89633019,100,0,0
Z3,11,2,720,17112.0,0.100917,169565.088142,171120.0,1.0,2,5.523236,46539.260252,46539.260252,1732953.3413009,4895114.604877099,224510.94732920002,5252652.260568201,36874264.89633019,100,0,0
Z3,12,2,720,15320.0,0.101111,151516.650018,151680.0,1.0,2,5.523236,42929.572627,42929.572627,1732953.3413009,4895114.604877099,224510.94732920002,5252652.260568201,36874264.89633019,100,0,0
Z3,13,2,720,10704.0,0.100932,106051.599096,107040.0,1.0,2,5.523236,33836.562443,33836.562443,1732953.3413009,4895114.604877099,224510.94732920002,5252652.260568201,36874264.89633019,100,0,0
Z3,14,2,720,18776.0,0.100988,185923.07997,187760.0,1.0,2,5.523236,49810.858617,49810.858617,1732953.3413009,4895114.604877099,224510.94732920002,5252652.260568201,36874264.89633019,100,0,0
Z3,15,2,720,21848.0,0.100913,216503.324646,218480.0,1.0,2,5.523236,55926.907553,55926.907553,1732953.3413009,4895114.604877099,224510.94732920002,5252652.260568201,36874264.89633019,100,0,0
Z3,16,2,720,12752.0,0.100978,126284.933352,127520.0,1.0,2,5.523236,37883.229294,37883.229294,1732953.3413009,4895114.604877099,224510.94732920002,5252652.260568201,36874264.89633019,100,0,0
Z3,17,2,720,21856.0,0.100964,216473.198368,218560.0,1.0,2,5.523236,55920.882297,55920.882297,1732953.3413009,4895114.604877099,224510.94732920002,5252652.260568201,36874264.89633019,100,0,0
Z3,18,2,720,16880.0,0.101092,166976.61536,167128.0,1.0,2,5.523236,46021.565696,46021.565696,1732953.3413009,4895114.604877099,224510.94732920002,5252652.260568201,36874264.89633019,100,0,0
Z3,19,2,720,12128.0,0.101034,120038.79882,120072.0,1.0,2,5.523236,36634.002388,36634.002388,1732953.3413009,4895114.604877099,224510.94732920002,5252652.260568201,36874264.89633019,100,0,0
Z3,20,2,720,15344.0,0.100984,151944.862552,153440.0,1.0,2,5.523236,43015.215134,43015.215134,1732953.3413009,4895114.604877099,224510.94732920002,5252652.260568201,36874264.89633019,100,0,0
Z3,21,2,720,11592.0,0.101044,114722.299196,114768.0,1.0,2,5.523236,35570.702463,35570.702463,1732953.3413009,4895114.604877099,224510.94732920002,5252652.260568201,36874264.89633019,100,0,0
Z3,22,2,720,9952.0,0.101014,98520.99709,98528.0,1.0,2,5.523236,32330.442041,32330.442041,1732953.3413009,4895114.604877099,224510.94732920002,5252652.260568201,36874264.89633019,100,0,0
Z3,23,2,720,11064.0,0.100991,109554.316721,110640.0,1.0,2,5.523236,34537.105968,34537.105968,1732953.3413009,4895114.604877099,224510.94732920002,5252652.260568201,36874264.89633019,100,0,0
Z3,24,2,720,14728.0,0.100972,145862.219229,147280.0,1.0,2,5.523236,41798.686469,41798.686469,1732953.3413009,4895114.604877099,224510.94732920002,5252652.260568201,36874264.89633019,100,0,0
Z3,25,2,720,16264.0,0.100918,161160.546186,162640.0,1.0,2,5.523236,44858.351861,44858.351861,1732953.3413009,4895114.604877099,224510.94732920002,5252652.260568201,36874264.89633019,100,0,0
Z3,26,2,720,9504.0,0.101078,94026.395457,94096.0,1.0,2,5.523236,31431.521715,31431.521715,1732953.3413009,4895114.604877099,224510.94732920002,5252652.260568201,36874264.89633019,100,0,0
Z3,27,2,720,12688.0,0.100927,125714.625422,126880.0,1.0,2,5.523236,37769.167708,37769.167708,1732953.3413009,4895114.604877099,224510.94732920002,5252652.260568201,36874264.89633019,100,0,0
Z3,28,2,720,17320.0,0.100985,171510.620389,173200.0,1.0,2,5.523236,46928.366701,46928.366701,1732953.3413009,4895114.604877099,224510.94732920002,5252652.260568201,36874264.89633019,100,0,0
Z3,29,2,720,10632.0,0.100925,105345.553629,106320.0,1.0,2,5.523236,33695.353349,33695.353349,1732953.3413009,4895114.604877099,224510.94732920002,5252652.260568201,36874264.89633019,100,0,0
Z3,30,2,720,6872.0,0.100908,68101.637135,68720.0,1.0,2,5.523236,26246.57005,26246.57005,1732953.3413009,4895114.604877099,224510.94732920002,5252652.260568201,36874264.89633019,100,0,0
Z3,31,2,720,6872.0,0.100935,68083.420023,68720.0,1.0,2,5.523236,26242.926628,26242.926628,1732953.3413009,4895114.604877099,224510.94732920002,5252652.260568201,36874264.89633019,100,0,0
Z3,32,2,720,6376.0,0.100916,63181.259662,63760.0,1.0,2,5.523236,25262.494556,25262.494556,1732953.3413009,4895114.604877099,224510.94732920002,5252652.260568201,36874264.89633019,100,0,0
Z3,33,2,720,6872.0,0.100836,68150.263795,68720.0,1.0,2,5.523236,26256.295382,26256.295382,1732953.3413009,4895114.604877099,224510.94732920002,5252652.260568201,36874264.89633019,100,0,0
Z3,34,2,720,6872.0,0.101036,68015.360861,68032.0,1.0,2,5.523236,26229.314796,26229.314796,1732953.3413009,4895114.604877099,224510.94732920002,5252652.260568201,36874264.89633019,100,0,0
Z3,35,2,720,6376.0,0.101141,63040.70555,63128.0,1.0,2,5.523236,25234.383733,25234.383733,1732953.3413009,4895114.604877099,224510.94732920002,5252652.260568201,36874264.89633019,100,0,0
Z3,36,2,720,6872.0,0.10092,68093.539437,68720.0,1.0,2,5.523236,26244.950511,26244.950511,1732953.3413009,4895114.604877099,224510.94732920002,5252652.260568201,36874264.89633019,100,0,0
Z3,37,2,720,6872.0,0.10094,68080.047553,68720.0,1.0,2,5.523236,26242.252134,26242.252134,1732953.3413009,4895114.604877099,224510.94732920002,5252652.260568201,36874264.89633019,100,0,0
Z3,38,2,720,6376.0,0.100959,63154.349786,63760.0,1.0,2,5.523236,25257.112581,25257.112581,1732953.3413009,4895114.604877099,224510.94732920002,5252652.260568201,36874264.89633019,100,0,0
Z1,0,3,720,15304.0,0.322537,47448.819825,47520.0,1.0,2,11.041608,34746.876546,34746.876546,1732953.3413009,4895114.604877099,224510.94732920002,5252652.260568201,36874264.89633019,100,0,0
Z2,0,3,720,6624.0,0.322846,20517.522286,20568.0,1.0,2,11.041608,29360.617038,29360.617038,1732953.3413009,4895114.604877099,224510.94732920002,5252652.260568201,36874264.89633019,100,0,0
Z2,1,3,720,5664.0,0.100735,56226.733509,56640.0,1.0,2,11.041608,36502.459282,36502.459282,1732953.3413009,4895114.604877099,224510.94732920002,5252652.260568201,36874264.89633019,100,0,0
Z2,2,3,720,7080.0,0.100843,70208.145335,70800.0,1.0,2,11.041608,39298.741648,39298.741648,1732953.3413009,4895114.604877099,224510.94732920002,5252652.260568201,36874264.89633019,100,0,0
Z2,3,3,720,7080.0,0.100886,70178.220962,70800.0,1.0,2,11.041608,39292.756773,39292.756773,1732953.3413009,4895114.604877099,224510.94732920002,5252652.260568201,36874264.89633019,100,0,0
Z2,4,3,720,12544.0,0.100968,124237.382141,125440.0,1.0,2,11.041608,50104.589009,50104.589009,1732953.3413009,4895114.604877099,224510.94732920002,5252652.260568201,36874264.89633019,100,0,0
Z2,5,3,720,18632.0,0.10094,184584.901922,186320.0,1.0,2,11.041608,62174.092965,62174.092965,1732953.3413009,4895114.604877099,224510.94732920002,5252652.260568201,36874264.89633019,100,0,0
Z2,6,3,720,10240.0,0.100955,101431.330791,102400.0,1.0,2,11.041608,45543.378739,45543.378739,1732953.3413009,4895114.604877099,224510.94732920002,5252652.260568201,36874264.89633019,100,0,0
Z2,7,3,720,8424.0,0.100959,83439.812201,84240.0,1.0,2,11.041608,41945.075021,41945.075021,1732953.3413009,4895114.604877099,224510.94732920002,5252652.260568201,36874264.89633019,100,0,0
Z3,0,3,720,5424.0,0.324159,16732.529407,16736.0,1.0,2,11.041608,28603.618462,28603.618462,1732953.3413009,4895114.604877099,224510.94732920002,5252652.260568201,36874264.89633019,100,0,0
Z3,1,3,720,7080.0,0.100969,70120.532044,70800.0,1.0,2,11.041608,39281.218989,39281.218989,1732953.3413009,4895114.604877099,224510.94732920002,5252652.260568201,36874264.89633019,100,0,0
Z3,2,3,720,7080.0,0.100984,70110.116454,70800.0,1.0,2,11.041608,39279.135871,39279.135871,1732953.3413009,4895114.604877099,224510.94732920002,5252652.260568201,36874264.89633019,100,0,0
Z3,3,3,720,5664.0,0.100895,56137.56876,56640.0,1.0,2,11.041608,36484.626333,36484.626333,1732953.3413009,4895114.604877099,224510.94732920002,5252652.260568201,36874264.89633019,100,0,0
Z3,4,3,720,7080.0,0.100941,70139.982762,70800.0,1.0,2,11.041608,39285.109133,39285.109133,1732953.3413009,4895114.604877099,224510.94732920002,5252652.260568201,36874264.89633019,100,0,0
Z3,5,3,720,7080.0,0.100875,70185.873606,70800.0,1.0,2,11.041608,39294.287302,39294.287302,1732953.3413009,4895114.604877099,224510.94732920002,5252652.260568201,36874264.89633019,100,0,0
Z3,6,3,720,5664.0,0.10088,56145.91594,56640.0,1.0,2,11.041608,36486.295769,36486.295769,1732953.3413009,4895114.604877099,224510.94732920002,5252652.260568201,36874264.89633019,100,0,0
Z3,7,3,720,7080.0,0.100927,70149.712168,70800.0,1.0,2,11.041608,39287.055014,39287.055014,1732953.3413009,4895114.604877099,224510.94732920002,5252652.260568201,36874264.89633019,100,0,0
Z3,8,3,720,7080.0,0.100995,70102.480321,70800.0,1.0,2,11.041608,39277.608645,39277.608645,1732953.3413009,4895114.604877099,224510.94732920002,5252652.260568201,36874264.89633019,100,0,0
Z3,9,3,720,14120.0,0.101013,139783.9882,139800.0,1.0,2,11.041608,53213.91022,53213.91022,1732953.3413009,4895114.604877099,224510.94732920002,5252652.260568201,36874264.89633019,100,0,0
Z3,10,3,720,17536.0,0.100987,173646.112866,175360.0,1.0,2,11.041608,59986.335154,59986.335154,1732953.3413009,4895114.604877099,224510.94732920002,5252652.260568201,36874264.89633019,100,0,0
Z3,11,3,720,16008.0,0.101001,158493.480263,158488.0,1.0,2,11.041608,56955.808633,56955.808633,1732953.3413009,4895114.604877099,224510.94732920002,5252652.260568201,36874264.89633019,100,0,0
Z3,12,3,720,10896.0,0.101008,107872.643751,107880.0,1.0,2,11.041608,46831.641331,46831.641331,1732953.3413009,4895114.604877099,224510.94732920002,5252652.260568201,36874264.89633019,100,0,0
Z3,13,3,720,19720.0,0.10103,195189.547659,195240.0,1.0,2,11.041608,64295.022112,64295.022112,1732953.3413009,4895114.604877099,224510.94732920002,5252652.260568201,36874264.89633019,100,0,0
Z3,14,3,720,20104.0,0.101029,198992.368528,199048.0,1.0,2,11.041608,65055.586286,65055.586286,1732953.3413009,4895114.604877099,224510.94732920002,5252652.260568201,36874264.89633019,100,0,0
Z3,15,3,720,12504.0,0.101039,123754.193925,123800.0,1.0,2,11.041608,50007.951366,50007.951366,1732953.3413009,4895114.604877099,224510.94732920002,5252652.260568201,36874264.89633019,100,0,0
Z3,16,3,720,23072.0,0.100947,228555.57867,230720.0,1.0,2,11.041608,70968.228315,70968.228315,1732953.3413009,4895114.604877099,224510.94732920002,5252652.260568201,36874264.89633019,100,0,0
Z3,17,3,720,18112.0,0.100937,179438.659758,181120.0,1.0,2,11.041608,61144.844532,61144.844532,1732953.3413009,4895114.604877099,224510.94732920002,5252652.260568201,36874264.89633019,100,0,0
Z3,18,3,720,9664.0,0.101016,95668.012988,95680.0,1.0,2,11.041608,44390.715178,44390.715178,1732953.3413009,4895114.604877099,224510.94732920002,5252652.260568201,36874264.89633019,100,0,0
Z3,19,3,720,12280.0,0.100999,121585.362231,122800.0,1.0,2,11.041608,49574.185027,49574.185027,1732953.3413009,4895114.604877099,224510.94732920002,5252652.260568201,36874264.89633019,100,0,0
Z3,20,3,720,10368.0,0.100985,102668.713175,103680.0,1.0,2,11.041608,45790.855216,45790.855216,1732953.3413009,4895114.604877099,224510.94732920002,5252652.260568201,36874264.89633019,100,0,0
Z3,21,3,720,10520.0,0.100928,104232.720355,105200.0,1.0,2,11.041608,46103.656652,46103.656652,1732953.3413009,4895114.604877099,224510.94732920002,5252652.260568201,36874264.89633019,100,0,0
Z3,22,3,720,15288.0,0.100856,151582.454192,152880.0,1.0,2,11.041608,55573.603419,55573.603419,1732953.3413009,4895114.604877099,224510.94732920002,5252652.260568201,36874264.89633019,100,0,0
Z3,23,3,720,16344.0,0.101067,161714.506219,161816.0,1.0,2,11.041608,57600.013824,57600.013824,1732953.3413009,4895114.604877099,224510.94732920002,5252652.260568201,36874264.89633019,100,0,0
Z3,24,3,720,9016.0,0.101027,89243.469568,89264.0,1.0,2,11.041608,43105.806494,43105.806494,1732953.3413009,4895114.604877099,224510.94732920002,5252652.260568201,36874264.89633019,100,0,0
Z3,25,3,720,13800.0,0.100816,136883.034439,138000.0,1.0,2,11.041608,52633.719468,52633.719468,1732953.3413009,4895114.604877099,224510.94732920002,5252652.260568201,36874264.89633019,100,0,0
Z3,26,3,720,17664.0,0.100875,175107.806691,176640.0,1.0,2,11.041608,60278.673919,60278.673919,1732953.3413009,4895114.604877099,224510.94732920002,5252652.260568201,36874264.89633019,100,0,0
Z3,27,3,720,9896.0,0.100923,98054.952786,98960.0,1.0,2,11.041608,44868.103138,44868.103138,1732953.3413009,4895114.604877099,224510.94732920002,5252652.260568201,36874264.89633019,100,0,0
Z3,28,3,720,6376.0,0.100915,63181.885745,63760.0,1.0,2,11.041608,37893.48973,37893.48973,1732953.3413009,4895114.604877099,224510.94732920002,5252652.260568201,36874264.89633019,100,0,0
Z3,29,3,720,6872.0,0.100894,68111.086883,68720.0,1.0,2,11.041608,38879.329957,38879.329957,1732953.3413009,4895114.604877099,224510.94732920002,5252652.260568201,36874264.89633019,100,0,0
Z3,30,3,720,6872.0,0.100845,68144.181665,68720.0,1.0,2,11.041608,38885.948914,38885.948914,1732953.3413009,4895114.604877099,224510.94732920002,5252652.260568201,36874264.89633019,100,0,0
Z3,31,3,720,6376.0,0.100952,63158.728901,63760.0,1.0,2,11.041608,37888.858361,37888.858361,1732953.3413009,4895114.604877099,224510.94732920002,5252652.260568201,36874264.89633019,100,0,0
Z3,32,3,720,6872.0,0.100945,68076.675417,68720.0,1.0,2,11.041608,38872.447664,38872.447664,1732953.3413009,4895114.604877099,224510.94732920002,5252652.260568201,36874264.89633019,100,0,0
Z3,33,3,720,6872.0,0.100941,68079.373099,68720.0,1.0,2,11.041608,38872.9872,38872.9872,1732953.3413009,4895114.604877099,224510.94732920002,5252652.260568201,36874264.89633019,100,0,0
Z3,34,3,720,6376.0,0.100839,63229.504458,63760.0,1.0,2,11.041608,37903.013472,37903.013472,1732953.3413009,4895114.604877099,224510.94732920002,5252652.260568201,36874264.89633019,100,0,0
Z3,35,3,720,6872.0,0.100917,68095.563681,68720.0,1.0,2,11.041608,38876.225317,38876.225317,1732953.3413009,4895114.604877099,224510.94732920002,5252652.260568201,36874264.89633019,100,0,0
Z3,36,3,720,6872.0,0.100917,68095.563681,68720.0,1.0,2,11.041608,38876.225317,38876.225317,1732953.3413009,4895114.604877099,224510.94732920002,5252652.260568201,36874264.89633019,100,0,0
Z3,37,3,720,6376.0,0.10092,63178.75545,63760.0,1.0,2,11.041608,37892.863671,37892.863671,1732953.3413009,4895114.604877099,224510.94732920002,5252652.260568201,36874264.89633019,100,0,0
Z3,38,3,720,6872.0,0.100866,68129.99425,68720.0,1.0,2,11.041608,38883.111431,38883.111431,1732953.3413009,4895114.604877099,224510.94732920002,5252652.260568201,36874264.89633019,100,0,0
Z1,0,4,720,7200.0,0.32131,22408.26616,22424.0,1.0,2,16.560793,43364.764663,43364.764663,1732953.3413009,4895114.604877099,224510.94732920002,5252652.260568201,36874264.89633019,100,0,0
Z2,0,4,720,6624.0,0.322562,20535.586957,20568.0,1.0,2,16.560793,42990.228822,42990.228822,1732953.3413009,4895114.604877099,224510.94732920002,5252652.260568201,36874264.89633019,100,0,0
Z2,1,4,720,6648.0,0.100884,65897.466397,66480.0,1.0,2,16.560793,52062.60471,52062.60471,1732953.3413009,4895114.604877099,224510.94732920002,5252652.260568201,36874264.89633019,100,0,0
Z2,2,4,720,7296.0,0.100906,72304.917448,72960.0,1.0,2,16.560793,53344.09492,53344.09492,1732953.3413009,4895114.604877099,224510.94732920002,5252652.260568201,36874264.89633019,100,0,0
Z2,3,4,720,17272.0,0.100955,171086.127483,172720.0,1.0,2,16.560793,73100.336927,73100.336927,1732953.3413009,4895114.604877099,224510.94732920002,5252652.260568201,36874264.89633019,100,0,0
Z2,4,4,720,22592.0,0.100886,223935.927681,225920.0,1.0,2,16.560793,83670.296967,83670.296967,1732953.3413009,4895114.604877099,224510.94732920002,5252652.260568201,36874264.89633019,100,0,0
Z2,5,4,720,17472.0,0.100887,173183.859169,174720.0,1.0,2,16.560793,73519.883264,73519.883264,1732953.3413009,4895114.604877099,224510.94732920002,5252652.260568201,36874264.89633019,100,0,0
Z2,6,4,720,6424.0,0.100807,63725.733332,64240.0,1.0,2,16.560793,51628.258097,51628.258097,1732953.3413009,4895114.604877099,224510.94732920002,5252652.260568201,36874264.89633019,100,0,0
Z2,7,4,720,6872.0,0.100836,68150.263795,68720.0,1.0,2,16.560793,52513.164189,52513.164189,1732953.3413009,4895114.604877099,224510.94732920002,5252652.260568201,36874264.89633019,100,0,0
Z3,0,4,720,6448.0,0.325512,19808.793531,19840.0,1.0,2,16.560793,42844.870137,42844.870137,1732953.3413009,4895114.604877099,224510.94732920002,5252652.260568201,36874264.89633019,100,0,0
Z3,1,4,720,7448.0,0.100921,73800.299244,74480.0,1.0,2,16.560793,53643.171279,53643.171279,1732953.3413009,4895114.604877099,224510.94732920002,5252652.260568201,36874264.89633019,100,0,0
Z3,2,4,720,7424.0,0.100904,73574.883057,74240.0,1.0,2,16.560793,53598.088042,53598.088042,1732953.3413009,4895114.604877099,224510.94732920002,5252652.260568201,36874264.89633019,100,0,0
Z3,3,4,720,6648.0,0.100914,65877.876211,66480.0,1.0,2,16.560793,52058.686673,52058.686673,1732953.3413009,4895114.604877099,224510.94732920002,5252652.260568201,36874264.89633019,100,0,0
Z3,4,4,720,7224.0,0.100924,71578.61361,72240.0,1.0,2,16.560793,53198.834153,53198.834153,1732953.3413009,4895114.604877099,224510.94732920002,5252652.260568201,36874264.89633019,100,0,0
Z3,5,4,720,7240.0,0.100982,71695.945812,72400.0,1.0,2,16.560793,53222.300593,53222.300593,1732953.3413009,4895114.604877099,224510.94732920002,5252652.260568201,36874264.89633019,100,0,0
Z3,6,4,720,6648.0,0.100946,65856.992848,66480.0,1.0,2,16.560793,52054.51,52054.51,1732953.3413009,4895114.604877099,224510.94732920002,5252652.260568201,36874264.89633019,100,0,0
Z3,7,4,720,7232.0,0.100899,71675.636032,72320.0,1.0,2,16.560793,53218.238637,53218.238637,1732953.3413009,4895114.604877099,224510.94732920002,5252652.260568201,36874264.89633019,100,0,0
Z3,8,4,720,7296.0,0.100893,72314.233891,72960.0,1.0,2,16.560793,53345.958209,53345.958209,1732953.3413009,4895114.604877099,224510.94732920002,5252652.260568201,36874264.89633019,100,0,0
Z3,9,4,720,16456.0,0.101037,162871.027445,162928.0,1.0,2,16.560793,71457.31692,71457.31692,1732953.3413009,4895114.604877099,224510.94732920002,5252652.260568201,36874264.89633019,100,0,0
Z3,10,4,720,25392.0,0.101067,251239.276915,251400.0,1.0,2,16.560793,89130.966814,89130.966814,1732953.3413009,4895114.604877099,224510.94732920002,5252652.260568201,36874264.89633019,100,0,0
Z3,11,4,720,21592.0,0.101049,213678.512405,213776.0,1.0,2,16.560793,81618.813912,81618.813912,1732953.3413009,4895114.604877099,224510.94732920002,5252652.260568201,36874264.89633019,100,0,0
Z3,12,4,720,13528.0,0.100966,133985.698156,135280.0,1.0,2,16.560793,65680.251062,65680.251062,1732953.3413009,4895114.604877099,224510.94732920002,5252652.260568201,36874264.89633019,100,0,0
Z3,13,4,720,29512.0,0.101081,291963.870559,292192.0,1.0,2,16.560793,97275.885542,97275.885542,1732953.3413009,4895114.604877099,224510.94732920002,5252652.260568201,36874264.89633019,100,0,0
Z3,14,4,720,29688.0,0.101075,293722.483304,293936.0,1.0,2,16.560793,97627.608091,97627.608091,1732953.3413009,4895114.604877099,224510.94732920002,5252652.260568201,36874264.89633019,100,0,0
Z3,15,4,720,16760.0,0.101021,165906.098732,165936.0,1.0,2,16.560793,72064.331177,72064.331177,1732953.3413009,4895114.604877099,224510.94732920002,5252652.260568201,36874264.89633019,100,0,0
Z3,16,4,720,33128.0,0.101066,327785.803336,328000.0,1.0,2,16.560793,104440.272098,104440.272098,1732953.3413009,4895114.604877099,224510.94732920002,5252652.260568201,36874264.89633019,100,0,0
Z3,17,4,720,26248.0,0.101081,259672.935567,259880.0,1.0,2,16.560793,90817.698544,90817.698544,1732953.3413009,4895114.604877099,224510.94732920002,5252652.260568201,36874264.89633019,100,0,0
Z3,18,4,720,26240.0,0.101082,259591.222967,259800.0,1.0,2,16.560793,90801.356024,90801.356024,1732953.3413009,4895114.604877099,224510.94732920002,5252652.260568201,36874264.89633019,100,0,0
Z3,19,4,720,14624.0,0.101021,144761.980182,144792.0,1.0,2,16.560793,67835.507467,67835.507467,1732953.3413009,4895114.604877099,224510.94732920002,5252652.260568201,36874264.89633019,100,0,0
Z3,20,4,720,26816.0,0.101142,265132.190386,265504.0,1.0,2,16.560793,91909.549508,91909.549508,1732953.3413009,4895114.604877099,224510.94732920002,5252652.260568201,36874264.89633019,100,0,0
Z3,21,4,720,23128.0,0.101085,228797.546619,228984.0,1.0,2,16.560793,84642.620754,84642.620754,1732953.3413009,4895114.604877099,224510.94732920002,5252652.260568201,36874264.89633019,100,0,0
Z3,22,4,720,19440.0,0.101064,192353.360247,192472.0,1.0,2,16.560793,77353.78348,77353.78348,1732953.3413009,4895114.604877099,224510.94732920002,5252652.260568201,36874264.89633019,100,0,0
Z3,23,4,720,29088.0,0.101141,287598.501102,288000.0,1.0,2,16.560793,96402.811651,96402.811651,1732953.3413009,4895114.604877099,224510.94732920002,5252652.260568201,36874264.89633019,100,0,0
Z3,24,4,720,29840.0,0.101105,295138.717175,295440.0,1.0,2,16.560793,97910.854866,97910.854866,1732953.3413009,4895114.604877099,224510.94732920002,5252652.260568201,36874264.89633019,100,0,0
Z3,25,4,720,17200.0,0.101032,170243.091298,170296.0,1.0,2,16.560793,72931.72969,72931.72969,1732953.3413009,4895114.604877099,224510.94732920002,5252652.260568201,36874264.89633019,100,0,0
Z3,26,4,720,25664.0,0.101081,253895.390825,254096.0,1.0,2,16.560793,89662.189596,89662.189596,1732953.3413009,4895114.604877099,224510.94732920002,5252652.260568201,36874264.89633019,100,0,0
Z3,27,4,720,26808.0,0.10112,265110.759494,265424.0,1.0,2,16.560793,91905.263329,91905.263329,1732953.3413009,4895114.604877099,224510.94732920002,5252652.260568201,36874264.89633019,100,0,0
Z3,28,4,720,12720.0,0.101026,125908.182052,125936.0,1.0,2,16.560793,64064.747841,64064.747841,1732953.3413009,4895114.604877099,224510.94732920002,5252652.260568201,36874264.89633019,100,0,0
Z3,29,4,720,11496.0,0.10104,113776.72209,113816.0,1.0,2,16.560793,61638.455849,61638.455849,1732953.3413009,4895114.604877099,224510.94732920002,5252652.260568201,36874264.89633019,100,0,0
Z3,30,4,720,6448.0,0.100983,63852.331581,64480.0,1.0,2,16.560793,51653.577747,51653.577747,1732953.3413009,4895114.604877099,224510.94732920002,5252652.260568201,36874264.89633019,100,0,0
Z3,31,4,720,7200.0,0.10099,71294.187543,72000.0,1.0,2,16.560793,53141.948939,53141.948939,1732953.3413009,4895114.604877099,224510.94732920002,5252652.260568201,36874264.89633019,100,0,0
Z3,32,4,720,7520.0,0.101019,74441.441709,74448.0,1.0,2,16.560793,53771.399772,53771.399772,1732953.3413009,4895114.604877099,224510.94732920002,5252652.260568201,36874264.89633019,100,0,0
Z3,33,4,720,6728.0,0.100974,66631.013924,67280.0,1.0,2,16.560793,52209.314215,52209.314215,1732953.3413009,4895114.604877099,224510.94732920002,5252652.260568201,36874264.89633019,100,0,0
Z3,34,4,720,7224.0,0.100977,71541.044,72240.0,1.0,2,16.560793,53191.320231,53191.320231,1732953.3413009,4895114.604877099,224510.94732920002,5252652.260568201,36874264.89633019,100,0,0
Z3,35,4,720,7256.0,0.101002,71840.161581,71840.0,1.0,2,16.560793,53251.143747,53251.143747,1732953.3413009,4895114.604877099,224510.94732920002,5252652.260568201,36874264.89633019,100,0,0
Z3,36,4,720,6544.0,0.100962,64816.465601,65440.0,1.0,2,16.560793,51846.404551,51846.404551,1732953.3413009,4895114.604877099,224510.94732920002,5252652.260568201,36874264.89633019,100,0,0
Z3,37,4,720,12272.0,0.101055,121438.820444,121504.0,1.0,2,16.560793,63170.875519,63170.875519,1732953.3413009,4895114.604877099,224510.94732920002,5252652.260568201,36874264.89633019,100,0,0
Z3,38,4,720,8544.0,0.101015,84581.497797,84592.0,1.0,2,16.560793,55799.41099,55799.41099,1732953.3413009,4895114.604877099,224510.94732920002,5252652.260568201,36874264.89633019,100,0,0
Z1,0,5,720,8792.0,0.321925,27310.709016,27384.0,1.0,2,22.082485,61261.552793,61261.552793,1732953.3413009,4895114.604877099,224510.94732920002,5252652.260568201,36874264.89633019,100,0,0
Z2,0,5,720,6624.0,0.322728,20525.024169,20568.0,1.0,2,22.082485,59904.415824,59904.415824,1732953.3413009,4895114.604877099,224510.94732920002,5252652.260568201,36874264.89633019,100,0,0
Z2,1,5,720,7616.0,0.101,75405.940594,75400.0,1.0,2,22.082485,70880.599109,70880.599109,1732953.3413009,4895114.604877099,224510.94732920002,5252652.260568201,36874264.89633019,100,0,0
Z2,2,5,720,8816.0,0.100872,87397.890396,88160.0,1.0,2,22.082485,73278.989069,73278.989069,1732953.3413009,4895114.604877099,224510.94732920002,5252652.260568201,36874264.89633019,100,0,0
Z2,3,5,720,14976.0,0.101009,148264.016078,148272.0,1.0,2,22.082485,85452.214206,85452.214206,1732953.3413009,4895114.604877099,224510.94732920002,5252652.260568201,36874264.89633019,100,0,0
Z2,4,5,720,20272.0,0.101009,200694.987575,200712.0,1.0,2,22.082485,95938.408505,95938.408505,1732953.3413009,4895114.604877099,224510.94732920002,5252652.260568201,36874264.89633019,100,0,0
Z2,5,5,720,21272.0,0.100943,210732.789792,212720.0,1.0,2,22.082485,97945.968948,97945.968948,1732953.3413009,4895114.604877099,224510.94732920002,5252652.260568201,36874264.89633019,100,0,0
Z2,6,5,720,9680.0,0.100955,95884.304888,96800.0,1.0,2,22.082485,74976.271968,74976.271968,1732953.3413009,4895114.604877099,224510.94732920002,5252652.260568201,36874264.89633019,100,0,0
Z2,7,5,720,12888.0,0.101038,127555.969041,127600.0,1.0,2,22.082485,81310.604798,81310.604798,1732953.3413009,4895114.604877099,224510.94732920002,5252652.260568201,36874264.89633019,100,0,0
Z3,0,5,720,7712.0,0.322999,23876.234911,23944.0,1.0,2,22.082485,60574.657972,60574.657972,1732953.3413009,4895114.604877099,224510.94732920002,5252652.260568201,36874264.89633019,100,0,0
Z3,1,5,720,9624.0,0.100957,95327.713779,96240.0,1.0,2,22.082485,74864.953746,74864.953746,1732953.3413009,4895114.604877099,224510.94732920002,5252652.260568201,36874264.89633019,100,0,0
Z3,2,5,720,9096.0,0.100971,90085.272009,90960.0,1.0,2,22.082485,73816.465392,73816.465392,1732953.3413009,4895114.604877099,224510.94732920002,5252652.260568201,36874264.89633019,100,0,0
Z3,3,5,720,7632.0,0.100802,75712.783477,76320.0,1.0,2,22.082485,70941.967685,70941.967685,1732953.3413009,4895114.604877099,224510.94732920002,5252652.260568201,36874264.89633019,100,0,0
Z3,4,5,720,8304.0,0.100899,82300.121904,83040.0,1.0,2,22.082485,72259.435371,72259.435371,1732953.3413009,4895114.604877099,224510.94732920002,5252652.260568201,36874264.89633019,100,0,0
Z3,5,5,720,8504.0,0.100925,84260.589547,85040.0,1.0,2,22.082485,72651.528899,72651.528899,1732953.3413009,4895114.604877099,224510.94732920002,5252652.260568201,36874264.89633019,100,0,0
Z3,6,5,720,7384.0,0.10084,73224.91075,73840.0,1.0,2,22.082485,70444.39314,70444.39314,1732953.3413009,4895114.604877099,224510.94732920002,5252652.260568201,36874264.89633019,100,0,0
Z3,7,5,720,8968.0,0.100913,88868.629413,89680.0,1.0,2,22.082485,73573.136873,73573.136873,1732953.3413009,4895114.604877099,224510.94732920002,5252652.260568201,36874264.89633019,100,0,0
Z3,8,5,720,8912.0,0.100945,88285.700134,89120.0,1.0,2,22.082485,73456.551017,73456.551017,1732953.3413009,4895114.604877099,224510.94732920002,5252652.260568201,36874264.89633019,100,0,0
Z3,9,5,720,16688.0,0.100977,165265.357458,166880.0,1.0,2,22.082485,88852.482482,88852.482482,1732953.3413009,4895114.604877099,224510.94732920002,5252652.260568201,36874264.89633019,100,0,0
Z3,10,5,720,23832.0,0.101021,235911.345166,235960.0,1.0,2,22.082485,102981.680023,102981.680023,1732953.3413009,4895114.604877099,224510.94732920002,5252652.260568201,36874264.89633019,100,0,0
Z3,11,5,720,21144.0,0.101005,209336.171477,209344.0,1.0,2,22.082485,97666.645285,97666.645285,1732953.3413009,4895114.604877099,224510.94732920002,5252652.260568201,36874264.89633019,100,0,0
Z3,12,5,720,14272.0,0.100854,141511.49186,142720.0,1.0,2,22.082485,84101.709362,84101.709362,1732953.3413009,4895114.604877099,224510.94732920002,5252652.260568201,36874264.89633019,100,0,0
Z3,13,5,720,27640.0,0.101016,273620.020591,273656.0,1.0,2,22.082485,110523.415108,110523.415108,1732953.3413009,4895114.604877099,224510.94732920002,5252652.260568201,36874264.89633019,100,0,0
Z3,14,5,720,33288.0,0.101034,329473.24663,329584.0,1.0,2,22.082485,121694.060316,121694.060316,1732953.3413009,4895114.604877099,224510.94732920002,5252652.260568201,36874264.89633019,100,0,0
Z3,15,5,720,17576.0,0.100995,174028.417248,175760.0,1.0,2,22.082485,90605.09444,90605.09444,1732953.3413009,4895114.604877099,224510.94732920002,5252652.260568201,36874264.89633019,100,0,0
Z3,16,5,720,34872.0,0.101076,345007.716965,345264.0,1.0,2,22.082485,124800.954383,124800.954383,1732953.3413009,4895114.604877099,224510.94732920002,5252652.260568201,36874264.89633019,100,0,0
Z3,17,5,720,27336.0,0.101035,270559.707032,270648.0,1.0,2,22.082485,109911.352396,109911.352396,1732953.3413009,4895114.604877099,224510.94732920002,5252652.260568201,36874264.89633019,100,0,0
Z3,18,5,720,25312.0,0.100964,250703.22095,253120.0,1.0,2,22.082485,105940.05518,105940.05518,1732953.3413009,4895114.604877099,224510.94732920002,5252652.260568201,36874264.89633019,100,0,0
Z3,19,5,720,18312.0,0.10132,180734.307146,181304.0,1.0,2,22.082485,91946.272419,91946.272419,1732953.3413009,4895114.604877099,224510.94732920002,5252652.260568201,36874264.89633019,100,0,0
Z3,20,5,720,41432.0,0.101319,408926.262596,410216.0,1.0,2,22.082485,137584.663509,137584.663509,1732953.3413009,4895114.604877099,224510.94732920002,5252652.260568201,36874264.89633019,100,0,0
Z3,21,5,720,36760.0,0.101224,363154.983008,363960.0,1.0,2,22.082485,128430.407592,128430.407592,1732953.3413009,4895114.604877099,224510.94732920002,5252652.260568201,36874264.89633019,100,0,0
Z3,22,5,720,21272.0,0.101178,210243.333531,210608.0,1.0,2,22.082485,97848.077696,97848.077696,1732953.3413009,4895114.604877099,224510.94732920002,5252652.260568201,36874264.89633019,100,0,0
Z3,23,5,720,43464.0,0.10113,429783.447048,430336.0,1.0,2,22.082485,141756.1004,141756.1004,1732953.3413009,4895114.604877099,224510.94732920002,5252652.260568201,36874264.89633019,100,0,0
Z3,24,5,720,42000.0,0.101238,414863.98388,415840.0,1.0,2,22.082485,138772.207766,138772.207766,1732953.3413009,4895114.604877099,224510.94732920002,5252652.260568201,36874264.89633019,100,0,0
Z3,25,5,720,20304.0,0.100977,201075.492439,203040.0,1.0,2,22.082485,96014.509478,96014.509478,1732953.3413009,4895114.604877099,224510.94732920002,5252652.260568201,36874264.89633019,100,0,0
Z3,26,5,720,32736.0,0.101051,323955.230527,324112.0,1.0,2,22.082485,120590.457095,120590.457095,1732953.3413009,4895114.604877099,224510.94732920002,5252652.260568201,36874264.89633019,100,0,0
Z3,27,5,720,34608.0,0.10116,342111.506524,342648.0,1.0,2,22.082485,124221.712295,124221.712295,1732953.3413009,4895114.604877099,224510.94732920002,5252652.260568201,36874264.89633019,100,0,0
Z3,28,5,720,13208.0,0.101206,130506.096476,130768.0,1.0,2,22.082485,81900.630285,81900.630285,1732953.3413009,4895114.604877099,224510.94732920002,5252652.260568201,36874264.89633019,100,0,0
Z3,29,5,720,16320.0,0.101108,161411.559916,161584.0,1.0,2,22.082485,88081.722973,88081.722973,1732953.3413009,4895114.604877099,224510.94732920002,5252652.260568201,36874264.89633019,100,0,0
Z3,30,5,720,8752.0,0.100913,86728.171792,87520.0,1.0,2,22.082485,73145.045348,73145.045348,1732953.3413009,4895114.604877099,224510.94732920002,5252652.260568201,36874264.89633019,100,0,0
Z3,31,5,720,12760.0,0.100884,126481.900004,127600.0,1.0,2,22.082485,81095.790991,81095.790991,1732953.3413009,4895114.604877099,224510.94732920002,5252652.260568201,36874264.89633019,100,0,0
Z3,32,5,720,15440.0,0.101069,152766.921608,152864.0,1.0,2,22.082485,86352.795312,86352.795312,1732953.3413009,4895114.604877099,224510.94732920002,5252652.260568201,36874264.89633019,100,0,0
Z3,33,5,720,10000.0,0.101168,98845.484738,99008.0,1.0,2,22.082485,75568.507938,75568.507938,1732953.3413009,4895114.604877099,224510.94732920002,5252652.260568201,36874264.89633019,100,0,0
Z3,34,5,720,15200.0,0.101025,150457.807473,150488.0,1.0,2,22.082485,85890.972485,85890.972485,1732953.3413009,4895114.604877099,224510.94732920002,5252652.260568201,36874264.89633019,100,0,0
Z3,35,5,720,18352.0,0.100975,181747.957415,183520.0,1.0,2,22.082485,92149.002473,92149.002473,1732953.3413009,4895114.604877099,224510.94732920002,5252652.260568201,36874264.89633019,100,0,0
Z3,36,5,720,11224.0,0.100842,111302.83017,112240.0,1.0,2,22.082485,78059.977024,78059.977024,1732953.3413009,4895114.604877099,224510.94732920002,5252652.260568201,36874264.89633019,100,0,0
Z3,37,5,720,23240.0,0.101094,229885.057471,230096.0,1.0,2,22.082485,101776.422484,101776.422484,1732953.3413009,4895114.604877099,224510.94732920002,5252652.260568201,36874264.89633019,100,0,0
Z3,38,5,720,16824.0,0.100959,166641.904139,168240.0,1.0,2,22.082485,89127.791818,89127.791818,1732953.3413009,4895114.604877099,224510.94732920002,5252652.260568201,36874264.89633019,100,0,0
Z1,0,6,720,7488.0,0.320981,23328.483617,23400.0,1.0,2,27.604049,81167.245918,81167.245918,1732953.3413009,4895114.604877099,224510.94732920002,5252652.260568201,36874264.89633019,100,0,0
Z2,0,6,720,6624.0,0.323955,20447.284345,20504.0,1.0,2,27.604049,80591.006063,80591.006063,1732953.3413009,4895114.604877099,224510.94732920002,5252652.260568201,36874264.89633019,100,0,0
Z2,1,6,720,6768.0,0.100893,67080.966965,67680.0,1.0,2,27.604049,89917.742587,89917.742587,1732953.3413009,4895114.604877099,224510.94732920002,5252652.260568201,36874264.89633019,100,0,0
Z2,2,6,720,7752.0,0.10098,76767.676768,77520.0,1.0,2,27.604049,91855.084548,91855.084548,1732953.3413009,4895114.604877099,224510.94732920002,5252652.260568201,36874264.89633019,100,0,0
Z2,3,6,720,10768.0,0.101006,106607.528266,106608.0,1.0,2,27.604049,97823.054848,97823.054848,1732953.3413009,4895114.604877099,224510.94732920002,5252652.260568201,36874264.89633019,100,0,0
Z2,4,6,720,14912.0,0.101001,147642.102553,147640.0,1.0,2,27.604049,106029.969705,106029.969705,1732953.3413009,4895114.604877099,224510.94732920002,5252652.260568201,36874264.89633019,100,0,0
Z2,5,6,720,14376.0,0.101028,142297.184939,142336.0,1.0,2,27.604049,104960.986182,104960.986182,1732953.3413009,4895114.604877099,224510.94732920002,5252652.260568201,36874264.89633019,100,0,0
Z2,6,6,720,7176.0,0.100945,71088.216355,71760.0,1.0,2,27.604049,90719.192465,90719.192465,1732953.3413009,4895114.604877099,224510.94732920002,5252652.260568201,36874264.89633019,100,0,0
Z2,7,6,720,8768.0,0.100988,86822.196697,87680.0,1.0,2,27.604049,93865.988534,93865.988534,1732953.3413009,4895114.604877099,224510.94732920002,5252652.260568201,36874264.89633019,100,0,0
Z3,0,6,720,6760.0,0.323625,20888.37389,20928.0,1.0,2,27.604049,80679.223972,80679.223972,1732953.3413009,4895114.604877099,224510.94732920002,5252652.260568201,36874264.89633019,100,0,0
Z3,1,6,720,8320.0,0.100981,82391.737059,83200.0,1.0,2,27.604049,92979.896606,92979.896606,1732953.3413009,4895114.604877099,224510.94732920002,5252652.260568201,36874264.89633019,100,0,0
Z3,2,6,720,7800.0,0.101034,77201.73407,77224.0,1.0,2,27.604049,91941.896008,91941.896008,1732953.3413009,4895114.604877099,224510.94732920002,5252652.260568201,36874264.89633019,100,0,0
Z3,3,6,720,6928.0,0.100932,68640.272659,69280.0,1.0,2,27.604049,90229.603726,90229.603726,1732953.3413009,4895114.604877099,224510.94732920002,5252652.260568201,36874264.89633019,100,0,0
Z3,4,6,720,7472.0,0.100966,74005.110631,74720.0,1.0,2,27.604049,91302.571321,91302.571321,1732953.3413009,4895114.604877099,224510.94732920002,5252652.260568201,36874264.89633019,100,0,0
Z3,5,6,720,7416.0,0.100941,73468.65991,74160.0,1.0,2,27.604049,91195.281176,91195.281176,1732953.3413009,4895114.604877099,224510.94732920002,5252652.260568201,36874264.89633019,100,0,0
Z3,6,6,720,6760.0,0.10095,66963.843487,67600.0,1.0,2,27.604049,89894.317892,89894.317892,1732953.3413009,4895114.604877099,224510.94732920002,5252652.260568201,36874264.89633019,100,0,0
Z3,7,6,720,7600.0,0.100981,75261.682891,76000.0,1.0,2,27.604049,91553.885773,91553.885773,1732953.3413009,4895114.604877099,224510.94732920002,5252652.260568201,36874264.89633019,100,0,0
Z3,8,6,720,7600.0,0.101001,75246.779735,75240.0,1.0,2,27.604049,91550.905141,91550.905141,1732953.3413009,4895114.604877099,224510.94732920002,5252652.260568201,36874264.89633019,100,0,0
Z3,9,6,720,12912.0,0.101008,127831.458894,127840.0,1.0,2,27.604049,102067.840973,102067.840973,1732953.3413009,4895114.604877099,224510.94732920002,5252652.260568201,36874264.89633019,100,0,0
Z3,10,6,720,17552.0,0.101135,173550.205171,173776.0,1.0,2,27.604049,111211.590229,111211.590229,1732953.3413009,4895114.604877099,224510.94732920002,5252652.260568201,36874264.89633019,100,0,0
Z3,11,6,720,14968.0,0.101172,147946.072036,148192.0,1.0,2,27.604049,106090.763602,106090.763602,1732953.3413009,4895114.604877099,224510.94732920002,5252652.260568201,36874264.89633019,100,0,0
Z3,12,6,720,10336.0,0.101106,102229.343461,102336.0,1.0,2,27.604049,96947.417887,96947.417887,1732953.3413009,4895114.604877099,224510.94732920002,5252652.260568201,36874264.89633019,100,0,0
Z3,13,6,720,18344.0,0.10112,181408.227848,181616.0,1.0,2,27.604049,112783.194764,112783.194764,1732953.3413009,4895114.604877099,224510.94732920002,5252652.260568201,36874264.89633019,100,0,0
Z3,14,6,720,20456.0,0.101071,202392.377636,202528.0,1.0,2,27.604049,116980.024722,116980.024722,1732953.3413009,4895114.604877099,224510.94732920002,5252652.260568201,36874264.89633019,100,0,0
Z3,15,6,720,12480.0,0.10103,123527.66505,123560.0,1.0,2,27.604049,101207.082204,101207.082204,1732953.3413009,4895114.604877099,224510.94732920002,5252652.260568201,36874264.89633019,100,0,0
Z3,16,6,720,18912.0,0.10107,187117.839121,187240.0,1.0,2,27.604049,113925.117019,113925.117019,1732953.3413009,4895114.604877099,224510.94732920002,5252652.260568201,36874264.89633019,100,0,0
Z3,17,6,720,16112.0,0.10112,159335.443038,159520.0,1.0,2,27.604049,108368.637802,108368.637802,1732953.3413009,4895114.604877099,224510.94732920002,5252652.260568201,36874264.89633019,100,0,0
Z3,18,6,720,17456.0,0.101072,172708.564192,172824.0,1.0,2,27.604049,111043.262033,111043.262033,1732953.3413009,4895114.604877099,224510.94732920002,5252652.260568201,36874264.89633019,100,0,0
Z3,19,6,720,16088.0,0.101041,159222.493839,159280.0,1.0,2,27.604049,108346.047962,108346.047962,1732953.3413009,4895114.604877099,224510.94732920002,5252652.260568201,36874264.89633019,100,0,0
Z3,20,6,720,31984.0,0.101145,316219.289139,316672.0,1.0,2,27.604049,139745.407022,139745.407022,1732953.3413009,4895114.604877099,224510.94732920002,5252652.260568201,36874264.89633019,100,0,0
Z3,21,6,720,21472.0,0.101113,212356.472462,212592.0,1.0,2,27.604049,118972.843687,118972.843687,1732953.3413009,4895114.604877099,224510.94732920002,5252652.260568201,36874264.89633019,100,0,0
Z3,22,6,720,19320.0,0.101047,191198.155314,191280.0,1.0,2,27.604049,114741.180257,114741.180257,1732953.3413009,4895114.604877099,224510.94732920002,5252652.260568201,36874264.89633019,100,0,0
Z3,23,6,720,33040.0,0.101194,326501.571239,327128.0,1.0,2,27.604049,141801.863442,141801.863442,1732953.3413009,4895114.604877099,224510.94732920002,5252652.260568201,36874264.89633019,100,0,0
Z3,24,6,720,26472.0,0.10112,261787.974684,262096.0,1.0,2,27.604049,128859.144131,128859.144131,1732953.3413009,4895114.604877099,224510.94732920002,5252652.260568201,36874264.89633019,100,0,0
Z3,25,6,720,12984.0,0.101031,128515.010244,128552.0,1.0,2,27.604049,102204.551243,102204.551243,1732953.3413009,4895114.604877099,224510.94732920002,5252652.260568201,36874264.89633019,100,0,0
Z3,26,6,720,21128.0,0.100864,209470.177665,211280.0,1.0,2,27.604049,118395.584727,118395.584727,1732953.3413009,4895114.604877099,224510.94732920002,5252652.260568201,36874264.89633019,100,0,0
Z3,27,6,720,21576.0,0.100974,213678.768792,215760.0,1.0,2,27.604049,119237.302953,119237.302953,1732953.3413009,4895114.604877099,224510.94732920002,5252652.260568201,36874264.89633019,100,0,0
Z3,28,6,720,9568.0,0.100871,94853.8232,95680.0,1.0,2,27.604049,95472.313834,95472.313834,1732953.3413009,4895114.604877099,224510.94732920002,5252652.260568201,36874264.89633019,100,0,0
Z3,29,6,720,12800.0,0.100927,126824.338383,128000.0,1.0,2,27.604049,101866.416871,101866.416871,1732953.3413009,4895114.604877099,224510.94732920002,5252652.260568201,36874264.89633019,100,0,0
Z3,30,6,720,7048.0,0.100846,69888.741249,70480.0,1.0,2,27.604049,90479.297444,90479.297444,1732953.3413009,4895114.604877099,224510.94732920002,5252652.260568201,36874264.89633019,100,0,0
Z3,31,6,720,8656.0,0.100848,85832.143424,86560.0,1.0,2,27.604049,93667.977879,93667.977879,1732953.3413009,4895114.604877099,224510.94732920002,5252652.260568201,36874264.89633019,100,0,0
Z3,32,6,720,9488.0,0.100873,94058.866099,94880.0,1.0,2,27.604049,95313.322414,95313.322414,1732953.3413009,4895114.604877099,224510.94732920002,5252652.260568201,36874264.89633019,100,0,0
Z3,33,6,720,8424.0,0.100861,83520.885179,84240.0,1.0,2,27.604049,93205.72623,93205.72623,1732953.3413009,4895114.604877099,224510.94732920002,5252652.260568201,36874264.89633019,100,0,0
Z3,34,6,720,9328.0,0.100957,92395.772458,93280.0,1.0,2,27.604049,94980.703686,94980.703686,1732953.3413009,4895114.604877099,224510.94732920002,5252652.260568201,36874264.89633019,100,0,0
Z3,35,6,720,8680.0,0.100873,86048.794028,86800.0,1.0,2,27.604049,93711.308,93711.308,1732953.3413009,4895114.604877099,224510.94732920002,5252652.260568201,36874264.89633019,100,0,0
Z3,36,6,720,7160.0,0.100907,70956.425223,71600.0,1.0,2,27.604049,90692.834239,90692.834239,1732953.3413009,4895114.604877099,224510.94732920002,5252652.260568201,36874264.89633019,100,0,0
Z3,37,6,720,10360.0,0.100916,102659.637718,103600.0,1.0,2,27.604049,97033.476738,97033.476738,1732953.3413009,4895114.604877099,224510.94732920002,5252652.260568201,36874264.89633019,100,0,0
Z3,38,6,720,9048.0,0.1009,89672.943508,90480.0,1.0,2,27.604049,94436.137896,94436.137896,1732953.3413009,4895114.604877099,224510.94732920002,5252652.260568201,36874264.89633019,100,0,0
Z1,0,7,720,14352.0,0.322947,44440.728664,44568.0,1.0,2,33.124426,90693.413672,90693.413672,1732953.3413009,4895114.604877099,224510.94732920002,5252652.260568201,36874264.89633019,100,0,0
Z2,0,7,720,6624.0,0.323853,20453.724375,20504.0,1.0,2,33.124426,85896.012814,85896.012814,1732953.3413009,4895114.604877099,224510.94732920002,5252652.260568201,36874264.89633019,100,0,0
Z2,1,7,720,6792.0,0.100923,67298.831783,67920.0,1.0,2,33.124426,95265.034296,95265.034296,1732953.3413009,4895114.604877099,224510.94732920002,5252652.260568201,36874264.89633019,100,0,0
Z2,2,7,720,7408.0,0.101028,73326.206596,73344.0,1.0,2,33.124426,96470.509258,96470.509258,1732953.3413009,4895114.604877099,224510.94732920002,5252652.260568201,36874264.89633019,100,0,0
Z2,3,7,720,7464.0,0.101007,73895.868603,73896.0,1.0,2,33.124426,96584.44166,96584.44166,1732953.3413009,4895114.604877099,224510.94732920002,5252652.260568201,36874264.89633019,100,0,0
Z2,4,7,720,10144.0,0.101053,100382.967354,100432.0,1.0,2,33.124426,101881.86141,101881.86141,1732953.3413009,4895114.604877099,224510.94732920002,5252652.260568201,36874264.89633019,100,0,0
Z2,5,7,720,16856.0,0.101167,166615.595995,166888.0,1.0,2,33.124426,115128.387138,115128.387138,1732953.3413009,4895114.604877099,224510.94732920002,5252652.260568201,36874264.89633019,100,0,0
Z2,6,7,720,9672.0,0.101049,95715.939792,95760.0,1.0,2,33.124426,100948.455897,100948.455897,1732953.3413009,4895114.604877099,224510.94732920002,5252652.260568201,36874264.89633019,100,0,0
Z2,7,7,720,13368.0,0.101142,132170.611615,132352.0,1.0,2,33.124426,108239.390262,108239.390262,1732953.3413009,4895114.604877099,224510.94732920002,5252652.260568201,36874264.89633019,100,0,0
Z3,0,7,720,6656.0,0.324016,20542.195447,20536.0,1.0,2,33.124426,85913.707028,85913.707028,1732953.3413009,4895114.604877099,224510.94732920002,5252652.260568201,36874264.89633019,100,0,0
Z3,1,7,720,7664.0,0.100986,75891.707761,76640.0,1.0,2,33.124426,96983.609491,96983.609491,1732953.3413009,4895114.604877099,224510.94732920002,5252652.260568201,36874264.89633019,100,0,0
Z3,2,7,720,7664.0,0.101024,75863.161229,75880.0,1.0,2,33.124426,96977.900185,96977.900185,1732953.3413009,4895114.604877099,224510.94732920002,5252652.260568201,36874264.89633019,100,0,0
Z3,3,7,720,6920.0,0.101023,68499.252645,68512.0,1.0,2,33.124426,95505.118468,95505.118468,1732953.3413009,4895114.604877099,224510.94732920002,5252652.260568201,36874264.89633019,100,0,0
Z3,4,7,720,7504.0,0.101024,74279.379157,74296.0,1.0,2,33.124426,96661.14377,96661.14377,1732953.3413009,4895114.604877099,224510.94732920002,5252652.260568201,36874264.89633019,100,0,0
Z3,5,7,720,7480.0,0.100997,74061.60579,74800.0,1.0,2,33.124426,96617.589097,96617.589097,1732953.3413009,4895114.604877099,224510.94732920002,5252652.260568201,36874264.89633019,100,0,0
Z3,6,7,720,6728.0,0.100987,66622.436551,67280.0,1.0,2,33.124426,95129.755249,95129.755249,1732953.3413009,4895114.604877099,224510.94732920002,5252652.260568201,36874264.89633019,100,0,0
Z3,7,7,720,7632.0,0.101002,75562.860141,75560.0,1.0,2,33.124426,96917.839967,96917.839967,1732953.3413009,4895114.604877099,224510.94732920002,5252652.260568201,36874264.89633019,100,0,0
Z3,8,7,720,7392.0,0.101015,73177.250903,73184.0,1.0,2,33.124426,96440.71812,96440.71812,1732953.3413009,4895114.604877099,224510.94732920002,5252652.260568201,36874264.89633019,100,0,0
Z3,9,7,720,12800.0,0.101074,126639.887607,126728.0,1.0,2,33.124426,107133.24546,107133.24546,1732953.3413009,4895114.604877099,224510.94732920002,5252652.260568201,36874264.89633019,100,0,0
Z3,10,7,720,16760.0,0.101075,165817.46228,165936.0,1.0,2,33.124426,114968.760395,114968.760395,1732953.3413009,4895114.604877099,224510.94732920002,5252652.260568201,36874264.89633019,100,0,0
Z3,11,7,720,14104.0,0.10107,139546.848719,139640.0,1.0,2,33.124426,109714.637683,109714.637683,1732953.3413009,4895114.604877099,224510.94732920002,5252652.260568201,36874264.89633019,100,0,0
Z3,12,7,720,9704.0,0.10101,96069.69607,96072.0,1.0,2,33.124426,101019.207153,101019.207153,1732953.3413009,4895114.604877099,224510.94732920002,5252652.260568201,36874264.89633019,100,0,0
Z3,13,7,720,17248.0,0.101074,170647.248551,170768.0,1.0,2,33.124426,115934.717649,115934.717649,1732953.3413009,4895114.604877099,224510.94732920002,5252652.260568201,36874264.89633019,100,0,0
Z3,14,7,720,21552.0,0.101187,212991.787483,213384.0,1.0,2,33.124426,124403.625435,124403.625435,1732953.3413009,4895114.604877099,224510.94732920002,5252652.260568201,36874264.89633019,100,0,0
Z3,15,7,720,16688.0,0.101065,165121.456488,165224.0,1.0,2,33.124426,114829.559237,114829.559237,1732953.3413009,4895114.604877099,224510.94732920002,5252652.260568201,36874264.89633019,100,0,0
Z3,16,7,720,23312.0,0.100985,230846.165272,233120.0,1.0,2,33.124426,127974.500993,127974.500993,1732953.3413009,4895114.604877099,224510.94732920002,5252652.260568201,36874264.89633019,100,0,0
Z3,17,7,720,14952.0,0.101077,147926.828062,148032.0,1.0,2,33.124426,111390.633551,111390.633551,1732953.3413009,4895114.604877099,224510.94732920002,5252652.260568201,36874264.89633019,100,0,0
Z3,18,7,720,23928.0,0.10112,236629.746835,236904.0,1.0,2,33.124426,129131.217306,129131.217306,1732953.3413009,4895114.604877099,224510.94732920002,5252652.260568201,36874264.89633019,100,0,0
Z3,19,7,720,29544.0,0.101038,292404.837784,292512.0,1.0,2,33.124426,140286.235496,140286.235496,1732953.3413009,4895114.604877099,224510.94732920002,5252652.260568201,36874264.89633019,100,0,0
Z3,20,7,720,31920.0,0.101117,315673.922288,316032.0,1.0,2,33.124426,144940.052397,144940.052397,1732953.3413009,4895114.604877099,224510.94732920002,5252652.260568201,36874264.89633019,100,0,0
Z3,21,7,720,15096.0,0.101061,149375.129872,149464.0,1.0,2,33.124426,111680.293913,111680.293913,1732953.3413009,4895114.604877099,224510.94732920002,5252652.260568201,36874264.89633019,100,0,0
Z3,22,7,720,22296.0,0.101113,220505.770771,220752.0,1.0,2,33.124426,125906.422093,125906.422093,1732953.3413009,4895114.604877099,224510.94732920002,5252652.260568201,36874264.89633019,100,0,0
Z3,23,7,720,24272.0,0.101074,240140.886875,240312.0,1.0,2,33.124426,129833.445314,129833.445314,1732953.3413009,4895114.604877099,224510.94732920002,5252652.260568201,36874264.89633019,100,0,0
Z3,24,7,720,13368.0,0.101045,132297.491217,132352.0,1.0,2,33.124426,108264.766182,108264.766182,1732953.3413009,4895114.604877099,224510.94732920002,5252652.260568201,36874264.89633019,100,0,0
Z3,25,7,720,21768.0,0.101127,215254.086446,215520.0,1.0,2,33.124426,124856.085228,124856.085228,1732953.3413009,4895114.604877099,224510.94732920002,5252652.260568201,36874264.89633019,100,0,0
Z3,26,7,720,21680.0,0.101048,214551.500277,214648.0,1.0,2,33.124426,124715.567994,124715.567994,1732953.3413009,4895114.604877099,224510.94732920002,5252652.260568201,36874264.89633019,100,0,0
Z3,27,7,720,15008.0,0.100971,148636.737281,150080.0,1.0,2,33.124426,111532.615395,111532.615395,1732953.3413009,4895114.604877099,224510.94732920002,5252652.260568201,36874264.89633019,100,0,0
Z3,28,7,720,13424.0,0.100957,132967.501015,134240.0,1.0,2,33.124426,108398.768142,108398.768142,1732953.3413009,4895114.604877099,224510.94732920002,5252652.260568201,36874264.89633019,100,0,0
Z3,29,7,720,8064.0,0.101018,79827.357501,79840.0,1.0,2,33.124426,97770.739439,97770.739439,1732953.3413009,4895114.604877099,224510.94732920002,5252652.260568201,36874264.89633019,100,0,0
Z3,30,7,720,9424.0,0.100996,93310.626163,94240.0,1.0,2,33.124426,100467.393172,100467.393172,1732953.3413009,4895114.604877099,224510.94732920002,5252652.260568201,36874264.89633019,100,0,0
Z3,31,7,720,7368.0,0.100968,72973.615403,73680.0,1.0,2,33.124426,96399.99102,96399.99102,1732953.3413009,4895114.604877099,224510.94732920002,5252652.260568201,36874264.89633019,100,0,0
Z3,32,7,720,8792.0,0.100991,87057.262528,87920.0,1.0,2,33.124426,99216.720445,99216.720445,1732953.3413009,4895114.604877099,224510.94732920002,5252652.260568201,36874264.89633019,100,0,0
Z3,33,7,720,8568.0,0.100938,84883.790049,85680.0,1.0,2,33.124426,98782.025949,98782.025949,1732953.3413009,4895114.604877099,224510.94732920002,5252652.260568201,36874264.89633019,100,0,0
Z3,34,7,720,7064.0,0.100961,69967.611256,70640.0,1.0,2,33.124426,95798.79019,95798.79019,1732953.3413009,4895114.604877099,224510.94732920002,5252652.260568201,36874264.89633019,100,0,0
Z3,35,7,720,10104.0,0.101058,99982.188446,100032.0,1.0,2,33.124426,101801.705628,101801.705628,1732953.3413009,4895114.604877099,224510.94732920002,5252652.260568201,36874264.89633019,100,0,0
Z3,36,7,720,8640.0,0.101055,85497.996141,85544.0,1.0,2,33.124426,98904.867167,98904.867167,1732953.3413009,4895114.604877099,224510.94732920002,5252652.260568201,36874264.89633019,100,0,0
Z3,37,7,720,7168.0,0.100999,70970.999713,71680.0,1.0,2,33.124426,95999.467882,95999.467882,1732953.3413009,4895114.604877099,224510.94732920002,5252652.260568201,36874264.89633019,100,0,0
Z3,38,7,720,8160.0,0.101014,80780.881858,80792.0,1.0,2,33.124426,97961.444311,97961.444311,1732953.3413009,4895114.604877099,224510.94732920002,5252652.260568201,36874264.89633019,100,0,0
