Zone, Tile_no, Seg_no, Reso, Seg_d_size, Seg_d_time, Bitrate, Bitrate1, Buf_lev, Buf_limit, Elapsed, Ref_vp, Local_avg
Z1, 0, 1, 720, 9960.000000, 0.322758, 30859.033703, 30928.000000, 1.000000, 2, 0.000060, 30859.033703, 30859.033703
Z2, 0, 1, 720, 8952.000000, 0.323155, 27701.876808, 27712.000000, 1.000000, 2, 0.000060, 13850.938404, 13850.938404
Z2, 1, 1, 720, 5424.000000, 0.100945, 53732.230423, 54240.000000, 1.000000, 2, 0.000060, 17910.743474, 17910.743474
Z2, 2, 1, 720, 7080.000000, 0.418337, 16924.154450, 16936.000000, 1.000000, 2, 0.000060, 4231.038612, 4231.038612
Z2, 3, 1, 720, 18976.000000, 0.101036, 187814.244428, 187880.000000, 1.000000, 2, 0.000060, 37562.848886, 37562.848886
Z2, 4, 1, 720, 8720.000000, 0.100937, 86390.520820, 87200.000000, 1.000000, 2, 0.000060, 17278.104164, 17278.104164
Z2, 5, 1, 720, 8336.000000, 0.100956, 82570.624827, 83360.000000, 1.000000, 2, 0.000060, 16514.124965, 16514.124965
Z2, 6, 1, 720, 6376.000000, 0.100990, 63134.963858, 63760.000000, 1.000000, 2, 0.000060, 12626.992772, 12626.992772
Z2, 7, 1, 720, 6872.000000, 0.100957, 68068.583654, 68720.000000, 1.000000, 2, 0.000060, 13613.716731, 13613.716731
Z3, 0, 1, 720, 7080.000000, 0.325955, 21720.789680, 21784.000000, 1.000000, 2, 0.000060, 4344.157936, 4344.157936
Z3, 1, 1, 720, 7080.000000, 0.100935, 70144.152177, 70800.000000, 1.000000, 2, 0.000060, 14028.830435, 14028.830435
Z3, 2, 1, 720, 5664.000000, 0.100955, 56104.204844, 56640.000000, 1.000000, 2, 0.000060, 11220.840969, 11220.840969
Z3, 3, 1, 720, 7080.000000, 0.100934, 70144.847128, 70800.000000, 1.000000, 2, 0.000060, 14028.969426, 14028.969426
Z3, 4, 1, 720, 7080.000000, 0.100939, 70141.372512, 70800.000000, 1.000000, 2, 0.000060, 14028.274502, 14028.274502
Z3, 5, 1, 720, 5664.000000, 0.100958, 56102.537689, 56640.000000, 1.000000, 2, 0.000060, 11220.507538, 11220.507538
Z3, 6, 1, 720, 7080.000000, 0.100883, 70180.307881, 70800.000000, 1.000000, 2, 0.000060, 14036.061576, 14036.061576
Z3, 7, 1, 720, 7080.000000, 0.100923, 70152.492494, 70800.000000, 1.000000, 2, 0.000060, 14030.498499, 14030.498499
Z3, 8, 1, 720, 5664.000000, 0.100957, 56103.093396, 56640.000000, 1.000000, 2, 0.000060, 11220.618679, 11220.618679
Z3, 9, 1, 720, 7080.000000, 0.100997, 70101.092112, 70800.000000, 1.000000, 2, 0.000060, 14020.218422, 14020.218422
Z3, 10, 1, 720, 12904.000000, 0.101054, 127694.104142, 127760.000000, 1.000000, 2, 0.000060, 25538.820828, 25538.820828
Z3, 11, 1, 720, 17344.000000, 0.101065, 171612.328699, 171720.000000, 1.000000, 2, 0.000060, 34322.465740, 34322.465740
Z3, 12, 1, 720, 16912.000000, 0.101115, 167255.105573, 167440.000000, 1.000000, 2, 0.000060, 33451.021115, 33451.021115
Z3, 13, 1, 720, 13240.000000, 0.100937, 131170.928401, 132400.000000, 1.000000, 2, 0.000060, 26234.185680, 26234.185680
Z3, 14, 1, 720, 28328.000000, 0.101058, 280314.274971, 280472.000000, 1.000000, 2, 0.000060, 56062.854994, 56062.854994
Z3, 15, 1, 720, 30528.000000, 0.101086, 302000.276992, 302256.000000, 1.000000, 2, 0.000060, 60400.055398, 60400.055398
Z3, 16, 1, 720, 16360.000000, 0.101016, 161954.541855, 161976.000000, 1.000000, 2, 0.000060, 32390.908371, 32390.908371
Z3, 17, 1, 720, 33216.000000, 0.101082, 328604.499317, 328864.000000, 1.000000, 2, 0.000060, 65720.899863, 65720.899863
Z3, 18, 1, 720, 28000.000000, 0.101120, 276898.734177, 277224.000000, 1.000000, 2, 0.000060, 55379.746835, 55379.746835
Z3, 19, 1, 720, 15744.000000, 0.100977, 155916.693901, 157440.000000, 1.000000, 2, 0.000060, 31183.338780, 31183.338780
Z3, 20, 1, 720, 16024.000000, 0.101058, 158562.409705, 158648.000000, 1.000000, 2, 0.000060, 31712.481941, 31712.481941
Z3, 21, 1, 720, 11576.000000, 0.101064, 114541.280773, 114608.000000, 1.000000, 2, 0.000060, 22908.256155, 22908.256155
Z3, 22, 1, 720, 10816.000000, 0.101073, 107011.763775, 107088.000000, 1.000000, 2, 0.000060, 21402.352755, 21402.352755
Z3, 23, 1, 720, 13224.000000, 0.101025, 130898.292502, 130928.000000, 1.000000, 2, 0.000060, 26179.658500, 26179.658500
Z3, 24, 1, 720, 17528.000000, 0.101089, 173391.763693, 173544.000000, 1.000000, 2, 0.000060, 34678.352739, 34678.352739
Z3, 25, 1, 720, 23824.000000, 0.100900, 236114.965312, 238240.000000, 1.000000, 2, 0.000060, 47222.993062, 47222.993062
Z3, 26, 1, 720, 11024.000000, 0.414188, 26615.932861, 26624.000000, 1.000000, 2, 0.000060, 5323.186572, 5323.186572
Z3, 27, 1, 720, 15112.000000, 0.101016, 149600.063356, 149616.000000, 1.000000, 2, 0.000060, 29920.012671, 29920.012671
Z3, 28, 1, 720, 24552.000000, 0.101059, 242947.189266, 243088.000000, 1.000000, 2, 0.000060, 48589.437853, 48589.437853
Z3, 29, 1, 720, 10824.000000, 0.101057, 107107.869816, 107168.000000, 1.000000, 2, 0.000060, 21421.573963, 21421.573963
Z3, 30, 1, 720, 6872.000000, 0.100997, 68041.624999, 68720.000000, 1.000000, 2, 0.000060, 13608.325000, 13608.325000
Z3, 31, 1, 720, 6872.000000, 0.101010, 68032.868033, 68032.000000, 1.000000, 2, 0.000060, 13606.573607, 13606.573607
Z3, 32, 1, 720, 6376.000000, 0.101035, 63106.844163, 63128.000000, 1.000000, 2, 0.000060, 12621.368833, 12621.368833
Z3, 33, 1, 720, 6872.000000, 0.101018, 68027.480251, 68032.000000, 1.000000, 2, 0.000060, 13605.496050, 13605.496050
Z3, 34, 1, 720, 6872.000000, 0.101011, 68032.194513, 68032.000000, 1.000000, 2, 0.000060, 13606.438903, 13606.438903
Z3, 35, 1, 720, 6376.000000, 0.100980, 63141.216082, 63760.000000, 1.000000, 2, 0.000060, 12628.243216, 12628.243216
Z3, 36, 1, 720, 6872.000000, 0.405971, 16927.317468, 16960.000000, 1.000000, 2, 0.000060, 3385.463494, 3385.463494
Z3, 37, 1, 720, 6872.000000, 0.100968, 68061.167895, 68720.000000, 1.000000, 2, 0.000060, 13612.233579, 13612.233579
Z3, 38, 1, 720, 6376.000000, 0.100967, 63149.345826, 63760.000000, 1.000000, 2, 0.000060, 12629.869165, 12629.869165
Z1, 0, 2, 720, 7080.000000, 0.322191, 21974.543051, 21984.000000, 1.000000, 2, 6.458773, 17024.777775, 17024.777775
Z2, 0, 2, 720, 6624.000000, 0.323686, 20464.277108, 20504.000000, 1.000000, 2, 6.458773, 16722.724587, 16722.724587
Z2, 1, 2, 720, 5664.000000, 0.100973, 56094.203401, 56640.000000, 1.000000, 2, 6.458773, 23848.709845, 23848.709845
Z2, 2, 2, 720, 7080.000000, 0.100917, 70156.663397, 70800.000000, 1.000000, 2, 6.458773, 26661.201845, 26661.201845
Z2, 3, 2, 720, 12128.000000, 0.101116, 119941.453380, 120072.000000, 1.000000, 2, 6.458773, 36618.159841, 36618.159841
Z2, 4, 2, 720, 15344.000000, 0.101029, 151877.183779, 151920.000000, 1.000000, 2, 6.458773, 43005.305921, 43005.305921
Z2, 5, 2, 720, 9320.000000, 0.100973, 92301.902489, 93200.000000, 1.000000, 2, 6.458773, 31090.249663, 31090.249663
Z2, 6, 2, 720, 6376.000000, 0.100958, 63154.975336, 63760.000000, 1.000000, 2, 6.458773, 25260.864232, 25260.864232
Z2, 7, 2, 720, 6872.000000, 0.100955, 68069.932148, 68720.000000, 1.000000, 2, 6.458773, 26243.855595, 26243.855595
Z3, 0, 2, 720, 5424.000000, 0.463082, 11712.828398, 11712.000000, 1.000000, 2, 6.458773, 14972.434845, 14972.434845
Z3, 1, 2, 720, 7080.000000, 0.100997, 70101.092112, 70800.000000, 1.000000, 2, 6.458773, 26650.087588, 26650.087588
Z3, 2, 2, 720, 7080.000000, 0.100982, 70111.505021, 70800.000000, 1.000000, 2, 6.458773, 26652.170169, 26652.170169
Z3, 3, 2, 720, 5664.000000, 0.100956, 56103.649114, 56640.000000, 1.000000, 2, 6.458773, 23850.598988, 23850.598988
Z3, 4, 2, 720, 7080.000000, 0.100934, 70144.847128, 70800.000000, 1.000000, 2, 6.458773, 26658.838591, 26658.838591
Z3, 5, 2, 720, 7080.000000, 0.100944, 70137.898241, 70800.000000, 1.000000, 2, 6.458773, 26657.448813, 26657.448813
Z3, 6, 2, 720, 5664.000000, 0.100937, 56114.209854, 56640.000000, 1.000000, 2, 6.458773, 23852.711136, 23852.711136
Z3, 7, 2, 720, 7080.000000, 0.100960, 70126.782884, 70800.000000, 1.000000, 2, 6.458773, 26655.225742, 26655.225742
Z3, 8, 2, 720, 7080.000000, 0.100896, 70171.265461, 70800.000000, 1.000000, 2, 6.458773, 26664.122257, 26664.122257
Z3, 9, 2, 720, 12648.000000, 0.100863, 125397.816841, 126480.000000, 1.000000, 2, 6.458773, 37709.432533, 37709.432533
Z3, 10, 2, 720, 17112.000000, 0.100895, 169602.061549, 171120.000000, 1.000000, 2, 6.458773, 46550.281475, 46550.281475
Z3, 11, 2, 720, 15320.000000, 0.101044, 151617.117295, 151680.000000, 1.000000, 2, 6.458773, 42953.292624, 42953.292624
Z3, 12, 2, 720, 10704.000000, 0.100971, 106010.636717, 107040.000000, 1.000000, 2, 6.458773, 33831.996509, 33831.996509
Z3, 13, 2, 720, 18776.000000, 0.100913, 186061.260690, 187760.000000, 1.000000, 2, 6.458773, 49842.121303, 49842.121303
Z3, 14, 2, 720, 21848.000000, 0.663398, 32933.472817, 32952.000000, 1.000000, 2, 6.458773, 19216.563729, 19216.563729
Z3, 15, 2, 720, 12752.000000, 0.101004, 126252.425647, 126256.000000, 1.000000, 2, 6.458773, 37880.354294, 37880.354294
Z3, 16, 2, 720, 21856.000000, 0.101015, 216363.906351, 216392.000000, 1.000000, 2, 6.458773, 55902.650435, 55902.650435
Z3, 17, 2, 720, 16880.000000, 0.101020, 167095.624629, 167128.000000, 1.000000, 2, 6.458773, 46048.994091, 46048.994091
Z3, 18, 2, 720, 18392.000000, 0.101000, 182099.009901, 182096.000000, 1.000000, 2, 6.458773, 49049.671145, 49049.671145
Z3, 19, 2, 720, 9160.000000, 0.100973, 90717.320472, 91600.000000, 1.000000, 2, 6.458773, 30773.333260, 30773.333260
Z3, 20, 2, 720, 11592.000000, 0.100997, 114775.686407, 115920.000000, 1.000000, 2, 6.458773, 35585.006446, 35585.006446
Z3, 21, 2, 720, 9952.000000, 0.100914, 98618.625761, 99520.000000, 1.000000, 2, 6.458773, 32353.594317, 32353.594317
Z3, 22, 2, 720, 11064.000000, 0.101005, 109539.131726, 109544.000000, 1.000000, 2, 6.458773, 34537.695510, 34537.695510
Z3, 23, 2, 720, 14728.000000, 0.101049, 145751.071262, 145816.000000, 1.000000, 2, 6.458773, 41780.083418, 41780.083418
Z3, 24, 2, 720, 16264.000000, 0.101008, 161016.949153, 161024.000000, 1.000000, 2, 6.458773, 44833.258996, 44833.258996
Z3, 25, 2, 720, 9504.000000, 0.100865, 94224.954147, 95040.000000, 1.000000, 2, 6.458773, 31474.859994, 31474.859994
Z3, 26, 2, 720, 12688.000000, 0.101020, 125598.891309, 125616.000000, 1.000000, 2, 6.458773, 37749.647427, 37749.647427
Z3, 27, 2, 720, 17320.000000, 0.100984, 171512.318783, 173200.000000, 1.000000, 2, 6.458773, 46932.332922, 46932.332922
Z3, 28, 2, 720, 10632.000000, 0.100941, 105328.855470, 106320.000000, 1.000000, 2, 6.458773, 33695.640259, 33695.640259
Z3, 29, 2, 720, 8048.000000, 0.100966, 79710.001387, 80480.000000, 1.000000, 2, 6.458773, 28571.869442, 28571.869442
Z3, 30, 2, 720, 6376.000000, 0.100964, 63151.222218, 63760.000000, 1.000000, 2, 6.458773, 25260.113609, 25260.113609
Z3, 31, 2, 720, 6872.000000, 0.431903, 15910.980012, 15944.000000, 1.000000, 2, 6.458773, 15812.065168, 15812.065168
Z3, 32, 2, 720, 6872.000000, 0.100902, 68105.686706, 68720.000000, 1.000000, 2, 6.458773, 26251.006506, 26251.006506
Z3, 33, 2, 720, 6376.000000, 0.100842, 63227.623411, 63760.000000, 1.000000, 2, 6.458773, 25275.393847, 25275.393847
Z3, 34, 2, 720, 6872.000000, 0.100924, 68090.840633, 68720.000000, 1.000000, 2, 6.458773, 26248.037292, 26248.037292
Z3, 35, 2, 720, 6872.000000, 0.100921, 68092.864716, 68720.000000, 1.000000, 2, 6.458773, 26248.442108, 26248.442108
Z3, 36, 2, 720, 6376.000000, 0.100965, 63150.596741, 63760.000000, 1.000000, 2, 6.458773, 25259.988513, 25259.988513
Z3, 37, 2, 720, 6872.000000, 0.100962, 68065.212654, 68720.000000, 1.000000, 2, 6.458773, 26242.911696, 26242.911696
Z3, 38, 2, 720, 6872.000000, 0.100906, 68102.986938, 68720.000000, 1.000000, 2, 6.458773, 26250.466553, 26250.466553
Z1, 0, 3, 720, 15304.000000, 0.321973, 47531.935908, 47672.000000, 1.000000, 2, 13.011343, 35756.853734, 35756.853734
Z2, 0, 3, 720, 6624.000000, 0.322804, 20520.191819, 20568.000000, 1.000000, 2, 13.011343, 30354.504917, 30354.504917
Z2, 1, 3, 720, 5664.000000, 0.100875, 56148.698885, 56640.000000, 1.000000, 2, 13.011343, 37480.206330, 37480.206330
Z2, 2, 3, 720, 7080.000000, 0.100825, 70220.679395, 70800.000000, 1.000000, 2, 13.011343, 40294.602432, 40294.602432
Z2, 3, 3, 720, 7080.000000, 0.100884, 70179.612228, 70800.000000, 1.000000, 2, 13.011343, 40286.388998, 40286.388998
Z2, 4, 3, 720, 12544.000000, 0.100978, 124225.078730, 125440.000000, 1.000000, 2, 13.011343, 51095.482299, 51095.482299
Z2, 5, 3, 720, 18632.000000, 0.101052, 184380.319044, 184472.000000, 1.000000, 2, 13.011343, 63126.530362, 63126.530362
Z2, 6, 3, 720, 10240.000000, 0.100920, 101466.508125, 102400.000000, 1.000000, 2, 13.011343, 46543.768178, 46543.768178
Z2, 7, 3, 720, 8424.000000, 0.100878, 83506.810206, 84240.000000, 1.000000, 2, 13.011343, 42951.828594, 42951.828594
Z3, 0, 3, 720, 5424.000000, 1.529033, 3547.340051, 3544.000000, 1.000000, 2, 13.011343, 26959.934563, 26959.934563
Z3, 1, 3, 720, 7080.000000, 0.100956, 70129.561393, 70800.000000, 1.000000, 2, 13.011343, 40276.378831, 40276.378831
Z3, 2, 3, 720, 7080.000000, 0.100998, 70100.398028, 70800.000000, 1.000000, 2, 13.011343, 40270.546158, 40270.546158
Z3, 3, 3, 720, 5664.000000, 0.101011, 56073.100949, 56072.000000, 1.000000, 2, 13.011343, 37465.086743, 37465.086743
Z3, 4, 3, 720, 7080.000000, 0.101007, 70094.151890, 70096.000000, 1.000000, 2, 13.011343, 40269.296931, 40269.296931
Z3, 5, 3, 720, 7080.000000, 0.100998, 70100.398028, 70800.000000, 1.000000, 2, 13.011343, 40270.546158, 40270.546158
Z3, 6, 3, 720, 5664.000000, 0.100995, 56081.984257, 56640.000000, 1.000000, 2, 13.011343, 37466.863404, 37466.863404
Z3, 7, 3, 720, 7080.000000, 0.101019, 70085.825439, 70096.000000, 1.000000, 2, 13.011343, 40267.631641, 40267.631641
Z3, 8, 3, 720, 7080.000000, 0.101002, 70097.621829, 70096.000000, 1.000000, 2, 13.011343, 40269.990919, 40269.990919
Z3, 9, 3, 720, 14120.000000, 0.101058, 139721.743949, 139800.000000, 1.000000, 2, 13.011343, 54194.815343, 54194.815343
Z3, 10, 3, 720, 17536.000000, 0.101079, 173488.063792, 173616.000000, 1.000000, 2, 13.011343, 60948.079311, 60948.079311
Z3, 11, 3, 720, 16008.000000, 0.101064, 158394.680598, 158488.000000, 1.000000, 2, 13.011343, 57929.402673, 57929.402673
Z3, 12, 3, 720, 10896.000000, 0.100991, 107890.802151, 108960.000000, 1.000000, 2, 13.011343, 47828.626983, 47828.626983
Z3, 13, 3, 720, 19720.000000, 0.101113, 195029.323628, 195240.000000, 1.000000, 2, 13.011343, 65256.331278, 65256.331278
Z3, 14, 3, 720, 20104.000000, 0.101089, 198874.259316, 199048.000000, 1.000000, 2, 13.011343, 66025.318416, 66025.318416
Z3, 15, 3, 720, 12504.000000, 0.101066, 123721.132725, 123800.000000, 1.000000, 2, 13.011343, 50994.693098, 50994.693098
Z3, 16, 3, 720, 23072.000000, 0.101075, 228266.139006, 228432.000000, 1.000000, 2, 13.011343, 71903.694354, 71903.694354
Z3, 17, 3, 720, 18112.000000, 0.101064, 179213.171852, 179320.000000, 1.000000, 2, 13.011343, 62093.100923, 62093.100923
Z3, 18, 3, 720, 9664.000000, 0.100989, 95693.590391, 96640.000000, 1.000000, 2, 13.011343, 45389.184631, 45389.184631
Z3, 19, 3, 720, 12280.000000, 0.101076, 121492.738138, 121584.000000, 1.000000, 2, 13.011343, 50549.014180, 50549.014180
Z3, 20, 3, 720, 10368.000000, 0.101050, 102602.671945, 102648.000000, 1.000000, 2, 13.011343, 46771.000942, 46771.000942
Z3, 21, 3, 720, 10520.000000, 0.100925, 104235.818677, 105200.000000, 1.000000, 2, 13.011343, 47097.630288, 47097.630288
Z3, 22, 3, 720, 15288.000000, 0.101071, 151260.005343, 151360.000000, 1.000000, 2, 13.011343, 56502.467621, 56502.467621
Z3, 23, 3, 720, 16344.000000, 0.101005, 161813.771595, 161816.000000, 1.000000, 2, 13.011343, 58613.220872, 58613.220872
Z3, 24, 3, 720, 9016.000000, 0.101061, 89213.445345, 89264.000000, 1.000000, 2, 13.011343, 44093.155622, 44093.155622
Z3, 25, 3, 720, 13800.000000, 0.101043, 136575.517354, 136632.000000, 1.000000, 2, 13.011343, 53565.570024, 53565.570024
Z3, 26, 3, 720, 17664.000000, 0.101074, 174763.044898, 174888.000000, 1.000000, 2, 13.011343, 61203.075532, 61203.075532
Z3, 27, 3, 720, 9896.000000, 0.101046, 97935.593690, 97976.000000, 1.000000, 2, 13.011343, 45837.585291, 45837.585291
Z3, 28, 3, 720, 6376.000000, 0.100979, 63141.841373, 63760.000000, 1.000000, 2, 13.011343, 38878.834827, 38878.834827
Z3, 29, 3, 720, 6872.000000, 0.101026, 68022.093323, 68032.000000, 1.000000, 2, 13.011343, 39854.885217, 39854.885217
Z3, 30, 3, 720, 6872.000000, 0.101008, 68034.215112, 68032.000000, 1.000000, 2, 13.011343, 39857.309575, 39857.309575
Z3, 31, 3, 720, 6376.000000, 0.101007, 63124.337917, 63128.000000, 1.000000, 2, 13.011343, 38875.334136, 38875.334136
Z3, 32, 3, 720, 6872.000000, 0.100974, 68057.123616, 68720.000000, 1.000000, 2, 13.011343, 39861.891276, 39861.891276
Z3, 33, 3, 720, 6872.000000, 0.101012, 68031.521007, 68032.000000, 1.000000, 2, 13.011343, 39856.770754, 39856.770754
Z3, 34, 3, 720, 6376.000000, 0.100977, 63143.091991, 63760.000000, 1.000000, 2, 13.011343, 38879.084951, 38879.084951
Z3, 35, 3, 720, 6872.000000, 0.100985, 68049.710353, 68720.000000, 1.000000, 2, 13.011343, 39860.408623, 39860.408623
Z3, 36, 3, 720, 6872.000000, 0.101002, 68038.256668, 68032.000000, 1.000000, 2, 13.011343, 39858.117886, 39858.117886
Z3, 37, 3, 720, 6376.000000, 0.100999, 63129.337914, 63760.000000, 1.000000, 2, 13.011343, 38876.334136, 38876.334136
Z3, 38, 3, 720, 6872.000000, 0.101015, 68029.500569, 68032.000000, 1.000000, 2, 13.011343, 39856.366667, 39856.366667
Z1, 0, 4, 720, 7200.000000, 0.322462, 22328.212316, 22360.000000, 1.000000, 2, 19.737597, 44322.009130, 44322.009130
Z2, 0, 4, 720, 6624.000000, 0.324161, 20434.290368, 20440.000000, 1.000000, 2, 19.737597, 43943.224740, 43943.224740
Z2, 1, 4, 720, 6648.000000, 0.100962, 65846.556130, 66480.000000, 1.000000, 2, 19.737597, 53025.677893, 53025.677893
Z2, 2, 4, 720, 7296.000000, 0.100971, 72258.371215, 72960.000000, 1.000000, 2, 19.737597, 54308.040910, 54308.040910
Z2, 3, 4, 720, 17272.000000, 0.414180, 41701.675600, 41712.000000, 1.000000, 2, 19.737597, 48196.701787, 48196.701787
Z2, 4, 4, 720, 22592.000000, 0.101098, 223466.339591, 223680.000000, 1.000000, 2, 19.737597, 84549.634585, 84549.634585
Z2, 5, 4, 720, 17472.000000, 0.101080, 172853.185596, 172984.000000, 1.000000, 2, 19.737597, 74427.003786, 74427.003786
Z2, 6, 4, 720, 6424.000000, 0.100988, 63611.518200, 64240.000000, 1.000000, 2, 19.737597, 52578.670307, 52578.670307
Z2, 7, 4, 720, 6872.000000, 0.101016, 68028.827116, 68032.000000, 1.000000, 2, 19.737597, 53462.132090, 53462.132090
Z3, 0, 4, 720, 6448.000000, 0.640160, 10072.481880, 10072.000000, 1.000000, 2, 19.737597, 41870.863043, 41870.863043
Z3, 1, 4, 720, 7448.000000, 0.100966, 73767.406850, 74480.000000, 1.000000, 2, 19.737597, 54609.848037, 54609.848037
Z3, 2, 4, 720, 7424.000000, 0.100992, 73510.773131, 74240.000000, 1.000000, 2, 19.737597, 54558.521293, 54558.521293
Z3, 3, 4, 720, 6648.000000, 0.100995, 65825.040844, 66480.000000, 1.000000, 2, 19.737597, 53021.374835, 53021.374835
Z3, 4, 4, 720, 7224.000000, 0.101001, 71524.044316, 71520.000000, 1.000000, 2, 19.737597, 54161.175530, 54161.175530
Z3, 5, 4, 720, 7240.000000, 0.101030, 71661.882609, 71680.000000, 1.000000, 2, 19.737597, 54188.743189, 54188.743189
Z3, 6, 4, 720, 6648.000000, 0.101005, 65818.523835, 65816.000000, 1.000000, 2, 19.737597, 53020.071434, 53020.071434
Z3, 7, 4, 720, 7232.000000, 0.100992, 71609.632446, 72320.000000, 1.000000, 2, 19.737597, 54178.293156, 54178.293156
Z3, 8, 4, 720, 7296.000000, 0.100965, 72262.665280, 72960.000000, 1.000000, 2, 19.737597, 54308.899723, 54308.899723
Z3, 9, 4, 720, 16456.000000, 0.101081, 162800.130588, 162928.000000, 1.000000, 2, 19.737597, 72416.392784, 72416.392784
Z3, 10, 4, 720, 25392.000000, 0.101024, 251346.214761, 251400.000000, 1.000000, 2, 19.737597, 90125.609619, 90125.609619
Z3, 11, 4, 720, 21592.000000, 0.101015, 213750.433104, 213776.000000, 1.000000, 2, 19.737597, 82606.453287, 82606.453287
Z3, 12, 4, 720, 13528.000000, 0.100940, 134020.210026, 135280.000000, 1.000000, 2, 19.737597, 66660.408672, 66660.408672
Z3, 13, 4, 720, 29512.000000, 0.101054, 292041.878600, 292192.000000, 1.000000, 2, 19.737597, 98264.742387, 98264.742387
Z3, 14, 4, 720, 29688.000000, 0.101091, 293675.994896, 293936.000000, 1.000000, 2, 19.737597, 98591.565646, 98591.565646
Z3, 15, 4, 720, 16760.000000, 0.415457, 40341.118335, 40384.000000, 1.000000, 2, 19.737597, 47924.590334, 47924.590334
Z3, 16, 4, 720, 33128.000000, 0.101101, 327672.327672, 328000.000000, 1.000000, 2, 19.737597, 105390.832201, 105390.832201
Z3, 17, 4, 720, 26248.000000, 0.100997, 259888.907591, 262480.000000, 1.000000, 2, 19.737597, 91834.148185, 91834.148185
Z3, 18, 4, 720, 26240.000000, 0.101062, 259642.595634, 259800.000000, 1.000000, 2, 19.737597, 91784.885794, 91784.885794
Z3, 19, 4, 720, 14624.000000, 0.101013, 144773.445002, 144792.000000, 1.000000, 2, 19.737597, 68811.055667, 68811.055667
Z3, 20, 4, 720, 26816.000000, 0.101060, 265347.318425, 265504.000000, 1.000000, 2, 19.737597, 92925.830352, 92925.830352
Z3, 21, 4, 720, 23128.000000, 0.101031, 228919.836486, 228984.000000, 1.000000, 2, 19.737597, 85640.333964, 85640.333964
Z3, 22, 4, 720, 19440.000000, 0.101010, 192456.192456, 192472.000000, 1.000000, 2, 19.737597, 78347.605158, 78347.605158
Z3, 23, 4, 720, 29088.000000, 0.101110, 287686.677876, 288000.000000, 1.000000, 2, 19.737597, 97393.702242, 97393.702242
Z3, 24, 4, 720, 29840.000000, 0.101082, 295205.872460, 295440.000000, 1.000000, 2, 19.737597, 98897.541159, 98897.541159
Z3, 25, 4, 720, 17200.000000, 0.101033, 170241.406273, 170296.000000, 1.000000, 2, 19.737597, 73904.647921, 73904.647921
Z3, 26, 4, 720, 25664.000000, 0.101055, 253960.714462, 254096.000000, 1.000000, 2, 19.737597, 90648.509559, 90648.509559
Z3, 27, 4, 720, 26808.000000, 0.101073, 265234.038764, 265424.000000, 1.000000, 2, 19.737597, 92903.174419, 92903.174419
Z3, 28, 4, 720, 12720.000000, 0.100938, 126017.951614, 127200.000000, 1.000000, 2, 19.737597, 65059.956989, 65059.956989
Z3, 29, 4, 720, 11496.000000, 0.101014, 113806.007088, 113816.000000, 1.000000, 2, 19.737597, 62617.568084, 62617.568084
Z3, 30, 4, 720, 6448.000000, 0.100931, 63885.228522, 64480.000000, 1.000000, 2, 19.737597, 52633.412371, 52633.412371
Z3, 31, 4, 720, 7200.000000, 0.100966, 71311.134441, 72000.000000, 1.000000, 2, 19.737597, 54118.593555, 54118.593555
Z3, 32, 4, 720, 7520.000000, 0.100957, 74487.157899, 75200.000000, 1.000000, 2, 19.737597, 54753.798246, 54753.798246
Z3, 33, 4, 720, 6728.000000, 0.100960, 66640.253566, 67280.000000, 1.000000, 2, 19.737597, 53184.417380, 53184.417380
Z3, 34, 4, 720, 7224.000000, 0.100956, 71555.925354, 72240.000000, 1.000000, 2, 19.737597, 54167.551737, 54167.551737
Z3, 35, 4, 720, 7256.000000, 0.100943, 71882.151313, 72560.000000, 1.000000, 2, 19.737597, 54232.796929, 54232.796929
Z3, 36, 4, 720, 6544.000000, 0.100934, 64834.446272, 65440.000000, 1.000000, 2, 19.737597, 52823.255921, 52823.255921
Z3, 37, 4, 720, 12272.000000, 0.100981, 121527.812163, 122720.000000, 1.000000, 2, 19.737597, 64161.929099, 64161.929099
Z3, 38, 4, 720, 8544.000000, 0.100958, 84629.251768, 85440.000000, 1.000000, 2, 19.737597, 56782.217020, 56782.217020
Z1, 0, 5, 720, 8792.000000, 0.322975, 27221.921201, 27304.000000, 1.000000, 2, 26.205076, 62226.601261, 62226.601261
Z2, 0, 5, 720, 6624.000000, 0.323217, 20493.971542, 20504.000000, 1.000000, 2, 26.205076, 60881.011329, 60881.011329
Z2, 1, 5, 720, 7616.000000, 0.100889, 75488.903647, 76160.000000, 1.000000, 2, 26.205076, 71879.997750, 71879.997750
Z2, 2, 5, 720, 8816.000000, 0.100930, 87347.666700, 88160.000000, 1.000000, 2, 26.205076, 74251.750360, 74251.750360
Z2, 3, 5, 720, 14976.000000, 0.101079, 148161.339151, 148272.000000, 1.000000, 2, 26.205076, 86414.484850, 86414.484850
Z2, 4, 5, 720, 20272.000000, 0.101032, 200649.299232, 200712.000000, 1.000000, 2, 26.205076, 96912.076867, 96912.076867
Z2, 5, 5, 720, 21272.000000, 0.101112, 210380.568083, 210608.000000, 1.000000, 2, 26.205076, 98858.330637, 98858.330637
Z2, 6, 5, 720, 9680.000000, 0.100945, 95893.803556, 96800.000000, 1.000000, 2, 26.205076, 75960.977732, 75960.977732
Z2, 7, 5, 720, 12888.000000, 0.100921, 127703.847564, 128880.000000, 1.000000, 2, 26.205076, 82322.986533, 82322.986533
Z3, 0, 5, 720, 7712.000000, 0.323170, 23863.601201, 23872.000000, 1.000000, 2, 26.205076, 61554.937260, 61554.937260
Z3, 1, 5, 720, 9624.000000, 0.100917, 95365.498380, 96240.000000, 1.000000, 2, 26.205076, 75855.316696, 75855.316696
Z3, 2, 5, 720, 9096.000000, 0.100995, 90063.864548, 90960.000000, 1.000000, 2, 26.205076, 74794.989930, 74794.989930
Z3, 3, 5, 720, 7632.000000, 0.100951, 75601.034165, 76320.000000, 1.000000, 2, 26.205076, 71902.423853, 71902.423853
Z3, 4, 5, 720, 8304.000000, 0.100981, 82233.291411, 83040.000000, 1.000000, 2, 26.205076, 73228.875303, 73228.875303
Z3, 5, 5, 720, 8504.000000, 0.100896, 84284.808119, 85040.000000, 1.000000, 2, 26.205076, 73639.178644, 73639.178644
Z3, 6, 5, 720, 7384.000000, 0.100943, 73150.193674, 73840.000000, 1.000000, 2, 26.205076, 71412.255755, 71412.255755
Z3, 7, 5, 720, 8968.000000, 0.100972, 88816.701660, 89680.000000, 1.000000, 2, 26.205076, 74545.557352, 74545.557352
Z3, 8, 5, 720, 8912.000000, 0.100970, 88263.840745, 89120.000000, 1.000000, 2, 26.205076, 74434.985169, 74434.985169
Z3, 9, 5, 720, 16688.000000, 0.101041, 165160.677349, 165224.000000, 1.000000, 2, 26.205076, 89814.352490, 89814.352490
Z3, 10, 5, 720, 23832.000000, 0.101046, 235852.977852, 235960.000000, 1.000000, 2, 26.205076, 103952.812591, 103952.812591
Z3, 11, 5, 720, 21144.000000, 0.101731, 207842.250641, 209344.000000, 1.000000, 2, 26.205076, 98350.667149, 98350.667149
Z3, 12, 5, 720, 14272.000000, 0.101026, 141270.564013, 141304.000000, 1.000000, 2, 26.205076, 85036.329823, 85036.329823
Z3, 13, 5, 720, 27640.000000, 0.101045, 273541.491415, 273656.000000, 1.000000, 2, 26.205076, 111490.515303, 111490.515303
Z3, 14, 5, 720, 33288.000000, 0.101035, 329469.985649, 329584.000000, 1.000000, 2, 26.205076, 122676.214150, 122676.214150
Z3, 15, 5, 720, 17576.000000, 0.101016, 173992.238853, 174016.000000, 1.000000, 2, 26.205076, 91580.664791, 91580.664791
Z3, 16, 5, 720, 34872.000000, 0.101024, 345185.302502, 345264.000000, 1.000000, 2, 26.205076, 125819.277521, 125819.277521
Z3, 17, 5, 720, 27336.000000, 0.101023, 270591.845421, 270648.000000, 1.000000, 2, 26.205076, 110900.586105, 110900.586105
Z3, 18, 5, 720, 25312.000000, 0.101019, 250566.725072, 250608.000000, 1.000000, 2, 26.205076, 106895.562035, 106895.562035
Z3, 19, 5, 720, 18312.000000, 0.100877, 181527.999445, 183120.000000, 1.000000, 2, 26.205076, 93087.816909, 93087.816909
Z3, 20, 5, 720, 41432.000000, 0.100997, 410230.006832, 414320.000000, 1.000000, 2, 26.205076, 138828.218387, 138828.218387
Z3, 21, 5, 720, 36760.000000, 0.101097, 363611.185297, 363960.000000, 1.000000, 2, 26.205076, 129504.454080, 129504.454080
Z3, 22, 5, 720, 21272.000000, 0.101026, 210559.657910, 210608.000000, 1.000000, 2, 26.205076, 98894.148602, 98894.148602
Z3, 23, 5, 720, 43464.000000, 0.101070, 430038.587118, 430336.000000, 1.000000, 2, 26.205076, 142789.934444, 142789.934444
Z3, 24, 5, 720, 42000.000000, 0.101035, 415697.530559, 415840.000000, 1.000000, 2, 26.205076, 139921.723132, 139921.723132
Z3, 25, 5, 720, 20304.000000, 0.101033, 200964.041452, 201024.000000, 1.000000, 2, 26.205076, 96975.025311, 96975.025311
Z3, 26, 5, 720, 32736.000000, 0.101036, 324003.325547, 324112.000000, 1.000000, 2, 26.205076, 121582.882130, 121582.882130
Z3, 27, 5, 720, 34608.000000, 0.101026, 342565.280225, 342648.000000, 1.000000, 2, 26.205076, 125295.273065, 125295.273065
Z3, 28, 5, 720, 13208.000000, 0.100935, 130856.491802, 132080.000000, 1.000000, 2, 26.205076, 82953.515381, 82953.515381
Z3, 29, 5, 720, 16320.000000, 0.100931, 161694.623059, 163200.000000, 1.000000, 2, 26.205076, 89121.141632, 89121.141632
Z3, 30, 5, 720, 8752.000000, 0.101040, 86619.160728, 86648.000000, 1.000000, 2, 26.205076, 74106.049166, 74106.049166
Z3, 31, 5, 720, 12760.000000, 0.100989, 126350.394597, 127600.000000, 1.000000, 2, 26.205076, 82052.295940, 82052.295940
Z3, 32, 5, 720, 15440.000000, 0.100899, 153024.311440, 154400.000000, 1.000000, 2, 26.205076, 87387.079308, 87387.079308
Z3, 33, 5, 720, 10000.000000, 0.100905, 99103.116793, 100000.000000, 1.000000, 2, 26.205076, 76602.840379, 76602.840379
Z3, 34, 5, 720, 15200.000000, 0.100936, 150590.473171, 152000.000000, 1.000000, 2, 26.205076, 86900.311655, 86900.311655
Z3, 35, 5, 720, 18352.000000, 0.101005, 181693.975546, 181696.000000, 1.000000, 2, 26.205076, 93121.012129, 93121.012129
Z3, 36, 5, 720, 11224.000000, 0.101011, 111116.611062, 111128.000000, 1.000000, 2, 26.205076, 79005.539233, 79005.539233
Z3, 37, 5, 720, 23240.000000, 0.101040, 230007.917656, 230096.000000, 1.000000, 2, 26.205076, 102783.800552, 102783.800552
Z3, 38, 5, 720, 16824.000000, 0.101063, 166470.419441, 166568.000000, 1.000000, 2, 26.205076, 90076.300909, 90076.300909
Z1, 0, 6, 720, 7488.000000, 0.968320, 7732.980833, 7728.000000, 1.000000, 2, 31.727609, 78993.027910, 78993.027910
Z2, 0, 6, 720, 6624.000000, 0.323829, 20455.240266, 20504.000000, 1.000000, 2, 31.727609, 81537.479797, 81537.479797
Z2, 1, 6, 720, 6768.000000, 0.101051, 66976.081385, 67008.000000, 1.000000, 2, 31.727609, 90841.648020, 90841.648020
Z2, 2, 6, 720, 7752.000000, 0.100968, 76776.800570, 77520.000000, 1.000000, 2, 31.727609, 92801.791857, 92801.791857
Z2, 3, 6, 720, 10768.000000, 0.101064, 106546.346869, 106608.000000, 1.000000, 2, 31.727609, 98755.701117, 98755.701117
Z2, 4, 6, 720, 14912.000000, 0.101139, 147440.650985, 147640.000000, 1.000000, 2, 31.727609, 106934.561940, 106934.561940
Z2, 5, 6, 720, 14376.000000, 0.100945, 142414.185943, 143760.000000, 1.000000, 2, 31.727609, 105929.268932, 105929.268932
Z2, 6, 6, 720, 7176.000000, 0.100848, 71156.592099, 71760.000000, 1.000000, 2, 31.727609, 91677.750163, 91677.750163
Z2, 7, 6, 720, 8768.000000, 0.101027, 86788.680254, 86808.000000, 1.000000, 2, 31.727609, 94804.167794, 94804.167794
Z3, 0, 6, 720, 6760.000000, 0.324246, 20848.368214, 20864.000000, 1.000000, 2, 31.727609, 81616.105386, 81616.105386
Z3, 1, 6, 720, 8320.000000, 0.100947, 82419.487454, 83200.000000, 1.000000, 2, 31.727609, 93930.329234, 93930.329234
Z3, 2, 6, 720, 7800.000000, 0.101011, 77219.312748, 77224.000000, 1.000000, 2, 31.727609, 92890.294293, 92890.294293
Z3, 3, 6, 720, 6928.000000, 0.100944, 68632.112855, 69280.000000, 1.000000, 2, 31.727609, 91172.854314, 91172.854314
Z3, 4, 6, 720, 7472.000000, 0.101049, 73944.324041, 73976.000000, 1.000000, 2, 31.727609, 92235.296552, 92235.296552
Z3, 5, 6, 720, 7416.000000, 0.105208, 70488.936203, 70624.000000, 1.000000, 2, 31.727609, 91544.218984, 91544.218984
Z3, 6, 6, 720, 6760.000000, 0.101014, 66921.416833, 66928.000000, 1.000000, 2, 31.727609, 90830.715110, 90830.715110
Z3, 7, 6, 720, 7600.000000, 0.100951, 75284.048697, 76000.000000, 1.000000, 2, 31.727609, 92503.241483, 92503.241483
Z3, 8, 6, 720, 7600.000000, 0.100968, 75271.373108, 76000.000000, 1.000000, 2, 31.727609, 92500.706365, 92500.706365
Z3, 9, 6, 720, 12912.000000, 0.101065, 127759.362786, 127840.000000, 1.000000, 2, 31.727609, 102998.304301, 102998.304301
Z3, 10, 6, 720, 17552.000000, 0.101044, 173706.504097, 173776.000000, 1.000000, 2, 31.727609, 112187.732563, 112187.732563
Z3, 11, 6, 720, 14968.000000, 0.101008, 148186.282275, 148192.000000, 1.000000, 2, 31.727609, 107083.688198, 107083.688198
Z3, 12, 6, 720, 10336.000000, 0.101023, 102313.334587, 102336.000000, 1.000000, 2, 31.727609, 97909.098661, 97909.098661
Z3, 13, 6, 720, 18344.000000, 0.101094, 181454.883574, 181616.000000, 1.000000, 2, 31.727609, 113737.408458, 113737.408458
Z3, 14, 6, 720, 20456.000000, 0.101022, 202490.546614, 202528.000000, 1.000000, 2, 31.727609, 117944.541066, 117944.541066
Z3, 15, 6, 720, 12480.000000, 0.100818, 123787.418913, 124800.000000, 1.000000, 2, 31.727609, 102203.915526, 102203.915526
Z3, 16, 6, 720, 18912.000000, 0.100983, 187279.046968, 189120.000000, 1.000000, 2, 31.727609, 114902.241137, 114902.241137
Z3, 17, 6, 720, 16112.000000, 0.100928, 159638.554217, 161120.000000, 1.000000, 2, 31.727609, 109374.142587, 109374.142587
Z3, 18, 6, 720, 17456.000000, 0.100920, 172968.688070, 174560.000000, 1.000000, 2, 31.727609, 112040.169357, 112040.169357
Z3, 19, 6, 720, 16088.000000, 0.100953, 159361.286936, 160880.000000, 1.000000, 2, 31.727609, 109318.689130, 109318.689130
Z3, 20, 6, 720, 31984.000000, 0.101068, 316460.205010, 316672.000000, 1.000000, 2, 31.727609, 140738.472745, 140738.472745
Z3, 21, 6, 720, 21472.000000, 0.100997, 212600.374269, 214720.000000, 1.000000, 2, 31.727609, 119966.506597, 119966.506597
Z3, 22, 6, 720, 19320.000000, 0.100987, 191311.752998, 193200.000000, 1.000000, 2, 31.727609, 115708.782343, 115708.782343
Z3, 23, 6, 720, 33040.000000, 0.517604, 63832.582438, 63904.000000, 1.000000, 2, 31.727609, 90212.948231, 90212.948231
Z3, 24, 6, 720, 26472.000000, 0.100974, 262166.498306, 264720.000000, 1.000000, 2, 31.727609, 129879.731405, 129879.731405
Z3, 25, 6, 720, 12984.000000, 0.100991, 128565.911814, 129840.000000, 1.000000, 2, 31.727609, 103159.614106, 103159.614106
Z3, 26, 6, 720, 21128.000000, 0.101024, 209138.422553, 209184.000000, 1.000000, 2, 31.727609, 119274.116254, 119274.116254
Z3, 27, 6, 720, 21576.000000, 0.101024, 213573.012354, 213616.000000, 1.000000, 2, 31.727609, 120161.034214, 120161.034214
Z3, 28, 6, 720, 9568.000000, 0.100960, 94770.206022, 95680.000000, 1.000000, 2, 31.727609, 96400.472948, 96400.472948
Z3, 29, 6, 720, 12800.000000, 0.101028, 126697.549194, 126728.000000, 1.000000, 2, 31.727609, 102785.941582, 102785.941582
Z3, 30, 6, 720, 7048.000000, 0.100875, 69868.649318, 70480.000000, 1.000000, 2, 31.727609, 91420.161607, 91420.161607
Z3, 31, 6, 720, 8656.000000, 0.100975, 85724.189156, 86560.000000, 1.000000, 2, 31.727609, 94591.269575, 94591.269575
Z3, 32, 6, 720, 9488.000000, 0.100966, 93972.228275, 94880.000000, 1.000000, 2, 31.727609, 96240.877398, 96240.877398
Z3, 33, 6, 720, 8424.000000, 0.100879, 83505.982415, 84240.000000, 1.000000, 2, 31.727609, 94147.628226, 94147.628226
Z3, 34, 6, 720, 9328.000000, 0.100936, 92414.995641, 93280.000000, 1.000000, 2, 31.727609, 95929.430872, 95929.430872
Z3, 35, 6, 720, 8680.000000, 0.100872, 86049.647077, 86800.000000, 1.000000, 2, 31.727609, 94656.361159, 94656.361159
Z3, 36, 6, 720, 7160.000000, 0.435705, 16433.137100, 16456.000000, 1.000000, 2, 31.727609, 80733.059163, 80733.059163
Z3, 37, 6, 720, 10360.000000, 0.100895, 102681.005005, 103600.000000, 1.000000, 2, 31.727609, 97982.632744, 97982.632744
Z3, 38, 6, 720, 9048.000000, 0.100985, 89597.464970, 90480.000000, 1.000000, 2, 31.727609, 95365.924737, 95365.924737
