Zone, Tile_no, Seg_no, Reso, Seg_d_size, Seg_d_time, Bitrate, Bitrate1, Buf_lev, Buf_limit, Elapsed, Ref_vp, Local_avg
Z1, 0, 1, 720, 9960.000000, 0.323279, 30809.300944, 30832.000000, 1.000000, 2, 0.000062, 30809.300944, 30809.300944
Z2, 0, 1, 720, 8952.000000, 0.323317, 27687.996610, 27712.000000, 1.000000, 2, 0.000062, 13843.998305, 13843.998305
Z2, 1, 1, 720, 5424.000000, 0.100974, 53716.798384, 54240.000000, 1.000000, 2, 0.000062, 17905.599461, 17905.599461
Z2, 2, 1, 720, 7080.000000, 0.100994, 70103.174446, 70800.000000, 1.000000, 2, 0.000062, 17525.793612, 17525.793612
Z2, 3, 1, 720, 18976.000000, 0.101070, 187751.063619, 187880.000000, 1.000000, 2, 0.000062, 37550.212724, 37550.212724
Z2, 4, 1, 720, 8720.000000, 0.100999, 86337.488490, 87200.000000, 1.000000, 2, 0.000062, 17267.497698, 17267.497698
Z2, 5, 1, 720, 8336.000000, 0.101019, 82519.130065, 82528.000000, 1.000000, 2, 0.000062, 16503.826013, 16503.826013
Z2, 6, 1, 720, 6376.000000, 0.100963, 63151.847707, 63760.000000, 1.000000, 2, 0.000062, 12630.369541, 12630.369541
Z2, 7, 1, 720, 6872.000000, 0.101086, 67981.718537, 68032.000000, 1.000000, 2, 0.000062, 13596.343707, 13596.343707
Z3, 0, 1, 720, 7080.000000, 0.322869, 21928.398205, 21984.000000, 1.000000, 2, 0.000062, 4385.679641, 4385.679641
Z3, 1, 1, 720, 7080.000000, 0.101003, 70096.927814, 70096.000000, 1.000000, 2, 0.000062, 14019.385563, 14019.385563
Z3, 2, 1, 720, 5664.000000, 0.100997, 56080.873689, 56640.000000, 1.000000, 2, 0.000062, 11216.174738, 11216.174738
Z3, 3, 1, 720, 7080.000000, 0.100954, 70130.950730, 70800.000000, 1.000000, 2, 0.000062, 14026.190146, 14026.190146
Z3, 4, 1, 720, 7080.000000, 0.100974, 70117.059837, 70800.000000, 1.000000, 2, 0.000062, 14023.411967, 14023.411967
Z3, 5, 1, 720, 5664.000000, 0.100964, 56099.203677, 56640.000000, 1.000000, 2, 0.000062, 11219.840735, 11219.840735
Z3, 6, 1, 720, 7080.000000, 0.100950, 70133.729569, 70800.000000, 1.000000, 2, 0.000062, 14026.745914, 14026.745914
Z3, 7, 1, 720, 7080.000000, 0.101012, 70090.682295, 70096.000000, 1.000000, 2, 0.000062, 14018.136459, 14018.136459
Z3, 8, 1, 720, 5664.000000, 0.100940, 56112.542104, 56640.000000, 1.000000, 2, 0.000062, 11222.508421, 11222.508421
Z3, 9, 1, 720, 7080.000000, 0.101013, 70089.988417, 70096.000000, 1.000000, 2, 0.000062, 14017.997683, 14017.997683
Z3, 10, 1, 720, 12904.000000, 0.100992, 127772.496831, 129040.000000, 1.000000, 2, 0.000062, 25554.499366, 25554.499366
Z3, 11, 1, 720, 17344.000000, 0.101012, 171702.371995, 171720.000000, 1.000000, 2, 0.000062, 34340.474399, 34340.474399
Z3, 12, 1, 720, 16912.000000, 0.101012, 167425.652398, 167440.000000, 1.000000, 2, 0.000062, 33485.130480, 33485.130480
Z3, 13, 1, 720, 13240.000000, 0.101063, 131007.391429, 131088.000000, 1.000000, 2, 0.000062, 26201.478286, 26201.478286
Z3, 14, 1, 720, 28328.000000, 0.339152, 83525.970656, 83560.000000, 1.000000, 2, 0.000062, 16705.194131, 16705.194131
Z3, 15, 1, 720, 30528.000000, 0.101146, 301821.129852, 302256.000000, 1.000000, 2, 0.000062, 60364.225970, 60364.225970
Z3, 16, 1, 720, 16360.000000, 0.101076, 161858.403578, 161976.000000, 1.000000, 2, 0.000062, 32371.680716, 32371.680716
Z3, 17, 1, 720, 33216.000000, 0.101101, 328542.744384, 328864.000000, 1.000000, 2, 0.000062, 65708.548877, 65708.548877
Z3, 18, 1, 720, 28000.000000, 0.101107, 276934.336891, 277224.000000, 1.000000, 2, 0.000062, 55386.867378, 55386.867378
Z3, 19, 1, 720, 15744.000000, 0.101052, 155800.973756, 155880.000000, 1.000000, 2, 0.000062, 31160.194751, 31160.194751
Z3, 20, 1, 720, 16024.000000, 0.101126, 158455.787829, 158648.000000, 1.000000, 2, 0.000062, 31691.157566, 31691.157566
Z3, 21, 1, 720, 11576.000000, 0.101061, 114544.680935, 114608.000000, 1.000000, 2, 0.000062, 22908.936187, 22908.936187
Z3, 22, 1, 720, 10816.000000, 0.101003, 107085.928141, 107088.000000, 1.000000, 2, 0.000062, 21417.185628, 21417.185628
Z3, 23, 1, 720, 13224.000000, 0.101040, 130878.859857, 130928.000000, 1.000000, 2, 0.000062, 26175.771971, 26175.771971
Z3, 24, 1, 720, 17528.000000, 0.101126, 173328.323082, 173544.000000, 1.000000, 2, 0.000062, 34665.664616, 34665.664616
Z3, 25, 1, 720, 23824.000000, 0.520320, 45787.207872, 45808.000000, 1.000000, 2, 0.000062, 9157.441574, 9157.441574
Z3, 26, 1, 720, 11024.000000, 0.101077, 109065.366008, 109144.000000, 1.000000, 2, 0.000062, 21813.073202, 21813.073202
Z3, 27, 1, 720, 15112.000000, 0.101048, 149552.687832, 149616.000000, 1.000000, 2, 0.000062, 29910.537566, 29910.537566
Z3, 28, 1, 720, 24552.000000, 0.101058, 242949.593303, 243088.000000, 1.000000, 2, 0.000062, 48589.918661, 48589.918661
Z3, 29, 1, 720, 10824.000000, 0.101057, 107107.869816, 107168.000000, 1.000000, 2, 0.000062, 21421.573963, 21421.573963
Z3, 30, 1, 720, 6872.000000, 0.100963, 68064.538494, 68720.000000, 1.000000, 2, 0.000062, 13612.907699, 13612.907699
Z3, 31, 1, 720, 6872.000000, 0.100986, 68049.036500, 68720.000000, 1.000000, 2, 0.000062, 13609.807300, 13609.807300
Z3, 32, 1, 720, 6376.000000, 0.100971, 63146.844143, 63760.000000, 1.000000, 2, 0.000062, 12629.368829, 12629.368829
Z3, 33, 1, 720, 6872.000000, 0.101000, 68039.603960, 68032.000000, 1.000000, 2, 0.000062, 13607.920792, 13607.920792
Z3, 34, 1, 720, 6872.000000, 0.100997, 68041.624999, 68720.000000, 1.000000, 2, 0.000062, 13608.325000, 13608.325000
Z3, 35, 1, 720, 6376.000000, 0.100967, 63149.345826, 63760.000000, 1.000000, 2, 0.000062, 12629.869165, 12629.869165
Z3, 36, 1, 720, 6872.000000, 0.100993, 68044.319903, 68720.000000, 1.000000, 2, 0.000062, 13608.863981, 13608.863981
Z3, 37, 1, 720, 6872.000000, 0.100951, 68072.629295, 68720.000000, 1.000000, 2, 0.000062, 13614.525859, 13614.525859
Z3, 38, 1, 720, 6376.000000, 0.100968, 63148.720387, 63760.000000, 1.000000, 2, 0.000062, 12629.744077, 12629.744077
Z1, 0, 2, 720, 9320.000000, 0.322522, 28897.253521, 28944.000000, 1.000000, 2, 6.179391, 18409.194781, 18409.194781
Z2, 0, 2, 720, 6624.000000, 0.323175, 20496.634950, 20504.000000, 1.000000, 2, 6.179391, 16729.071067, 16729.071067
Z2, 1, 2, 720, 5424.000000, 0.100911, 53750.334453, 54240.000000, 1.000000, 2, 6.179391, 23379.810968, 23379.810968
Z2, 2, 2, 720, 7080.000000, 0.100993, 70103.868585, 70800.000000, 1.000000, 2, 6.179391, 26650.517794, 26650.517794
Z2, 3, 2, 720, 18392.000000, 0.101073, 181967.488845, 182096.000000, 1.000000, 2, 6.179391, 49023.241846, 49023.241846
Z2, 4, 2, 720, 9160.000000, 0.101042, 90655.371034, 90688.000000, 1.000000, 2, 6.179391, 30760.818284, 30760.818284
Z2, 5, 2, 720, 8048.000000, 0.101030, 79659.507077, 79680.000000, 1.000000, 2, 6.179391, 28561.645493, 28561.645493
Z2, 6, 2, 720, 6376.000000, 0.101005, 63125.587842, 63128.000000, 1.000000, 2, 6.179391, 25254.861646, 25254.861646
Z2, 7, 2, 720, 6872.000000, 0.100981, 68052.405898, 68720.000000, 1.000000, 2, 6.179391, 26240.225257, 26240.225257
Z3, 0, 2, 720, 7080.000000, 0.323223, 21904.381805, 21912.000000, 1.000000, 2, 6.179391, 17010.620438, 17010.620438
Z3, 1, 2, 720, 7080.000000, 0.100984, 70110.116454, 70800.000000, 1.000000, 2, 6.179391, 26651.767368, 26651.767368
Z3, 2, 2, 720, 5664.000000, 0.100936, 56114.765792, 56640.000000, 1.000000, 2, 6.179391, 23852.697236, 23852.697236
Z3, 3, 2, 720, 7080.000000, 0.100950, 70133.729569, 70800.000000, 1.000000, 2, 6.179391, 26656.489991, 26656.489991
Z3, 4, 2, 720, 7080.000000, 0.100955, 70130.256055, 70800.000000, 1.000000, 2, 6.179391, 26655.795288, 26655.795288
Z3, 5, 2, 720, 5664.000000, 0.408506, 13865.157427, 13880.000000, 1.000000, 2, 6.179391, 15402.775563, 15402.775563
Z3, 6, 2, 720, 7080.000000, 0.100870, 70189.352632, 70800.000000, 1.000000, 2, 6.179391, 26667.614604, 26667.614604
Z3, 7, 2, 720, 7080.000000, 0.100902, 70167.092823, 70800.000000, 1.000000, 2, 6.179391, 26663.162642, 26663.162642
Z3, 8, 2, 720, 5664.000000, 0.100903, 56133.117945, 56640.000000, 1.000000, 2, 6.179391, 23856.367666, 23856.367666
Z3, 9, 2, 720, 7080.000000, 0.433331, 16338.549515, 16344.000000, 1.000000, 2, 6.179391, 15897.453980, 15897.453980
Z3, 10, 2, 720, 12648.000000, 0.100982, 125250.044562, 126480.000000, 1.000000, 2, 6.179391, 37679.752990, 37679.752990
Z3, 11, 2, 720, 17112.000000, 0.100964, 169486.153480, 171120.000000, 1.000000, 2, 6.179391, 46526.974773, 46526.974773
Z3, 12, 2, 720, 15320.000000, 0.101055, 151600.613527, 151680.000000, 1.000000, 2, 6.179391, 42949.866783, 42949.866783
Z3, 13, 2, 720, 10704.000000, 0.101018, 105961.313825, 105976.000000, 1.000000, 2, 6.179391, 33822.006842, 33822.006842
Z3, 14, 2, 720, 18776.000000, 0.100934, 186022.549389, 187760.000000, 1.000000, 2, 6.179391, 49834.253955, 49834.253955
Z3, 15, 2, 720, 21848.000000, 0.101071, 216164.874197, 216312.000000, 1.000000, 2, 6.179391, 55862.718917, 55862.718917
Z3, 16, 2, 720, 12752.000000, 0.100972, 126292.437507, 127520.000000, 1.000000, 2, 6.179391, 37888.231579, 37888.231579
Z3, 17, 2, 720, 21856.000000, 0.101110, 216160.617150, 216392.000000, 1.000000, 2, 6.179391, 55861.867507, 55861.867507
Z3, 18, 2, 720, 16880.000000, 0.100990, 167145.261907, 168800.000000, 1.000000, 2, 6.179391, 46058.796459, 46058.796459
Z3, 19, 2, 720, 12128.000000, 0.101016, 120060.188485, 120072.000000, 1.000000, 2, 6.179391, 36641.781774, 36641.781774
Z3, 20, 2, 720, 15344.000000, 0.100960, 151980.982567, 153440.000000, 1.000000, 2, 6.179391, 43025.940591, 43025.940591
Z3, 21, 2, 720, 11592.000000, 0.100969, 114807.515178, 115920.000000, 1.000000, 2, 6.179391, 35591.247113, 35591.247113
Z3, 22, 2, 720, 9952.000000, 0.100852, 98679.252766, 99520.000000, 1.000000, 2, 6.179391, 32365.594631, 32365.594631
Z3, 23, 2, 720, 11064.000000, 0.101042, 109499.020209, 109544.000000, 1.000000, 2, 6.179391, 34529.548119, 34529.548119
Z3, 24, 2, 720, 14728.000000, 0.101025, 145785.696610, 145816.000000, 1.000000, 2, 6.179391, 41786.883399, 41786.883399
Z3, 25, 2, 720, 16264.000000, 0.101002, 161026.514326, 161024.000000, 1.000000, 2, 6.179391, 44835.046943, 44835.046943
Z3, 26, 2, 720, 9504.000000, 0.100829, 94258.596237, 95040.000000, 1.000000, 2, 6.179391, 31481.463325, 31481.463325
Z3, 27, 2, 720, 12688.000000, 0.100906, 125740.788457, 126880.000000, 1.000000, 2, 6.179391, 37777.901769, 37777.901769
Z3, 28, 2, 720, 17320.000000, 0.100937, 171592.181262, 173200.000000, 1.000000, 2, 6.179391, 46948.180330, 46948.180330
Z3, 29, 2, 720, 10632.000000, 0.101059, 105205.869838, 105264.000000, 1.000000, 2, 6.179391, 33670.918045, 33670.918045
Z3, 30, 2, 720, 6872.000000, 0.100964, 68063.864348, 68720.000000, 1.000000, 2, 6.179391, 26242.516947, 26242.516947
Z3, 31, 2, 720, 6872.000000, 0.100890, 68113.787293, 68720.000000, 1.000000, 2, 6.179391, 26252.501536, 26252.501536
Z3, 32, 2, 720, 6376.000000, 0.100886, 63200.047578, 63760.000000, 1.000000, 2, 6.179391, 25269.753593, 25269.753593
Z3, 33, 2, 720, 6872.000000, 0.100980, 68053.079818, 68720.000000, 1.000000, 2, 6.179391, 26240.360041, 26240.360041
Z3, 34, 2, 720, 6872.000000, 0.424045, 16205.827212, 16200.000000, 1.000000, 2, 6.179391, 15870.909520, 15870.909520
Z3, 35, 2, 720, 6376.000000, 0.423963, 15039.048219, 15072.000000, 1.000000, 2, 6.179391, 15637.553721, 15637.553721
Z3, 36, 2, 720, 6872.000000, 0.100987, 68048.362661, 68720.000000, 1.000000, 2, 6.179391, 26239.416609, 26239.416609
Z3, 37, 2, 720, 6872.000000, 0.100917, 68095.563681, 68720.000000, 1.000000, 2, 6.179391, 26248.856814, 26248.856814
Z3, 38, 2, 720, 6376.000000, 0.100954, 63157.477663, 63760.000000, 1.000000, 2, 6.179391, 25261.239610, 25261.239610
Z1, 0, 3, 720, 15304.000000, 0.943935, 16212.980767, 16224.000000, 1.000000, 2, 12.985124, 28503.835763, 28503.835763
Z2, 0, 3, 720, 6624.000000, 0.321498, 20603.549633, 20632.000000, 1.000000, 2, 12.985124, 29381.949537, 29381.949537
Z2, 1, 3, 720, 5664.000000, 0.100940, 56112.542104, 56640.000000, 1.000000, 2, 12.985124, 36483.748031, 36483.748031
Z2, 2, 3, 720, 7080.000000, 0.100920, 70154.577883, 70800.000000, 1.000000, 2, 12.985124, 39292.155187, 39292.155187
Z2, 3, 3, 720, 7080.000000, 0.100963, 70124.699147, 70800.000000, 1.000000, 2, 12.985124, 39286.179439, 39286.179439
Z2, 4, 3, 720, 12544.000000, 0.100974, 124229.999802, 125440.000000, 1.000000, 2, 12.985124, 50107.239570, 50107.239570
Z2, 5, 3, 720, 18632.000000, 0.101009, 184458.810601, 184472.000000, 1.000000, 2, 12.985124, 62153.001730, 62153.001730
Z2, 6, 3, 720, 10240.000000, 0.101022, 101364.059314, 101384.000000, 1.000000, 2, 12.985124, 45534.051473, 45534.051473
Z2, 7, 3, 720, 8424.000000, 0.100871, 83512.605209, 84240.000000, 1.000000, 2, 12.985124, 41963.760652, 41963.760652
Z3, 0, 3, 720, 5424.000000, 0.750426, 7227.894556, 7232.000000, 1.000000, 2, 12.985124, 26706.818521, 26706.818521
Z3, 1, 3, 720, 7080.000000, 0.100958, 70128.172111, 70800.000000, 1.000000, 2, 12.985124, 39286.874032, 39286.874032
Z3, 2, 3, 720, 7080.000000, 0.100955, 70130.256055, 70800.000000, 1.000000, 2, 12.985124, 39287.290821, 39287.290821
Z3, 3, 3, 720, 5664.000000, 0.100926, 56120.325783, 56640.000000, 1.000000, 2, 12.985124, 36485.304767, 36485.304767
Z3, 4, 3, 720, 7080.000000, 0.100930, 70147.627068, 70800.000000, 1.000000, 2, 12.985124, 39290.765024, 39290.765024
Z3, 5, 3, 720, 7080.000000, 0.100911, 70160.834795, 70800.000000, 1.000000, 2, 12.985124, 39293.406569, 39293.406569
Z3, 6, 3, 720, 5664.000000, 0.100947, 56108.651074, 56640.000000, 1.000000, 2, 12.985124, 36482.969825, 36482.969825
Z3, 7, 3, 720, 7080.000000, 0.100956, 70129.561393, 70800.000000, 1.000000, 2, 12.985124, 39287.151889, 39287.151889
Z3, 8, 3, 720, 7080.000000, 0.100936, 70143.457240, 70800.000000, 1.000000, 2, 12.985124, 39289.931058, 39289.931058
Z3, 9, 3, 720, 14120.000000, 0.102888, 137236.606796, 138424.000000, 1.000000, 2, 12.985124, 52708.560969, 52708.560969
Z3, 10, 3, 720, 17536.000000, 0.101009, 173608.292330, 173616.000000, 1.000000, 2, 12.985124, 59982.898076, 59982.898076
Z3, 11, 3, 720, 16008.000000, 0.101012, 158476.220647, 158488.000000, 1.000000, 2, 12.985124, 56956.483739, 56956.483739
Z3, 12, 3, 720, 10896.000000, 0.100839, 108053.431708, 108960.000000, 1.000000, 2, 12.985124, 46871.925952, 46871.925952
Z3, 13, 3, 720, 19720.000000, 0.100908, 195425.536132, 197200.000000, 1.000000, 2, 12.985124, 64346.346836, 64346.346836
Z3, 14, 3, 720, 20104.000000, 0.100976, 199096.815085, 201040.000000, 1.000000, 2, 12.985124, 65080.602627, 65080.602627
Z3, 15, 3, 720, 12504.000000, 0.101008, 123792.174877, 123800.000000, 1.000000, 2, 12.985124, 50019.674585, 50019.674585
Z3, 16, 3, 720, 23072.000000, 0.101045, 228333.910634, 228432.000000, 1.000000, 2, 12.985124, 70928.021737, 70928.021737
Z3, 17, 3, 720, 18112.000000, 0.101003, 179321.406295, 179320.000000, 1.000000, 2, 12.985124, 61125.520869, 61125.520869
Z3, 18, 3, 720, 9664.000000, 0.100926, 95753.324218, 96640.000000, 1.000000, 2, 12.985124, 44411.904453, 44411.904453
Z3, 19, 3, 720, 12280.000000, 0.100920, 121680.539041, 122800.000000, 1.000000, 2, 12.985124, 49597.347418, 49597.347418
Z3, 20, 3, 720, 10368.000000, 0.100926, 102728.731942, 103680.000000, 1.000000, 2, 12.985124, 45806.985998, 45806.985998
Z3, 21, 3, 720, 10520.000000, 0.100991, 104167.698112, 105200.000000, 1.000000, 2, 12.985124, 46094.779232, 46094.779232
Z3, 22, 3, 720, 15288.000000, 0.414174, 36912.022483, 36920.000000, 1.000000, 2, 12.985124, 32643.644107, 32643.644107
Z3, 23, 3, 720, 16344.000000, 0.100983, 161849.024093, 163440.000000, 1.000000, 2, 12.985124, 57631.044429, 57631.044429
Z3, 24, 3, 720, 9016.000000, 0.100900, 89355.797820, 90160.000000, 1.000000, 2, 12.985124, 43132.399174, 43132.399174
Z3, 25, 3, 720, 13800.000000, 0.100898, 136771.789332, 138000.000000, 1.000000, 2, 12.985124, 52615.597476, 52615.597476
Z3, 26, 3, 720, 17664.000000, 0.100934, 175005.449105, 176640.000000, 1.000000, 2, 12.985124, 60262.329431, 60262.329431
Z3, 27, 3, 720, 9896.000000, 0.101014, 97966.618489, 97976.000000, 1.000000, 2, 12.985124, 44854.563308, 44854.563308
Z3, 28, 3, 720, 6376.000000, 0.100862, 63215.085959, 63760.000000, 1.000000, 2, 12.985124, 37904.256802, 37904.256802
Z3, 29, 3, 720, 6872.000000, 0.100952, 68071.954989, 68720.000000, 1.000000, 2, 12.985124, 38875.630608, 38875.630608
Z3, 30, 3, 720, 6872.000000, 0.100917, 68095.563681, 68720.000000, 1.000000, 2, 12.985124, 38880.352346, 38880.352346
Z3, 31, 3, 720, 6376.000000, 0.100923, 63176.877421, 63760.000000, 1.000000, 2, 12.985124, 37896.615094, 37896.615094
Z3, 32, 3, 720, 6872.000000, 0.100919, 68094.214172, 68720.000000, 1.000000, 2, 12.985124, 38880.082444, 38880.082444
Z3, 33, 3, 720, 6872.000000, 0.100933, 68084.769104, 68720.000000, 1.000000, 2, 12.985124, 38878.193431, 38878.193431
Z3, 34, 3, 720, 6376.000000, 0.100948, 63161.231525, 63760.000000, 1.000000, 2, 12.985124, 37893.485915, 37893.485915
Z3, 35, 3, 720, 6872.000000, 0.100913, 68098.262860, 68720.000000, 1.000000, 2, 12.985124, 38880.892182, 38880.892182
Z3, 36, 3, 720, 6872.000000, 0.100939, 68080.722020, 68720.000000, 1.000000, 2, 12.985124, 38877.384014, 38877.384014
Z3, 37, 3, 720, 6376.000000, 0.100972, 63146.218754, 63760.000000, 1.000000, 2, 12.985124, 37890.483361, 37890.483361
Z3, 38, 3, 720, 6872.000000, 0.100954, 68070.606415, 68720.000000, 1.000000, 2, 12.985124, 38875.360893, 38875.360893
Z1, 0, 4, 720, 7200.000000, 0.321287, 22409.870303, 22424.000000, 1.000000, 2, 19.866172, 43357.334953, 43357.334953
Z2, 0, 4, 720, 6624.000000, 0.322701, 20526.741473, 20568.000000, 1.000000, 2, 19.866172, 42980.709187, 42980.709187
Z2, 1, 4, 720, 6648.000000, 0.100880, 65900.079302, 66480.000000, 1.000000, 2, 19.866172, 52055.376753, 52055.376753
Z2, 2, 4, 720, 7296.000000, 0.100931, 72287.007956, 72960.000000, 1.000000, 2, 19.866172, 53332.762484, 53332.762484
Z2, 3, 4, 720, 17272.000000, 0.101003, 171004.821639, 171008.000000, 1.000000, 2, 19.866172, 73076.325221, 73076.325221
Z2, 4, 4, 720, 22592.000000, 0.100929, 223840.521555, 225920.000000, 1.000000, 2, 19.866172, 83643.465204, 83643.465204
Z2, 5, 4, 720, 17472.000000, 0.100955, 173067.208162, 174720.000000, 1.000000, 2, 19.866172, 73488.802525, 73488.802525
Z2, 6, 4, 720, 6424.000000, 0.100815, 63720.676487, 64240.000000, 1.000000, 2, 19.866172, 51619.496190, 51619.496190
Z2, 7, 4, 720, 6872.000000, 0.100937, 68082.070995, 68720.000000, 1.000000, 2, 19.866172, 52491.775092, 52491.775092
Z3, 0, 4, 720, 6448.000000, 0.323071, 19958.461143, 19960.000000, 1.000000, 2, 19.866172, 42867.053122, 42867.053122
Z3, 1, 4, 720, 7448.000000, 0.100970, 73764.484500, 74480.000000, 1.000000, 2, 19.866172, 53628.257793, 53628.257793
Z3, 2, 4, 720, 7424.000000, 0.100943, 73546.456911, 74240.000000, 1.000000, 2, 19.866172, 53584.652275, 53584.652275
Z3, 3, 4, 720, 6648.000000, 0.100910, 65880.487563, 66480.000000, 1.000000, 2, 19.866172, 52051.458406, 52051.458406
Z3, 4, 4, 720, 7224.000000, 0.100954, 71557.342948, 72240.000000, 1.000000, 2, 19.866172, 53186.829483, 53186.829483
Z3, 5, 4, 720, 7240.000000, 0.100837, 71799.042018, 72400.000000, 1.000000, 2, 19.866172, 53235.169297, 53235.169297
Z3, 6, 4, 720, 6648.000000, 0.100829, 65933.412014, 66480.000000, 1.000000, 2, 19.866172, 52062.043296, 52062.043296
Z3, 7, 4, 720, 7232.000000, 0.100997, 71606.087310, 72320.000000, 1.000000, 2, 19.866172, 53196.578355, 53196.578355
Z3, 8, 4, 720, 7296.000000, 0.101003, 72235.478154, 72232.000000, 1.000000, 2, 19.866172, 53322.456524, 53322.456524
Z3, 9, 4, 720, 16456.000000, 0.100986, 162953.280653, 164560.000000, 1.000000, 2, 19.866172, 71466.017023, 71466.017023
Z3, 10, 4, 720, 25392.000000, 0.101062, 251251.706873, 251400.000000, 1.000000, 2, 19.866172, 89125.702268, 89125.702268
Z3, 11, 4, 720, 21592.000000, 0.100966, 213854.168730, 215920.000000, 1.000000, 2, 19.866172, 81646.194639, 81646.194639
Z3, 12, 4, 720, 13528.000000, 0.101003, 133936.615744, 133936.000000, 1.000000, 2, 19.866172, 65662.684042, 65662.684042
Z3, 13, 4, 720, 29512.000000, 0.101059, 292027.429521, 292192.000000, 1.000000, 2, 19.866172, 97280.846797, 97280.846797
Z3, 14, 4, 720, 29688.000000, 0.101068, 293742.826612, 293936.000000, 1.000000, 2, 19.866172, 97623.926215, 97623.926215
Z3, 15, 4, 720, 16760.000000, 0.101010, 165924.165924, 165936.000000, 1.000000, 2, 19.866172, 72060.194078, 72060.194078
Z3, 16, 4, 720, 33128.000000, 0.101176, 327429.429904, 328000.000000, 1.000000, 2, 19.866172, 104361.246874, 104361.246874
Z3, 17, 4, 720, 26248.000000, 0.101054, 259742.315989, 259880.000000, 1.000000, 2, 19.866172, 90823.824091, 90823.824091
Z3, 18, 4, 720, 26240.000000, 0.101029, 259727.405003, 259800.000000, 1.000000, 2, 19.866172, 90820.841893, 90820.841893
Z3, 19, 4, 720, 14624.000000, 0.101060, 144706.115179, 144792.000000, 1.000000, 2, 19.866172, 67816.583929, 67816.583929
Z3, 20, 4, 720, 26816.000000, 0.100980, 265557.536146, 268160.000000, 1.000000, 2, 19.866172, 91986.868122, 91986.868122
Z3, 21, 4, 720, 23128.000000, 0.531362, 43525.882543, 43552.000000, 1.000000, 2, 19.866172, 47580.537402, 47580.537402
Z3, 22, 4, 720, 19440.000000, 0.101048, 192383.817592, 192472.000000, 1.000000, 2, 19.866172, 77352.124411, 77352.124411
Z3, 23, 4, 720, 29088.000000, 0.101111, 287683.832620, 288000.000000, 1.000000, 2, 19.866172, 96412.127417, 96412.127417
Z3, 24, 4, 720, 29840.000000, 0.100964, 295550.889426, 298400.000000, 1.000000, 2, 19.866172, 97985.538778, 97985.538778
Z3, 25, 4, 720, 17200.000000, 0.101146, 170051.213098, 170296.000000, 1.000000, 2, 19.866172, 72885.603512, 72885.603512
Z3, 26, 4, 720, 25664.000000, 0.101144, 253737.245907, 254096.000000, 1.000000, 2, 19.866172, 89622.810074, 89622.810074
Z3, 27, 4, 720, 26808.000000, 0.518565, 51696.508634, 51752.000000, 1.000000, 2, 19.866172, 49214.662620, 49214.662620
Z3, 28, 4, 720, 12720.000000, 0.101101, 125814.779280, 125936.000000, 1.000000, 2, 19.866172, 64038.316749, 64038.316749
Z3, 29, 4, 720, 11496.000000, 0.100991, 113831.925617, 114960.000000, 1.000000, 2, 19.866172, 61641.746016, 61641.746016
Z3, 30, 4, 720, 6448.000000, 0.101038, 63817.573586, 63840.000000, 1.000000, 2, 19.866172, 51638.875610, 51638.875610
Z3, 31, 4, 720, 7200.000000, 0.101020, 71273.015245, 71280.000000, 1.000000, 2, 19.866172, 53129.963942, 53129.963942
Z3, 32, 4, 720, 7520.000000, 0.101030, 74433.336633, 74448.000000, 1.000000, 2, 19.866172, 53762.028219, 53762.028219
Z3, 33, 4, 720, 6728.000000, 0.101009, 66607.926026, 66608.000000, 1.000000, 2, 19.866172, 52196.946098, 52196.946098
Z3, 34, 4, 720, 7224.000000, 0.101018, 71512.007761, 71520.000000, 1.000000, 2, 19.866172, 53177.762445, 53177.762445
Z3, 35, 4, 720, 7256.000000, 0.100995, 71845.140849, 72560.000000, 1.000000, 2, 19.866172, 53244.389063, 53244.389063
Z3, 36, 4, 720, 6544.000000, 0.101007, 64787.588979, 64792.000000, 1.000000, 2, 19.866172, 51832.878689, 51832.878689
Z3, 37, 4, 720, 12272.000000, 0.101057, 121436.417072, 121504.000000, 1.000000, 2, 19.866172, 63162.644307, 63162.644307
Z3, 38, 4, 720, 8544.000000, 0.100974, 84615.841702, 85440.000000, 1.000000, 2, 19.866172, 55798.529233, 55798.529233
Z1, 0, 5, 720, 8792.000000, 0.321909, 27312.066454, 27384.000000, 1.000000, 2, 26.233549, 61260.942524, 61260.942524
Z2, 0, 5, 720, 6624.000000, 0.322806, 20520.064683, 20568.000000, 1.000000, 2, 26.233549, 59902.542170, 59902.542170
Z2, 1, 5, 720, 7616.000000, 0.100984, 75417.887982, 76160.000000, 1.000000, 2, 26.233549, 70882.106830, 70882.106830
Z2, 2, 5, 720, 8816.000000, 0.100949, 87331.226659, 88160.000000, 1.000000, 2, 26.233549, 73264.774565, 73264.774565
Z2, 3, 5, 720, 14976.000000, 0.101017, 148252.274370, 148272.000000, 1.000000, 2, 26.233549, 85448.984107, 85448.984107
Z2, 4, 5, 720, 20272.000000, 0.101048, 200617.528303, 200712.000000, 1.000000, 2, 26.233549, 95922.034894, 95922.034894
Z2, 5, 5, 720, 21272.000000, 0.101035, 210540.901668, 210608.000000, 1.000000, 2, 26.233549, 97906.709567, 97906.709567
Z2, 6, 5, 720, 9680.000000, 0.100953, 95886.204471, 96800.000000, 1.000000, 2, 26.233549, 74975.770128, 74975.770128
Z2, 7, 5, 720, 12888.000000, 0.100945, 127673.485561, 128880.000000, 1.000000, 2, 26.233549, 81333.226346, 81333.226346
Z3, 0, 5, 720, 7712.000000, 0.323625, 23830.050212, 23872.000000, 1.000000, 2, 26.233549, 60564.539276, 60564.539276
Z3, 1, 5, 720, 9624.000000, 0.101004, 95283.355115, 95280.000000, 1.000000, 2, 26.233549, 74855.200256, 74855.200256
Z3, 2, 5, 720, 9096.000000, 0.101051, 90013.953350, 90056.000000, 1.000000, 2, 26.233549, 73801.319903, 73801.319903
Z3, 3, 5, 720, 7632.000000, 0.100959, 75595.043533, 76320.000000, 1.000000, 2, 26.233549, 70917.537940, 70917.537940
Z3, 4, 5, 720, 8304.000000, 0.101008, 82211.309995, 82216.000000, 1.000000, 2, 26.233549, 72240.791232, 72240.791232
Z3, 5, 5, 720, 8504.000000, 0.101026, 84176.350642, 84192.000000, 1.000000, 2, 26.233549, 72633.799362, 72633.799362
Z3, 6, 5, 720, 7384.000000, 0.101051, 73072.013142, 73104.000000, 1.000000, 2, 26.233549, 70412.931862, 70412.931862
Z3, 7, 5, 720, 8968.000000, 0.100896, 88883.602918, 89680.000000, 1.000000, 2, 26.233549, 73575.249817, 73575.249817
Z3, 8, 5, 720, 8912.000000, 0.101003, 88235.002921, 88232.000000, 1.000000, 2, 26.233549, 73445.529817, 73445.529817
Z3, 9, 5, 720, 16688.000000, 0.414917, 40220.092211, 40304.000000, 1.000000, 2, 26.233549, 63842.547676, 63842.547676
Z3, 10, 5, 720, 23832.000000, 0.101028, 235894.999406, 235960.000000, 1.000000, 2, 26.233549, 102977.529114, 102977.529114
Z3, 11, 5, 720, 21144.000000, 0.101090, 209160.154318, 209344.000000, 1.000000, 2, 26.233549, 97630.560097, 97630.560097
Z3, 12, 5, 720, 14272.000000, 0.100977, 141339.116829, 142720.000000, 1.000000, 2, 26.233549, 84066.352599, 84066.352599
Z3, 13, 5, 720, 27640.000000, 0.101169, 273206.219296, 273656.000000, 1.000000, 2, 26.233549, 110439.773093, 110439.773093
Z3, 14, 5, 720, 33288.000000, 0.101165, 329046.607028, 329584.000000, 1.000000, 2, 26.233549, 121607.850639, 121607.850639
Z3, 15, 5, 720, 17576.000000, 0.101078, 173885.514157, 174016.000000, 1.000000, 2, 26.233549, 90575.632065, 90575.632065
Z3, 16, 5, 720, 34872.000000, 0.101137, 344799.628227, 345264.000000, 1.000000, 2, 26.233549, 124758.454879, 124758.454879
Z3, 17, 5, 720, 27336.000000, 0.101110, 270359.014934, 270648.000000, 1.000000, 2, 26.233549, 109870.332220, 109870.332220
Z3, 18, 5, 720, 25312.000000, 0.101102, 250361.021543, 250608.000000, 1.000000, 2, 26.233549, 105870.733542, 105870.733542
Z3, 19, 5, 720, 18312.000000, 0.101039, 181236.948109, 181304.000000, 1.000000, 2, 26.233549, 92045.918855, 92045.918855
Z3, 20, 5, 720, 41432.000000, 0.101126, 409706.702530, 410216.000000, 1.000000, 2, 26.233549, 137739.869739, 137739.869739
Z3, 21, 5, 720, 36760.000000, 0.101062, 363737.111872, 363960.000000, 1.000000, 2, 26.233549, 128545.951608, 128545.951608
Z3, 22, 5, 720, 21272.000000, 0.101029, 210553.405458, 210608.000000, 1.000000, 2, 26.233549, 97909.210325, 97909.210325
Z3, 23, 5, 720, 43464.000000, 0.101188, 429537.099261, 430336.000000, 1.000000, 2, 26.233549, 141705.949085, 141705.949085
Z3, 24, 5, 720, 42000.000000, 0.101145, 415245.439715, 415840.000000, 1.000000, 2, 26.233549, 138847.617176, 138847.617176
Z3, 25, 5, 720, 20304.000000, 0.101076, 200878.546836, 201024.000000, 1.000000, 2, 26.233549, 95974.238600, 95974.238600
Z3, 26, 5, 720, 32736.000000, 0.101031, 324019.360394, 324112.000000, 1.000000, 2, 26.233549, 120602.401312, 120602.401312
Z3, 27, 5, 720, 34608.000000, 0.101100, 342314.540059, 342648.000000, 1.000000, 2, 26.233549, 124261.437245, 124261.437245
Z3, 28, 5, 720, 13208.000000, 0.101043, 130716.625595, 130768.000000, 1.000000, 2, 26.233549, 81941.854352, 81941.854352
Z3, 29, 5, 720, 16320.000000, 0.100959, 161649.778623, 163200.000000, 1.000000, 2, 26.233549, 88128.484958, 88128.484958
Z3, 30, 5, 720, 8752.000000, 0.101011, 86644.028868, 86648.000000, 1.000000, 2, 26.233549, 73127.335007, 73127.335007
Z3, 31, 5, 720, 12760.000000, 0.101022, 126309.120786, 126336.000000, 1.000000, 2, 26.233549, 81060.353390, 81060.353390
Z3, 32, 5, 720, 15440.000000, 0.100914, 153001.565690, 154400.000000, 1.000000, 2, 26.233549, 86398.842371, 86398.842371
Z3, 33, 5, 720, 10000.000000, 0.101012, 98998.138835, 99008.000000, 1.000000, 2, 26.233549, 75598.157000, 75598.157000
Z3, 34, 5, 720, 15200.000000, 0.101057, 150410.164561, 150488.000000, 1.000000, 2, 26.233549, 85880.562145, 85880.562145
Z3, 35, 5, 720, 18352.000000, 0.101045, 181622.049582, 181696.000000, 1.000000, 2, 26.233549, 92122.939150, 92122.939150
Z3, 36, 5, 720, 11224.000000, 0.101029, 111096.813786, 111128.000000, 1.000000, 2, 26.233549, 78017.891991, 78017.891991
Z3, 37, 5, 720, 23240.000000, 0.100983, 230137.745957, 232400.000000, 1.000000, 2, 26.233549, 101826.078425, 101826.078425
Z3, 38, 5, 720, 16824.000000, 0.101054, 166485.245512, 166568.000000, 1.000000, 2, 26.233549, 89095.578336, 89095.578336
Z1, 0, 6, 720, 14912.000000, 0.321668, 46358.357064, 46448.000000, 1.000000, 2, 32.070075, 85737.505671, 85737.505671
Z2, 0, 6, 720, 6624.000000, 0.322588, 20533.931826, 20568.000000, 1.000000, 2, 32.070075, 80572.620624, 80572.620624
Z2, 1, 6, 720, 6768.000000, 0.100989, 67017.199893, 67680.000000, 1.000000, 2, 32.070075, 89869.274237, 89869.274237
Z2, 2, 6, 720, 7488.000000, 0.100896, 74215.033302, 74880.000000, 1.000000, 2, 32.070075, 91308.840919, 91308.840919
Z2, 3, 6, 720, 7752.000000, 0.101904, 76071.596797, 76752.000000, 1.000000, 2, 32.070075, 91680.153618, 91680.153618
Z2, 4, 6, 720, 10768.000000, 0.100983, 106631.809314, 107680.000000, 1.000000, 2, 32.070075, 97792.196121, 97792.196121
Z2, 5, 6, 720, 17456.000000, 0.100913, 172980.686334, 174560.000000, 1.000000, 2, 32.070075, 111061.971525, 111061.971525
Z2, 6, 6, 720, 9568.000000, 0.100962, 94768.328678, 95680.000000, 1.000000, 2, 32.070075, 95419.499994, 95419.499994
Z2, 7, 6, 720, 12800.000000, 0.100980, 126757.773817, 128000.000000, 1.000000, 2, 32.070075, 101817.389022, 101817.389022
Z3, 0, 6, 720, 6760.000000, 0.749252, 9022.331605, 9024.000000, 1.000000, 2, 32.070075, 78270.300579, 78270.300579
Z3, 1, 6, 720, 8320.000000, 0.100884, 82470.956742, 83200.000000, 1.000000, 2, 32.070075, 92960.025607, 92960.025607
Z3, 2, 6, 720, 7800.000000, 0.100874, 77324.186609, 78000.000000, 1.000000, 2, 32.070075, 91930.671580, 91930.671580
Z3, 3, 6, 720, 6928.000000, 0.101020, 68580.479113, 68592.000000, 1.000000, 2, 32.070075, 90181.930081, 90181.930081
Z3, 4, 6, 720, 7472.000000, 0.433192, 17248.702654, 17256.000000, 1.000000, 2, 32.070075, 79915.574789, 79915.574789
Z3, 5, 6, 720, 7416.000000, 0.100885, 73509.441443, 74160.000000, 1.000000, 2, 32.070075, 91167.722547, 91167.722547
Z3, 6, 6, 720, 6760.000000, 0.100937, 66972.467975, 67600.000000, 1.000000, 2, 32.070075, 89860.327853, 89860.327853
Z3, 7, 6, 720, 7600.000000, 0.100868, 75345.996748, 76000.000000, 1.000000, 2, 32.070075, 91535.033608, 91535.033608
Z3, 8, 6, 720, 7600.000000, 0.100954, 75281.811518, 76000.000000, 1.000000, 2, 32.070075, 91522.196562, 91522.196562
Z3, 9, 6, 720, 12912.000000, 0.100959, 127893.501322, 129120.000000, 1.000000, 2, 32.070075, 102044.534523, 102044.534523
Z3, 10, 6, 720, 17552.000000, 0.101065, 173670.410132, 173776.000000, 1.000000, 2, 32.070075, 111199.916285, 111199.916285
Z3, 11, 6, 720, 14968.000000, 0.101031, 148152.547238, 148192.000000, 1.000000, 2, 32.070075, 106096.343706, 106096.343706
Z3, 12, 6, 720, 10336.000000, 0.100898, 102440.088010, 103360.000000, 1.000000, 2, 32.070075, 96953.851860, 96953.851860
Z3, 13, 6, 720, 18344.000000, 0.101063, 181510.542929, 181616.000000, 1.000000, 2, 32.070075, 112767.942844, 112767.942844
Z3, 14, 6, 720, 20456.000000, 0.101015, 202504.578528, 202528.000000, 1.000000, 2, 32.070075, 116966.749964, 116966.749964
Z3, 15, 6, 720, 12480.000000, 0.101084, 123461.675438, 123560.000000, 1.000000, 2, 32.070075, 101158.169346, 101158.169346
Z3, 16, 6, 720, 18912.000000, 0.101040, 187173.396675, 187240.000000, 1.000000, 2, 32.070075, 113900.513593, 113900.513593
Z3, 17, 6, 720, 16112.000000, 0.101129, 159321.262941, 159520.000000, 1.000000, 2, 32.070075, 108330.086847, 108330.086847
Z3, 18, 6, 720, 16088.000000, 0.101029, 159241.405933, 159280.000000, 1.000000, 2, 32.070075, 108314.115445, 108314.115445
Z3, 19, 6, 720, 31984.000000, 0.101165, 316156.773588, 316672.000000, 1.000000, 2, 32.070075, 139697.188976, 139697.188976
Z3, 20, 6, 720, 21472.000000, 0.100930, 212741.504013, 214720.000000, 1.000000, 2, 32.070075, 119014.135061, 119014.135061
Z3, 21, 6, 720, 19320.000000, 0.101075, 191145.189216, 191280.000000, 1.000000, 2, 32.070075, 114694.872102, 114694.872102
Z3, 22, 6, 720, 33040.000000, 0.101179, 326549.975785, 327128.000000, 1.000000, 2, 32.070075, 141775.829416, 141775.829416
Z3, 23, 6, 720, 26472.000000, 0.101071, 261914.891512, 262096.000000, 1.000000, 2, 32.070075, 128848.812561, 128848.812561
Z3, 24, 6, 720, 12984.000000, 0.100899, 128683.138584, 129840.000000, 1.000000, 2, 32.070075, 102202.461975, 102202.461975
Z3, 25, 6, 720, 21128.000000, 0.101036, 209113.583277, 209184.000000, 1.000000, 2, 32.070075, 118288.550914, 118288.550914
Z3, 26, 6, 720, 21576.000000, 0.101028, 213564.556361, 213616.000000, 1.000000, 2, 32.070075, 119178.745531, 119178.745531
Z3, 27, 6, 720, 14376.000000, 0.100961, 142391.616565, 143760.000000, 1.000000, 2, 32.070075, 104944.157571, 104944.157571
Z3, 28, 6, 720, 7048.000000, 0.100887, 69860.338795, 70480.000000, 1.000000, 2, 32.070075, 90437.902017, 90437.902017
Z3, 29, 6, 720, 8656.000000, 0.100967, 85730.981410, 86560.000000, 1.000000, 2, 32.070075, 93612.030540, 93612.030540
Z3, 30, 6, 720, 9488.000000, 0.101004, 93936.873787, 93936.000000, 1.000000, 2, 32.070075, 95253.209016, 95253.209016
Z3, 31, 6, 720, 8424.000000, 0.100865, 83517.572994, 84240.000000, 1.000000, 2, 32.070075, 93169.348857, 93169.348857
Z3, 32, 6, 720, 9328.000000, 0.100962, 92391.196688, 93280.000000, 1.000000, 2, 32.070075, 94944.073596, 94944.073596
Z3, 33, 6, 720, 8680.000000, 0.100949, 85984.011729, 86800.000000, 1.000000, 2, 32.070075, 93662.636604, 93662.636604
Z3, 34, 6, 720, 7160.000000, 0.100909, 70955.018878, 71600.000000, 1.000000, 2, 32.070075, 90656.838034, 90656.838034
Z3, 35, 6, 720, 10360.000000, 0.100985, 102589.493489, 103600.000000, 1.000000, 2, 32.070075, 96983.732956, 96983.732956
Z3, 36, 6, 720, 9048.000000, 0.100853, 89714.733325, 90480.000000, 1.000000, 2, 32.070075, 94408.780923, 94408.780923
Z3, 37, 6, 720, 7176.000000, 0.100930, 71098.781334, 71760.000000, 1.000000, 2, 32.070075, 90685.590525, 90685.590525
Z3, 38, 6, 720, 8768.000000, 0.100939, 86864.343812, 87680.000000, 1.000000, 2, 32.070075, 93838.703021, 93838.703021
