Zone, Tile_no, Seg_no, Reso, Seg_d_size, Seg_d_time, Bitrate, Bitrate1, Buf_lev, Buf_limit, Elapsed, Ref_vp, Local_avg
Z1, 0, 1, 720, 9960.000000, 0.151974, 65537.526156, 65960.000000, 1.000000, 2, 0.000066, 65537.526156, 65537.526156
Z2, 0, 1, 720, 8952.000000, 0.197930, 45228.110948, 45440.000000, 1.000000, 2, 0.000066, 22614.055474, 22614.055474
Z2, 1, 1, 720, 5424.000000, 0.055336, 98019.372560, 98616.000000, 1.000000, 2, 0.000066, 32673.124187, 32673.124187
Z2, 2, 1, 720, 7080.000000, 0.072244, 98001.218094, 98328.000000, 1.000000, 2, 0.000066, 24500.304524, 24500.304524
Z2, 3, 1, 720, 18976.000000, 0.063904, 296945.418127, 301200.000000, 1.000000, 2, 0.000066, 59389.083625, 59389.083625
Z2, 4, 1, 720, 8720.000000, 0.038524, 226352.403696, 229472.000000, 1.000000, 2, 0.000066, 45270.480739, 45270.480739
Z2, 5, 1, 720, 8336.000000, 0.038005, 219339.560584, 219368.000000, 1.000000, 2, 0.000066, 43867.912117, 43867.912117
Z2, 6, 1, 720, 6376.000000, 0.063650, 100172.820110, 101200.000000, 1.000000, 2, 0.000066, 20034.564022, 20034.564022
Z2, 7, 1, 720, 6872.000000, 0.039513, 173917.444892, 176200.000000, 1.000000, 2, 0.000066, 34783.488978, 34783.488978
Z3, 0, 1, 720, 7080.000000, 0.148155, 47787.789815, 47832.000000, 1.000000, 2, 0.000066, 9557.557963, 9557.557963
Z3, 1, 1, 720, 7080.000000, 0.066640, 106242.496999, 107272.000000, 1.000000, 2, 0.000066, 21248.499400, 21248.499400
Z3, 2, 1, 720, 5664.000000, 0.074006, 76534.335054, 76536.000000, 1.000000, 2, 0.000066, 15306.867011, 15306.867011
Z3, 3, 1, 720, 7080.000000, 0.028332, 249894.112664, 252856.000000, 1.000000, 2, 0.000066, 49978.822533, 49978.822533
Z3, 4, 1, 720, 7080.000000, 0.069340, 102105.566772, 102608.000000, 1.000000, 2, 0.000066, 20421.113354, 20421.113354
Z3, 5, 1, 720, 5664.000000, 0.072862, 77735.994071, 78664.000000, 1.000000, 2, 0.000066, 15547.198814, 15547.198814
Z3, 6, 1, 720, 7080.000000, 0.055265, 128110.015380, 128720.000000, 1.000000, 2, 0.000066, 25622.003076, 25622.003076
Z3, 7, 1, 720, 7080.000000, 0.068259, 103722.586033, 104112.000000, 1.000000, 2, 0.000066, 20744.517207, 20744.517207
Z3, 8, 1, 720, 5664.000000, 0.057306, 98837.818030, 99368.000000, 1.000000, 2, 0.000066, 19767.563606, 19767.563606
Z3, 9, 1, 720, 7080.000000, 0.032168, 220094.503855, 221248.000000, 1.000000, 2, 0.000066, 44018.900771, 44018.900771
Z3, 10, 1, 720, 12904.000000, 0.030807, 418865.842179, 430128.000000, 1.000000, 2, 0.000066, 83773.168436, 83773.168436
Z3, 11, 1, 720, 17344.000000, 0.040383, 429487.655697, 433600.000000, 1.000000, 2, 0.000066, 85897.531139, 85897.531139
Z3, 12, 1, 720, 16912.000000, 0.072664, 232742.485963, 234888.000000, 1.000000, 2, 0.000066, 46548.497193, 46548.497193
Z3, 13, 1, 720, 13240.000000, 0.064351, 205746.608444, 206872.000000, 1.000000, 2, 0.000066, 41149.321689, 41149.321689
Z3, 14, 1, 720, 28328.000000, 0.065170, 434678.533067, 435808.000000, 1.000000, 2, 0.000066, 86935.706613, 86935.706613
Z3, 15, 1, 720, 30528.000000, 0.062372, 489450.394408, 492384.000000, 1.000000, 2, 0.000066, 97890.078882, 97890.078882
Z3, 16, 1, 720, 16360.000000, 0.046860, 349125.053350, 355648.000000, 1.000000, 2, 0.000066, 69825.010670, 69825.010670
Z3, 17, 1, 720, 33216.000000, 0.061933, 536321.508727, 544520.000000, 1.000000, 2, 0.000066, 107264.301745, 107264.301745
Z3, 18, 1, 720, 28000.000000, 0.052432, 534025.022887, 538456.000000, 1.000000, 2, 0.000066, 106805.004577, 106805.004577
Z3, 19, 1, 720, 15744.000000, 0.060609, 259763.401475, 262400.000000, 1.000000, 2, 0.000066, 51952.680295, 51952.680295
Z3, 20, 1, 720, 16024.000000, 0.045378, 353122.658557, 356088.000000, 1.000000, 2, 0.000066, 70624.531711, 70624.531711
Z3, 21, 1, 720, 11576.000000, 0.053757, 215339.397660, 218408.000000, 1.000000, 2, 0.000066, 43067.879532, 43067.879532
Z3, 22, 1, 720, 10816.000000, 0.046790, 231160.504381, 235128.000000, 1.000000, 2, 0.000066, 46232.100876, 46232.100876
Z3, 23, 1, 720, 13224.000000, 0.056940, 232244.467861, 236136.000000, 1.000000, 2, 0.000066, 46448.893572, 46448.893572
Z3, 24, 1, 720, 17528.000000, 0.038930, 450244.027742, 461256.000000, 1.000000, 2, 0.000066, 90048.805548, 90048.805548
Z3, 25, 1, 720, 23824.000000, 0.075189, 316854.859088, 317648.000000, 1.000000, 2, 0.000066, 63370.971818, 63370.971818
Z3, 26, 1, 720, 11024.000000, 0.054377, 202732.773047, 204144.000000, 1.000000, 2, 0.000066, 40546.554609, 40546.554609
Z3, 27, 1, 720, 15112.000000, 0.044809, 337253.676717, 343448.000000, 1.000000, 2, 0.000066, 67450.735343, 67450.735343
Z3, 28, 1, 720, 24552.000000, 0.042942, 571747.939081, 584568.000000, 1.000000, 2, 0.000066, 114349.587816, 114349.587816
Z3, 29, 1, 720, 10824.000000, 0.075711, 142964.694694, 144320.000000, 1.000000, 2, 0.000066, 28592.938939, 28592.938939
Z3, 30, 1, 720, 6872.000000, 0.040004, 171782.821718, 171800.000000, 1.000000, 2, 0.000066, 34356.564344, 34356.564344
Z3, 31, 1, 720, 6872.000000, 0.065502, 104912.827089, 105720.000000, 1.000000, 2, 0.000066, 20982.565418, 20982.565418
Z3, 32, 1, 720, 6376.000000, 0.035464, 179787.953982, 182168.000000, 1.000000, 2, 0.000066, 35957.590796, 35957.590796
Z3, 33, 1, 720, 6872.000000, 0.054039, 127167.416125, 127256.000000, 1.000000, 2, 0.000066, 25433.483225, 25433.483225
Z3, 34, 1, 720, 6872.000000, 0.062126, 110613.913659, 110832.000000, 1.000000, 2, 0.000066, 22122.782732, 22122.782732
Z3, 35, 1, 720, 6376.000000, 0.056798, 112257.473855, 113856.000000, 1.000000, 2, 0.000066, 22451.494771, 22451.494771
Z3, 36, 1, 720, 6872.000000, 0.050696, 135553.100836, 137440.000000, 1.000000, 2, 0.000066, 27110.620167, 27110.620167
Z3, 37, 1, 720, 6872.000000, 0.057330, 119867.434153, 120560.000000, 1.000000, 2, 0.000066, 23973.486831, 23973.486831
Z3, 38, 1, 720, 6376.000000, 0.069000, 92405.797101, 92400.000000, 1.000000, 2, 0.000066, 18481.159420, 18481.159420
Z1, 0, 2, 720, 7080.000000, 0.165284, 42835.362165, 42904.000000, 1.000000, 2, 2.984150, 27048.231853, 27048.231853
Z2, 0, 2, 720, 6624.000000, 0.149732, 44239.040419, 44456.000000, 1.000000, 2, 2.984150, 27328.967504, 27328.967504
Z2, 1, 2, 720, 5424.000000, 0.071008, 76385.759351, 76392.000000, 1.000000, 2, 2.984150, 33758.311291, 33758.311291
Z2, 2, 2, 720, 7080.000000, 0.058248, 121549.237742, 122064.000000, 1.000000, 2, 2.984150, 42791.006969, 42791.006969
Z2, 3, 2, 720, 12648.000000, 0.050519, 250361.250223, 252960.000000, 1.000000, 2, 2.984150, 68553.409465, 68553.409465
Z2, 4, 2, 720, 15344.000000, 0.051767, 296405.045685, 300856.000000, 1.000000, 2, 2.984150, 77762.168557, 77762.168557
Z2, 5, 2, 720, 18392.000000, 0.060599, 303503.358141, 306528.000000, 1.000000, 2, 2.984150, 79181.831049, 79181.831049
Z2, 6, 2, 720, 9160.000000, 0.067359, 135987.767039, 136712.000000, 1.000000, 2, 2.984150, 45678.712828, 45678.712828
Z2, 7, 2, 720, 8048.000000, 0.039320, 204679.552391, 206352.000000, 1.000000, 2, 2.984150, 59417.069898, 59417.069898
Z3, 0, 2, 720, 7080.000000, 0.193658, 36559.295252, 36680.000000, 1.000000, 2, 2.984150, 25793.018471, 25793.018471
Z3, 1, 2, 720, 7080.000000, 0.062858, 112634.827707, 114192.000000, 1.000000, 2, 2.984150, 41008.124962, 41008.124962
Z3, 2, 2, 720, 5664.000000, 0.050876, 111329.507037, 113280.000000, 1.000000, 2, 2.984150, 40747.060828, 40747.060828
Z3, 3, 2, 720, 7080.000000, 0.052846, 133974.189153, 136152.000000, 1.000000, 2, 2.984150, 45275.997251, 45275.997251
Z3, 4, 2, 720, 7080.000000, 0.034993, 202326.179522, 208232.000000, 1.000000, 2, 2.984150, 58946.395325, 58946.395325
Z3, 5, 2, 720, 5664.000000, 0.055281, 102458.349162, 102976.000000, 1.000000, 2, 2.984150, 38972.829253, 38972.829253
Z3, 6, 2, 720, 7080.000000, 0.069213, 102292.921850, 102608.000000, 1.000000, 2, 2.984150, 38939.743790, 38939.743790
Z3, 7, 2, 720, 7080.000000, 0.067299, 105202.157536, 105664.000000, 1.000000, 2, 2.984150, 39521.590927, 39521.590927
Z3, 8, 2, 720, 5664.000000, 0.306182, 18498.801367, 18504.000000, 1.000000, 2, 2.984150, 22180.919694, 22180.919694
Z3, 9, 2, 720, 17112.000000, 0.033961, 503872.088572, 518544.000000, 1.000000, 2, 2.984150, 119255.577135, 119255.577135
Z3, 10, 2, 720, 15320.000000, 0.052607, 291215.997871, 294608.000000, 1.000000, 2, 2.984150, 76724.358994, 76724.358994
Z3, 11, 2, 720, 10704.000000, 0.052299, 204669.305340, 205840.000000, 1.000000, 2, 2.984150, 59415.020488, 59415.020488
Z3, 12, 2, 720, 18776.000000, 0.048921, 383802.457023, 391160.000000, 1.000000, 2, 2.984150, 95241.650825, 95241.650825
Z3, 13, 2, 720, 21848.000000, 0.058914, 370845.639407, 376688.000000, 1.000000, 2, 2.984150, 92650.287302, 92650.287302
Z3, 14, 2, 720, 12752.000000, 0.073400, 173732.970027, 174680.000000, 1.000000, 2, 2.984150, 53227.753426, 53227.753426
Z3, 15, 2, 720, 21856.000000, 0.053241, 410510.696644, 412376.000000, 1.000000, 2, 2.984150, 100583.298749, 100583.298749
Z3, 16, 2, 720, 16880.000000, 0.040227, 419618.664081, 422000.000000, 1.000000, 2, 2.984150, 102404.892237, 102404.892237
Z3, 17, 2, 720, 12128.000000, 0.047761, 253931.031595, 258040.000000, 1.000000, 2, 2.984150, 69267.365739, 69267.365739
Z3, 18, 2, 720, 11592.000000, 0.043742, 265008.458690, 269576.000000, 1.000000, 2, 2.984150, 71482.851158, 71482.851158
Z3, 19, 2, 720, 9952.000000, 0.069361, 143481.207018, 144224.000000, 1.000000, 2, 2.984150, 47177.400824, 47177.400824
Z3, 20, 2, 720, 11064.000000, 0.058926, 187760.920477, 190752.000000, 1.000000, 2, 2.984150, 56033.343516, 56033.343516
Z3, 21, 2, 720, 14728.000000, 0.029390, 501122.830895, 507856.000000, 1.000000, 2, 2.984150, 118705.725599, 118705.725599
Z3, 22, 2, 720, 16264.000000, 0.069697, 233352.942020, 235704.000000, 1.000000, 2, 2.984150, 65151.747824, 65151.747824
Z3, 23, 2, 720, 9504.000000, 0.028594, 332377.421837, 339424.000000, 1.000000, 2, 2.984150, 84956.643788, 84956.643788
Z3, 24, 2, 720, 12688.000000, 0.037956, 334281.799979, 342912.000000, 1.000000, 2, 2.984150, 85337.519416, 85337.519416
Z3, 25, 2, 720, 17320.000000, 0.051796, 334388.755888, 339600.000000, 1.000000, 2, 2.984150, 85358.910598, 85358.910598
Z3, 26, 2, 720, 10632.000000, 0.052671, 201856.809250, 204456.000000, 1.000000, 2, 2.984150, 58852.521270, 58852.521270
Z3, 27, 2, 720, 9320.000000, 0.048705, 191356.123601, 194160.000000, 1.000000, 2, 2.984150, 56752.384141, 56752.384141
Z3, 28, 2, 720, 6376.000000, 0.048070, 132639.900146, 132832.000000, 1.000000, 2, 2.984150, 45009.139449, 45009.139449
Z3, 29, 2, 720, 6872.000000, 0.048705, 141094.343497, 143160.000000, 1.000000, 2, 2.984150, 46700.028120, 46700.028120
Z3, 30, 2, 720, 6872.000000, 0.041603, 165180.395645, 167608.000000, 1.000000, 2, 2.984150, 51517.238549, 51517.238549
Z3, 31, 2, 720, 6376.000000, 0.070996, 89807.876500, 91080.000000, 1.000000, 2, 2.984150, 36442.734720, 36442.734720
Z3, 32, 2, 720, 6872.000000, 0.055560, 123686.105112, 124944.000000, 1.000000, 2, 2.984150, 43218.380443, 43218.380443
Z3, 33, 2, 720, 6872.000000, 0.054886, 125204.970302, 127256.000000, 1.000000, 2, 2.984150, 43522.153481, 43522.153481
Z3, 34, 2, 720, 6376.000000, 0.032802, 194378.391561, 199248.000000, 1.000000, 2, 2.984150, 57356.837733, 57356.837733
Z3, 35, 2, 720, 6872.000000, 0.049825, 137922.729553, 140240.000000, 1.000000, 2, 2.984150, 46065.705331, 46065.705331
Z3, 36, 2, 720, 6872.000000, 0.061527, 111690.802412, 112648.000000, 1.000000, 2, 2.984150, 40819.319903, 40819.319903
Z3, 37, 2, 720, 6376.000000, 0.050308, 126739.285998, 127520.000000, 1.000000, 2, 2.984150, 43829.016620, 43829.016620
Z3, 38, 2, 720, 6872.000000, 0.027281, 251896.924600, 254512.000000, 1.000000, 2, 2.984150, 68860.544340, 68860.544340
Z1, 0, 3, 720, 9896.000000, 0.194691, 50829.262781, 51008.000000, 1.000000, 2, 6.092210, 79026.396896, 79026.396896
Z2, 0, 3, 720, 6624.000000, 0.170009, 38962.643154, 38960.000000, 1.000000, 2, 6.092210, 76653.072971, 76653.072971
Z2, 1, 3, 720, 5424.000000, 0.049616, 109319.574331, 110688.000000, 1.000000, 2, 6.092210, 90724.459206, 90724.459206
Z2, 2, 3, 720, 7080.000000, 0.033393, 212020.483335, 214544.000000, 1.000000, 2, 6.092210, 111264.641007, 111264.641007
Z2, 3, 3, 720, 18632.000000, 0.060642, 307245.803239, 310528.000000, 1.000000, 2, 6.092210, 130309.704988, 130309.704988
Z2, 4, 3, 720, 9664.000000, 0.036228, 266754.996136, 268440.000000, 1.000000, 2, 6.092210, 122211.543567, 122211.543567
Z2, 5, 3, 720, 8424.000000, 0.065483, 128644.075562, 129600.000000, 1.000000, 2, 6.092210, 94589.359453, 94589.359453
Z2, 6, 3, 720, 6376.000000, 0.068044, 93704.073835, 93760.000000, 1.000000, 2, 6.092210, 87601.359107, 87601.359107
Z2, 7, 3, 720, 6872.000000, 0.075574, 90930.743377, 91624.000000, 1.000000, 2, 6.092210, 87046.693016, 87046.693016
Z3, 0, 3, 720, 7080.000000, 0.180215, 39286.407902, 39328.000000, 1.000000, 2, 6.092210, 76717.825921, 76717.825921
Z3, 1, 3, 720, 7080.000000, 0.068987, 102628.031368, 104112.000000, 1.000000, 2, 6.092210, 89386.150614, 89386.150614
Z3, 2, 3, 720, 5664.000000, 0.064592, 87688.877880, 88496.000000, 1.000000, 2, 6.092210, 86398.319916, 86398.319916
Z3, 3, 3, 720, 7080.000000, 0.063999, 110626.728543, 112376.000000, 1.000000, 2, 6.092210, 90985.890049, 90985.890049
Z3, 4, 3, 720, 7080.000000, 0.049841, 142051.724484, 144488.000000, 1.000000, 2, 6.092210, 97270.889237, 97270.889237
Z3, 5, 3, 720, 5664.000000, 0.059818, 94687.217894, 96000.000000, 1.000000, 2, 6.092210, 87797.987919, 87797.987919
Z3, 6, 3, 720, 7080.000000, 0.061132, 115814.957796, 116064.000000, 1.000000, 2, 6.092210, 92023.535899, 92023.535899
Z3, 7, 3, 720, 7080.000000, 0.050652, 139777.303956, 141600.000000, 1.000000, 2, 6.092210, 96816.005131, 96816.005131
Z3, 8, 3, 720, 5664.000000, 0.033428, 169438.793826, 171632.000000, 1.000000, 2, 6.092210, 102748.303105, 102748.303105
Z3, 9, 3, 720, 7080.000000, 0.042354, 167162.487604, 168568.000000, 1.000000, 2, 6.092210, 102293.041861, 102293.041861
Z3, 10, 3, 720, 14120.000000, 0.062143, 227217.868465, 227736.000000, 1.000000, 2, 6.092210, 114304.118033, 114304.118033
Z3, 11, 3, 720, 17536.000000, 0.049469, 354484.626736, 357872.000000, 1.000000, 2, 6.092210, 139757.469687, 139757.469687
Z3, 12, 3, 720, 16008.000000, 0.052532, 304728.546410, 307840.000000, 1.000000, 2, 6.092210, 129806.253622, 129806.253622
Z3, 13, 3, 720, 10896.000000, 0.066835, 163028.353408, 165088.000000, 1.000000, 2, 6.092210, 101466.215022, 101466.215022
Z3, 14, 3, 720, 19720.000000, 0.070327, 280404.396604, 281712.000000, 1.000000, 2, 6.092210, 124941.423661, 124941.423661
Z3, 15, 3, 720, 20104.000000, 0.029828, 673997.586161, 693240.000000, 1.000000, 2, 6.092210, 203660.061572, 203660.061572
Z3, 16, 3, 720, 12504.000000, 0.052951, 236142.849049, 240456.000000, 1.000000, 2, 6.092210, 116089.114150, 116089.114150
Z3, 17, 3, 720, 23072.000000, 0.064652, 356864.443482, 360496.000000, 1.000000, 2, 6.092210, 140233.433037, 140233.433037
Z3, 18, 3, 720, 18112.000000, 0.068867, 262999.695064, 266352.000000, 1.000000, 2, 6.092210, 121460.483353, 121460.483353
Z3, 19, 3, 720, 12544.000000, 0.051281, 244613.014567, 245960.000000, 1.000000, 2, 6.092210, 117783.147254, 117783.147254
Z3, 20, 3, 720, 15304.000000, 0.051530, 296992.043470, 300072.000000, 1.000000, 2, 6.092210, 128258.953034, 128258.953034
Z3, 21, 3, 720, 12280.000000, 0.242830, 50570.357864, 50736.000000, 1.000000, 2, 6.092210, 78974.615913, 78974.615913
Z3, 22, 3, 720, 10368.000000, 0.063751, 162632.743016, 164568.000000, 1.000000, 2, 6.092210, 101387.092943, 101387.092943
Z3, 23, 3, 720, 10520.000000, 0.067444, 155981.258526, 157008.000000, 1.000000, 2, 6.092210, 100056.796045, 100056.796045
Z3, 24, 3, 720, 15288.000000, 0.058001, 263581.662385, 263584.000000, 1.000000, 2, 6.092210, 121576.876817, 121576.876817
Z3, 25, 3, 720, 16344.000000, 0.072248, 226220.795039, 227000.000000, 1.000000, 2, 6.092210, 114104.703348, 114104.703348
Z3, 26, 3, 720, 9016.000000, 0.073852, 122082.001842, 123504.000000, 1.000000, 2, 6.092210, 93276.944709, 93276.944709
Z3, 27, 3, 720, 13800.000000, 0.050267, 274533.988501, 276000.000000, 1.000000, 2, 6.092210, 123767.342040, 123767.342040
Z3, 28, 3, 720, 17664.000000, 0.032842, 537847.877718, 552000.000000, 1.000000, 2, 6.092210, 176430.119884, 176430.119884
Z3, 29, 3, 720, 10240.000000, 0.071700, 142817.294282, 144224.000000, 1.000000, 2, 6.092210, 97424.003197, 97424.003197
Z3, 30, 3, 720, 6872.000000, 0.321751, 21358.130977, 21408.000000, 1.000000, 2, 6.092210, 73132.170536, 73132.170536
Z3, 31, 3, 720, 6872.000000, 0.049491, 138853.528924, 140240.000000, 1.000000, 2, 6.092210, 96631.250125, 96631.250125
Z3, 32, 3, 720, 6376.000000, 0.037962, 167957.431115, 172320.000000, 1.000000, 2, 6.092210, 102452.030563, 102452.030563
Z3, 33, 3, 720, 6872.000000, 0.038913, 176599.079999, 180840.000000, 1.000000, 2, 6.092210, 104180.360340, 104180.360340
Z3, 34, 3, 720, 6872.000000, 0.036340, 189102.916896, 190888.000000, 1.000000, 2, 6.092210, 106681.127719, 106681.127719
Z3, 35, 3, 720, 6376.000000, 0.536544, 11883.461561, 11888.000000, 1.000000, 2, 6.092210, 71237.236652, 71237.236652
Z3, 36, 3, 720, 6872.000000, 0.055693, 123390.731331, 124944.000000, 1.000000, 2, 6.092210, 93538.690606, 93538.690606
Z3, 37, 3, 720, 6872.000000, 0.057350, 119825.632084, 120560.000000, 1.000000, 2, 6.092210, 92825.670757, 92825.670757
Z3, 38, 3, 720, 6376.000000, 0.053064, 120156.791799, 120296.000000, 1.000000, 2, 6.092210, 92891.902700, 92891.902700
Z1, 0, 4, 720, 22592.000000, 0.192576, 117314.722499, 117664.000000, 1.000000, 2, 10.068757, 116354.847200, 116354.847200
Z2, 0, 4, 720, 6624.000000, 0.161736, 40955.631399, 41136.000000, 1.000000, 2, 10.068757, 101083.028980, 101083.028980
Z2, 1, 4, 720, 6648.000000, 0.053777, 123621.622627, 125432.000000, 1.000000, 2, 10.068757, 117616.227225, 117616.227225
Z2, 2, 4, 720, 7200.000000, 0.043132, 166929.425948, 167440.000000, 1.000000, 2, 10.068757, 126277.787890, 126277.787890
Z2, 3, 4, 720, 7296.000000, 0.057798, 126232.741617, 128000.000000, 1.000000, 2, 10.068757, 118138.451023, 118138.451023
Z2, 4, 4, 720, 17272.000000, 0.059777, 288940.562424, 292744.000000, 1.000000, 2, 10.068757, 150680.015185, 150680.015185
Z2, 5, 4, 720, 26240.000000, 0.077001, 340774.795133, 340776.000000, 1.000000, 2, 10.068757, 161046.861726, 161046.861726
Z2, 6, 4, 720, 12720.000000, 0.056167, 226467.498709, 227136.000000, 1.000000, 2, 10.068757, 138185.402442, 138185.402442
Z2, 7, 4, 720, 11496.000000, 0.026513, 433598.612002, 442152.000000, 1.000000, 2, 10.068757, 179611.625100, 179611.625100
Z3, 0, 4, 720, 6448.000000, 0.175288, 36785.176395, 36840.000000, 1.000000, 2, 10.068757, 100248.937979, 100248.937979
Z3, 1, 4, 720, 7448.000000, 0.047170, 157896.968412, 158464.000000, 1.000000, 2, 10.068757, 124471.296382, 124471.296382
Z3, 2, 4, 720, 7424.000000, 0.064552, 115008.055521, 116000.000000, 1.000000, 2, 10.068757, 115893.513804, 115893.513804
Z3, 3, 4, 720, 6648.000000, 0.055467, 119855.048948, 120872.000000, 1.000000, 2, 10.068757, 116862.912490, 116862.912490
Z3, 4, 4, 720, 7224.000000, 0.054015, 133740.627603, 133776.000000, 1.000000, 2, 10.068757, 119640.028221, 119640.028221
Z3, 5, 4, 720, 7240.000000, 0.042345, 170976.502539, 172376.000000, 1.000000, 2, 10.068757, 127087.203208, 127087.203208
Z3, 6, 4, 720, 6648.000000, 0.068948, 96420.490805, 97760.000000, 1.000000, 2, 10.068757, 112176.000861, 112176.000861
Z3, 7, 4, 720, 7232.000000, 0.064492, 112137.939589, 113000.000000, 1.000000, 2, 10.068757, 115319.490618, 115319.490618
Z3, 8, 4, 720, 7296.000000, 0.066925, 109017.556967, 110544.000000, 1.000000, 2, 10.068757, 114695.414093, 114695.414093
Z3, 9, 4, 720, 16456.000000, 0.057180, 287792.934593, 288696.000000, 1.000000, 2, 10.068757, 150450.489618, 150450.489618
Z3, 10, 4, 720, 25392.000000, 0.060574, 419189.751378, 423200.000000, 1.000000, 2, 10.068757, 176729.852976, 176729.852976
Z3, 11, 4, 720, 21592.000000, 0.053181, 406009.665106, 407392.000000, 1.000000, 2, 10.068757, 174093.835721, 174093.835721
Z3, 12, 4, 720, 13528.000000, 0.052969, 255394.664804, 260152.000000, 1.000000, 2, 10.068757, 143970.835661, 143970.835661
Z3, 13, 4, 720, 29512.000000, 0.067483, 437324.955915, 440472.000000, 1.000000, 2, 10.068757, 180356.893883, 180356.893883
Z3, 14, 4, 720, 29688.000000, 0.042926, 691608.815170, 706856.000000, 1.000000, 2, 10.068757, 231213.665734, 231213.665734
Z3, 15, 4, 720, 16760.000000, 0.034968, 479295.355754, 492936.000000, 1.000000, 2, 10.068757, 188750.973851, 188750.973851
Z3, 16, 4, 720, 33128.000000, 0.067459, 491083.472924, 494440.000000, 1.000000, 2, 10.068757, 191108.597285, 191108.597285
Z3, 17, 4, 720, 26248.000000, 0.302624, 86734.693878, 86912.000000, 1.000000, 2, 10.068757, 110238.841475, 110238.841475
Z3, 18, 4, 720, 14624.000000, 0.047249, 309509.195962, 311144.000000, 1.000000, 2, 10.068757, 154793.741892, 154793.741892
Z3, 19, 4, 720, 26816.000000, 0.328652, 81593.904799, 81752.000000, 1.000000, 2, 10.068757, 109210.683660, 109210.683660
Z3, 20, 4, 720, 23128.000000, 0.034991, 660969.963705, 680232.000000, 1.000000, 2, 10.068757, 225085.895441, 225085.895441
Z3, 21, 4, 720, 19440.000000, 0.446970, 43492.851869, 43584.000000, 1.000000, 2, 10.068757, 101590.473074, 101590.473074
Z3, 22, 4, 720, 29088.000000, 0.095128, 305777.478765, 306184.000000, 1.000000, 2, 10.068757, 154047.398453, 154047.398453
Z3, 23, 4, 720, 29840.000000, 0.124343, 239981.341933, 240640.000000, 1.000000, 2, 10.068757, 140888.171087, 140888.171087
Z3, 24, 4, 720, 17200.000000, 0.074863, 229753.015508, 232432.000000, 1.000000, 2, 10.068757, 138842.505802, 138842.505802
Z3, 25, 4, 720, 25664.000000, 0.214474, 119660.191911, 119920.000000, 1.000000, 2, 10.068757, 116823.941082, 116823.941082
Z3, 26, 4, 720, 26808.000000, 0.058139, 461101.842137, 462200.000000, 1.000000, 2, 10.068757, 185112.271127, 185112.271127
Z3, 27, 4, 720, 17472.000000, 0.043671, 400082.434568, 406320.000000, 1.000000, 2, 10.068757, 172908.389613, 172908.389613
Z3, 28, 4, 720, 6448.000000, 0.075229, 85711.627165, 85968.000000, 1.000000, 2, 10.068757, 110034.228133, 110034.228133
Z3, 29, 4, 720, 7200.000000, 0.052434, 137315.482321, 138456.000000, 1.000000, 2, 10.068757, 120354.999164, 120354.999164
Z3, 30, 4, 720, 7520.000000, 0.058891, 127693.535515, 129648.000000, 1.000000, 2, 10.068757, 118430.609803, 118430.609803
Z3, 31, 4, 720, 6728.000000, 0.026098, 257797.532378, 258768.000000, 1.000000, 2, 10.068757, 144451.409176, 144451.409176
Z3, 32, 4, 720, 7224.000000, 0.057644, 125320.935397, 126736.000000, 1.000000, 2, 10.068757, 117956.089779, 117956.089779
Z3, 33, 4, 720, 7256.000000, 0.028886, 251194.350204, 259136.000000, 1.000000, 2, 10.068757, 143130.772741, 143130.772741
Z3, 34, 4, 720, 6544.000000, 0.321696, 20342.186412, 20384.000000, 1.000000, 2, 10.068757, 96960.339982, 96960.339982
Z3, 35, 4, 720, 12272.000000, 0.066510, 184513.606976, 185936.000000, 1.000000, 2, 10.068757, 129794.624095, 129794.624095
Z3, 36, 4, 720, 8544.000000, 0.038954, 219335.626637, 224840.000000, 1.000000, 2, 10.068757, 136759.028027, 136759.028027
Z3, 37, 4, 720, 6424.000000, 0.056250, 114204.444444, 114712.000000, 1.000000, 2, 10.068757, 115732.791589, 115732.791589
Z3, 38, 4, 720, 6872.000000, 0.072263, 95097.075959, 95440.000000, 1.000000, 2, 10.068757, 111911.317892, 111911.317892
Z1, 0, 5, 720, 8792.000000, 0.191241, 45973.405284, 46024.000000, 1.000000, 2, 14.506687, 121105.998949, 121105.998949
Z2, 0, 5, 720, 6624.000000, 0.209911, 31556.230974, 31688.000000, 1.000000, 2, 14.506687, 118222.564086, 118222.564086
Z2, 1, 5, 720, 7616.000000, 0.050716, 150169.571733, 152320.000000, 1.000000, 2, 14.506687, 141945.232238, 141945.232238
Z2, 2, 5, 720, 8816.000000, 0.026128, 337415.799143, 339072.000000, 1.000000, 2, 14.506687, 179394.477720, 179394.477720
Z2, 3, 5, 720, 14976.000000, 0.060317, 248288.210621, 249600.000000, 1.000000, 2, 14.506687, 161568.960016, 161568.960016
Z2, 4, 5, 720, 20272.000000, 0.148553, 136463.080517, 136968.000000, 1.000000, 2, 14.506687, 139203.933995, 139203.933995
Z2, 5, 5, 720, 21272.000000, 0.072854, 291981.222719, 295440.000000, 1.000000, 2, 14.506687, 170307.562436, 170307.562436
Z2, 6, 5, 720, 9680.000000, 0.033239, 291224.164385, 293328.000000, 1.000000, 2, 14.506687, 170156.150769, 170156.150769
Z2, 7, 5, 720, 12888.000000, 0.074697, 172537.049681, 174160.000000, 1.000000, 2, 14.506687, 146418.727828, 146418.727828
Z3, 0, 5, 720, 7712.000000, 0.178635, 43171.830828, 43320.000000, 1.000000, 2, 14.506687, 120545.684057, 120545.684057
Z3, 1, 5, 720, 9624.000000, 0.049642, 193868.095564, 196408.000000, 1.000000, 2, 14.506687, 150684.937004, 150684.937004
Z3, 2, 5, 720, 9096.000000, 0.067178, 135401.470720, 135760.000000, 1.000000, 2, 14.506687, 138991.612036, 138991.612036
Z3, 3, 5, 720, 7632.000000, 0.035325, 216050.955414, 218056.000000, 1.000000, 2, 14.506687, 155121.508974, 155121.508974
Z3, 4, 5, 720, 8304.000000, 0.051985, 159738.386073, 162816.000000, 1.000000, 2, 14.506687, 143858.995106, 143858.995106
Z3, 5, 5, 720, 8504.000000, 0.034420, 247065.659500, 250112.000000, 1.000000, 2, 14.506687, 161324.449792, 161324.449792
Z3, 6, 5, 720, 7384.000000, 0.057622, 128145.499983, 129536.000000, 1.000000, 2, 14.506687, 137540.417888, 137540.417888
Z3, 7, 5, 720, 8968.000000, 0.059800, 149966.555184, 152000.000000, 1.000000, 2, 14.506687, 141904.628928, 141904.628928
Z3, 8, 5, 720, 8912.000000, 0.065105, 136886.567852, 137104.000000, 1.000000, 2, 14.506687, 139288.631462, 139288.631462
Z3, 9, 5, 720, 16688.000000, 0.055168, 302494.199536, 303416.000000, 1.000000, 2, 14.506687, 172410.157799, 172410.157799
Z3, 10, 5, 720, 23832.000000, 0.065188, 365588.758667, 366640.000000, 1.000000, 2, 14.506687, 185029.069625, 185029.069625
Z3, 11, 5, 720, 21144.000000, 0.060963, 346833.325132, 352400.000000, 1.000000, 2, 14.506687, 181277.982918, 181277.982918
Z3, 12, 5, 720, 14272.000000, 0.041638, 342763.821509, 348096.000000, 1.000000, 2, 14.506687, 180464.082193, 180464.082193
Z3, 13, 5, 720, 27640.000000, 0.070020, 394744.358755, 394856.000000, 1.000000, 2, 14.506687, 190860.189643, 190860.189643
Z3, 14, 5, 720, 33288.000000, 0.069576, 478440.841670, 482432.000000, 1.000000, 2, 14.506687, 207599.486226, 207599.486226
Z3, 15, 5, 720, 17576.000000, 0.075151, 233875.796729, 234344.000000, 1.000000, 2, 14.506687, 158686.477237, 158686.477237
Z3, 16, 5, 720, 34872.000000, 0.061397, 567975.633989, 571672.000000, 1.000000, 2, 14.506687, 225506.444689, 225506.444689
Z3, 17, 5, 720, 27336.000000, 0.044735, 611065.161507, 621272.000000, 1.000000, 2, 14.506687, 234124.350193, 234124.350193
Z3, 18, 5, 720, 25312.000000, 0.371877, 68065.516286, 68224.000000, 1.000000, 2, 14.506687, 125524.421149, 125524.421149
Z3, 19, 5, 720, 18312.000000, 0.032740, 559315.821625, 572248.000000, 1.000000, 2, 14.506687, 223774.482217, 223774.482217
Z3, 20, 5, 720, 41432.000000, 0.073859, 560960.749536, 567560.000000, 1.000000, 2, 14.506687, 224103.467799, 224103.467799
Z3, 21, 5, 720, 36760.000000, 0.069358, 530003.748666, 532752.000000, 1.000000, 2, 14.506687, 217912.067625, 217912.067625
Z3, 22, 5, 720, 21272.000000, 0.072712, 292551.435802, 295440.000000, 1.000000, 2, 14.506687, 170421.605052, 170421.605052
Z3, 23, 5, 720, 43464.000000, 0.073770, 589182.594551, 595392.000000, 1.000000, 2, 14.506687, 229747.836802, 229747.836802
Z3, 24, 5, 720, 42000.000000, 0.060748, 691380.786199, 700000.000000, 1.000000, 2, 14.506687, 250187.475131, 250187.475131
Z3, 25, 5, 720, 20304.000000, 0.054553, 372188.513922, 376000.000000, 1.000000, 2, 14.506687, 186349.020676, 186349.020676
Z3, 26, 5, 720, 32736.000000, 0.057596, 568372.803667, 574312.000000, 1.000000, 2, 14.506687, 225585.878625, 225585.878625
Z3, 27, 5, 720, 34608.000000, 0.295467, 117129.831758, 117312.000000, 1.000000, 2, 14.506687, 135337.284243, 135337.284243
Z3, 28, 5, 720, 13208.000000, 0.050322, 262469.695163, 264160.000000, 1.000000, 2, 14.506687, 164405.256924, 164405.256924
Z3, 29, 5, 720, 16320.000000, 0.054948, 297008.080367, 302216.000000, 1.000000, 2, 14.506687, 171312.933965, 171312.933965
Z3, 30, 5, 720, 8752.000000, 0.045105, 194036.137900, 194488.000000, 1.000000, 2, 14.506687, 150718.545472, 150718.545472
Z3, 31, 5, 720, 12760.000000, 0.057859, 220536.130939, 223856.000000, 1.000000, 2, 14.506687, 156018.544079, 156018.544079
Z3, 32, 5, 720, 15440.000000, 0.049036, 314870.707236, 315096.000000, 1.000000, 2, 14.506687, 174885.459339, 174885.459339
Z3, 33, 5, 720, 10000.000000, 0.068259, 146500.827730, 147056.000000, 1.000000, 2, 14.506687, 141211.483438, 141211.483438
Z3, 34, 5, 720, 15200.000000, 0.066289, 229298.978714, 230296.000000, 1.000000, 2, 14.506687, 157771.113635, 157771.113635
Z3, 35, 5, 720, 18352.000000, 0.057062, 321615.085346, 321960.000000, 1.000000, 2, 14.506687, 176234.334961, 176234.334961
Z3, 36, 5, 720, 11224.000000, 0.030311, 370294.612517, 374128.000000, 1.000000, 2, 14.506687, 185970.240395, 185970.240395
Z3, 37, 5, 720, 23240.000000, 0.061716, 376563.613974, 380976.000000, 1.000000, 2, 14.506687, 187224.040686, 187224.040686
Z3, 38, 5, 720, 16824.000000, 0.030961, 543393.301250, 560800.000000, 1.000000, 2, 14.506687, 220589.978142, 220589.978142
Z1, 0, 6, 720, 14912.000000, 0.178493, 83543.892478, 83768.000000, 1.000000, 2, 18.259465, 218817.597217, 218817.597217
Z2, 0, 6, 720, 6624.000000, 0.219718, 30147.734824, 30240.000000, 1.000000, 2, 18.259465, 208138.365686, 208138.365686
Z2, 1, 6, 720, 6768.000000, 0.043485, 155639.875819, 157392.000000, 1.000000, 2, 18.259465, 233236.793885, 233236.793885
Z2, 2, 6, 720, 7488.000000, 0.075586, 99065.964597, 99840.000000, 1.000000, 2, 18.259465, 221922.011641, 221922.011641
Z2, 3, 6, 720, 7752.000000, 0.033193, 233543.216943, 234904.000000, 1.000000, 2, 18.259465, 248817.462110, 248817.462110
Z2, 4, 6, 720, 10768.000000, 0.061708, 174499.254554, 176520.000000, 1.000000, 2, 18.259465, 237008.669632, 237008.669632
Z2, 5, 6, 720, 17456.000000, 0.057402, 304100.902408, 306240.000000, 1.000000, 2, 18.259465, 262928.999203, 262928.999203
Z2, 6, 6, 720, 9568.000000, 0.026100, 366590.038314, 368000.000000, 1.000000, 2, 18.259465, 275426.826384, 275426.826384
Z2, 7, 6, 720, 12800.000000, 0.069010, 185480.365164, 185504.000000, 1.000000, 2, 18.259465, 239204.891754, 239204.891754
Z3, 0, 6, 720, 6760.000000, 0.151771, 44540.788425, 44768.000000, 1.000000, 2, 18.259465, 211016.976406, 211016.976406
Z3, 1, 6, 720, 8320.000000, 0.064160, 129675.810474, 130000.000000, 1.000000, 2, 18.259465, 228043.980816, 228043.980816
Z3, 2, 6, 720, 7800.000000, 0.034221, 227930.218287, 229408.000000, 1.000000, 2, 18.259465, 247694.862379, 247694.862379
Z3, 3, 6, 720, 6928.000000, 0.042374, 163496.483693, 164952.000000, 1.000000, 2, 18.259465, 234808.115460, 234808.115460
Z3, 4, 6, 720, 7472.000000, 0.069936, 106840.539922, 108288.000000, 1.000000, 2, 18.259465, 223476.926706, 223476.926706
Z3, 5, 6, 720, 7416.000000, 0.042195, 175755.421258, 176568.000000, 1.000000, 2, 18.259465, 237259.902973, 237259.902973
Z3, 6, 6, 720, 6760.000000, 0.035898, 188311.326536, 193136.000000, 1.000000, 2, 18.259465, 239771.084029, 239771.084029
Z3, 7, 6, 720, 7600.000000, 0.027428, 277089.106023, 281480.000000, 1.000000, 2, 18.259465, 257526.639926, 257526.639926
Z3, 8, 6, 720, 7600.000000, 0.043343, 175345.499850, 176744.000000, 1.000000, 2, 18.259465, 237177.918691, 237177.918691
Z3, 9, 6, 720, 12912.000000, 0.063047, 204799.593954, 204952.000000, 1.000000, 2, 18.259465, 243068.737512, 243068.737512
Z3, 10, 6, 720, 17552.000000, 0.034617, 507034.116186, 516232.000000, 1.000000, 2, 18.259465, 303515.641958, 303515.641958
Z3, 11, 6, 720, 14968.000000, 0.066915, 223686.766794, 226784.000000, 1.000000, 2, 18.259465, 246846.172080, 246846.172080
Z3, 12, 6, 720, 10336.000000, 0.069286, 149178.766273, 149792.000000, 1.000000, 2, 18.259465, 231944.571976, 231944.571976
Z3, 13, 6, 720, 18344.000000, 0.062787, 292162.390304, 295864.000000, 1.000000, 2, 18.259465, 260541.296782, 260541.296782
Z3, 14, 6, 720, 20456.000000, 0.057146, 357960.312183, 358872.000000, 1.000000, 2, 18.259465, 273700.881158, 273700.881158
Z3, 15, 6, 720, 12480.000000, 0.073114, 170692.343464, 170952.000000, 1.000000, 2, 18.259465, 236247.287414, 236247.287414
Z3, 16, 6, 720, 18912.000000, 0.038860, 486670.097787, 497680.000000, 1.000000, 2, 18.259465, 299442.838279, 299442.838279
Z3, 17, 6, 720, 16112.000000, 0.026031, 618954.323691, 619688.000000, 1.000000, 2, 18.259465, 325899.683460, 325899.683460
Z3, 18, 6, 720, 16088.000000, 0.038506, 417805.017400, 423368.000000, 1.000000, 2, 18.259465, 285669.822201, 285669.822201
Z3, 19, 6, 720, 31984.000000, 0.193240, 165514.386255, 165720.000000, 1.000000, 2, 18.259465, 235211.695972, 235211.695972
Z3, 20, 6, 720, 21472.000000, 0.062886, 341443.246510, 346320.000000, 1.000000, 2, 18.259465, 270397.468023, 270397.468023
Z3, 21, 6, 720, 19320.000000, 0.045047, 428885.386374, 429328.000000, 1.000000, 2, 18.259465, 287885.895996, 287885.895996
Z3, 22, 6, 720, 33040.000000, 0.040985, 806148.590948, 826000.000000, 1.000000, 2, 18.259465, 363338.536911, 363338.536911
Z3, 23, 6, 720, 26472.000000, 0.043699, 605780.452642, 615624.000000, 1.000000, 2, 18.259465, 323264.909250, 323264.909250
Z3, 24, 6, 720, 12984.000000, 0.051208, 253554.132167, 254584.000000, 1.000000, 2, 18.259465, 252819.645155, 252819.645155
Z3, 25, 6, 720, 21128.000000, 0.059526, 354937.338306, 358096.000000, 1.000000, 2, 18.259465, 273096.286383, 273096.286383
Z3, 26, 6, 720, 21576.000000, 0.064722, 333364.234727, 337120.000000, 1.000000, 2, 18.259465, 268781.665667, 268781.665667
Z3, 27, 6, 720, 14376.000000, 0.067424, 213217.845278, 214560.000000, 1.000000, 2, 18.259465, 244752.387777, 244752.387777
Z3, 28, 6, 720, 7048.000000, 0.061681, 114265.332923, 115536.000000, 1.000000, 2, 18.259465, 224961.885306, 224961.885306
Z3, 29, 6, 720, 8656.000000, 0.028253, 306374.544296, 309136.000000, 1.000000, 2, 18.259465, 263383.727581, 263383.727581
Z3, 30, 6, 720, 9488.000000, 0.048483, 195697.460966, 197664.000000, 1.000000, 2, 18.259465, 241248.310914, 241248.310914
Z3, 31, 6, 720, 8424.000000, 0.062440, 134913.516976, 135864.000000, 1.000000, 2, 18.259465, 229091.522117, 229091.522117
Z3, 32, 6, 720, 9328.000000, 0.039496, 236175.815272, 239176.000000, 1.000000, 2, 18.259465, 249343.981776, 249343.981776
Z3, 33, 6, 720, 8680.000000, 0.030997, 280027.099397, 289328.000000, 1.000000, 2, 18.259465, 258114.238601, 258114.238601
Z3, 34, 6, 720, 7160.000000, 0.045938, 155862.249118, 159104.000000, 1.000000, 2, 18.259465, 233281.268545, 233281.268545
Z3, 35, 6, 720, 10360.000000, 0.072870, 142170.989433, 143888.000000, 1.000000, 2, 18.259465, 230543.016608, 230543.016608
Z3, 36, 6, 720, 9048.000000, 0.033803, 267668.550129, 274176.000000, 1.000000, 2, 18.259465, 255642.528747, 255642.528747
Z3, 37, 6, 720, 7176.000000, 0.035298, 203297.637260, 205024.000000, 1.000000, 2, 18.259465, 242768.346173, 242768.346173
Z3, 38, 6, 720, 8768.000000, 0.055713, 157377.990774, 159416.000000, 1.000000, 2, 18.259465, 233584.416876, 233584.416876
Z1, 0, 7, 720, 7408.000000, 0.167569, 44208.654345, 44352.000000, 1.000000, 2, 21.216938, 192046.762825, 192046.762825
Z2, 0, 7, 720, 6624.000000, 0.161756, 40950.567521, 41136.000000, 1.000000, 2, 21.216938, 191395.145461, 191395.145461
Z2, 1, 7, 720, 6792.000000, 0.062229, 109145.253821, 109544.000000, 1.000000, 2, 21.216938, 205034.082720, 205034.082720
Z2, 2, 7, 720, 7464.000000, 0.047541, 157001.325172, 158808.000000, 1.000000, 2, 21.216938, 214605.296991, 214605.296991
Z2, 3, 7, 720, 10144.000000, 0.072842, 139260.316850, 140888.000000, 1.000000, 2, 21.216938, 211057.095326, 211057.095326
Z2, 4, 7, 720, 14352.000000, 0.046121, 311181.457471, 312000.000000, 1.000000, 2, 21.216938, 245441.323450, 245441.323450
Z2, 5, 7, 720, 15008.000000, 0.061839, 242694.739566, 246032.000000, 1.000000, 2, 21.216938, 231743.979869, 231743.979869
Z2, 6, 7, 720, 7168.000000, 0.062995, 113786.808477, 115608.000000, 1.000000, 2, 21.216938, 205962.393652, 205962.393652
Z2, 7, 7, 720, 8160.000000, 0.075622, 107905.106979, 108800.000000, 1.000000, 2, 21.216938, 204786.053352, 204786.053352
Z3, 0, 7, 720, 6656.000000, 0.182970, 36377.548232, 36568.000000, 1.000000, 2, 21.216938, 190480.541603, 190480.541603
Z3, 1, 7, 720, 7664.000000, 0.039490, 194074.449228, 196512.000000, 1.000000, 2, 21.216938, 222019.921802, 222019.921802
Z3, 2, 7, 720, 7664.000000, 0.045304, 169168.285361, 170304.000000, 1.000000, 2, 21.216938, 217038.689028, 217038.689028
Z3, 3, 7, 720, 6920.000000, 0.075737, 91368.815770, 92264.000000, 1.000000, 2, 21.216938, 201478.795110, 201478.795110
Z3, 4, 7, 720, 7504.000000, 0.066245, 113276.473696, 113696.000000, 1.000000, 2, 21.216938, 205860.326695, 205860.326695
Z3, 5, 7, 720, 7480.000000, 0.053078, 140924.676891, 141128.000000, 1.000000, 2, 21.216938, 211389.967334, 211389.967334
Z3, 6, 7, 720, 6728.000000, 0.031083, 216452.723354, 217032.000000, 1.000000, 2, 21.216938, 226495.576627, 226495.576627
Z3, 7, 7, 720, 7632.000000, 0.074140, 102940.383059, 103128.000000, 1.000000, 2, 21.216938, 203793.108568, 203793.108568
Z3, 8, 7, 720, 7392.000000, 0.027428, 269505.614700, 273776.000000, 1.000000, 2, 21.216938, 237106.154896, 237106.154896
Z3, 9, 7, 720, 12800.000000, 0.062537, 204678.830133, 206448.000000, 1.000000, 2, 21.216938, 224140.797983, 224140.797983
Z3, 10, 7, 720, 16760.000000, 0.031079, 539270.890312, 540640.000000, 1.000000, 2, 21.216938, 291059.210019, 291059.210019
Z3, 11, 7, 720, 14104.000000, 0.042495, 331897.870338, 335808.000000, 1.000000, 2, 21.216938, 249584.606024, 249584.606024
Z3, 12, 7, 720, 9704.000000, 0.050009, 194045.071887, 194080.000000, 1.000000, 2, 21.216938, 222014.046334, 222014.046334
Z3, 13, 7, 720, 17248.000000, 0.063005, 273756.051107, 273776.000000, 1.000000, 2, 21.216938, 237956.242178, 237956.242178
Z3, 14, 7, 720, 21552.000000, 0.072364, 297827.649107, 299328.000000, 1.000000, 2, 21.216938, 242770.561778, 242770.561778
Z3, 15, 7, 720, 16688.000000, 0.036287, 459889.216524, 463552.000000, 1.000000, 2, 21.216938, 275182.875261, 275182.875261
Z3, 16, 7, 720, 23312.000000, 0.149829, 155590.706739, 156456.000000, 1.000000, 2, 21.216938, 214323.173304, 214323.173304
Z3, 17, 7, 720, 14952.000000, 0.056369, 265252.177615, 267000.000000, 1.000000, 2, 21.216938, 236255.467479, 236255.467479
Z3, 18, 7, 720, 16856.000000, 0.063215, 266645.574626, 267552.000000, 1.000000, 2, 21.216938, 236534.146882, 236534.146882
Z3, 19, 7, 720, 23928.000000, 0.071578, 334292.659756, 337008.000000, 1.000000, 2, 21.216938, 250063.563907, 250063.563907
Z3, 20, 7, 720, 29544.000000, 0.069259, 426572.719791, 428168.000000, 1.000000, 2, 21.216938, 268519.575914, 268519.575914
Z3, 21, 7, 720, 31920.000000, 0.285954, 111626.345496, 112000.000000, 1.000000, 2, 21.216938, 205530.301055, 205530.301055
Z3, 22, 7, 720, 15096.000000, 0.056941, 265116.524121, 269568.000000, 1.000000, 2, 21.216938, 236228.336781, 236228.336781
Z3, 23, 7, 720, 22296.000000, 0.050390, 442468.743798, 445920.000000, 1.000000, 2, 21.216938, 271698.780716, 271698.780716
Z3, 24, 7, 720, 24272.000000, 0.047173, 514531.617663, 516424.000000, 1.000000, 2, 21.216938, 286111.355489, 286111.355489
Z3, 25, 7, 720, 13368.000000, 0.050326, 265628.104757, 267360.000000, 1.000000, 2, 21.216938, 236330.652908, 236330.652908
Z3, 26, 7, 720, 21768.000000, 0.061374, 354677.876625, 356848.000000, 1.000000, 2, 21.216938, 254140.607281, 254140.607281
Z3, 27, 7, 720, 21680.000000, 0.057980, 373922.042083, 380344.000000, 1.000000, 2, 21.216938, 257989.440373, 257989.440373
Z3, 28, 7, 720, 9672.000000, 0.047623, 203095.143103, 205784.000000, 1.000000, 2, 21.216938, 223824.060577, 223824.060577
Z3, 29, 7, 720, 13368.000000, 0.070874, 188616.417868, 190968.000000, 1.000000, 2, 21.216938, 220928.315530, 220928.315530
Z3, 30, 7, 720, 13424.000000, 0.033484, 400907.896309, 406784.000000, 1.000000, 2, 21.216938, 263386.611218, 263386.611218
Z3, 31, 7, 720, 8064.000000, 0.033704, 239259.435082, 244360.000000, 1.000000, 2, 21.216938, 231056.918973, 231056.918973
Z3, 32, 7, 720, 9424.000000, 0.056133, 167886.982702, 168280.000000, 1.000000, 2, 21.216938, 216782.428497, 216782.428497
Z3, 33, 7, 720, 7368.000000, 0.054989, 133990.434451, 136440.000000, 1.000000, 2, 21.216938, 210003.118846, 210003.118846
Z3, 34, 7, 720, 8792.000000, 0.048230, 182293.178520, 183160.000000, 1.000000, 2, 21.216938, 219663.667660, 219663.667660
Z3, 35, 7, 720, 8568.000000, 0.044112, 194232.861806, 194720.000000, 1.000000, 2, 21.216938, 222051.604318, 222051.604318
Z3, 36, 7, 720, 7064.000000, 0.066788, 105767.503144, 107024.000000, 1.000000, 2, 21.216938, 204358.532585, 204358.532585
Z3, 37, 7, 720, 10104.000000, 0.033591, 300794.855765, 306176.000000, 1.000000, 2, 21.216938, 243364.003109, 243364.003109
Z3, 38, 7, 720, 8640.000000, 0.027079, 319066.435245, 320000.000000, 1.000000, 2, 21.216938, 247018.319005, 247018.319005
Z1, 0, 8, 720, 7744.000000, 0.193533, 40013.847768, 40120.000000, 1.000000, 2, 24.473146, 230989.730199, 230989.730199
Z2, 0, 8, 720, 6624.000000, 0.147027, 45052.949458, 45056.000000, 1.000000, 2, 24.473146, 231997.550537, 231997.550537
Z2, 1, 8, 720, 6968.000000, 0.045102, 154494.257461, 154840.000000, 1.000000, 2, 24.473146, 253885.812138, 253885.812138
Z2, 2, 8, 720, 7968.000000, 0.052144, 152807.609696, 153224.000000, 1.000000, 2, 24.473146, 253548.482585, 253548.482585
Z2, 3, 8, 720, 12752.000000, 0.028672, 444754.464286, 455424.000000, 1.000000, 2, 24.473146, 311937.853503, 311937.853503
Z2, 4, 8, 720, 18720.000000, 0.044060, 424875.170222, 425448.000000, 1.000000, 2, 24.473146, 307961.994690, 307961.994690
Z2, 5, 8, 720, 25648.000000, 0.058498, 438442.339909, 442200.000000, 1.000000, 2, 24.473146, 310675.428627, 310675.428627
Z2, 6, 8, 720, 9784.000000, 0.170617, 57344.813237, 57552.000000, 1.000000, 2, 24.473146, 234455.923293, 234455.923293
Z2, 7, 8, 720, 13192.000000, 0.072456, 182069.117809, 183216.000000, 1.000000, 2, 24.473146, 259400.784207, 259400.784207
Z3, 0, 8, 720, 6768.000000, 0.186871, 36217.497632, 36384.000000, 1.000000, 2, 24.473146, 230230.460172, 230230.460172
Z3, 1, 8, 720, 8032.000000, 0.027978, 287082.707842, 297480.000000, 1.000000, 2, 24.473146, 280403.502214, 280403.502214
Z3, 2, 8, 720, 7872.000000, 0.054506, 144424.467031, 145776.000000, 1.000000, 2, 24.473146, 251871.854052, 251871.854052
Z3, 3, 8, 720, 7024.000000, 0.041216, 170419.254658, 171312.000000, 1.000000, 2, 24.473146, 257070.811577, 257070.811577
Z3, 4, 8, 720, 7816.000000, 0.038231, 204441.421883, 205680.000000, 1.000000, 2, 24.473146, 263875.245022, 263875.245022
Z3, 5, 8, 720, 7936.000000, 0.044187, 179600.334940, 180360.000000, 1.000000, 2, 24.473146, 258907.027634, 258907.027634
Z3, 6, 8, 720, 6928.000000, 0.031648, 218907.987867, 223480.000000, 1.000000, 2, 24.473146, 266768.558219, 266768.558219
Z3, 7, 8, 720, 8048.000000, 0.064002, 125746.070435, 125744.000000, 1.000000, 2, 24.473146, 248136.174733, 248136.174733
Z3, 8, 8, 720, 7664.000000, 0.032590, 235164.160786, 239496.000000, 1.000000, 2, 24.473146, 270019.792803, 270019.792803
Z3, 9, 8, 720, 14248.000000, 0.064054, 222437.318513, 222624.000000, 1.000000, 2, 24.473146, 267474.424348, 267474.424348
Z3, 10, 8, 720, 19448.000000, 0.065830, 295427.616588, 299200.000000, 1.000000, 2, 24.473146, 282072.483963, 282072.483963
Z3, 11, 8, 720, 17344.000000, 0.070023, 247690.044700, 247768.000000, 1.000000, 2, 24.473146, 272524.969585, 272524.969585
Z3, 12, 8, 720, 11952.000000, 0.047436, 251960.536302, 254296.000000, 1.000000, 2, 24.473146, 273379.067906, 273379.067906
Z3, 13, 8, 720, 25224.000000, 0.049463, 509956.937509, 514768.000000, 1.000000, 2, 24.473146, 324978.348147, 324978.348147
Z3, 14, 8, 720, 35992.000000, 0.068149, 528136.876550, 529288.000000, 1.000000, 2, 24.473146, 328614.335956, 328614.335956
Z3, 15, 8, 720, 20016.000000, 0.036950, 541705.006766, 556000.000000, 1.000000, 2, 24.473146, 331327.961999, 331327.961999
Z3, 16, 8, 720, 36432.000000, 0.074615, 488266.434363, 492320.000000, 1.000000, 2, 24.473146, 320640.247518, 320640.247518
Z3, 17, 8, 720, 22472.000000, 0.059237, 379357.496159, 380880.000000, 1.000000, 2, 24.473146, 298858.459877, 298858.459877
Z3, 18, 8, 720, 21736.000000, 0.068337, 318070.737668, 319640.000000, 1.000000, 2, 24.473146, 286601.108179, 286601.108179
Z3, 19, 8, 720, 16848.000000, 0.044530, 378351.673029, 382904.000000, 1.000000, 2, 24.473146, 298657.295251, 298657.295251
Z3, 20, 8, 720, 47160.000000, 0.068956, 683914.380184, 693528.000000, 1.000000, 2, 24.473146, 359769.836682, 359769.836682
Z3, 21, 8, 720, 39472.000000, 0.064498, 611987.968619, 616744.000000, 1.000000, 2, 24.473146, 345384.554369, 345384.554369
Z3, 22, 8, 720, 26968.000000, 0.075275, 358259.714381, 359568.000000, 1.000000, 2, 24.473146, 294638.903522, 294638.903522
Z3, 23, 8, 720, 39776.000000, 0.052562, 756744.416118, 764920.000000, 1.000000, 2, 24.473146, 374335.843869, 374335.843869
Z3, 24, 8, 720, 34992.000000, 0.051584, 678349.875931, 686112.000000, 1.000000, 2, 24.473146, 358656.935832, 358656.935832
Z3, 25, 8, 720, 22464.000000, 0.073441, 305878.187933, 307720.000000, 1.000000, 2, 24.473146, 284162.598232, 284162.598232
Z3, 26, 8, 720, 43144.000000, 0.183796, 234738.514440, 235752.000000, 1.000000, 2, 24.473146, 269934.663534, 269934.663534
Z3, 27, 8, 720, 43672.000000, 0.066532, 656405.939999, 661696.000000, 1.000000, 2, 24.473146, 354268.148645, 354268.148645
Z3, 28, 8, 720, 18320.000000, 0.034341, 533473.107947, 538816.000000, 1.000000, 2, 24.473146, 329681.582235, 329681.582235
Z3, 29, 8, 720, 24560.000000, 0.043049, 570512.671607, 571160.000000, 1.000000, 2, 24.473146, 337089.494967, 337089.494967
Z3, 30, 8, 720, 19040.000000, 0.075273, 252945.943433, 253864.000000, 1.000000, 2, 24.473146, 273576.149332, 273576.149332
Z3, 31, 8, 720, 20160.000000, 0.038849, 518932.276249, 530520.000000, 1.000000, 2, 24.473146, 326773.415895, 326773.415895
Z3, 32, 8, 720, 16496.000000, 0.070639, 233525.389657, 235656.000000, 1.000000, 2, 24.473146, 269692.038577, 269692.038577
Z3, 33, 8, 720, 11624.000000, 0.036064, 322315.882875, 322888.000000, 1.000000, 2, 24.473146, 287450.137221, 287450.137221
Z3, 34, 8, 720, 21024.000000, 0.062284, 337550.574786, 339096.000000, 1.000000, 2, 24.473146, 290497.075603, 290497.075603
Z3, 35, 8, 720, 28496.000000, 0.061257, 465187.652023, 467144.000000, 1.000000, 2, 24.473146, 316024.491050, 316024.491050
Z3, 36, 8, 720, 12416.000000, 0.040149, 309248.051010, 310400.000000, 1.000000, 2, 24.473146, 284836.570848, 284836.570848
Z3, 37, 8, 720, 17312.000000, 0.524831, 32985.856399, 33032.000000, 1.000000, 2, 24.473146, 229584.131925, 229584.131925
Z3, 38, 8, 720, 14664.000000, 0.407219, 36010.107583, 36024.000000, 1.000000, 2, 24.473146, 230188.982162, 230188.982162
Z1, 0, 9, 720, 24464.000000, 0.194068, 126058.907187, 126096.000000, 1.000000, 2, 28.492875, 236381.348408, 236381.348408
Z2, 0, 9, 720, 6624.000000, 0.449279, 14743.622560, 14752.000000, 1.000000, 2, 28.492875, 214118.291482, 214118.291482
Z2, 1, 9, 720, 6776.000000, 0.039072, 173423.423423, 173736.000000, 1.000000, 2, 28.492875, 245854.251655, 245854.251655
Z2, 2, 9, 720, 7696.000000, 0.332784, 23126.111832, 23176.000000, 1.000000, 2, 28.492875, 215794.789337, 215794.789337
Z2, 3, 9, 720, 7496.000000, 0.035969, 208401.679224, 214168.000000, 1.000000, 2, 28.492875, 252849.902815, 252849.902815
Z2, 4, 9, 720, 16056.000000, 0.061396, 261515.408170, 263208.000000, 1.000000, 2, 28.492875, 263472.648604, 263472.648604
Z2, 5, 9, 720, 26344.000000, 0.113449, 232210.067960, 233128.000000, 1.000000, 2, 28.492875, 257611.580563, 257611.580563
Z2, 6, 9, 720, 23952.000000, 0.066182, 361911.093651, 362904.000000, 1.000000, 2, 28.492875, 283551.785701, 283551.785701
Z2, 7, 9, 720, 32816.000000, 0.066324, 494783.185574, 497208.000000, 1.000000, 2, 28.492875, 310126.204085, 310126.204085
Z3, 0, 9, 720, 6752.000000, 0.145666, 46352.614886, 46560.000000, 1.000000, 2, 28.492875, 220440.089948, 220440.089948
Z3, 1, 9, 720, 9824.000000, 0.031202, 314851.612076, 316896.000000, 1.000000, 2, 28.492875, 274139.889386, 274139.889386
Z3, 2, 9, 720, 8640.000000, 0.028614, 301950.094359, 308568.000000, 1.000000, 2, 28.492875, 271559.585842, 271559.585842
Z3, 3, 9, 720, 7248.000000, 0.070892, 102240.027083, 103536.000000, 1.000000, 2, 28.492875, 231617.572387, 231617.572387
Z3, 4, 9, 720, 8336.000000, 0.058175, 143291.792007, 143720.000000, 1.000000, 2, 28.492875, 239827.925372, 239827.925372
Z3, 5, 9, 720, 9640.000000, 0.039151, 246226.150034, 247176.000000, 1.000000, 2, 28.492875, 260414.796977, 260414.796977
Z3, 6, 9, 720, 10312.000000, 0.062462, 165092.376165, 166320.000000, 1.000000, 2, 28.492875, 244188.042203, 244188.042203
Z3, 7, 9, 720, 21208.000000, 0.069137, 306753.258024, 307360.000000, 1.000000, 2, 28.492875, 272520.218575, 272520.218575
Z3, 8, 9, 720, 8000.000000, 0.054677, 146313.806537, 148144.000000, 1.000000, 2, 28.492875, 240432.328278, 240432.328278
Z3, 9, 9, 720, 16880.000000, 0.075365, 223976.646985, 225064.000000, 1.000000, 2, 28.492875, 255964.896367, 255964.896367
Z3, 10, 9, 720, 23240.000000, 0.044673, 520224.744253, 528176.000000, 1.000000, 2, 28.492875, 315214.515821, 315214.515821
Z3, 11, 9, 720, 21680.000000, 0.049919, 434303.571786, 442448.000000, 1.000000, 2, 28.492875, 298030.281328, 298030.281328
Z3, 12, 9, 720, 16096.000000, 0.060976, 263972.710575, 268264.000000, 1.000000, 2, 28.492875, 263964.109085, 263964.109085
Z3, 13, 9, 720, 39872.000000, 0.049691, 802398.824737, 813712.000000, 1.000000, 2, 28.492875, 371649.331918, 371649.331918
Z3, 14, 9, 720, 46392.000000, 0.071942, 644852.798087, 653408.000000, 1.000000, 2, 28.492875, 340140.126588, 340140.126588
Z3, 15, 9, 720, 26168.000000, 0.071589, 365531.017335, 368560.000000, 1.000000, 2, 28.492875, 284275.770438, 284275.770438
Z3, 16, 9, 720, 48816.000000, 0.073223, 666675.771274, 668712.000000, 1.000000, 2, 28.492875, 344504.721225, 344504.721225
Z3, 17, 9, 720, 38664.000000, 0.065579, 589578.981076, 594824.000000, 1.000000, 2, 28.492875, 329085.363186, 329085.363186
Z3, 18, 9, 720, 19912.000000, 0.037276, 534177.486855, 538160.000000, 1.000000, 2, 28.492875, 318005.064341, 318005.064341
Z3, 19, 9, 720, 61688.000000, 0.140417, 439320.025353, 440624.000000, 1.000000, 2, 28.492875, 299033.572041, 299033.572041
Z3, 20, 9, 720, 59200.000000, 0.067190, 881083.494568, 883576.000000, 1.000000, 2, 28.492875, 387386.265884, 387386.265884
Z3, 21, 9, 720, 41064.000000, 0.073365, 559721.938254, 562520.000000, 1.000000, 2, 28.492875, 323113.954621, 323113.954621
Z3, 22, 9, 720, 55576.000000, 0.048625, 1142951.156812, 1157832.000000, 1.000000, 2, 28.492875, 439759.798333, 439759.798333
Z3, 23, 9, 720, 50200.000000, 0.055482, 904797.952489, 912720.000000, 1.000000, 2, 28.492875, 392129.157468, 392129.157468
Z3, 24, 9, 720, 30056.000000, 0.052655, 570809.989555, 578000.000000, 1.000000, 2, 28.492875, 325331.564881, 325331.564881
Z3, 25, 9, 720, 59504.000000, 0.042847, 1388755.338764, 1416760.000000, 1.000000, 2, 28.492875, 488920.634723, 488920.634723
Z3, 26, 9, 720, 65232.000000, 0.071576, 911366.938639, 918760.000000, 1.000000, 2, 28.492875, 393442.954698, 393442.954698
Z3, 27, 9, 720, 36648.000000, 0.068981, 531276.728374, 538936.000000, 1.000000, 2, 28.492875, 317424.912645, 317424.912645
Z3, 28, 9, 720, 8856.000000, 0.049493, 178934.394763, 180728.000000, 1.000000, 2, 28.492875, 246956.445923, 246956.445923
Z3, 29, 9, 720, 14088.000000, 0.068597, 205373.412831, 207176.000000, 1.000000, 2, 28.492875, 252244.249537, 252244.249537
Z3, 30, 9, 720, 15104.000000, 0.037483, 402956.006723, 408216.000000, 1.000000, 2, 28.492875, 291760.768315, 291760.768315
Z3, 31, 9, 720, 11784.000000, 0.046230, 254899.415964, 256168.000000, 1.000000, 2, 28.492875, 262149.450163, 262149.450163
Z3, 32, 9, 720, 18496.000000, 0.075052, 246442.466557, 246608.000000, 1.000000, 2, 28.492875, 260458.060282, 260458.060282
Z3, 33, 9, 720, 22376.000000, 0.356156, 62826.401914, 62848.000000, 1.000000, 2, 28.492875, 223734.847353, 223734.847353
Z3, 34, 9, 720, 8792.000000, 0.064515, 136278.384872, 137368.000000, 1.000000, 2, 28.492875, 238425.243945, 238425.243945
Z3, 35, 9, 720, 19464.000000, 0.040701, 478219.208373, 486600.000000, 1.000000, 2, 28.492875, 306813.408645, 306813.408645
Z3, 36, 9, 720, 20360.000000, 0.075222, 270665.496796, 271464.000000, 1.000000, 2, 28.492875, 265302.666330, 265302.666330
Z3, 37, 9, 720, 11344.000000, 0.026938, 421115.153315, 436304.000000, 1.000000, 2, 28.492875, 295392.597634, 295392.597634
Z3, 38, 9, 720, 15808.000000, 0.056678, 278908.924098, 282280.000000, 1.000000, 2, 28.492875, 266951.351790, 266951.351790
Z1, 0, 10, 720, 35840.000000, 0.203052, 176506.510648, 176544.000000, 1.000000, 2, 32.537235, 193573.993670, 193573.993670
Z2, 0, 10, 720, 6624.000000, 0.214805, 30837.271013, 30952.000000, 1.000000, 2, 32.537235, 164440.145743, 164440.145743
Z2, 1, 10, 720, 7008.000000, 0.037207, 188351.654259, 189400.000000, 1.000000, 2, 32.537235, 195943.022392, 195943.022392
Z2, 2, 10, 720, 7480.000000, 0.028459, 262834.252785, 267136.000000, 1.000000, 2, 32.537235, 210839.542097, 210839.542097
Z2, 3, 10, 720, 7832.000000, 0.056648, 138257.308290, 139856.000000, 1.000000, 2, 32.537235, 185924.153198, 185924.153198
Z2, 4, 10, 720, 29728.000000, 0.058104, 511634.310891, 512544.000000, 1.000000, 2, 32.537235, 260599.553718, 260599.553718
Z2, 5, 10, 720, 35136.000000, 0.061714, 569335.969148, 576000.000000, 1.000000, 2, 32.537235, 272139.885370, 272139.885370
Z2, 6, 10, 720, 23040.000000, 0.043907, 524745.484775, 535808.000000, 1.000000, 2, 32.537235, 263221.788495, 263221.788495
Z2, 7, 10, 720, 35840.000000, 0.048255, 742720.961558, 746664.000000, 1.000000, 2, 32.537235, 306816.883852, 306816.883852
Z3, 0, 10, 720, 6840.000000, 0.236777, 28887.940974, 28976.000000, 1.000000, 2, 32.537235, 164050.279735, 164050.279735
Z3, 1, 10, 720, 22064.000000, 0.058589, 376589.462186, 380408.000000, 1.000000, 2, 32.537235, 233590.583977, 233590.583977
Z3, 2, 10, 720, 15312.000000, 0.061567, 248704.663212, 251016.000000, 1.000000, 2, 32.537235, 208013.624183, 208013.624183
Z3, 3, 10, 720, 7752.000000, 0.064878, 119485.804125, 121120.000000, 1.000000, 2, 32.537235, 182169.852365, 182169.852365
Z3, 4, 10, 720, 11432.000000, 0.035149, 325243.961421, 326624.000000, 1.000000, 2, 32.537235, 223321.483824, 223321.483824
Z3, 5, 10, 720, 17232.000000, 0.028012, 615164.929316, 615424.000000, 1.000000, 2, 32.537235, 281305.677403, 281305.677403
Z3, 6, 10, 720, 23328.000000, 0.071287, 327240.590851, 328560.000000, 1.000000, 2, 32.537235, 223720.809710, 223720.809710
Z3, 7, 10, 720, 18496.000000, 0.055068, 335875.644658, 336288.000000, 1.000000, 2, 32.537235, 225447.820472, 225447.820472
Z3, 8, 10, 720, 7968.000000, 0.056699, 140531.579040, 142280.000000, 1.000000, 2, 32.537235, 186379.007348, 186379.007348
Z3, 9, 10, 720, 19568.000000, 0.060963, 320981.578991, 326128.000000, 1.000000, 2, 32.537235, 222469.007338, 222469.007338
Z3, 10, 10, 720, 36064.000000, 0.044804, 804928.131417, 819632.000000, 1.000000, 2, 32.537235, 319258.317823, 319258.317823
Z3, 11, 10, 720, 29248.000000, 0.064738, 451790.293182, 457000.000000, 1.000000, 2, 32.537235, 248630.750176, 248630.750176
Z3, 12, 10, 720, 24216.000000, 0.068113, 355526.845096, 356112.000000, 1.000000, 2, 32.537235, 229378.060559, 229378.060559
Z3, 13, 10, 720, 54424.000000, 0.450950, 120687.437632, 120936.000000, 1.000000, 2, 32.537235, 182410.179066, 182410.179066
Z3, 14, 10, 720, 56832.000000, 0.078603, 723025.838708, 728608.000000, 1.000000, 2, 32.537235, 302877.859282, 302877.859282
Z3, 15, 10, 720, 29576.000000, 0.056561, 522904.474815, 528136.000000, 1.000000, 2, 32.537235, 262853.586503, 262853.586503
Z3, 16, 10, 720, 52328.000000, 0.075590, 692260.881069, 697704.000000, 1.000000, 2, 32.537235, 296724.867754, 296724.867754
Z3, 17, 10, 720, 52840.000000, 0.061918, 853386.737298, 866224.000000, 1.000000, 2, 32.537235, 328950.039000, 328950.039000
Z3, 18, 10, 720, 23160.000000, 0.074231, 311999.030055, 312968.000000, 1.000000, 2, 32.537235, 220672.497551, 220672.497551
Z3, 19, 10, 720, 77048.000000, 0.107517, 716612.256666, 720072.000000, 1.000000, 2, 32.537235, 301595.142873, 301595.142873
Z3, 20, 10, 720, 68968.000000, 0.075654, 911623.972295, 919568.000000, 1.000000, 2, 32.537235, 340597.485999, 340597.485999
Z3, 21, 10, 720, 52224.000000, 0.067492, 773780.596219, 779456.000000, 1.000000, 2, 32.537235, 313028.810784, 313028.810784
Z3, 22, 10, 720, 76384.000000, 0.193377, 395000.439556, 395768.000000, 1.000000, 2, 32.537235, 237272.779451, 237272.779451
Z3, 23, 10, 720, 57512.000000, 0.065711, 875226.370014, 884800.000000, 1.000000, 2, 32.537235, 333317.965543, 333317.965543
Z3, 24, 10, 720, 35600.000000, 0.075939, 468797.324168, 474664.000000, 1.000000, 2, 32.537235, 252032.156374, 252032.156374
Z3, 25, 10, 720, 72816.000000, 0.360365, 202061.798454, 202264.000000, 1.000000, 2, 32.537235, 198685.051231, 198685.051231
Z3, 26, 10, 720, 93600.000000, 0.219701, 426033.563798, 427392.000000, 1.000000, 2, 32.537235, 243479.404300, 243479.404300
Z3, 27, 10, 720, 43888.000000, 0.128857, 340594.612633, 342872.000000, 1.000000, 2, 32.537235, 226391.614067, 226391.614067
Z3, 28, 10, 720, 13072.000000, 0.051888, 251927.227875, 256312.000000, 1.000000, 2, 32.537235, 208658.137115, 208658.137115
Z3, 29, 10, 720, 20608.000000, 0.072016, 286158.631415, 286216.000000, 1.000000, 2, 32.537235, 215504.417823, 215504.417823
Z3, 30, 10, 720, 22584.000000, 0.057599, 392090.140454, 396208.000000, 1.000000, 2, 32.537235, 236690.719631, 236690.719631
Z3, 31, 10, 720, 14712.000000, 0.063996, 229889.368086, 233520.000000, 1.000000, 2, 32.537235, 204250.565157, 204250.565157
Z3, 32, 10, 720, 20512.000000, 0.075682, 271028.778309, 273488.000000, 1.000000, 2, 32.537235, 212478.447202, 212478.447202
Z3, 33, 10, 720, 17992.000000, 0.035734, 503498.069066, 514056.000000, 1.000000, 2, 32.537235, 258972.305353, 258972.305353
Z3, 34, 10, 720, 11464.000000, 0.073794, 155351.383581, 157040.000000, 1.000000, 2, 32.537235, 189342.968256, 189342.968256
Z3, 35, 10, 720, 22376.000000, 0.071887, 311266.292932, 315152.000000, 1.000000, 2, 32.537235, 220525.950126, 220525.950126
Z3, 36, 10, 720, 29088.000000, 0.063792, 455981.941309, 461712.000000, 1.000000, 2, 32.537235, 249469.079802, 249469.079802
Z3, 37, 10, 720, 17936.000000, 0.051485, 348373.312615, 351680.000000, 1.000000, 2, 32.537235, 227947.354063, 227947.354063
Z3, 38, 10, 720, 24920.000000, 0.046440, 536606.373816, 541736.000000, 1.000000, 2, 32.537235, 265593.966303, 265593.966303
