Zone, Tile_no, Seg_no, Reso, Seg_d_size, Seg_d_time, Bitrate, Bitrate1, Buf_lev, Buf_limit, Elapsed, Ref_vp, Local_avg
Z1, 0, 1, 720, 9960.000000, 0.322123, 30919.866014, 30928.000000, 1.000000, 2, 0.000061, 30919.866014, 30919.866014
Z2, 0, 1, 720, 8952.000000, 0.322945, 27719.890384, 27800.000000, 1.000000, 2, 0.000061, 13859.945192, 13859.945192
Z2, 1, 1, 720, 5424.000000, 0.100984, 53711.479046, 54240.000000, 1.000000, 2, 0.000061, 17903.826349, 17903.826349
Z2, 2, 1, 720, 7080.000000, 0.100966, 70122.615534, 70800.000000, 1.000000, 2, 0.000061, 17530.653883, 17530.653883
Z2, 3, 1, 720, 18976.000000, 0.101027, 187830.975878, 187880.000000, 1.000000, 2, 0.000061, 37566.195176, 37566.195176
Z2, 4, 1, 720, 8720.000000, 0.100832, 86480.482387, 87200.000000, 1.000000, 2, 0.000061, 17296.096477, 17296.096477
Z2, 5, 1, 720, 8336.000000, 0.100926, 82595.168737, 83360.000000, 1.000000, 2, 0.000061, 16519.033747, 16519.033747
Z2, 6, 1, 720, 6376.000000, 0.100908, 63186.268680, 63760.000000, 1.000000, 2, 0.000061, 12637.253736, 12637.253736
Z2, 7, 1, 720, 6872.000000, 0.100920, 68093.539437, 68720.000000, 1.000000, 2, 0.000061, 13618.707887, 13618.707887
Z3, 0, 1, 720, 7080.000000, 0.323965, 21854.212646, 21912.000000, 1.000000, 2, 0.000061, 4370.842529, 4370.842529
Z3, 1, 1, 720, 7080.000000, 0.100975, 70116.365437, 70800.000000, 1.000000, 2, 0.000061, 14023.273087, 14023.273087
Z3, 2, 1, 720, 5664.000000, 0.100971, 56095.314496, 56640.000000, 1.000000, 2, 0.000061, 11219.062899, 11219.062899
Z3, 3, 1, 720, 7080.000000, 0.101015, 70088.600703, 70096.000000, 1.000000, 2, 0.000061, 14017.720141, 14017.720141
Z3, 4, 1, 720, 7080.000000, 0.100931, 70146.932062, 70800.000000, 1.000000, 2, 0.000061, 14029.386412, 14029.386412
Z3, 5, 1, 720, 5664.000000, 0.100995, 56081.984257, 56640.000000, 1.000000, 2, 0.000061, 11216.396851, 11216.396851
Z3, 6, 1, 720, 7080.000000, 0.100998, 70100.398028, 70800.000000, 1.000000, 2, 0.000061, 14020.079606, 14020.079606
Z3, 7, 1, 720, 7080.000000, 0.100922, 70153.187610, 70800.000000, 1.000000, 2, 0.000061, 14030.637522, 14030.637522
Z3, 8, 1, 720, 5664.000000, 0.101020, 56068.105326, 56072.000000, 1.000000, 2, 0.000061, 11213.621065, 11213.621065
Z3, 9, 1, 720, 7080.000000, 0.100915, 70158.053808, 70800.000000, 1.000000, 2, 0.000061, 14031.610762, 14031.610762
Z3, 10, 1, 720, 12904.000000, 0.101005, 127756.051681, 127760.000000, 1.000000, 2, 0.000061, 25551.210336, 25551.210336
Z3, 11, 1, 720, 17344.000000, 0.101034, 171664.984065, 171720.000000, 1.000000, 2, 0.000061, 34332.996813, 34332.996813
Z3, 12, 1, 720, 16912.000000, 0.101072, 167326.262466, 167440.000000, 1.000000, 2, 0.000061, 33465.252493, 33465.252493
Z3, 13, 1, 720, 13240.000000, 0.101071, 130997.021895, 131088.000000, 1.000000, 2, 0.000061, 26199.404379, 26199.404379
Z3, 14, 1, 720, 28328.000000, 0.101138, 280092.546817, 280472.000000, 1.000000, 2, 0.000061, 56018.509363, 56018.509363
Z3, 15, 1, 720, 30528.000000, 0.101146, 301821.129852, 302256.000000, 1.000000, 2, 0.000061, 60364.225970, 60364.225970
Z3, 16, 1, 720, 16360.000000, 0.101085, 161843.992679, 161976.000000, 1.000000, 2, 0.000061, 32368.798536, 32368.798536
Z3, 17, 1, 720, 33216.000000, 0.100984, 328923.393805, 332160.000000, 1.000000, 2, 0.000061, 65784.678761, 65784.678761
Z3, 18, 1, 720, 28000.000000, 0.101114, 276915.165061, 277224.000000, 1.000000, 2, 0.000061, 55383.033012, 55383.033012
Z3, 19, 1, 720, 15744.000000, 0.101088, 155745.489079, 155880.000000, 1.000000, 2, 0.000061, 31149.097816, 31149.097816
Z3, 20, 1, 720, 16024.000000, 0.100961, 158714.751241, 160240.000000, 1.000000, 2, 0.000061, 31742.950248, 31742.950248
Z3, 21, 1, 720, 11576.000000, 0.101040, 114568.487728, 114608.000000, 1.000000, 2, 0.000061, 22913.697546, 22913.697546
Z3, 22, 1, 720, 10816.000000, 0.100942, 107150.640962, 108160.000000, 1.000000, 2, 0.000061, 21430.128192, 21430.128192
Z3, 23, 1, 720, 13224.000000, 0.101071, 130838.717337, 130928.000000, 1.000000, 2, 0.000061, 26167.743467, 26167.743467
Z3, 24, 1, 720, 17528.000000, 0.100996, 173551.427779, 175280.000000, 1.000000, 2, 0.000061, 34710.285556, 34710.285556
Z3, 25, 1, 720, 23824.000000, 0.101085, 235682.841173, 235880.000000, 1.000000, 2, 0.000061, 47136.568235, 47136.568235
Z3, 26, 1, 720, 11024.000000, 0.100993, 109156.080124, 110240.000000, 1.000000, 2, 0.000061, 21831.216025, 21831.216025
Z3, 27, 1, 720, 15112.000000, 0.101012, 149605.987407, 149616.000000, 1.000000, 2, 0.000061, 29921.197481, 29921.197481
Z3, 28, 1, 720, 24552.000000, 0.514691, 47702.407852, 47760.000000, 1.000000, 2, 0.000061, 9540.481570, 9540.481570
Z3, 29, 1, 720, 10824.000000, 0.100932, 107240.518369, 108240.000000, 1.000000, 2, 0.000061, 21448.103674, 21448.103674
Z3, 30, 1, 720, 6872.000000, 0.100945, 68076.675417, 68720.000000, 1.000000, 2, 0.000061, 13615.335083, 13615.335083
Z3, 31, 1, 720, 6872.000000, 0.100976, 68055.775630, 68720.000000, 1.000000, 2, 0.000061, 13611.155126, 13611.155126
Z3, 32, 1, 720, 6376.000000, 0.101014, 63119.963569, 63128.000000, 1.000000, 2, 0.000061, 12623.992714, 12623.992714
Z3, 33, 1, 720, 6872.000000, 0.101012, 68031.521007, 68032.000000, 1.000000, 2, 0.000061, 13606.304201, 13606.304201
Z3, 34, 1, 720, 6872.000000, 0.100999, 68040.277627, 68720.000000, 1.000000, 2, 0.000061, 13608.055525, 13608.055525
Z3, 35, 1, 720, 6376.000000, 0.101014, 63119.963569, 63128.000000, 1.000000, 2, 0.000061, 12623.992714, 12623.992714
Z3, 36, 1, 720, 6872.000000, 0.100992, 68044.993663, 68720.000000, 1.000000, 2, 0.000061, 13608.998733, 13608.998733
Z3, 37, 1, 720, 6872.000000, 0.101013, 68030.847515, 68032.000000, 1.000000, 2, 0.000061, 13606.169503, 13606.169503
Z3, 38, 1, 720, 6376.000000, 0.100947, 63161.857212, 63760.000000, 1.000000, 2, 0.000061, 12632.371442, 12632.371442
Z1, 0, 2, 720, 9320.000000, 0.322123, 28933.047314, 28944.000000, 1.000000, 2, 5.934251, 18418.980905, 18418.980905
Z2, 0, 2, 720, 6624.000000, 0.323227, 20493.337500, 20504.000000, 1.000000, 2, 5.934251, 16731.038942, 16731.038942
Z2, 1, 2, 720, 5424.000000, 0.100960, 53724.247227, 54240.000000, 1.000000, 2, 5.934251, 23377.220888, 23377.220888
Z2, 2, 2, 720, 7080.000000, 0.100934, 70144.847128, 70800.000000, 1.000000, 2, 5.934251, 26661.340868, 26661.340868
Z2, 3, 2, 720, 18392.000000, 0.101034, 182037.729873, 182096.000000, 1.000000, 2, 5.934251, 49039.917417, 49039.917417
Z2, 4, 2, 720, 9160.000000, 0.101010, 90684.090684, 90688.000000, 1.000000, 2, 5.934251, 30769.189579, 30769.189579
Z2, 5, 2, 720, 8048.000000, 0.100979, 79699.739550, 80480.000000, 1.000000, 2, 5.934251, 28572.319352, 28572.319352
Z2, 6, 2, 720, 6376.000000, 0.100953, 63158.103276, 63760.000000, 1.000000, 2, 5.934251, 25263.992098, 25263.992098
Z2, 7, 2, 720, 6872.000000, 0.100949, 68073.977949, 68720.000000, 1.000000, 2, 5.934251, 26247.167032, 26247.167032
Z3, 0, 2, 720, 7080.000000, 0.322710, 21939.202380, 21984.000000, 1.000000, 2, 5.934251, 17020.211918, 17020.211918
Z3, 1, 2, 720, 7080.000000, 0.100987, 70108.033707, 70800.000000, 1.000000, 2, 5.934251, 26653.978184, 26653.978184
Z3, 2, 2, 720, 5664.000000, 0.100946, 56109.206903, 56640.000000, 1.000000, 2, 5.934251, 23854.212823, 23854.212823
Z3, 3, 2, 720, 7080.000000, 0.105377, 67187.336895, 67424.000000, 1.000000, 2, 5.934251, 26069.838821, 26069.838821
Z3, 4, 2, 720, 7080.000000, 0.100959, 70127.477491, 70800.000000, 1.000000, 2, 5.934251, 26657.866941, 26657.866941
Z3, 5, 2, 720, 5664.000000, 0.100934, 56115.877702, 56640.000000, 1.000000, 2, 5.934251, 23855.546983, 23855.546983
Z3, 6, 2, 720, 7080.000000, 0.100942, 70139.287908, 70800.000000, 1.000000, 2, 5.934251, 26660.229024, 26660.229024
Z3, 7, 2, 720, 7080.000000, 0.100986, 70108.727942, 70800.000000, 1.000000, 2, 5.934251, 26654.117031, 26654.117031
Z3, 8, 2, 720, 5664.000000, 0.100866, 56153.708881, 56640.000000, 1.000000, 2, 5.934251, 23863.113219, 23863.113219
Z3, 9, 2, 720, 7080.000000, 0.100959, 70127.477491, 70800.000000, 1.000000, 2, 5.934251, 26657.866941, 26657.866941
Z3, 10, 2, 720, 12648.000000, 0.100993, 125236.402523, 126480.000000, 1.000000, 2, 5.934251, 37679.651947, 37679.651947
Z3, 11, 2, 720, 17112.000000, 0.101038, 169362.022209, 169424.000000, 1.000000, 2, 5.934251, 46504.775884, 46504.775884
Z3, 12, 2, 720, 15320.000000, 0.100975, 151720.722951, 153200.000000, 1.000000, 2, 5.934251, 42976.516033, 42976.516033
Z3, 13, 2, 720, 10704.000000, 0.100972, 106009.586816, 107040.000000, 1.000000, 2, 5.934251, 33834.288806, 33834.288806
Z3, 14, 2, 720, 18776.000000, 0.101059, 185792.457871, 185896.000000, 1.000000, 2, 5.934251, 49790.863017, 49790.863017
Z3, 15, 2, 720, 21848.000000, 0.101022, 216269.723427, 216312.000000, 1.000000, 2, 5.934251, 55886.316128, 55886.316128
Z3, 16, 2, 720, 12752.000000, 0.102248, 124716.375870, 125016.000000, 1.000000, 2, 5.934251, 37575.646617, 37575.646617
Z3, 17, 2, 720, 21856.000000, 0.101047, 216295.387295, 216392.000000, 1.000000, 2, 5.934251, 55891.448901, 55891.448901
Z3, 18, 2, 720, 16880.000000, 0.100975, 167170.091607, 168800.000000, 1.000000, 2, 5.934251, 46066.389764, 46066.389764
Z3, 19, 2, 720, 12128.000000, 0.100882, 120219.662576, 121280.000000, 1.000000, 2, 5.934251, 36676.303958, 36676.303958
Z3, 20, 2, 720, 15344.000000, 0.102319, 149962.372580, 150424.000000, 1.000000, 2, 5.934251, 42624.845958, 42624.845958
Z3, 21, 2, 720, 11592.000000, 0.100956, 114822.298823, 115920.000000, 1.000000, 2, 5.934251, 35596.831207, 35596.831207
Z3, 22, 2, 720, 9952.000000, 0.101082, 98454.719930, 98528.000000, 1.000000, 2, 5.934251, 32323.315429, 32323.315429
Z3, 23, 2, 720, 11064.000000, 0.100972, 109574.931664, 110640.000000, 1.000000, 2, 5.934251, 34547.357775, 34547.357775
Z3, 24, 2, 720, 14728.000000, 0.101094, 145686.193048, 145816.000000, 1.000000, 2, 5.934251, 41769.610052, 41769.610052
Z3, 25, 2, 720, 16264.000000, 0.101133, 160817.932821, 161024.000000, 1.000000, 2, 5.934251, 44795.958007, 44795.958007
Z3, 26, 2, 720, 9504.000000, 0.101090, 94015.233950, 94096.000000, 1.000000, 2, 5.934251, 31435.418232, 31435.418232
Z3, 27, 2, 720, 12688.000000, 0.101015, 125605.108152, 125616.000000, 1.000000, 2, 5.934251, 37753.393073, 37753.393073
Z3, 28, 2, 720, 17320.000000, 0.101090, 171332.476011, 171480.000000, 1.000000, 2, 5.934251, 46898.866645, 46898.866645
Z3, 29, 2, 720, 10632.000000, 0.100991, 105276.707825, 106320.000000, 1.000000, 2, 5.934251, 33687.713008, 33687.713008
Z3, 30, 2, 720, 6872.000000, 0.101040, 68012.668250, 68032.000000, 1.000000, 2, 5.934251, 26234.905092, 26234.905092
Z3, 31, 2, 720, 6872.000000, 0.101015, 68029.500569, 68032.000000, 1.000000, 2, 5.934251, 26238.271556, 26238.271556
Z3, 32, 2, 720, 6376.000000, 0.101005, 63125.587842, 63128.000000, 1.000000, 2, 5.934251, 25257.489011, 25257.489011
Z3, 33, 2, 720, 6872.000000, 0.101014, 68030.174035, 68032.000000, 1.000000, 2, 5.934251, 26238.406249, 26238.406249
Z3, 34, 2, 720, 6872.000000, 0.101007, 68034.888671, 68032.000000, 1.000000, 2, 5.934251, 26239.349177, 26239.349177
Z3, 35, 2, 720, 6376.000000, 0.100990, 63134.963858, 63760.000000, 1.000000, 2, 5.934251, 25259.364214, 25259.364214
Z3, 36, 2, 720, 6872.000000, 0.101003, 68037.583042, 68032.000000, 1.000000, 2, 5.934251, 26239.888051, 26239.888051
Z3, 37, 2, 720, 6872.000000, 0.101010, 68032.868033, 68032.000000, 1.000000, 2, 5.934251, 26238.945049, 26238.945049
Z3, 38, 2, 720, 6376.000000, 0.101007, 63124.337917, 63128.000000, 1.000000, 2, 5.934251, 25257.239026, 25257.239026
Z1, 0, 3, 720, 15304.000000, 0.322311, 47482.090279, 47520.000000, 1.000000, 2, 11.461642, 34753.657082, 34753.657082
Z2, 0, 3, 720, 6624.000000, 0.322749, 20523.688687, 20568.000000, 1.000000, 2, 11.461642, 29361.976763, 29361.976763
Z2, 1, 3, 720, 5664.000000, 0.100864, 56154.822335, 56640.000000, 1.000000, 2, 11.461642, 36488.203493, 36488.203493
Z2, 2, 3, 720, 7080.000000, 0.100921, 70153.882740, 70800.000000, 1.000000, 2, 11.461642, 39288.015574, 39288.015574
Z2, 3, 3, 720, 7080.000000, 0.100882, 70181.003549, 70800.000000, 1.000000, 2, 11.461642, 39293.439736, 39293.439736
Z2, 4, 3, 720, 12544.000000, 0.100962, 124244.765357, 125440.000000, 1.000000, 2, 11.461642, 50106.192097, 50106.192097
Z2, 5, 3, 720, 18632.000000, 0.416854, 44696.704362, 44784.000000, 1.000000, 2, 11.461642, 34196.579898, 34196.579898
Z2, 6, 3, 720, 10240.000000, 0.101043, 101342.992587, 101384.000000, 1.000000, 2, 11.461642, 45525.837543, 45525.837543
Z2, 7, 3, 720, 8424.000000, 0.100984, 83419.155510, 84240.000000, 1.000000, 2, 11.461642, 41941.070128, 41941.070128
Z3, 0, 3, 720, 5424.000000, 0.322874, 16799.122878, 16840.000000, 1.000000, 2, 11.461642, 28617.063601, 28617.063601
Z3, 1, 3, 720, 7080.000000, 0.100863, 70194.223848, 70800.000000, 1.000000, 2, 11.461642, 39296.083796, 39296.083796
Z3, 2, 3, 720, 7080.000000, 0.100853, 70201.183901, 70800.000000, 1.000000, 2, 11.461642, 39297.475806, 39297.475806
Z3, 3, 3, 720, 5664.000000, 0.100872, 56150.368784, 56640.000000, 1.000000, 2, 11.461642, 36487.312783, 36487.312783
Z3, 4, 3, 720, 7080.000000, 0.100888, 70176.829752, 70800.000000, 1.000000, 2, 11.461642, 39292.604976, 39292.604976
Z3, 5, 3, 720, 7080.000000, 0.100883, 70180.307881, 70800.000000, 1.000000, 2, 11.461642, 39293.300602, 39293.300602
Z3, 6, 3, 720, 5664.000000, 0.100875, 56148.698885, 56640.000000, 1.000000, 2, 11.461642, 36486.978803, 36486.978803
Z3, 7, 3, 720, 7080.000000, 0.100874, 70186.569384, 70800.000000, 1.000000, 2, 11.461642, 39294.552903, 39294.552903
Z3, 8, 3, 720, 7080.000000, 0.100946, 70136.508628, 70800.000000, 1.000000, 2, 11.461642, 39284.540752, 39284.540752
Z3, 9, 3, 720, 14120.000000, 0.100976, 139835.208366, 141200.000000, 1.000000, 2, 11.461642, 53224.280699, 53224.280699
Z3, 10, 3, 720, 17536.000000, 0.100910, 173778.614607, 175360.000000, 1.000000, 2, 11.461642, 60012.961947, 60012.961947
Z3, 11, 3, 720, 16008.000000, 0.101015, 158471.514132, 158488.000000, 1.000000, 2, 11.461642, 56951.541852, 56951.541852
Z3, 12, 3, 720, 10896.000000, 0.100949, 107935.690299, 108960.000000, 1.000000, 2, 11.461642, 46844.377086, 46844.377086
Z3, 13, 3, 720, 19720.000000, 0.100995, 195257.190950, 197200.000000, 1.000000, 2, 11.461642, 64308.677216, 64308.677216
Z3, 14, 3, 720, 20104.000000, 0.100979, 199090.900088, 201040.000000, 1.000000, 2, 11.461642, 65075.419044, 65075.419044
Z3, 15, 3, 720, 12504.000000, 0.101006, 123794.626062, 123800.000000, 1.000000, 2, 11.461642, 50016.164238, 50016.164238
Z3, 16, 3, 720, 23072.000000, 0.100945, 228560.106989, 230720.000000, 1.000000, 2, 11.461642, 70969.260424, 70969.260424
Z3, 17, 3, 720, 18112.000000, 0.101011, 179307.204166, 179320.000000, 1.000000, 2, 11.461642, 61118.679859, 61118.679859
Z3, 18, 3, 720, 9664.000000, 0.100955, 95725.818434, 96640.000000, 1.000000, 2, 11.461642, 44402.402713, 44402.402713
Z3, 19, 3, 720, 12280.000000, 0.100945, 121650.403685, 122800.000000, 1.000000, 2, 11.461642, 49587.319763, 49587.319763
Z3, 20, 3, 720, 10368.000000, 0.100905, 102750.111491, 103680.000000, 1.000000, 2, 11.461642, 45807.261324, 45807.261324
Z3, 21, 3, 720, 10520.000000, 0.100892, 104269.912382, 105200.000000, 1.000000, 2, 11.461642, 46111.221502, 46111.221502
Z3, 22, 3, 720, 15288.000000, 0.101004, 151360.342165, 151360.000000, 1.000000, 2, 11.461642, 55529.307459, 55529.307459
Z3, 23, 3, 720, 16344.000000, 0.101036, 161764.123679, 161816.000000, 1.000000, 2, 11.461642, 57610.063762, 57610.063762
Z3, 24, 3, 720, 9016.000000, 0.100939, 89321.273244, 90160.000000, 1.000000, 2, 11.461642, 43121.493675, 43121.493675
Z3, 25, 3, 720, 13800.000000, 0.101012, 136617.431592, 136632.000000, 1.000000, 2, 11.461642, 52580.725344, 52580.725344
Z3, 26, 3, 720, 17664.000000, 0.101043, 174816.662213, 174888.000000, 1.000000, 2, 11.461642, 60220.571468, 60220.571468
Z3, 27, 3, 720, 9896.000000, 0.100998, 97982.138260, 98960.000000, 1.000000, 2, 11.461642, 44853.666678, 44853.666678
Z3, 28, 3, 720, 6376.000000, 0.100866, 63212.579065, 63760.000000, 1.000000, 2, 11.461642, 37899.754839, 37899.754839
Z3, 29, 3, 720, 6872.000000, 0.100948, 68074.652296, 68720.000000, 1.000000, 2, 11.461642, 38872.169485, 38872.169485
Z3, 30, 3, 720, 6872.000000, 0.100894, 68111.086883, 68720.000000, 1.000000, 2, 11.461642, 38879.456403, 38879.456403
Z3, 31, 3, 720, 6376.000000, 0.100926, 63174.999505, 63760.000000, 1.000000, 2, 11.461642, 37892.238927, 37892.238927
Z3, 32, 3, 720, 6872.000000, 0.100935, 68083.420023, 68720.000000, 1.000000, 2, 11.461642, 38873.923030, 38873.923030
Z3, 33, 3, 720, 6872.000000, 0.100880, 68120.539255, 68720.000000, 1.000000, 2, 11.461642, 38881.346877, 38881.346877
Z3, 34, 3, 720, 6376.000000, 0.100942, 63164.985833, 63760.000000, 1.000000, 2, 11.461642, 37890.236193, 37890.236193
Z3, 35, 3, 720, 6872.000000, 0.100948, 68074.652296, 68720.000000, 1.000000, 2, 11.461642, 38872.169485, 38872.169485
Z3, 36, 3, 720, 6872.000000, 0.100876, 68123.240414, 68720.000000, 1.000000, 2, 11.461642, 38881.887109, 38881.887109
Z3, 37, 3, 720, 6376.000000, 0.100865, 63213.205770, 63760.000000, 1.000000, 2, 11.461642, 37899.880180, 37899.880180
Z3, 38, 3, 720, 6872.000000, 0.100982, 68051.731992, 68720.000000, 1.000000, 2, 11.461642, 38867.585424, 38867.585424
Z1, 0, 4, 720, 22592.000000, 0.323067, 69929.766890, 69944.000000, 1.000000, 2, 17.294643, 52853.538802, 52853.538802
Z2, 0, 4, 720, 6624.000000, 0.323677, 20464.846127, 20504.000000, 1.000000, 2, 17.294643, 42960.554650, 42960.554650
Z2, 1, 4, 720, 6648.000000, 0.100929, 65868.085486, 66480.000000, 1.000000, 2, 17.294643, 52041.202521, 52041.202521
Z2, 2, 4, 720, 7200.000000, 0.100974, 71305.484580, 72000.000000, 1.000000, 2, 17.294643, 53128.682340, 53128.682340
Z2, 3, 4, 720, 7296.000000, 0.100982, 72250.500089, 72960.000000, 1.000000, 2, 17.294643, 53317.685442, 53317.685442
Z2, 4, 4, 720, 17272.000000, 0.101073, 170886.389046, 171008.000000, 1.000000, 2, 17.294643, 73044.863233, 73044.863233
Z2, 5, 4, 720, 26240.000000, 0.101088, 259575.815131, 259800.000000, 1.000000, 2, 17.294643, 90782.748451, 90782.748451
Z2, 6, 4, 720, 12720.000000, 0.100961, 125989.243371, 127200.000000, 1.000000, 2, 17.294643, 64065.434098, 64065.434098
Z2, 7, 4, 720, 11496.000000, 0.101000, 113821.782178, 113816.000000, 1.000000, 2, 17.294643, 61631.941860, 61631.941860
Z3, 0, 4, 720, 6448.000000, 0.323562, 19928.174508, 19960.000000, 1.000000, 2, 17.294643, 42853.220326, 42853.220326
Z3, 1, 4, 720, 7448.000000, 0.100995, 73746.225061, 74480.000000, 1.000000, 2, 17.294643, 53616.830436, 53616.830436
Z3, 2, 4, 720, 7424.000000, 0.101009, 73498.401133, 73504.000000, 1.000000, 2, 17.294643, 53567.265651, 53567.265651
Z3, 3, 4, 720, 6648.000000, 0.100994, 65825.692615, 66480.000000, 1.000000, 2, 17.294643, 52032.723947, 52032.723947
Z3, 4, 4, 720, 7224.000000, 0.100998, 71526.168835, 72240.000000, 1.000000, 2, 17.294643, 53172.819191, 53172.819191
Z3, 5, 4, 720, 7240.000000, 0.101014, 71673.233413, 71680.000000, 1.000000, 2, 17.294643, 53202.232107, 53202.232107
Z3, 6, 4, 720, 6648.000000, 0.101008, 65816.568985, 65816.000000, 1.000000, 2, 17.294643, 52030.899221, 52030.899221
Z3, 7, 4, 720, 7232.000000, 0.100984, 71615.305395, 72320.000000, 1.000000, 2, 17.294643, 53190.646503, 53190.646503
Z3, 8, 4, 720, 7296.000000, 0.101021, 72222.607181, 72232.000000, 1.000000, 2, 17.294643, 53312.106860, 53312.106860
Z3, 9, 4, 720, 16456.000000, 0.101056, 162840.405320, 162928.000000, 1.000000, 2, 17.294643, 71435.666488, 71435.666488
Z3, 10, 4, 720, 25392.000000, 0.101098, 251162.238620, 251400.000000, 1.000000, 2, 17.294643, 89100.033148, 89100.033148
Z3, 11, 4, 720, 21592.000000, 0.101082, 213608.753289, 213776.000000, 1.000000, 2, 17.294643, 81589.336082, 81589.336082
Z3, 12, 4, 720, 13528.000000, 0.100952, 134004.279261, 135280.000000, 1.000000, 2, 17.294643, 65668.441277, 65668.441277
Z3, 13, 4, 720, 29512.000000, 0.101080, 291966.759003, 292192.000000, 1.000000, 2, 17.294643, 97260.937225, 97260.937225
Z3, 14, 4, 720, 29688.000000, 0.523334, 56728.590155, 56760.000000, 1.000000, 2, 17.294643, 50213.303455, 50213.303455
Z3, 15, 4, 720, 16760.000000, 0.101002, 165937.308172, 165936.000000, 1.000000, 2, 17.294643, 72055.047059, 72055.047059
Z3, 16, 4, 720, 33128.000000, 0.101145, 327529.783974, 328000.000000, 1.000000, 2, 17.294643, 104373.542219, 104373.542219
Z3, 17, 4, 720, 26248.000000, 0.101094, 259639.543395, 259880.000000, 1.000000, 2, 17.294643, 90795.494103, 90795.494103
Z3, 18, 4, 720, 14624.000000, 0.100956, 144855.184437, 146240.000000, 1.000000, 2, 17.294643, 67838.622312, 67838.622312
Z3, 19, 4, 720, 26816.000000, 0.101035, 265412.975701, 265504.000000, 1.000000, 2, 17.294643, 91950.180565, 91950.180565
Z3, 20, 4, 720, 23128.000000, 0.101107, 228747.762272, 228984.000000, 1.000000, 2, 17.294643, 84617.137879, 84617.137879
Z3, 21, 4, 720, 19440.000000, 0.100960, 192551.505547, 194400.000000, 1.000000, 2, 17.294643, 77377.886534, 77377.886534
Z3, 22, 4, 720, 29088.000000, 0.101002, 287994.297143, 288000.000000, 1.000000, 2, 17.294643, 96466.444853, 96466.444853
Z3, 23, 4, 720, 29840.000000, 0.101067, 295249.685852, 295440.000000, 1.000000, 2, 17.294643, 97917.522595, 97917.522595
Z3, 24, 4, 720, 17200.000000, 0.100998, 170300.401988, 172000.000000, 1.000000, 2, 17.294643, 72927.665822, 72927.665822
Z3, 25, 4, 720, 25664.000000, 0.101121, 253794.958515, 254096.000000, 1.000000, 2, 17.294643, 89626.577127, 89626.577127
Z3, 26, 4, 720, 26808.000000, 0.101027, 265354.806141, 265424.000000, 1.000000, 2, 17.294643, 91938.546652, 91938.546652
Z3, 27, 4, 720, 17472.000000, 0.101003, 172984.960843, 172984.000000, 1.000000, 2, 17.294643, 73464.577593, 73464.577593
Z3, 28, 4, 720, 6448.000000, 0.100812, 63960.639606, 64480.000000, 1.000000, 2, 17.294643, 51659.713346, 51659.713346
Z3, 29, 4, 720, 7200.000000, 0.100957, 71317.491605, 72000.000000, 1.000000, 2, 17.294643, 53131.083745, 53131.083745
Z3, 30, 4, 720, 7520.000000, 0.100935, 74503.393273, 75200.000000, 1.000000, 2, 17.294643, 53768.264079, 53768.264079
Z3, 31, 4, 720, 6728.000000, 0.100932, 66658.740538, 67280.000000, 1.000000, 2, 17.294643, 52199.333532, 52199.333532
Z3, 32, 4, 720, 7224.000000, 0.100955, 71556.634144, 72240.000000, 1.000000, 2, 17.294643, 53178.912253, 53178.912253
Z3, 33, 4, 720, 7256.000000, 0.101018, 71828.782989, 71840.000000, 1.000000, 2, 17.294643, 53233.342022, 53233.342022
Z3, 34, 4, 720, 6544.000000, 0.100913, 64847.938323, 65440.000000, 1.000000, 2, 17.294643, 51837.173089, 51837.173089
Z3, 35, 4, 720, 12272.000000, 0.415904, 29506.809264, 29568.000000, 1.000000, 2, 17.294643, 44768.947277, 44768.947277
Z3, 36, 4, 720, 8544.000000, 0.101003, 84591.546786, 84592.000000, 1.000000, 2, 17.294643, 55785.894781, 55785.894781
Z3, 37, 4, 720, 6424.000000, 0.100935, 63644.919998, 64240.000000, 1.000000, 2, 17.294643, 51596.569424, 51596.569424
Z3, 38, 4, 720, 6872.000000, 0.100956, 68069.257895, 68720.000000, 1.000000, 2, 17.294643, 52481.437003, 52481.437003
Z1, 0, 5, 720, 8792.000000, 0.322651, 27249.256937, 27304.000000, 1.000000, 2, 23.554382, 57931.288391, 57931.288391
Z2, 0, 5, 720, 6624.000000, 1.322720, 5007.862586, 5008.000000, 1.000000, 2, 23.554382, 53483.009520, 53483.009520
Z2, 1, 5, 720, 7616.000000, 0.100992, 75411.913815, 76160.000000, 1.000000, 2, 23.554382, 67563.819766, 67563.819766
Z2, 2, 5, 720, 8816.000000, 0.100930, 87347.666700, 88160.000000, 1.000000, 2, 23.554382, 69950.970343, 69950.970343
Z2, 3, 5, 720, 14976.000000, 0.101054, 148197.993152, 148272.000000, 1.000000, 2, 23.554382, 82121.035634, 82121.035634
Z2, 4, 5, 720, 20272.000000, 0.101046, 200621.499119, 200712.000000, 1.000000, 2, 23.554382, 92605.736827, 92605.736827
Z2, 5, 5, 720, 21272.000000, 0.101036, 210538.817847, 210608.000000, 1.000000, 2, 23.554382, 94589.200573, 94589.200573
Z2, 6, 5, 720, 9680.000000, 0.100948, 95890.953758, 96800.000000, 1.000000, 2, 23.554382, 71659.627755, 71659.627755
Z2, 7, 5, 720, 12888.000000, 0.100929, 127693.725292, 128880.000000, 1.000000, 2, 23.554382, 78020.182062, 78020.182062
Z3, 0, 5, 720, 7712.000000, 0.322666, 23900.875828, 23944.000000, 1.000000, 2, 23.554382, 57261.612169, 57261.612169
Z3, 1, 5, 720, 9624.000000, 0.100975, 95310.720475, 96240.000000, 1.000000, 2, 23.554382, 71543.581098, 71543.581098
Z3, 2, 5, 720, 9096.000000, 0.101029, 90033.554722, 90056.000000, 1.000000, 2, 23.554382, 70488.147948, 70488.147948
Z3, 3, 5, 720, 7632.000000, 0.100876, 75657.242555, 76320.000000, 1.000000, 2, 23.554382, 67612.885514, 67612.885514
Z3, 4, 5, 720, 8304.000000, 0.100950, 82258.543834, 83040.000000, 1.000000, 2, 23.554382, 68933.145770, 68933.145770
Z3, 5, 5, 720, 8504.000000, 0.100962, 84229.710188, 85040.000000, 1.000000, 2, 23.554382, 69327.379041, 69327.379041
Z3, 6, 5, 720, 7384.000000, 0.100898, 73182.818292, 73840.000000, 1.000000, 2, 23.554382, 67118.000661, 67118.000661
Z3, 7, 5, 720, 8968.000000, 0.100966, 88821.979676, 89680.000000, 1.000000, 2, 23.554382, 70245.832938, 70245.832938
Z3, 8, 5, 720, 8912.000000, 0.100974, 88260.344247, 89120.000000, 1.000000, 2, 23.554382, 70133.505853, 70133.505853
Z3, 9, 5, 720, 16688.000000, 0.101007, 165216.272140, 165224.000000, 1.000000, 2, 23.554382, 85524.691431, 85524.691431
Z3, 10, 5, 720, 23832.000000, 0.101060, 235820.304769, 235960.000000, 1.000000, 2, 23.554382, 99645.497957, 99645.497957
Z3, 11, 5, 720, 21144.000000, 0.341892, 61844.091116, 62000.000000, 1.000000, 2, 23.554382, 64850.255226, 64850.255226
Z3, 12, 5, 720, 14272.000000, 0.101050, 141237.011381, 141304.000000, 1.000000, 2, 23.554382, 80728.839279, 80728.839279
Z3, 13, 5, 720, 27640.000000, 0.101076, 273457.596264, 273656.000000, 1.000000, 2, 23.554382, 107172.956256, 107172.956256
Z3, 14, 5, 720, 33288.000000, 0.101089, 329293.988466, 329584.000000, 1.000000, 2, 23.554382, 118340.234696, 118340.234696
Z3, 15, 5, 720, 17576.000000, 0.101030, 173968.128279, 174016.000000, 1.000000, 2, 23.554382, 87275.062659, 87275.062659
Z3, 16, 5, 720, 34872.000000, 0.101043, 345120.394288, 345264.000000, 1.000000, 2, 23.554382, 121505.515861, 121505.515861
Z3, 17, 5, 720, 27336.000000, 0.101043, 270538.285680, 270648.000000, 1.000000, 2, 23.554382, 106589.094139, 106589.094139
Z3, 18, 5, 720, 25312.000000, 0.101008, 250594.012355, 250608.000000, 1.000000, 2, 23.554382, 102600.239474, 102600.239474
Z3, 19, 5, 720, 18312.000000, 0.101013, 181283.597161, 181304.000000, 1.000000, 2, 23.554382, 88738.156435, 88738.156435
Z3, 20, 5, 720, 41432.000000, 0.100998, 410225.945068, 414320.000000, 1.000000, 2, 23.554382, 134526.626017, 134526.626017
Z3, 21, 5, 720, 36760.000000, 0.101029, 363855.922557, 363960.000000, 1.000000, 2, 23.554382, 125252.621515, 125252.621515
Z3, 22, 5, 720, 21272.000000, 0.100900, 210822.596630, 212720.000000, 1.000000, 2, 23.554382, 94645.956329, 94645.956329
Z3, 23, 5, 720, 43464.000000, 0.340485, 127653.200582, 127832.000000, 1.000000, 2, 23.554382, 78012.077119, 78012.077119
Z3, 24, 5, 720, 42000.000000, 0.101112, 415380.963684, 415840.000000, 1.000000, 2, 23.554382, 135557.629740, 135557.629740
Z3, 25, 5, 720, 20304.000000, 0.101016, 200997.861725, 201024.000000, 1.000000, 2, 23.554382, 92681.009348, 92681.009348
Z3, 26, 5, 720, 32736.000000, 0.101048, 323964.848389, 324112.000000, 1.000000, 2, 23.554382, 117274.406681, 117274.406681
Z3, 27, 5, 720, 34608.000000, 0.101054, 342470.362381, 342648.000000, 1.000000, 2, 23.554382, 120975.509479, 120975.509479
Z3, 28, 5, 720, 13208.000000, 0.100968, 130813.723160, 132080.000000, 1.000000, 2, 23.554382, 78644.181635, 78644.181635
Z3, 29, 5, 720, 16320.000000, 0.100999, 161585.758275, 163200.000000, 1.000000, 2, 23.554382, 84798.588658, 84798.588658
Z3, 30, 5, 720, 8752.000000, 0.100857, 86776.326879, 87520.000000, 1.000000, 2, 23.554382, 69836.702379, 69836.702379
Z3, 31, 5, 720, 12760.000000, 0.100988, 126351.645740, 127600.000000, 1.000000, 2, 23.554382, 77751.766151, 77751.766151
Z3, 32, 5, 720, 15440.000000, 0.100938, 152965.186550, 154400.000000, 1.000000, 2, 23.554382, 83074.474313, 83074.474313
Z3, 33, 5, 720, 10000.000000, 0.101007, 99003.039393, 99008.000000, 1.000000, 2, 23.554382, 72282.044882, 72282.044882
Z3, 34, 5, 720, 15200.000000, 0.100989, 150511.441840, 152000.000000, 1.000000, 2, 23.554382, 82583.725371, 82583.725371
Z3, 35, 5, 720, 18352.000000, 0.100914, 181857.819530, 183520.000000, 1.000000, 2, 23.554382, 88853.000909, 88853.000909
Z3, 36, 5, 720, 11224.000000, 0.100982, 111148.521519, 112240.000000, 1.000000, 2, 23.554382, 74711.141307, 74711.141307
Z3, 37, 5, 720, 23240.000000, 0.338720, 68611.242324, 68752.000000, 1.000000, 2, 23.554382, 66203.685468, 66203.685468
Z3, 38, 5, 720, 16824.000000, 0.100979, 166608.898880, 168240.000000, 1.000000, 2, 23.554382, 85803.216779, 85803.216779
Z1, 0, 6, 720, 7488.000000, 0.322879, 23191.350320, 23248.000000, 1.000000, 2, 30.792833, 77809.115401, 77809.115401
Z2, 0, 6, 720, 6624.000000, 0.322981, 20508.946347, 20568.000000, 1.000000, 2, 30.792833, 77272.634606, 77272.634606
Z2, 1, 6, 720, 6768.000000, 0.100916, 67065.678386, 67680.000000, 1.000000, 2, 30.792833, 86583.981014, 86583.981014
Z2, 2, 6, 720, 7752.000000, 0.101004, 76749.435666, 76752.000000, 1.000000, 2, 30.792833, 88520.732470, 88520.732470
Z2, 3, 6, 720, 10768.000000, 0.101055, 106555.835931, 106608.000000, 1.000000, 2, 30.792833, 94482.012523, 94482.012523
Z2, 4, 6, 720, 14912.000000, 0.101064, 147550.067284, 147640.000000, 1.000000, 2, 30.792833, 102680.858794, 102680.858794
Z2, 5, 6, 720, 14376.000000, 0.101072, 142235.238246, 142336.000000, 1.000000, 2, 30.792833, 101617.892986, 101617.892986
Z2, 6, 6, 720, 7176.000000, 0.100981, 71062.873214, 71760.000000, 1.000000, 2, 30.792833, 87383.419979, 87383.419979
Z2, 7, 6, 720, 8768.000000, 0.101026, 86789.539327, 86808.000000, 1.000000, 2, 30.792833, 90528.753202, 90528.753202
Z3, 0, 6, 720, 6760.000000, 0.322997, 20928.986957, 20992.000000, 1.000000, 2, 30.792833, 77356.642728, 77356.642728
Z3, 1, 6, 720, 8320.000000, 0.101018, 82361.559326, 82376.000000, 1.000000, 2, 30.792833, 89643.157202, 89643.157202
Z3, 2, 6, 720, 7800.000000, 0.100991, 77234.605064, 78000.000000, 1.000000, 2, 30.792833, 88617.766349, 88617.766349
Z3, 3, 6, 720, 6928.000000, 0.100945, 68631.432959, 69280.000000, 1.000000, 2, 30.792833, 86897.131928, 86897.131928
Z3, 4, 6, 720, 7472.000000, 0.100963, 74007.309608, 74720.000000, 1.000000, 2, 30.792833, 87972.307258, 87972.307258
Z3, 5, 6, 720, 7416.000000, 0.100964, 73451.923458, 74160.000000, 1.000000, 2, 30.792833, 87861.230028, 87861.230028
Z3, 6, 6, 720, 6760.000000, 0.100945, 66967.160335, 67600.000000, 1.000000, 2, 30.792833, 86564.277404, 86564.277404
Z3, 7, 6, 720, 7600.000000, 0.100951, 75284.048697, 76000.000000, 1.000000, 2, 30.792833, 88227.655076, 88227.655076
Z3, 8, 6, 720, 7600.000000, 0.100775, 75415.529645, 76000.000000, 1.000000, 2, 30.792833, 88253.951266, 88253.951266
Z3, 9, 6, 720, 12912.000000, 0.100962, 127889.701076, 129120.000000, 1.000000, 2, 30.792833, 98748.785552, 98748.785552
Z3, 10, 6, 720, 17552.000000, 0.100982, 173813.154820, 175520.000000, 1.000000, 2, 30.792833, 107933.476301, 107933.476301
Z3, 11, 6, 720, 14968.000000, 0.101041, 148137.884621, 148192.000000, 1.000000, 2, 30.792833, 102798.422261, 102798.422261
Z3, 12, 6, 720, 10336.000000, 0.100968, 102369.067427, 103360.000000, 1.000000, 2, 30.792833, 93644.658822, 93644.658822
Z3, 13, 6, 720, 18344.000000, 0.100934, 181742.524818, 183440.000000, 1.000000, 2, 30.792833, 109519.350300, 109519.350300
Z3, 14, 6, 720, 20456.000000, 0.101069, 202396.382669, 202528.000000, 1.000000, 2, 30.792833, 113650.121871, 113650.121871
Z3, 15, 6, 720, 12480.000000, 0.100931, 123648.829398, 124800.000000, 1.000000, 2, 30.792833, 97900.611216, 97900.611216
Z3, 16, 6, 720, 18912.000000, 0.100956, 187329.133484, 189120.000000, 1.000000, 2, 30.792833, 110636.672033, 110636.672033
Z3, 17, 6, 720, 16112.000000, 0.101058, 159433.196778, 159520.000000, 1.000000, 2, 30.792833, 105057.484692, 105057.484692
Z3, 18, 6, 720, 17456.000000, 0.101042, 172759.842442, 172824.000000, 1.000000, 2, 30.792833, 107722.813825, 107722.813825
Z3, 19, 6, 720, 16088.000000, 0.101039, 159225.645543, 159280.000000, 1.000000, 2, 30.792833, 105015.974445, 105015.974445
Z3, 20, 6, 720, 31984.000000, 0.101141, 316231.795217, 316672.000000, 1.000000, 2, 30.792833, 136417.204380, 136417.204380
Z3, 21, 6, 720, 21472.000000, 0.101020, 212551.969907, 212592.000000, 1.000000, 2, 30.792833, 115681.239318, 115681.239318
Z3, 22, 6, 720, 19320.000000, 0.101030, 191230.327625, 191280.000000, 1.000000, 2, 30.792833, 111416.910862, 111416.910862
Z3, 23, 6, 720, 33040.000000, 0.101130, 326708.197370, 327128.000000, 1.000000, 2, 30.792833, 138512.484811, 138512.484811
Z3, 24, 6, 720, 26472.000000, 0.101068, 261922.665928, 262096.000000, 1.000000, 2, 30.792833, 125555.378522, 125555.378522
Z3, 25, 6, 720, 12984.000000, 0.101015, 128535.366035, 128552.000000, 1.000000, 2, 30.792833, 98877.918544, 98877.918544
Z3, 26, 6, 720, 21128.000000, 0.101042, 209101.165852, 209184.000000, 1.000000, 2, 30.792833, 114991.078507, 114991.078507
Z3, 27, 6, 720, 21576.000000, 0.101035, 213549.759984, 213616.000000, 1.000000, 2, 30.792833, 115880.797334, 115880.797334
Z3, 28, 6, 720, 9568.000000, 0.101004, 94728.921627, 94728.000000, 1.000000, 2, 30.792833, 92116.629662, 92116.629662
Z3, 29, 6, 720, 12800.000000, 0.100924, 126828.108279, 128000.000000, 1.000000, 2, 30.792833, 98536.466993, 98536.466993
Z3, 30, 6, 720, 7048.000000, 0.100861, 69878.347429, 70480.000000, 1.000000, 2, 30.792833, 87146.514822, 87146.514822
Z3, 31, 6, 720, 8656.000000, 0.100937, 85756.461952, 86560.000000, 1.000000, 2, 30.792833, 90322.137727, 90322.137727
Z3, 32, 6, 720, 9488.000000, 0.100956, 93981.536511, 94880.000000, 1.000000, 2, 30.792833, 91967.152639, 91967.152639
Z3, 33, 6, 720, 8424.000000, 0.100874, 83510.121538, 84240.000000, 1.000000, 2, 30.792833, 89872.869644, 89872.869644
Z3, 34, 6, 720, 9328.000000, 0.101006, 92350.949449, 92352.000000, 1.000000, 2, 30.792833, 91641.035226, 91641.035226
Z3, 35, 6, 720, 8680.000000, 0.100823, 86091.467225, 86800.000000, 1.000000, 2, 30.792833, 90389.138782, 90389.138782
Z3, 36, 6, 720, 7160.000000, 0.100927, 70942.364283, 71600.000000, 1.000000, 2, 30.792833, 87359.318193, 87359.318193
Z3, 37, 6, 720, 10360.000000, 0.100929, 102646.414806, 103600.000000, 1.000000, 2, 30.792833, 93700.128298, 93700.128298
Z3, 38, 6, 720, 9048.000000, 0.100972, 89609.000515, 90480.000000, 1.000000, 2, 30.792833, 91092.645440, 91092.645440
