Zone, Tile_no, Seg_no, Reso, Seg_d_size, Seg_d_time, Bitrate, Bitrate1, Buf_lev, Buf_limit, Elapsed, Ref_vp, Local_avg
Z1, 0, 1, 720, 9960.000000, 0.172779, 57645.894466, 57904.000000, 1.000000, 2, 0.000059, 57645.894466, 57645.894466
Z2, 0, 1, 720, 8952.000000, 0.173429, 51617.664866, 51744.000000, 1.000000, 2, 0.000059, 25808.832433, 25808.832433
Z2, 1, 1, 720, 5424.000000, 0.050901, 106559.792538, 108480.000000, 1.000000, 2, 0.000059, 35519.930846, 35519.930846
Z2, 2, 1, 720, 7080.000000, 0.051016, 138779.990591, 138816.000000, 1.000000, 2, 0.000059, 34694.997648, 34694.997648
Z2, 3, 1, 720, 18976.000000, 0.051116, 371234.055873, 372072.000000, 1.000000, 2, 0.000059, 74246.811175, 74246.811175
Z2, 4, 1, 720, 8720.000000, 0.051002, 170973.687306, 170976.000000, 1.000000, 2, 0.000059, 34194.737461, 34194.737461
Z2, 5, 1, 720, 8336.000000, 0.051030, 163354.889281, 163448.000000, 1.000000, 2, 0.000059, 32670.977856, 32670.977856
Z2, 6, 1, 720, 6376.000000, 0.050937, 125174.234839, 127520.000000, 1.000000, 2, 0.000059, 25034.846968, 25034.846968
Z2, 7, 1, 720, 6872.000000, 0.050963, 134842.925260, 137440.000000, 1.000000, 2, 0.000059, 26968.585052, 26968.585052
Z3, 0, 1, 720, 7080.000000, 0.173010, 40922.490029, 40920.000000, 1.000000, 2, 0.000059, 8184.498006, 8184.498006
Z3, 1, 1, 720, 7080.000000, 0.051016, 138779.990591, 138816.000000, 1.000000, 2, 0.000059, 27755.998118, 27755.998118
Z3, 2, 1, 720, 5664.000000, 0.050932, 111207.099662, 113280.000000, 1.000000, 2, 0.000059, 22241.419932, 22241.419932
Z3, 3, 1, 720, 7080.000000, 0.051024, 138758.231421, 138816.000000, 1.000000, 2, 0.000059, 27751.646284, 27751.646284
Z3, 4, 1, 720, 7080.000000, 0.051042, 138709.298225, 138816.000000, 1.000000, 2, 0.000059, 27741.859645, 27741.859645
Z3, 5, 1, 720, 5664.000000, 0.051022, 111010.936459, 111056.000000, 1.000000, 2, 0.000059, 22202.187292, 22202.187292
Z3, 6, 1, 720, 7080.000000, 0.050957, 138940.675471, 141600.000000, 1.000000, 2, 0.000059, 27788.135094, 27788.135094
Z3, 7, 1, 720, 7080.000000, 0.050963, 138924.317642, 141600.000000, 1.000000, 2, 0.000059, 27784.863528, 27784.863528
Z3, 8, 1, 720, 5664.000000, 0.050928, 111215.834119, 113280.000000, 1.000000, 2, 0.000059, 22243.166824, 22243.166824
Z3, 9, 1, 720, 7080.000000, 0.050926, 139025.252327, 141600.000000, 1.000000, 2, 0.000059, 27805.050465, 27805.050465
Z3, 10, 1, 720, 12904.000000, 0.051036, 252841.131750, 253016.000000, 1.000000, 2, 0.000059, 50568.226350, 50568.226350
Z3, 11, 1, 720, 17344.000000, 0.050934, 340519.103153, 346880.000000, 1.000000, 2, 0.000059, 68103.820631, 68103.820631
Z3, 12, 1, 720, 16912.000000, 0.050943, 331978.878354, 338240.000000, 1.000000, 2, 0.000059, 66395.775671, 66395.775671
Z3, 13, 1, 720, 13240.000000, 0.050952, 259852.410111, 264800.000000, 1.000000, 2, 0.000059, 51970.482022, 51970.482022
Z3, 14, 1, 720, 28328.000000, 0.051111, 554244.683141, 555448.000000, 1.000000, 2, 0.000059, 110848.936628, 110848.936628
Z3, 15, 1, 720, 30528.000000, 0.051034, 598189.442333, 598584.000000, 1.000000, 2, 0.000059, 119637.888467, 119637.888467
Z3, 16, 1, 720, 16360.000000, 0.051010, 320721.427171, 320784.000000, 1.000000, 2, 0.000059, 64144.285434, 64144.285434
Z3, 17, 1, 720, 33216.000000, 0.051066, 650452.355775, 651288.000000, 1.000000, 2, 0.000059, 130090.471155, 130090.471155
Z3, 18, 1, 720, 28000.000000, 0.051067, 548299.293086, 549016.000000, 1.000000, 2, 0.000059, 109659.858617, 109659.858617
Z3, 19, 1, 720, 15744.000000, 0.051088, 308174.130911, 308704.000000, 1.000000, 2, 0.000059, 61634.826182, 61634.826182
Z3, 20, 1, 720, 16024.000000, 0.050984, 314294.680684, 320480.000000, 1.000000, 2, 0.000059, 62858.936137, 62858.936137
Z3, 21, 1, 720, 11576.000000, 0.051024, 226873.628097, 226976.000000, 1.000000, 2, 0.000059, 45374.725619, 45374.725619
Z3, 22, 1, 720, 10816.000000, 0.050902, 212486.739224, 216320.000000, 1.000000, 2, 0.000059, 42497.347845, 42497.347845
Z3, 23, 1, 720, 13224.000000, 0.050892, 259844.376326, 264480.000000, 1.000000, 2, 0.000059, 51968.875265, 51968.875265
Z3, 24, 1, 720, 17528.000000, 0.050883, 344476.544229, 350560.000000, 1.000000, 2, 0.000059, 68895.308846, 68895.308846
Z3, 25, 1, 720, 23824.000000, 0.051116, 466077.157837, 467136.000000, 1.000000, 2, 0.000059, 93215.431567, 93215.431567
Z3, 26, 1, 720, 11024.000000, 0.050897, 216594.298289, 220480.000000, 1.000000, 2, 0.000059, 43318.859658, 43318.859658
Z3, 27, 1, 720, 15112.000000, 0.051039, 296087.305786, 296312.000000, 1.000000, 2, 0.000059, 59217.461157, 59217.461157
Z3, 28, 1, 720, 24552.000000, 0.051076, 480695.434255, 481408.000000, 1.000000, 2, 0.000059, 96139.086851, 96139.086851
Z3, 29, 1, 720, 10824.000000, 0.050976, 212335.216573, 216480.000000, 1.000000, 2, 0.000059, 42467.043315, 42467.043315
Z3, 30, 1, 720, 6872.000000, 0.050908, 134988.606899, 137440.000000, 1.000000, 2, 0.000059, 26997.721380, 26997.721380
Z3, 31, 1, 720, 6872.000000, 0.050943, 134895.864005, 137440.000000, 1.000000, 2, 0.000059, 26979.172801, 26979.172801
Z3, 32, 1, 720, 6376.000000, 0.050938, 125171.777455, 127520.000000, 1.000000, 2, 0.000059, 25034.355491, 25034.355491
Z3, 33, 1, 720, 6872.000000, 0.050934, 134919.700004, 137440.000000, 1.000000, 2, 0.000059, 26983.940001, 26983.940001
Z3, 34, 1, 720, 6872.000000, 0.050919, 134959.445394, 137440.000000, 1.000000, 2, 0.000059, 26991.889079, 26991.889079
Z3, 35, 1, 720, 6376.000000, 0.050953, 125134.928267, 127520.000000, 1.000000, 2, 0.000059, 25026.985653, 25026.985653
Z3, 36, 1, 720, 6872.000000, 0.050948, 134882.625422, 137440.000000, 1.000000, 2, 0.000059, 26976.525084, 26976.525084
Z3, 37, 1, 720, 6872.000000, 0.050943, 134895.864005, 137440.000000, 1.000000, 2, 0.000059, 26979.172801, 26979.172801
Z3, 38, 1, 720, 6376.000000, 0.050958, 125122.650026, 127520.000000, 1.000000, 2, 0.000059, 25024.530005, 25024.530005
Z1, 0, 2, 720, 18392.000000, 0.171261, 107391.641997, 107552.000000, 1.000000, 2, 2.820222, 46502.858404, 46502.858404
Z2, 0, 2, 720, 7080.000000, 0.173236, 40869.103420, 40920.000000, 1.000000, 2, 2.820222, 33198.350689, 33198.350689
Z2, 1, 2, 720, 12648.000000, 0.050936, 248311.606722, 252960.000000, 1.000000, 2, 2.820222, 74686.851350, 74686.851350
Z2, 2, 2, 720, 15344.000000, 0.051045, 300597.511999, 300856.000000, 1.000000, 2, 2.820222, 85144.032405, 85144.032405
Z2, 3, 2, 720, 9160.000000, 0.051085, 179308.994813, 179600.000000, 1.000000, 2, 2.820222, 60886.328968, 60886.328968
Z2, 4, 2, 720, 8048.000000, 0.050992, 157828.679008, 160960.000000, 1.000000, 2, 2.820222, 56590.265807, 56590.265807
Z2, 5, 2, 720, 9320.000000, 0.050947, 182935.207176, 186400.000000, 1.000000, 2, 2.820222, 61611.571440, 61611.571440
Z2, 6, 2, 720, 6376.000000, 0.050931, 125188.981171, 127520.000000, 1.000000, 2, 2.820222, 50062.326239, 50062.326239
Z2, 7, 2, 720, 6872.000000, 0.050933, 134922.348968, 137440.000000, 1.000000, 2, 2.820222, 52008.999799, 52008.999799
Z3, 0, 2, 720, 6624.000000, 0.173351, 38211.489983, 38288.000000, 1.000000, 2, 2.820222, 32666.828002, 32666.828002
Z3, 1, 2, 720, 5424.000000, 0.050855, 106656.179333, 108480.000000, 1.000000, 2, 2.820222, 46355.765872, 46355.765872
Z3, 2, 2, 720, 7080.000000, 0.050859, 139208.399693, 141600.000000, 1.000000, 2, 2.820222, 52866.209944, 52866.209944
Z3, 3, 2, 720, 7080.000000, 0.050878, 139156.413381, 141600.000000, 1.000000, 2, 2.820222, 52855.812681, 52855.812681
Z3, 4, 2, 720, 5664.000000, 0.050927, 111218.017947, 113280.000000, 1.000000, 2, 2.820222, 47268.133595, 47268.133595
Z3, 5, 2, 720, 7080.000000, 0.050973, 138897.063151, 141600.000000, 1.000000, 2, 2.820222, 52803.942635, 52803.942635
Z3, 6, 2, 720, 7080.000000, 0.050929, 139017.062970, 141600.000000, 1.000000, 2, 2.820222, 52827.942599, 52827.942599
Z3, 7, 2, 720, 5664.000000, 0.050924, 111224.569947, 113280.000000, 1.000000, 2, 2.820222, 47269.443995, 47269.443995
Z3, 8, 2, 720, 7080.000000, 0.050950, 138959.764475, 141600.000000, 1.000000, 2, 2.820222, 52816.482900, 52816.482900
Z3, 9, 2, 720, 7080.000000, 0.050885, 139137.270315, 141600.000000, 1.000000, 2, 2.820222, 52851.984068, 52851.984068
Z3, 10, 2, 720, 5664.000000, 0.050871, 111340.449372, 113280.000000, 1.000000, 2, 2.820222, 47292.619879, 47292.619879
Z3, 11, 2, 720, 7080.000000, 0.050950, 138959.764475, 141600.000000, 1.000000, 2, 2.820222, 52816.482900, 52816.482900
Z3, 12, 2, 720, 17112.000000, 0.051028, 335345.300619, 335528.000000, 1.000000, 2, 2.820222, 92093.590129, 92093.590129
Z3, 13, 2, 720, 15320.000000, 0.050992, 300439.284594, 306400.000000, 1.000000, 2, 2.820222, 85112.386924, 85112.386924
Z3, 14, 2, 720, 10704.000000, 0.051003, 209870.007647, 209880.000000, 1.000000, 2, 2.820222, 66998.531534, 66998.531534
Z3, 15, 2, 720, 18776.000000, 0.050912, 368793.211816, 375520.000000, 1.000000, 2, 2.820222, 98783.172368, 98783.172368
Z3, 16, 2, 720, 21848.000000, 0.051064, 427855.240483, 428392.000000, 1.000000, 2, 2.820222, 110595.578102, 110595.578102
Z3, 17, 2, 720, 12752.000000, 0.050935, 250358.299794, 255040.000000, 1.000000, 2, 2.820222, 75096.189964, 75096.189964
Z3, 18, 2, 720, 21856.000000, 0.050950, 428969.578018, 437120.000000, 1.000000, 2, 2.820222, 110818.445609, 110818.445609
Z3, 19, 2, 720, 16880.000000, 0.050984, 331084.261729, 337600.000000, 1.000000, 2, 2.820222, 91241.382351, 91241.382351
Z3, 20, 2, 720, 12128.000000, 0.050968, 237953.225553, 242560.000000, 1.000000, 2, 2.820222, 72615.175116, 72615.175116
Z3, 21, 2, 720, 11592.000000, 0.050899, 227745.142341, 231840.000000, 1.000000, 2, 2.820222, 70573.558473, 70573.558473
Z3, 22, 2, 720, 9952.000000, 0.050899, 195524.470029, 199040.000000, 1.000000, 2, 2.820222, 64129.424011, 64129.424011
Z3, 23, 2, 720, 11064.000000, 0.050945, 217175.385219, 221280.000000, 1.000000, 2, 2.820222, 68459.607049, 68459.607049
Z3, 24, 2, 720, 14728.000000, 0.050903, 289334.616820, 294560.000000, 1.000000, 2, 2.820222, 82891.453369, 82891.453369
Z3, 25, 2, 720, 16264.000000, 0.050911, 319459.448842, 325280.000000, 1.000000, 2, 2.820222, 88916.419774, 88916.419774
Z3, 26, 2, 720, 9504.000000, 0.050962, 186491.895922, 190080.000000, 1.000000, 2, 2.820222, 62322.909190, 62322.909190
Z3, 27, 2, 720, 12688.000000, 0.050899, 249277.981886, 253760.000000, 1.000000, 2, 2.820222, 74880.126382, 74880.126382
Z3, 28, 2, 720, 17320.000000, 0.051010, 339541.266418, 339600.000000, 1.000000, 2, 2.820222, 92932.783289, 92932.783289
Z3, 29, 2, 720, 10632.000000, 0.050987, 208523.741346, 212640.000000, 1.000000, 2, 2.820222, 66729.278274, 66729.278274
Z3, 30, 2, 720, 6872.000000, 0.050825, 135209.050664, 137440.000000, 1.000000, 2, 2.820222, 52066.340138, 52066.340138
Z3, 31, 2, 720, 6872.000000, 0.050942, 134898.512033, 137440.000000, 1.000000, 2, 2.820222, 52004.232412, 52004.232412
Z3, 32, 2, 720, 6376.000000, 0.050932, 125186.523207, 127520.000000, 1.000000, 2, 2.820222, 50061.834647, 50061.834647
Z3, 33, 2, 720, 6872.000000, 0.050922, 134951.494442, 137440.000000, 1.000000, 2, 2.820222, 52014.828894, 52014.828894
Z3, 34, 2, 720, 6872.000000, 0.050902, 135004.518487, 137440.000000, 1.000000, 2, 2.820222, 52025.433702, 52025.433702
Z3, 35, 2, 720, 6376.000000, 0.050920, 125216.025137, 127520.000000, 1.000000, 2, 2.820222, 50067.735033, 50067.735033
Z3, 36, 2, 720, 6872.000000, 0.050937, 134911.753735, 137440.000000, 1.000000, 2, 2.820222, 52006.880752, 52006.880752
Z3, 37, 2, 720, 6872.000000, 0.050912, 134978.001257, 137440.000000, 1.000000, 2, 2.820222, 52020.130257, 52020.130257
Z3, 38, 2, 720, 6376.000000, 0.050957, 125125.105481, 127520.000000, 1.000000, 2, 2.820222, 50049.551101, 50049.551101
Z1, 0, 3, 720, 9896.000000, 0.172300, 57434.706907, 57528.000000, 1.000000, 2, 5.637841, 61536.492483, 61536.492483
Z2, 0, 3, 720, 6624.000000, 0.173858, 38100.058669, 38288.000000, 1.000000, 2, 5.637841, 57669.562835, 57669.562835
Z2, 1, 3, 720, 5424.000000, 0.050935, 106488.662020, 108480.000000, 1.000000, 2, 5.637841, 71347.283505, 71347.283505
Z2, 2, 3, 720, 7080.000000, 0.050927, 139022.522434, 141600.000000, 1.000000, 2, 5.637841, 77854.055588, 77854.055588
Z2, 3, 3, 720, 18632.000000, 0.051043, 365025.566679, 365328.000000, 1.000000, 2, 5.637841, 123054.664437, 123054.664437
Z2, 4, 3, 720, 9664.000000, 0.051033, 189367.664061, 189488.000000, 1.000000, 2, 5.637841, 87923.083913, 87923.083913
Z2, 5, 3, 720, 8424.000000, 0.050931, 165400.247394, 168480.000000, 1.000000, 2, 5.637841, 83129.600580, 83129.600580
Z2, 6, 3, 720, 6376.000000, 0.050884, 125304.614417, 127520.000000, 1.000000, 2, 5.637841, 75110.473985, 75110.473985
Z2, 7, 3, 720, 6872.000000, 0.051010, 134718.682611, 134744.000000, 1.000000, 2, 5.637841, 76993.287624, 76993.287624
Z3, 0, 3, 720, 7080.000000, 0.173892, 40714.926506, 40920.000000, 1.000000, 2, 5.637841, 58192.536403, 58192.536403
Z3, 1, 3, 720, 7080.000000, 0.050971, 138902.513194, 141600.000000, 1.000000, 2, 5.637841, 77830.053740, 77830.053740
Z3, 2, 3, 720, 5664.000000, 0.050920, 111233.307148, 113280.000000, 1.000000, 2, 5.637841, 72296.212531, 72296.212531
Z3, 3, 3, 720, 7080.000000, 0.051018, 138774.550159, 138816.000000, 1.000000, 2, 5.637841, 77804.461133, 77804.461133
Z3, 4, 3, 720, 7080.000000, 0.051018, 138774.550159, 138816.000000, 1.000000, 2, 5.637841, 77804.461133, 77804.461133
Z3, 5, 3, 720, 5664.000000, 0.050999, 111061.001196, 113280.000000, 1.000000, 2, 5.637841, 72261.751341, 72261.751341
Z3, 6, 3, 720, 7080.000000, 0.050995, 138837.140896, 141600.000000, 1.000000, 2, 5.637841, 77816.979281, 77816.979281
Z3, 7, 3, 720, 7080.000000, 0.051000, 138823.529412, 138816.000000, 1.000000, 2, 5.637841, 77814.256984, 77814.256984
Z3, 8, 3, 720, 5664.000000, 0.050992, 111076.247254, 113280.000000, 1.000000, 2, 5.637841, 72264.800552, 72264.800552
Z3, 9, 3, 720, 7080.000000, 0.051001, 138820.807435, 138816.000000, 1.000000, 2, 5.637841, 77813.712588, 77813.712588
Z3, 10, 3, 720, 14120.000000, 0.051071, 276477.844569, 276856.000000, 1.000000, 2, 5.637841, 105345.120015, 105345.120015
Z3, 11, 3, 720, 17536.000000, 0.050995, 343876.850672, 350720.000000, 1.000000, 2, 5.637841, 118824.921236, 118824.921236
Z3, 12, 3, 720, 16008.000000, 0.051063, 313495.094295, 313880.000000, 1.000000, 2, 5.637841, 112748.569960, 112748.569960
Z3, 13, 3, 720, 10896.000000, 0.051061, 213391.825464, 213640.000000, 1.000000, 2, 5.637841, 92727.916194, 92727.916194
Z3, 14, 3, 720, 19720.000000, 0.050983, 386795.598533, 394400.000000, 1.000000, 2, 5.637841, 127408.670808, 127408.670808
Z3, 15, 3, 720, 20104.000000, 0.051038, 393902.582390, 394192.000000, 1.000000, 2, 5.637841, 128830.067579, 128830.067579
Z3, 16, 3, 720, 12504.000000, 0.051034, 245013.128503, 245176.000000, 1.000000, 2, 5.637841, 99052.176802, 99052.176802
Z3, 17, 3, 720, 23072.000000, 0.051060, 451860.556208, 452392.000000, 1.000000, 2, 5.637841, 140421.662343, 140421.662343
Z3, 18, 3, 720, 18112.000000, 0.051041, 354851.981740, 355136.000000, 1.000000, 2, 5.637841, 121019.947449, 121019.947449
Z3, 19, 3, 720, 12544.000000, 0.051003, 245946.316883, 245960.000000, 1.000000, 2, 5.637841, 99238.814478, 99238.814478
Z3, 20, 3, 720, 15304.000000, 0.051060, 299725.812769, 300072.000000, 1.000000, 2, 5.637841, 109994.713655, 109994.713655
Z3, 21, 3, 720, 12280.000000, 0.051009, 240741.829873, 240784.000000, 1.000000, 2, 5.637841, 98197.917076, 98197.917076
Z3, 22, 3, 720, 10368.000000, 0.051015, 203234.342840, 203288.000000, 1.000000, 2, 5.637841, 90696.419669, 90696.419669
Z3, 23, 3, 720, 10520.000000, 0.050975, 206375.674350, 210400.000000, 1.000000, 2, 5.637841, 91324.685971, 91324.685971
Z3, 24, 3, 720, 15288.000000, 0.051002, 299752.950865, 299760.000000, 1.000000, 2, 5.637841, 110000.141274, 110000.141274
Z3, 25, 3, 720, 16344.000000, 0.051044, 320194.342136, 320464.000000, 1.000000, 2, 5.637841, 114088.419529, 114088.419529
Z3, 26, 3, 720, 9016.000000, 0.050918, 177069.012923, 180320.000000, 1.000000, 2, 5.637841, 85463.353686, 85463.353686
Z3, 27, 3, 720, 13800.000000, 0.050973, 270731.563769, 276000.000000, 1.000000, 2, 5.637841, 104195.863855, 104195.863855
Z3, 28, 3, 720, 17664.000000, 0.051049, 346020.490117, 346352.000000, 1.000000, 2, 5.637841, 119253.649125, 119253.649125
Z3, 29, 3, 720, 10240.000000, 0.051021, 200701.671861, 200784.000000, 1.000000, 2, 5.637841, 90189.885473, 90189.885473
Z3, 30, 3, 720, 6872.000000, 0.050880, 135062.893082, 137440.000000, 1.000000, 2, 5.637841, 77062.129718, 77062.129718
Z3, 31, 3, 720, 6872.000000, 0.050949, 134879.978017, 137440.000000, 1.000000, 2, 5.637841, 77025.546705, 77025.546705
Z3, 32, 3, 720, 6376.000000, 0.050995, 125031.865869, 127520.000000, 1.000000, 2, 5.637841, 75055.924275, 75055.924275
Z3, 33, 3, 720, 6872.000000, 0.050970, 134824.406514, 137440.000000, 1.000000, 2, 5.637841, 77014.432404, 77014.432404
Z3, 34, 3, 720, 6872.000000, 0.051013, 134710.760002, 134744.000000, 1.000000, 2, 5.637841, 76991.703102, 76991.703102
Z3, 35, 3, 720, 6376.000000, 0.050983, 125061.294941, 127520.000000, 1.000000, 2, 5.637841, 75061.810090, 75061.810090
Z3, 36, 3, 720, 6872.000000, 0.050995, 134758.309638, 137440.000000, 1.000000, 2, 5.637841, 77001.213029, 77001.213029
Z3, 37, 3, 720, 6872.000000, 0.050965, 134837.633670, 137440.000000, 1.000000, 2, 5.637841, 77017.077835, 77017.077835
Z3, 38, 3, 720, 6376.000000, 0.051007, 125002.450644, 125016.000000, 1.000000, 2, 5.637841, 75050.041230, 75050.041230
Z1, 0, 4, 720, 22592.000000, 0.168339, 134205.383185, 134472.000000, 1.000000, 2, 8.459651, 101891.117867, 101891.117867
Z2, 0, 4, 720, 6624.000000, 0.172117, 38485.448852, 38504.000000, 1.000000, 2, 8.459651, 82747.131000, 82747.131000
Z2, 1, 4, 720, 6648.000000, 0.050937, 130514.164556, 132960.000000, 1.000000, 2, 8.459651, 101152.874141, 101152.874141
Z2, 2, 4, 720, 7200.000000, 0.050910, 141426.045963, 144000.000000, 1.000000, 2, 8.459651, 103335.250423, 103335.250423
Z2, 3, 4, 720, 7296.000000, 0.050925, 143269.513991, 145920.000000, 1.000000, 2, 8.459651, 103703.944028, 103703.944028
Z2, 4, 4, 720, 17272.000000, 0.050943, 339045.599984, 345440.000000, 1.000000, 2, 8.459651, 142859.161227, 142859.161227
Z2, 5, 4, 720, 26240.000000, 0.051029, 514217.405789, 514504.000000, 1.000000, 2, 8.459651, 177893.522388, 177893.522388
Z2, 6, 4, 720, 12720.000000, 0.050777, 250507.119365, 254400.000000, 1.000000, 2, 8.459651, 125151.465103, 125151.465103
Z2, 7, 4, 720, 11496.000000, 0.050855, 226054.468587, 229920.000000, 1.000000, 2, 8.459651, 120260.934948, 120260.934948
Z3, 0, 4, 720, 6448.000000, 0.171747, 37543.596104, 37704.000000, 1.000000, 2, 8.459651, 82558.760451, 82558.760451
Z3, 1, 4, 720, 7448.000000, 0.050888, 146360.635120, 148960.000000, 1.000000, 2, 8.459651, 104322.168254, 104322.168254
Z3, 2, 4, 720, 7424.000000, 0.050904, 145843.155744, 148480.000000, 1.000000, 2, 8.459651, 104218.672379, 104218.672379
Z3, 3, 4, 720, 6648.000000, 0.050866, 130696.339402, 132960.000000, 1.000000, 2, 8.459651, 101189.309110, 101189.309110
Z3, 4, 4, 720, 7224.000000, 0.050852, 142059.309368, 144480.000000, 1.000000, 2, 8.459651, 103461.903104, 103461.903104
Z3, 5, 4, 720, 7240.000000, 0.050870, 142323.569884, 144800.000000, 1.000000, 2, 8.459651, 103514.755207, 103514.755207
Z3, 6, 4, 720, 6648.000000, 0.050832, 130783.758263, 132960.000000, 1.000000, 2, 8.459651, 101206.792883, 101206.792883
Z3, 7, 4, 720, 7232.000000, 0.050857, 142202.646637, 144640.000000, 1.000000, 2, 8.459651, 103490.570557, 103490.570557
Z3, 8, 4, 720, 7296.000000, 0.050817, 143574.000826, 145920.000000, 1.000000, 2, 8.459651, 103764.841395, 103764.841395
Z3, 9, 4, 720, 16456.000000, 0.050910, 323237.085052, 329120.000000, 1.000000, 2, 8.459651, 139697.458241, 139697.458241
Z3, 10, 4, 720, 25392.000000, 0.050869, 499164.520631, 507840.000000, 1.000000, 2, 8.459651, 174882.945356, 174882.945356
Z3, 11, 4, 720, 21592.000000, 0.050867, 424479.525036, 431840.000000, 1.000000, 2, 8.459651, 159945.946237, 159945.946237
Z3, 12, 4, 720, 13528.000000, 0.050903, 265760.367758, 270560.000000, 1.000000, 2, 8.459651, 128202.114782, 128202.114782
Z3, 13, 4, 720, 29512.000000, 0.051012, 578530.541833, 578664.000000, 1.000000, 2, 8.459651, 190756.149597, 190756.149597
Z3, 14, 4, 720, 29688.000000, 0.051030, 581775.426220, 582112.000000, 1.000000, 2, 8.459651, 191405.126474, 191405.126474
Z3, 15, 4, 720, 16760.000000, 0.050991, 328685.454296, 335200.000000, 1.000000, 2, 8.459651, 140787.132089, 140787.132089
Z3, 16, 4, 720, 33128.000000, 0.050997, 649606.839618, 662560.000000, 1.000000, 2, 8.459651, 204971.409154, 204971.409154
Z3, 17, 4, 720, 26248.000000, 0.050933, 515343.686804, 524960.000000, 1.000000, 2, 8.459651, 178118.778591, 178118.778591
Z3, 18, 4, 720, 14624.000000, 0.050877, 287438.331663, 292480.000000, 1.000000, 2, 8.459651, 132537.707563, 132537.707563
Z3, 19, 4, 720, 26816.000000, 0.050933, 526495.592249, 536320.000000, 1.000000, 2, 8.459651, 180349.159680, 180349.159680
Z3, 20, 4, 720, 23128.000000, 0.050935, 454068.911358, 462560.000000, 1.000000, 2, 8.459651, 165863.823502, 165863.823502
Z3, 21, 4, 720, 19440.000000, 0.050922, 381760.339343, 388800.000000, 1.000000, 2, 8.459651, 151402.109099, 151402.109099
Z3, 22, 4, 720, 29088.000000, 0.050906, 571406.121086, 581760.000000, 1.000000, 2, 8.459651, 189331.265447, 189331.265447
Z3, 23, 4, 720, 29840.000000, 0.050923, 585982.758282, 596800.000000, 1.000000, 2, 8.459651, 192246.592887, 192246.592887
Z3, 24, 4, 720, 17200.000000, 0.050964, 337493.132407, 344000.000000, 1.000000, 2, 8.459651, 142548.667712, 142548.667712
Z3, 25, 4, 720, 25664.000000, 0.050991, 503304.504717, 513280.000000, 1.000000, 2, 8.459651, 175710.942173, 175710.942173
Z3, 26, 4, 720, 26808.000000, 0.050913, 526545.283130, 536160.000000, 1.000000, 2, 8.459651, 180359.097856, 180359.097856
Z3, 27, 4, 720, 17472.000000, 0.050953, 342904.245089, 349440.000000, 1.000000, 2, 8.459651, 143630.890248, 143630.890248
Z3, 28, 4, 720, 6448.000000, 0.050696, 127189.521856, 128960.000000, 1.000000, 2, 8.459651, 100487.945601, 100487.945601
Z3, 29, 4, 720, 7200.000000, 0.050851, 141590.135887, 144000.000000, 1.000000, 2, 8.459651, 103368.068408, 103368.068408
Z3, 30, 4, 720, 7520.000000, 0.050838, 147920.846611, 150400.000000, 1.000000, 2, 8.459651, 104634.210552, 104634.210552
Z3, 31, 4, 720, 6728.000000, 0.050788, 132472.237536, 134560.000000, 1.000000, 2, 8.459651, 101544.488737, 101544.488737
Z3, 32, 4, 720, 7224.000000, 0.050792, 142227.122381, 144480.000000, 1.000000, 2, 8.459651, 103495.465706, 103495.465706
Z3, 33, 4, 720, 7256.000000, 0.050780, 142890.901930, 145120.000000, 1.000000, 2, 8.459651, 103628.221616, 103628.221616
Z3, 34, 4, 720, 6544.000000, 0.050759, 128922.949625, 130880.000000, 1.000000, 2, 8.459651, 100834.631155, 100834.631155
Z3, 35, 4, 720, 12272.000000, 0.050887, 241161.789848, 245440.000000, 1.000000, 2, 8.459651, 123282.399200, 123282.399200
Z3, 36, 4, 720, 8544.000000, 0.050888, 167898.129225, 170880.000000, 1.000000, 2, 8.459651, 108629.667075, 108629.667075
Z3, 37, 4, 720, 6424.000000, 0.050813, 126424.340228, 128480.000000, 1.000000, 2, 8.459651, 100334.909276, 100334.909276
Z3, 38, 4, 720, 6872.000000, 0.050755, 135395.527534, 137440.000000, 1.000000, 2, 8.459651, 102129.146737, 102129.146737
Z1, 0, 5, 720, 20272.000000, 0.170787, 118697.558948, 119240.000000, 1.000000, 2, 11.268944, 125868.658527, 125868.658527
Z2, 0, 5, 720, 6624.000000, 0.175451, 37754.130783, 37848.000000, 1.000000, 2, 11.268944, 109679.972894, 109679.972894
Z2, 1, 5, 720, 7616.000000, 0.050989, 149365.549432, 152320.000000, 1.000000, 2, 11.268944, 132002.256623, 132002.256623
Z2, 2, 5, 720, 8792.000000, 0.051027, 172300.938719, 172392.000000, 1.000000, 2, 11.268944, 136589.334481, 136589.334481
Z2, 3, 5, 720, 8816.000000, 0.050986, 172910.210646, 176320.000000, 1.000000, 2, 11.268944, 136711.188866, 136711.188866
Z2, 4, 5, 720, 14976.000000, 0.051048, 293370.944993, 293640.000000, 1.000000, 2, 11.268944, 160803.335736, 160803.335736
Z2, 5, 5, 720, 25312.000000, 0.051255, 493844.502975, 496312.000000, 1.000000, 2, 11.268944, 200898.047332, 200898.047332
Z2, 6, 5, 720, 13208.000000, 0.051119, 258377.511297, 258976.000000, 1.000000, 2, 11.268944, 153804.648996, 153804.648996
Z2, 7, 5, 720, 16320.000000, 0.051067, 319580.159398, 320000.000000, 1.000000, 2, 11.268944, 166045.178617, 166045.178617
Z3, 0, 5, 720, 7712.000000, 0.172567, 44689.888565, 44832.000000, 1.000000, 2, 11.268944, 111067.124450, 111067.124450
Z3, 1, 5, 720, 9624.000000, 0.050932, 188957.826121, 192480.000000, 1.000000, 2, 11.268944, 139920.711961, 139920.711961
Z3, 2, 5, 720, 9096.000000, 0.051008, 178324.968632, 178352.000000, 1.000000, 2, 11.268944, 137794.140463, 137794.140463
Z3, 3, 5, 720, 7632.000000, 0.050951, 149790.975643, 152640.000000, 1.000000, 2, 11.268944, 132087.341866, 132087.341866
Z3, 4, 5, 720, 8304.000000, 0.051001, 162820.336856, 162816.000000, 1.000000, 2, 11.268944, 134693.214108, 134693.214108
Z3, 5, 5, 720, 8504.000000, 0.050991, 166774.528838, 170080.000000, 1.000000, 2, 11.268944, 135484.052505, 135484.052505
Z3, 6, 5, 720, 7384.000000, 0.050949, 144929.242968, 147680.000000, 1.000000, 2, 11.268944, 131114.995331, 131114.995331
Z3, 7, 5, 720, 8968.000000, 0.050956, 175994.976058, 179360.000000, 1.000000, 2, 11.268944, 137328.141949, 137328.141949
Z3, 8, 5, 720, 8912.000000, 0.050927, 174995.581911, 178240.000000, 1.000000, 2, 11.268944, 137128.263119, 137128.263119
Z3, 9, 5, 720, 16688.000000, 0.050947, 327556.087699, 333760.000000, 1.000000, 2, 11.268944, 167640.364277, 167640.364277
Z3, 10, 5, 720, 23832.000000, 0.051031, 467010.248672, 467288.000000, 1.000000, 2, 11.268944, 195531.196471, 195531.196471
Z3, 11, 5, 720, 21144.000000, 0.050980, 414750.882699, 422880.000000, 1.000000, 2, 11.268944, 185079.323277, 185079.323277
Z3, 12, 5, 720, 14272.000000, 0.050907, 280354.371697, 285440.000000, 1.000000, 2, 11.268944, 158200.021076, 158200.021076
Z3, 13, 5, 720, 27640.000000, 0.051003, 541928.906143, 541960.000000, 1.000000, 2, 11.268944, 210514.927966, 210514.927966
Z3, 14, 5, 720, 33288.000000, 0.050963, 653179.757864, 665760.000000, 1.000000, 2, 11.268944, 232765.098310, 232765.098310
Z3, 15, 5, 720, 17576.000000, 0.050957, 344918.264419, 351520.000000, 1.000000, 2, 11.268944, 171112.799621, 171112.799621
Z3, 16, 5, 720, 34872.000000, 0.051085, 682626.994225, 683760.000000, 1.000000, 2, 11.268944, 238654.545582, 238654.545582
Z3, 17, 5, 720, 27336.000000, 0.051091, 535045.311307, 536000.000000, 1.000000, 2, 11.268944, 209138.208998, 209138.208998
Z3, 18, 5, 720, 18312.000000, 0.051028, 358861.801364, 359056.000000, 1.000000, 2, 11.268944, 173901.507010, 173901.507010
Z3, 19, 5, 720, 41432.000000, 0.051078, 811151.572105, 812392.000000, 1.000000, 2, 11.268944, 264359.461158, 264359.461158
Z3, 20, 5, 720, 36760.000000, 0.051174, 718333.528745, 720784.000000, 1.000000, 2, 11.268944, 245795.852486, 245795.852486
Z3, 21, 5, 720, 21272.000000, 0.051002, 417081.683071, 417096.000000, 1.000000, 2, 11.268944, 185545.483351, 185545.483351
Z3, 22, 5, 720, 43464.000000, 0.051058, 851267.186337, 852232.000000, 1.000000, 2, 11.268944, 272382.584004, 272382.584004
Z3, 23, 5, 720, 42000.000000, 0.051068, 822432.834652, 823528.000000, 1.000000, 2, 11.268944, 266615.713667, 266615.713667
Z3, 24, 5, 720, 20304.000000, 0.051026, 397914.788539, 398112.000000, 1.000000, 2, 11.268944, 181712.104445, 181712.104445
Z3, 25, 5, 720, 32736.000000, 0.051087, 640789.241881, 641880.000000, 1.000000, 2, 11.268944, 230286.995113, 230286.995113
Z3, 26, 5, 720, 34608.000000, 0.051000, 678588.235294, 678584.000000, 1.000000, 2, 11.268944, 237846.793796, 237846.793796
Z3, 27, 5, 720, 21272.000000, 0.051020, 416934.535476, 417096.000000, 1.000000, 2, 11.268944, 185516.053832, 185516.053832
Z3, 28, 5, 720, 8752.000000, 0.050932, 171836.959083, 175040.000000, 1.000000, 2, 11.268944, 136496.538554, 136496.538554
Z3, 29, 5, 720, 12760.000000, 0.051028, 250058.791252, 250192.000000, 1.000000, 2, 11.268944, 152140.904987, 152140.904987
Z3, 30, 5, 720, 15440.000000, 0.050953, 303024.355779, 308800.000000, 1.000000, 2, 11.268944, 162734.017893, 162734.017893
Z3, 31, 5, 720, 10000.000000, 0.050981, 196151.507424, 200000.000000, 1.000000, 2, 11.268944, 141359.448222, 141359.448222
Z3, 32, 5, 720, 15200.000000, 0.050965, 298243.892868, 304000.000000, 1.000000, 2, 11.268944, 161777.925311, 161777.925311
Z3, 33, 5, 720, 18352.000000, 0.050878, 360706.002594, 367040.000000, 1.000000, 2, 11.268944, 174270.347256, 174270.347256
Z3, 34, 5, 720, 11224.000000, 0.051014, 220018.034265, 220072.000000, 1.000000, 2, 11.268944, 146132.753590, 146132.753590
Z3, 35, 5, 720, 23240.000000, 0.051013, 455570.148786, 455680.000000, 1.000000, 2, 11.268944, 193243.176494, 193243.176494
Z3, 36, 5, 720, 16824.000000, 0.050888, 330608.394906, 336480.000000, 1.000000, 2, 11.268944, 168250.825718, 168250.825718
Z3, 37, 5, 720, 9680.000000, 0.050898, 190184.290149, 193600.000000, 1.000000, 2, 11.268944, 140166.004767, 140166.004767
Z3, 38, 5, 720, 12888.000000, 0.050775, 253825.701625, 257760.000000, 1.000000, 2, 11.268944, 152894.287062, 152894.287062
Z1, 0, 6, 720, 14912.000000, 0.179876, 82901.554404, 83304.000000, 1.000000, 2, 14.089842, 144450.067938, 144450.067938
Z2, 0, 6, 720, 6624.000000, 0.174087, 38049.940547, 38064.000000, 1.000000, 2, 14.089842, 135479.745166, 135479.745166
Z2, 1, 6, 720, 6768.000000, 0.051011, 132677.265688, 132704.000000, 1.000000, 2, 14.089842, 154405.210194, 154405.210194
Z2, 2, 6, 720, 7488.000000, 0.051010, 146794.746128, 146816.000000, 1.000000, 2, 14.089842, 157228.706282, 157228.706282
Z2, 3, 6, 720, 7752.000000, 0.051014, 151958.285961, 152000.000000, 1.000000, 2, 14.089842, 158261.414249, 158261.414249
Z2, 4, 6, 720, 10768.000000, 0.051059, 210893.280323, 211136.000000, 1.000000, 2, 14.089842, 170048.413121, 170048.413121
Z2, 5, 6, 720, 17456.000000, 0.051005, 342240.956769, 342272.000000, 1.000000, 2, 14.089842, 196317.948411, 196317.948411
Z2, 6, 6, 720, 9568.000000, 0.050959, 187758.786475, 191360.000000, 1.000000, 2, 14.089842, 165421.514352, 165421.514352
Z2, 7, 6, 720, 12800.000000, 0.050780, 252067.743206, 256000.000000, 1.000000, 2, 14.089842, 178283.305698, 178283.305698
Z3, 0, 6, 720, 6760.000000, 0.173714, 38914.537688, 39072.000000, 1.000000, 2, 14.089842, 135652.664595, 135652.664595
Z3, 1, 6, 720, 8320.000000, 0.050903, 163448.126829, 166400.000000, 1.000000, 2, 14.089842, 160559.382423, 160559.382423
Z3, 2, 6, 720, 7800.000000, 0.051025, 152866.242038, 152936.000000, 1.000000, 2, 14.089842, 158443.005464, 158443.005464
Z3, 3, 6, 720, 6928.000000, 0.051009, 135819.169166, 135840.000000, 1.000000, 2, 14.089842, 155033.590890, 155033.590890
Z3, 4, 6, 720, 7472.000000, 0.051020, 146452.371619, 146504.000000, 1.000000, 2, 14.089842, 157160.231381, 157160.231381
Z3, 5, 6, 720, 7416.000000, 0.051024, 145343.367827, 145408.000000, 1.000000, 2, 14.089842, 156938.430622, 156938.430622
Z3, 6, 6, 720, 6760.000000, 0.051014, 132512.643588, 132544.000000, 1.000000, 2, 14.089842, 154372.285774, 154372.285774
Z3, 7, 6, 720, 7600.000000, 0.050962, 149130.724854, 152000.000000, 1.000000, 2, 14.089842, 157695.902028, 157695.902028
Z3, 8, 6, 720, 7600.000000, 0.051027, 148940.756854, 149016.000000, 1.000000, 2, 14.089842, 157657.908428, 157657.908428
Z3, 9, 6, 720, 12912.000000, 0.051087, 252745.316812, 253176.000000, 1.000000, 2, 14.089842, 178418.820419, 178418.820419
Z3, 10, 6, 720, 17552.000000, 0.051028, 343968.017559, 344152.000000, 1.000000, 2, 14.089842, 196663.360569, 196663.360569
Z3, 11, 6, 720, 14968.000000, 0.051050, 293202.742409, 293488.000000, 1.000000, 2, 14.089842, 186510.305539, 186510.305539
Z3, 12, 6, 720, 10336.000000, 0.051039, 202511.804698, 202664.000000, 1.000000, 2, 14.089842, 168372.117997, 168372.117997
Z3, 13, 6, 720, 18344.000000, 0.050961, 359961.539216, 366880.000000, 1.000000, 2, 14.089842, 199862.064900, 199862.064900
Z3, 14, 6, 720, 20456.000000, 0.051075, 400509.055311, 401096.000000, 1.000000, 2, 14.089842, 207971.568119, 207971.568119
Z3, 15, 6, 720, 12480.000000, 0.050979, 244806.685106, 249600.000000, 1.000000, 2, 14.089842, 176831.094078, 176831.094078
Z3, 16, 6, 720, 18912.000000, 0.051084, 370213.765563, 370816.000000, 1.000000, 2, 14.089842, 201912.510169, 201912.510169
Z3, 17, 6, 720, 16112.000000, 0.051069, 315494.722826, 315920.000000, 1.000000, 2, 14.089842, 190968.701622, 190968.701622
Z3, 18, 6, 720, 16088.000000, 0.051055, 315111.154637, 315448.000000, 1.000000, 2, 14.089842, 190891.987984, 190891.987984
Z3, 19, 6, 720, 31984.000000, 0.051086, 626081.509611, 627136.000000, 1.000000, 2, 14.089842, 253086.058979, 253086.058979
Z3, 20, 6, 720, 21472.000000, 0.051095, 420236.813778, 421016.000000, 1.000000, 2, 14.089842, 211917.119812, 211917.119812
Z3, 21, 6, 720, 19320.000000, 0.051068, 378319.103940, 378816.000000, 1.000000, 2, 14.089842, 203533.577845, 203533.577845
Z3, 22, 6, 720, 33040.000000, 0.051105, 646512.082966, 647840.000000, 1.000000, 2, 14.089842, 257172.173650, 257172.173650
Z3, 23, 6, 720, 26472.000000, 0.051062, 518428.577024, 519056.000000, 1.000000, 2, 14.089842, 231555.472462, 231555.472462
Z3, 24, 6, 720, 12984.000000, 0.051038, 254398.683334, 254584.000000, 1.000000, 2, 14.089842, 178749.493724, 178749.493724
Z3, 25, 6, 720, 21128.000000, 0.050950, 414681.059863, 422560.000000, 1.000000, 2, 14.089842, 210805.969029, 210805.969029
Z3, 26, 6, 720, 21576.000000, 0.050971, 423299.523258, 431520.000000, 1.000000, 2, 14.089842, 212529.661708, 212529.661708
Z3, 27, 6, 720, 14376.000000, 0.051062, 281540.088520, 281880.000000, 1.000000, 2, 14.089842, 184177.774761, 184177.774761
Z3, 28, 6, 720, 7048.000000, 0.050984, 138239.447670, 140960.000000, 1.000000, 2, 14.089842, 155517.646591, 155517.646591
Z3, 29, 6, 720, 8656.000000, 0.050996, 169738.803043, 173120.000000, 1.000000, 2, 14.089842, 161817.517666, 161817.517666
Z3, 30, 6, 720, 9488.000000, 0.051047, 185867.925637, 186032.000000, 1.000000, 2, 14.089842, 165043.342184, 165043.342184
Z3, 31, 6, 720, 8424.000000, 0.050964, 165293.148105, 168480.000000, 1.000000, 2, 14.089842, 160928.386678, 160928.386678
Z3, 32, 6, 720, 9328.000000, 0.051062, 182679.879362, 182896.000000, 1.000000, 2, 14.089842, 164405.732929, 164405.732929
Z3, 33, 6, 720, 8680.000000, 0.051013, 170152.706173, 170192.000000, 1.000000, 2, 14.089842, 161900.298291, 161900.298291
Z3, 34, 6, 720, 7160.000000, 0.051019, 140339.873381, 140392.000000, 1.000000, 2, 14.089842, 155937.731733, 155937.731733
Z3, 35, 6, 720, 10360.000000, 0.051055, 202918.421310, 203136.000000, 1.000000, 2, 14.089842, 168453.441319, 168453.441319
Z3, 36, 6, 720, 9048.000000, 0.051039, 177276.200553, 177408.000000, 1.000000, 2, 14.089842, 163324.997167, 163324.997167
Z3, 37, 6, 720, 7176.000000, 0.051037, 140603.875620, 140704.000000, 1.000000, 2, 14.089842, 155990.532181, 155990.532181
Z3, 38, 6, 720, 8768.000000, 0.051034, 171807.030607, 171920.000000, 1.000000, 2, 14.089842, 162231.163178, 162231.163178
Z1, 0, 7, 720, 7408.000000, 0.174323, 42495.826712, 42568.000000, 1.000000, 2, 16.920053, 145705.307425, 145705.307425
Z2, 0, 7, 720, 6624.000000, 0.173634, 38149.210408, 38288.000000, 1.000000, 2, 16.920053, 144835.984164, 144835.984164
Z2, 1, 7, 720, 6792.000000, 0.050953, 133299.315055, 135840.000000, 1.000000, 2, 16.920053, 163866.005093, 163866.005093
Z2, 2, 7, 720, 7464.000000, 0.050991, 146378.772725, 149280.000000, 1.000000, 2, 16.920053, 166481.896627, 166481.896627
Z2, 3, 7, 720, 10144.000000, 0.051071, 198625.443011, 198896.000000, 1.000000, 2, 16.920053, 176931.230684, 176931.230684
Z2, 4, 7, 720, 14352.000000, 0.051057, 281097.596804, 281408.000000, 1.000000, 2, 16.920053, 193425.661443, 193425.661443
Z2, 5, 7, 720, 15008.000000, 0.050991, 294326.449766, 300160.000000, 1.000000, 2, 16.920053, 196071.432035, 196071.432035
Z2, 6, 7, 720, 7168.000000, 0.050852, 140958.074412, 143360.000000, 1.000000, 2, 16.920053, 165397.756964, 165397.756964
Z2, 7, 7, 720, 8160.000000, 0.050950, 160157.016683, 163200.000000, 1.000000, 2, 16.920053, 169237.545419, 169237.545419
Z3, 0, 7, 720, 6656.000000, 0.171036, 38915.783812, 38920.000000, 1.000000, 2, 16.920053, 144989.298844, 144989.298844
Z3, 1, 7, 720, 7664.000000, 0.050967, 150371.809210, 153280.000000, 1.000000, 2, 16.920053, 167280.503924, 167280.503924
Z3, 2, 7, 720, 7664.000000, 0.051004, 150262.724492, 150272.000000, 1.000000, 2, 16.920053, 167258.686980, 167258.686980
Z3, 3, 7, 720, 6920.000000, 0.051004, 135675.633284, 135680.000000, 1.000000, 2, 16.920053, 164341.268739, 164341.268739
Z3, 4, 7, 720, 7504.000000, 0.051006, 147119.946673, 147136.000000, 1.000000, 2, 16.920053, 166630.131417, 166630.131417
Z3, 5, 7, 720, 7480.000000, 0.050927, 146876.902233, 149600.000000, 1.000000, 2, 16.920053, 166581.522529, 166581.522529
Z3, 6, 7, 720, 6728.000000, 0.050906, 132165.167171, 134560.000000, 1.000000, 2, 16.920053, 163639.175516, 163639.175516
Z3, 7, 7, 720, 7632.000000, 0.050956, 149776.277573, 152640.000000, 1.000000, 2, 16.920053, 167161.397597, 167161.397597
Z3, 8, 7, 720, 7392.000000, 0.050915, 145183.148385, 147840.000000, 1.000000, 2, 16.920053, 166242.771759, 166242.771759
Z3, 9, 7, 720, 12800.000000, 0.050993, 251014.845175, 256000.000000, 1.000000, 2, 16.920053, 187409.111117, 187409.111117
Z3, 10, 7, 720, 16760.000000, 0.050950, 328949.950932, 335200.000000, 1.000000, 2, 16.920053, 202996.132268, 202996.132268
Z3, 11, 7, 720, 14104.000000, 0.051033, 276370.191837, 276544.000000, 1.000000, 2, 16.920053, 192480.180449, 192480.180449
Z3, 12, 7, 720, 9704.000000, 0.051019, 190203.649621, 190272.000000, 1.000000, 2, 16.920053, 175246.872006, 175246.872006
Z3, 13, 7, 720, 17248.000000, 0.051054, 337838.367219, 338192.000000, 1.000000, 2, 16.920053, 204773.815526, 204773.815526
Z3, 14, 7, 720, 21552.000000, 0.051094, 421810.780131, 422584.000000, 1.000000, 2, 16.920053, 221568.298108, 221568.298108
Z3, 15, 7, 720, 16688.000000, 0.050974, 327382.587201, 333760.000000, 1.000000, 2, 16.920053, 202682.659522, 202682.659522
Z3, 16, 7, 720, 23312.000000, 0.050989, 457196.650258, 466240.000000, 1.000000, 2, 16.920053, 228645.472134, 228645.472134
Z3, 17, 7, 720, 14952.000000, 0.050990, 293233.967445, 299040.000000, 1.000000, 2, 16.920053, 195852.935571, 195852.935571
Z3, 18, 7, 720, 16856.000000, 0.051031, 330309.027846, 330504.000000, 1.000000, 2, 16.920053, 203267.947651, 203267.947651
Z3, 19, 7, 720, 23928.000000, 0.051052, 468698.581838, 469176.000000, 1.000000, 2, 16.920053, 230945.858450, 230945.858450
Z3, 20, 7, 720, 29544.000000, 0.051104, 578115.216030, 579288.000000, 1.000000, 2, 16.920053, 252829.185288, 252829.185288
Z3, 21, 7, 720, 31920.000000, 0.051007, 625796.459310, 625880.000000, 1.000000, 2, 16.920053, 262365.433944, 262365.433944
Z3, 22, 7, 720, 15096.000000, 0.051030, 295825.984715, 296000.000000, 1.000000, 2, 16.920053, 196371.339025, 196371.339025
Z3, 23, 7, 720, 22296.000000, 0.051007, 437116.474209, 437176.000000, 1.000000, 2, 16.920053, 224629.436924, 224629.436924
Z3, 24, 7, 720, 24272.000000, 0.050949, 476397.966594, 485440.000000, 1.000000, 2, 16.920053, 232485.735401, 232485.735401
Z3, 25, 7, 720, 13368.000000, 0.051059, 261814.763313, 262112.000000, 1.000000, 2, 16.920053, 189569.094745, 189569.094745
Z3, 26, 7, 720, 21768.000000, 0.051062, 426305.275939, 426816.000000, 1.000000, 2, 16.920053, 222467.197270, 222467.197270
Z3, 27, 7, 720, 21680.000000, 0.051094, 424315.966650, 425096.000000, 1.000000, 2, 16.920053, 222069.335412, 222069.335412
Z3, 28, 7, 720, 9672.000000, 0.050984, 189706.574612, 193440.000000, 1.000000, 2, 16.920053, 175147.457004, 175147.457004
Z3, 29, 7, 720, 13368.000000, 0.051000, 262117.647059, 262112.000000, 1.000000, 2, 16.920053, 189629.671494, 189629.671494
Z3, 30, 7, 720, 13424.000000, 0.050988, 263277.633953, 268480.000000, 1.000000, 2, 16.920053, 189861.668873, 189861.668873
Z3, 31, 7, 720, 8064.000000, 0.050983, 158170.370516, 161280.000000, 1.000000, 2, 16.920053, 168840.216185, 168840.216185
Z3, 32, 7, 720, 9424.000000, 0.050987, 184831.427619, 188480.000000, 1.000000, 2, 16.920053, 174172.427606, 174172.427606
Z3, 33, 7, 720, 7368.000000, 0.050979, 144530.100630, 147360.000000, 1.000000, 2, 16.920053, 166112.162208, 166112.162208
Z3, 34, 7, 720, 8792.000000, 0.050947, 172571.495868, 175840.000000, 1.000000, 2, 16.920053, 171720.441256, 171720.441256
Z3, 35, 7, 720, 8568.000000, 0.051070, 167769.727825, 168000.000000, 1.000000, 2, 16.920053, 170760.087647, 170760.087647
Z3, 36, 7, 720, 7064.000000, 0.050947, 138653.895224, 141280.000000, 1.000000, 2, 16.920053, 164936.921127, 164936.921127
Z3, 37, 7, 720, 10104.000000, 0.051012, 198071.042108, 198112.000000, 1.000000, 2, 16.920053, 176820.350504, 176820.350504
Z3, 38, 7, 720, 8640.000000, 0.050959, 169548.068055, 172800.000000, 1.000000, 2, 16.920053, 171115.755693, 171115.755693
Z1, 0, 8, 720, 7744.000000, 0.176978, 43756.851134, 44000.000000, 1.000000, 2, 19.741087, 154866.635791, 154866.635791
Z2, 0, 8, 720, 6624.000000, 0.169790, 39012.898286, 39192.000000, 1.000000, 2, 19.741087, 153917.845221, 153917.845221
Z2, 1, 8, 720, 6968.000000, 0.050921, 136839.417922, 139360.000000, 1.000000, 2, 19.741087, 173483.149149, 173483.149149
Z2, 2, 8, 720, 7968.000000, 0.050825, 156773.241515, 159360.000000, 1.000000, 2, 19.741087, 177469.913867, 177469.913867
Z2, 3, 8, 720, 12752.000000, 0.051082, 249637.837203, 250032.000000, 1.000000, 2, 19.741087, 196042.833005, 196042.833005
Z2, 4, 8, 720, 18720.000000, 0.050914, 367678.830970, 374400.000000, 1.000000, 2, 19.741087, 219651.031758, 219651.031758
Z2, 5, 8, 720, 25648.000000, 0.051078, 502133.991151, 502896.000000, 1.000000, 2, 19.741087, 246542.063794, 246542.063794
Z2, 6, 8, 720, 9784.000000, 0.051015, 191786.729393, 191840.000000, 1.000000, 2, 19.741087, 184472.611443, 184472.611443
Z2, 7, 8, 720, 13192.000000, 0.050982, 258757.993017, 263840.000000, 1.000000, 2, 19.741087, 197866.864168, 197866.864168
Z3, 0, 8, 720, 6768.000000, 0.176639, 38315.434304, 38448.000000, 1.000000, 2, 19.741087, 153778.352425, 153778.352425
Z3, 1, 8, 720, 8032.000000, 0.050954, 157632.374298, 160640.000000, 1.000000, 2, 19.741087, 177641.740424, 177641.740424
Z3, 2, 8, 720, 7872.000000, 0.051033, 154253.130327, 154352.000000, 1.000000, 2, 19.741087, 176965.891630, 176965.891630
Z3, 3, 8, 720, 7024.000000, 0.050989, 137755.202102, 140480.000000, 1.000000, 2, 19.741087, 173666.305985, 173666.305985
Z3, 4, 8, 720, 7816.000000, 0.050949, 153408.310271, 156320.000000, 1.000000, 2, 19.741087, 176796.927618, 176796.927618
Z3, 5, 8, 720, 7936.000000, 0.051008, 155583.437892, 155600.000000, 1.000000, 2, 19.741087, 177231.953143, 177231.953143
Z3, 6, 8, 720, 6928.000000, 0.050980, 135896.429973, 138560.000000, 1.000000, 2, 19.741087, 173294.551559, 173294.551559
Z3, 7, 8, 720, 8048.000000, 0.051013, 157763.707290, 157800.000000, 1.000000, 2, 19.741087, 177668.007022, 177668.007022
Z3, 8, 8, 720, 7664.000000, 0.050941, 150448.558136, 153280.000000, 1.000000, 2, 19.741087, 176204.977191, 176204.977191
Z3, 9, 8, 720, 14248.000000, 0.051037, 279170.013911, 279368.000000, 1.000000, 2, 19.741087, 201949.268346, 201949.268346
Z3, 10, 8, 720, 19448.000000, 0.051155, 380177.890724, 381328.000000, 1.000000, 2, 19.741087, 222150.843709, 222150.843709
Z3, 11, 8, 720, 17344.000000, 0.051004, 340051.760646, 340072.000000, 1.000000, 2, 19.741087, 214125.617693, 214125.617693
Z3, 12, 8, 720, 11952.000000, 0.051083, 233972.162950, 234352.000000, 1.000000, 2, 19.741087, 192909.698154, 192909.698154
Z3, 13, 8, 720, 25224.000000, 0.051145, 493186.039691, 494584.000000, 1.000000, 2, 19.741087, 244752.473502, 244752.473502
Z3, 14, 8, 720, 35992.000000, 0.051214, 702776.584528, 705720.000000, 1.000000, 2, 19.741087, 286670.582470, 286670.582470
Z3, 15, 8, 720, 20016.000000, 0.051158, 391258.454201, 392464.000000, 1.000000, 2, 19.741087, 224366.956404, 224366.956404
Z3, 16, 8, 720, 36432.000000, 0.051186, 711757.121088, 714352.000000, 1.000000, 2, 19.741087, 288466.689782, 288466.689782
Z3, 17, 8, 720, 22472.000000, 0.051104, 439730.745147, 440624.000000, 1.000000, 2, 19.741087, 234061.414594, 234061.414594
Z3, 18, 8, 720, 21736.000000, 0.051093, 425420.311980, 426192.000000, 1.000000, 2, 19.741087, 231199.327960, 231199.327960
Z3, 19, 8, 720, 16848.000000, 0.051048, 330042.313117, 330352.000000, 1.000000, 2, 19.741087, 212123.728188, 212123.728188
Z3, 20, 8, 720, 47160.000000, 0.051206, 920985.821974, 924704.000000, 1.000000, 2, 19.741087, 330312.429959, 330312.429959
Z3, 21, 8, 720, 39472.000000, 0.051192, 771057.977809, 773960.000000, 1.000000, 2, 19.741087, 300326.861126, 300326.861126
Z3, 22, 8, 720, 26968.000000, 0.051262, 526081.697944, 528784.000000, 1.000000, 2, 19.741087, 251331.605153, 251331.605153
Z3, 23, 8, 720, 39776.000000, 0.051137, 777832.098089, 779920.000000, 1.000000, 2, 19.741087, 301681.685182, 301681.685182
Z3, 24, 8, 720, 34992.000000, 0.051126, 684426.710480, 686112.000000, 1.000000, 2, 19.741087, 283000.607660, 283000.607660
Z3, 25, 8, 720, 22464.000000, 0.051042, 440108.146233, 440464.000000, 1.000000, 2, 19.741087, 234136.894811, 234136.894811
Z3, 26, 8, 720, 43144.000000, 0.051155, 843397.517349, 845960.000000, 1.000000, 2, 19.741087, 314794.769034, 314794.769034
Z3, 27, 8, 720, 43672.000000, 0.051101, 854621.240289, 856312.000000, 1.000000, 2, 19.741087, 317039.513622, 317039.513622
Z3, 28, 8, 720, 18320.000000, 0.051029, 359011.542456, 359208.000000, 1.000000, 2, 19.741087, 217917.574055, 217917.574055
Z3, 29, 8, 720, 24560.000000, 0.051081, 480804.995987, 481568.000000, 1.000000, 2, 19.741087, 242276.264762, 242276.264762
Z3, 30, 8, 720, 19040.000000, 0.051070, 372821.617388, 373328.000000, 1.000000, 2, 19.741087, 220679.589042, 220679.589042
Z3, 31, 8, 720, 20160.000000, 0.051126, 394319.915503, 395288.000000, 1.000000, 2, 19.741087, 224979.248665, 224979.248665
Z3, 32, 8, 720, 16496.000000, 0.051053, 323115.194014, 323448.000000, 1.000000, 2, 19.741087, 210738.304367, 210738.304367
Z3, 33, 8, 720, 11624.000000, 0.050938, 228198.987004, 232480.000000, 1.000000, 2, 19.741087, 191755.062965, 191755.062965
Z3, 34, 8, 720, 21024.000000, 0.051021, 412065.620039, 412232.000000, 1.000000, 2, 19.741087, 228528.389572, 228528.389572
Z3, 35, 8, 720, 28496.000000, 0.051130, 557324.467045, 558744.000000, 1.000000, 2, 19.741087, 257580.158973, 257580.158973
Z3, 36, 8, 720, 12416.000000, 0.051010, 243403.254264, 243448.000000, 1.000000, 2, 19.741087, 194795.916417, 194795.916417
Z3, 37, 8, 720, 17312.000000, 0.050943, 339830.791277, 346240.000000, 1.000000, 2, 19.741087, 214081.423819, 214081.423819
Z3, 38, 8, 720, 14664.000000, 0.051054, 287225.290868, 287528.000000, 1.000000, 2, 19.741087, 203560.323738, 203560.323738
Z1, 0, 9, 720, 7696.000000, 0.172126, 44711.432323, 44744.000000, 1.000000, 2, 22.569105, 185423.504696, 185423.504696
Z2, 0, 9, 720, 6624.000000, 0.171960, 38520.586183, 38736.000000, 1.000000, 2, 22.569105, 184185.335468, 184185.335468
Z2, 1, 9, 720, 6776.000000, 0.050836, 133291.368322, 135520.000000, 1.000000, 2, 22.569105, 203139.491895, 203139.491895
Z2, 2, 9, 720, 7496.000000, 0.050912, 147234.443746, 149920.000000, 1.000000, 2, 22.569105, 205928.106980, 205928.106980
Z2, 3, 9, 720, 16056.000000, 0.050990, 314885.271622, 321120.000000, 1.000000, 2, 22.569105, 239458.272555, 239458.272555
Z2, 4, 9, 720, 24464.000000, 0.051042, 479291.563810, 479680.000000, 1.000000, 2, 22.569105, 272339.530993, 272339.530993
Z2, 5, 9, 720, 36648.000000, 0.051037, 718067.284519, 718584.000000, 1.000000, 2, 22.569105, 320094.675135, 320094.675135
Z2, 6, 9, 720, 11344.000000, 0.050941, 222688.993149, 226880.000000, 1.000000, 2, 22.569105, 221019.016861, 221019.016861
Z2, 7, 9, 720, 15808.000000, 0.050947, 310283.235519, 316160.000000, 1.000000, 2, 22.569105, 238537.865335, 238537.865335
Z3, 0, 9, 720, 6752.000000, 0.171962, 39264.488666, 39480.000000, 1.000000, 2, 22.569105, 184334.115964, 184334.115964
Z3, 1, 9, 720, 9824.000000, 0.051056, 192416.170479, 192624.000000, 1.000000, 2, 22.569105, 214964.452327, 214964.452327
Z3, 2, 9, 720, 8640.000000, 0.050988, 169451.635679, 172800.000000, 1.000000, 2, 22.569105, 210371.545367, 210371.545367
Z3, 3, 9, 720, 7248.000000, 0.050997, 142126.007412, 144960.000000, 1.000000, 2, 22.569105, 204906.419713, 204906.419713
Z3, 4, 9, 720, 8336.000000, 0.051031, 163351.688190, 163448.000000, 1.000000, 2, 22.569105, 209151.555869, 209151.555869
Z3, 5, 9, 720, 9640.000000, 0.051058, 188804.888558, 189016.000000, 1.000000, 2, 22.569105, 214242.195943, 214242.195943
Z3, 6, 9, 720, 10312.000000, 0.051010, 202156.439914, 202192.000000, 1.000000, 2, 22.569105, 216912.506214, 216912.506214
Z3, 7, 9, 720, 21208.000000, 0.051046, 415468.401050, 415840.000000, 1.000000, 2, 22.569105, 259574.898441, 259574.898441
Z3, 8, 9, 720, 8000.000000, 0.050916, 157121.533506, 160000.000000, 1.000000, 2, 22.569105, 207905.524932, 207905.524932
Z3, 9, 9, 720, 16880.000000, 0.051006, 330941.457868, 330976.000000, 1.000000, 2, 22.569105, 242669.509805, 242669.509805
Z3, 10, 9, 720, 23240.000000, 0.051078, 454990.406829, 455680.000000, 1.000000, 2, 22.569105, 267479.299597, 267479.299597
Z3, 11, 9, 720, 21680.000000, 0.050968, 425364.934861, 433600.000000, 1.000000, 2, 22.569105, 261554.205203, 261554.205203
Z3, 12, 9, 720, 16096.000000, 0.050962, 315843.177269, 321920.000000, 1.000000, 2, 22.569105, 239649.853685, 239649.853685
Z3, 13, 9, 720, 39872.000000, 0.051160, 779358.874120, 781800.000000, 1.000000, 2, 22.569105, 332352.993055, 332352.993055
Z3, 14, 9, 720, 46392.000000, 0.051146, 907050.404724, 909640.000000, 1.000000, 2, 22.569105, 357891.299176, 357891.299176
Z3, 15, 9, 720, 26168.000000, 0.051001, 513087.978667, 513096.000000, 1.000000, 2, 22.569105, 279098.813964, 279098.813964
Z3, 16, 9, 720, 48816.000000, 0.051106, 955191.171291, 957176.000000, 1.000000, 2, 22.569105, 367519.452489, 367519.452489
Z3, 17, 9, 720, 38664.000000, 0.051110, 756486.010565, 758112.000000, 1.000000, 2, 22.569105, 327778.420344, 327778.420344
Z3, 18, 9, 720, 26344.000000, 0.051040, 516144.200627, 516544.000000, 1.000000, 2, 22.569105, 279710.058356, 279710.058356
Z3, 19, 9, 720, 19912.000000, 0.050981, 390576.881583, 398240.000000, 1.000000, 2, 22.569105, 254596.594548, 254596.594548
Z3, 20, 9, 720, 61688.000000, 0.051229, 1204161.705284, 1209568.000000, 1.000000, 2, 22.569105, 417313.559288, 417313.559288
Z3, 21, 9, 720, 59200.000000, 0.051216, 1155888.784755, 1160784.000000, 1.000000, 2, 22.569105, 407658.975182, 407658.975182
Z3, 22, 9, 720, 41064.000000, 0.051072, 804041.353383, 805176.000000, 1.000000, 2, 22.569105, 337289.488908, 337289.488908
Z3, 23, 9, 720, 55576.000000, 0.051085, 1087912.303024, 1089720.000000, 1.000000, 2, 22.569105, 394063.678836, 394063.678836
Z3, 24, 9, 720, 50200.000000, 0.051080, 982772.122161, 984312.000000, 1.000000, 2, 22.569105, 373035.642663, 373035.642663
Z3, 25, 9, 720, 30056.000000, 0.051055, 588698.462442, 589328.000000, 1.000000, 2, 22.569105, 294220.910720, 294220.910720
Z3, 26, 9, 720, 59504.000000, 0.051181, 1162618.940622, 1166744.000000, 1.000000, 2, 22.569105, 409005.006356, 409005.006356
Z3, 27, 9, 720, 65232.000000, 0.051161, 1275033.717089, 1279056.000000, 1.000000, 2, 22.569105, 431487.961649, 431487.961649
Z3, 28, 9, 720, 23952.000000, 0.051048, 469205.453691, 469640.000000, 1.000000, 2, 22.569105, 270322.308969, 270322.308969
Z3, 29, 9, 720, 32816.000000, 0.050974, 643779.181544, 656320.000000, 1.000000, 2, 22.569105, 305237.054540, 305237.054540
Z3, 30, 9, 720, 8856.000000, 0.050920, 173919.874313, 177120.000000, 1.000000, 2, 22.569105, 211265.193094, 211265.193094
Z3, 31, 9, 720, 14088.000000, 0.050956, 276473.820551, 281760.000000, 1.000000, 2, 22.569105, 231775.982341, 231775.982341
Z3, 32, 9, 720, 15104.000000, 0.051000, 296156.862745, 296152.000000, 1.000000, 2, 22.569105, 235712.590780, 235712.590780
Z3, 33, 9, 720, 11784.000000, 0.050989, 231108.670498, 235680.000000, 1.000000, 2, 22.569105, 222702.952331, 222702.952331
Z3, 34, 9, 720, 18496.000000, 0.051062, 362226.313110, 362664.000000, 1.000000, 2, 22.569105, 248926.480853, 248926.480853
Z3, 35, 9, 720, 22376.000000, 0.051054, 438281.035766, 438744.000000, 1.000000, 2, 22.569105, 264137.425384, 264137.425384
Z3, 36, 9, 720, 8792.000000, 0.050922, 172656.219316, 175840.000000, 1.000000, 2, 22.569105, 211012.462094, 211012.462094
Z3, 37, 9, 720, 19464.000000, 0.050967, 381894.166814, 389280.000000, 1.000000, 2, 22.569105, 252860.051594, 252860.051594
Z3, 38, 9, 720, 20360.000000, 0.051072, 398652.882206, 399208.000000, 1.000000, 2, 22.569105, 256211.794672, 256211.794672
Z1, 0, 10, 720, 7480.000000, 0.172111, 43460.325023, 43488.000000, 1.000000, 2, 25.389046, 214138.719352, 214138.719352
Z2, 0, 10, 720, 6624.000000, 0.171794, 38557.807607, 38736.000000, 1.000000, 2, 25.389046, 213158.215869, 213158.215869
Z2, 1, 10, 720, 7008.000000, 0.050755, 138075.066496, 140160.000000, 1.000000, 2, 25.389046, 233061.667646, 233061.667646
Z2, 2, 10, 720, 7832.000000, 0.050951, 153716.315676, 156640.000000, 1.000000, 2, 25.389046, 236189.917482, 236189.917482
Z2, 3, 10, 720, 29728.000000, 0.051130, 581419.910033, 582896.000000, 1.000000, 2, 25.389046, 321730.636354, 321730.636354
Z2, 4, 10, 720, 35840.000000, 0.051159, 700560.996110, 702744.000000, 1.000000, 2, 25.389046, 345558.853569, 345558.853569
Z2, 5, 10, 720, 43888.000000, 0.051175, 857606.253053, 860544.000000, 1.000000, 2, 25.389046, 376967.904958, 376967.904958
Z2, 6, 10, 720, 17936.000000, 0.051022, 351534.632119, 351680.000000, 1.000000, 2, 25.389046, 275753.580771, 275753.580771
Z2, 7, 10, 720, 24920.000000, 0.051083, 487833.525831, 488624.000000, 1.000000, 2, 25.389046, 303013.359513, 303013.359513
Z3, 0, 10, 720, 6840.000000, 0.171647, 39849.225445, 40000.000000, 1.000000, 2, 25.389046, 213416.499436, 213416.499436
Z3, 1, 10, 720, 22064.000000, 0.051043, 432262.993946, 432624.000000, 1.000000, 2, 25.389046, 291899.253136, 291899.253136
Z3, 2, 10, 720, 15312.000000, 0.051156, 299319.727891, 300232.000000, 1.000000, 2, 25.389046, 265310.599925, 265310.599925
Z3, 3, 10, 720, 7752.000000, 0.050973, 152080.513213, 155040.000000, 1.000000, 2, 25.389046, 235862.756990, 235862.756990
Z3, 4, 10, 720, 11432.000000, 0.050890, 224641.383376, 228640.000000, 1.000000, 2, 25.389046, 250374.931022, 250374.931022
Z3, 5, 10, 720, 17232.000000, 0.050974, 338054.694550, 344640.000000, 1.000000, 2, 25.389046, 273057.593257, 273057.593257
Z3, 6, 10, 720, 23328.000000, 0.051035, 457098.069952, 457408.000000, 1.000000, 2, 25.389046, 296866.268338, 296866.268338
Z3, 7, 10, 720, 18496.000000, 0.050948, 363036.821858, 369920.000000, 1.000000, 2, 25.389046, 278054.018719, 278054.018719
Z3, 8, 10, 720, 7968.000000, 0.050933, 156440.814403, 159360.000000, 1.000000, 2, 25.389046, 236734.817228, 236734.817228
Z3, 9, 10, 720, 19568.000000, 0.050978, 383851.857664, 391360.000000, 1.000000, 2, 25.389046, 282217.025880, 282217.025880
Z3, 10, 10, 720, 36064.000000, 0.051073, 706126.524778, 707136.000000, 1.000000, 2, 25.389046, 346671.959303, 346671.959303
Z3, 11, 10, 720, 29248.000000, 0.050921, 574379.921840, 584960.000000, 1.000000, 2, 25.389046, 320322.638715, 320322.638715
Z3, 12, 10, 720, 24216.000000, 0.050976, 475047.080979, 484320.000000, 1.000000, 2, 25.389046, 300456.070543, 300456.070543
Z3, 13, 10, 720, 54424.000000, 0.051101, 1065028.081642, 1067136.000000, 1.000000, 2, 25.389046, 418452.270676, 418452.270676
Z3, 14, 10, 720, 56832.000000, 0.051134, 1111432.706223, 1114352.000000, 1.000000, 2, 25.389046, 427733.195592, 427733.195592
Z3, 15, 10, 720, 29576.000000, 0.051053, 579319.530684, 579920.000000, 1.000000, 2, 25.389046, 321310.560484, 321310.560484
Z3, 16, 10, 720, 52328.000000, 0.051047, 1025094.520736, 1026032.000000, 1.000000, 2, 25.389046, 410465.558494, 410465.558494
Z3, 17, 10, 720, 52840.000000, 0.051146, 1033120.869667, 1036072.000000, 1.000000, 2, 25.389046, 412070.828281, 412070.828281
Z3, 18, 10, 720, 35136.000000, 0.051075, 687929.515419, 688936.000000, 1.000000, 2, 25.389046, 343032.557431, 343032.557431
Z3, 19, 10, 720, 23160.000000, 0.051043, 453735.086104, 454112.000000, 1.000000, 2, 25.389046, 296193.671568, 296193.671568
Z3, 20, 10, 720, 77048.000000, 0.051233, 1503874.455917, 1510744.000000, 1.000000, 2, 25.389046, 506221.545531, 506221.545531
Z3, 21, 10, 720, 68968.000000, 0.051264, 1345349.563046, 1352312.000000, 1.000000, 2, 25.389046, 474516.566956, 474516.566956
Z3, 22, 10, 720, 52224.000000, 0.051147, 1021056.953487, 1024000.000000, 1.000000, 2, 25.389046, 409658.045045, 409658.045045
Z3, 23, 10, 720, 76384.000000, 0.051213, 1491496.299768, 1497720.000000, 1.000000, 2, 25.389046, 503745.914301, 503745.914301
Z3, 24, 10, 720, 57512.000000, 0.051222, 1122798.797392, 1127680.000000, 1.000000, 2, 25.389046, 430006.413826, 430006.413826
Z3, 25, 10, 720, 35600.000000, 0.051008, 697929.736512, 698032.000000, 1.000000, 2, 25.389046, 345032.601650, 345032.601650
Z3, 26, 10, 720, 72816.000000, 0.051160, 1423299.452697, 1427760.000000, 1.000000, 2, 25.389046, 490106.544887, 490106.544887
Z3, 27, 10, 720, 93600.000000, 0.051324, 1823708.206687, 1835288.000000, 1.000000, 2, 25.389046, 570188.295685, 570188.295685
Z3, 28, 10, 720, 23040.000000, 0.050982, 451924.208544, 460800.000000, 1.000000, 2, 25.389046, 295831.496056, 295831.496056
Z3, 29, 10, 720, 35840.000000, 0.051128, 700985.761227, 702744.000000, 1.000000, 2, 25.389046, 345643.806592, 345643.806592
Z3, 30, 10, 720, 13072.000000, 0.050995, 256338.856751, 261440.000000, 1.000000, 2, 25.389046, 256714.425697, 256714.425697
Z3, 31, 10, 720, 20608.000000, 0.050934, 404602.034005, 412160.000000, 1.000000, 2, 25.389046, 286367.061148, 286367.061148
Z3, 32, 10, 720, 22584.000000, 0.051035, 442519.839326, 442816.000000, 1.000000, 2, 25.389046, 293950.622212, 293950.622212
Z3, 33, 10, 720, 14712.000000, 0.050977, 288600.741511, 294240.000000, 1.000000, 2, 25.389046, 263166.802649, 263166.802649
Z3, 34, 10, 720, 20512.000000, 0.051028, 401975.386063, 402192.000000, 1.000000, 2, 25.389046, 285841.731560, 285841.731560
Z3, 35, 10, 720, 17992.000000, 0.050984, 352895.025890, 359840.000000, 1.000000, 2, 25.389046, 276025.659525, 276025.659525
Z3, 36, 10, 720, 11464.000000, 0.051035, 224630.155775, 224784.000000, 1.000000, 2, 25.389046, 250372.685502, 250372.685502
Z3, 37, 10, 720, 22376.000000, 0.050998, 438762.304404, 447520.000000, 1.000000, 2, 25.389046, 293199.115228, 293199.115228
Z3, 38, 10, 720, 29088.000000, 0.051010, 570241.129190, 570352.000000, 1.000000, 2, 25.389046, 319494.880185, 319494.880185
Z1, 0, 11, 720, 36680.000000, 0.171677, 213657.042003, 214496.000000, 1.000000, 2, 28.208706, 327864.882464, 327864.882464
Z2, 0, 11, 720, 6624.000000, 0.171218, 38687.521172, 38736.000000, 1.000000, 2, 28.208706, 292870.978298, 292870.978298
Z2, 1, 11, 720, 8224.000000, 0.050952, 161406.814257, 164480.000000, 1.000000, 2, 28.208706, 317414.836915, 317414.836915
Z2, 2, 11, 720, 8720.000000, 0.051014, 170933.469244, 170976.000000, 1.000000, 2, 28.208706, 319320.167913, 319320.167913
Z2, 3, 11, 720, 10080.000000, 0.051053, 197441.874131, 197640.000000, 1.000000, 2, 28.208706, 324621.848890, 324621.848890
Z2, 4, 11, 720, 36112.000000, 0.051175, 705657.059111, 708072.000000, 1.000000, 2, 28.208706, 426264.885886, 426264.885886
Z2, 5, 11, 720, 39392.000000, 0.051240, 768774.395004, 772392.000000, 1.000000, 2, 28.208706, 438888.353065, 438888.353065
Z2, 6, 11, 720, 43216.000000, 0.051241, 843387.131399, 847368.000000, 1.000000, 2, 28.208706, 453810.900344, 453810.900344
Z2, 7, 11, 720, 41864.000000, 0.051088, 819448.794237, 820856.000000, 1.000000, 2, 28.208706, 449023.232911, 449023.232911
Z3, 0, 11, 720, 11320.000000, 0.173161, 65372.687845, 65432.000000, 1.000000, 2, 28.208706, 298208.011633, 298208.011633
Z3, 1, 11, 720, 16208.000000, 0.050945, 318147.021297, 324160.000000, 1.000000, 2, 28.208706, 348762.878323, 348762.878323
Z3, 2, 11, 720, 12920.000000, 0.051048, 253095.126156, 253328.000000, 1.000000, 2, 28.208706, 335752.499295, 335752.499295
Z3, 3, 11, 720, 8968.000000, 0.050946, 176029.521454, 179360.000000, 1.000000, 2, 28.208706, 320339.378355, 320339.378355
Z3, 4, 11, 720, 12016.000000, 0.051052, 235367.860221, 235600.000000, 1.000000, 2, 28.208706, 332207.046108, 332207.046108
Z3, 5, 11, 720, 21880.000000, 0.051118, 428029.265621, 429016.000000, 1.000000, 2, 28.208706, 370739.327188, 370739.327188
Z3, 6, 11, 720, 13408.000000, 0.051029, 262752.552470, 262896.000000, 1.000000, 2, 28.208706, 337683.984558, 337683.984558
Z3, 7, 11, 720, 14528.000000, 0.051053, 284567.018589, 284856.000000, 1.000000, 2, 28.208706, 342046.877782, 342046.877782
Z3, 8, 11, 720, 15928.000000, 0.051120, 311580.594679, 312312.000000, 1.000000, 2, 28.208706, 347449.593000, 347449.593000
Z3, 9, 11, 720, 23504.000000, 0.051105, 459915.859505, 460856.000000, 1.000000, 2, 28.208706, 377116.645965, 377116.645965
Z3, 10, 11, 720, 50640.000000, 0.051199, 989081.818004, 992936.000000, 1.000000, 2, 28.208706, 482949.837665, 482949.837665
Z3, 11, 11, 720, 47296.000000, 0.051129, 925032.760273, 927368.000000, 1.000000, 2, 28.208706, 470140.026118, 470140.026118
Z3, 12, 11, 720, 34344.000000, 0.051062, 672594.101289, 673408.000000, 1.000000, 2, 28.208706, 419652.294322, 419652.294322
Z3, 13, 11, 720, 73648.000000, 0.051235, 1437454.864838, 1444072.000000, 1.000000, 2, 28.208706, 572624.447032, 572624.447032
Z3, 14, 11, 720, 59920.000000, 0.051338, 1167166.621216, 1174896.000000, 1.000000, 2, 28.208706, 518566.798307, 518566.798307
Z3, 15, 11, 720, 40664.000000, 0.051126, 795368.305754, 797328.000000, 1.000000, 2, 28.208706, 444207.135215, 444207.135215
Z3, 16, 11, 720, 56880.000000, 0.051189, 1111176.229268, 1115288.000000, 1.000000, 2, 28.208706, 507368.719917, 507368.719917
Z3, 17, 11, 720, 57216.000000, 0.051124, 1119161.254988, 1121880.000000, 1.000000, 2, 28.208706, 508965.725061, 508965.725061
Z3, 18, 11, 720, 28160.000000, 0.051067, 551432.431903, 552152.000000, 1.000000, 2, 28.208706, 395419.960444, 395419.960444
Z3, 19, 11, 720, 76696.000000, 0.051320, 1494466.095090, 1503840.000000, 1.000000, 2, 28.208706, 584026.693082, 584026.693082
Z3, 20, 11, 720, 80520.000000, 0.051449, 1565044.996015, 1578816.000000, 1.000000, 2, 28.208706, 598142.473267, 598142.473267
Z3, 21, 11, 720, 66560.000000, 0.051351, 1296177.289634, 1305096.000000, 1.000000, 2, 28.208706, 544368.931991, 544368.931991
Z3, 22, 11, 720, 77808.000000, 0.051515, 1510395.030574, 1525640.000000, 1.000000, 2, 28.208706, 587212.480179, 587212.480179
Z3, 23, 11, 720, 55056.000000, 0.051168, 1075984.990619, 1079528.000000, 1.000000, 2, 28.208706, 500330.472188, 500330.472188
Z3, 24, 11, 720, 36552.000000, 0.051091, 715429.331976, 716704.000000, 1.000000, 2, 28.208706, 428219.340459, 428219.340459
Z3, 25, 11, 720, 100304.000000, 0.051536, 1946289.972058, 1966744.000000, 1.000000, 2, 28.208706, 674391.468475, 674391.468475
Z3, 26, 11, 720, 133264.000000, 0.051720, 2576643.464811, 2613016.000000, 1.000000, 2, 28.208706, 800462.167026, 800462.167026
Z3, 27, 11, 720, 50760.000000, 0.051124, 992880.056334, 995288.000000, 1.000000, 2, 28.208706, 483709.485331, 483709.485331
Z3, 28, 11, 720, 14528.000000, 0.051022, 284739.916115, 284856.000000, 1.000000, 2, 28.208706, 342081.457287, 342081.457287
Z3, 29, 11, 720, 24392.000000, 0.051008, 478199.498118, 478272.000000, 1.000000, 2, 28.208706, 380773.373687, 380773.373687
Z3, 30, 11, 720, 22216.000000, 0.051158, 434262.480941, 435600.000000, 1.000000, 2, 28.208706, 371985.970252, 371985.970252
Z3, 31, 11, 720, 14368.000000, 0.050946, 282024.103953, 287360.000000, 1.000000, 2, 28.208706, 341538.294854, 341538.294854
Z3, 32, 11, 720, 21288.000000, 0.051096, 416627.524659, 417408.000000, 1.000000, 2, 28.208706, 368458.978996, 368458.978996
Z3, 33, 11, 720, 18544.000000, 0.051018, 363479.556235, 363600.000000, 1.000000, 2, 28.208706, 357829.385311, 357829.385311
Z3, 34, 11, 720, 12272.000000, 0.051041, 240434.160773, 240624.000000, 1.000000, 2, 28.208706, 333220.306218, 333220.306218
Z3, 35, 11, 720, 21736.000000, 0.051160, 424863.174355, 426192.000000, 1.000000, 2, 28.208706, 370106.108935, 370106.108935
Z3, 36, 11, 720, 22688.000000, 0.051105, 443948.733001, 444856.000000, 1.000000, 2, 28.208706, 373923.220664, 373923.220664
Z3, 37, 11, 720, 17768.000000, 0.051013, 348303.373650, 348392.000000, 1.000000, 2, 28.208706, 354794.148794, 354794.148794
Z3, 38, 11, 720, 33352.000000, 0.051237, 650935.847142, 653960.000000, 1.000000, 2, 28.208706, 415320.643492, 415320.643492
Z1, 0, 12, 4K, 11144.000000, 0.171906, 64826.125906, 65168.000000, 1.000000, 2, 31.033668, 394376.255062, 394376.255062
Z2, 0, 12, 1080, 6624.000000, 0.173302, 38222.294030, 38288.000000, 1.000000, 2, 31.033668, 389055.488687, 389055.488687
Z2, 1, 12, 1080, 8352.000000, 0.050994, 163783.974585, 167040.000000, 1.000000, 2, 31.033668, 414167.824798, 414167.824798
Z2, 2, 12, 1080, 8680.000000, 0.051009, 170166.049129, 170192.000000, 1.000000, 2, 31.033668, 415444.239707, 415444.239707
Z2, 3, 12, 1080, 33456.000000, 0.051140, 654204.145483, 656000.000000, 1.000000, 2, 31.033668, 512251.858978, 512251.858978
Z2, 4, 12, 1080, 13120.000000, 0.051076, 256872.112147, 257248.000000, 1.000000, 2, 31.033668, 432785.452311, 432785.452311
Z2, 5, 12, 1080, 110384.000000, 0.102024, 1081941.503960, 1082192.000000, 1.000000, 2, 31.033668, 597799.330673, 597799.330673
Z2, 6, 12, 1080, 52208.000000, 0.051198, 1019727.333099, 1023680.000000, 1.000000, 2, 31.033668, 585356.496501, 585356.496501
Z2, 7, 12, 1080, 36216.000000, 0.051152, 708007.507038, 710112.000000, 1.000000, 2, 31.033668, 523012.531289, 523012.531289
Z3, 0, 12, 720, 7896.000000, 0.172467, 45782.671468, 45904.000000, 1.000000, 2, 31.033668, 390567.564175, 390567.564175
Z3, 1, 12, 720, 10520.000000, 0.051036, 206129.006975, 206272.000000, 1.000000, 2, 31.033668, 422636.831276, 422636.831276
Z3, 2, 12, 720, 20088.000000, 0.051099, 393119.239124, 393880.000000, 1.000000, 2, 31.033668, 460034.877706, 460034.877706
Z3, 3, 12, 720, 10320.000000, 0.051003, 202341.038762, 202352.000000, 1.000000, 2, 31.033668, 421879.237634, 421879.237634
Z3, 4, 12, 720, 12664.000000, 0.050940, 248606.203377, 253280.000000, 1.000000, 2, 31.033668, 431132.270557, 431132.270557
Z3, 5, 12, 720, 15440.000000, 0.051053, 302430.807200, 302744.000000, 1.000000, 2, 31.033668, 441897.191321, 441897.191321
Z3, 6, 12, 720, 7712.000000, 0.050958, 151340.319479, 154240.000000, 1.000000, 2, 31.033668, 411679.093777, 411679.093777
Z3, 7, 12, 720, 10120.000000, 0.051025, 198334.149927, 198424.000000, 1.000000, 2, 31.033668, 421077.859867, 421077.859867
Z3, 8, 12, 720, 7576.000000, 0.050840, 149016.522423, 151520.000000, 1.000000, 2, 31.033668, 411214.334366, 411214.334366
Z3, 9, 12, 720, 24720.000000, 0.051043, 484297.553044, 484704.000000, 1.000000, 2, 31.033668, 478270.540490, 478270.540490
Z3, 10, 12, 720, 60536.000000, 0.051213, 1182043.621737, 1186976.000000, 1.000000, 2, 31.033668, 617819.754229, 617819.754229
Z3, 11, 12, 720, 65616.000000, 0.051308, 1278864.894363, 1286584.000000, 1.000000, 2, 31.033668, 637184.008754, 637184.008754
Z3, 12, 12, 720, 38936.000000, 0.051117, 761703.542853, 763448.000000, 1.000000, 2, 31.033668, 533751.738452, 533751.738452
Z3, 13, 12, 720, 87896.000000, 0.051201, 1716685.220992, 1723448.000000, 1.000000, 2, 31.033668, 724748.074080, 724748.074080
Z3, 14, 12, 720, 78296.000000, 0.051298, 1526297.321533, 1535208.000000, 1.000000, 2, 31.033668, 686670.494188, 686670.494188
Z3, 15, 12, 720, 45720.000000, 0.051149, 893859.117480, 896464.000000, 1.000000, 2, 31.033668, 560182.853377, 560182.853377
Z3, 16, 12, 720, 82616.000000, 0.051306, 1610260.008576, 1619920.000000, 1.000000, 2, 31.033668, 703463.031596, 703463.031596
Z3, 17, 12, 720, 109704.000000, 0.051624, 2125058.112506, 2151056.000000, 1.000000, 2, 31.033668, 806422.652382, 806422.652382
Z3, 18, 12, 720, 36544.000000, 0.051368, 711415.667342, 716544.000000, 1.000000, 2, 31.033668, 523694.163350, 523694.163350
Z3, 19, 12, 720, 28840.000000, 0.051039, 565058.092831, 565488.000000, 1.000000, 2, 31.033668, 494422.648447, 494422.648447
Z3, 20, 12, 720, 75104.000000, 0.051306, 1463844.384672, 1472624.000000, 1.000000, 2, 31.033668, 674179.906816, 674179.906816
Z3, 21, 12, 720, 96504.000000, 0.051467, 1875065.576000, 1892232.000000, 1.000000, 2, 31.033668, 756424.145081, 756424.145081
Z3, 22, 12, 720, 42960.000000, 0.051140, 840046.929996, 842352.000000, 1.000000, 2, 31.033668, 549420.415880, 549420.415880
Z3, 23, 12, 720, 68064.000000, 0.051206, 1329219.232121, 1334584.000000, 1.000000, 2, 31.033668, 647254.876305, 647254.876305
Z3, 24, 12, 720, 50352.000000, 0.051159, 984225.649446, 987288.000000, 1.000000, 2, 31.033668, 578256.159770, 578256.159770
Z3, 25, 12, 720, 31856.000000, 0.051069, 623783.508586, 624624.000000, 1.000000, 2, 31.033668, 506167.731598, 506167.731598
Z3, 26, 12, 720, 130312.000000, 0.051791, 2516112.838138, 2555136.000000, 1.000000, 2, 31.033668, 884633.597509, 884633.597509
Z3, 27, 12, 720, 138080.000000, 0.051380, 2687427.014402, 2707448.000000, 1.000000, 2, 31.033668, 918896.432762, 918896.432762
Z3, 28, 12, 720, 62000.000000, 0.051188, 1211221.380011, 1215680.000000, 1.000000, 2, 31.033668, 623655.305883, 623655.305883
Z3, 29, 12, 720, 77544.000000, 0.051288, 1511932.615817, 1520464.000000, 1.000000, 2, 31.033668, 683797.553045, 683797.553045
Z3, 30, 12, 720, 14080.000000, 0.051077, 275662.235448, 276072.000000, 1.000000, 2, 31.033668, 436543.476971, 436543.476971
Z3, 31, 12, 720, 21056.000000, 0.050989, 412951.813136, 421120.000000, 1.000000, 2, 31.033668, 464001.392508, 464001.392508
Z3, 32, 12, 720, 21064.000000, 0.051043, 412671.668985, 413016.000000, 1.000000, 2, 31.033668, 463945.363678, 463945.363678
Z3, 33, 12, 720, 16432.000000, 0.050992, 322246.626922, 328640.000000, 1.000000, 2, 31.033668, 445860.355266, 445860.355266
Z3, 34, 12, 720, 26024.000000, 0.050966, 510614.919750, 520480.000000, 1.000000, 2, 31.033668, 483534.013831, 483534.013831
Z3, 35, 12, 720, 25696.000000, 0.051031, 503537.065705, 503840.000000, 1.000000, 2, 31.033668, 482118.443022, 482118.443022
Z3, 36, 12, 720, 13400.000000, 0.051028, 262600.924982, 262744.000000, 1.000000, 2, 31.033668, 433931.214878, 433931.214878
Z3, 37, 12, 720, 31112.000000, 0.051052, 609417.848468, 610032.000000, 1.000000, 2, 31.033668, 503294.599575, 503294.599575
Z3, 38, 12, 720, 34872.000000, 0.051114, 682239.699495, 683760.000000, 1.000000, 2, 31.033668, 517858.969780, 517858.969780
