Zone, Tile_no, Seg_no, Reso, Seg_d_size, Seg_d_time, Bitrate, Bitrate1, Buf_lev, Buf_limit, Elapsed, Ref_vp, Local_avg,QoE,QoE1,Z1,Z2,Z3,delay,jitter,loss
Z1,0,1, 720,9960.0,0.018728,531824.006835,553328.0,1.0,2,6.1e-05,531824.006835,531824.006835,1464942918.8498642,3607259503.2697973,70404494.7092173,4718865908.511374,26142031752.7107,0,0,3
Z2,0,1, 720,8952.0,0.023498,380968.593072,389216.0,1.0,2,6.1e-05,190484.296536,190484.296536,1464942918.8498642,3607259503.2697973,70404494.7092173,4718865908.511374,26142031752.7107,0,0,3
Z2,1,1, 720,5424.0,0.000886,6121896.162528,5424000.0,1.0,2,6.1e-05,2040632.054176,2040632.054176,1464942918.8498642,3607259503.2697973,70404494.7092173,4718865908.511374,26142031752.7107,0,0,3
Z2,2,1, 720,7080.0,0.000843,8398576.512456,7080000.0,1.0,2,6.1e-05,2099644.128114,2099644.128114,1464942918.8498642,3607259503.2697973,70404494.7092173,4718865908.511374,26142031752.7107,0,0,3
Z2,3,1, 720,18976.0,0.000917,20693565.976009,18976000.0,1.0,2,6.1e-05,4138713.195202,4138713.195202,1464942918.8498642,3607259503.2697973,70404494.7092173,4718865908.511374,26142031752.7107,0,0,3
Z2,4,1, 720,8720.0,0.000908,9603524.229075,8720000.0,1.0,2,6.1e-05,1920704.845815,1920704.845815,1464942918.8498642,3607259503.2697973,70404494.7092173,4718865908.511374,26142031752.7107,0,0,3
Z2,5,1, 720,8336.0,0.000858,9715617.715618,8336000.0,1.0,2,6.1e-05,1943123.543124,1943123.543124,1464942918.8498642,3607259503.2697973,70404494.7092173,4718865908.511374,26142031752.7107,0,0,3
Z2,6,1, 720,6376.0,0.000833,7654261.704682,6376000.0,1.0,2,6.1e-05,1530852.340936,1530852.340936,1464942918.8498642,3607259503.2697973,70404494.7092173,4718865908.511374,26142031752.7107,0,0,3
Z2,7,1, 720,6872.0,0.000814,8442260.44226,6872000.0,1.0,2,6.1e-05,1688452.088452,1688452.088452,1464942918.8498642,3607259503.2697973,70404494.7092173,4718865908.511374,26142031752.7107,0,0,3
Z3,0,1, 720,7080.0,0.023194,305251.35811,307824.0,1.0,2,6.1e-05,61050.271622,61050.271622,1464942918.8498642,3607259503.2697973,70404494.7092173,4718865908.511374,26142031752.7107,0,0,3
Z3,1,1, 720,7080.0,0.00088,8045454.545455,7080000.0,1.0,2,6.1e-05,1609090.909091,1609090.909091,1464942918.8498642,3607259503.2697973,70404494.7092173,4718865908.511374,26142031752.7107,0,0,3
Z3,2,1, 720,5664.0,0.000888,6378378.378378,5664000.0,1.0,2,6.1e-05,1275675.675676,1275675.675676,1464942918.8498642,3607259503.2697973,70404494.7092173,4718865908.511374,26142031752.7107,0,0,3
Z3,3,1, 720,7080.0,0.000922,7678958.785249,7080000.0,1.0,2,6.1e-05,1535791.75705,1535791.75705,1464942918.8498642,3607259503.2697973,70404494.7092173,4718865908.511374,26142031752.7107,0,0,3
Z3,4,1, 720,7080.0,0.000875,8091428.571429,7080000.0,1.0,2,6.1e-05,1618285.714286,1618285.714286,1464942918.8498642,3607259503.2697973,70404494.7092173,4718865908.511374,26142031752.7107,0,0,3
Z3,5,1, 720,5664.0,0.000871,6502870.264064,5664000.0,1.0,2,6.1e-05,1300574.052813,1300574.052813,1464942918.8498642,3607259503.2697973,70404494.7092173,4718865908.511374,26142031752.7107,0,0,3
Z3,6,1, 720,7080.0,0.000874,8100686.498856,7080000.0,1.0,2,6.1e-05,1620137.299771,1620137.299771,1464942918.8498642,3607259503.2697973,70404494.7092173,4718865908.511374,26142031752.7107,0,0,3
Z3,7,1, 720,7080.0,0.000952,7436974.789916,7080000.0,1.0,2,6.1e-05,1487394.957983,1487394.957983,1464942918.8498642,3607259503.2697973,70404494.7092173,4718865908.511374,26142031752.7107,0,0,3
Z3,8,1, 720,5664.0,0.000888,6378378.378378,5664000.0,1.0,2,6.1e-05,1275675.675676,1275675.675676,1464942918.8498642,3607259503.2697973,70404494.7092173,4718865908.511374,26142031752.7107,0,0,3
Z3,9,1, 720,7080.0,0.000915,7737704.918033,7080000.0,1.0,2,6.1e-05,1547540.983607,1547540.983607,1464942918.8498642,3607259503.2697973,70404494.7092173,4718865908.511374,26142031752.7107,0,0,3
Z3,10,1, 720,12904.0,0.000868,14866359.447005,12904000.0,1.0,2,6.1e-05,2973271.889401,2973271.889401,1464942918.8498642,3607259503.2697973,70404494.7092173,4718865908.511374,26142031752.7107,0,0,3
Z3,11,1, 720,17344.0,0.00095,18256842.105263,17344000.0,1.0,2,6.1e-05,3651368.421053,3651368.421053,1464942918.8498642,3607259503.2697973,70404494.7092173,4718865908.511374,26142031752.7107,0,0,3
Z3,12,1, 720,16912.0,0.000923,18322860.238353,16912000.0,1.0,2,6.1e-05,3664572.047671,3664572.047671,1464942918.8498642,3607259503.2697973,70404494.7092173,4718865908.511374,26142031752.7107,0,0,3
Z3,13,1, 720,13240.0,0.000853,15521688.159437,13240000.0,1.0,2,6.1e-05,3104337.631887,3104337.631887,1464942918.8498642,3607259503.2697973,70404494.7092173,4718865908.511374,26142031752.7107,0,0,3
Z3,14,1, 720,28328.0,0.000952,29756302.521008,28328000.0,1.0,2,6.1e-05,5951260.504202,5951260.504202,1464942918.8498642,3607259503.2697973,70404494.7092173,4718865908.511374,26142031752.7107,0,0,3
Z3,15,1, 720,30528.0,0.001016,30047244.094488,30528000.0,1.0,2,6.1e-05,6009448.818898,6009448.818898,1464942918.8498642,3607259503.2697973,70404494.7092173,4718865908.511374,26142031752.7107,0,0,3
Z3,16,1, 720,16360.0,0.000937,17459978.655283,16360000.0,1.0,2,6.1e-05,3491995.731057,3491995.731057,1464942918.8498642,3607259503.2697973,70404494.7092173,4718865908.511374,26142031752.7107,0,0,3
Z3,17,1, 720,33216.0,0.000954,34817610.062893,33216000.0,1.0,2,6.1e-05,6963522.012579,6963522.012579,1464942918.8498642,3607259503.2697973,70404494.7092173,4718865908.511374,26142031752.7107,0,0,3
Z3,18,1, 720,28000.0,0.000966,28985507.246377,28000000.0,1.0,2,6.1e-05,5797101.449275,5797101.449275,1464942918.8498642,3607259503.2697973,70404494.7092173,4718865908.511374,26142031752.7107,0,0,3
Z3,19,1, 720,15744.0,0.000914,17225382.932166,15744000.0,1.0,2,6.1e-05,3445076.586433,3445076.586433,1464942918.8498642,3607259503.2697973,70404494.7092173,4718865908.511374,26142031752.7107,0,0,3
Z3,20,1, 720,16024.0,0.000897,17863991.081382,16024000.0,1.0,2,6.1e-05,3572798.216276,3572798.216276,1464942918.8498642,3607259503.2697973,70404494.7092173,4718865908.511374,26142031752.7107,0,0,3
Z3,21,1, 720,11576.0,0.000921,12568946.79696,11576000.0,1.0,2,6.1e-05,2513789.359392,2513789.359392,1464942918.8498642,3607259503.2697973,70404494.7092173,4718865908.511374,26142031752.7107,0,0,3
Z3,22,1, 720,10816.0,0.000816,13254901.960784,10816000.0,1.0,2,6.1e-05,2650980.392157,2650980.392157,1464942918.8498642,3607259503.2697973,70404494.7092173,4718865908.511374,26142031752.7107,0,0,3
Z3,23,1, 720,13224.0,0.000925,14296216.216216,13224000.0,1.0,2,6.1e-05,2859243.243243,2859243.243243,1464942918.8498642,3607259503.2697973,70404494.7092173,4718865908.511374,26142031752.7107,0,0,3
Z3,24,1, 720,17528.0,0.000993,17651560.926485,17528000.0,1.0,2,6.1e-05,3530312.185297,3530312.185297,1464942918.8498642,3607259503.2697973,70404494.7092173,4718865908.511374,26142031752.7107,0,0,3
Z3,25,1, 720,23824.0,0.000958,24868475.991649,23824000.0,1.0,2,6.1e-05,4973695.19833,4973695.19833,1464942918.8498642,3607259503.2697973,70404494.7092173,4718865908.511374,26142031752.7107,0,0,3
Z3,26,1, 720,11024.0,0.000839,13139451.728248,11024000.0,1.0,2,6.1e-05,2627890.34565,2627890.34565,1464942918.8498642,3607259503.2697973,70404494.7092173,4718865908.511374,26142031752.7107,0,0,3
Z3,27,1, 720,15112.0,0.000914,16533916.849015,15112000.0,1.0,2,6.1e-05,3306783.369803,3306783.369803,1464942918.8498642,3607259503.2697973,70404494.7092173,4718865908.511374,26142031752.7107,0,0,3
Z3,28,1, 720,24552.0,0.0009,27280000.0,24552000.0,1.0,2,6.1e-05,5456000.0,5456000.0,1464942918.8498642,3607259503.2697973,70404494.7092173,4718865908.511374,26142031752.7107,0,0,3
Z3,29,1, 720,10824.0,0.000908,11920704.845815,10824000.0,1.0,2,6.1e-05,2384140.969163,2384140.969163,1464942918.8498642,3607259503.2697973,70404494.7092173,4718865908.511374,26142031752.7107,0,0,3
Z3,30,1, 720,6872.0,0.000837,8210274.79092,6872000.0,1.0,2,6.1e-05,1642054.958184,1642054.958184,1464942918.8498642,3607259503.2697973,70404494.7092173,4718865908.511374,26142031752.7107,0,0,3
Z3,31,1, 720,6872.0,0.20595,33367.322166,33520.0,1.0,2,6.1e-05,6673.464433,6673.464433,1464942918.8498642,3607259503.2697973,70404494.7092173,4718865908.511374,26142031752.7107,0,0,3
Z3,32,1, 720,6376.0,0.003944,1616632.860041,2125328.0,1.0,2,6.1e-05,323326.572008,323326.572008,1464942918.8498642,3607259503.2697973,70404494.7092173,4718865908.511374,26142031752.7107,0,0,3
Z3,33,1, 720,6872.0,0.00089,7721348.314607,6872000.0,1.0,2,6.1e-05,1544269.662921,1544269.662921,1464942918.8498642,3607259503.2697973,70404494.7092173,4718865908.511374,26142031752.7107,0,0,3
Z3,34,1, 720,6872.0,0.000923,7445287.107259,6872000.0,1.0,2,6.1e-05,1489057.421452,1489057.421452,1464942918.8498642,3607259503.2697973,70404494.7092173,4718865908.511374,26142031752.7107,0,0,3
Z3,35,1, 720,6376.0,0.000774,8237726.098191,6376000.0,1.0,2,6.1e-05,1647545.219638,1647545.219638,1464942918.8498642,3607259503.2697973,70404494.7092173,4718865908.511374,26142031752.7107,0,0,3
Z3,36,1, 720,6872.0,0.000808,8504950.49505,6872000.0,1.0,2,6.1e-05,1700990.09901,1700990.09901,1464942918.8498642,3607259503.2697973,70404494.7092173,4718865908.511374,26142031752.7107,0,0,3
Z3,37,1, 720,6872.0,0.000898,7652561.247216,6872000.0,1.0,2,6.1e-05,1530512.249443,1530512.249443,1464942918.8498642,3607259503.2697973,70404494.7092173,4718865908.511374,26142031752.7107,0,0,3
Z3,38,1, 720,6376.0,0.207678,30701.374243,30800.0,1.0,2,6.1e-05,6140.274849,6140.274849,1464942918.8498642,3607259503.2697973,70404494.7092173,4718865908.511374,26142031752.7107,0,0,3
Z1,0,2, 4K,33112.0,0.024878,1330975.158775,1379664.0,1.473609,2,0.526452,272335.306604,272335.306604,1464942918.8498642,3607259503.2697973,70404494.7092173,4718865908.511374,26142031752.7107,0,0,3
Z2,0,2, 4K,6624.0,0.021798,303881.090008,315424.0,1.473609,2,0.526452,66916.49285,66916.49285,1464942918.8498642,3607259503.2697973,70404494.7092173,4718865908.511374,26142031752.7107,0,0,3
Z2,1,2, 4K,9736.0,0.000741,13139001.349528,9736000.0,1.473609,2,0.526452,2633940.544754,2633940.544754,1464942918.8498642,3607259503.2697973,70404494.7092173,4718865908.511374,26142031752.7107,0,0,3
Z2,2,2, 4K,9976.0,0.01657,602051.901026,623496.0,1.473609,2,0.526452,126550.655054,126550.655054,1464942918.8498642,3607259503.2697973,70404494.7092173,4718865908.511374,26142031752.7107,0,0,3
Z2,3,2, 4K,38152.0,0.000991,38498486.377397,38152000.0,1.473609,2,0.526452,7705837.550328,7705837.550328,1464942918.8498642,3607259503.2697973,70404494.7092173,4718865908.511374,26142031752.7107,0,0,3
Z2,4,2, 4K,53912.0,0.001047,51491881.56638,53912000.0,1.473609,2,0.526452,10304516.588125,10304516.588125,1464942918.8498642,3607259503.2697973,70404494.7092173,4718865908.511374,26142031752.7107,0,0,3
Z2,5,2, 4K,24608.0,0.000888,27711711.711712,24608000.0,1.473609,2,0.526452,5548482.617191,5548482.617191,1464942918.8498642,3607259503.2697973,70404494.7092173,4718865908.511374,26142031752.7107,0,0,3
Z2,6,2, 4K,10280.0,0.000915,11234972.677596,10280000.0,1.473609,2,0.526452,2253134.810368,2253134.810368,1464942918.8498642,3607259503.2697973,70404494.7092173,4718865908.511374,26142031752.7107,0,0,3
Z2,7,2, 4K,10280.0,0.000726,14159779.614325,10280000.0,1.473609,2,0.526452,2838096.197714,2838096.197714,1464942918.8498642,3607259503.2697973,70404494.7092173,4718865908.511374,26142031752.7107,0,0,3
Z3,0,2, 4K,9976.0,0.023605,422622.325778,433736.0,1.473609,2,0.526452,90664.740004,90664.740004,1464942918.8498642,3607259503.2697973,70404494.7092173,4718865908.511374,26142031752.7107,0,0,3
Z3,1,2, 4K,9976.0,0.000877,11375142.531357,9976000.0,1.473609,2,0.526452,2281168.78112,2281168.78112,1464942918.8498642,3607259503.2697973,70404494.7092173,4718865908.511374,26142031752.7107,0,0,3
Z3,2,2, 4K,9976.0,0.000853,11695193.434936,9976000.0,1.473609,2,0.526452,2345178.961836,2345178.961836,1464942918.8498642,3607259503.2697973,70404494.7092173,4718865908.511374,26142031752.7107,0,0,3
Z3,3,2, 4K,9976.0,0.000832,11990384.615385,9976000.0,1.473609,2,0.526452,2404217.197925,2404217.197925,1464942918.8498642,3607259503.2697973,70404494.7092173,4718865908.511374,26142031752.7107,0,0,3
Z3,4,2, 4K,9976.0,0.000809,12331273.176761,9976000.0,1.473609,2,0.526452,2472394.910201,2472394.910201,1464942918.8498642,3607259503.2697973,70404494.7092173,4718865908.511374,26142031752.7107,0,0,3
Z3,5,2, 4K,9976.0,0.000818,12195599.022005,9976000.0,1.473609,2,0.526452,2445260.07925,2445260.07925,1464942918.8498642,3607259503.2697973,70404494.7092173,4718865908.511374,26142031752.7107,0,0,3
Z3,6,2, 4K,9976.0,0.000939,10624068.157614,9976000.0,1.473609,2,0.526452,2130953.906371,2130953.906371,1464942918.8498642,3607259503.2697973,70404494.7092173,4718865908.511374,26142031752.7107,0,0,3
Z3,7,2, 4K,9976.0,0.000929,10738428.417653,9976000.0,1.473609,2,0.526452,2153825.958379,2153825.958379,1464942918.8498642,3607259503.2697973,70404494.7092173,4718865908.511374,26142031752.7107,0,0,3
Z3,8,2, 4K,9976.0,0.000833,11975990.396158,9976000.0,1.473609,2,0.526452,2401338.35408,2401338.35408,1464942918.8498642,3607259503.2697973,70404494.7092173,4718865908.511374,26142031752.7107,0,0,3
Z3,9,2, 4K,9976.0,0.001118,8923076.923077,9976000.0,1.473609,2,0.526452,1790755.659464,1790755.659464,1464942918.8498642,3607259503.2697973,70404494.7092173,4718865908.511374,26142031752.7107,0,0,3
Z3,10,2, 4K,40320.0,0.001026,39298245.614035,40320000.0,1.473609,2,0.526452,7865789.397656,7865789.397656,1464942918.8498642,3607259503.2697973,70404494.7092173,4718865908.511374,26142031752.7107,0,0,3
Z3,11,2, 4K,25056.0,0.000865,28966473.988439,25056000.0,1.473609,2,0.526452,5799435.072536,5799435.072536,1464942918.8498642,3607259503.2697973,70404494.7092173,4718865908.511374,26142031752.7107,0,0,3
Z3,12,2, 4K,28696.0,0.001083,26496768.23638,28696000.0,1.473609,2,0.526452,5305493.922125,5305493.922125,1464942918.8498642,3607259503.2697973,70404494.7092173,4718865908.511374,26142031752.7107,0,0,3
Z3,13,2, 4K,25792.0,0.000883,29209513.023783,25792000.0,1.473609,2,0.526452,5848042.879605,5848042.879605,1464942918.8498642,3607259503.2697973,70404494.7092173,4718865908.511374,26142031752.7107,0,0,3
Z3,14,2, 4K,40168.0,0.00101,39770297.029703,40168000.0,1.473609,2,0.526452,7960199.680789,7960199.680789,1464942918.8498642,3607259503.2697973,70404494.7092173,4718865908.511374,26142031752.7107,0,0,3
Z3,15,2, 4K,41448.0,0.001133,36582524.271845,41448000.0,1.473609,2,0.526452,7322645.129217,7322645.129217,1464942918.8498642,3607259503.2697973,70404494.7092173,4718865908.511374,26142031752.7107,0,0,3
Z3,16,2, 4K,44560.0,0.001152,38680555.555556,44560000.0,1.473609,2,0.526452,7742251.38596,7742251.38596,1464942918.8498642,3607259503.2697973,70404494.7092173,4718865908.511374,26142031752.7107,0,0,3
Z3,17,2, 4K,39312.0,0.000956,41121338.912134,39312000.0,1.473609,2,0.526452,8230408.057275,8230408.057275,1464942918.8498642,3607259503.2697973,70404494.7092173,4718865908.511374,26142031752.7107,0,0,3
Z3,18,2, 4K,31560.0,0.000934,33790149.892934,31560000.0,1.473609,2,0.526452,6764170.253435,6764170.253435,1464942918.8498642,3607259503.2697973,70404494.7092173,4718865908.511374,26142031752.7107,0,0,3
Z3,19,2, 4K,29312.0,0.00087,33691954.022989,29312000.0,1.473609,2,0.526452,6744531.079446,6744531.079446,1464942918.8498642,3607259503.2697973,70404494.7092173,4718865908.511374,26142031752.7107,0,0,3
Z3,20,2, 4K,35968.0,0.000958,37544885.177453,35968000.0,1.473609,2,0.526452,7515117.310339,7515117.310339,1464942918.8498642,3607259503.2697973,70404494.7092173,4718865908.511374,26142031752.7107,0,0,3
Z3,21,2, 4K,35592.0,0.00093,38270967.741935,35592000.0,1.473609,2,0.526452,7660333.823236,7660333.823236,1464942918.8498642,3607259503.2697973,70404494.7092173,4718865908.511374,26142031752.7107,0,0,3
Z3,22,2, 4K,42440.0,0.000944,44957627.118644,42440000.0,1.473609,2,0.526452,8997665.698577,8997665.698577,1464942918.8498642,3607259503.2697973,70404494.7092173,4718865908.511374,26142031752.7107,0,0,3
Z3,23,2, 4K,61624.0,0.001064,57917293.233083,61624000.0,1.473609,2,0.526452,11589598.921465,11589598.921465,1464942918.8498642,3607259503.2697973,70404494.7092173,4718865908.511374,26142031752.7107,0,0,3
Z3,24,2, 4K,64952.0,0.001073,60533084.808947,64952000.0,1.473609,2,0.526452,12112757.236638,12112757.236638,1464942918.8498642,3607259503.2697973,70404494.7092173,4718865908.511374,26142031752.7107,0,0,3
Z3,25,2, 4K,73400.0,0.001048,70038167.938931,73400000.0,1.473609,2,0.526452,14013773.862635,14013773.862635,1464942918.8498642,3607259503.2697973,70404494.7092173,4718865908.511374,26142031752.7107,0,0,3
Z3,26,2, 4K,52792.0,0.000981,53814475.025484,52792000.0,1.473609,2,0.526452,10769035.279945,10769035.279945,1464942918.8498642,3607259503.2697973,70404494.7092173,4718865908.511374,26142031752.7107,0,0,3
Z3,27,2, 4K,67272.0,0.001104,60934782.608696,67272000.0,1.473609,2,0.526452,12193096.796588,12193096.796588,1464942918.8498642,3607259503.2697973,70404494.7092173,4718865908.511374,26142031752.7107,0,0,3
Z3,28,2, 4K,64968.0,0.001004,64709163.346614,64968000.0,1.473609,2,0.526452,12947972.944171,12947972.944171,1464942918.8498642,3607259503.2697973,70404494.7092173,4718865908.511374,26142031752.7107,0,0,3
Z3,29,2, 4K,52408.0,0.000985,53206091.370558,52408000.0,1.473609,2,0.526452,10647358.54896,10647358.54896,1464942918.8498642,3607259503.2697973,70404494.7092173,4718865908.511374,26142031752.7107,0,0,3
Z3,30,2, 4K,10280.0,0.000937,10971184.631804,10280000.0,1.473609,2,0.526452,2200377.201209,2200377.201209,1464942918.8498642,3607259503.2697973,70404494.7092173,4718865908.511374,26142031752.7107,0,0,3
Z3,31,2, 4K,10280.0,0.001038,9903660.88632,10280000.0,1.473609,2,0.526452,1986872.452113,1986872.452113,1464942918.8498642,3607259503.2697973,70404494.7092173,4718865908.511374,26142031752.7107,0,0,3
Z3,32,2, 4K,10280.0,0.000841,12223543.400713,10280000.0,1.473609,2,0.526452,2450848.954991,2450848.954991,1464942918.8498642,3607259503.2697973,70404494.7092173,4718865908.511374,26142031752.7107,0,0,3
Z3,33,2, 4K,10280.0,0.000839,12252681.764005,10280000.0,1.473609,2,0.526452,2456676.62765,2456676.62765,1464942918.8498642,3607259503.2697973,70404494.7092173,4718865908.511374,26142031752.7107,0,0,3
Z3,34,2, 4K,10280.0,0.000907,11334068.357222,10280000.0,1.473609,2,0.526452,2272953.946293,2272953.946293,1464942918.8498642,3607259503.2697973,70404494.7092173,4718865908.511374,26142031752.7107,0,0,3
Z3,35,2, 4K,10280.0,0.000905,11359116.022099,10280000.0,1.473609,2,0.526452,2277963.479268,2277963.479268,1464942918.8498642,3607259503.2697973,70404494.7092173,4718865908.511374,26142031752.7107,0,0,3
Z3,36,2, 4K,10280.0,0.000879,11695108.077361,10280000.0,1.473609,2,0.526452,2345161.890321,2345161.890321,1464942918.8498642,3607259503.2697973,70404494.7092173,4718865908.511374,26142031752.7107,0,0,3
Z3,37,2, 4K,10280.0,0.000777,13230373.230373,10280000.0,1.473609,2,0.526452,2652214.920923,2652214.920923,1464942918.8498642,3607259503.2697973,70404494.7092173,4718865908.511374,26142031752.7107,0,0,3
Z3,38,2, 4K,10280.0,0.000921,11161780.673181,10280000.0,1.473609,2,0.526452,2238496.409485,2238496.409485,1464942918.8498642,3607259503.2697973,70404494.7092173,4718865908.511374,26142031752.7107,0,0,3
Z1,0,3, 4K,37368.0,0.02231,1674943.971313,1698544.0,1.338617,2,0.661444,2573485.203747,2573485.203747,1464942918.8498642,3607259503.2697973,70404494.7092173,4718865908.511374,26142031752.7107,0,0,3
Z2,0,3, 4K,6624.0,0.02197,301502.048248,315424.0,1.338617,2,0.661444,2298796.819134,2298796.819134,1464942918.8498642,3607259503.2697973,70404494.7092173,4718865908.511374,26142031752.7107,0,0,3
Z2,1,3, 4K,9736.0,0.000946,10291754.756871,9736000.0,1.338617,2,0.661444,4296847.360859,4296847.360859,1464942918.8498642,3607259503.2697973,70404494.7092173,4718865908.511374,26142031752.7107,0,0,3
Z2,2,3, 4K,9976.0,0.000891,11196408.529742,9976000.0,1.338617,2,0.661444,4477778.115433,4477778.115433,1464942918.8498642,3607259503.2697973,70404494.7092173,4718865908.511374,26142031752.7107,0,0,3
Z2,3,3, 4K,41472.0,0.001033,40147144.240077,41472000.0,1.338617,2,0.661444,10267925.2575,10267925.2575,1464942918.8498642,3607259503.2697973,70404494.7092173,4718865908.511374,26142031752.7107,0,0,3
Z2,4,3, 4K,64608.0,0.001134,56973544.973545,64608000.0,1.338617,2,0.661444,13633205.404194,13633205.404194,1464942918.8498642,3607259503.2697973,70404494.7092173,4718865908.511374,26142031752.7107,0,0,3
Z2,5,3, 4K,26312.0,0.001158,22721934.369603,26312000.0,1.338617,2,0.661444,6782883.283405,6782883.283405,1464942918.8498642,3607259503.2697973,70404494.7092173,4718865908.511374,26142031752.7107,0,0,3
Z2,6,3, 4K,10280.0,0.000838,12267303.102625,10280000.0,1.338617,2,0.661444,4691957.03001,4691957.03001,1464942918.8498642,3607259503.2697973,70404494.7092173,4718865908.511374,26142031752.7107,0,0,3
Z2,7,3, 4K,10280.0,0.000982,10468431.771894,10280000.0,1.338617,2,0.661444,4332182.763864,4332182.763864,1464942918.8498642,3607259503.2697973,70404494.7092173,4718865908.511374,26142031752.7107,0,0,3
Z3,0,3, 4K,9976.0,0.021339,467500.820095,475040.0,1.338617,2,0.661444,2331996.573504,2331996.573504,1464942918.8498642,3607259503.2697973,70404494.7092173,4718865908.511374,26142031752.7107,0,0,3
Z3,1,3, 4K,9976.0,0.000881,11323496.027242,9976000.0,1.338617,2,0.661444,4503195.614933,4503195.614933,1464942918.8498642,3607259503.2697973,70404494.7092173,4718865908.511374,26142031752.7107,0,0,3
Z3,2,3, 4K,9976.0,0.000874,11414187.643021,9976000.0,1.338617,2,0.661444,4521333.938089,4521333.938089,1464942918.8498642,3607259503.2697973,70404494.7092173,4718865908.511374,26142031752.7107,0,0,3
Z3,3,3, 4K,9976.0,0.000789,12643852.978454,9976000.0,1.338617,2,0.661444,4767267.005176,4767267.005176,1464942918.8498642,3607259503.2697973,70404494.7092173,4718865908.511374,26142031752.7107,0,0,3
Z3,4,3, 4K,9976.0,0.000827,12062877.871826,9976000.0,1.338617,2,0.661444,4651071.98385,4651071.98385,1464942918.8498642,3607259503.2697973,70404494.7092173,4718865908.511374,26142031752.7107,0,0,3
Z3,5,3, 4K,9976.0,0.000813,12270602.706027,9976000.0,1.338617,2,0.661444,4692616.95069,4692616.95069,1464942918.8498642,3607259503.2697973,70404494.7092173,4718865908.511374,26142031752.7107,0,0,3
Z3,6,3, 4K,9976.0,0.000809,12331273.176761,9976000.0,1.338617,2,0.661444,4704751.044837,4704751.044837,1464942918.8498642,3607259503.2697973,70404494.7092173,4718865908.511374,26142031752.7107,0,0,3
Z3,7,3, 4K,9976.0,0.000749,13319092.12283,9976000.0,1.338617,2,0.661444,4902314.834051,4902314.834051,1464942918.8498642,3607259503.2697973,70404494.7092173,4718865908.511374,26142031752.7107,0,0,3
Z3,8,3, 4K,9976.0,0.000765,13040522.875817,9976000.0,1.338617,2,0.661444,4846600.984648,4846600.984648,1464942918.8498642,3607259503.2697973,70404494.7092173,4718865908.511374,26142031752.7107,0,0,3
Z3,9,3, 4K,9976.0,0.000759,13143610.013175,9976000.0,1.338617,2,0.661444,4867218.41212,4867218.41212,1464942918.8498642,3607259503.2697973,70404494.7092173,4718865908.511374,26142031752.7107,0,0,3
Z3,10,3, 4K,46944.0,0.000858,54713286.713287,46944000.0,1.338617,2,0.661444,13181153.752142,13181153.752142,1464942918.8498642,3607259503.2697973,70404494.7092173,4718865908.511374,26142031752.7107,0,0,3
Z3,11,3, 4K,25776.0,0.000807,31940520.446097,25776000.0,1.338617,2,0.661444,8626600.498704,8626600.498704,1464942918.8498642,3607259503.2697973,70404494.7092173,4718865908.511374,26142031752.7107,0,0,3
Z3,12,3, 4K,29160.0,0.000814,35823095.823096,29160000.0,1.338617,2,0.661444,9403115.574104,9403115.574104,1464942918.8498642,3607259503.2697973,70404494.7092173,4718865908.511374,26142031752.7107,0,0,3
Z3,13,3, 4K,27488.0,0.000785,35016560.509554,27488000.0,1.338617,2,0.661444,9241808.511396,9241808.511396,1464942918.8498642,3607259503.2697973,70404494.7092173,4718865908.511374,26142031752.7107,0,0,3
Z3,14,3, 4K,44488.0,0.000923,48199349.945829,44488000.0,1.338617,2,0.661444,11878366.398651,11878366.398651,1464942918.8498642,3607259503.2697973,70404494.7092173,4718865908.511374,26142031752.7107,0,0,3
Z3,15,3, 4K,39320.0,0.000782,50281329.923274,39320000.0,1.338617,2,0.661444,12294762.39414,12294762.39414,1464942918.8498642,3607259503.2697973,70404494.7092173,4718865908.511374,26142031752.7107,0,0,3
Z3,16,3, 4K,43888.0,0.000813,53982779.827798,43888000.0,1.338617,2,0.661444,13035052.375044,13035052.375044,1464942918.8498642,3607259503.2697973,70404494.7092173,4718865908.511374,26142031752.7107,0,0,3
Z3,17,3, 4K,44080.0,0.000948,46497890.295359,44080000.0,1.338617,2,0.661444,11538074.468557,11538074.468557,1464942918.8498642,3607259503.2697973,70404494.7092173,4718865908.511374,26142031752.7107,0,0,3
Z3,18,3, 4K,34432.0,0.000763,45127129.750983,34432000.0,1.338617,2,0.661444,11263922.359681,11263922.359681,1464942918.8498642,3607259503.2697973,70404494.7092173,4718865908.511374,26142031752.7107,0,0,3
Z3,19,3, 4K,31336.0,0.000737,42518317.503392,31336000.0,1.338617,2,0.661444,10742159.910163,10742159.910163,1464942918.8498642,3607259503.2697973,70404494.7092173,4718865908.511374,26142031752.7107,0,0,3
Z3,20,3, 4K,37168.0,0.000698,53249283.667622,37168000.0,1.338617,2,0.661444,12888353.143009,12888353.143009,1464942918.8498642,3607259503.2697973,70404494.7092173,4718865908.511374,26142031752.7107,0,0,3
Z3,21,3, 4K,36888.0,0.000894,41261744.966443,36888000.0,1.338617,2,0.661444,10490845.402773,10490845.402773,1464942918.8498642,3607259503.2697973,70404494.7092173,4718865908.511374,26142031752.7107,0,0,3
Z3,22,3, 4K,45448.0,0.000924,49186147.186147,45448000.0,1.338617,2,0.661444,12075725.846714,12075725.846714,1464942918.8498642,3607259503.2697973,70404494.7092173,4718865908.511374,26142031752.7107,0,0,3
Z3,23,3, 4K,60880.0,0.212192,286909.968331,287168.0,1.338617,2,0.661444,2295878.403151,2295878.403151,1464942918.8498642,3607259503.2697973,70404494.7092173,4718865908.511374,26142031752.7107,0,0,3
Z3,24,3, 4K,64936.0,0.001232,52707792.207792,64936000.0,1.338617,2,0.661444,12780054.851043,12780054.851043,1464942918.8498642,3607259503.2697973,70404494.7092173,4718865908.511374,26142031752.7107,0,0,3
Z3,25,3, 4K,68152.0,0.001132,60204946.996466,68152000.0,1.338617,2,0.661444,14279485.808778,14279485.808778,1464942918.8498642,3607259503.2697973,70404494.7092173,4718865908.511374,26142031752.7107,0,0,3
Z3,26,3, 4K,51256.0,0.001048,48908396.946565,51256000.0,1.338617,2,0.661444,12020175.798798,12020175.798798,1464942918.8498642,3607259503.2697973,70404494.7092173,4718865908.511374,26142031752.7107,0,0,3
Z3,27,3, 4K,77296.0,0.00128,60387500.0,77296000.0,1.338617,2,0.661444,14315996.409485,14315996.409485,1464942918.8498642,3607259503.2697973,70404494.7092173,4718865908.511374,26142031752.7107,0,0,3
Z3,28,3, 4K,69656.0,0.001098,63438979.96357,69656000.0,1.338617,2,0.661444,14926292.402199,14926292.402199,1464942918.8498642,3607259503.2697973,70404494.7092173,4718865908.511374,26142031752.7107,0,0,3
Z3,29,3, 4K,53752.0,0.001052,51095057.034221,53752000.0,1.338617,2,0.661444,12457507.816329,12457507.816329,1464942918.8498642,3607259503.2697973,70404494.7092173,4718865908.511374,26142031752.7107,0,0,3
Z3,30,3, 4K,10280.0,0.000848,12122641.509434,10280000.0,1.338617,2,0.661444,4663024.711372,4663024.711372,1464942918.8498642,3607259503.2697973,70404494.7092173,4718865908.511374,26142031752.7107,0,0,3
Z3,31,3, 4K,10280.0,0.000857,11995332.555426,10280000.0,1.338617,2,0.661444,4637562.92057,4637562.92057,1464942918.8498642,3607259503.2697973,70404494.7092173,4718865908.511374,26142031752.7107,0,0,3
Z3,32,3, 4K,10280.0,0.000753,13652058.432935,10280000.0,1.338617,2,0.661444,4968908.096072,4968908.096072,1464942918.8498642,3607259503.2697973,70404494.7092173,4718865908.511374,26142031752.7107,0,0,3
Z3,33,3, 4K,10280.0,0.000833,12340936.37455,10280000.0,1.338617,2,0.661444,4706683.684395,4706683.684395,1464942918.8498642,3607259503.2697973,70404494.7092173,4718865908.511374,26142031752.7107,0,0,3
Z3,34,3, 4K,10280.0,0.000801,12833957.553059,10280000.0,1.338617,2,0.661444,4805287.920097,4805287.920097,1464942918.8498642,3607259503.2697973,70404494.7092173,4718865908.511374,26142031752.7107,0,0,3
Z3,35,3, 4K,10280.0,0.000811,12675709.001233,10280000.0,1.338617,2,0.661444,4773638.209731,4773638.209731,1464942918.8498642,3607259503.2697973,70404494.7092173,4718865908.511374,26142031752.7107,0,0,3
Z3,36,3, 4K,10288.0,0.000862,11935034.802784,10288000.0,1.338617,2,0.661444,4625503.370042,4625503.370042,1464942918.8498642,3607259503.2697973,70404494.7092173,4718865908.511374,26142031752.7107,0,0,3
Z3,37,3, 4K,10280.0,0.000829,12400482.509047,10280000.0,1.338617,2,0.661444,4718592.911294,4718592.911294,1464942918.8498642,3607259503.2697973,70404494.7092173,4718865908.511374,26142031752.7107,0,0,3
Z3,38,3, 4K,10280.0,0.000801,12833957.553059,10280000.0,1.338617,2,0.661444,4805287.920097,4805287.920097,1464942918.8498642,3607259503.2697973,70404494.7092173,4718865908.511374,26142031752.7107,0,0,3
Z1,0,4, 4K,78920.0,0.019424,4063014.827018,4153680.0,1.014793,2,1.985268,5617890.8855,5617890.8855,1464942918.8498642,3607259503.2697973,70404494.7092173,4718865908.511374,26142031752.7107,0,0,3
Z2,0,4, 4K,6624.0,0.020465,323674.566333,331200.0,1.014793,2,1.985268,4870022.833363,4870022.833363,1464942918.8498642,3607259503.2697973,70404494.7092173,4718865908.511374,26142031752.7107,0,0,3
Z2,1,4, 4K,9856.0,0.000859,11473806.752037,9856000.0,1.014793,2,1.985268,7100049.270504,7100049.270504,1464942918.8498642,3607259503.2697973,70404494.7092173,4718865908.511374,26142031752.7107,0,0,3
Z2,2,4, 4K,10000.0,0.00091,10989010.989011,10000000.0,1.014793,2,1.985268,7003090.117899,7003090.117899,1464942918.8498642,3607259503.2697973,70404494.7092173,4718865908.511374,26142031752.7107,0,0,3
Z2,3,4, 4K,61192.0,0.001081,56606845.513414,61192000.0,1.014793,2,1.985268,16126657.022779,16126657.022779,1464942918.8498642,3607259503.2697973,70404494.7092173,4718865908.511374,26142031752.7107,0,0,3
Z2,4,4, 4K,105968.0,0.001171,90493595.217763,105968000.0,1.014793,2,1.985268,22904006.963649,22904006.963649,1464942918.8498642,3607259503.2697973,70404494.7092173,4718865908.511374,26142031752.7107,0,0,3
Z2,5,4, 4K,53008.0,0.000981,54034658.511723,53008000.0,1.014793,2,1.985268,15612219.622441,15612219.622441,1464942918.8498642,3607259503.2697973,70404494.7092173,4718865908.511374,26142031752.7107,0,0,3
Z2,6,4, 4K,17976.0,0.001082,16613678.373383,17976000.0,1.014793,2,1.985268,8128023.594773,8128023.594773,1464942918.8498642,3607259503.2697973,70404494.7092173,4718865908.511374,26142031752.7107,0,0,3
Z2,7,4, 4K,11688.0,0.001069,10933582.787652,11688000.0,1.014793,2,1.985268,6992004.477627,6992004.477627,1464942918.8498642,3607259503.2697973,70404494.7092173,4718865908.511374,26142031752.7107,0,0,3
Z3,0,4, 4K,10160.0,0.01864,545064.377682,564440.0,1.014793,2,1.985268,4914300.795633,4914300.795633,1464942918.8498642,3607259503.2697973,70404494.7092173,4718865908.511374,26142031752.7107,0,0,3
Z3,1,4, 4K,10112.0,0.000821,12316686.967113,10112000.0,1.014793,2,1.985268,7268625.313519,7268625.313519,1464942918.8498642,3607259503.2697973,70404494.7092173,4718865908.511374,26142031752.7107,0,0,3
Z3,2,4, 4K,10000.0,0.000687,14556040.756914,10000000.0,1.014793,2,1.985268,7716496.071479,7716496.071479,1464942918.8498642,3607259503.2697973,70404494.7092173,4718865908.511374,26142031752.7107,0,0,3
Z3,3,4, 4K,10000.0,0.00087,11494252.873563,10000000.0,1.014793,2,1.985268,7104138.494809,7104138.494809,1464942918.8498642,3607259503.2697973,70404494.7092173,4718865908.511374,26142031752.7107,0,0,3
Z3,4,4, 4K,10000.0,0.000843,11862396.204033,10000000.0,1.014793,2,1.985268,7177767.160903,7177767.160903,1464942918.8498642,3607259503.2697973,70404494.7092173,4718865908.511374,26142031752.7107,0,0,3
Z3,5,4, 4K,10000.0,0.000805,12422360.248447,10000000.0,1.014793,2,1.985268,7289759.969786,7289759.969786,1464942918.8498642,3607259503.2697973,70404494.7092173,4718865908.511374,26142031752.7107,0,0,3
Z3,6,4, 4K,10400.0,0.000827,12575574.365175,10400000.0,1.014793,2,1.985268,7320402.793132,7320402.793132,1464942918.8498642,3607259503.2697973,70404494.7092173,4718865908.511374,26142031752.7107,0,0,3
Z3,7,4, 4K,10000.0,0.000923,10834236.186349,10000000.0,1.014793,2,1.985268,6972135.157366,6972135.157366,1464942918.8498642,3607259503.2697973,70404494.7092173,4718865908.511374,26142031752.7107,0,0,3
Z3,8,4, 4K,10000.0,0.000929,10764262.648009,10000000.0,1.014793,2,1.985268,6958140.449698,6958140.449698,1464942918.8498642,3607259503.2697973,70404494.7092173,4718865908.511374,26142031752.7107,0,0,3
Z3,9,4, 4K,10016.0,0.000808,12396039.60396,10016000.0,1.014793,2,1.985268,7284495.840889,7284495.840889,1464942918.8498642,3607259503.2697973,70404494.7092173,4718865908.511374,26142031752.7107,0,0,3
Z3,10,4, 4K,69528.0,0.001139,61043020.193152,69528000.0,1.014793,2,1.985268,17013891.958727,17013891.958727,1464942918.8498642,3607259503.2697973,70404494.7092173,4718865908.511374,26142031752.7107,0,0,3
Z3,11,4, 4K,50216.0,0.000919,54642002.176279,50216000.0,1.014793,2,1.985268,15733688.355352,15733688.355352,1464942918.8498642,3607259503.2697973,70404494.7092173,4718865908.511374,26142031752.7107,0,0,3
Z3,12,4, 4K,53360.0,0.001081,49361702.12766,53360000.0,1.014793,2,1.985268,14677628.345628,14677628.345628,1464942918.8498642,3607259503.2697973,70404494.7092173,4718865908.511374,26142031752.7107,0,0,3
Z3,13,4, 4K,45608.0,0.001039,43896053.897979,45608000.0,1.014793,2,1.985268,13584498.699692,13584498.699692,1464942918.8498642,3607259503.2697973,70404494.7092173,4718865908.511374,26142031752.7107,0,0,3
Z3,14,4, 4K,88024.0,0.001232,71448051.948052,88024000.0,1.014793,2,1.985268,19094898.309707,19094898.309707,1464942918.8498642,3607259503.2697973,70404494.7092173,4718865908.511374,26142031752.7107,0,0,3
Z3,15,4, 4K,65880.0,0.001256,52452229.299363,65880000.0,1.014793,2,1.985268,15295733.779969,15295733.779969,1464942918.8498642,3607259503.2697973,70404494.7092173,4718865908.511374,26142031752.7107,0,0,3
Z3,16,4, 4K,81544.0,0.001272,64106918.238994,81544000.0,1.014793,2,1.985268,17626671.567895,17626671.567895,1464942918.8498642,3607259503.2697973,70404494.7092173,4718865908.511374,26142031752.7107,0,0,3
Z3,17,4, 4K,79088.0,0.001288,61403726.708075,79088000.0,1.014793,2,1.985268,17086033.261711,17086033.261711,1464942918.8498642,3607259503.2697973,70404494.7092173,4718865908.511374,26142031752.7107,0,0,3
Z3,18,4, 4K,60616.0,0.001003,60434695.912263,60616000.0,1.014793,2,1.985268,16892227.102549,16892227.102549,1464942918.8498642,3607259503.2697973,70404494.7092173,4718865908.511374,26142031752.7107,0,0,3
Z3,19,4, 4K,55928.0,0.000992,56379032.258065,55928000.0,1.014793,2,1.985268,16081094.371709,16081094.371709,1464942918.8498642,3607259503.2697973,70404494.7092173,4718865908.511374,26142031752.7107,0,0,3
Z3,20,4, 4K,60512.0,0.004291,14102074.108599,15128000.0,1.014793,2,1.985268,7625702.741816,7625702.741816,1464942918.8498642,3607259503.2697973,70404494.7092173,4718865908.511374,26142031752.7107,0,0,3
Z3,21,4, 4K,116408.0,0.001753,66405019.965773,116408000.0,1.014793,2,1.985268,18086291.913251,18086291.913251,1464942918.8498642,3607259503.2697973,70404494.7092173,4718865908.511374,26142031752.7107,0,0,3
Z3,22,4, 4K,104248.0,0.018725,5567316.421896,5791552.0,1.014793,2,1.985268,5918751.204476,5918751.204476,1464942918.8498642,3607259503.2697973,70404494.7092173,4718865908.511374,26142031752.7107,0,0,3
Z3,23,4, 4K,138368.0,0.002034,68027531.956736,69184000.0,1.014793,2,1.985268,18410794.311444,18410794.311444,1464942918.8498642,3607259503.2697973,70404494.7092173,4718865908.511374,26142031752.7107,0,0,3
Z3,24,4, 4K,139408.0,0.002049,68037091.264031,69704000.0,1.014793,2,1.985268,18412706.172903,18412706.172903,1464942918.8498642,3607259503.2697973,70404494.7092173,4718865908.511374,26142031752.7107,0,0,3
Z3,25,4, 4K,141032.0,0.019176,7354609.929078,7422736.0,1.014793,2,1.985268,6276209.905912,6276209.905912,1464942918.8498642,3607259503.2697973,70404494.7092173,4718865908.511374,26142031752.7107,0,0,3
Z3,26,4, 4K,125672.0,0.002767,45418142.392483,62836000.0,1.014793,2,1.985268,13888916.398593,13888916.398593,1464942918.8498642,3607259503.2697973,70404494.7092173,4718865908.511374,26142031752.7107,0,0,3
Z3,27,4, 4K,147320.0,0.002873,51277410.372433,73660000.0,1.014793,2,1.985268,15060769.994583,15060769.994583,1464942918.8498642,3607259503.2697973,70404494.7092173,4718865908.511374,26142031752.7107,0,0,3
Z3,28,4, 4K,120984.0,0.002454,49300733.496333,60492000.0,1.014793,2,1.985268,14665434.619363,14665434.619363,1464942918.8498642,3607259503.2697973,70404494.7092173,4718865908.511374,26142031752.7107,0,0,3
Z3,29,4, 4K,87456.0,0.002308,37892547.660312,43728000.0,1.014793,2,1.985268,12383797.452159,12383797.452159,1464942918.8498642,3607259503.2697973,70404494.7092173,4718865908.511374,26142031752.7107,0,0,3
Z3,30,4, 4K,19872.0,0.000951,20895899.053628,19872000.0,1.014793,2,1.985268,8984467.730822,8984467.730822,1464942918.8498642,3607259503.2697973,70404494.7092173,4718865908.511374,26142031752.7107,0,0,3
Z3,31,4, 4K,17320.0,0.00096,18041666.666667,17320000.0,1.014793,2,1.985268,8413621.25343,8413621.25343,1464942918.8498642,3607259503.2697973,70404494.7092173,4718865908.511374,26142031752.7107,0,0,3
Z3,32,4, 4K,20880.0,0.000901,23174250.832408,20880000.0,1.014793,2,1.985268,9440138.086578,9440138.086578,1464942918.8498642,3607259503.2697973,70404494.7092173,4718865908.511374,26142031752.7107,0,0,3
Z3,33,4, 4K,18648.0,0.00089,20952808.988764,18648000.0,1.014793,2,1.985268,8995849.717849,8995849.717849,1464942918.8498642,3607259503.2697973,70404494.7092173,4718865908.511374,26142031752.7107,0,0,3
Z3,34,4, 4K,15368.0,0.000951,16159831.756046,15368000.0,1.014793,2,1.985268,8037254.271306,8037254.271306,1464942918.8498642,3607259503.2697973,70404494.7092173,4718865908.511374,26142031752.7107,0,0,3
Z3,35,4, 4K,17240.0,0.000881,19568671.963678,17240000.0,1.014793,2,1.985268,8719022.312832,8719022.312832,1464942918.8498642,3607259503.2697973,70404494.7092173,4718865908.511374,26142031752.7107,0,0,3
Z3,36,4, 4K,34944.0,0.015077,2317702.460702,2329600.0,1.014793,2,1.985268,5268828.412237,5268828.412237,1464942918.8498642,3607259503.2697973,70404494.7092173,4718865908.511374,26142031752.7107,0,0,3
Z3,37,4, 4K,16344.0,0.001005,16262686.567164,16344000.0,1.014793,2,1.985268,8057825.233529,8057825.233529,1464942918.8498642,3607259503.2697973,70404494.7092173,4718865908.511374,26142031752.7107,0,0,3
Z3,38,4, 4K,11896.0,0.000736,16163043.478261,11896000.0,1.014793,2,1.985268,8037896.615749,8037896.615749,1464942918.8498642,3607259503.2697973,70404494.7092173,4718865908.511374,26142031752.7107,0,0,3
Z1,0,5, 4K,59096.0,0.022108,2673059.525963,2686176.0,1.843302,2,2.156759,8572508.520941,8572508.520941,1464942918.8498642,3607259503.2697973,70404494.7092173,4718865908.511374,26142031752.7107,0,0,3
Z2,0,5, 4K,14200.0,0.021987,645836.175922,676184.0,1.843302,2,2.156759,8167063.850933,8167063.850933,1464942918.8498642,3607259503.2697973,70404494.7092173,4718865908.511374,26142031752.7107,0,0,3
Z2,1,5, 4K,67288.0,0.005078,13250886.17566,13457600.0,1.843302,2,2.156759,10688073.850881,10688073.850881,1464942918.8498642,3607259503.2697973,70404494.7092173,4718865908.511374,26142031752.7107,0,0,3
Z2,2,5, 4K,54872.0,0.001154,47549393.414211,54872000.0,1.843302,2,2.156759,17547775.298591,17547775.298591,1464942918.8498642,3607259503.2697973,70404494.7092173,4718865908.511374,26142031752.7107,0,0,3
Z2,3,5, 4K,117640.0,0.001748,67299771.167048,117640000.0,1.843302,2,2.156759,21497850.849158,21497850.849158,1464942918.8498642,3607259503.2697973,70404494.7092173,4718865908.511374,26142031752.7107,0,0,3
Z2,4,5, 4K,68288.0,0.001109,61576194.770063,68288000.0,1.843302,2,2.156759,20353135.569761,20353135.569761,1464942918.8498642,3607259503.2697973,70404494.7092173,4718865908.511374,26142031752.7107,0,0,3
Z2,5,5, 4K,86352.0,0.001123,76894033.837934,86352000.0,1.843302,2,2.156759,23416703.383336,23416703.383336,1464942918.8498642,3607259503.2697973,70404494.7092173,4718865908.511374,26142031752.7107,0,0,3
Z2,6,5, 4K,47432.0,0.000983,48252288.911495,47432000.0,1.843302,2,2.156759,17688354.398048,17688354.398048,1464942918.8498642,3607259503.2697973,70404494.7092173,4718865908.511374,26142031752.7107,0,0,3
Z2,7,5, 4K,40216.0,0.000943,42646871.686108,40216000.0,1.843302,2,2.156759,16567270.95297,16567270.95297,1464942918.8498642,3607259503.2697973,70404494.7092173,4718865908.511374,26142031752.7107,0,0,3
Z3,0,5, 4K,6624.0,0.022287,297213.622291,301088.0,1.843302,2,2.156759,8097339.340207,8097339.340207,1464942918.8498642,3607259503.2697973,70404494.7092173,4718865908.511374,26142031752.7107,0,0,3
Z3,1,5, 4K,15440.0,0.000733,21064120.05457,15440000.0,1.843302,2,2.156759,12250720.626663,12250720.626663,1464942918.8498642,3607259503.2697973,70404494.7092173,4718865908.511374,26142031752.7107,0,0,3
Z3,2,5, 4K,16504.0,0.000817,20200734.394125,16504000.0,1.843302,2,2.156759,12078043.494574,12078043.494574,1464942918.8498642,3607259503.2697973,70404494.7092173,4718865908.511374,26142031752.7107,0,0,3
Z3,3,5, 4K,16120.0,0.000964,16721991.701245,16120000.0,1.843302,2,2.156759,11382294.955998,11382294.955998,1464942918.8498642,3607259503.2697973,70404494.7092173,4718865908.511374,26142031752.7107,0,0,3
Z3,4,5, 4K,15008.0,0.000856,17532710.280374,15008000.0,1.843302,2,2.156759,11544438.671824,11544438.671824,1464942918.8498642,3607259503.2697973,70404494.7092173,4718865908.511374,26142031752.7107,0,0,3
Z3,5,5, 4K,15032.0,0.000915,16428415.300546,15032000.0,1.843302,2,2.156759,11323579.675858,11323579.675858,1464942918.8498642,3607259503.2697973,70404494.7092173,4718865908.511374,26142031752.7107,0,0,3
Z3,6,5, 4K,12928.0,0.000806,16039702.233251,12928000.0,1.843302,2,2.156759,11245837.062399,11245837.062399,1464942918.8498642,3607259503.2697973,70404494.7092173,4718865908.511374,26142031752.7107,0,0,3
Z3,7,5, 4K,13640.0,0.000714,19103641.456583,13640000.0,1.843302,2,2.156759,11858624.907065,11858624.907065,1464942918.8498642,3607259503.2697973,70404494.7092173,4718865908.511374,26142031752.7107,0,0,3
Z3,8,5, 4K,14648.0,0.000746,19635388.739946,14648000.0,1.843302,2,2.156759,11964974.363738,11964974.363738,1464942918.8498642,3607259503.2697973,70404494.7092173,4718865908.511374,26142031752.7107,0,0,3
Z3,9,5, 4K,15008.0,0.000856,17532710.280374,15008000.0,1.843302,2,2.156759,11544438.671824,11544438.671824,1464942918.8498642,3607259503.2697973,70404494.7092173,4718865908.511374,26142031752.7107,0,0,3
Z3,10,5, 4K,14312.0,0.014689,974334.536047,1022280.0,1.843302,2,2.156759,8232763.522958,8232763.522958,1464942918.8498642,3607259503.2697973,70404494.7092173,4718865908.511374,26142031752.7107,0,0,3
Z3,11,5, 4K,14656.0,0.00101,14510891.089109,14656000.0,1.843302,2,2.156759,10940074.833571,10940074.833571,1464942918.8498642,3607259503.2697973,70404494.7092173,4718865908.511374,26142031752.7107,0,0,3
Z3,12,5, 4K,52536.0,0.001084,48464944.649447,52536000.0,1.843302,2,2.156759,17730885.545638,17730885.545638,1464942918.8498642,3607259503.2697973,70404494.7092173,4718865908.511374,26142031752.7107,0,0,3
Z3,13,5, 4K,52032.0,0.000819,63531135.531136,52032000.0,1.843302,2,2.156759,20744123.721976,20744123.721976,1464942918.8498642,3607259503.2697973,70404494.7092173,4718865908.511374,26142031752.7107,0,0,3
Z3,14,5, 4K,44632.0,0.000911,48992316.136114,44632000.0,1.843302,2,2.156759,17836359.842972,17836359.842972,1464942918.8498642,3607259503.2697973,70404494.7092173,4718865908.511374,26142031752.7107,0,0,3
Z3,15,5, 4K,76304.0,0.00146,52263013.69863,76304000.0,1.843302,2,2.156759,18490499.355475,18490499.355475,1464942918.8498642,3607259503.2697973,70404494.7092173,4718865908.511374,26142031752.7107,0,0,3
Z3,16,5, 4K,71856.0,0.001068,67280898.876404,71856000.0,1.843302,2,2.156759,21494076.39103,21494076.39103,1464942918.8498642,3607259503.2697973,70404494.7092173,4718865908.511374,26142031752.7107,0,0,3
Z3,17,5, 4K,82648.0,0.001228,67302931.596091,82648000.0,1.843302,2,2.156759,21498482.934967,21498482.934967,1464942918.8498642,3607259503.2697973,70404494.7092173,4718865908.511374,26142031752.7107,0,0,3
Z3,18,5, 4K,76072.0,0.016828,4520560.969812,4754496.0,1.843302,2,2.156759,8942008.809711,8942008.809711,1464942918.8498642,3607259503.2697973,70404494.7092173,4718865908.511374,26142031752.7107,0,0,3
Z3,19,5, 4K,59304.0,0.00231,25672727.272727,29652000.0,1.843302,2,2.156759,13172442.070294,13172442.070294,1464942918.8498642,3607259503.2697973,70404494.7092173,4718865908.511374,26142031752.7107,0,0,3
Z3,20,5, 4K,43064.0,0.001806,23844961.24031,43064000.0,1.843302,2,2.156759,12806888.863811,12806888.863811,1464942918.8498642,3607259503.2697973,70404494.7092173,4718865908.511374,26142031752.7107,0,0,3
Z3,21,5, 4K,135784.0,0.003267,41562289.56229,45261328.0,1.843302,2,2.156759,16350354.528207,16350354.528207,1464942918.8498642,3607259503.2697973,70404494.7092173,4718865908.511374,26142031752.7107,0,0,3
Z3,22,5, 4K,118304.0,0.002207,53603987.313095,59152000.0,1.843302,2,2.156759,18758694.078368,18758694.078368,1464942918.8498642,3607259503.2697973,70404494.7092173,4718865908.511374,26142031752.7107,0,0,3
Z3,23,5, 4K,147040.0,0.002299,63958242.714224,73520000.0,1.843302,2,2.156759,20829545.158593,20829545.158593,1464942918.8498642,3607259503.2697973,70404494.7092173,4718865908.511374,26142031752.7107,0,0,3
Z3,24,5, 4K,179520.0,0.002984,60160857.908847,89760000.0,1.843302,2,2.156759,20070068.197518,20070068.197518,1464942918.8498642,3607259503.2697973,70404494.7092173,4718865908.511374,26142031752.7107,0,0,3
Z3,25,5, 4K,172688.0,0.212783,811568.593356,814560.0,1.843302,2,2.156759,8200210.33442,8200210.33442,1464942918.8498642,3607259503.2697973,70404494.7092173,4718865908.511374,26142031752.7107,0,0,3
Z3,26,5, 4K,145128.0,0.003201,45338331.771321,48376000.0,1.843302,2,2.156759,17105562.970013,17105562.970013,1464942918.8498642,3607259503.2697973,70404494.7092173,4718865908.511374,26142031752.7107,0,0,3
Z3,27,5, 4K,179592.0,0.005202,34523644.752018,35918400.0,1.843302,2,2.156759,14942625.566152,14942625.566152,1464942918.8498642,3607259503.2697973,70404494.7092173,4718865908.511374,26142031752.7107,0,0,3
Z3,28,5, 4K,140720.0,0.00395,35625316.455696,46906664.0,1.843302,2,2.156759,15162959.906888,15162959.906888,1464942918.8498642,3607259503.2697973,70404494.7092173,4718865908.511374,26142031752.7107,0,0,3
Z3,29,5, 4K,83928.0,0.002299,36506307.090039,41964000.0,1.843302,2,2.156759,15339158.033757,15339158.033757,1464942918.8498642,3607259503.2697973,70404494.7092173,4718865908.511374,26142031752.7107,0,0,3
Z3,30,5, 4K,82192.0,0.001685,48778635.014837,82192000.0,1.843302,2,2.156759,17793623.618716,17793623.618716,1464942918.8498642,3607259503.2697973,70404494.7092173,4718865908.511374,26142031752.7107,0,0,3
Z3,31,5, 4K,68504.0,0.00161,42549068.322981,68504000.0,1.843302,2,2.156759,16547710.280345,16547710.280345,1464942918.8498642,3607259503.2697973,70404494.7092173,4718865908.511374,26142031752.7107,0,0,3
Z3,32,5, 4K,53776.0,0.001671,32181926.989826,53776000.0,1.843302,2,2.156759,14474282.013714,14474282.013714,1464942918.8498642,3607259503.2697973,70404494.7092173,4718865908.511374,26142031752.7107,0,0,3
Z3,33,5, 4K,72968.0,0.001737,42008059.873345,72968000.0,1.843302,2,2.156759,16439508.590418,16439508.590418,1464942918.8498642,3607259503.2697973,70404494.7092173,4718865908.511374,26142031752.7107,0,0,3
Z3,34,5, 4K,78200.0,0.001805,43324099.722992,78200000.0,1.843302,2,2.156759,16702716.560347,16702716.560347,1464942918.8498642,3607259503.2697973,70404494.7092173,4718865908.511374,26142031752.7107,0,0,3
Z3,35,5, 4K,63936.0,0.00157,40723566.878981,63936000.0,1.843302,2,2.156759,16182609.991545,16182609.991545,1464942918.8498642,3607259503.2697973,70404494.7092173,4718865908.511374,26142031752.7107,0,0,3
Z3,36,5, 4K,86888.0,0.002238,38823949.955317,43444000.0,1.843302,2,2.156759,15802686.606812,15802686.606812,1464942918.8498642,3607259503.2697973,70404494.7092173,4718865908.511374,26142031752.7107,0,0,3
Z3,37,5, 4K,53856.0,0.001666,32326530.612245,53856000.0,1.843302,2,2.156759,14503202.738198,14503202.738198,1464942918.8498642,3607259503.2697973,70404494.7092173,4718865908.511374,26142031752.7107,0,0,3
Z3,38,5, 4K,42888.0,0.001556,27562982.005141,42888000.0,1.843302,2,2.156759,13550493.016777,13550493.016777,1464942918.8498642,3607259503.2697973,70404494.7092173,4718865908.511374,26142031752.7107,0,0,3
Z1,0,6, 4K,32384.0,0.021773,1487346.71382,1542088.0,1.454109,2,2.545952,13841822.084692,13841822.084692,1464942918.8498642,3607259503.2697973,70404494.7092173,4718865908.511374,26142031752.7107,0,0,3
Z2,0,6, 4K,11672.0,0.022029,529847.019837,530544.0,1.454109,2,2.545952,13650322.145896,13650322.145896,1464942918.8498642,3607259503.2697973,70404494.7092173,4718865908.511374,26142031752.7107,0,0,3
Z2,1,6, 4K,36784.0,0.000982,37458248.472505,36784000.0,1.454109,2,2.545952,21036002.436429,21036002.436429,1464942918.8498642,3607259503.2697973,70404494.7092173,4718865908.511374,26142031752.7107,0,0,3
Z2,2,6, 4K,30448.0,0.000986,30880324.543611,30448000.0,1.454109,2,2.545952,19720417.650651,19720417.650651,1464942918.8498642,3607259503.2697973,70404494.7092173,4718865908.511374,26142031752.7107,0,0,3
Z2,3,6, 4K,89424.0,0.001369,65320672.023375,89424000.0,1.454109,2,2.545952,26608487.146603,26608487.146603,1464942918.8498642,3607259503.2697973,70404494.7092173,4718865908.511374,26142031752.7107,0,0,3
Z2,4,6, 4K,37976.0,0.001003,37862412.761715,37976000.0,1.454109,2,2.545952,21116835.294271,21116835.294271,1464942918.8498642,3607259503.2697973,70404494.7092173,4718865908.511374,26142031752.7107,0,0,3
Z2,5,6, 4K,44392.0,0.001073,41371854.613234,44392000.0,1.454109,2,2.545952,21818723.664575,21818723.664575,1464942918.8498642,3607259503.2697973,70404494.7092173,4718865908.511374,26142031752.7107,0,0,3
Z2,6,6, 4K,23176.0,0.000907,25552370.45204,23176000.0,1.454109,2,2.545952,18654826.832336,18654826.832336,1464942918.8498642,3607259503.2697973,70404494.7092173,4718865908.511374,26142031752.7107,0,0,3
Z2,7,6, 4K,20712.0,0.000799,25922403.003755,20712000.0,1.454109,2,2.545952,18728833.342679,18728833.342679,1464942918.8498642,3607259503.2697973,70404494.7092173,4718865908.511374,26142031752.7107,0,0,3
Z3,0,6, 4K,6624.0,0.023266,284707.298203,288000.0,1.454109,2,2.545952,13601294.201569,13601294.201569,1464942918.8498642,3607259503.2697973,70404494.7092173,4718865908.511374,26142031752.7107,0,0,3
Z3,1,6, 4K,12000.0,0.000847,14167650.531287,12000000.0,1.454109,2,2.545952,16377882.848186,16377882.848186,1464942918.8498642,3607259503.2697973,70404494.7092173,4718865908.511374,26142031752.7107,0,0,3
Z3,2,6, 4K,12312.0,0.000915,13455737.704918,12312000.0,1.454109,2,2.545952,16235500.282912,16235500.282912,1464942918.8498642,3607259503.2697973,70404494.7092173,4718865908.511374,26142031752.7107,0,0,3
Z3,3,6, 4K,11800.0,0.000884,13348416.289593,11800000.0,1.454109,2,2.545952,16214035.999847,16214035.999847,1464942918.8498642,3607259503.2697973,70404494.7092173,4718865908.511374,26142031752.7107,0,0,3
Z3,4,6, 4K,11672.0,0.000897,13012263.09922,11672000.0,1.454109,2,2.545952,16146805.361772,16146805.361772,1464942918.8498642,3607259503.2697973,70404494.7092173,4718865908.511374,26142031752.7107,0,0,3
Z3,5,6, 4K,11856.0,0.000819,14476190.47619,11856000.0,1.454109,2,2.545952,16439590.837167,16439590.837167,1464942918.8498642,3607259503.2697973,70404494.7092173,4718865908.511374,26142031752.7107,0,0,3
Z3,6,6, 4K,11392.0,0.00081,14064197.530864,11392000.0,1.454109,2,2.545952,16357192.248101,16357192.248101,1464942918.8498642,3607259503.2697973,70404494.7092173,4718865908.511374,26142031752.7107,0,0,3
Z3,7,6, 4K,11608.0,0.000827,14036275.695284,11608000.0,1.454109,2,2.545952,16351607.880985,16351607.880985,1464942918.8498642,3607259503.2697973,70404494.7092173,4718865908.511374,26142031752.7107,0,0,3
Z3,8,6, 4K,11808.0,0.015565,758625.120463,787200.0,1.454109,2,2.545952,13696077.766021,13696077.766021,1464942918.8498642,3607259503.2697973,70404494.7092173,4718865908.511374,26142031752.7107,0,0,3
Z3,9,6, 4K,11616.0,0.000965,12037305.699482,11616000.0,1.454109,2,2.545952,15951813.881825,15951813.881825,1464942918.8498642,3607259503.2697973,70404494.7092173,4718865908.511374,26142031752.7107,0,0,3
Z3,10,6, 4K,11320.0,0.000861,13147502.9036,11320000.0,1.454109,2,2.545952,16173853.322649,16173853.322649,1464942918.8498642,3607259503.2697973,70404494.7092173,4718865908.511374,26142031752.7107,0,0,3
Z3,11,6, 4K,11456.0,0.000967,11846949.327818,11456000.0,1.454109,2,2.545952,15913742.607492,15913742.607492,1464942918.8498642,3607259503.2697973,70404494.7092173,4718865908.511374,26142031752.7107,0,0,3
Z3,12,6, 4K,30472.0,0.001032,29527131.782946,30472000.0,1.454109,2,2.545952,19449779.098518,19449779.098518,1464942918.8498642,3607259503.2697973,70404494.7092173,4718865908.511374,26142031752.7107,0,0,3
Z3,13,6, 4K,27608.0,0.001027,26882181.110029,27608000.0,1.454109,2,2.545952,18920788.963934,18920788.963934,1464942918.8498642,3607259503.2697973,70404494.7092173,4718865908.511374,26142031752.7107,0,0,3
Z3,14,6, 4K,24088.0,0.001011,23825914.935707,24088000.0,1.454109,2,2.545952,18309535.72907,18309535.72907,1464942918.8498642,3607259503.2697973,70404494.7092173,4718865908.511374,26142031752.7107,0,0,3
Z3,15,6, 4K,38328.0,0.001032,37139534.883721,38328000.0,1.454109,2,2.545952,20972259.718673,20972259.718673,1464942918.8498642,3607259503.2697973,70404494.7092173,4718865908.511374,26142031752.7107,0,0,3
Z3,16,6, 4K,32072.0,0.001049,30573879.885605,32072000.0,1.454109,2,2.545952,19659128.71905,19659128.71905,1464942918.8498642,3607259503.2697973,70404494.7092173,4718865908.511374,26142031752.7107,0,0,3
Z3,17,6, 4K,42136.0,0.001074,39232774.674115,42136000.0,1.454109,2,2.545952,21390907.676752,21390907.676752,1464942918.8498642,3607259503.2697973,70404494.7092173,4718865908.511374,26142031752.7107,0,0,3
Z3,18,6, 4K,36072.0,0.000967,37302998.965874,36072000.0,1.454109,2,2.545952,21004952.535103,21004952.535103,1464942918.8498642,3607259503.2697973,70404494.7092173,4718865908.511374,26142031752.7107,0,0,3
Z3,19,6, 4K,27192.0,0.014226,1911429.776466,1942280.0,1.454109,2,2.545952,13926638.697222,13926638.697222,1464942918.8498642,3607259503.2697973,70404494.7092173,4718865908.511374,26142031752.7107,0,0,3
Z3,20,6, 4K,23688.0,0.000964,24572614.107884,23688000.0,1.454109,2,2.545952,18458875.563505,18458875.563505,1464942918.8498642,3607259503.2697973,70404494.7092173,4718865908.511374,26142031752.7107,0,0,3
Z3,21,6, 4K,86000.0,0.00175,49142857.142857,86000000.0,1.454109,2,2.545952,23372924.1705,23372924.1705,1464942918.8498642,3607259503.2697973,70404494.7092173,4718865908.511374,26142031752.7107,0,0,3
Z3,22,6, 4K,62728.0,0.001617,38792826.221398,62728000.0,1.454109,2,2.545952,21302917.986208,21302917.986208,1464942918.8498642,3607259503.2697973,70404494.7092173,4718865908.511374,26142031752.7107,0,0,3
Z3,23,6, 4K,65864.0,0.002302,28611642.050391,32932000.0,1.454109,2,2.545952,19266681.152007,19266681.152007,1464942918.8498642,3607259503.2697973,70404494.7092173,4718865908.511374,26142031752.7107,0,0,3
Z3,24,6, 4K,82512.0,0.002329,35428080.72134,41256000.0,1.454109,2,2.545952,20629968.886196,20629968.886196,1464942918.8498642,3607259503.2697973,70404494.7092173,4718865908.511374,26142031752.7107,0,0,3
Z3,25,6, 4K,102240.0,0.002149,47575616.565845,51120000.0,1.454109,2,2.545952,23059476.055097,23059476.055097,1464942918.8498642,3607259503.2697973,70404494.7092173,4718865908.511374,26142031752.7107,0,0,3
Z3,26,6, 4K,69304.0,0.001545,44856957.928803,69304000.0,1.454109,2,2.545952,22515744.327689,22515744.327689,1464942918.8498642,3607259503.2697973,70404494.7092173,4718865908.511374,26142031752.7107,0,0,3
Z3,27,6, 4K,73800.0,0.014849,4970031.651963,5271424.0,1.454109,2,2.545952,14538359.072321,14538359.072321,1464942918.8498642,3607259503.2697973,70404494.7092173,4718865908.511374,26142031752.7107,0,0,3
Z3,28,6, 4K,59424.0,0.002813,21124777.817277,29712000.0,1.454109,2,2.545952,17769308.305384,17769308.305384,1464942918.8498642,3607259503.2697973,70404494.7092173,4718865908.511374,26142031752.7107,0,0,3
Z3,29,6, 4K,38896.0,0.001237,31443815.683104,38896000.0,1.454109,2,2.545952,19833115.878549,19833115.878549,1464942918.8498642,3607259503.2697973,70404494.7092173,4718865908.511374,26142031752.7107,0,0,3
Z3,30,6, 4K,30224.0,0.001019,29660451.422964,30224000.0,1.454109,2,2.545952,19476443.026521,19476443.026521,1464942918.8498642,3607259503.2697973,70404494.7092173,4718865908.511374,26142031752.7107,0,0,3
Z3,31,6, 4K,34568.0,0.000961,35970863.683663,34568000.0,1.454109,2,2.545952,20738525.478661,20738525.478661,1464942918.8498642,3607259503.2697973,70404494.7092173,4718865908.511374,26142031752.7107,0,0,3
Z3,32,6, 4K,62896.0,0.000977,64376663.254862,62896000.0,1.454109,2,2.545952,26419685.392901,26419685.392901,1464942918.8498642,3607259503.2697973,70404494.7092173,4718865908.511374,26142031752.7107,0,0,3
Z3,33,6, 4K,50288.0,0.001205,41732780.082988,50288000.0,1.454109,2,2.545952,21890908.758526,21890908.758526,1464942918.8498642,3607259503.2697973,70404494.7092173,4718865908.511374,26142031752.7107,0,0,3
Z3,34,6, 4K,37280.0,0.001303,28610897.927859,37280000.0,1.454109,2,2.545952,19266532.3275,19266532.3275,1464942918.8498642,3607259503.2697973,70404494.7092173,4718865908.511374,26142031752.7107,0,0,3
Z3,35,6, 4K,26840.0,0.001007,26653426.017875,26840000.0,1.454109,2,2.545952,18875037.945503,18875037.945503,1464942918.8498642,3607259503.2697973,70404494.7092173,4718865908.511374,26142031752.7107,0,0,3
Z3,36,6, 4K,30408.0,0.001103,27568449.682684,30408000.0,1.454109,2,2.545952,19058042.678465,19058042.678465,1464942918.8498642,3607259503.2697973,70404494.7092173,4718865908.511374,26142031752.7107,0,0,3
Z3,37,6, 4K,24136.0,0.001381,17477190.441709,24136000.0,1.454109,2,2.545952,17039790.83027,17039790.83027,1464942918.8498642,3607259503.2697973,70404494.7092173,4718865908.511374,26142031752.7107,0,0,3
Z3,38,6, 4K,21376.0,0.001067,20033739.45642,21376000.0,1.454109,2,2.545952,17551100.633212,17551100.633212,1464942918.8498642,3607259503.2697973,70404494.7092173,4718865908.511374,26142031752.7107,0,0,3
Z1,0,7, 4K,46048.0,0.241031,191045.965042,191064.0,1.286761,2,3.7133,15356953.691585,15356953.691585,1464942918.8498642,3607259503.2697973,70404494.7092173,4718865908.511374,26142031752.7107,0,0,3
Z2,0,7, 4K,6624.0,0.020716,319752.84804,331200.0,1.286761,2,3.7133,15382695.068184,15382695.068184,1464942918.8498642,3607259503.2697973,70404494.7092173,4718865908.511374,26142031752.7107,0,0,3
Z2,1,7, 4K,12288.0,0.000885,13884745.762712,12288000.0,1.286761,2,3.7133,18095693.651119,18095693.651119,1464942918.8498642,3607259503.2697973,70404494.7092173,4718865908.511374,26142031752.7107,0,0,3
Z2,2,7, 4K,11528.0,0.000905,12738121.546961,11528000.0,1.286761,2,3.7133,17866368.807968,17866368.807968,1464942918.8498642,3607259503.2697973,70404494.7092173,4718865908.511374,26142031752.7107,0,0,3
Z2,3,7, 4K,33008.0,0.000908,36352422.907489,33008000.0,1.286761,2,3.7133,22589229.080074,22589229.080074,1464942918.8498642,3607259503.2697973,70404494.7092173,4718865908.511374,26142031752.7107,0,0,3
Z2,4,7, 4K,76304.0,0.001169,65272882.805817,76304000.0,1.286761,2,3.7133,28373321.05974,28373321.05974,1464942918.8498642,3607259503.2697973,70404494.7092173,4718865908.511374,26142031752.7107,0,0,3
Z2,5,7, 4K,40368.0,0.001048,38519083.969466,40368000.0,1.286761,2,3.7133,23022561.292469,23022561.292469,1464942918.8498642,3607259503.2697973,70404494.7092173,4718865908.511374,26142031752.7107,0,0,3
Z2,6,7, 4K,66864.0,0.001131,59119363.395225,66864000.0,1.286761,2,3.7133,27142617.177621,27142617.177621,1464942918.8498642,3607259503.2697973,70404494.7092173,4718865908.511374,26142031752.7107,0,0,3
Z2,7,7, 4K,21440.0,0.000882,24308390.022676,21440000.0,1.286761,2,3.7133,20180422.503111,20180422.503111,1464942918.8498642,3607259503.2697973,70404494.7092173,4718865908.511374,26142031752.7107,0,0,3
Z3,0,7, 4K,12288.0,0.02544,483018.867925,491520.0,1.286761,2,3.7133,15415348.272161,15415348.272161,1464942918.8498642,3607259503.2697973,70404494.7092173,4718865908.511374,26142031752.7107,0,0,3
Z3,1,7, 4K,12304.0,0.000965,12750259.067358,12304000.0,1.286761,2,3.7133,17868796.312048,17868796.312048,1464942918.8498642,3607259503.2697973,70404494.7092173,4718865908.511374,26142031752.7107,0,0,3
Z3,2,7, 4K,11832.0,0.000923,12819068.255688,11832000.0,1.286761,2,3.7133,17882558.149714,17882558.149714,1464942918.8498642,3607259503.2697973,70404494.7092173,4718865908.511374,26142031752.7107,0,0,3
Z3,3,7, 4K,12664.0,0.000903,14024363.233666,12664000.0,1.286761,2,3.7133,18123617.145309,18123617.145309,1464942918.8498642,3607259503.2697973,70404494.7092173,4718865908.511374,26142031752.7107,0,0,3
Z3,4,7, 4K,11360.0,0.000837,13572281.959379,11360000.0,1.286761,2,3.7133,18033200.890452,18033200.890452,1464942918.8498642,3607259503.2697973,70404494.7092173,4718865908.511374,26142031752.7107,0,0,3
Z3,5,7, 4K,11624.0,0.000903,12872646.733112,11624000.0,1.286761,2,3.7133,17893273.845199,17893273.845199,1464942918.8498642,3607259503.2697973,70404494.7092173,4718865908.511374,26142031752.7107,0,0,3
Z3,6,7, 4K,12008.0,0.000952,12613445.378151,12008000.0,1.286761,2,3.7133,17841433.574206,17841433.574206,1464942918.8498642,3607259503.2697973,70404494.7092173,4718865908.511374,26142031752.7107,0,0,3
Z3,7,7, 4K,11744.0,0.000944,12440677.966102,11744000.0,1.286761,2,3.7133,17806880.091796,17806880.091796,1464942918.8498642,3607259503.2697973,70404494.7092173,4718865908.511374,26142031752.7107,0,0,3
Z3,8,7, 4K,11584.0,0.00079,14663291.139241,11584000.0,1.286761,2,3.7133,18251402.726424,18251402.726424,1464942918.8498642,3607259503.2697973,70404494.7092173,4718865908.511374,26142031752.7107,0,0,3
Z3,9,7, 4K,11888.0,0.000915,12992349.726776,11888000.0,1.286761,2,3.7133,17917214.443931,17917214.443931,1464942918.8498642,3607259503.2697973,70404494.7092173,4718865908.511374,26142031752.7107,0,0,3
Z3,10,7, 4K,40440.0,0.000938,43113006.396588,40440000.0,1.286761,2,3.7133,23941345.777894,23941345.777894,1464942918.8498642,3607259503.2697973,70404494.7092173,4718865908.511374,26142031752.7107,0,0,3
Z3,11,7, 4K,32448.0,0.001164,27876288.659794,32448000.0,1.286761,2,3.7133,20894002.230535,20894002.230535,1464942918.8498642,3607259503.2697973,70404494.7092173,4718865908.511374,26142031752.7107,0,0,3
Z3,12,7, 4K,29808.0,0.001159,25718723.037101,29808000.0,1.286761,2,3.7133,20462489.105996,20462489.105996,1464942918.8498642,3607259503.2697973,70404494.7092173,4718865908.511374,26142031752.7107,0,0,3
Z3,13,7, 4K,26008.0,0.000964,26979253.112033,26008000.0,1.286761,2,3.7133,20714595.120983,20714595.120983,1464942918.8498642,3607259503.2697973,70404494.7092173,4718865908.511374,26142031752.7107,0,0,3
Z3,14,7, 4K,43712.0,0.001163,37585554.600172,43712000.0,1.286761,2,3.7133,22835855.418611,22835855.418611,1464942918.8498642,3607259503.2697973,70404494.7092173,4718865908.511374,26142031752.7107,0,0,3
Z3,15,7, 4K,42976.0,0.001038,41402697.495183,42976000.0,1.286761,2,3.7133,23599283.997613,23599283.997613,1464942918.8498642,3607259503.2697973,70404494.7092173,4718865908.511374,26142031752.7107,0,0,3
Z3,16,7, 4K,80888.0,0.001359,59520235.467255,80888000.0,1.286761,2,3.7133,27222791.592027,27222791.592027,1464942918.8498642,3607259503.2697973,70404494.7092173,4718865908.511374,26142031752.7107,0,0,3
Z3,17,7, 4K,51248.0,0.001103,46462375.339982,51248000.0,1.286761,2,3.7133,24611219.566573,24611219.566573,1464942918.8498642,3607259503.2697973,70404494.7092173,4718865908.511374,26142031752.7107,0,0,3
Z3,18,7, 4K,29472.0,0.001034,28502901.353965,29472000.0,1.286761,2,3.7133,21019324.769369,21019324.769369,1464942918.8498642,3607259503.2697973,70404494.7092173,4718865908.511374,26142031752.7107,0,0,3
Z3,19,7, 4K,23856.0,0.001008,23666666.666667,23856000.0,1.286761,2,3.7133,20052077.831909,20052077.831909,1464942918.8498642,3607259503.2697973,70404494.7092173,4718865908.511374,26142031752.7107,0,0,3
Z3,20,7, 4K,30824.0,0.001081,28514338.575393,30824000.0,1.286761,2,3.7133,21021612.213655,21021612.213655,1464942918.8498642,3607259503.2697973,70404494.7092173,4718865908.511374,26142031752.7107,0,0,3
Z3,21,7, 4K,78816.0,0.001345,58599256.505576,78816000.0,1.286761,2,3.7133,27038595.799691,27038595.799691,1464942918.8498642,3607259503.2697973,70404494.7092173,4718865908.511374,26142031752.7107,0,0,3
Z3,22,7, 4K,66288.0,0.001093,60647758.462946,66288000.0,1.286761,2,3.7133,27448296.191165,27448296.191165,1464942918.8498642,3607259503.2697973,70404494.7092173,4718865908.511374,26142031752.7107,0,0,3
Z3,23,7, 4K,69920.0,0.001102,63448275.862069,69920000.0,1.286761,2,3.7133,28008399.67099,28008399.67099,1464942918.8498642,3607259503.2697973,70404494.7092173,4718865908.511374,26142031752.7107,0,0,3
Z3,24,7, 4K,81944.0,0.001312,62457317.073171,81944000.0,1.286761,2,3.7133,27810207.91321,27810207.91321,1464942918.8498642,3607259503.2697973,70404494.7092173,4718865908.511374,26142031752.7107,0,0,3
Z3,25,7, 4K,102376.0,0.001208,84748344.370861,102376000.0,1.286761,2,3.7133,32268413.372748,32268413.372748,1464942918.8498642,3607259503.2697973,70404494.7092173,4718865908.511374,26142031752.7107,0,0,3
Z3,26,7, 4K,76792.0,0.001156,66429065.743945,76792000.0,1.286761,2,3.7133,28604557.647365,28604557.647365,1464942918.8498642,3607259503.2697973,70404494.7092173,4718865908.511374,26142031752.7107,0,0,3
Z3,27,7, 4K,81072.0,0.001376,58918604.651163,81072000.0,1.286761,2,3.7133,27102465.428809,27102465.428809,1464942918.8498642,3607259503.2697973,70404494.7092173,4718865908.511374,26142031752.7107,0,0,3
Z3,28,7, 4K,62656.0,0.001225,51147755.102041,62656000.0,1.286761,2,3.7133,25548295.518984,25548295.518984,1464942918.8498642,3607259503.2697973,70404494.7092173,4718865908.511374,26142031752.7107,0,0,3
Z3,29,7, 4K,41248.0,0.00093,44352688.172043,41248000.0,1.286761,2,3.7133,24189282.132985,24189282.132985,1464942918.8498642,3607259503.2697973,70404494.7092173,4718865908.511374,26142031752.7107,0,0,3
Z3,30,7, 4K,51888.0,0.001151,45080799.304952,51888000.0,1.286761,2,3.7133,24334904.359567,24334904.359567,1464942918.8498642,3607259503.2697973,70404494.7092173,4718865908.511374,26142031752.7107,0,0,3
Z3,31,7, 4K,60864.0,0.001229,49523189.585028,60864000.0,1.286761,2,3.7133,25223382.415582,25223382.415582,1464942918.8498642,3607259503.2697973,70404494.7092173,4718865908.511374,26142031752.7107,0,0,3
Z3,32,7, 4K,30224.0,0.000999,30254254.254254,30224000.0,1.286761,2,3.7133,21369595.349427,21369595.349427,1464942918.8498642,3607259503.2697973,70404494.7092173,4718865908.511374,26142031752.7107,0,0,3
Z3,33,7, 4K,29312.0,0.001,29312000.0,29312000.0,1.286761,2,3.7133,21181144.498576,21181144.498576,1464942918.8498642,3607259503.2697973,70404494.7092173,4718865908.511374,26142031752.7107,0,0,3
Z3,34,7, 4K,25728.0,0.000906,28397350.993377,25728000.0,1.286761,2,3.7133,20998214.697252,20998214.697252,1464942918.8498642,3607259503.2697973,70404494.7092173,4718865908.511374,26142031752.7107,0,0,3
Z3,35,7, 4K,27640.0,0.001006,27475149.105368,27640000.0,1.286761,2,3.7133,20813774.31965,20813774.31965,1464942918.8498642,3607259503.2697973,70404494.7092173,4718865908.511374,26142031752.7107,0,0,3
Z3,36,7, 4K,32608.0,0.001012,32221343.873518,32608000.0,1.286761,2,3.7133,21763013.27328,21763013.27328,1464942918.8498642,3607259503.2697973,70404494.7092173,4718865908.511374,26142031752.7107,0,0,3
Z3,37,7, 4K,25080.0,0.000909,27590759.075908,25080000.0,1.286761,2,3.7133,20836896.313758,20836896.313758,1464942918.8498642,3607259503.2697973,70404494.7092173,4718865908.511374,26142031752.7107,0,0,3
Z3,38,7, 4K,21912.0,0.000913,24000000.0,21912000.0,1.286761,2,3.7133,20118744.498576,20118744.498576,1464942918.8498642,3607259503.2697973,70404494.7092173,4718865908.511374,26142031752.7107,0,0,3
Z1,0,8, 4K,99296.0,0.023837,4165624.868901,4317216.0,1.94616,2,4.053901,18385077.961745,18385077.961745,1464942918.8498642,3607259503.2697973,70404494.7092173,4718865908.511374,26142031752.7107,0,0,3
Z2,0,8, 4K,6624.0,0.023261,284768.496625,288000.0,1.94616,2,4.053901,17608906.687289,17608906.687289,1464942918.8498642,3607259503.2697973,70404494.7092173,4718865908.511374,26142031752.7107,0,0,3
Z2,1,8, 4K,12736.0,0.001027,12401168.451801,12736000.0,1.94616,2,4.053901,20032186.678325,20032186.678325,1464942918.8498642,3607259503.2697973,70404494.7092173,4718865908.511374,26142031752.7107,0,0,3
Z2,2,8, 4K,12272.0,0.000866,14170900.692841,12272000.0,1.94616,2,4.053901,20386133.126533,20386133.126533,1464942918.8498642,3607259503.2697973,70404494.7092173,4718865908.511374,26142031752.7107,0,0,3
Z2,3,8, 4K,46672.0,0.001067,43741330.834114,46672000.0,1.94616,2,4.053901,26300219.154787,26300219.154787,1464942918.8498642,3607259503.2697973,70404494.7092173,4718865908.511374,26142031752.7107,0,0,3
Z2,4,8, 4K,116120.0,0.001656,70120772.94686,116120000.0,1.94616,2,4.053901,31576107.577336,31576107.577336,1464942918.8498642,3607259503.2697973,70404494.7092173,4718865908.511374,26142031752.7107,0,0,3
Z2,5,8, 4K,109880.0,0.001618,67911001.236094,109880000.0,1.94616,2,4.053901,31134153.235183,31134153.235183,1464942918.8498642,3607259503.2697973,70404494.7092173,4718865908.511374,26142031752.7107,0,0,3
Z2,6,8, 4K,81552.0,0.020879,3905934.192251,4077600.0,1.94616,2,4.053901,18333139.826415,18333139.826415,1464942918.8498642,3607259503.2697973,70404494.7092173,4718865908.511374,26142031752.7107,0,0,3
Z2,7,8, 4K,48376.0,0.001282,37734789.391576,48376000.0,1.94616,2,4.053901,25098910.86628,25098910.86628,1464942918.8498642,3607259503.2697973,70404494.7092173,4718865908.511374,26142031752.7107,0,0,3
Z3,0,8, 4K,13168.0,0.023139,569082.501405,572520.0,1.94616,2,4.053901,17665769.488245,17665769.488245,1464942918.8498642,3607259503.2697973,70404494.7092173,4718865908.511374,26142031752.7107,0,0,3
Z3,1,8, 4K,12440.0,0.000841,14791914.387634,12440000.0,1.94616,2,4.053901,20510335.865491,20510335.865491,1464942918.8498642,3607259503.2697973,70404494.7092173,4718865908.511374,26142031752.7107,0,0,3
Z3,2,8, 4K,12288.0,0.000844,14559241.706161,12288000.0,1.94616,2,4.053901,20463801.329197,20463801.329197,1464942918.8498642,3607259503.2697973,70404494.7092173,4718865908.511374,26142031752.7107,0,0,3
Z3,3,8, 4K,13040.0,0.000828,15748792.270531,13040000.0,1.94616,2,4.053901,20701711.442071,20701711.442071,1464942918.8498642,3607259503.2697973,70404494.7092173,4718865908.511374,26142031752.7107,0,0,3
Z3,4,8, 4K,11984.0,0.000843,14215895.610913,11984000.0,1.94616,2,4.053901,20395132.110147,20395132.110147,1464942918.8498642,3607259503.2697973,70404494.7092173,4718865908.511374,26142031752.7107,0,0,3
Z3,5,8, 4K,12736.0,0.000822,15493917.274939,12736000.0,1.94616,2,4.053901,20650736.442952,20650736.442952,1464942918.8498642,3607259503.2697973,70404494.7092173,4718865908.511374,26142031752.7107,0,0,3
Z3,6,8, 4K,12728.0,0.000942,13511677.282378,12728000.0,1.94616,2,4.053901,20254288.44444,20254288.44444,1464942918.8498642,3607259503.2697973,70404494.7092173,4718865908.511374,26142031752.7107,0,0,3
Z3,7,8, 4K,13416.0,0.00092,14582608.695652,13416000.0,1.94616,2,4.053901,20468474.727095,20468474.727095,1464942918.8498642,3607259503.2697973,70404494.7092173,4718865908.511374,26142031752.7107,0,0,3
Z3,8,8, 4K,12296.0,0.000851,14448883.666275,12296000.0,1.94616,2,4.053901,20441729.721219,20441729.721219,1464942918.8498642,3607259503.2697973,70404494.7092173,4718865908.511374,26142031752.7107,0,0,3
Z3,9,8, 4K,12368.0,0.000805,15363975.15528,12368000.0,1.94616,2,4.053901,20624748.01902,20624748.01902,1464942918.8498642,3607259503.2697973,70404494.7092173,4718865908.511374,26142031752.7107,0,0,3
Z3,10,8, 4K,47728.0,0.000966,49407867.494824,47728000.0,1.94616,2,4.053901,27433526.486929,27433526.486929,1464942918.8498642,3607259503.2697973,70404494.7092173,4718865908.511374,26142031752.7107,0,0,3
Z3,11,8, 4K,36848.0,0.000957,38503657.262278,36848000.0,1.94616,2,4.053901,25252684.44042,25252684.44042,1464942918.8498642,3607259503.2697973,70404494.7092173,4718865908.511374,26142031752.7107,0,0,3
Z3,12,8, 4K,37200.0,0.000954,38993710.691824,37200000.0,1.94616,2,4.053901,25350695.126329,25350695.126329,1464942918.8498642,3607259503.2697973,70404494.7092173,4718865908.511374,26142031752.7107,0,0,3
Z3,13,8, 4K,36304.0,0.001226,29611745.513866,36304000.0,1.94616,2,4.053901,23474302.090738,23474302.090738,1464942918.8498642,3607259503.2697973,70404494.7092173,4718865908.511374,26142031752.7107,0,0,3
Z3,14,8, 4K,72440.0,0.001158,62556131.260794,72440000.0,1.94616,2,4.053901,30063179.240123,30063179.240123,1464942918.8498642,3607259503.2697973,70404494.7092173,4718865908.511374,26142031752.7107,0,0,3
Z3,15,8, 4K,94656.0,0.0014,67611428.571429,94656000.0,1.94616,2,4.053901,31074238.70225,31074238.70225,1464942918.8498642,3607259503.2697973,70404494.7092173,4718865908.511374,26142031752.7107,0,0,3
Z3,16,8, 4K,126944.0,0.001827,69482211.275315,126944000.0,1.94616,2,4.053901,31448395.243027,31448395.243027,1464942918.8498642,3607259503.2697973,70404494.7092173,4718865908.511374,26142031752.7107,0,0,3
Z3,17,8, 4K,91896.0,0.001268,72473186.119874,91896000.0,1.94616,2,4.053901,32046590.211939,32046590.211939,1464942918.8498642,3607259503.2697973,70404494.7092173,4718865908.511374,26142031752.7107,0,0,3
Z3,18,8, 4K,51968.0,0.001134,45827160.493827,51968000.0,1.94616,2,4.053901,26717385.08673,26717385.08673,1464942918.8498642,3607259503.2697973,70404494.7092173,4718865908.511374,26142031752.7107,0,0,3
Z3,19,8, 4K,33024.0,0.014981,2204392.230158,2358856.0,1.94616,2,4.053901,17992831.433996,17992831.433996,1464942918.8498642,3607259503.2697973,70404494.7092173,4718865908.511374,26142031752.7107,0,0,3
Z3,20,8, 4K,47048.0,0.001118,42082289.80322,47048000.0,1.94616,2,4.053901,25968410.948608,25968410.948608,1464942918.8498642,3607259503.2697973,70404494.7092173,4718865908.511374,26142031752.7107,0,0,3
Z3,21,8, 4K,183840.0,0.002451,75006119.95104,91920000.0,1.94616,2,4.053901,32553176.978172,32553176.978172,1464942918.8498642,3607259503.2697973,70404494.7092173,4718865908.511374,26142031752.7107,0,0,3
Z3,22,8, 4K,154184.0,0.001874,82275346.851654,154184000.0,1.94616,2,4.053901,34007022.358295,34007022.358295,1464942918.8498642,3607259503.2697973,70404494.7092173,4718865908.511374,26142031752.7107,0,0,3
Z3,23,8, 4K,155104.0,0.001838,84387377.584331,155104000.0,1.94616,2,4.053901,34429428.504831,34429428.504831,1464942918.8498642,3607259503.2697973,70404494.7092173,4718865908.511374,26142031752.7107,0,0,3
Z3,24,8, 4K,164936.0,0.002086,79068072.866731,82468000.0,1.94616,2,4.053901,33365567.561311,33365567.561311,1464942918.8498642,3607259503.2697973,70404494.7092173,4718865908.511374,26142031752.7107,0,0,3
Z3,25,8, 4K,148008.0,0.001908,77572327.044025,148008000.0,1.94616,2,4.053901,33066418.396769,33066418.396769,1464942918.8498642,3607259503.2697973,70404494.7092173,4718865908.511374,26142031752.7107,0,0,3
Z3,26,8, 4K,158128.0,0.001882,84021253.985122,158128000.0,1.94616,2,4.053901,34356203.784989,34356203.784989,1464942918.8498642,3607259503.2697973,70404494.7092173,4718865908.511374,26142031752.7107,0,0,3
Z3,27,8, 4K,212408.0,0.002036,104326129.666012,106204000.0,1.94616,2,4.053901,38417178.921167,38417178.921167,1464942918.8498642,3607259503.2697973,70404494.7092173,4718865908.511374,26142031752.7107,0,0,3
Z3,28,8, 4K,148464.0,0.001877,79096430.474161,148464000.0,1.94616,2,4.053901,33371239.082797,33371239.082797,1464942918.8498642,3607259503.2697973,70404494.7092173,4718865908.511374,26142031752.7107,0,0,3
Z3,29,8, 4K,105600.0,0.001308,80733944.954128,105600000.0,1.94616,2,4.053901,33698741.97879,33698741.97879,1464942918.8498642,3607259503.2697973,70404494.7092173,4718865908.511374,26142031752.7107,0,0,3
Z3,30,8, 4K,74800.0,0.001274,58712715.855573,74800000.0,1.94616,2,4.053901,29294496.159079,29294496.159079,1464942918.8498642,3607259503.2697973,70404494.7092173,4718865908.511374,26142031752.7107,0,0,3
Z3,31,8, 4K,60904.0,0.001018,59827111.984283,60904000.0,1.94616,2,4.053901,29517375.384821,29517375.384821,1464942918.8498642,3607259503.2697973,70404494.7092173,4718865908.511374,26142031752.7107,0,0,3
Z3,32,8, 4K,56704.0,0.001128,50269503.546099,56704000.0,1.94616,2,4.053901,27605853.697184,27605853.697184,1464942918.8498642,3607259503.2697973,70404494.7092173,4718865908.511374,26142031752.7107,0,0,3
Z3,33,8, 4K,77872.0,0.001155,67421645.021645,77872000.0,1.94616,2,4.053901,31036281.992293,31036281.992293,1464942918.8498642,3607259503.2697973,70404494.7092173,4718865908.511374,26142031752.7107,0,0,3
Z3,34,8, 4K,87632.0,0.001263,69384006.334125,87632000.0,1.94616,2,4.053901,31428754.254789,31428754.254789,1464942918.8498642,3607259503.2697973,70404494.7092173,4718865908.511374,26142031752.7107,0,0,3
Z3,35,8, 4K,57472.0,0.001165,49332188.841202,57472000.0,1.94616,2,4.053901,27418390.756205,27418390.756205,1464942918.8498642,3607259503.2697973,70404494.7092173,4718865908.511374,26142031752.7107,0,0,3
Z3,36,8, 4K,71616.0,0.001121,63885816.235504,71616000.0,1.94616,2,4.053901,30329116.235065,30329116.235065,1464942918.8498642,3607259503.2697973,70404494.7092173,4718865908.511374,26142031752.7107,0,0,3
Z3,37,8, 4K,59800.0,0.00115,52000000.0,59800000.0,1.94616,2,4.053901,27951952.987964,27951952.987964,1464942918.8498642,3607259503.2697973,70404494.7092173,4718865908.511374,26142031752.7107,0,0,3
Z3,38,8, 4K,54240.0,0.001173,46240409.207161,54240000.0,1.94616,2,4.053901,26800034.829397,26800034.829397,1464942918.8498642,3607259503.2697973,70404494.7092173,4718865908.511374,26142031752.7107,0,0,3
Z1,0,9, 4K,143136.0,0.022065,6487015.635622,6506176.0,1.77962,2,4.220441,24864829.260869,24864829.260869,1464942918.8498642,3607259503.2697973,70404494.7092173,4718865908.511374,26142031752.7107,0,0,3
Z2,0,9, 4K,6624.0,0.022626,292760.540971,301088.0,1.77962,2,4.220441,23625978.241939,23625978.241939,1464942918.8498642,3607259503.2697973,70404494.7092173,4718865908.511374,26142031752.7107,0,0,3
Z2,1,9, 4K,13352.0,0.000894,14935123.042506,13352000.0,1.77962,2,4.220441,26554450.742246,26554450.742246,1464942918.8498642,3607259503.2697973,70404494.7092173,4718865908.511374,26142031752.7107,0,0,3
Z2,2,9, 4K,12808.0,0.000938,13654584.221748,12808000.0,1.77962,2,4.220441,26298342.978094,26298342.978094,1464942918.8498642,3607259503.2697973,70404494.7092173,4718865908.511374,26142031752.7107,0,0,3
Z2,3,9, 4K,62864.0,0.001067,58916588.566073,62864000.0,1.77962,2,4.220441,35350743.846959,35350743.846959,1464942918.8498642,3607259503.2697973,70404494.7092173,4718865908.511374,26142031752.7107,0,0,3
Z2,4,9, 4K,158280.0,0.001946,81336073.997945,158280000.0,1.77962,2,4.220441,39834640.933333,39834640.933333,1464942918.8498642,3607259503.2697973,70404494.7092173,4718865908.511374,26142031752.7107,0,0,3
Z2,5,9, 4K,143784.0,0.001935,74306976.744186,143784000.0,1.77962,2,4.220441,38428821.482582,38428821.482582,1464942918.8498642,3607259503.2697973,70404494.7092173,4718865908.511374,26142031752.7107,0,0,3
Z2,6,9, 4K,59784.0,0.001228,48684039.087948,59784000.0,1.77962,2,4.220441,33304233.951334,33304233.951334,1464942918.8498642,3607259503.2697973,70404494.7092173,4718865908.511374,26142031752.7107,0,0,3
Z2,7,9, 4K,59624.0,0.001161,51355727.820844,59624000.0,1.77962,2,4.220441,33838571.697913,33838571.697913,1464942918.8498642,3607259503.2697973,70404494.7092173,4718865908.511374,26142031752.7107,0,0,3
Z3,0,9, 4K,19152.0,0.023199,825552.825553,832688.0,1.77962,2,4.220441,23732536.698855,23732536.698855,1464942918.8498642,3607259503.2697973,70404494.7092173,4718865908.511374,26142031752.7107,0,0,3
Z3,1,9, 4K,15048.0,0.001277,11783868.44166,15048000.0,1.77962,2,4.220441,25924199.822077,25924199.822077,1464942918.8498642,3607259503.2697973,70404494.7092173,4718865908.511374,26142031752.7107,0,0,3
Z3,2,9, 4K,13656.0,0.000831,16433212.99639,13656000.0,1.77962,2,4.220441,26854068.733022,26854068.733022,1464942918.8498642,3607259503.2697973,70404494.7092173,4718865908.511374,26142031752.7107,0,0,3
Z3,3,9, 4K,15568.0,0.000879,17711035.267349,15568000.0,1.77962,2,4.220441,27109633.187214,27109633.187214,1464942918.8498642,3607259503.2697973,70404494.7092173,4718865908.511374,26142031752.7107,0,0,3
Z3,4,9, 4K,19992.0,0.000829,24115802.171291,19992000.0,1.77962,2,4.220441,28390586.568003,28390586.568003,1464942918.8498642,3607259503.2697973,70404494.7092173,4718865908.511374,26142031752.7107,0,0,3
Z3,5,9, 4K,43816.0,0.000945,46366137.566138,43816000.0,1.77962,2,4.220441,32840653.646972,32840653.646972,1464942918.8498642,3607259503.2697973,70404494.7092173,4718865908.511374,26142031752.7107,0,0,3
Z3,6,9, 4K,32640.0,0.000932,35021459.227468,32640000.0,1.77962,2,4.220441,30571717.979238,30571717.979238,1464942918.8498642,3607259503.2697973,70404494.7092173,4718865908.511374,26142031752.7107,0,0,3
Z3,7,9, 4K,13112.0,0.000934,14038543.897216,13112000.0,1.77962,2,4.220441,26375134.913188,26375134.913188,1464942918.8498642,3607259503.2697973,70404494.7092173,4718865908.511374,26142031752.7107,0,0,3
Z3,8,9, 4K,12720.0,0.000869,14637514.38435,12720000.0,1.77962,2,4.220441,26494929.010614,26494929.010614,1464942918.8498642,3607259503.2697973,70404494.7092173,4718865908.511374,26142031752.7107,0,0,3
Z3,9,9, 4K,11704.0,0.000907,12904079.38258,11704000.0,1.77962,2,4.220441,26148242.01026,26148242.01026,1464942918.8498642,3607259503.2697973,70404494.7092173,4718865908.511374,26142031752.7107,0,0,3
Z3,10,9, 4K,56456.0,0.001227,46011409.94295,56456000.0,1.77962,2,4.220441,32769708.122335,32769708.122335,1464942918.8498642,3607259503.2697973,70404494.7092173,4718865908.511374,26142031752.7107,0,0,3
Z3,11,9, 4K,42936.0,0.000991,43325933.400605,42936000.0,1.77962,2,4.220441,32232612.813866,32232612.813866,1464942918.8498642,3607259503.2697973,70404494.7092173,4718865908.511374,26142031752.7107,0,0,3
Z3,12,9, 4K,49664.0,0.001002,49564870.259481,49664000.0,1.77962,2,4.220441,33480400.185641,33480400.185641,1464942918.8498642,3607259503.2697973,70404494.7092173,4718865908.511374,26142031752.7107,0,0,3
Z3,13,9, 4K,55832.0,0.000945,59081481.481481,55832000.0,1.77962,2,4.220441,35383722.430041,35383722.430041,1464942918.8498642,3607259503.2697973,70404494.7092173,4718865908.511374,26142031752.7107,0,0,3
Z3,14,9, 4K,101440.0,0.00157,64611464.968153,101440000.0,1.77962,2,4.220441,36489719.127375,36489719.127375,1464942918.8498642,3607259503.2697973,70404494.7092173,4718865908.511374,26142031752.7107,0,0,3
Z3,15,9, 4K,127064.0,0.001944,65362139.917695,127064000.0,1.77962,2,4.220441,36639854.117284,36639854.117284,1464942918.8498642,3607259503.2697973,70404494.7092173,4718865908.511374,26142031752.7107,0,0,3
Z3,16,9, 4K,186256.0,0.0026,71636923.076923,93128000.0,1.77962,2,4.220441,37894810.749129,37894810.749129,1464942918.8498642,3607259503.2697973,70404494.7092173,4718865908.511374,26142031752.7107,0,0,3
Z3,17,9, 4K,117264.0,0.001997,58720080.12018,117264000.0,1.77962,2,4.220441,35311442.157781,35311442.157781,1464942918.8498642,3607259503.2697973,70404494.7092173,4718865908.511374,26142031752.7107,0,0,3
Z3,18,9, 4K,90064.0,0.001822,49431394.072448,90064000.0,1.77962,2,4.220441,33453704.948234,33453704.948234,1464942918.8498642,3607259503.2697973,70404494.7092173,4718865908.511374,26142031752.7107,0,0,3
Z3,19,9, 4K,46808.0,0.001116,41942652.329749,46808000.0,1.77962,2,4.220441,31955956.599694,31955956.599694,1464942918.8498642,3607259503.2697973,70404494.7092173,4718865908.511374,26142031752.7107,0,0,3
Z3,20,9, 4K,65080.0,0.001236,52653721.682848,65080000.0,1.77962,2,4.220441,34098170.470314,34098170.470314,1464942918.8498642,3607259503.2697973,70404494.7092173,4718865908.511374,26142031752.7107,0,0,3
Z3,21,9, 4K,210712.0,0.002731,77155620.651776,105356000.0,1.77962,2,4.220441,38998550.2641,38998550.2641,1464942918.8498642,3607259503.2697973,70404494.7092173,4718865908.511374,26142031752.7107,0,0,3
Z3,22,9, 4K,212696.0,0.002626,80996191.926885,106348000.0,1.77962,2,4.220441,39766664.519121,39766664.519121,1464942918.8498642,3607259503.2697973,70404494.7092173,4718865908.511374,26142031752.7107,0,0,3
Z3,23,9, 4K,204264.0,0.002613,78172215.843858,102132000.0,1.77962,2,4.220441,39201869.302516,39201869.302516,1464942918.8498642,3607259503.2697973,70404494.7092173,4718865908.511374,26142031752.7107,0,0,3
Z3,24,9, 4K,225960.0,0.002952,76544715.447154,112980000.0,1.77962,2,4.220441,38876369.223175,38876369.223175,1464942918.8498642,3607259503.2697973,70404494.7092173,4718865908.511374,26142031752.7107,0,0,3
Z3,25,9, 4K,199056.0,0.002372,83919055.649241,99528000.0,1.77962,2,4.220441,40351237.263593,40351237.263593,1464942918.8498642,3607259503.2697973,70404494.7092173,4718865908.511374,26142031752.7107,0,0,3
Z3,26,9, 4K,204104.0,0.003564,57268237.934905,68034664.0,1.77962,2,4.220441,35021073.720725,35021073.720725,1464942918.8498642,3607259503.2697973,70404494.7092173,4718865908.511374,26142031752.7107,0,0,3
Z3,27,9, 4K,264656.0,0.225372,1174307.367375,1176248.0,1.77962,2,4.220441,23802287.607219,23802287.607219,1464942918.8498642,3607259503.2697973,70404494.7092173,4718865908.511374,26142031752.7107,0,0,3
Z3,28,9, 4K,229440.0,0.004743,48374446.552815,57360000.0,1.77962,2,4.220441,33242315.444307,33242315.444307,1464942918.8498642,3607259503.2697973,70404494.7092173,4718865908.511374,26142031752.7107,0,0,3
Z3,29,9, 4K,144400.0,0.002598,55581216.320246,72200000.0,1.77962,2,4.220441,34683669.397794,34683669.397794,1464942918.8498642,3607259503.2697973,70404494.7092173,4718865908.511374,26142031752.7107,0,0,3
Z3,30,9, 4K,71424.0,0.001215,58785185.185185,71424000.0,1.77962,2,4.220441,35324463.170782,35324463.170782,1464942918.8498642,3607259503.2697973,70404494.7092173,4718865908.511374,26142031752.7107,0,0,3
Z3,31,9, 4K,71768.0,0.015744,4558434.95935,4784528.0,1.77962,2,4.220441,24479113.125614,24479113.125614,1464942918.8498642,3607259503.2697973,70404494.7092173,4718865908.511374,26142031752.7107,0,0,3
Z3,32,9, 4K,78016.0,0.001837,42469243.331519,78016000.0,1.77962,2,4.220441,32061274.800048,32061274.800048,1464942918.8498642,3607259503.2697973,70404494.7092173,4718865908.511374,26142031752.7107,0,0,3
Z3,33,9, 4K,85112.0,0.001877,45344698.987746,85112000.0,1.77962,2,4.220441,32636365.931294,32636365.931294,1464942918.8498642,3607259503.2697973,70404494.7092173,4718865908.511374,26142031752.7107,0,0,3
Z3,34,9, 4K,105792.0,0.002001,52869565.217391,52896000.0,1.77962,2,4.220441,34141339.177223,34141339.177223,1464942918.8498642,3607259503.2697973,70404494.7092173,4718865908.511374,26142031752.7107,0,0,3
Z3,35,9, 4K,59104.0,0.001258,46982511.923688,59104000.0,1.77962,2,4.220441,32963928.518482,32963928.518482,1464942918.8498642,3607259503.2697973,70404494.7092173,4718865908.511374,26142031752.7107,0,0,3
Z3,36,9, 4K,89744.0,0.00188,47736170.212766,89744000.0,1.77962,2,4.220441,33114660.176298,33114660.176298,1464942918.8498642,3607259503.2697973,70404494.7092173,4718865908.511374,26142031752.7107,0,0,3
Z3,37,9, 4K,82576.0,0.002998,27543695.797198,41288000.0,1.77962,2,4.220441,29076165.293184,29076165.293184,1464942918.8498642,3607259503.2697973,70404494.7092173,4718865908.511374,26142031752.7107,0,0,3
Z3,38,9, 4K,72616.0,0.001833,39615930.169122,72616000.0,1.77962,2,4.220441,31490612.167569,31490612.167569,1464942918.8498642,3607259503.2697973,70404494.7092173,4718865908.511374,26142031752.7107,0,0,3
Z1,0,10, 4K,171632.0,0.021222,8087456.413156,8172952.0,1.391504,2,5.608557,27595507.049172,27595507.049172,1464942918.8498642,3607259503.2697973,70404494.7092173,4718865908.511374,26142031752.7107,0,0,3
Z2,0,10, 4K,6624.0,0.020952,316151.202749,331200.0,1.391504,2,5.608557,26041246.00709,26041246.00709,1464942918.8498642,3607259503.2697973,70404494.7092173,4718865908.511374,26142031752.7107,0,0,3
Z2,1,10, 4K,21424.0,0.000878,24400911.161731,21424000.0,1.391504,2,5.608557,30858197.998887,30858197.998887,1464942918.8498642,3607259503.2697973,70404494.7092173,4718865908.511374,26142031752.7107,0,0,3
Z2,2,10, 4K,11408.0,0.000837,13629629.62963,11408000.0,1.391504,2,5.608557,28703941.692466,28703941.692466,1464942918.8498642,3607259503.2697973,70404494.7092173,4718865908.511374,26142031752.7107,0,0,3
Z2,3,10, 4K,91896.0,0.001346,68273402.674591,91896000.0,1.391504,2,5.608557,39632696.301459,39632696.301459,1464942918.8498642,3607259503.2697973,70404494.7092173,4718865908.511374,26142031752.7107,0,0,3
Z2,4,10, 4K,176696.0,0.002957,59755157.253974,88348000.0,1.391504,2,5.608557,37929047.217335,37929047.217335,1464942918.8498642,3607259503.2697973,70404494.7092173,4718865908.511374,26142031752.7107,0,0,3
Z2,5,10, 4K,150256.0,0.002258,66543844.109832,75128000.0,1.391504,2,5.608557,39286784.588507,39286784.588507,1464942918.8498642,3607259503.2697973,70404494.7092173,4718865908.511374,26142031752.7107,0,0,3
Z2,6,10, 4K,75936.0,0.004782,15879548.306148,18984000.0,1.391504,2,5.608557,29153925.42777,29153925.42777,1464942918.8498642,3607259503.2697973,70404494.7092173,4718865908.511374,26142031752.7107,0,0,3
Z2,7,10, 4K,96152.0,0.001837,52341861.731083,96152000.0,1.391504,2,5.608557,36446388.112757,36446388.112757,1464942918.8498642,3607259503.2697973,70404494.7092173,4718865908.511374,26142031752.7107,0,0,3
Z3,0,10, 4K,61888.0,0.022368,2766809.728183,2813088.0,1.391504,2,5.608557,26531377.712177,26531377.712177,1464942918.8498642,3607259503.2697973,70404494.7092173,4718865908.511374,26142031752.7107,0,0,3
Z3,1,10, 4K,32688.0,0.000968,33768595.041322,32688000.0,1.391504,2,5.608557,32731734.774805,32731734.774805,1464942918.8498642,3607259503.2697973,70404494.7092173,4718865908.511374,26142031752.7107,0,0,3
Z3,2,10, 4K,21168.0,0.004248,4983050.847458,5292000.0,1.391504,2,5.608557,26974625.936032,26974625.936032,1464942918.8498642,3607259503.2697973,70404494.7092173,4718865908.511374,26142031752.7107,0,0,3
Z3,3,10, 4K,28472.0,0.000931,30582169.709989,28472000.0,1.391504,2,5.608557,32094449.708538,32094449.708538,1464942918.8498642,3607259503.2697973,70404494.7092173,4718865908.511374,26142031752.7107,0,0,3
Z3,4,10, 4K,45352.0,0.00108,41992592.592593,45352000.0,1.391504,2,5.608557,34376534.285059,34376534.285059,1464942918.8498642,3607259503.2697973,70404494.7092173,4718865908.511374,26142031752.7107,0,0,3
Z3,5,10, 4K,72936.0,0.001081,67470860.314524,72936000.0,1.391504,2,5.608557,39472187.829445,39472187.829445,1464942918.8498642,3607259503.2697973,70404494.7092173,4718865908.511374,26142031752.7107,0,0,3
Z3,6,10, 4K,27848.0,0.000946,29437632.135307,27848000.0,1.391504,2,5.608557,31865542.193602,31865542.193602,1464942918.8498642,3607259503.2697973,70404494.7092173,4718865908.511374,26142031752.7107,0,0,3
Z3,7,10, 4K,13192.0,0.000782,16869565.217391,13192000.0,1.391504,2,5.608557,29351928.810019,29351928.810019,1464942918.8498642,3607259503.2697973,70404494.7092173,4718865908.511374,26142031752.7107,0,0,3
Z3,8,10, 4K,11896.0,0.000724,16430939.226519,11896000.0,1.391504,2,5.608557,29264203.611844,29264203.611844,1464942918.8498642,3607259503.2697973,70404494.7092173,4718865908.511374,26142031752.7107,0,0,3
Z3,9,10, 4K,11528.0,0.000844,13658767.772512,11528000.0,1.391504,2,5.608557,28709769.321043,28709769.321043,1464942918.8498642,3607259503.2697973,70404494.7092173,4718865908.511374,26142031752.7107,0,0,3
Z3,10,10, 4K,75360.0,0.001317,57220956.719818,75360000.0,1.391504,2,5.608557,37422207.110504,37422207.110504,1464942918.8498642,3607259503.2697973,70404494.7092173,4718865908.511374,26142031752.7107,0,0,3
Z3,11,10, 4K,100176.0,0.001231,81377741.673436,100176000.0,1.391504,2,5.608557,42253564.101228,42253564.101228,1464942918.8498642,3607259503.2697973,70404494.7092173,4718865908.511374,26142031752.7107,0,0,3
Z3,12,10, 4K,71264.0,0.000951,74935856.992639,71264000.0,1.391504,2,5.608557,40965187.165068,40965187.165068,1464942918.8498642,3607259503.2697973,70404494.7092173,4718865908.511374,26142031752.7107,0,0,3
Z3,13,10, 4K,87864.0,0.001235,71144939.271255,87864000.0,1.391504,2,5.608557,40207003.620792,40207003.620792,1464942918.8498642,3607259503.2697973,70404494.7092173,4718865908.511374,26142031752.7107,0,0,3
Z3,14,10, 4K,125616.0,0.001826,68792990.142388,125616000.0,1.391504,2,5.608557,39736613.795018,39736613.795018,1464942918.8498642,3607259503.2697973,70404494.7092173,4718865908.511374,26142031752.7107,0,0,3
Z3,15,10, 4K,148008.0,0.001919,77127670.661803,148008000.0,1.391504,2,5.608557,41403549.898901,41403549.898901,1464942918.8498642,3607259503.2697973,70404494.7092173,4718865908.511374,26142031752.7107,0,0,3
Z3,16,10, 4K,196960.0,0.002028,97120315.581854,98480000.0,1.391504,2,5.608557,45402078.882911,45402078.882911,1464942918.8498642,3607259503.2697973,70404494.7092173,4718865908.511374,26142031752.7107,0,0,3
Z3,17,10, 4K,128568.0,0.001435,89594425.087108,128568000.0,1.391504,2,5.608557,43896900.783962,43896900.783962,1464942918.8498642,3607259503.2697973,70404494.7092173,4718865908.511374,26142031752.7107,0,0,3
Z3,18,10, 4K,101392.0,0.001534,66096479.791395,101392000.0,1.391504,2,5.608557,39197311.72482,39197311.72482,1464942918.8498642,3607259503.2697973,70404494.7092173,4718865908.511374,26142031752.7107,0,0,3
Z3,19,10, 4K,96624.0,0.0016,60390000.0,96624000.0,1.391504,2,5.608557,38056015.766541,38056015.766541,1464942918.8498642,3607259503.2697973,70404494.7092173,4718865908.511374,26142031752.7107,0,0,3
Z3,20,10, 4K,99416.0,0.001325,75030943.396226,99416000.0,1.391504,2,5.608557,40984204.445786,40984204.445786,1464942918.8498642,3607259503.2697973,70404494.7092173,4718865908.511374,26142031752.7107,0,0,3
Z3,21,10, 4K,235888.0,0.00229,103007860.262009,117944000.0,1.391504,2,5.608557,46579587.818942,46579587.818942,1464942918.8498642,3607259503.2697973,70404494.7092173,4718865908.511374,26142031752.7107,0,0,3
Z3,22,10, 4K,238056.0,0.002202,108108991.825613,119028000.0,1.391504,2,5.608557,47599814.131663,47599814.131663,1464942918.8498642,3607259503.2697973,70404494.7092173,4718865908.511374,26142031752.7107,0,0,3
Z3,23,10, 4K,231240.0,0.002042,113241919.686582,115620000.0,1.391504,2,5.608557,48626399.703857,48626399.703857,1464942918.8498642,3607259503.2697973,70404494.7092173,4718865908.511374,26142031752.7107,0,0,3
Z3,24,10, 4K,299680.0,0.002422,123732452.51858,149840000.0,1.391504,2,5.608557,50724506.270256,50724506.270256,1464942918.8498642,3607259503.2697973,70404494.7092173,4718865908.511374,26142031752.7107,0,0,3
Z3,25,10, 4K,228120.0,0.002353,96948576.285593,114060000.0,1.391504,2,5.608557,45367731.023659,45367731.023659,1464942918.8498642,3607259503.2697973,70404494.7092173,4718865908.511374,26142031752.7107,0,0,3
Z3,26,10, 4K,227320.0,0.002231,101891528.462573,113660000.0,1.391504,2,5.608557,46356321.459055,46356321.459055,1464942918.8498642,3607259503.2697973,70404494.7092173,4718865908.511374,26142031752.7107,0,0,3
Z3,27,10, 4K,304072.0,0.002845,106879437.609842,152036000.0,1.391504,2,5.608557,47353903.288509,47353903.288509,1464942918.8498642,3607259503.2697973,70404494.7092173,4718865908.511374,26142031752.7107,0,0,3
Z3,28,10, 4K,353400.0,0.003532,100056625.141563,117800000.0,1.391504,2,5.608557,45989340.794853,45989340.794853,1464942918.8498642,3607259503.2697973,70404494.7092173,4718865908.511374,26142031752.7107,0,0,3
Z3,29,10, 4K,172656.0,0.001859,92875739.64497,172656000.0,1.391504,2,5.608557,44553163.695535,44553163.695535,1464942918.8498642,3607259503.2697973,70404494.7092173,4718865908.511374,26142031752.7107,0,0,3
Z3,30,10, 4K,98848.0,0.001251,79015187.84972,98848000.0,1.391504,2,5.608557,41781053.336485,41781053.336485,1464942918.8498642,3607259503.2697973,70404494.7092173,4718865908.511374,26142031752.7107,0,0,3
Z3,31,10, 4K,91496.0,0.001975,46327088.607595,91496000.0,1.391504,2,5.608557,35243433.48806,35243433.48806,1464942918.8498642,3607259503.2697973,70404494.7092173,4718865908.511374,26142031752.7107,0,0,3
Z3,32,10, 4K,97576.0,0.001824,53495614.035088,97576000.0,1.391504,2,5.608557,36677138.573558,36677138.573558,1464942918.8498642,3607259503.2697973,70404494.7092173,4718865908.511374,26142031752.7107,0,0,3
Z3,33,10, 4K,97704.0,0.001824,53565789.473684,97704000.0,1.391504,2,5.608557,36691173.661277,36691173.661277,1464942918.8498642,3607259503.2697973,70404494.7092173,4718865908.511374,26142031752.7107,0,0,3
Z3,34,10, 4K,88320.0,0.225333,391953.242534,392528.0,1.391504,2,5.608557,26056406.415047,26056406.415047,1464942918.8498642,3607259503.2697973,70404494.7092173,4718865908.511374,26142031752.7107,0,0,3
Z3,35,10, 4K,87440.0,0.015394,5680135.117578,5829328.0,1.391504,2,5.608557,27114042.790056,27114042.790056,1464942918.8498642,3607259503.2697973,70404494.7092173,4718865908.511374,26142031752.7107,0,0,3
Z3,36,10, 4K,104440.0,0.002913,35853072.433917,52220000.0,1.391504,2,5.608557,33148630.253324,33148630.253324,1464942918.8498642,3607259503.2697973,70404494.7092173,4718865908.511374,26142031752.7107,0,0,3
Z3,37,10, 4K,121960.0,0.002438,50024610.336341,60980000.0,1.391504,2,5.608557,35982937.833809,35982937.833809,1464942918.8498642,3607259503.2697973,70404494.7092173,4718865908.511374,26142031752.7107,0,0,3
Z3,38,10, 4K,101328.0,0.001802,56230854.605993,101328000.0,1.391504,2,5.608557,37224186.687739,37224186.687739,1464942918.8498642,3607259503.2697973,70404494.7092173,4718865908.511374,26142031752.7107,0,0,3
Z1,0,11, 4K,187144.0,0.023546,7948016.648263,8136688.0,1.001662,2,5.998399,34807042.126108,34807042.126108,1464942918.8498642,3607259503.2697973,70404494.7092173,4718865908.511374,26142031752.7107,0,0,3
Z2,0,11, 4K,6624.0,0.02292,289005.235602,301088.0,1.001662,2,5.998399,33275239.843576,33275239.843576,1464942918.8498642,3607259503.2697973,70404494.7092173,4718865908.511374,26142031752.7107,0,0,3
Z2,1,11, 4K,30984.0,0.005557,5575670.325715,6196800.0,1.001662,2,5.998399,34332572.861598,34332572.861598,1464942918.8498642,3607259503.2697973,70404494.7092173,4718865908.511374,26142031752.7107,0,0,3
Z2,2,11, 4K,15416.0,0.000896,17205357.142857,15416000.0,1.001662,2,5.998399,36658510.225027,36658510.225027,1464942918.8498642,3607259503.2697973,70404494.7092173,4718865908.511374,26142031752.7107,0,0,3
Z2,3,11, 4K,106528.0,0.001149,92713664.055701,106528000.0,1.001662,2,5.998399,51760171.607595,51760171.607595,1464942918.8498642,3607259503.2697973,70404494.7092173,4718865908.511374,26142031752.7107,0,0,3
Z2,4,11, 4K,207096.0,0.002263,91513919.575784,103548000.0,1.001662,2,5.998399,51520222.711612,51520222.711612,1464942918.8498642,3607259503.2697973,70404494.7092173,4718865908.511374,26142031752.7107,0,0,3
Z2,5,11, 4K,144872.0,0.001987,72909914.443885,144872000.0,1.001662,2,5.998399,47799421.685232,47799421.685232,1464942918.8498642,3607259503.2697973,70404494.7092173,4718865908.511374,26142031752.7107,0,0,3
Z2,6,11, 4K,96736.0,0.001262,76652931.8542,96736000.0,1.001662,2,5.998399,48548025.167295,48548025.167295,1464942918.8498642,3607259503.2697973,70404494.7092173,4718865908.511374,26142031752.7107,0,0,3
Z2,7,11, 4K,148752.0,0.001792,83008928.571429,148752000.0,1.001662,2,5.998399,49819224.510741,49819224.510741,1464942918.8498642,3607259503.2697973,70404494.7092173,4718865908.511374,26142031752.7107,0,0,3
Z3,0,11, 4K,34936.0,0.023902,1461635.009623,1518952.0,1.001662,2,5.998399,33509765.79838,33509765.79838,1464942918.8498642,3607259503.2697973,70404494.7092173,4718865908.511374,26142031752.7107,0,0,3
Z3,1,11, 4K,27632.0,0.004464,6189964.157706,6908000.0,1.001662,2,5.998399,34455431.627996,34455431.627996,1464942918.8498642,3607259503.2697973,70404494.7092173,4718865908.511374,26142031752.7107,0,0,3
Z3,2,11, 4K,23520.0,0.001533,15342465.753425,23520000.0,1.001662,2,5.998399,36285931.94714,36285931.94714,1464942918.8498642,3607259503.2697973,70404494.7092173,4718865908.511374,26142031752.7107,0,0,3
Z3,3,11, 4K,31368.0,0.001065,29453521.126761,31368000.0,1.001662,2,5.998399,39108143.021807,39108143.021807,1464942918.8498642,3607259503.2697973,70404494.7092173,4718865908.511374,26142031752.7107,0,0,3
Z3,4,11, 4K,54312.0,0.001002,54203592.814371,54312000.0,1.001662,2,5.998399,44058157.359329,44058157.359329,1464942918.8498642,3607259503.2697973,70404494.7092173,4718865908.511374,26142031752.7107,0,0,3
Z3,5,11, 4K,40752.0,0.226093,180244.412697,180312.0,1.001662,2,5.998399,33253487.678995,33253487.678995,1464942918.8498642,3607259503.2697973,70404494.7092173,4718865908.511374,26142031752.7107,0,0,3
Z3,6,11, 4K,38360.0,0.001196,32073578.595318,38360000.0,1.001662,2,5.998399,39632154.515519,39632154.515519,1464942918.8498642,3607259503.2697973,70404494.7092173,4718865908.511374,26142031752.7107,0,0,3
Z3,7,11, 4K,36560.0,0.001171,31221178.479932,36560000.0,1.001662,2,5.998399,39461674.492442,39461674.492442,1464942918.8498642,3607259503.2697973,70404494.7092173,4718865908.511374,26142031752.7107,0,0,3
Z3,8,11, 4K,21080.0,0.000793,26582597.730139,21080000.0,1.001662,2,5.998399,38533958.342483,38533958.342483,1464942918.8498642,3607259503.2697973,70404494.7092173,4718865908.511374,26142031752.7107,0,0,3
Z3,9,11, 4K,20560.0,0.001044,19693486.590038,20560000.0,1.001662,2,5.998399,37156136.114463,37156136.114463,1464942918.8498642,3607259503.2697973,70404494.7092173,4718865908.511374,26142031752.7107,0,0,3
Z3,10,11, 4K,91920.0,0.003401,27027344.898559,30640000.0,1.001662,2,5.998399,38622907.776167,38622907.776167,1464942918.8498642,3607259503.2697973,70404494.7092173,4718865908.511374,26142031752.7107,0,0,3
Z3,11,11, 4K,138720.0,0.003067,45229866.318878,46240000.0,1.001662,2,5.998399,42263412.060231,42263412.060231,1464942918.8498642,3607259503.2697973,70404494.7092173,4718865908.511374,26142031752.7107,0,0,3
Z3,12,11, 4K,120856.0,0.001868,64698072.805139,120856000.0,1.001662,2,5.998399,46157053.357483,46157053.357483,1464942918.8498642,3607259503.2697973,70404494.7092173,4718865908.511374,26142031752.7107,0,0,3
Z3,13,11, 4K,114584.0,0.001873,61176721.836626,114584000.0,1.001662,2,5.998399,45452783.16378,45452783.16378,1464942918.8498642,3607259503.2697973,70404494.7092173,4718865908.511374,26142031752.7107,0,0,3
Z3,14,11, 4K,144272.0,0.002128,67796992.481203,72136000.0,1.001662,2,5.998399,46776837.292696,46776837.292696,1464942918.8498642,3607259503.2697973,70404494.7092173,4718865908.511374,26142031752.7107,0,0,3
Z3,15,11, 4K,138616.0,0.002523,54940943.321443,69308000.0,1.001662,2,5.998399,44205627.460744,44205627.460744,1464942918.8498642,3607259503.2697973,70404494.7092173,4718865908.511374,26142031752.7107,0,0,3
Z3,16,11, 4K,211528.0,0.002713,77968300.774051,105764000.0,1.001662,2,5.998399,48811098.951265,48811098.951265,1464942918.8498642,3607259503.2697973,70404494.7092173,4718865908.511374,26142031752.7107,0,0,3
Z3,17,11, 4K,135616.0,0.001974,68701114.488349,135616000.0,1.001662,2,5.998399,46957661.694125,46957661.694125,1464942918.8498642,3607259503.2697973,70404494.7092173,4718865908.511374,26142031752.7107,0,0,3
Z3,18,11, 4K,99488.0,0.001705,58350733.13783,99488000.0,1.001662,2,5.998399,44887585.424021,44887585.424021,1464942918.8498642,3607259503.2697973,70404494.7092173,4718865908.511374,26142031752.7107,0,0,3
Z3,19,11, 4K,90224.0,0.001313,68715917.745621,90224000.0,1.001662,2,5.998399,46960622.345579,46960622.345579,1464942918.8498642,3607259503.2697973,70404494.7092173,4718865908.511374,26142031752.7107,0,0,3
Z3,20,11, 4K,89648.0,0.001356,66112094.39528,89648000.0,1.001662,2,5.998399,46439857.675511,46439857.675511,1464942918.8498642,3607259503.2697973,70404494.7092173,4718865908.511374,26142031752.7107,0,0,3
Z3,21,11, 4K,254456.0,0.002515,101175347.912525,127228000.0,1.001662,2,5.998399,53452508.37896,53452508.37896,1464942918.8498642,3607259503.2697973,70404494.7092173,4718865908.511374,26142031752.7107,0,0,3
Z3,22,11, 4K,295200.0,0.004011,73597606.5819,73800000.0,1.001662,2,5.998399,47936960.112835,47936960.112835,1464942918.8498642,3607259503.2697973,70404494.7092173,4718865908.511374,26142031752.7107,0,0,3
Z3,23,11, 4K,337696.0,0.003285,102799391.171994,112565328.0,1.001662,2,5.998399,53777317.030854,53777317.030854,1464942918.8498642,3607259503.2697973,70404494.7092173,4718865908.511374,26142031752.7107,0,0,3
Z3,24,11, 4K,372720.0,0.003613,103160808.192638,124240000.0,1.001662,2,5.998399,53849600.434983,53849600.434983,1464942918.8498642,3607259503.2697973,70404494.7092173,4718865908.511374,26142031752.7107,0,0,3
Z3,25,11, 4K,225672.0,0.002387,94542103.058232,112836000.0,1.001662,2,5.998399,52125859.408102,52125859.408102,1464942918.8498642,3607259503.2697973,70404494.7092173,4718865908.511374,26142031752.7107,0,0,3
Z3,26,11, 4K,265312.0,0.002691,98592344.853214,132656000.0,1.001662,2,5.998399,52935907.767098,52935907.767098,1464942918.8498642,3607259503.2697973,70404494.7092173,4718865908.511374,26142031752.7107,0,0,3
Z3,27,11, 4K,373248.0,0.003591,103939849.62406,124416000.0,1.001662,2,5.998399,54005408.721267,54005408.721267,1464942918.8498642,3607259503.2697973,70404494.7092173,4718865908.511374,26142031752.7107,0,0,3
Z3,28,11, 4K,513952.0,0.004951,103807715.613007,128488000.0,1.001662,2,5.998399,53978981.919057,53978981.919057,1464942918.8498642,3607259503.2697973,70404494.7092173,4718865908.511374,26142031752.7107,0,0,3
Z3,29,11, 4K,265808.0,0.003185,83456200.941915,88602664.0,1.001662,2,5.998399,49908678.984838,49908678.984838,1464942918.8498642,3607259503.2697973,70404494.7092173,4718865908.511374,26142031752.7107,0,0,3
Z3,30,11, 4K,102392.0,0.00155,66059354.83871,102392000.0,1.001662,2,5.998399,46429309.764197,46429309.764197,1464942918.8498642,3607259503.2697973,70404494.7092173,4718865908.511374,26142031752.7107,0,0,3
Z3,31,11, 4K,91552.0,0.001539,59487979.207277,91552000.0,1.001662,2,5.998399,45115034.637911,45115034.637911,1464942918.8498642,3607259503.2697973,70404494.7092173,4718865908.511374,26142031752.7107,0,0,3
Z3,32,11, 4K,101968.0,0.001801,56617434.758468,101968000.0,1.001662,2,5.998399,44540925.748149,44540925.748149,1464942918.8498642,3607259503.2697973,70404494.7092173,4718865908.511374,26142031752.7107,0,0,3
Z3,33,11, 4K,107392.0,0.002114,50800378.429518,53696000.0,1.001662,2,5.998399,43377514.482359,43377514.482359,1464942918.8498642,3607259503.2697973,70404494.7092173,4718865908.511374,26142031752.7107,0,0,3
Z3,34,11, 4K,80560.0,0.00125,64448000.0,80560000.0,1.001662,2,5.998399,46107038.796455,46107038.796455,1464942918.8498642,3607259503.2697973,70404494.7092173,4718865908.511374,26142031752.7107,0,0,3
Z3,35,11, 4K,93112.0,0.001484,62743935.309973,93112000.0,1.001662,2,5.998399,45766225.85845,45766225.85845,1464942918.8498642,3607259503.2697973,70404494.7092173,4718865908.511374,26142031752.7107,0,0,3
Z3,36,11, 4K,90024.0,0.001337,67332834.704562,90024000.0,1.001662,2,5.998399,46684005.737368,46684005.737368,1464942918.8498642,3607259503.2697973,70404494.7092173,4718865908.511374,26142031752.7107,0,0,3
Z3,37,11, 4K,76112.0,0.001216,62592105.263158,76112000.0,1.001662,2,5.998399,45735859.849087,45735859.849087,1464942918.8498642,3607259503.2697973,70404494.7092173,4718865908.511374,26142031752.7107,0,0,3
Z3,38,11, 4K,104384.0,0.0015,69589333.333333,104384000.0,1.001662,2,5.998399,47135305.463122,47135305.463122,1464942918.8498642,3607259503.2697973,70404494.7092173,4718865908.511374,26142031752.7107,0,0,3
Z1,0,12, 4K,115864.0,0.021207,5463479.03994,5517328.0,1.0,2,7.395871,43428001.27111,43428001.27111,1464942918.8498642,3607259503.2697973,70404494.7092173,4718865908.511374,26142031752.7107,0,0,3
Z2,0,12, 4K,6624.0,0.020502,323090.430202,331200.0,1.0,2,7.395871,42399923.549162,42399923.549162,1464942918.8498642,3607259503.2697973,70404494.7092173,4718865908.511374,26142031752.7107,0,0,3
Z2,1,12, 4K,11424.0,0.000703,16250355.618777,11424000.0,1.0,2,7.395871,45585376.586877,45585376.586877,1464942918.8498642,3607259503.2697973,70404494.7092173,4718865908.511374,26142031752.7107,0,0,3
Z2,2,12, 4K,11144.0,0.000981,11359836.901121,11144000.0,1.0,2,7.395871,44607272.843346,44607272.843346,1464942918.8498642,3607259503.2697973,70404494.7092173,4718865908.511374,26142031752.7107,0,0,3
Z2,3,12, 4K,12184.0,0.000869,14020713.463751,12184000.0,1.0,2,7.395871,45139448.155872,45139448.155872,1464942918.8498642,3607259503.2697973,70404494.7092173,4718865908.511374,26142031752.7107,0,0,3
Z2,4,12, 4K,141952.0,0.015977,8884771.859548,9463464.0,1.0,2,7.395871,44112259.835032,44112259.835032,1464942918.8498642,3607259503.2697973,70404494.7092173,4718865908.511374,26142031752.7107,0,0,3
Z2,5,12, 4K,104480.0,0.001667,62675464.907019,104480000.0,1.0,2,7.395871,54870398.444526,54870398.444526,1464942918.8498642,3607259503.2697973,70404494.7092173,4718865908.511374,26142031752.7107,0,0,3
Z2,6,12, 4K,439328.0,0.003679,119415058.439793,146442664.0,1.0,2,7.395871,66218317.151081,66218317.151081,1464942918.8498642,3607259503.2697973,70404494.7092173,4718865908.511374,26142031752.7107,0,0,3
Z2,7,12, 4K,256424.0,0.003304,77610169.491525,85474664.0,1.0,2,7.395871,57857339.361427,57857339.361427,1464942918.8498642,3607259503.2697973,70404494.7092173,4718865908.511374,26142031752.7107,0,0,3
Z3,0,12, 4K,20480.0,0.023407,874951.937455,890432.0,1.0,2,7.395871,42510295.850613,42510295.850613,1464942918.8498642,3607259503.2697973,70404494.7092173,4718865908.511374,26142031752.7107,0,0,3
Z3,1,12, 4K,19496.0,0.000799,24400500.625782,19496000.0,1.0,2,7.395871,47215405.588278,47215405.588278,1464942918.8498642,3607259503.2697973,70404494.7092173,4718865908.511374,26142031752.7107,0,0,3
Z3,2,12, 4K,41600.0,0.001135,36651982.378855,41600000.0,1.0,2,7.395871,49665701.938893,49665701.938893,1464942918.8498642,3607259503.2697973,70404494.7092173,4718865908.511374,26142031752.7107,0,0,3
Z3,3,12, 4K,26232.0,0.004387,5979484.841577,6558000.0,1.0,2,7.395871,43531202.431437,43531202.431437,1464942918.8498642,3607259503.2697973,70404494.7092173,4718865908.511374,26142031752.7107,0,0,3
Z3,4,12, 4K,35912.0,0.001015,35381280.788177,35912000.0,1.0,2,7.395871,49411561.620757,49411561.620757,1464942918.8498642,3607259503.2697973,70404494.7092173,4718865908.511374,26142031752.7107,0,0,3
Z3,5,12, 4K,31912.0,0.001016,31409448.818898,31912000.0,1.0,2,7.395871,48617195.226901,48617195.226901,1464942918.8498642,3607259503.2697973,70404494.7092173,4718865908.511374,26142031752.7107,0,0,3
Z3,6,12, 4K,19240.0,0.000964,19958506.224066,19240000.0,1.0,2,7.395871,46327006.707935,46327006.707935,1464942918.8498642,3607259503.2697973,70404494.7092173,4718865908.511374,26142031752.7107,0,0,3
Z3,7,12, 4K,15136.0,0.000953,15882476.390346,15136000.0,1.0,2,7.395871,45511800.741191,45511800.741191,1464942918.8498642,3607259503.2697973,70404494.7092173,4718865908.511374,26142031752.7107,0,0,3
Z3,8,12, 4K,11880.0,0.000874,13592677.345538,11880000.0,1.0,2,7.395871,45053840.932229,45053840.932229,1464942918.8498642,3607259503.2697973,70404494.7092173,4718865908.511374,26142031752.7107,0,0,3
Z3,9,12, 4K,110704.0,0.001671,66250149.611011,110704000.0,1.0,2,7.395871,55585335.385324,55585335.385324,1464942918.8498642,3607259503.2697973,70404494.7092173,4718865908.511374,26142031752.7107,0,0,3
Z3,10,12, 4K,129784.0,0.001866,69551982.851018,129784000.0,1.0,2,7.395871,56245702.033326,56245702.033326,1464942918.8498642,3607259503.2697973,70404494.7092173,4718865908.511374,26142031752.7107,0,0,3
Z3,11,12, 4K,166568.0,0.002048,81332031.25,83284000.0,1.0,2,7.395871,58601711.713122,58601711.713122,1464942918.8498642,3607259503.2697973,70404494.7092173,4718865908.511374,26142031752.7107,0,0,3
Z3,12,12, 4K,122960.0,0.003428,35869311.551925,40986664.0,1.0,2,7.395871,49509167.773507,49509167.773507,1464942918.8498642,3607259503.2697973,70404494.7092173,4718865908.511374,26142031752.7107,0,0,3
Z3,13,12, 4K,171640.0,0.002069,82957950.700822,85820000.0,1.0,2,7.395871,58926895.603286,58926895.603286,1464942918.8498642,3607259503.2697973,70404494.7092173,4718865908.511374,26142031752.7107,0,0,3
Z3,14,12, 4K,164560.0,0.00213,77258215.962441,82280000.0,1.0,2,7.395871,57786948.65561,57786948.65561,1464942918.8498642,3607259503.2697973,70404494.7092173,4718865908.511374,26142031752.7107,0,0,3
Z3,15,12, 4K,200832.0,0.006283,31964348.241286,33472000.0,1.0,2,7.395871,48728175.111379,48728175.111379,1464942918.8498642,3607259503.2697973,70404494.7092173,4718865908.511374,26142031752.7107,0,0,3
Z3,16,12, 4K,163440.0,0.002149,76053978.594695,81720000.0,1.0,2,7.395871,57546101.182061,57546101.182061,1464942918.8498642,3607259503.2697973,70404494.7092173,4718865908.511374,26142031752.7107,0,0,3
Z3,17,12, 4K,195408.0,0.002512,77789808.917197,97704000.0,1.0,2,7.395871,57893267.246561,57893267.246561,1464942918.8498642,3607259503.2697973,70404494.7092173,4718865908.511374,26142031752.7107,0,0,3
Z3,18,12, 4K,214760.0,0.002355,91193205.944798,107380000.0,1.0,2,7.395871,60573946.652082,60573946.652082,1464942918.8498642,3607259503.2697973,70404494.7092173,4718865908.511374,26142031752.7107,0,0,3
Z3,19,12, 4K,248576.0,0.002866,86732728.541521,124288000.0,1.0,2,7.395871,59681851.171426,59681851.171426,1464942918.8498642,3607259503.2697973,70404494.7092173,4718865908.511374,26142031752.7107,0,0,3
Z3,20,12, 4K,345040.0,0.003445,100156748.911466,115013328.0,1.0,2,7.395871,62366655.245415,62366655.245415,1464942918.8498642,3607259503.2697973,70404494.7092173,4718865908.511374,26142031752.7107,0,0,3
Z3,21,12, 4K,295296.0,0.002795,105651520.572451,147648000.0,1.0,2,7.395871,63465609.577612,63465609.577612,1464942918.8498642,3607259503.2697973,70404494.7092173,4718865908.511374,26142031752.7107,0,0,3
Z3,22,12, 4K,385520.0,0.0038,101452631.578947,128506664.0,1.0,2,7.395871,62625831.778911,62625831.778911,1464942918.8498642,3607259503.2697973,70404494.7092173,4718865908.511374,26142031752.7107,0,0,3
Z3,23,12, 4K,219952.0,0.002515,87456063.61829,109976000.0,1.0,2,7.395871,59826518.18678,59826518.18678,1464942918.8498642,3607259503.2697973,70404494.7092173,4718865908.511374,26142031752.7107,0,0,3
Z3,24,12, 4K,323240.0,0.002247,143854027.592345,161620000.0,1.0,2,7.395871,71106110.981591,71106110.981591,1464942918.8498642,3607259503.2697973,70404494.7092173,4718865908.511374,26142031752.7107,0,0,3
Z3,25,12, 4K,481656.0,0.005128,93926677.067083,96331200.0,1.0,2,7.395871,61120640.876538,61120640.876538,1464942918.8498642,3607259503.2697973,70404494.7092173,4718865908.511374,26142031752.7107,0,0,3
Z3,26,12, 4K,552784.0,0.213984,2583295.947361,2595224.0,1.0,2,7.395871,42851964.652594,42851964.652594,1464942918.8498642,3607259503.2697973,70404494.7092173,4718865908.511374,26142031752.7107,0,0,3
Z3,27,12, 4K,177168.0,0.001969,89978669.375317,177168000.0,1.0,2,7.395871,60331039.338185,60331039.338185,1464942918.8498642,3607259503.2697973,70404494.7092173,4718865908.511374,26142031752.7107,0,0,3
Z3,28,12, 4K,80536.0,0.001458,55237311.38546,80536000.0,1.0,2,7.395871,53382767.740214,53382767.740214,1464942918.8498642,3607259503.2697973,70404494.7092173,4718865908.511374,26142031752.7107,0,0,3
Z3,29,12, 4K,78928.0,0.00134,58901492.537313,78928000.0,1.0,2,7.395871,54115603.970585,54115603.970585,1464942918.8498642,3607259503.2697973,70404494.7092173,4718865908.511374,26142031752.7107,0,0,3
Z3,30,12, 4K,90936.0,0.001341,67812080.536913,90936000.0,1.0,2,7.395871,55897721.570504,55897721.570504,1464942918.8498642,3607259503.2697973,70404494.7092173,4718865908.511374,26142031752.7107,0,0,3
Z3,31,12, 4K,108688.0,0.001351,80450037.009622,108688000.0,1.0,2,7.395871,58425312.865046,58425312.865046,1464942918.8498642,3607259503.2697973,70404494.7092173,4718865908.511374,26142031752.7107,0,0,3
Z3,32,12, 4K,106656.0,0.016206,6581266.197705,6666000.0,1.0,2,7.395871,43651558.702663,43651558.702663,1464942918.8498642,3607259503.2697973,70404494.7092173,4718865908.511374,26142031752.7107,0,0,3
Z3,33,12, 4K,105120.0,0.001326,79276018.099548,105120000.0,1.0,2,7.395871,58190509.083031,58190509.083031,1464942918.8498642,3607259503.2697973,70404494.7092173,4718865908.511374,26142031752.7107,0,0,3
Z3,34,12, 4K,114168.0,0.001599,71399624.765478,114168000.0,1.0,2,7.395871,56615230.416218,56615230.416218,1464942918.8498642,3607259503.2697973,70404494.7092173,4718865908.511374,26142031752.7107,0,0,3
Z3,35,12, 4K,172408.0,0.002087,82610445.615716,86204000.0,1.0,2,7.395871,58857394.586265,58857394.586265,1464942918.8498642,3607259503.2697973,70404494.7092173,4718865908.511374,26142031752.7107,0,0,3
Z3,36,12, 4K,121920.0,0.001559,78203976.908275,121920000.0,1.0,2,7.395871,57976100.844777,57976100.844777,1464942918.8498642,3607259503.2697973,70404494.7092173,4718865908.511374,26142031752.7107,0,0,3
Z3,37,12, 4K,90808.0,0.001369,66331628.926224,90808000.0,1.0,2,7.395871,55601631.248367,55601631.248367,1464942918.8498642,3607259503.2697973,70404494.7092173,4718865908.511374,26142031752.7107,0,0,3
Z3,38,12, 4K,97728.0,0.001375,71074909.090909,97728000.0,1.0,2,7.395871,56550287.281304,56550287.281304,1464942918.8498642,3607259503.2697973,70404494.7092173,4718865908.511374,26142031752.7107,0,0,3
Z1,0,13, 4K,231376.0,0.226526,1021410.345832,1023784.0,1.594094,2,7.801777,47506487.509038,47506487.509038,1464942918.8498642,3607259503.2697973,70404494.7092173,4718865908.511374,26142031752.7107,0,0,3
Z2,0,13, 4K,6624.0,0.022301,297027.039146,301088.0,1.594094,2,7.801777,47361610.847701,47361610.847701,1464942918.8498642,3607259503.2697973,70404494.7092173,4718865908.511374,26142031752.7107,0,0,3
Z2,1,13, 4K,14096.0,0.000952,14806722.689076,14096000.0,1.594094,2,7.801777,50263549.977687,50263549.977687,1464942918.8498642,3607259503.2697973,70404494.7092173,4718865908.511374,26142031752.7107,0,0,3
Z2,2,13, 4K,12072.0,0.000922,13093275.488069,12072000.0,1.594094,2,7.801777,49920860.537485,49920860.537485,1464942918.8498642,3607259503.2697973,70404494.7092173,4718865908.511374,26142031752.7107,0,0,3
Z2,3,13, 4K,11568.0,0.000942,12280254.77707,11568000.0,1.594094,2,7.801777,49758256.395286,49758256.395286,1464942918.8498642,3607259503.2697973,70404494.7092173,4718865908.511374,26142031752.7107,0,0,3
Z2,4,13, 4K,265632.0,0.00251,105829482.071713,132816000.0,1.594094,2,7.801777,68468101.854214,68468101.854214,1464942918.8498642,3607259503.2697973,70404494.7092173,4718865908.511374,26142031752.7107,0,0,3
Z2,5,13, 4K,183344.0,0.002465,74378904.665314,91672000.0,1.594094,2,7.801777,62177986.372934,62177986.372934,1464942918.8498642,3607259503.2697973,70404494.7092173,4718865908.511374,26142031752.7107,0,0,3
Z2,6,13, 4K,344104.0,0.004102,83886884.446611,86026000.0,1.594094,2,7.801777,64079582.329194,64079582.329194,1464942918.8498642,3607259503.2697973,70404494.7092173,4718865908.511374,26142031752.7107,0,0,3
Z2,7,13, 4K,316392.0,0.00524,60380152.671756,63278400.0,1.594094,2,7.801777,59378235.974223,59378235.974223,1464942918.8498642,3607259503.2697973,70404494.7092173,4718865908.511374,26142031752.7107,0,0,3
Z3,0,13, 4K,18240.0,0.023745,768161.718256,793040.0,1.594094,2,7.801777,47455837.783523,47455837.783523,1464942918.8498642,3607259503.2697973,70404494.7092173,4718865908.511374,26142031752.7107,0,0,3
Z3,1,13, 4K,19120.0,0.000868,22027649.769585,19120000.0,1.594094,2,7.801777,51707735.393789,51707735.393789,1464942918.8498642,3607259503.2697973,70404494.7092173,4718865908.511374,26142031752.7107,0,0,3
Z3,2,13, 4K,17576.0,0.000959,18327424.400417,17576000.0,1.594094,2,7.801777,50967690.319955,50967690.319955,1464942918.8498642,3607259503.2697973,70404494.7092173,4718865908.511374,26142031752.7107,0,0,3
Z3,3,13, 4K,13752.0,0.000839,16390941.597139,13752000.0,1.594094,2,7.801777,50580393.759299,50580393.759299,1464942918.8498642,3607259503.2697973,70404494.7092173,4718865908.511374,26142031752.7107,0,0,3
Z3,4,13, 4K,20424.0,0.00097,21055670.103093,20424000.0,1.594094,2,7.801777,51513339.46049,51513339.46049,1464942918.8498642,3607259503.2697973,70404494.7092173,4718865908.511374,26142031752.7107,0,0,3
Z3,5,13, 4K,31888.0,0.000985,32373604.060914,31888000.0,1.594094,2,7.801777,53776926.252054,53776926.252054,1464942918.8498642,3607259503.2697973,70404494.7092173,4718865908.511374,26142031752.7107,0,0,3
Z3,6,13, 4K,34824.0,0.000997,34928786.359077,34824000.0,1.594094,2,7.801777,54287962.711687,54287962.711687,1464942918.8498642,3607259503.2697973,70404494.7092173,4718865908.511374,26142031752.7107,0,0,3
Z3,7,13, 4K,27304.0,0.000976,27975409.836066,27304000.0,1.594094,2,7.801777,52897287.407085,52897287.407085,1464942918.8498642,3607259503.2697973,70404494.7092173,4718865908.511374,26142031752.7107,0,0,3
Z3,8,13, 4K,24832.0,0.001025,24226341.463415,24832000.0,1.594094,2,7.801777,52147473.732554,52147473.732554,1464942918.8498642,3607259503.2697973,70404494.7092173,4718865908.511374,26142031752.7107,0,0,3
Z3,9,13, 4K,102416.0,0.001294,79146831.530139,102416000.0,1.594094,2,7.801777,63131571.745899,63131571.745899,1464942918.8498642,3607259503.2697973,70404494.7092173,4718865908.511374,26142031752.7107,0,0,3
Z3,10,13, 4K,123344.0,0.001838,67107725.788901,123344000.0,1.594094,2,7.801777,60723750.597652,60723750.597652,1464942918.8498642,3607259503.2697973,70404494.7092173,4718865908.511374,26142031752.7107,0,0,3
Z3,11,13, 4K,125056.0,0.001875,66696533.333333,125056000.0,1.594094,2,7.801777,60641512.106538,60641512.106538,1464942918.8498642,3607259503.2697973,70404494.7092173,4718865908.511374,26142031752.7107,0,0,3
Z3,12,13, 4K,117608.0,0.001444,81445983.379501,117608000.0,1.594094,2,7.801777,63591402.115772,63591402.115772,1464942918.8498642,3607259503.2697973,70404494.7092173,4718865908.511374,26142031752.7107,0,0,3
Z3,13,13, 4K,166128.0,0.001811,91732744.340144,166128000.0,1.594094,2,7.801777,65648754.3079,65648754.3079,1464942918.8498642,3607259503.2697973,70404494.7092173,4718865908.511374,26142031752.7107,0,0,3
Z3,14,13, 4K,184040.0,0.001584,116186868.686869,184040000.0,1.594094,2,7.801777,70539579.177245,70539579.177245,1464942918.8498642,3607259503.2697973,70404494.7092173,4718865908.511374,26142031752.7107,0,0,3
Z3,15,13, 4K,326472.0,0.002429,134405928.365583,163236000.0,1.594094,2,7.801777,74183391.112988,74183391.112988,1464942918.8498642,3607259503.2697973,70404494.7092173,4718865908.511374,26142031752.7107,0,0,3
Z3,16,13, 4K,315832.0,0.002331,135492063.492063,157916000.0,1.594094,2,7.801777,74400618.138284,74400618.138284,1464942918.8498642,3607259503.2697973,70404494.7092173,4718865908.511374,26142031752.7107,0,0,3
Z3,17,13, 4K,278216.0,0.019327,14395198.427071,14642944.0,1.594094,2,7.801777,50181245.125286,50181245.125286,1464942918.8498642,3607259503.2697973,70404494.7092173,4718865908.511374,26142031752.7107,0,0,3
Z3,18,13, 4K,213632.0,0.002422,88204789.430223,106816000.0,1.594094,2,7.801777,64943163.325916,64943163.325916,1464942918.8498642,3607259503.2697973,70404494.7092173,4718865908.511374,26142031752.7107,0,0,3
Z3,19,13, 4K,248704.0,0.002983,83373784.780422,124352000.0,1.594094,2,7.801777,63976962.395956,63976962.395956,1464942918.8498642,3607259503.2697973,70404494.7092173,4718865908.511374,26142031752.7107,0,0,3
Z3,20,13, 4K,291920.0,0.004778,61096693.177062,72980000.0,1.594094,2,7.801777,59521544.075284,59521544.075284,1464942918.8498642,3607259503.2697973,70404494.7092173,4718865908.511374,26142031752.7107,0,0,3
Z3,21,13, 4K,272896.0,0.003157,86441558.441558,90965328.0,1.594094,2,7.801777,64590517.128183,64590517.128183,1464942918.8498642,3607259503.2697973,70404494.7092173,4718865908.511374,26142031752.7107,0,0,3
Z3,22,13, 4K,353984.0,0.00532,66538345.864662,70796800.0,1.594094,2,7.801777,60609874.612804,60609874.612804,1464942918.8498642,3607259503.2697973,70404494.7092173,4718865908.511374,26142031752.7107,0,0,3
Z3,23,13, 4K,187896.0,0.002027,92696595.954613,93948000.0,1.594094,2,7.801777,65841524.630794,65841524.630794,1464942918.8498642,3607259503.2697973,70404494.7092173,4718865908.511374,26142031752.7107,0,0,3
Z3,24,13, 4K,267712.0,0.002703,99042545.320015,133856000.0,1.594094,2,7.801777,67110714.503874,67110714.503874,1464942918.8498642,3607259503.2697973,70404494.7092173,4718865908.511374,26142031752.7107,0,0,3
Z3,25,13, 4K,360608.0,0.003344,107837320.574163,120202664.0,1.594094,2,7.801777,68869669.554704,68869669.554704,1464942918.8498642,3607259503.2697973,70404494.7092173,4718865908.511374,26142031752.7107,0,0,3
Z3,26,13, 4K,316984.0,0.002814,112645344.705046,158492000.0,1.594094,2,7.801777,69831274.380881,69831274.380881,1464942918.8498642,3607259503.2697973,70404494.7092173,4718865908.511374,26142031752.7107,0,0,3
Z3,27,13, 4K,217208.0,0.002139,101546517.064049,108604000.0,1.594094,2,7.801777,67611508.852681,67611508.852681,1464942918.8498642,3607259503.2697973,70404494.7092173,4718865908.511374,26142031752.7107,0,0,3
Z3,28,13, 4K,94808.0,0.001288,73608695.652174,94808000.0,1.594094,2,7.801777,62023944.570306,62023944.570306,1464942918.8498642,3607259503.2697973,70404494.7092173,4718865908.511374,26142031752.7107,0,0,3
Z3,29,13, 4K,89856.0,0.001357,66216654.384672,89856000.0,1.594094,2,7.801777,60545536.316806,60545536.316806,1464942918.8498642,3607259503.2697973,70404494.7092173,4718865908.511374,26142031752.7107,0,0,3
Z3,30,13, 4K,76680.0,0.001202,63793677.204659,76680000.0,1.594094,2,7.801777,60060940.880803,60060940.880803,1464942918.8498642,3607259503.2697973,70404494.7092173,4718865908.511374,26142031752.7107,0,0,3
Z3,31,13, 4K,75464.0,0.016566,4555354.340215,4716496.0,1.594094,2,7.801777,48213276.307914,48213276.307914,1464942918.8498642,3607259503.2697973,70404494.7092173,4718865908.511374,26142031752.7107,0,0,3
Z3,32,13, 4K,75568.0,0.001267,59643251.775848,75568000.0,1.594094,2,7.801777,59230855.795041,59230855.795041,1464942918.8498642,3607259503.2697973,70404494.7092173,4718865908.511374,26142031752.7107,0,0,3
Z3,33,13, 4K,53048.0,0.001107,47920505.871725,53048000.0,1.594094,2,7.801777,56886306.614217,56886306.614217,1464942918.8498642,3607259503.2697973,70404494.7092173,4718865908.511374,26142031752.7107,0,0,3
Z3,34,13, 4K,71632.0,0.001332,53777777.777778,71632000.0,1.594094,2,7.801777,58057760.995427,58057760.995427,1464942918.8498642,3607259503.2697973,70404494.7092173,4718865908.511374,26142031752.7107,0,0,3
Z3,35,13, 4K,124120.0,0.002208,56213768.115942,62060000.0,1.594094,2,7.801777,58544959.06306,58544959.06306,1464942918.8498642,3607259503.2697973,70404494.7092173,4718865908.511374,26142031752.7107,0,0,3
Z3,36,13, 4K,159576.0,0.002296,69501742.160279,79788000.0,1.594094,2,7.801777,61202553.871927,61202553.871927,1464942918.8498642,3607259503.2697973,70404494.7092173,4718865908.511374,26142031752.7107,0,0,3
Z3,37,13, 4K,162672.0,0.002288,71097902.097902,81336000.0,1.594094,2,7.801777,61521785.859452,61521785.859452,1464942918.8498642,3607259503.2697973,70404494.7092173,4718865908.511374,26142031752.7107,0,0,3
Z3,38,13, 4K,176832.0,0.002198,80451319.381256,88416000.0,1.594094,2,7.801777,63392469.316123,63392469.316123,1464942918.8498642,3607259503.2697973,70404494.7092173,4718865908.511374,26142031752.7107,0,0,3
Z1,0,14, 4K,310648.0,0.02282,13612971.078002,14120360.0,1.19192,2,8.203951,58191877.497899,58191877.497899,1464942918.8498642,3607259503.2697973,70404494.7092173,4718865908.511374,26142031752.7107,0,0,3
Z2,0,14, 4K,6624.0,0.024023,275735.753236,276000.0,1.19192,2,8.203951,55524430.432946,55524430.432946,1464942918.8498642,3607259503.2697973,70404494.7092173,4718865908.511374,26142031752.7107,0,0,3
Z2,1,14, 4K,65528.0,0.001618,40499381.953028,65528000.0,1.19192,2,8.203951,63569159.672904,63569159.672904,1464942918.8498642,3607259503.2697973,70404494.7092173,4718865908.511374,26142031752.7107,0,0,3
Z2,2,14, 4K,36464.0,0.00119,30642016.806723,36464000.0,1.19192,2,8.203951,61597686.643643,61597686.643643,1464942918.8498642,3607259503.2697973,70404494.7092173,4718865908.511374,26142031752.7107,0,0,3
Z2,3,14, 4K,26120.0,0.001019,25632973.503435,26120000.0,1.19192,2,8.203951,60595877.982985,60595877.982985,1464942918.8498642,3607259503.2697973,70404494.7092173,4718865908.511374,26142031752.7107,0,0,3
Z2,4,14, 4K,276584.0,0.002758,100284263.959391,138292000.0,1.19192,2,8.203951,75526136.074176,75526136.074176,1464942918.8498642,3607259503.2697973,70404494.7092173,4718865908.511374,26142031752.7107,0,0,3
Z2,5,14, 4K,275832.0,0.002562,107662763.466042,137916000.0,1.19192,2,8.203951,77001835.975507,77001835.975507,1464942918.8498642,3607259503.2697973,70404494.7092173,4718865908.511374,26142031752.7107,0,0,3
Z2,6,14, 4K,392736.0,0.003478,112920069.005175,130912000.0,1.19192,2,8.203951,78053297.083333,78053297.083333,1464942918.8498642,3607259503.2697973,70404494.7092173,4718865908.511374,26142031752.7107,0,0,3
Z2,7,14, 4K,324128.0,0.002488,130276527.33119,162064000.0,1.19192,2,8.203951,81524588.748536,81524588.748536,1464942918.8498642,3607259503.2697973,70404494.7092173,4718865908.511374,26142031752.7107,0,0,3
Z3,0,14, 4K,19944.0,1.031414,19336.561264,19344.0,1.19192,2,8.203951,55473150.594551,55473150.594551,1464942918.8498642,3607259503.2697973,70404494.7092173,4718865908.511374,26142031752.7107,0,0,3
Z3,1,14, 4K,27688.0,0.001112,24899280.57554,27688000.0,1.19192,2,8.203951,60449139.397406,60449139.397406,1464942918.8498642,3607259503.2697973,70404494.7092173,4718865908.511374,26142031752.7107,0,0,3
Z3,2,14, 4K,29160.0,0.001059,27535410.764873,29160000.0,1.19192,2,8.203951,60976365.435273,60976365.435273,1464942918.8498642,3607259503.2697973,70404494.7092173,4718865908.511374,26142031752.7107,0,0,3
Z3,3,14, 4K,17040.0,0.000904,18849557.522124,17040000.0,1.19192,2,8.203951,59239194.786723,59239194.786723,1464942918.8498642,3607259503.2697973,70404494.7092173,4718865908.511374,26142031752.7107,0,0,3
Z3,4,14, 4K,29288.0,0.001041,28134486.071085,29288000.0,1.19192,2,8.203951,61096180.496515,61096180.496515,1464942918.8498642,3607259503.2697973,70404494.7092173,4718865908.511374,26142031752.7107,0,0,3
Z3,5,14, 4K,29392.0,0.000987,29779128.672746,29392000.0,1.19192,2,8.203951,61425109.016847,61425109.016847,1464942918.8498642,3607259503.2697973,70404494.7092173,4718865908.511374,26142031752.7107,0,0,3
Z3,6,14, 4K,19864.0,0.001174,16919931.856899,19864000.0,1.19192,2,8.203951,58853269.653678,58853269.653678,1464942918.8498642,3607259503.2697973,70404494.7092173,4718865908.511374,26142031752.7107,0,0,3
Z3,7,14, 4K,46568.0,0.001004,46382470.119522,46568000.0,1.19192,2,8.203951,64745777.306203,64745777.306203,1464942918.8498642,3607259503.2697973,70404494.7092173,4718865908.511374,26142031752.7107,0,0,3
Z3,8,14, 4K,77848.0,0.001523,51114904.793171,77848000.0,1.19192,2,8.203951,65692264.240933,65692264.240933,1464942918.8498642,3607259503.2697973,70404494.7092173,4718865908.511374,26142031752.7107,0,0,3
Z3,9,14, 4K,121432.0,0.001911,63543694.400837,121432000.0,1.19192,2,8.203951,68178022.162466,68178022.162466,1464942918.8498642,3607259503.2697973,70404494.7092173,4718865908.511374,26142031752.7107,0,0,3
Z3,10,14, 4K,178104.0,0.002182,81624197.983501,89052000.0,1.19192,2,8.203951,71794122.878999,71794122.878999,1464942918.8498642,3607259503.2697973,70404494.7092173,4718865908.511374,26142031752.7107,0,0,3
Z3,11,14, 4K,144672.0,0.001874,77199573.105656,144672000.0,1.19192,2,8.203951,70909197.90343,70909197.90343,1464942918.8498642,3607259503.2697973,70404494.7092173,4718865908.511374,26142031752.7107,0,0,3
Z3,12,14, 4K,153792.0,0.001836,83764705.882353,153792000.0,1.19192,2,8.203951,72222224.458769,72222224.458769,1464942918.8498642,3607259503.2697973,70404494.7092173,4718865908.511374,26142031752.7107,0,0,3
Z3,13,14, 4K,193616.0,0.002213,87490284.681428,96808000.0,1.19192,2,8.203951,72967340.218584,72967340.218584,1464942918.8498642,3607259503.2697973,70404494.7092173,4718865908.511374,26142031752.7107,0,0,3
Z3,14,14, 4K,215184.0,0.002195,98033712.984055,107592000.0,1.19192,2,8.203951,75076025.879109,75076025.879109,1464942918.8498642,3607259503.2697973,70404494.7092173,4718865908.511374,26142031752.7107,0,0,3
Z3,15,14, 4K,391928.0,0.003276,119636141.636142,130642664.0,1.19192,2,8.203951,79396511.609527,79396511.609527,1464942918.8498642,3607259503.2697973,70404494.7092173,4718865908.511374,26142031752.7107,0,0,3
Z3,16,14, 4K,320024.0,0.002297,139322594.688724,160012000.0,1.19192,2,8.203951,83333802.220043,83333802.220043,1464942918.8498642,3607259503.2697973,70404494.7092173,4718865908.511374,26142031752.7107,0,0,3
Z3,17,14, 4K,268840.0,0.002272,118327464.788732,134420000.0,1.19192,2,8.203951,79134776.240045,79134776.240045,1464942918.8498642,3607259503.2697973,70404494.7092173,4718865908.511374,26142031752.7107,0,0,3
Z3,18,14, 4K,163384.0,0.001895,86218469.656992,163384000.0,1.19192,2,8.203951,72712977.213697,72712977.213697,1464942918.8498642,3607259503.2697973,70404494.7092173,4718865908.511374,26142031752.7107,0,0,3
Z3,19,14, 4K,193688.0,0.001421,136304011.259676,193688000.0,1.19192,2,8.203951,82730085.534234,82730085.534234,1464942918.8498642,3607259503.2697973,70404494.7092173,4718865908.511374,26142031752.7107,0,0,3
Z3,20,14, 4K,225432.0,0.002587,87140316.969463,112716000.0,1.19192,2,8.203951,72897346.676191,72897346.676191,1464942918.8498642,3607259503.2697973,70404494.7092173,4718865908.511374,26142031752.7107,0,0,3
Z3,21,14, 4K,248896.0,0.002387,104271470.465019,124448000.0,1.19192,2,8.203951,76323577.375302,76323577.375302,1464942918.8498642,3607259503.2697973,70404494.7092173,4718865908.511374,26142031752.7107,0,0,3
Z3,22,14, 4K,266808.0,0.002292,116408376.963351,133404000.0,1.19192,2,8.203951,78750958.674968,78750958.674968,1464942918.8498642,3607259503.2697973,70404494.7092173,4718865908.511374,26142031752.7107,0,0,3
Z3,23,14, 4K,164848.0,0.001716,96065268.065268,164848000.0,1.19192,2,8.203951,74682336.895352,74682336.895352,1464942918.8498642,3607259503.2697973,70404494.7092173,4718865908.511374,26142031752.7107,0,0,3
Z3,24,14, 4K,188952.0,0.001974,95720364.741641,188952000.0,1.19192,2,8.203951,74613356.230627,74613356.230627,1464942918.8498642,3607259503.2697973,70404494.7092173,4718865908.511374,26142031752.7107,0,0,3
Z3,25,14, 4K,335320.0,0.002711,123688675.7654,167660000.0,1.19192,2,8.203951,80207018.435378,80207018.435378,1464942918.8498642,3607259503.2697973,70404494.7092173,4718865908.511374,26142031752.7107,0,0,3
Z3,26,14, 4K,365224.0,0.002786,131092605.886576,182612000.0,1.19192,2,8.203951,81687804.459613,81687804.459613,1464942918.8498642,3607259503.2697973,70404494.7092173,4718865908.511374,26142031752.7107,0,0,3
Z3,27,14, 4K,211048.0,0.00497,42464386.317907,52762000.0,1.19192,2,8.203951,63962160.54588,63962160.54588,1464942918.8498642,3607259503.2697973,70404494.7092173,4718865908.511374,26142031752.7107,0,0,3
Z3,28,14, 4K,37424.0,0.000922,40590021.691974,37424000.0,1.19192,2,8.203951,63587287.620693,63587287.620693,1464942918.8498642,3607259503.2697973,70404494.7092173,4718865908.511374,26142031752.7107,0,0,3
Z3,29,14, 4K,36240.0,0.017902,2024354.82069,2131760.0,1.19192,2,8.203951,55874154.246436,55874154.246436,1464942918.8498642,3607259503.2697973,70404494.7092173,4718865908.511374,26142031752.7107,0,0,3
Z3,30,14, 4K,32904.0,0.004267,7711272.556831,8226000.0,1.19192,2,8.203951,57011537.793665,57011537.793665,1464942918.8498642,3607259503.2697973,70404494.7092173,4718865908.511374,26142031752.7107,0,0,3
Z3,31,14, 4K,33208.0,0.005018,6617776.006377,6641600.0,1.19192,2,8.203951,56792838.483574,56792838.483574,1464942918.8498642,3607259503.2697973,70404494.7092173,4718865908.511374,26142031752.7107,0,0,3
Z3,32,14, 4K,27104.0,0.000854,31737704.918033,27104000.0,1.19192,2,8.203951,61816824.265905,61816824.265905,1464942918.8498642,3607259503.2697973,70404494.7092173,4718865908.511374,26142031752.7107,0,0,3
Z3,33,14, 4K,27712.0,0.00107,25899065.420561,27712000.0,1.19192,2,8.203951,60649096.36641,60649096.36641,1464942918.8498642,3607259503.2697973,70404494.7092173,4718865908.511374,26142031752.7107,0,0,3
Z3,34,14, 4K,69480.0,0.001463,47491455.912509,69480000.0,1.19192,2,8.203951,64967574.4648,64967574.4648,1464942918.8498642,3607259503.2697973,70404494.7092173,4718865908.511374,26142031752.7107,0,0,3
Z3,35,14, 4K,104904.0,0.00195,53796923.076923,104904000.0,1.19192,2,8.203951,66228667.897683,66228667.897683,1464942918.8498642,3607259503.2697973,70404494.7092173,4718865908.511374,26142031752.7107,0,0,3
Z3,36,14, 4K,111104.0,0.001874,59287086.446105,111104000.0,1.19192,2,8.203951,67326700.571519,67326700.571519,1464942918.8498642,3607259503.2697973,70404494.7092173,4718865908.511374,26142031752.7107,0,0,3
Z3,37,14, 4K,102528.0,0.001372,74728862.973761,102528000.0,1.19192,2,8.203951,70415055.87705,70415055.87705,1464942918.8498642,3607259503.2697973,70404494.7092173,4718865908.511374,26142031752.7107,0,0,3
Z3,38,14, 4K,101856.0,0.001487,68497646.267653,101856000.0,1.19192,2,8.203951,69168812.535829,69168812.535829,1464942918.8498642,3607259503.2697973,70404494.7092173,4718865908.511374,26142031752.7107,0,0,3
Z1,0,15, 4K,278440.0,0.023867,11666317.509532,12106080.0,1.0,2,10.395069,60255905.116537,60255905.116537,1464942918.8498642,3607259503.2697973,70404494.7092173,4718865908.511374,26142031752.7107,0,0,3
Z2,0,15, 4K,6624.0,0.02184,303296.703297,315424.0,1.0,2,10.395069,57983300.95529,57983300.95529,1464942918.8498642,3607259503.2697973,70404494.7092173,4718865908.511374,26142031752.7107,0,0,3
Z2,1,15, 4K,92296.0,0.00124,74432258.064516,92296000.0,1.0,2,10.395069,72809093.227533,72809093.227533,1464942918.8498642,3607259503.2697973,70404494.7092173,4718865908.511374,26142031752.7107,0,0,3
Z2,2,15, 4K,97816.0,0.001229,79589910.496338,97816000.0,1.0,2,10.395069,73840623.713898,73840623.713898,1464942918.8498642,3607259503.2697973,70404494.7092173,4718865908.511374,26142031752.7107,0,0,3
Z2,3,15, 4K,40600.0,0.001078,37662337.662338,40600000.0,1.0,2,10.395069,65455109.147098,65455109.147098,1464942918.8498642,3607259503.2697973,70404494.7092173,4718865908.511374,26142031752.7107,0,0,3
Z2,4,15, 4K,232152.0,0.002054,113024342.745862,116076000.0,1.0,2,10.395069,80527510.163803,80527510.163803,1464942918.8498642,3607259503.2697973,70404494.7092173,4718865908.511374,26142031752.7107,0,0,3
Z2,5,15, 4K,255400.0,0.00246,103821138.211382,127700000.0,1.0,2,10.395069,78686869.256907,78686869.256907,1464942918.8498642,3607259503.2697973,70404494.7092173,4718865908.511374,26142031752.7107,0,0,3
Z2,6,15, 4K,249784.0,0.002195,113796810.933941,124892000.0,1.0,2,10.395069,80682003.801418,80682003.801418,1464942918.8498642,3607259503.2697973,70404494.7092173,4718865908.511374,26142031752.7107,0,0,3
Z2,7,15, 4K,288648.0,0.0024,120270000.0,144324000.0,1.0,2,10.395069,81976641.61463,81976641.61463,1464942918.8498642,3607259503.2697973,70404494.7092173,4718865908.511374,26142031752.7107,0,0,3
Z3,0,15, 4K,12608.0,0.023349,539980.298942,548168.0,1.0,2,10.395069,58030637.674419,58030637.674419,1464942918.8498642,3607259503.2697973,70404494.7092173,4718865908.511374,26142031752.7107,0,0,3
Z3,1,15, 4K,14232.0,0.000912,15605263.157895,14232000.0,1.0,2,10.395069,61043694.246209,61043694.246209,1464942918.8498642,3607259503.2697973,70404494.7092173,4718865908.511374,26142031752.7107,0,0,3
Z3,2,15, 4K,18288.0,0.000908,20140969.162996,18288000.0,1.0,2,10.395069,61950835.447229,61950835.447229,1464942918.8498642,3607259503.2697973,70404494.7092173,4718865908.511374,26142031752.7107,0,0,3
Z3,3,15, 4K,17960.0,0.000969,18534571.723426,17960000.0,1.0,2,10.395069,61629555.959315,61629555.959315,1464942918.8498642,3607259503.2697973,70404494.7092173,4718865908.511374,26142031752.7107,0,0,3
Z3,4,15, 4K,30136.0,0.000966,31196687.3706,30136000.0,1.0,2,10.395069,64161979.08875,64161979.08875,1464942918.8498642,3607259503.2697973,70404494.7092173,4718865908.511374,26142031752.7107,0,0,3
Z3,5,15, 4K,38832.0,0.001062,36564971.751412,38832000.0,1.0,2,10.395069,65235635.964913,65235635.964913,1464942918.8498642,3607259503.2697973,70404494.7092173,4718865908.511374,26142031752.7107,0,0,3
Z3,6,15, 4K,80120.0,0.001312,61067073.170732,80120000.0,1.0,2,10.395069,70136056.248777,70136056.248777,1464942918.8498642,3607259503.2697973,70404494.7092173,4718865908.511374,26142031752.7107,0,0,3
Z3,7,15, 4K,115624.0,0.001588,72811083.123426,115624000.0,1.0,2,10.395069,72484858.239315,72484858.239315,1464942918.8498642,3607259503.2697973,70404494.7092173,4718865908.511374,26142031752.7107,0,0,3
Z3,8,15, 4K,91976.0,0.00139,66169784.172662,91976000.0,1.0,2,10.395069,71156598.449163,71156598.449163,1464942918.8498642,3607259503.2697973,70404494.7092173,4718865908.511374,26142031752.7107,0,0,3
Z3,9,15, 4K,131496.0,0.001629,80721915.285451,131496000.0,1.0,2,10.395069,74067024.67172,74067024.67172,1464942918.8498642,3607259503.2697973,70404494.7092173,4718865908.511374,26142031752.7107,0,0,3
Z3,10,15, 4K,151608.0,0.001688,89815165.876777,151608000.0,1.0,2,10.395069,75885674.789986,75885674.789986,1464942918.8498642,3607259503.2697973,70404494.7092173,4718865908.511374,26142031752.7107,0,0,3
Z3,11,15, 4K,133200.0,0.001487,89576328.177539,133200000.0,1.0,2,10.395069,75837907.250138,75837907.250138,1464942918.8498642,3607259503.2697973,70404494.7092173,4718865908.511374,26142031752.7107,0,0,3
Z3,12,15, 4K,197848.0,0.001711,115632963.179427,197848000.0,1.0,2,10.395069,81049234.250516,81049234.250516,1464942918.8498642,3607259503.2697973,70404494.7092173,4718865908.511374,26142031752.7107,0,0,3
Z3,13,15, 4K,216432.0,0.001891,114453728.186145,216432000.0,1.0,2,10.395069,80813387.251859,80813387.251859,1464942918.8498642,3607259503.2697973,70404494.7092173,4718865908.511374,26142031752.7107,0,0,3
Z3,14,15, 4K,250032.0,0.001856,134715517.241379,250032000.0,1.0,2,10.395069,84865745.062906,84865745.062906,1464942918.8498642,3607259503.2697973,70404494.7092173,4718865908.511374,26142031752.7107,0,0,3
Z3,15,15, 4K,238656.0,0.001856,128586206.896552,238656000.0,1.0,2,10.395069,83639882.993941,83639882.993941,1464942918.8498642,3607259503.2697973,70404494.7092173,4718865908.511374,26142031752.7107,0,0,3
Z3,16,15, 4K,165160.0,0.001616,102202970.29703,165160000.0,1.0,2,10.395069,78363235.674036,78363235.674036,1464942918.8498642,3607259503.2697973,70404494.7092173,4718865908.511374,26142031752.7107,0,0,3
Z3,17,15, 4K,167848.0,0.002182,76923923.006416,83924000.0,1.0,2,10.395069,73307426.215913,73307426.215913,1464942918.8498642,3607259503.2697973,70404494.7092173,4718865908.511374,26142031752.7107,0,0,3
Z3,18,15, 4K,132104.0,0.001567,84303765.15635,132104000.0,1.0,2,10.395069,74783394.6459,74783394.6459,1464942918.8498642,3607259503.2697973,70404494.7092173,4718865908.511374,26142031752.7107,0,0,3
Z3,19,15, 4K,143824.0,0.001674,85916367.980884,143824000.0,1.0,2,10.395069,75105915.210807,75105915.210807,1464942918.8498642,3607259503.2697973,70404494.7092173,4718865908.511374,26142031752.7107,0,0,3
Z3,20,15, 4K,175072.0,0.001796,97478841.870824,175072000.0,1.0,2,10.395069,77418409.988795,77418409.988795,1464942918.8498642,3607259503.2697973,70404494.7092173,4718865908.511374,26142031752.7107,0,0,3
Z3,21,15, 4K,170296.0,0.001788,95243847.87472,170296000.0,1.0,2,10.395069,76971411.189574,76971411.189574,1464942918.8498642,3607259503.2697973,70404494.7092173,4718865908.511374,26142031752.7107,0,0,3
Z3,22,15, 4K,193376.0,0.001707,113284124.194493,193376000.0,1.0,2,10.395069,80579466.453529,80579466.453529,1464942918.8498642,3607259503.2697973,70404494.7092173,4718865908.511374,26142031752.7107,0,0,3
Z3,23,15, 4K,150872.0,0.002044,73812133.072407,75436000.0,1.0,2,10.395069,72685068.229112,72685068.229112,1464942918.8498642,3607259503.2697973,70404494.7092173,4718865908.511374,26142031752.7107,0,0,3
Z3,24,15, 4K,172416.0,0.002233,77212718.316167,86208000.0,1.0,2,10.395069,73365185.277864,73365185.277864,1464942918.8498642,3607259503.2697973,70404494.7092173,4718865908.511374,26142031752.7107,0,0,3
Z3,25,15, 4K,210512.0,0.00199,105784924.623116,210512000.0,1.0,2,10.395069,79079626.539253,79079626.539253,1464942918.8498642,3607259503.2697973,70404494.7092173,4718865908.511374,26142031752.7107,0,0,3
Z3,26,15, 4K,202256.0,0.002136,94689138.576779,101128000.0,1.0,2,10.395069,76860469.329986,76860469.329986,1464942918.8498642,3607259503.2697973,70404494.7092173,4718865908.511374,26142031752.7107,0,0,3
Z3,27,15, 4K,207528.0,0.00291,71315463.917526,103764000.0,1.0,2,10.395069,72185734.398135,72185734.398135,1464942918.8498642,3607259503.2697973,70404494.7092173,4718865908.511374,26142031752.7107,0,0,3
Z3,28,15, 4K,46288.0,0.001056,43833333.333333,46288000.0,1.0,2,10.395069,66689308.281297,66689308.281297,1464942918.8498642,3607259503.2697973,70404494.7092173,4718865908.511374,26142031752.7107,0,0,3
Z3,29,15, 4K,38120.0,0.000962,39625779.62578,38120000.0,1.0,2,10.395069,65847797.539786,65847797.539786,1464942918.8498642,3607259503.2697973,70404494.7092173,4718865908.511374,26142031752.7107,0,0,3
Z3,30,15, 4K,29864.0,0.000876,34091324.200913,29864000.0,1.0,2,10.395069,64740906.454813,64740906.454813,1464942918.8498642,3607259503.2697973,70404494.7092173,4718865908.511374,26142031752.7107,0,0,3
Z3,31,15, 4K,29864.0,0.000953,31336831.059811,29864000.0,1.0,2,10.395069,64190007.826592,64190007.826592,1464942918.8498642,3607259503.2697973,70404494.7092173,4718865908.511374,26142031752.7107,0,0,3
Z3,32,15, 4K,42832.0,0.000975,43930256.410256,42832000.0,1.0,2,10.395069,66708692.896682,66708692.896682,1464942918.8498642,3607259503.2697973,70404494.7092173,4718865908.511374,26142031752.7107,0,0,3
Z3,33,15, 4K,53400.0,0.001085,49216589.861751,53400000.0,1.0,2,10.395069,67765959.58698,67765959.58698,1464942918.8498642,3607259503.2697973,70404494.7092173,4718865908.511374,26142031752.7107,0,0,3
Z3,34,15, 4K,54248.0,0.004261,12731283.736212,13562000.0,1.0,2,10.395069,60468898.361873,60468898.361873,1464942918.8498642,3607259503.2697973,70404494.7092173,4718865908.511374,26142031752.7107,0,0,3
Z3,35,15, 4K,56416.0,0.000953,59198321.091291,56416000.0,1.0,2,10.395069,69762305.832888,69762305.832888,1464942918.8498642,3607259503.2697973,70404494.7092173,4718865908.511374,26142031752.7107,0,0,3
Z3,36,15, 4K,63392.0,0.001078,58805194.805195,63392000.0,1.0,2,10.395069,69683680.575669,69683680.575669,1464942918.8498642,3607259503.2697973,70404494.7092173,4718865908.511374,26142031752.7107,0,0,3
Z3,37,15, 4K,78136.0,0.001088,71816176.470588,78136000.0,1.0,2,10.395069,72285876.908748,72285876.908748,1464942918.8498642,3607259503.2697973,70404494.7092173,4718865908.511374,26142031752.7107,0,0,3
Z3,38,15, 4K,85200.0,0.001187,71777590.564448,85200000.0,1.0,2,10.395069,72278159.72752,72278159.72752,1464942918.8498642,3607259503.2697973,70404494.7092173,4718865908.511374,26142031752.7107,0,0,3
