Zone, Tile_no, Seg_no, Reso, Seg_d_size, Seg_d_time, Bitrate, Bitrate1, Buf_lev, Buf_limit, Elapsed, Ref_vp, Local_avg,QoE,QoE1,Z1,Z2,Z3,delay,jitter,loss
Z1,0,1, 720,9960.0,0.172689,57675.937668,57904.0,1.0,2,6.1e-05,57675.937668,57675.937668,8454922.5554236,25522013.0518229,1010686.8791059,25824805.8001649,196495710.76415792,50,0,0
Z2,0,1, 720,8952.0,0.173932,51468.389945,51744.0,1.0,2,6.1e-05,25734.194973,25734.194973,8454922.5554236,25522013.0518229,1010686.8791059,25824805.8001649,196495710.76415792,50,0,0
Z2,1,1, 720,5424.0,0.050912,106536.769327,108480.0,1.0,2,6.1e-05,35512.256442,35512.256442,8454922.5554236,25522013.0518229,1010686.8791059,25824805.8001649,196495710.76415792,50,0,0
Z2,2,1, 720,7080.0,0.05099,138850.75505,141600.0,1.0,2,6.1e-05,34712.688763,34712.688763,8454922.5554236,25522013.0518229,1010686.8791059,25824805.8001649,196495710.76415792,50,0,0
Z2,3,1, 720,18976.0,0.051079,371502.965994,372072.0,1.0,2,6.1e-05,74300.593199,74300.593199,8454922.5554236,25522013.0518229,1010686.8791059,25824805.8001649,196495710.76415792,50,0,0
Z2,4,1, 720,8720.0,0.051001,170977.039666,170976.0,1.0,2,6.1e-05,34195.407933,34195.407933,8454922.5554236,25522013.0518229,1010686.8791059,25824805.8001649,196495710.76415792,50,0,0
Z2,5,1, 720,8336.0,0.051032,163348.487224,163448.0,1.0,2,6.1e-05,32669.697445,32669.697445,8454922.5554236,25522013.0518229,1010686.8791059,25824805.8001649,196495710.76415792,50,0,0
Z2,6,1, 720,6376.0,0.050962,125112.829167,127520.0,1.0,2,6.1e-05,25022.565833,25022.565833,8454922.5554236,25522013.0518229,1010686.8791059,25824805.8001649,196495710.76415792,50,0,0
Z2,7,1, 720,6872.0,0.050944,134893.21608,137440.0,1.0,2,6.1e-05,26978.643216,26978.643216,8454922.5554236,25522013.0518229,1010686.8791059,25824805.8001649,196495710.76415792,50,0,0
Z3,0,1, 720,7080.0,0.17323,40870.518963,40920.0,1.0,2,6.1e-05,8174.103793,8174.103793,8454922.5554236,25522013.0518229,1010686.8791059,25824805.8001649,196495710.76415792,50,0,0
Z3,1,1, 720,7080.0,0.050869,139181.033635,141600.0,1.0,2,6.1e-05,27836.206727,27836.206727,8454922.5554236,25522013.0518229,1010686.8791059,25824805.8001649,196495710.76415792,50,0,0
Z3,2,1, 720,5664.0,0.050896,111285.759195,113280.0,1.0,2,6.1e-05,22257.151839,22257.151839,8454922.5554236,25522013.0518229,1010686.8791059,25824805.8001649,196495710.76415792,50,0,0
Z3,3,1, 720,7080.0,0.050906,139079.872707,141600.0,1.0,2,6.1e-05,27815.974541,27815.974541,8454922.5554236,25522013.0518229,1010686.8791059,25824805.8001649,196495710.76415792,50,0,0
Z3,4,1, 720,7080.0,0.050963,138924.317642,141600.0,1.0,2,6.1e-05,27784.863528,27784.863528,8454922.5554236,25522013.0518229,1010686.8791059,25824805.8001649,196495710.76415792,50,0,0
Z3,5,1, 720,5664.0,0.050757,111590.519534,113280.0,1.0,2,6.1e-05,22318.103907,22318.103907,8454922.5554236,25522013.0518229,1010686.8791059,25824805.8001649,196495710.76415792,50,0,0
Z3,6,1, 720,7080.0,0.050918,139047.09533,141600.0,1.0,2,6.1e-05,27809.419066,27809.419066,8454922.5554236,25522013.0518229,1010686.8791059,25824805.8001649,196495710.76415792,50,0,0
Z3,7,1, 720,7080.0,0.050907,139077.140668,141600.0,1.0,2,6.1e-05,27815.428134,27815.428134,8454922.5554236,25522013.0518229,1010686.8791059,25824805.8001649,196495710.76415792,50,0,0
Z3,8,1, 720,5664.0,0.050849,111388.621212,113280.0,1.0,2,6.1e-05,22277.724242,22277.724242,8454922.5554236,25522013.0518229,1010686.8791059,25824805.8001649,196495710.76415792,50,0,0
Z3,9,1, 720,7080.0,0.050855,139219.34913,141600.0,1.0,2,6.1e-05,27843.869826,27843.869826,8454922.5554236,25522013.0518229,1010686.8791059,25824805.8001649,196495710.76415792,50,0,0
Z3,10,1, 720,12904.0,0.050941,253312.655818,258080.0,1.0,2,6.1e-05,50662.531164,50662.531164,8454922.5554236,25522013.0518229,1010686.8791059,25824805.8001649,196495710.76415792,50,0,0
Z3,11,1, 720,17344.0,0.050895,340780.037332,346880.0,1.0,2,6.1e-05,68156.007466,68156.007466,8454922.5554236,25522013.0518229,1010686.8791059,25824805.8001649,196495710.76415792,50,0,0
Z3,12,1, 720,16912.0,0.05097,331803.021385,338240.0,1.0,2,6.1e-05,66360.604277,66360.604277,8454922.5554236,25522013.0518229,1010686.8791059,25824805.8001649,196495710.76415792,50,0,0
Z3,13,1, 720,13240.0,0.050966,259781.030491,264800.0,1.0,2,6.1e-05,51956.206098,51956.206098,8454922.5554236,25522013.0518229,1010686.8791059,25824805.8001649,196495710.76415792,50,0,0
Z3,14,1, 720,28328.0,0.051014,555298.545497,555448.0,1.0,2,6.1e-05,111059.709099,111059.709099,8454922.5554236,25522013.0518229,1010686.8791059,25824805.8001649,196495710.76415792,50,0,0
Z3,15,1, 720,30528.0,0.051101,597405.138843,598584.0,1.0,2,6.1e-05,119481.027769,119481.027769,8454922.5554236,25522013.0518229,1010686.8791059,25824805.8001649,196495710.76415792,50,0,0
Z3,16,1, 720,16360.0,0.051023,320639.711503,320784.0,1.0,2,6.1e-05,64127.942301,64127.942301,8454922.5554236,25522013.0518229,1010686.8791059,25824805.8001649,196495710.76415792,50,0,0
Z3,17,1, 720,33216.0,0.051075,650337.73862,651288.0,1.0,2,6.1e-05,130067.547724,130067.547724,8454922.5554236,25522013.0518229,1010686.8791059,25824805.8001649,196495710.76415792,50,0,0
Z3,18,1, 720,28000.0,0.051062,548352.982649,549016.0,1.0,2,6.1e-05,109670.59653,109670.59653,8454922.5554236,25522013.0518229,1010686.8791059,25824805.8001649,196495710.76415792,50,0,0
Z3,19,1, 720,15744.0,0.051049,308409.567278,308704.0,1.0,2,6.1e-05,61681.913456,61681.913456,8454922.5554236,25522013.0518229,1010686.8791059,25824805.8001649,196495710.76415792,50,0,0
Z3,20,1, 720,16024.0,0.050992,314245.371823,320480.0,1.0,2,6.1e-05,62849.074365,62849.074365,8454922.5554236,25522013.0518229,1010686.8791059,25824805.8001649,196495710.76415792,50,0,0
Z3,21,1, 720,11576.0,0.050978,227078.347522,231520.0,1.0,2,6.1e-05,45415.669504,45415.669504,8454922.5554236,25522013.0518229,1010686.8791059,25824805.8001649,196495710.76415792,50,0,0
Z3,22,1, 720,10816.0,0.050993,212107.544173,216320.0,1.0,2,6.1e-05,42421.508835,42421.508835,8454922.5554236,25522013.0518229,1010686.8791059,25824805.8001649,196495710.76415792,50,0,0
Z3,23,1, 720,13224.0,0.051071,258933.641401,259288.0,1.0,2,6.1e-05,51786.72828,51786.72828,8454922.5554236,25522013.0518229,1010686.8791059,25824805.8001649,196495710.76415792,50,0,0
Z3,24,1, 720,17528.0,0.051074,343188.314994,343680.0,1.0,2,6.1e-05,68637.662999,68637.662999,8454922.5554236,25522013.0518229,1010686.8791059,25824805.8001649,196495710.76415792,50,0,0
Z3,25,1, 720,23824.0,0.05108,466405.638215,467136.0,1.0,2,6.1e-05,93281.127643,93281.127643,8454922.5554236,25522013.0518229,1010686.8791059,25824805.8001649,196495710.76415792,50,0,0
Z3,26,1, 720,11024.0,0.051038,215995.924605,216152.0,1.0,2,6.1e-05,43199.184921,43199.184921,8454922.5554236,25522013.0518229,1010686.8791059,25824805.8001649,196495710.76415792,50,0,0
Z3,27,1, 720,15112.0,0.051049,296029.305177,296312.0,1.0,2,6.1e-05,59205.861035,59205.861035,8454922.5554236,25522013.0518229,1010686.8791059,25824805.8001649,196495710.76415792,50,0,0
Z3,28,1, 720,24552.0,0.051004,481374.009882,481408.0,1.0,2,6.1e-05,96274.801976,96274.801976,8454922.5554236,25522013.0518229,1010686.8791059,25824805.8001649,196495710.76415792,50,0,0
Z3,29,1, 720,10824.0,0.050928,212535.344015,216480.0,1.0,2,6.1e-05,42507.068803,42507.068803,8454922.5554236,25522013.0518229,1010686.8791059,25824805.8001649,196495710.76415792,50,0,0
Z3,30,1, 720,6872.0,0.051001,134742.45603,134744.0,1.0,2,6.1e-05,26948.491206,26948.491206,8454922.5554236,25522013.0518229,1010686.8791059,25824805.8001649,196495710.76415792,50,0,0
Z3,31,1, 720,6872.0,0.050939,134906.456742,137440.0,1.0,2,6.1e-05,26981.291348,26981.291348,8454922.5554236,25522013.0518229,1010686.8791059,25824805.8001649,196495710.76415792,50,0,0
Z3,32,1, 720,6376.0,0.050987,125051.483712,127520.0,1.0,2,6.1e-05,25010.296742,25010.296742,8454922.5554236,25522013.0518229,1010686.8791059,25824805.8001649,196495710.76415792,50,0,0
Z3,33,1, 720,6872.0,0.05082,135222.353404,137440.0,1.0,2,6.1e-05,27044.470681,27044.470681,8454922.5554236,25522013.0518229,1010686.8791059,25824805.8001649,196495710.76415792,50,0,0
Z3,34,1, 720,6872.0,0.051,134745.098039,134744.0,1.0,2,6.1e-05,26949.019608,26949.019608,8454922.5554236,25522013.0518229,1010686.8791059,25824805.8001649,196495710.76415792,50,0,0
Z3,35,1, 720,6376.0,0.050916,125225.862204,127520.0,1.0,2,6.1e-05,25045.172441,25045.172441,8454922.5554236,25522013.0518229,1010686.8791059,25824805.8001649,196495710.76415792,50,0,0
Z3,36,1, 720,6872.0,0.051005,134731.88903,134744.0,1.0,2,6.1e-05,26946.377806,26946.377806,8454922.5554236,25522013.0518229,1010686.8791059,25824805.8001649,196495710.76415792,50,0,0
Z3,37,1, 720,6872.0,0.050971,134821.761394,137440.0,1.0,2,6.1e-05,26964.352279,26964.352279,8454922.5554236,25522013.0518229,1010686.8791059,25824805.8001649,196495710.76415792,50,0,0
Z3,38,1, 720,6376.0,0.050998,125024.510765,127520.0,1.0,2,6.1e-05,25004.902153,25004.902153,8454922.5554236,25522013.0518229,1010686.8791059,25824805.8001649,196495710.76415792,50,0,0
Z1,0,2, 720,18392.0,0.172291,106749.627084,106928.0,1.0,2,2.819971,46354.82757,46354.82757,8454922.5554236,25522013.0518229,1010686.8791059,25824805.8001649,196495710.76415792,50,0,0
Z2,0,2, 720,7080.0,0.171746,41223.667509,41400.0,1.0,2,2.819971,33249.635655,33249.635655,8454922.5554236,25522013.0518229,1010686.8791059,25824805.8001649,196495710.76415792,50,0,0
Z2,1,2, 720,12648.0,0.05088,248584.90566,252960.0,1.0,2,2.819971,74721.883285,74721.883285,8454922.5554236,25522013.0518229,1010686.8791059,25824805.8001649,196495710.76415792,50,0,0
Z2,2,2, 720,15344.0,0.050858,301702.78029,306880.0,1.0,2,2.819971,85345.458211,85345.458211,8454922.5554236,25522013.0518229,1010686.8791059,25824805.8001649,196495710.76415792,50,0,0
Z2,3,2, 720,9160.0,0.050948,179791.159614,183200.0,1.0,2,2.819971,60963.134076,60963.134076,8454922.5554236,25522013.0518229,1010686.8791059,25824805.8001649,196495710.76415792,50,0,0
Z2,4,2, 720,8048.0,0.050796,158437.672258,160960.0,1.0,2,2.819971,56692.436605,56692.436605,8454922.5554236,25522013.0518229,1010686.8791059,25824805.8001649,196495710.76415792,50,0,0
Z2,5,2, 720,9320.0,0.050875,183194.103194,186400.0,1.0,2,2.819971,61643.722792,61643.722792,8454922.5554236,25522013.0518229,1010686.8791059,25824805.8001649,196495710.76415792,50,0,0
Z2,6,2, 720,6376.0,0.050852,125383.465744,127520.0,1.0,2,2.819971,50081.595302,50081.595302,8454922.5554236,25522013.0518229,1010686.8791059,25824805.8001649,196495710.76415792,50,0,0
Z2,7,2, 720,6872.0,0.050795,135288.906388,137440.0,1.0,2,2.819971,52062.683431,52062.683431,8454922.5554236,25522013.0518229,1010686.8791059,25824805.8001649,196495710.76415792,50,0,0
Z3,0,2, 720,6624.0,0.172737,38347.314125,38504.0,1.0,2,2.819971,32674.364978,32674.364978,8454922.5554236,25522013.0518229,1010686.8791059,25824805.8001649,196495710.76415792,50,0,0
Z3,1,2, 720,5424.0,0.050915,106530.491996,108480.0,1.0,2,2.819971,46311.000552,46311.000552,8454922.5554236,25522013.0518229,1010686.8791059,25824805.8001649,196495710.76415792,50,0,0
Z3,2,2, 720,7080.0,0.050924,139030.712434,141600.0,1.0,2,2.819971,52811.04464,52811.04464,8454922.5554236,25522013.0518229,1010686.8791059,25824805.8001649,196495710.76415792,50,0,0
Z3,3,2, 720,7080.0,0.05084,139260.424862,141600.0,1.0,2,2.819971,52856.987125,52856.987125,8454922.5554236,25522013.0518229,1010686.8791059,25824805.8001649,196495710.76415792,50,0,0
Z3,4,2, 720,5664.0,0.050893,111292.319179,113280.0,1.0,2,2.819971,47263.365989,47263.365989,8454922.5554236,25522013.0518229,1010686.8791059,25824805.8001649,196495710.76415792,50,0,0
Z3,5,2, 720,7080.0,0.050845,139246.730259,141600.0,1.0,2,2.819971,52854.248205,52854.248205,8454922.5554236,25522013.0518229,1010686.8791059,25824805.8001649,196495710.76415792,50,0,0
Z3,6,2, 720,7080.0,0.050941,138984.315188,141600.0,1.0,2,2.819971,52801.765191,52801.765191,8454922.5554236,25522013.0518229,1010686.8791059,25824805.8001649,196495710.76415792,50,0,0
Z3,7,2, 720,5664.0,0.050928,111215.834119,113280.0,1.0,2,2.819971,47248.068977,47248.068977,8454922.5554236,25522013.0518229,1010686.8791059,25824805.8001649,196495710.76415792,50,0,0
Z3,8,2, 720,7080.0,0.050955,138946.128937,141600.0,1.0,2,2.819971,52794.12794,52794.12794,8454922.5554236,25522013.0518229,1010686.8791059,25824805.8001649,196495710.76415792,50,0,0
Z3,9,2, 720,7080.0,0.050933,139006.145328,141600.0,1.0,2,2.819971,52806.131219,52806.131219,8454922.5554236,25522013.0518229,1010686.8791059,25824805.8001649,196495710.76415792,50,0,0
Z3,10,2, 720,5664.0,0.050885,111309.816252,113280.0,1.0,2,2.819971,47266.865403,47266.865403,8454922.5554236,25522013.0518229,1010686.8791059,25824805.8001649,196495710.76415792,50,0,0
Z3,11,2, 720,7080.0,0.050871,139175.561715,141600.0,1.0,2,2.819971,52840.014496,52840.014496,8454922.5554236,25522013.0518229,1010686.8791059,25824805.8001649,196495710.76415792,50,0,0
Z3,12,2, 720,17112.0,0.051006,335489.94236,335528.0,1.0,2,2.819971,92102.890625,92102.890625,8454922.5554236,25522013.0518229,1010686.8791059,25824805.8001649,196495710.76415792,50,0,0
Z3,13,2, 720,15320.0,0.050952,300675.145235,306400.0,1.0,2,2.819971,85139.9312,85139.9312,8454922.5554236,25522013.0518229,1010686.8791059,25824805.8001649,196495710.76415792,50,0,0
Z3,14,2, 720,10704.0,0.050953,210075.952348,214080.0,1.0,2,2.819971,67020.092623,67020.092623,8454922.5554236,25522013.0518229,1010686.8791059,25824805.8001649,196495710.76415792,50,0,0
Z3,15,2, 720,18776.0,0.050982,368286.846338,375520.0,1.0,2,2.819971,98662.271421,98662.271421,8454922.5554236,25522013.0518229,1010686.8791059,25824805.8001649,196495710.76415792,50,0,0
Z3,16,2, 720,21848.0,0.051075,427763.09349,428392.0,1.0,2,2.819971,110557.520851,110557.520851,8454922.5554236,25522013.0518229,1010686.8791059,25824805.8001649,196495710.76415792,50,0,0
Z3,17,2, 720,12752.0,0.051139,249359.588572,250032.0,1.0,2,2.819971,74876.819867,74876.819867,8454922.5554236,25522013.0518229,1010686.8791059,25824805.8001649,196495710.76415792,50,0,0
Z3,18,2, 720,21856.0,0.051001,428540.616851,428544.0,1.0,2,2.819971,110713.025523,110713.025523,8454922.5554236,25522013.0518229,1010686.8791059,25824805.8001649,196495710.76415792,50,0,0
Z3,19,2, 720,16880.0,0.051001,330973.902473,330976.0,1.0,2,2.819971,91199.682648,91199.682648,8454922.5554236,25522013.0518229,1010686.8791059,25824805.8001649,196495710.76415792,50,0,0
Z3,20,2, 720,12128.0,0.051136,237171.46433,237800.0,1.0,2,2.819971,72439.195019,72439.195019,8454922.5554236,25522013.0518229,1010686.8791059,25824805.8001649,196495710.76415792,50,0,0
Z3,21,2, 720,11592.0,0.050986,227356.529243,231840.0,1.0,2,2.819971,70476.208002,70476.208002,8454922.5554236,25522013.0518229,1010686.8791059,25824805.8001649,196495710.76415792,50,0,0
Z3,22,2, 720,9952.0,0.050954,195313.419947,199040.0,1.0,2,2.819971,64067.586143,64067.586143,8454922.5554236,25522013.0518229,1010686.8791059,25824805.8001649,196495710.76415792,50,0,0
Z3,23,2, 720,11064.0,0.050928,217247.879359,221280.0,1.0,2,2.819971,68454.478025,68454.478025,8454922.5554236,25522013.0518229,1010686.8791059,25824805.8001649,196495710.76415792,50,0,0
Z3,24,2, 720,14728.0,0.050888,289419.902531,294560.0,1.0,2,2.819971,82888.882659,82888.882659,8454922.5554236,25522013.0518229,1010686.8791059,25824805.8001649,196495710.76415792,50,0,0
Z3,25,2, 720,16264.0,0.051029,318720.72743,318896.0,1.0,2,2.819971,88749.047639,88749.047639,8454922.5554236,25522013.0518229,1010686.8791059,25824805.8001649,196495710.76415792,50,0,0
Z3,26,2, 720,9504.0,0.050923,186634.723013,190080.0,1.0,2,2.819971,62331.846756,62331.846756,8454922.5554236,25522013.0518229,1010686.8791059,25824805.8001649,196495710.76415792,50,0,0
Z3,27,2, 720,12688.0,0.05083,249616.368286,253760.0,1.0,2,2.819971,74928.17581,74928.17581,8454922.5554236,25522013.0518229,1010686.8791059,25824805.8001649,196495710.76415792,50,0,0
Z3,28,2, 720,17320.0,0.05093,340074.612213,346400.0,1.0,2,2.819971,93019.824596,93019.824596,8454922.5554236,25522013.0518229,1010686.8791059,25824805.8001649,196495710.76415792,50,0,0
Z3,29,2, 720,10632.0,0.050975,208572.829819,212640.0,1.0,2,2.819971,66719.468117,66719.468117,8454922.5554236,25522013.0518229,1010686.8791059,25824805.8001649,196495710.76415792,50,0,0
Z3,30,2, 720,6872.0,0.05087,135089.44368,137440.0,1.0,2,2.819971,52022.790889,52022.790889,8454922.5554236,25522013.0518229,1010686.8791059,25824805.8001649,196495710.76415792,50,0,0
Z3,31,2, 720,6872.0,0.050928,134935.59535,137440.0,1.0,2,2.819971,51992.021223,51992.021223,8454922.5554236,25522013.0518229,1010686.8791059,25824805.8001649,196495710.76415792,50,0,0
Z3,32,2, 720,6376.0,0.050852,125383.465744,127520.0,1.0,2,2.819971,50081.595302,50081.595302,8454922.5554236,25522013.0518229,1010686.8791059,25824805.8001649,196495710.76415792,50,0,0
Z3,33,2, 720,6872.0,0.05083,135195.750541,137440.0,1.0,2,2.819971,52044.052261,52044.052261,8454922.5554236,25522013.0518229,1010686.8791059,25824805.8001649,196495710.76415792,50,0,0
Z3,34,2, 720,6872.0,0.050948,134882.625422,137440.0,1.0,2,2.819971,51981.427237,51981.427237,8454922.5554236,25522013.0518229,1010686.8791059,25824805.8001649,196495710.76415792,50,0,0
Z3,35,2, 720,6376.0,0.050854,125378.534629,127520.0,1.0,2,2.819971,50080.609079,50080.609079,8454922.5554236,25522013.0518229,1010686.8791059,25824805.8001649,196495710.76415792,50,0,0
Z3,36,2, 720,6872.0,0.050939,134906.456742,137440.0,1.0,2,2.819971,51986.193502,51986.193502,8454922.5554236,25522013.0518229,1010686.8791059,25824805.8001649,196495710.76415792,50,0,0
Z3,37,2, 720,6872.0,0.050906,134993.910345,137440.0,1.0,2,2.819971,52003.684222,52003.684222,8454922.5554236,25522013.0518229,1010686.8791059,25824805.8001649,196495710.76415792,50,0,0
Z3,38,2, 720,6376.0,0.050924,125206.189616,127520.0,1.0,2,2.819971,50046.140076,50046.140076,8454922.5554236,25522013.0518229,1010686.8791059,25824805.8001649,196495710.76415792,50,0,0
Z1,0,3, 720,9896.0,0.172108,57498.779836,57528.0,1.0,2,5.635795,61545.896043,61545.896043,8454922.5554236,25522013.0518229,1010686.8791059,25824805.8001649,196495710.76415792,50,0,0
Z2,0,3, 720,6624.0,0.173455,38188.57917,38288.0,1.0,2,5.635795,57683.85591,57683.85591,8454922.5554236,25522013.0518229,1010686.8791059,25824805.8001649,196495710.76415792,50,0,0
Z2,1,3, 720,5424.0,0.050893,106576.542943,108480.0,1.0,2,5.635795,71361.448665,71361.448665,8454922.5554236,25522013.0518229,1010686.8791059,25824805.8001649,196495710.76415792,50,0,0
Z2,2,3, 720,7080.0,0.050984,138867.095559,141600.0,1.0,2,5.635795,77819.559188,77819.559188,8454922.5554236,25522013.0518229,1010686.8791059,25824805.8001649,196495710.76415792,50,0,0
Z2,3,3, 720,18632.0,0.051047,364996.963583,365328.0,1.0,2,5.635795,123045.532793,123045.532793,8454922.5554236,25522013.0518229,1010686.8791059,25824805.8001649,196495710.76415792,50,0,0
Z2,4,3, 720,9664.0,0.051076,189208.238703,189488.0,1.0,2,5.635795,87887.787817,87887.787817,8454922.5554236,25522013.0518229,1010686.8791059,25824805.8001649,196495710.76415792,50,0,0
Z2,5,3, 720,8424.0,0.051015,165127.903558,165176.0,1.0,2,5.635795,83071.720788,83071.720788,8454922.5554236,25522013.0518229,1010686.8791059,25824805.8001649,196495710.76415792,50,0,0
Z2,6,3, 720,6376.0,0.050957,125125.105481,127520.0,1.0,2,5.635795,75071.161172,75071.161172,8454922.5554236,25522013.0518229,1010686.8791059,25824805.8001649,196495710.76415792,50,0,0
Z2,7,3, 720,6872.0,0.0509,135009.823183,137440.0,1.0,2,5.635795,77048.104713,77048.104713,8454922.5554236,25522013.0518229,1010686.8791059,25824805.8001649,196495710.76415792,50,0,0
Z3,0,3, 720,7080.0,0.173242,40867.687974,40920.0,1.0,2,5.635795,58219.677671,58219.677671,8454922.5554236,25522013.0518229,1010686.8791059,25824805.8001649,196495710.76415792,50,0,0
Z3,1,3, 720,7080.0,0.050947,138967.947082,141600.0,1.0,2,5.635795,77839.729493,77839.729493,8454922.5554236,25522013.0518229,1010686.8791059,25824805.8001649,196495710.76415792,50,0,0
Z3,2,3, 720,5664.0,0.051001,111056.645948,111056.0,1.0,2,5.635795,72257.469266,72257.469266,8454922.5554236,25522013.0518229,1010686.8791059,25824805.8001649,196495710.76415792,50,0,0
Z3,3,3, 720,7080.0,0.05101,138796.314448,138816.0,1.0,2,5.635795,77805.402966,77805.402966,8454922.5554236,25522013.0518229,1010686.8791059,25824805.8001649,196495710.76415792,50,0,0
Z3,4,3, 720,7080.0,0.051025,138755.512004,138816.0,1.0,2,5.635795,77797.242477,77797.242477,8454922.5554236,25522013.0518229,1010686.8791059,25824805.8001649,196495710.76415792,50,0,0
Z3,5,3, 720,5664.0,0.051015,111026.168774,111056.0,1.0,2,5.635795,72251.373831,72251.373831,8454922.5554236,25522013.0518229,1010686.8791059,25824805.8001649,196495710.76415792,50,0,0
Z3,6,3, 720,7080.0,0.051014,138785.43145,138816.0,1.0,2,5.635795,77803.226366,77803.226366,8454922.5554236,25522013.0518229,1010686.8791059,25824805.8001649,196495710.76415792,50,0,0
Z3,7,3, 720,7080.0,0.050951,138957.037153,141600.0,1.0,2,5.635795,77837.547507,77837.547507,8454922.5554236,25522013.0518229,1010686.8791059,25824805.8001649,196495710.76415792,50,0,0
Z3,8,3, 720,5664.0,0.050917,111239.86095,113280.0,1.0,2,5.635795,72294.112266,72294.112266,8454922.5554236,25522013.0518229,1010686.8791059,25824805.8001649,196495710.76415792,50,0,0
Z3,9,3, 720,7080.0,0.050938,138992.500687,141600.0,1.0,2,5.635795,77844.640214,77844.640214,8454922.5554236,25522013.0518229,1010686.8791059,25824805.8001649,196495710.76415792,50,0,0
Z3,10,3, 720,14120.0,0.050942,277177.9671,282400.0,1.0,2,5.635795,105481.733496,105481.733496,8454922.5554236,25522013.0518229,1010686.8791059,25824805.8001649,196495710.76415792,50,0,0
Z3,11,3, 720,17536.0,0.050903,344498.359625,350720.0,1.0,2,5.635795,118945.812001,118945.812001,8454922.5554236,25522013.0518229,1010686.8791059,25824805.8001649,196495710.76415792,50,0,0
Z3,12,3, 720,16008.0,0.050974,314042.453015,320160.0,1.0,2,5.635795,112854.630679,112854.630679,8454922.5554236,25522013.0518229,1010686.8791059,25824805.8001649,196495710.76415792,50,0,0
Z3,13,3, 720,10896.0,0.051014,213588.426706,213640.0,1.0,2,5.635795,92763.825417,92763.825417,8454922.5554236,25522013.0518229,1010686.8791059,25824805.8001649,196495710.76415792,50,0,0
Z3,14,3, 720,19720.0,0.050979,386825.947939,394400.0,1.0,2,5.635795,127411.329664,127411.329664,8454922.5554236,25522013.0518229,1010686.8791059,25824805.8001649,196495710.76415792,50,0,0
Z3,15,3, 720,20104.0,0.051008,394134.25345,394192.0,1.0,2,5.635795,128872.990766,128872.990766,8454922.5554236,25522013.0518229,1010686.8791059,25824805.8001649,196495710.76415792,50,0,0
Z3,16,3, 720,12504.0,0.051022,245070.753792,245176.0,1.0,2,5.635795,99060.290835,99060.290835,8454922.5554236,25522013.0518229,1010686.8791059,25824805.8001649,196495710.76415792,50,0,0
Z3,17,3, 720,23072.0,0.051021,452205.954411,452392.0,1.0,2,5.635795,140487.330958,140487.330958,8454922.5554236,25522013.0518229,1010686.8791059,25824805.8001649,196495710.76415792,50,0,0
Z3,18,3, 720,18112.0,0.051002,355123.328497,355136.0,1.0,2,5.635795,121070.805776,121070.805776,8454922.5554236,25522013.0518229,1010686.8791059,25824805.8001649,196495710.76415792,50,0,0
Z3,19,3, 720,12544.0,0.051028,245825.821118,245960.0,1.0,2,5.635795,99211.3043,99211.3043,8454922.5554236,25522013.0518229,1010686.8791059,25824805.8001649,196495710.76415792,50,0,0
Z3,20,3, 720,15304.0,0.051016,299984.318645,300072.0,1.0,2,5.635795,110043.003805,110043.003805,8454922.5554236,25522013.0518229,1010686.8791059,25824805.8001649,196495710.76415792,50,0,0
Z3,21,3, 720,12280.0,0.050966,240944.943688,245600.0,1.0,2,5.635795,98235.128814,98235.128814,8454922.5554236,25522013.0518229,1010686.8791059,25824805.8001649,196495710.76415792,50,0,0
Z3,22,3, 720,10368.0,0.050923,203601.516014,207360.0,1.0,2,5.635795,90766.443279,90766.443279,8454922.5554236,25522013.0518229,1010686.8791059,25824805.8001649,196495710.76415792,50,0,0
Z3,23,3, 720,10520.0,0.05092,206598.586017,210400.0,1.0,2,5.635795,91365.85728,91365.85728,8454922.5554236,25522013.0518229,1010686.8791059,25824805.8001649,196495710.76415792,50,0,0
Z3,24,3, 720,15288.0,0.050916,300259.25053,305760.0,1.0,2,5.635795,110097.990182,110097.990182,8454922.5554236,25522013.0518229,1010686.8791059,25824805.8001649,196495710.76415792,50,0,0
Z3,25,3, 720,16344.0,0.05093,320911.054388,326880.0,1.0,2,5.635795,114228.350954,114228.350954,8454922.5554236,25522013.0518229,1010686.8791059,25824805.8001649,196495710.76415792,50,0,0
Z3,26,3, 720,9016.0,0.050826,177389.525046,180320.0,1.0,2,5.635795,85524.045085,85524.045085,8454922.5554236,25522013.0518229,1010686.8791059,25824805.8001649,196495710.76415792,50,0,0
Z3,27,3, 720,13800.0,0.050925,270986.745214,276000.0,1.0,2,5.635795,104243.489119,104243.489119,8454922.5554236,25522013.0518229,1010686.8791059,25824805.8001649,196495710.76415792,50,0,0
Z3,28,3, 720,17664.0,0.050885,347135.698143,353280.0,1.0,2,5.635795,119473.279705,119473.279705,8454922.5554236,25522013.0518229,1010686.8791059,25824805.8001649,196495710.76415792,50,0,0
Z3,29,3, 720,10240.0,0.050939,201024.755099,204800.0,1.0,2,5.635795,90251.091096,90251.091096,8454922.5554236,25522013.0518229,1010686.8791059,25824805.8001649,196495710.76415792,50,0,0
Z3,30,3, 720,6872.0,0.050963,134842.92526,137440.0,1.0,2,5.635795,77014.725128,77014.725128,8454922.5554236,25522013.0518229,1010686.8791059,25824805.8001649,196495710.76415792,50,0,0
Z3,31,3, 720,6872.0,0.05081,135248.966739,137440.0,1.0,2,5.635795,77095.933424,77095.933424,8454922.5554236,25522013.0518229,1010686.8791059,25824805.8001649,196495710.76415792,50,0,0
Z3,32,3, 720,6376.0,0.050943,125159.491981,127520.0,1.0,2,5.635795,75078.038472,75078.038472,8454922.5554236,25522013.0518229,1010686.8791059,25824805.8001649,196495710.76415792,50,0,0
Z3,33,3, 720,6872.0,0.050843,135161.182464,137440.0,1.0,2,5.635795,77078.376569,77078.376569,8454922.5554236,25522013.0518229,1010686.8791059,25824805.8001649,196495710.76415792,50,0,0
Z3,34,3, 720,6872.0,0.050814,135238.320148,137440.0,1.0,2,5.635795,77093.804106,77093.804106,8454922.5554236,25522013.0518229,1010686.8791059,25824805.8001649,196495710.76415792,50,0,0
Z3,35,3, 720,6376.0,0.050904,125255.382681,127520.0,1.0,2,5.635795,75097.216612,75097.216612,8454922.5554236,25522013.0518229,1010686.8791059,25824805.8001649,196495710.76415792,50,0,0
Z3,36,3, 720,6872.0,0.050816,135232.997481,137440.0,1.0,2,5.635795,77092.739572,77092.739572,8454922.5554236,25522013.0518229,1010686.8791059,25824805.8001649,196495710.76415792,50,0,0
Z3,37,3, 720,6872.0,0.050861,135113.348145,137440.0,1.0,2,5.635795,77068.809705,77068.809705,8454922.5554236,25522013.0518229,1010686.8791059,25824805.8001649,196495710.76415792,50,0,0
Z3,38,3, 720,6376.0,0.050862,125358.814046,127520.0,1.0,2,5.635795,75117.902885,75117.902885,8454922.5554236,25522013.0518229,1010686.8791059,25824805.8001649,196495710.76415792,50,0,0
Z1,0,4, 720,22592.0,0.172369,131067.651376,131344.0,1.0,2,8.454769,101331.433161,101331.433161,8454922.5554236,25522013.0518229,1010686.8791059,25824805.8001649,196495710.76415792,50,0,0
Z2,0,4, 720,6624.0,0.173913,38088.009522,38288.0,1.0,2,8.454769,82735.50479,82735.50479,8454922.5554236,25522013.0518229,1010686.8791059,25824805.8001649,196495710.76415792,50,0,0
Z2,1,4, 720,6648.0,0.050986,130388.734162,132960.0,1.0,2,8.454769,101195.649718,101195.649718,8454922.5554236,25522013.0518229,1010686.8791059,25824805.8001649,196495710.76415792,50,0,0
Z2,2,4, 720,7200.0,0.050919,141401.048724,144000.0,1.0,2,8.454769,103398.11263,103398.11263,8454922.5554236,25522013.0518229,1010686.8791059,25824805.8001649,196495710.76415792,50,0,0
Z2,3,4, 720,7296.0,0.050969,143145.833742,145920.0,1.0,2,8.454769,103747.069634,103747.069634,8454922.5554236,25522013.0518229,1010686.8791059,25824805.8001649,196495710.76415792,50,0,0
Z2,4,4, 720,17272.0,0.051068,338215.712383,338664.0,1.0,2,8.454769,142761.045362,142761.045362,8454922.5554236,25522013.0518229,1010686.8791059,25824805.8001649,196495710.76415792,50,0,0
Z2,5,4, 720,26240.0,0.051057,513935.405527,514504.0,1.0,2,8.454769,177904.983991,177904.983991,8454922.5554236,25522013.0518229,1010686.8791059,25824805.8001649,196495710.76415792,50,0,0
Z2,6,4, 720,12720.0,0.050973,249543.87617,254400.0,1.0,2,8.454769,125026.678119,125026.678119,8454922.5554236,25522013.0518229,1010686.8791059,25824805.8001649,196495710.76415792,50,0,0
Z2,7,4, 720,11496.0,0.050967,225557.713815,229920.0,1.0,2,8.454769,120229.445648,120229.445648,8454922.5554236,25522013.0518229,1010686.8791059,25824805.8001649,196495710.76415792,50,0,0
Z3,0,4, 720,6448.0,0.173447,37175.621371,37264.0,1.0,2,8.454769,82553.02716,82553.02716,8454922.5554236,25522013.0518229,1010686.8791059,25824805.8001649,196495710.76415792,50,0,0
Z3,1,4, 720,7448.0,0.050953,146173.92499,148960.0,1.0,2,8.454769,104352.687883,104352.687883,8454922.5554236,25522013.0518229,1010686.8791059,25824805.8001649,196495710.76415792,50,0,0
Z3,2,4, 720,7424.0,0.050953,145702.902675,148480.0,1.0,2,8.454769,104258.48342,104258.48342,8454922.5554236,25522013.0518229,1010686.8791059,25824805.8001649,196495710.76415792,50,0,0
Z3,3,4, 720,6648.0,0.050985,130391.291556,132960.0,1.0,2,8.454769,101196.161197,101196.161197,8454922.5554236,25522013.0518229,1010686.8791059,25824805.8001649,196495710.76415792,50,0,0
Z3,4,4, 720,7224.0,0.050983,141694.290254,144480.0,1.0,2,8.454769,103456.760936,103456.760936,8454922.5554236,25522013.0518229,1010686.8791059,25824805.8001649,196495710.76415792,50,0,0
Z3,5,4, 720,7240.0,0.050952,142094.520333,144800.0,1.0,2,8.454769,103536.806952,103536.806952,8454922.5554236,25522013.0518229,1010686.8791059,25824805.8001649,196495710.76415792,50,0,0
Z3,6,4, 720,6648.0,0.050901,130606.471386,132960.0,1.0,2,8.454769,101239.197163,101239.197163,8454922.5554236,25522013.0518229,1010686.8791059,25824805.8001649,196495710.76415792,50,0,0
Z3,7,4, 720,7232.0,0.051041,141690.01391,141800.0,1.0,2,8.454769,103455.905667,103455.905667,8454922.5554236,25522013.0518229,1010686.8791059,25824805.8001649,196495710.76415792,50,0,0
Z3,8,4, 720,7296.0,0.051006,143041.995059,143056.0,1.0,2,8.454769,103726.301897,103726.301897,8454922.5554236,25522013.0518229,1010686.8791059,25824805.8001649,196495710.76415792,50,0,0
Z3,9,4, 720,16456.0,0.051066,322249.637724,322664.0,1.0,2,8.454769,139567.83043,139567.83043,8454922.5554236,25522013.0518229,1010686.8791059,25824805.8001649,196495710.76415792,50,0,0
Z3,10,4, 720,25392.0,0.051083,497073.390365,497880.0,1.0,2,8.454769,174532.580958,174532.580958,8454922.5554236,25522013.0518229,1010686.8791059,25824805.8001649,196495710.76415792,50,0,0
Z3,11,4, 720,21592.0,0.051048,422974.455415,423368.0,1.0,2,8.454769,159712.793968,159712.793968,8454922.5554236,25522013.0518229,1010686.8791059,25824805.8001649,196495710.76415792,50,0,0
Z3,12,4, 720,13528.0,0.050989,265312.126145,270560.0,1.0,2,8.454769,128180.328114,128180.328114,8454922.5554236,25522013.0518229,1010686.8791059,25824805.8001649,196495710.76415792,50,0,0
Z3,13,4, 720,29512.0,0.051046,578145.202366,578664.0,1.0,2,8.454769,190746.943359,190746.943359,8454922.5554236,25522013.0518229,1010686.8791059,25824805.8001649,196495710.76415792,50,0,0
Z3,14,4, 720,29688.0,0.051079,581217.330018,582112.0,1.0,2,8.454769,191361.368889,191361.368889,8454922.5554236,25522013.0518229,1010686.8791059,25824805.8001649,196495710.76415792,50,0,0
Z3,15,4, 720,16760.0,0.051026,328460.000784,328624.0,1.0,2,8.454769,140809.903042,140809.903042,8454922.5554236,25522013.0518229,1010686.8791059,25824805.8001649,196495710.76415792,50,0,0
Z3,16,4, 720,33128.0,0.051071,648665.583208,649568.0,1.0,2,8.454769,204851.019527,204851.019527,8454922.5554236,25522013.0518229,1010686.8791059,25824805.8001649,196495710.76415792,50,0,0
Z3,17,4, 720,26248.0,0.051101,513649.439346,514664.0,1.0,2,8.454769,177847.790754,177847.790754,8454922.5554236,25522013.0518229,1010686.8791059,25824805.8001649,196495710.76415792,50,0,0
Z3,18,4, 720,14624.0,0.051028,286587.755742,286744.0,1.0,2,8.454769,132435.454034,132435.454034,8454922.5554236,25522013.0518229,1010686.8791059,25824805.8001649,196495710.76415792,50,0,0
Z3,19,4, 720,26816.0,0.051094,524836.575723,525800.0,1.0,2,8.454769,180085.21803,180085.21803,8454922.5554236,25522013.0518229,1010686.8791059,25824805.8001649,196495710.76415792,50,0,0
Z3,20,4, 720,23128.0,0.051105,452558.458077,453488.0,1.0,2,8.454769,165629.594501,165629.594501,8454922.5554236,25522013.0518229,1010686.8791059,25824805.8001649,196495710.76415792,50,0,0
Z3,21,4, 720,19440.0,0.050962,381460.696205,388800.0,1.0,2,8.454769,151410.042126,151410.042126,8454922.5554236,25522013.0518229,1010686.8791059,25824805.8001649,196495710.76415792,50,0,0
Z3,22,4, 720,29088.0,0.05576,521664.275466,528872.0,1.0,2,8.454769,179450.757979,179450.757979,8454922.5554236,25522013.0518229,1010686.8791059,25824805.8001649,196495710.76415792,50,0,0
Z3,23,4, 720,29840.0,0.051044,584593.683881,585096.0,1.0,2,8.454769,192036.639661,192036.639661,8454922.5554236,25522013.0518229,1010686.8791059,25824805.8001649,196495710.76415792,50,0,0
Z3,24,4, 720,17200.0,0.050885,338017.097376,344000.0,1.0,2,8.454769,142721.322361,142721.322361,8454922.5554236,25522013.0518229,1010686.8791059,25824805.8001649,196495710.76415792,50,0,0
Z3,25,4, 720,25664.0,0.05108,502427.564605,503208.0,1.0,2,8.454769,175603.415806,175603.415806,8454922.5554236,25522013.0518229,1010686.8791059,25824805.8001649,196495710.76415792,50,0,0
Z3,26,4, 720,26808.0,0.050979,525863.59089,536160.0,1.0,2,8.454769,180290.621063,180290.621063,8454922.5554236,25522013.0518229,1010686.8791059,25824805.8001649,196495710.76415792,50,0,0
Z3,27,4, 720,17472.0,0.050888,343342.241786,349440.0,1.0,2,8.454769,143786.351243,143786.351243,8454922.5554236,25522013.0518229,1010686.8791059,25824805.8001649,196495710.76415792,50,0,0
Z3,28,4, 720,6448.0,0.050911,126652.393392,128960.0,1.0,2,8.454769,100448.381564,100448.381564,8454922.5554236,25522013.0518229,1010686.8791059,25824805.8001649,196495710.76415792,50,0,0
Z3,29,4, 720,7200.0,0.050792,141754.607025,144000.0,1.0,2,8.454769,103468.82429,103468.82429,8454922.5554236,25522013.0518229,1010686.8791059,25824805.8001649,196495710.76415792,50,0,0
Z3,30,4, 720,7520.0,0.050945,147610.167828,150400.0,1.0,2,8.454769,104639.936451,104639.936451,8454922.5554236,25522013.0518229,1010686.8791059,25824805.8001649,196495710.76415792,50,0,0
Z3,31,4, 720,6728.0,0.050933,132095.105334,134560.0,1.0,2,8.454769,101536.923952,101536.923952,8454922.5554236,25522013.0518229,1010686.8791059,25824805.8001649,196495710.76415792,50,0,0
Z3,32,4, 720,7224.0,0.050946,141797.197032,144480.0,1.0,2,8.454769,103477.342292,103477.342292,8454922.5554236,25522013.0518229,1010686.8791059,25824805.8001649,196495710.76415792,50,0,0
Z3,33,4, 720,7256.0,0.050915,142512.029854,145120.0,1.0,2,8.454769,103620.308856,103620.308856,8454922.5554236,25522013.0518229,1010686.8791059,25824805.8001649,196495710.76415792,50,0,0
Z3,34,4, 720,6544.0,0.050866,128651.751661,130880.0,1.0,2,8.454769,100848.253218,100848.253218,8454922.5554236,25522013.0518229,1010686.8791059,25824805.8001649,196495710.76415792,50,0,0
Z3,35,4, 720,12272.0,0.050985,240698.244582,245440.0,1.0,2,8.454769,123257.551802,123257.551802,8454922.5554236,25522013.0518229,1010686.8791059,25824805.8001649,196495710.76415792,50,0,0
Z3,36,4, 720,8544.0,0.050961,167657.620533,170880.0,1.0,2,8.454769,108649.426992,108649.426992,8454922.5554236,25522013.0518229,1010686.8791059,25824805.8001649,196495710.76415792,50,0,0
Z3,37,4, 720,6424.0,0.050911,126180.982499,128480.0,1.0,2,8.454769,100354.099385,100354.099385,8454922.5554236,25522013.0518229,1010686.8791059,25824805.8001649,196495710.76415792,50,0,0
Z3,38,4, 720,6872.0,0.050924,134946.194329,137440.0,1.0,2,8.454769,102107.141751,102107.141751,8454922.5554236,25522013.0518229,1010686.8791059,25824805.8001649,196495710.76415792,50,0,0
Z1,0,5, 720,20272.0,0.173109,117105.407576,117176.0,1.0,2,11.28084,125528.223266,125528.223266,8454922.5554236,25522013.0518229,1010686.8791059,25824805.8001649,196495710.76415792,50,0,0
Z2,0,5, 720,6624.0,0.173774,38118.475721,38288.0,1.0,2,11.28084,109730.836895,109730.836895,8454922.5554236,25522013.0518229,1010686.8791059,25824805.8001649,196495710.76415792,50,0,0
Z2,1,5, 720,7616.0,0.050858,149750.285108,152320.0,1.0,2,11.28084,132057.198773,132057.198773,8454922.5554236,25522013.0518229,1010686.8791059,25824805.8001649,196495710.76415792,50,0,0
Z2,2,5, 720,8792.0,0.050911,172693.523993,175840.0,1.0,2,11.28084,136645.84655,136645.84655,8454922.5554236,25522013.0518229,1010686.8791059,25824805.8001649,196495710.76415792,50,0,0
Z2,3,5, 720,8816.0,0.050867,173314.722708,176320.0,1.0,2,11.28084,136770.086293,136770.086293,8454922.5554236,25522013.0518229,1010686.8791059,25824805.8001649,196495710.76415792,50,0,0
Z2,4,5, 720,14976.0,0.050985,293733.451015,299520.0,1.0,2,11.28084,160853.831954,160853.831954,8454922.5554236,25522013.0518229,1010686.8791059,25824805.8001649,196495710.76415792,50,0,0
Z2,5,5, 720,25312.0,0.051043,495895.617421,496312.0,1.0,2,11.28084,201286.265235,201286.265235,8454922.5554236,25522013.0518229,1010686.8791059,25824805.8001649,196495710.76415792,50,0,0
Z2,6,5, 720,13208.0,0.050906,259458.609987,264160.0,1.0,2,11.28084,153998.863749,153998.863749,8454922.5554236,25522013.0518229,1010686.8791059,25824805.8001649,196495710.76415792,50,0,0
Z2,7,5, 720,16320.0,0.050994,320037.651488,326400.0,1.0,2,11.28084,166114.672049,166114.672049,8454922.5554236,25522013.0518229,1010686.8791059,25824805.8001649,196495710.76415792,50,0,0
Z3,0,5, 720,7712.0,0.173466,44458.280009,44576.0,1.0,2,11.28084,110998.797753,110998.797753,8454922.5554236,25522013.0518229,1010686.8791059,25824805.8001649,196495710.76415792,50,0,0
Z3,1,5, 720,9624.0,0.050976,188794.72693,192480.0,1.0,2,11.28084,139866.087137,139866.087137,8454922.5554236,25522013.0518229,1010686.8791059,25824805.8001649,196495710.76415792,50,0,0
Z3,2,5, 720,9096.0,0.050966,178471.922458,181920.0,1.0,2,11.28084,137801.526243,137801.526243,8454922.5554236,25522013.0518229,1010686.8791059,25824805.8001649,196495710.76415792,50,0,0
Z3,3,5, 720,7632.0,0.050871,150026.537713,152640.0,1.0,2,11.28084,132112.449294,132112.449294,8454922.5554236,25522013.0518229,1010686.8791059,25824805.8001649,196495710.76415792,50,0,0
Z3,4,5, 720,8304.0,0.050945,162999.312985,166080.0,1.0,2,11.28084,134707.004348,134707.004348,8454922.5554236,25522013.0518229,1010686.8791059,25824805.8001649,196495710.76415792,50,0,0
Z3,5,5, 720,8504.0,0.050896,167085.822069,170080.0,1.0,2,11.28084,135524.306165,135524.306165,8454922.5554236,25522013.0518229,1010686.8791059,25824805.8001649,196495710.76415792,50,0,0
Z3,6,5, 720,7384.0,0.050859,145185.709511,147680.0,1.0,2,11.28084,131144.283653,131144.283653,8454922.5554236,25522013.0518229,1010686.8791059,25824805.8001649,196495710.76415792,50,0,0
Z3,7,5, 720,8968.0,0.050947,176026.066304,179360.0,1.0,2,11.28084,137312.355012,137312.355012,8454922.5554236,25522013.0518229,1010686.8791059,25824805.8001649,196495710.76415792,50,0,0
Z3,8,5, 720,8912.0,0.050877,175167.56098,178240.0,1.0,2,11.28084,137140.653947,137140.653947,8454922.5554236,25522013.0518229,1010686.8791059,25824805.8001649,196495710.76415792,50,0,0
Z3,9,5, 720,16688.0,0.051039,326965.653716,327208.0,1.0,2,11.28084,167500.272494,167500.272494,8454922.5554236,25522013.0518229,1010686.8791059,25824805.8001649,196495710.76415792,50,0,0
Z3,10,5, 720,23832.0,0.05104,466927.899687,467288.0,1.0,2,11.28084,195492.721688,195492.721688,8454922.5554236,25522013.0518229,1010686.8791059,25824805.8001649,196495710.76415792,50,0,0
Z3,11,5, 720,21144.0,0.050994,414637.01612,422880.0,1.0,2,11.28084,185034.544975,185034.544975,8454922.5554236,25522013.0518229,1010686.8791059,25824805.8001649,196495710.76415792,50,0,0
Z3,12,5, 720,14272.0,0.050983,279936.449405,285440.0,1.0,2,11.28084,158094.431632,158094.431632,8454922.5554236,25522013.0518229,1010686.8791059,25824805.8001649,196495710.76415792,50,0,0
Z3,13,5, 720,27640.0,0.051019,541758.952547,541960.0,1.0,2,11.28084,210458.932261,210458.932261,8454922.5554236,25522013.0518229,1010686.8791059,25824805.8001649,196495710.76415792,50,0,0
Z3,14,5, 720,33288.0,0.051056,651989.971796,652704.0,1.0,2,11.28084,232505.13611,232505.13611,8454922.5554236,25522013.0518229,1010686.8791059,25824805.8001649,196495710.76415792,50,0,0
Z3,15,5, 720,17576.0,0.051006,344586.911344,344624.0,1.0,2,11.28084,171024.52402,171024.52402,8454922.5554236,25522013.0518229,1010686.8791059,25824805.8001649,196495710.76415792,50,0,0
Z3,16,5, 720,34872.0,0.051023,683456.480411,683760.0,1.0,2,11.28084,238798.437833,238798.437833,8454922.5554236,25522013.0518229,1010686.8791059,25824805.8001649,196495710.76415792,50,0,0
Z3,17,5, 720,27336.0,0.050997,536031.531267,546720.0,1.0,2,11.28084,209313.448004,209313.448004,8454922.5554236,25522013.0518229,1010686.8791059,25824805.8001649,196495710.76415792,50,0,0
Z3,18,5, 720,18312.0,0.050977,359220.825078,366240.0,1.0,2,11.28084,173951.306767,173951.306767,8454922.5554236,25522013.0518229,1010686.8791059,25824805.8001649,196495710.76415792,50,0,0
Z3,19,5, 720,41432.0,0.05111,810643.709646,812392.0,1.0,2,11.28084,264235.88368,264235.88368,8454922.5554236,25522013.0518229,1010686.8791059,25824805.8001649,196495710.76415792,50,0,0
Z3,20,5, 720,36760.0,0.051076,719711.802021,720784.0,1.0,2,11.28084,246049.502155,246049.502155,8454922.5554236,25522013.0518229,1010686.8791059,25824805.8001649,196495710.76415792,50,0,0
Z3,21,5, 720,21272.0,0.050963,417400.859447,425440.0,1.0,2,11.28084,185587.313641,185587.313641,8454922.5554236,25522013.0518229,1010686.8791059,25824805.8001649,196495710.76415792,50,0,0
Z3,22,5, 720,43464.0,0.053467,812912.637702,820072.0,1.0,2,11.28084,264689.669291,264689.669291,8454922.5554236,25522013.0518229,1010686.8791059,25824805.8001649,196495710.76415792,50,0,0
Z3,23,5, 720,42000.0,0.050971,823997.959624,840000.0,1.0,2,11.28084,266906.733676,266906.733676,8454922.5554236,25522013.0518229,1010686.8791059,25824805.8001649,196495710.76415792,50,0,0
Z3,24,5, 720,20304.0,0.050901,398891.966759,406080.0,1.0,2,11.28084,181885.535103,181885.535103,8454922.5554236,25522013.0518229,1010686.8791059,25824805.8001649,196495710.76415792,50,0,0
Z3,25,5, 720,32736.0,0.051198,639399.976562,641880.0,1.0,2,11.28084,229987.137063,229987.137063,8454922.5554236,25522013.0518229,1010686.8791059,25824805.8001649,196495710.76415792,50,0,0
Z3,26,5, 720,34608.0,0.051337,674133.665777,678584.0,1.0,2,11.28084,236933.874907,236933.874907,8454922.5554236,25522013.0518229,1010686.8791059,25824805.8001649,196495710.76415792,50,0,0
Z3,27,5, 720,21272.0,0.050858,418262.613551,425440.0,1.0,2,11.28084,185759.664461,185759.664461,8454922.5554236,25522013.0518229,1010686.8791059,25824805.8001649,196495710.76415792,50,0,0
Z3,28,5, 720,8752.0,0.050764,172405.641793,175040.0,1.0,2,11.28084,136588.27011,136588.27011,8454922.5554236,25522013.0518229,1010686.8791059,25824805.8001649,196495710.76415792,50,0,0
Z3,29,5, 720,12760.0,0.050849,250939.054849,255200.0,1.0,2,11.28084,152294.952721,152294.952721,8454922.5554236,25522013.0518229,1010686.8791059,25824805.8001649,196495710.76415792,50,0,0
Z3,30,5, 720,15440.0,0.050986,302828.227357,308800.0,1.0,2,11.28084,162672.787222,162672.787222,8454922.5554236,25522013.0518229,1010686.8791059,25824805.8001649,196495710.76415792,50,0,0
Z3,31,5, 720,10000.0,0.051025,195982.361587,196072.0,1.0,2,11.28084,141303.614069,141303.614069,8454922.5554236,25522013.0518229,1010686.8791059,25824805.8001649,196495710.76415792,50,0,0
Z3,32,5, 720,15200.0,0.051184,296967.802438,298032.0,1.0,2,11.28084,161500.702239,161500.702239,8454922.5554236,25522013.0518229,1010686.8791059,25824805.8001649,196495710.76415792,50,0,0
Z3,33,5, 720,18352.0,0.051049,359497.737468,359840.0,1.0,2,11.28084,174006.689245,174006.689245,8454922.5554236,25522013.0518229,1010686.8791059,25824805.8001649,196495710.76415792,50,0,0
Z3,34,5, 720,11224.0,0.051007,220048.228674,220072.0,1.0,2,11.28084,146116.787486,146116.787486,8454922.5554236,25522013.0518229,1010686.8791059,25824805.8001649,196495710.76415792,50,0,0
Z3,35,5, 720,23240.0,0.051008,455614.805521,455680.0,1.0,2,11.28084,193230.102855,193230.102855,8454922.5554236,25522013.0518229,1010686.8791059,25824805.8001649,196495710.76415792,50,0,0
Z3,36,5, 720,16824.0,0.050964,330115.375559,336480.0,1.0,2,11.28084,168130.216863,168130.216863,8454922.5554236,25522013.0518229,1010686.8791059,25824805.8001649,196495710.76415792,50,0,0
Z3,37,5, 720,9680.0,0.05092,190102.120974,193600.0,1.0,2,11.28084,140127.565946,140127.565946,8454922.5554236,25522013.0518229,1010686.8791059,25824805.8001649,196495710.76415792,50,0,0
Z3,38,5, 720,12888.0,0.050963,252889.351098,257760.0,1.0,2,11.28084,152685.011971,152685.011971,8454922.5554236,25522013.0518229,1010686.8791059,25824805.8001649,196495710.76415792,50,0,0
Z1,0,6, 720,14912.0,0.171576,86911.922413,87200.0,1.0,2,14.104897,145062.4943,145062.4943,8454922.5554236,25522013.0518229,1010686.8791059,25824805.8001649,196495710.76415792,50,0,0
Z2,0,6, 720,6624.0,0.172961,38297.650916,38504.0,1.0,2,14.104897,135339.640001,135339.640001,8454922.5554236,25522013.0518229,1010686.8791059,25824805.8001649,196495710.76415792,50,0,0
Z2,1,6, 720,6768.0,0.050962,132804.834975,135360.0,1.0,2,14.104897,154241.076813,154241.076813,8454922.5554236,25522013.0518229,1010686.8791059,25824805.8001649,196495710.76415792,50,0,0
Z2,2,6, 720,7488.0,0.051016,146777.481574,146816.0,1.0,2,14.104897,157035.606133,157035.606133,8454922.5554236,25522013.0518229,1010686.8791059,25824805.8001649,196495710.76415792,50,0,0
Z2,3,6, 720,7752.0,0.051029,151913.617747,152000.0,1.0,2,14.104897,158062.833367,158062.833367,8454922.5554236,25522013.0518229,1010686.8791059,25824805.8001649,196495710.76415792,50,0,0
Z2,4,6, 720,10768.0,0.05108,210806.577917,211136.0,1.0,2,14.104897,169841.425401,169841.425401,8454922.5554236,25522013.0518229,1010686.8791059,25824805.8001649,196495710.76415792,50,0,0
Z2,5,6, 720,17456.0,0.051062,341858.916611,342272.0,1.0,2,14.104897,196051.89314,196051.89314,8454922.5554236,25522013.0518229,1010686.8791059,25824805.8001649,196495710.76415792,50,0,0
Z2,6,6, 720,9568.0,0.051035,187479.180954,187600.0,1.0,2,14.104897,165175.946009,165175.946009,8454922.5554236,25522013.0518229,1010686.8791059,25824805.8001649,196495710.76415792,50,0,0
Z2,7,6, 720,12800.0,0.050989,251034.536861,256000.0,1.0,2,14.104897,177887.01719,177887.01719,8454922.5554236,25522013.0518229,1010686.8791059,25824805.8001649,196495710.76415792,50,0,0
Z3,0,6, 720,6760.0,0.17306,39061.597134,39072.0,1.0,2,14.104897,135492.429244,135492.429244,8454922.5554236,25522013.0518229,1010686.8791059,25824805.8001649,196495710.76415792,50,0,0
Z3,1,6, 720,8320.0,0.050912,163419.233187,166400.0,1.0,2,14.104897,160363.956455,160363.956455,8454922.5554236,25522013.0518229,1010686.8791059,25824805.8001649,196495710.76415792,50,0,0
Z3,2,6, 720,7800.0,0.050936,153133.343804,156000.0,1.0,2,14.104897,158306.778578,158306.778578,8454922.5554236,25522013.0518229,1010686.8791059,25824805.8001649,196495710.76415792,50,0,0
Z3,3,6, 720,6928.0,0.050974,135912.425943,138560.0,1.0,2,14.104897,154862.595006,154862.595006,8454922.5554236,25522013.0518229,1010686.8791059,25824805.8001649,196495710.76415792,50,0,0
Z3,4,6, 720,7472.0,0.050947,146662.217599,149440.0,1.0,2,14.104897,157012.553337,157012.553337,8454922.5554236,25522013.0518229,1010686.8791059,25824805.8001649,196495710.76415792,50,0,0
Z3,5,6, 720,7416.0,0.050939,145585.896857,148320.0,1.0,2,14.104897,156797.289189,156797.289189,8454922.5554236,25522013.0518229,1010686.8791059,25824805.8001649,196495710.76415792,50,0,0
Z3,6,6, 720,6760.0,0.050942,132699.933257,135200.0,1.0,2,14.104897,154220.096469,154220.096469,8454922.5554236,25522013.0518229,1010686.8791059,25824805.8001649,196495710.76415792,50,0,0
Z3,7,6, 720,7600.0,0.050911,149280.116281,152000.0,1.0,2,14.104897,157536.133074,157536.133074,8454922.5554236,25522013.0518229,1010686.8791059,25824805.8001649,196495710.76415792,50,0,0
Z3,8,6, 720,7600.0,0.050949,149168.77662,152000.0,1.0,2,14.104897,157513.865142,157513.865142,8454922.5554236,25522013.0518229,1010686.8791059,25824805.8001649,196495710.76415792,50,0,0
Z3,9,6, 720,12912.0,0.050984,253255.923427,258240.0,1.0,2,14.104897,178331.294503,178331.294503,8454922.5554236,25522013.0518229,1010686.8791059,25824805.8001649,196495710.76415792,50,0,0
Z3,10,6, 720,17552.0,0.050985,344258.115132,351040.0,1.0,2,14.104897,196531.732844,196531.732844,8454922.5554236,25522013.0518229,1010686.8791059,25824805.8001649,196495710.76415792,50,0,0
Z3,11,6, 720,14968.0,0.051001,293484.441482,293488.0,1.0,2,14.104897,186376.998114,186376.998114,8454922.5554236,25522013.0518229,1010686.8791059,25824805.8001649,196495710.76415792,50,0,0
Z3,12,6, 720,10336.0,0.050942,202897.412744,206720.0,1.0,2,14.104897,168259.592366,168259.592366,8454922.5554236,25522013.0518229,1010686.8791059,25824805.8001649,196495710.76415792,50,0,0
Z3,13,6, 720,18344.0,0.050907,360343.371246,366880.0,1.0,2,14.104897,199748.784067,199748.784067,8454922.5554236,25522013.0518229,1010686.8791059,25824805.8001649,196495710.76415792,50,0,0
Z3,14,6, 720,20456.0,0.051051,400697.341874,401096.0,1.0,2,14.104897,207819.578192,207819.578192,8454922.5554236,25522013.0518229,1010686.8791059,25824805.8001649,196495710.76415792,50,0,0
Z3,15,6, 720,12480.0,0.050993,244739.474045,249600.0,1.0,2,14.104897,176628.004627,176628.004627,8454922.5554236,25522013.0518229,1010686.8791059,25824805.8001649,196495710.76415792,50,0,0
Z3,16,6, 720,18912.0,0.051043,370511.137668,370816.0,1.0,2,14.104897,201782.337351,201782.337351,8454922.5554236,25522013.0518229,1010686.8791059,25824805.8001649,196495710.76415792,50,0,0
Z3,17,6, 720,16112.0,0.050889,316610.662422,322240.0,1.0,2,14.104897,191002.242302,191002.242302,8454922.5554236,25522013.0518229,1010686.8791059,25824805.8001649,196495710.76415792,50,0,0
Z3,18,6, 720,16088.0,0.051009,315395.322394,315448.0,1.0,2,14.104897,190759.174296,190759.174296,8454922.5554236,25522013.0518229,1010686.8791059,25824805.8001649,196495710.76415792,50,0,0
Z3,19,6, 720,31984.0,0.051002,627112.662249,627136.0,1.0,2,14.104897,253102.642267,253102.642267,8454922.5554236,25522013.0518229,1010686.8791059,25824805.8001649,196495710.76415792,50,0,0
Z3,20,6, 720,21472.0,0.050997,421044.375159,429440.0,1.0,2,14.104897,211888.98485,211888.98485,8454922.5554236,25522013.0518229,1010686.8791059,25824805.8001649,196495710.76415792,50,0,0
Z3,21,6, 720,19320.0,0.051018,378689.874162,378816.0,1.0,2,14.104897,203418.08465,203418.08465,8454922.5554236,25522013.0518229,1010686.8791059,25824805.8001649,196495710.76415792,50,0,0
Z3,22,6, 720,33040.0,0.051027,647500.342956,647840.0,1.0,2,14.104897,257180.178409,257180.178409,8454922.5554236,25522013.0518229,1010686.8791059,25824805.8001649,196495710.76415792,50,0,0
Z3,23,6, 720,26472.0,0.050976,519303.201507,529440.0,1.0,2,14.104897,231540.750119,231540.750119,8454922.5554236,25522013.0518229,1010686.8791059,25824805.8001649,196495710.76415792,50,0,0
Z3,24,6, 720,12984.0,0.054211,239508.586818,240440.0,1.0,2,14.104897,175581.827181,175581.827181,8454922.5554236,25522013.0518229,1010686.8791059,25824805.8001649,196495710.76415792,50,0,0
Z3,25,6, 720,21128.0,0.051005,414233.898637,414272.0,1.0,2,14.104897,210526.889545,210526.889545,8454922.5554236,25522013.0518229,1010686.8791059,25824805.8001649,196495710.76415792,50,0,0
Z3,26,6, 720,21576.0,0.050898,423906.636803,431520.0,1.0,2,14.104897,212461.437178,212461.437178,8454922.5554236,25522013.0518229,1010686.8791059,25824805.8001649,196495710.76415792,50,0,0
Z3,27,6, 720,14376.0,0.050825,282852.926709,287520.0,1.0,2,14.104897,184250.69516,184250.69516,8454922.5554236,25522013.0518229,1010686.8791059,25824805.8001649,196495710.76415792,50,0,0
Z3,28,6, 720,7048.0,0.050783,138786.601816,140960.0,1.0,2,14.104897,155437.430181,155437.430181,8454922.5554236,25522013.0518229,1010686.8791059,25824805.8001649,196495710.76415792,50,0,0
Z3,29,6, 720,8656.0,0.05117,169161.618136,169720.0,1.0,2,14.104897,161512.433445,161512.433445,8454922.5554236,25522013.0518229,1010686.8791059,25824805.8001649,196495710.76415792,50,0,0
Z3,30,6, 720,9488.0,0.05105,185857.002938,186032.0,1.0,2,14.104897,164851.510405,164851.510405,8454922.5554236,25522013.0518229,1010686.8791059,25824805.8001649,196495710.76415792,50,0,0
Z3,31,6, 720,8424.0,0.051139,164727.507382,165176.0,1.0,2,14.104897,160625.611294,160625.611294,8454922.5554236,25522013.0518229,1010686.8791059,25824805.8001649,196495710.76415792,50,0,0
Z3,32,6, 720,9328.0,0.050968,183016.794852,186560.0,1.0,2,14.104897,164283.468788,164283.468788,8454922.5554236,25522013.0518229,1010686.8791059,25824805.8001649,196495710.76415792,50,0,0
Z3,33,6, 720,8680.0,0.050884,170584.073579,173600.0,1.0,2,14.104897,161796.924534,161796.924534,8454922.5554236,25522013.0518229,1010686.8791059,25824805.8001649,196495710.76415792,50,0,0
Z3,34,6, 720,7160.0,0.050805,140931.010727,143200.0,1.0,2,14.104897,155866.311963,155866.311963,8454922.5554236,25522013.0518229,1010686.8791059,25824805.8001649,196495710.76415792,50,0,0
Z3,35,6, 720,10360.0,0.050956,203312.661904,207200.0,1.0,2,14.104897,168342.642199,168342.642199,8454922.5554236,25522013.0518229,1010686.8791059,25824805.8001649,196495710.76415792,50,0,0
Z3,36,6, 720,9048.0,0.050936,177634.678813,180960.0,1.0,2,14.104897,163207.04558,163207.04558,8454922.5554236,25522013.0518229,1010686.8791059,25824805.8001649,196495710.76415792,50,0,0
Z3,37,6, 720,7176.0,0.050929,140902.040095,143520.0,1.0,2,14.104897,155860.517837,155860.517837,8454922.5554236,25522013.0518229,1010686.8791059,25824805.8001649,196495710.76415792,50,0,0
Z3,38,6, 720,8768.0,0.050954,172076.775131,175360.0,1.0,2,14.104897,162095.464844,162095.464844,8454922.5554236,25522013.0518229,1010686.8791059,25824805.8001649,196495710.76415792,50,0,0
Z1,0,7, 720,7408.0,0.172282,42999.268641,43064.0,1.0,2,16.927272,145654.080649,145654.080649,8454922.5554236,25522013.0518229,1010686.8791059,25824805.8001649,196495710.76415792,50,0,0
Z2,0,7, 720,6624.0,0.171957,38521.258222,38736.0,1.0,2,16.927272,144758.478565,144758.478565,8454922.5554236,25522013.0518229,1010686.8791059,25824805.8001649,196495710.76415792,50,0,0
Z2,1,7, 720,6792.0,0.050964,133270.543913,135840.0,1.0,2,16.927272,163708.335703,163708.335703,8454922.5554236,25522013.0518229,1010686.8791059,25824805.8001649,196495710.76415792,50,0,0
Z2,2,7, 720,7464.0,0.050905,146626.068166,149280.0,1.0,2,16.927272,166379.440554,166379.440554,8454922.5554236,25522013.0518229,1010686.8791059,25824805.8001649,196495710.76415792,50,0,0
Z2,3,7, 720,10144.0,0.050959,199061.991012,202880.0,1.0,2,16.927272,176866.625123,176866.625123,8454922.5554236,25522013.0518229,1010686.8791059,25824805.8001649,196495710.76415792,50,0,0
Z2,4,7, 720,14352.0,0.050901,281959.097071,287040.0,1.0,2,16.927272,193446.046335,193446.046335,8454922.5554236,25522013.0518229,1010686.8791059,25824805.8001649,196495710.76415792,50,0,0
Z2,5,7, 720,15008.0,0.050982,294378.408066,300160.0,1.0,2,16.927272,195929.908534,195929.908534,8454922.5554236,25522013.0518229,1010686.8791059,25824805.8001649,196495710.76415792,50,0,0
Z2,6,7, 720,7168.0,0.050794,141119.029807,143360.0,1.0,2,16.927272,165278.032882,165278.032882,8454922.5554236,25522013.0518229,1010686.8791059,25824805.8001649,196495710.76415792,50,0,0
Z2,7,7, 720,8160.0,0.050868,160415.192262,163200.0,1.0,2,16.927272,169137.265373,169137.265373,8454922.5554236,25522013.0518229,1010686.8791059,25824805.8001649,196495710.76415792,50,0,0
Z3,0,7, 720,6656.0,0.172892,38498.021886,38696.0,1.0,2,16.927272,144753.831298,144753.831298,8454922.5554236,25522013.0518229,1010686.8791059,25824805.8001649,196495710.76415792,50,0,0
Z3,1,7, 720,7664.0,0.050899,150572.702804,153280.0,1.0,2,16.927272,167168.767481,167168.767481,8454922.5554236,25522013.0518229,1010686.8791059,25824805.8001649,196495710.76415792,50,0,0
Z3,2,7, 720,7664.0,0.050879,150631.89135,153280.0,1.0,2,16.927272,167180.605191,167180.605191,8454922.5554236,25522013.0518229,1010686.8791059,25824805.8001649,196495710.76415792,50,0,0
Z3,3,7, 720,6920.0,0.05095,135819.430815,138400.0,1.0,2,16.927272,164218.113084,164218.113084,8454922.5554236,25522013.0518229,1010686.8791059,25824805.8001649,196495710.76415792,50,0,0
Z3,4,7, 720,7504.0,0.050958,147258.52663,150080.0,1.0,2,16.927272,166505.932247,166505.932247,8454922.5554236,25522013.0518229,1010686.8791059,25824805.8001649,196495710.76415792,50,0,0
Z3,5,7, 720,7480.0,0.050937,146848.06722,149600.0,1.0,2,16.927272,166423.840365,166423.840365,8454922.5554236,25522013.0518229,1010686.8791059,25824805.8001649,196495710.76415792,50,0,0
Z3,6,7, 720,6728.0,0.05089,132206.720377,134560.0,1.0,2,16.927272,163495.570996,163495.570996,8454922.5554236,25522013.0518229,1010686.8791059,25824805.8001649,196495710.76415792,50,0,0
Z3,7,7, 720,7632.0,0.050977,149714.577162,152640.0,1.0,2,16.927272,166997.142353,166997.142353,8454922.5554236,25522013.0518229,1010686.8791059,25824805.8001649,196495710.76415792,50,0,0
Z3,8,7, 720,7392.0,0.050966,145037.868383,147840.0,1.0,2,16.927272,166061.800597,166061.800597,8454922.5554236,25522013.0518229,1010686.8791059,25824805.8001649,196495710.76415792,50,0,0
Z3,9,7, 720,12800.0,0.051015,250906.596099,250976.0,1.0,2,16.927272,187235.54614,187235.54614,8454922.5554236,25522013.0518229,1010686.8791059,25824805.8001649,196495710.76415792,50,0,0
Z3,10,7, 720,16760.0,0.050916,329169.612695,335200.0,1.0,2,16.927272,202888.14946,202888.14946,8454922.5554236,25522013.0518229,1010686.8791059,25824805.8001649,196495710.76415792,50,0,0
Z3,11,7, 720,14104.0,0.051097,276024.032722,276544.0,1.0,2,16.927272,192259.033465,192259.033465,8454922.5554236,25522013.0518229,1010686.8791059,25824805.8001649,196495710.76415792,50,0,0
Z3,12,7, 720,9704.0,0.050976,190364.092906,194080.0,1.0,2,16.927272,175127.045502,175127.045502,8454922.5554236,25522013.0518229,1010686.8791059,25824805.8001649,196495710.76415792,50,0,0
Z3,13,7, 720,17248.0,0.050995,338229.238161,344960.0,1.0,2,16.927272,204700.074553,204700.074553,8454922.5554236,25522013.0518229,1010686.8791059,25824805.8001649,196495710.76415792,50,0,0
Z3,14,7, 720,21552.0,0.051031,422331.523976,422584.0,1.0,2,16.927272,221520.531716,221520.531716,8454922.5554236,25522013.0518229,1010686.8791059,25824805.8001649,196495710.76415792,50,0,0
Z3,15,7, 720,16688.0,0.050994,327254.186767,333760.0,1.0,2,16.927272,202505.064274,202505.064274,8454922.5554236,25522013.0518229,1010686.8791059,25824805.8001649,196495710.76415792,50,0,0
Z3,16,7, 720,23312.0,0.051122,456007.198466,457096.0,1.0,2,16.927272,228255.666614,228255.666614,8454922.5554236,25522013.0518229,1010686.8791059,25824805.8001649,196495710.76415792,50,0,0
Z3,17,7, 720,14952.0,0.050955,293435.384162,299040.0,1.0,2,16.927272,195741.303753,195741.303753,8454922.5554236,25522013.0518229,1010686.8791059,25824805.8001649,196495710.76415792,50,0,0
Z3,18,7, 720,16856.0,0.050992,330561.65673,337120.0,1.0,2,16.927272,203166.558267,203166.558267,8454922.5554236,25522013.0518229,1010686.8791059,25824805.8001649,196495710.76415792,50,0,0
Z3,19,7, 720,23928.0,0.051015,469038.518083,469176.0,1.0,2,16.927272,230861.930537,230861.930537,8454922.5554236,25522013.0518229,1010686.8791059,25824805.8001649,196495710.76415792,50,0,0
Z3,20,7, 720,29544.0,0.051059,578624.728256,579288.0,1.0,2,16.927272,252779.172572,252779.172572,8454922.5554236,25522013.0518229,1010686.8791059,25824805.8001649,196495710.76415792,50,0,0
Z3,21,7, 720,31920.0,0.050995,625943.719973,638400.0,1.0,2,16.927272,262242.970915,262242.970915,8454922.5554236,25522013.0518229,1010686.8791059,25824805.8001649,196495710.76415792,50,0,0
Z3,22,7, 720,15096.0,0.051005,295970.983237,296000.0,1.0,2,16.927272,196248.423568,196248.423568,8454922.5554236,25522013.0518229,1010686.8791059,25824805.8001649,196495710.76415792,50,0,0
Z3,23,7, 720,22296.0,0.050945,437648.444401,445920.0,1.0,2,16.927272,224583.915801,224583.915801,8454922.5554236,25522013.0518229,1010686.8791059,25824805.8001649,196495710.76415792,50,0,0
Z3,24,7, 720,24272.0,0.051076,475213.407471,475920.0,1.0,2,16.927272,232096.908415,232096.908415,8454922.5554236,25522013.0518229,1010686.8791059,25824805.8001649,196495710.76415792,50,0,0
Z3,25,7, 720,13368.0,0.055147,242406.658567,243048.0,1.0,2,16.927272,185535.558634,185535.558634,8454922.5554236,25522013.0518229,1010686.8791059,25824805.8001649,196495710.76415792,50,0,0
Z3,26,7, 720,21768.0,0.051017,426681.302311,426816.0,1.0,2,16.927272,222390.487383,222390.487383,8454922.5554236,25522013.0518229,1010686.8791059,25824805.8001649,196495710.76415792,50,0,0
Z3,27,7, 720,21680.0,0.05101,425014.702999,425096.0,1.0,2,16.927272,222057.16752,222057.16752,8454922.5554236,25522013.0518229,1010686.8791059,25824805.8001649,196495710.76415792,50,0,0
Z3,28,7, 720,9672.0,0.050841,190240.1605,193440.0,1.0,2,16.927272,175102.259021,175102.259021,8454922.5554236,25522013.0518229,1010686.8791059,25824805.8001649,196495710.76415792,50,0,0
Z3,29,7, 720,13368.0,0.050994,262148.488057,267360.0,1.0,2,16.927272,189483.924532,189483.924532,8454922.5554236,25522013.0518229,1010686.8791059,25824805.8001649,196495710.76415792,50,0,0
Z3,30,7, 720,13424.0,0.050935,263551.585354,268480.0,1.0,2,16.927272,189764.543991,189764.543991,8454922.5554236,25522013.0518229,1010686.8791059,25824805.8001649,196495710.76415792,50,0,0
Z3,31,7, 720,8064.0,0.050917,158375.395251,161280.0,1.0,2,16.927272,168729.305971,168729.305971,8454922.5554236,25522013.0518229,1010686.8791059,25824805.8001649,196495710.76415792,50,0,0
Z3,32,7, 720,9424.0,0.050865,185274.746879,188480.0,1.0,2,16.927272,174109.176296,174109.176296,8454922.5554236,25522013.0518229,1010686.8791059,25824805.8001649,196495710.76415792,50,0,0
Z3,33,7, 720,7368.0,0.050923,144689.040316,147360.0,1.0,2,16.927272,165992.034984,165992.034984,8454922.5554236,25522013.0518229,1010686.8791059,25824805.8001649,196495710.76415792,50,0,0
Z3,34,7, 720,8792.0,0.050854,172887.088528,175840.0,1.0,2,16.927272,171631.644626,171631.644626,8454922.5554236,25522013.0518229,1010686.8791059,25824805.8001649,196495710.76415792,50,0,0
Z3,35,7, 720,8568.0,0.050876,168409.466153,171360.0,1.0,2,16.927272,170736.120151,170736.120151,8454922.5554236,25522013.0518229,1010686.8791059,25824805.8001649,196495710.76415792,50,0,0
Z3,36,7, 720,7064.0,0.050961,138615.804242,141280.0,1.0,2,16.927272,164777.387769,164777.387769,8454922.5554236,25522013.0518229,1010686.8791059,25824805.8001649,196495710.76415792,50,0,0
Z3,37,7, 720,10104.0,0.050913,198456.189971,202080.0,1.0,2,16.927272,176745.464915,176745.464915,8454922.5554236,25522013.0518229,1010686.8791059,25824805.8001649,196495710.76415792,50,0,0
Z3,38,7, 720,8640.0,0.050855,169894.798938,172800.0,1.0,2,16.927272,171033.186708,171033.186708,8454922.5554236,25522013.0518229,1010686.8791059,25824805.8001649,196495710.76415792,50,0,0
Z1,0,8, 720,7744.0,0.171688,45105.074321,45280.0,1.0,2,19.748147,154982.438763,154982.438763,8454922.5554236,25522013.0518229,1010686.8791059,25824805.8001649,196495710.76415792,50,0,0
Z2,0,8, 720,6624.0,0.173758,38121.98575,38288.0,1.0,2,19.748147,153585.821049,153585.821049,8454922.5554236,25522013.0518229,1010686.8791059,25824805.8001649,196495710.76415792,50,0,0
Z2,1,8, 720,6968.0,0.051024,136563.185952,136624.0,1.0,2,19.748147,173274.061089,173274.061089,8454922.5554236,25522013.0518229,1010686.8791059,25824805.8001649,196495710.76415792,50,0,0
Z2,2,8, 720,7968.0,0.050977,156305.784962,159360.0,1.0,2,19.748147,177222.580891,177222.580891,8454922.5554236,25522013.0518229,1010686.8791059,25824805.8001649,196495710.76415792,50,0,0
Z2,3,8, 720,12752.0,0.051011,249985.297289,250032.0,1.0,2,19.748147,195958.483357,195958.483357,8454922.5554236,25522013.0518229,1010686.8791059,25824805.8001649,196495710.76415792,50,0,0
Z2,4,8, 720,18720.0,0.051005,367022.840898,367056.0,1.0,2,19.748147,219365.992079,219365.992079,8454922.5554236,25522013.0518229,1010686.8791059,25824805.8001649,196495710.76415792,50,0,0
Z2,5,8, 720,25648.0,0.051025,502655.561,502896.0,1.0,2,19.748147,246492.536099,246492.536099,8454922.5554236,25522013.0518229,1010686.8791059,25824805.8001649,196495710.76415792,50,0,0
Z2,6,8, 720,9784.0,0.050984,191903.342225,195680.0,1.0,2,19.748147,184342.092344,184342.092344,8454922.5554236,25522013.0518229,1010686.8791059,25824805.8001649,196495710.76415792,50,0,0
Z2,7,8, 720,13192.0,0.051082,258251.438863,258664.0,1.0,2,19.748147,197611.711672,197611.711672,8454922.5554236,25522013.0518229,1010686.8791059,25824805.8001649,196495710.76415792,50,0,0
Z3,0,8, 720,6768.0,0.173827,38935.263221,39120.0,1.0,2,19.748147,153748.476543,153748.476543,8454922.5554236,25522013.0518229,1010686.8791059,25824805.8001649,196495710.76415792,50,0,0
Z3,1,8, 720,8032.0,0.050964,157601.444157,160640.0,1.0,2,19.748147,177481.71273,177481.71273,8454922.5554236,25522013.0518229,1010686.8791059,25824805.8001649,196495710.76415792,50,0,0
Z3,2,8, 720,7872.0,0.050901,154653.150233,157440.0,1.0,2,19.748147,176892.053946,176892.053946,8454922.5554236,25522013.0518229,1010686.8791059,25824805.8001649,196495710.76415792,50,0,0
Z3,3,8, 720,7024.0,0.050994,137741.695101,140480.0,1.0,2,19.748147,173509.762919,173509.762919,8454922.5554236,25522013.0518229,1010686.8791059,25824805.8001649,196495710.76415792,50,0,0
Z3,4,8, 720,7816.0,0.051003,153245.887497,153248.0,1.0,2,19.748147,176610.601398,176610.601398,8454922.5554236,25522013.0518229,1010686.8791059,25824805.8001649,196495710.76415792,50,0,0
Z3,5,8, 720,7936.0,0.050994,155626.152096,158720.0,1.0,2,19.748147,177086.654318,177086.654318,8454922.5554236,25522013.0518229,1010686.8791059,25824805.8001649,196495710.76415792,50,0,0
Z3,6,8, 720,6928.0,0.050965,135936.42696,138560.0,1.0,2,19.748147,173148.709291,173148.709291,8454922.5554236,25522013.0518229,1010686.8791059,25824805.8001649,196495710.76415792,50,0,0
Z3,7,8, 720,8048.0,0.051016,157754.429983,157800.0,1.0,2,19.748147,177512.309896,177512.309896,8454922.5554236,25522013.0518229,1010686.8791059,25824805.8001649,196495710.76415792,50,0,0
Z3,8,8, 720,7664.0,0.051009,150247.995452,150272.0,1.0,2,19.748147,176011.022989,176011.022989,8454922.5554236,25522013.0518229,1010686.8791059,25824805.8001649,196495710.76415792,50,0,0
Z3,9,8, 720,14248.0,0.051075,278962.310328,279368.0,1.0,2,19.748147,201753.885965,201753.885965,8454922.5554236,25522013.0518229,1010686.8791059,25824805.8001649,196495710.76415792,50,0,0
Z3,10,8, 720,19448.0,0.051029,381116.619961,381328.0,1.0,2,19.748147,222184.747891,222184.747891,8454922.5554236,25522013.0518229,1010686.8791059,25824805.8001649,196495710.76415792,50,0,0
Z3,11,8, 720,17344.0,0.051052,339732.037922,340072.0,1.0,2,19.748147,213907.831483,213907.831483,8454922.5554236,25522013.0518229,1010686.8791059,25824805.8001649,196495710.76415792,50,0,0
Z3,12,8, 720,11952.0,0.051048,234132.5811,234352.0,1.0,2,19.748147,192787.940119,192787.940119,8454922.5554236,25522013.0518229,1010686.8791059,25824805.8001649,196495710.76415792,50,0,0
Z3,13,8, 720,25224.0,0.051084,493774.958891,494584.0,1.0,2,19.748147,244716.415677,244716.415677,8454922.5554236,25522013.0518229,1010686.8791059,25824805.8001649,196495710.76415792,50,0,0
Z3,14,8, 720,35992.0,0.051081,704606.409428,705720.0,1.0,2,19.748147,286882.705785,286882.705785,8454922.5554236,25522013.0518229,1010686.8791059,25824805.8001649,196495710.76415792,50,0,0
Z3,15,8, 720,20016.0,0.051157,391266.102391,392464.0,1.0,2,19.748147,224214.644377,224214.644377,8454922.5554236,25522013.0518229,1010686.8791059,25824805.8001649,196495710.76415792,50,0,0
Z3,16,8, 720,36432.0,0.051089,713108.496937,714352.0,1.0,2,19.748147,288583.123286,288583.123286,8454922.5554236,25522013.0518229,1010686.8791059,25824805.8001649,196495710.76415792,50,0,0
Z3,17,8, 720,22472.0,0.051124,439558.719975,440624.0,1.0,2,19.748147,233873.167894,233873.167894,8454922.5554236,25522013.0518229,1010686.8791059,25824805.8001649,196495710.76415792,50,0,0
Z3,18,8, 720,21736.0,0.051062,425678.586816,426192.0,1.0,2,19.748147,231097.141262,231097.141262,8454922.5554236,25522013.0518229,1010686.8791059,25824805.8001649,196495710.76415792,50,0,0
Z3,19,8, 720,16848.0,0.051065,329932.439048,330352.0,1.0,2,19.748147,211947.911709,211947.911709,8454922.5554236,25522013.0518229,1010686.8791059,25824805.8001649,196495710.76415792,50,0,0
Z3,20,8, 720,47160.0,0.051149,922012.160551,924704.0,1.0,2,19.748147,330363.856009,330363.856009,8454922.5554236,25522013.0518229,1010686.8791059,25824805.8001649,196495710.76415792,50,0,0
Z3,21,8, 720,39472.0,0.051102,772415.952409,773960.0,1.0,2,19.748147,300444.614381,300444.614381,8454922.5554236,25522013.0518229,1010686.8791059,25824805.8001649,196495710.76415792,50,0,0
Z3,22,8, 720,26968.0,0.054809,492035.979492,499400.0,1.0,2,19.748147,244368.619798,244368.619798,8454922.5554236,25522013.0518229,1010686.8791059,25824805.8001649,196495710.76415792,50,0,0
Z3,23,8, 720,39776.0,0.051122,778060.326278,779920.0,1.0,2,19.748147,301573.489155,301573.489155,8454922.5554236,25522013.0518229,1010686.8791059,25824805.8001649,196495710.76415792,50,0,0
Z3,24,8, 720,34992.0,0.051167,683878.280923,686112.0,1.0,2,19.748147,282737.080084,282737.080084,8454922.5554236,25522013.0518229,1010686.8791059,25824805.8001649,196495710.76415792,50,0,0
Z3,25,8, 720,22464.0,0.052465,428171.161727,432000.0,1.0,2,19.748147,231595.656244,231595.656244,8454922.5554236,25522013.0518229,1010686.8791059,25824805.8001649,196495710.76415792,50,0,0
Z3,26,8, 720,43144.0,0.051155,843397.517349,845960.0,1.0,2,19.748147,314640.927369,314640.927369,8454922.5554236,25522013.0518229,1010686.8791059,25824805.8001649,196495710.76415792,50,0,0
Z3,27,8, 720,43672.0,0.051177,853352.09176,856312.0,1.0,2,19.748147,316631.842251,316631.842251,8454922.5554236,25522013.0518229,1010686.8791059,25824805.8001649,196495710.76415792,50,0,0
Z3,28,8, 720,18320.0,0.050981,359349.561601,366400.0,1.0,2,19.748147,217831.336219,217831.336219,8454922.5554236,25522013.0518229,1010686.8791059,25824805.8001649,196495710.76415792,50,0,0
Z3,29,8, 720,24560.0,0.051014,481436.46842,481568.0,1.0,2,19.748147,242248.717583,242248.717583,8454922.5554236,25522013.0518229,1010686.8791059,25824805.8001649,196495710.76415792,50,0,0
Z3,30,8, 720,19040.0,0.051032,373099.231855,373328.0,1.0,2,19.748147,220581.27027,220581.27027,8454922.5554236,25522013.0518229,1010686.8791059,25824805.8001649,196495710.76415792,50,0,0
Z3,31,8, 720,20160.0,0.051038,394999.804068,395288.0,1.0,2,19.748147,224961.384713,224961.384713,8454922.5554236,25522013.0518229,1010686.8791059,25824805.8001649,196495710.76415792,50,0,0
Z3,32,8, 720,16496.0,0.051085,322912.792405,323448.0,1.0,2,19.748147,210543.98238,210543.98238,8454922.5554236,25522013.0518229,1010686.8791059,25824805.8001649,196495710.76415792,50,0,0
Z3,33,8, 720,11624.0,0.051001,227917.099665,227920.0,1.0,2,19.748147,191544.843832,191544.843832,8454922.5554236,25522013.0518229,1010686.8791059,25824805.8001649,196495710.76415792,50,0,0
Z3,34,8, 720,21024.0,0.05104,411912.225705,412232.0,1.0,2,19.748147,228343.86904,228343.86904,8454922.5554236,25522013.0518229,1010686.8791059,25824805.8001649,196495710.76415792,50,0,0
Z3,35,8, 720,28496.0,0.051031,558405.674982,558744.0,1.0,2,19.748147,257642.558895,257642.558895,8454922.5554236,25522013.0518229,1010686.8791059,25824805.8001649,196495710.76415792,50,0,0
Z3,36,8, 720,12416.0,0.051036,243279.25386,243448.0,1.0,2,19.748147,194617.274671,194617.274671,8454922.5554236,25522013.0518229,1010686.8791059,25824805.8001649,196495710.76415792,50,0,0
Z3,37,8, 720,17312.0,0.051003,339431.013862,339448.0,1.0,2,19.748147,213847.626671,213847.626671,8454922.5554236,25522013.0518229,1010686.8791059,25824805.8001649,196495710.76415792,50,0,0
Z3,38,8, 720,14664.0,0.051035,287332.222984,287528.0,1.0,2,19.748147,203427.868496,203427.868496,8454922.5554236,25522013.0518229,1010686.8791059,25824805.8001649,196495710.76415792,50,0,0
Z1,0,9, 720,7696.0,0.171567,44857.111216,45000.0,1.0,2,22.576854,185410.051873,185410.051873,8454922.5554236,25522013.0518229,1010686.8791059,25824805.8001649,196495710.76415792,50,0,0
Z2,0,9, 720,6624.0,0.175187,37811.024791,37848.0,1.0,2,22.576854,184000.834588,184000.834588,8454922.5554236,25522013.0518229,1010686.8791059,25824805.8001649,196495710.76415792,50,0,0
Z2,1,9, 720,6776.0,0.050833,133299.234749,135520.0,1.0,2,22.576854,203098.47658,203098.47658,8454922.5554236,25522013.0518229,1010686.8791059,25824805.8001649,196495710.76415792,50,0,0
Z2,2,9, 720,7496.0,0.050842,147437.158255,149920.0,1.0,2,22.576854,205926.061281,205926.061281,8454922.5554236,25522013.0518229,1010686.8791059,25824805.8001649,196495710.76415792,50,0,0
Z2,3,9, 720,16056.0,0.050996,314848.22339,321120.0,1.0,2,22.576854,239408.274308,239408.274308,8454922.5554236,25522013.0518229,1010686.8791059,25824805.8001649,196495710.76415792,50,0,0
Z2,4,9, 720,24464.0,0.051074,478991.267573,479680.0,1.0,2,22.576854,272236.883145,272236.883145,8454922.5554236,25522013.0518229,1010686.8791059,25824805.8001649,196495710.76415792,50,0,0
Z2,5,9, 720,36648.0,0.051106,717097.796736,718584.0,1.0,2,22.576854,319858.188977,319858.188977,8454922.5554236,25522013.0518229,1010686.8791059,25824805.8001649,196495710.76415792,50,0,0
Z2,6,9, 720,11344.0,0.051003,222418.28912,222424.0,1.0,2,22.576854,220922.287454,220922.287454,8454922.5554236,25522013.0518229,1010686.8791059,25824805.8001649,196495710.76415792,50,0,0
Z2,7,9, 720,15808.0,0.051037,309736.073829,309960.0,1.0,2,22.576854,238385.844396,238385.844396,8454922.5554236,25522013.0518229,1010686.8791059,25824805.8001649,196495710.76415792,50,0,0
Z3,0,9, 720,6752.0,0.173636,38885.945311,39024.0,1.0,2,22.576854,184215.818692,184215.818692,8454922.5554236,25522013.0518229,1010686.8791059,25824805.8001649,196495710.76415792,50,0,0
Z3,1,9, 720,9824.0,0.051001,192623.674046,192624.0,1.0,2,22.576854,214963.364439,214963.364439,8454922.5554236,25522013.0518229,1010686.8791059,25824805.8001649,196495710.76415792,50,0,0
Z3,2,9, 720,8640.0,0.050959,169548.068055,172800.0,1.0,2,22.576854,210348.243241,210348.243241,8454922.5554236,25522013.0518229,1010686.8791059,25824805.8001649,196495710.76415792,50,0,0
Z3,3,9, 720,7248.0,0.050913,142360.497319,144960.0,1.0,2,22.576854,204910.729094,204910.729094,8454922.5554236,25522013.0518229,1010686.8791059,25824805.8001649,196495710.76415792,50,0,0
Z3,4,9, 720,8336.0,0.050922,163701.347158,166720.0,1.0,2,22.576854,209178.899062,209178.899062,8454922.5554236,25522013.0518229,1010686.8791059,25824805.8001649,196495710.76415792,50,0,0
Z3,5,9, 720,9640.0,0.050979,189097.471508,192800.0,1.0,2,22.576854,214258.123932,214258.123932,8454922.5554236,25522013.0518229,1010686.8791059,25824805.8001649,196495710.76415792,50,0,0
Z3,6,9, 720,10312.0,0.050909,202557.504567,206240.0,1.0,2,22.576854,216950.130544,216950.130544,8454922.5554236,25522013.0518229,1010686.8791059,25824805.8001649,196495710.76415792,50,0,0
Z3,7,9, 720,21208.0,0.051068,415289.418031,415840.0,1.0,2,22.576854,259496.513236,259496.513236,8454922.5554236,25522013.0518229,1010686.8791059,25824805.8001649,196495710.76415792,50,0,0
Z3,8,9, 720,8000.0,0.050911,157136.964507,160000.0,1.0,2,22.576854,207866.022531,207866.022531,8454922.5554236,25522013.0518229,1010686.8791059,25824805.8001649,196495710.76415792,50,0,0
Z3,9,9, 720,16880.0,0.051005,330947.94628,330976.0,1.0,2,22.576854,242628.218886,242628.218886,8454922.5554236,25522013.0518229,1010686.8791059,25824805.8001649,196495710.76415792,50,0,0
Z3,10,9, 720,23240.0,0.050963,456017.110453,464800.0,1.0,2,22.576854,267642.051721,267642.051721,8454922.5554236,25522013.0518229,1010686.8791059,25824805.8001649,196495710.76415792,50,0,0
Z3,11,9, 720,21680.0,0.051063,424573.565987,425096.0,1.0,2,22.576854,261353.342828,261353.342828,8454922.5554236,25522013.0518229,1010686.8791059,25824805.8001649,196495710.76415792,50,0,0
Z3,12,9, 720,16096.0,0.050847,316557.515684,321920.0,1.0,2,22.576854,239750.132767,239750.132767,8454922.5554236,25522013.0518229,1010686.8791059,25824805.8001649,196495710.76415792,50,0,0
Z3,13,9, 720,39872.0,0.051072,780701.754386,781800.0,1.0,2,22.576854,332578.980507,332578.980507,8454922.5554236,25522013.0518229,1010686.8791059,25824805.8001649,196495710.76415792,50,0,0
Z3,14,9, 720,46392.0,0.051112,907653.779934,909640.0,1.0,2,22.576854,357969.385617,357969.385617,8454922.5554236,25522013.0518229,1010686.8791059,25824805.8001649,196495710.76415792,50,0,0
Z3,15,9, 720,26168.0,0.05101,512997.45148,513096.0,1.0,2,22.576854,279038.119926,279038.119926,8454922.5554236,25522013.0518229,1010686.8791059,25824805.8001649,196495710.76415792,50,0,0
Z3,16,9, 720,48816.0,0.050984,957476.855484,976320.0,1.0,2,22.576854,367934.000727,367934.000727,8454922.5554236,25522013.0518229,1010686.8791059,25824805.8001649,196495710.76415792,50,0,0
Z3,17,9, 720,38664.0,0.051106,756545.219739,758112.0,1.0,2,22.576854,327747.673578,327747.673578,8454922.5554236,25522013.0518229,1010686.8791059,25824805.8001649,196495710.76415792,50,0,0
Z3,18,9, 720,26344.0,0.051036,516184.65397,516544.0,1.0,2,22.576854,279675.560424,279675.560424,8454922.5554236,25522013.0518229,1010686.8791059,25824805.8001649,196495710.76415792,50,0,0
Z3,19,9, 720,19912.0,0.05091,391121.587115,398240.0,1.0,2,22.576854,254662.947053,254662.947053,8454922.5554236,25522013.0518229,1010686.8791059,25824805.8001649,196495710.76415792,50,0,0
Z3,20,9, 720,61688.0,0.051068,1207958.016762,1209568.0,1.0,2,22.576854,418030.232983,418030.232983,8454922.5554236,25522013.0518229,1010686.8791059,25824805.8001649,196495710.76415792,50,0,0
Z3,21,9, 720,59200.0,0.05115,1157380.254154,1160784.0,1.0,2,22.576854,407914.680461,407914.680461,8454922.5554236,25522013.0518229,1010686.8791059,25824805.8001649,196495710.76415792,50,0,0
Z3,22,9, 720,41064.0,0.051083,803868.214474,805176.0,1.0,2,22.576854,337212.272525,337212.272525,8454922.5554236,25522013.0518229,1010686.8791059,25824805.8001649,196495710.76415792,50,0,0
Z3,23,9, 720,55576.0,0.051171,1086083.914717,1089720.0,1.0,2,22.576854,393655.412574,393655.412574,8454922.5554236,25522013.0518229,1010686.8791059,25824805.8001649,196495710.76415792,50,0,0
Z3,24,9, 720,50200.0,0.051128,981849.475825,984312.0,1.0,2,22.576854,372808.524795,372808.524795,8454922.5554236,25522013.0518229,1010686.8791059,25824805.8001649,196495710.76415792,50,0,0
Z3,25,9, 720,30056.0,0.053929,557325.372249,567088.0,1.0,2,22.576854,287903.70408,287903.70408,8454922.5554236,25522013.0518229,1010686.8791059,25824805.8001649,196495710.76415792,50,0,0
Z3,26,9, 720,59504.0,0.051111,1164211.226546,1166744.0,1.0,2,22.576854,409280.874939,409280.874939,8454922.5554236,25522013.0518229,1010686.8791059,25824805.8001649,196495710.76415792,50,0,0
Z3,27,9, 720,65232.0,0.051234,1273217.004333,1279056.0,1.0,2,22.576854,431082.030497,431082.030497,8454922.5554236,25522013.0518229,1010686.8791059,25824805.8001649,196495710.76415792,50,0,0
Z3,28,9, 720,23952.0,0.051036,469315.777099,469640.0,1.0,2,22.576854,270301.78505,270301.78505,8454922.5554236,25522013.0518229,1010686.8791059,25824805.8001649,196495710.76415792,50,0,0
Z3,29,9, 720,32816.0,0.05105,642820.763957,643448.0,1.0,2,22.576854,305002.782422,305002.782422,8454922.5554236,25522013.0518229,1010686.8791059,25824805.8001649,196495710.76415792,50,0,0
Z3,30,9, 720,8856.0,0.050953,173807.234118,177120.0,1.0,2,22.576854,211200.076454,211200.076454,8454922.5554236,25522013.0518229,1010686.8791059,25824805.8001649,196495710.76415792,50,0,0
Z3,31,9, 720,14088.0,0.051025,276099.951004,276232.0,1.0,2,22.576854,231658.619831,231658.619831,8454922.5554236,25522013.0518229,1010686.8791059,25824805.8001649,196495710.76415792,50,0,0
Z3,32,9, 720,15104.0,0.051157,295247.962156,296152.0,1.0,2,22.576854,235488.222061,235488.222061,8454922.5554236,25522013.0518229,1010686.8791059,25824805.8001649,196495710.76415792,50,0,0
Z3,33,9, 720,11784.0,0.050926,231394.572517,235680.0,1.0,2,22.576854,222717.544134,222717.544134,8454922.5554236,25522013.0518229,1010686.8791059,25824805.8001649,196495710.76415792,50,0,0
Z3,34,9, 720,18496.0,0.050951,363015.446213,369920.0,1.0,2,22.576854,249041.718873,249041.718873,8454922.5554236,25522013.0518229,1010686.8791059,25824805.8001649,196495710.76415792,50,0,0
Z3,35,9, 720,22376.0,0.051072,438126.566416,438744.0,1.0,2,22.576854,264063.942913,264063.942913,8454922.5554236,25522013.0518229,1010686.8791059,25824805.8001649,196495710.76415792,50,0,0
Z3,36,9, 720,8792.0,0.050758,173214.074629,175840.0,1.0,2,22.576854,211081.444556,211081.444556,8454922.5554236,25522013.0518229,1010686.8791059,25824805.8001649,196495710.76415792,50,0,0
Z3,37,9, 720,19464.0,0.051052,381258.324845,381640.0,1.0,2,22.576854,252690.294599,252690.294599,8454922.5554236,25522013.0518229,1010686.8791059,25824805.8001649,196495710.76415792,50,0,0
Z3,38,9, 720,20360.0,0.051019,399067.01425,399208.0,1.0,2,22.576854,256252.03248,256252.03248,8454922.5554236,25522013.0518229,1010686.8791059,25824805.8001649,196495710.76415792,50,0,0
Z1,0,10, 720,7480.0,0.174203,42938.410934,42984.0,1.0,2,25.40351,214261.844447,214261.844447,8454922.5554236,25522013.0518229,1010686.8791059,25824805.8001649,196495710.76415792,50,0,0
Z2,0,10, 720,6624.0,0.173003,38288.353381,38288.0,1.0,2,25.40351,213331.832937,213331.832937,8454922.5554236,25522013.0518229,1010686.8791059,25824805.8001649,196495710.76415792,50,0,0
Z2,1,10, 720,7008.0,0.050969,137495.340305,140160.0,1.0,2,25.40351,233173.230321,233173.230321,8454922.5554236,25522013.0518229,1010686.8791059,25824805.8001649,196495710.76415792,50,0,0
Z2,2,10, 720,7832.0,0.050998,153574.649986,156640.0,1.0,2,25.40351,236389.092258,236389.092258,8454922.5554236,25522013.0518229,1010686.8791059,25824805.8001649,196495710.76415792,50,0,0
Z2,3,10, 720,29728.0,0.051068,582125.79306,582896.0,1.0,2,25.40351,322099.320873,322099.320873,8454922.5554236,25522013.0518229,1010686.8791059,25824805.8001649,196495710.76415792,50,0,0
Z2,4,10, 720,35840.0,0.051026,702387.018383,702744.0,1.0,2,25.40351,346151.565937,346151.565937,8454922.5554236,25522013.0518229,1010686.8791059,25824805.8001649,196495710.76415792,50,0,0
Z2,5,10, 720,43888.0,0.05113,858361.040485,860544.0,1.0,2,25.40351,377346.370358,377346.370358,8454922.5554236,25522013.0518229,1010686.8791059,25824805.8001649,196495710.76415792,50,0,0
Z2,6,10, 720,17936.0,0.050984,351796.642084,358720.0,1.0,2,25.40351,276033.490677,276033.490677,8454922.5554236,25522013.0518229,1010686.8791059,25824805.8001649,196495710.76415792,50,0,0
Z2,7,10, 720,24920.0,0.050968,488934.233244,498400.0,1.0,2,25.40351,303461.008909,303461.008909,8454922.5554236,25522013.0518229,1010686.8791059,25824805.8001649,196495710.76415792,50,0,0
Z3,0,10, 720,6840.0,0.172837,39574.85955,39760.0,1.0,2,25.40351,213589.13417,213589.13417,8454922.5554236,25522013.0518229,1010686.8791059,25824805.8001649,196495710.76415792,50,0,0
Z3,1,10, 720,22064.0,0.051033,432347.696588,432624.0,1.0,2,25.40351,292143.701578,292143.701578,8454922.5554236,25522013.0518229,1010686.8791059,25824805.8001649,196495710.76415792,50,0,0
Z3,2,10, 720,15312.0,0.05096,300470.957614,306240.0,1.0,2,25.40351,265768.353783,265768.353783,8454922.5554236,25522013.0518229,1010686.8791059,25824805.8001649,196495710.76415792,50,0,0
Z3,3,10, 720,7752.0,0.050949,152152.152152,155040.0,1.0,2,25.40351,236104.592691,236104.592691,8454922.5554236,25522013.0518229,1010686.8791059,25824805.8001649,196495710.76415792,50,0,0
Z3,4,10, 720,11432.0,0.051001,224152.467599,224152.0,1.0,2,25.40351,250504.65578,250504.65578,8454922.5554236,25522013.0518229,1010686.8791059,25824805.8001649,196495710.76415792,50,0,0
Z3,5,10, 720,17232.0,0.051002,337869.103172,337880.0,1.0,2,25.40351,273247.982895,273247.982895,8454922.5554236,25522013.0518229,1010686.8791059,25824805.8001649,196495710.76415792,50,0,0
Z3,6,10, 720,23328.0,0.050979,457600.188313,466560.0,1.0,2,25.40351,297194.199923,297194.199923,8454922.5554236,25522013.0518229,1010686.8791059,25824805.8001649,196495710.76415792,50,0,0
Z3,7,10, 720,18496.0,0.050953,363001.197182,369920.0,1.0,2,25.40351,278274.401697,278274.401697,8454922.5554236,25522013.0518229,1010686.8791059,25824805.8001649,196495710.76415792,50,0,0
Z3,8,10, 720,7968.0,0.050896,156554.542597,159360.0,1.0,2,25.40351,236985.07078,236985.07078,8454922.5554236,25522013.0518229,1010686.8791059,25824805.8001649,196495710.76415792,50,0,0
Z3,9,10, 720,19568.0,0.050915,384326.819208,391360.0,1.0,2,25.40351,282539.526102,282539.526102,8454922.5554236,25522013.0518229,1010686.8791059,25824805.8001649,196495710.76415792,50,0,0
Z3,10,10, 720,36064.0,0.050971,707539.581331,721280.0,1.0,2,25.40351,347182.078527,347182.078527,8454922.5554236,25522013.0518229,1010686.8791059,25824805.8001649,196495710.76415792,50,0,0
Z3,11,10, 720,29248.0,0.051053,572894.83478,573488.0,1.0,2,25.40351,320253.129216,320253.129216,8454922.5554236,25522013.0518229,1010686.8791059,25824805.8001649,196495710.76415792,50,0,0
Z3,12,10, 720,24216.0,0.05096,475196.232339,484320.0,1.0,2,25.40351,300713.408728,300713.408728,8454922.5554236,25522013.0518229,1010686.8791059,25824805.8001649,196495710.76415792,50,0,0
Z3,13,10, 720,54424.0,0.051098,1065090.6102,1067136.0,1.0,2,25.40351,418692.2843,418692.2843,8454922.5554236,25522013.0518229,1010686.8791059,25824805.8001649,196495710.76415792,50,0,0
Z3,14,10, 720,56832.0,0.051067,1112890.908023,1114352.0,1.0,2,25.40351,428252.343865,428252.343865,8454922.5554236,25522013.0518229,1010686.8791059,25824805.8001649,196495710.76415792,50,0,0
Z3,15,10, 720,29576.0,0.050969,580274.284369,591520.0,1.0,2,25.40351,321729.019134,321729.019134,8454922.5554236,25522013.0518229,1010686.8791059,25824805.8001649,196495710.76415792,50,0,0
Z3,16,10, 720,52328.0,0.05117,1022630.447528,1026032.0,1.0,2,25.40351,410200.251766,410200.251766,8454922.5554236,25522013.0518229,1010686.8791059,25824805.8001649,196495710.76415792,50,0,0
Z3,17,10, 720,52840.0,0.051194,1032152.205337,1036072.0,1.0,2,25.40351,412104.603328,412104.603328,8454922.5554236,25522013.0518229,1010686.8791059,25824805.8001649,196495710.76415792,50,0,0
Z3,18,10, 720,35136.0,0.051035,688468.697952,688936.0,1.0,2,25.40351,343367.901851,343367.901851,8454922.5554236,25522013.0518229,1010686.8791059,25824805.8001649,196495710.76415792,50,0,0
Z3,19,10, 720,23160.0,0.050905,454965.131127,463200.0,1.0,2,25.40351,296667.188486,296667.188486,8454922.5554236,25522013.0518229,1010686.8791059,25824805.8001649,196495710.76415792,50,0,0
Z3,20,10, 720,77048.0,0.051165,1505873.155477,1510744.0,1.0,2,25.40351,506848.793356,506848.793356,8454922.5554236,25522013.0518229,1010686.8791059,25824805.8001649,196495710.76415792,50,0,0
Z3,21,10, 720,68968.0,0.05112,1349139.280125,1352312.0,1.0,2,25.40351,475502.018286,475502.018286,8454922.5554236,25522013.0518229,1010686.8791059,25824805.8001649,196495710.76415792,50,0,0
Z3,22,10, 720,52224.0,0.051145,1021096.881416,1024000.0,1.0,2,25.40351,409893.538544,409893.538544,8454922.5554236,25522013.0518229,1010686.8791059,25824805.8001649,196495710.76415792,50,0,0
Z3,23,10, 720,76384.0,0.051092,1495028.575902,1497720.0,1.0,2,25.40351,504679.877441,504679.877441,8454922.5554236,25522013.0518229,1010686.8791059,25824805.8001649,196495710.76415792,50,0,0
Z3,24,10, 720,57512.0,0.051025,1127133.757962,1127680.0,1.0,2,25.40351,431100.913853,431100.913853,8454922.5554236,25522013.0518229,1010686.8791059,25824805.8001649,196495710.76415792,50,0,0
Z3,25,10, 720,35600.0,0.056514,629932.406129,635712.0,1.0,2,25.40351,331660.643486,331660.643486,8454922.5554236,25522013.0518229,1010686.8791059,25824805.8001649,196495710.76415792,50,0,0
Z3,26,10, 720,72816.0,0.051096,1425082.198215,1427760.0,1.0,2,25.40351,490690.601904,490690.601904,8454922.5554236,25522013.0518229,1010686.8791059,25824805.8001649,196495710.76415792,50,0,0
Z3,27,10, 720,93600.0,0.051124,1830842.657069,1835288.0,1.0,2,25.40351,571842.693674,571842.693674,8454922.5554236,25522013.0518229,1010686.8791059,25824805.8001649,196495710.76415792,50,0,0
Z3,28,10, 720,23040.0,0.050971,452021.737851,460800.0,1.0,2,25.40351,296078.509831,296078.509831,8454922.5554236,25522013.0518229,1010686.8791059,25824805.8001649,196495710.76415792,50,0,0
Z3,29,10, 720,35840.0,0.051089,701520.875335,702744.0,1.0,2,25.40351,345978.337328,345978.337328,8454922.5554236,25522013.0518229,1010686.8791059,25824805.8001649,196495710.76415792,50,0,0
Z3,30,10, 720,13072.0,0.050907,256781.974974,261440.0,1.0,2,25.40351,257030.557255,257030.557255,8454922.5554236,25522013.0518229,1010686.8791059,25824805.8001649,196495710.76415792,50,0,0
Z3,31,10, 720,20608.0,0.051009,404007.135996,404072.0,1.0,2,25.40351,286475.58946,286475.58946,8454922.5554236,25522013.0518229,1010686.8791059,25824805.8001649,196495710.76415792,50,0,0
Z3,32,10, 720,22584.0,0.050863,444016.279024,451680.0,1.0,2,25.40351,294477.418065,294477.418065,8454922.5554236,25522013.0518229,1010686.8791059,25824805.8001649,196495710.76415792,50,0,0
Z3,33,10, 720,14712.0,0.050898,289048.685607,294240.0,1.0,2,25.40351,263483.899382,263483.899382,8454922.5554236,25522013.0518229,1010686.8791059,25824805.8001649,196495710.76415792,50,0,0
Z3,34,10, 720,20512.0,0.051023,402014.777649,402192.0,1.0,2,25.40351,286077.11779,286077.11779,8454922.5554236,25522013.0518229,1010686.8791059,25824805.8001649,196495710.76415792,50,0,0
Z3,35,10, 720,17992.0,0.05091,353407.974858,359840.0,1.0,2,25.40351,276355.757232,276355.757232,8454922.5554236,25522013.0518229,1010686.8791059,25824805.8001649,196495710.76415792,50,0,0
Z3,36,10, 720,11464.0,0.050913,225168.424567,229280.0,1.0,2,25.40351,250707.847174,250707.847174,8454922.5554236,25522013.0518229,1010686.8791059,25824805.8001649,196495710.76415792,50,0,0
Z3,37,10, 720,22376.0,0.050894,439658.898888,447520.0,1.0,2,25.40351,293605.942038,293605.942038,8454922.5554236,25522013.0518229,1010686.8791059,25824805.8001649,196495710.76415792,50,0,0
Z3,38,10, 720,29088.0,0.05099,570464.797019,581760.0,1.0,2,25.40351,319767.121664,319767.121664,8454922.5554236,25522013.0518229,1010686.8791059,25824805.8001649,196495710.76415792,50,0,0
Z1,0,11, 720,36680.0,0.172254,212941.354047,213248.0,1.0,2,28.231816,327940.037448,327940.037448,8454922.5554236,25522013.0518229,1010686.8791059,25824805.8001649,196495710.76415792,50,0,0
Z2,0,11, 720,6624.0,0.172142,38479.859651,38504.0,1.0,2,28.231816,293047.738568,293047.738568,8454922.5554236,25522013.0518229,1010686.8791059,25824805.8001649,196495710.76415792,50,0,0
Z2,1,11, 720,8224.0,0.050966,161362.476945,164480.0,1.0,2,28.231816,317624.262027,317624.262027,8454922.5554236,25522013.0518229,1010686.8791059,25824805.8001649,196495710.76415792,50,0,0
Z2,2,11, 720,8720.0,0.050927,171225.479608,174400.0,1.0,2,28.231816,319596.86256,319596.86256,8454922.5554236,25522013.0518229,1010686.8791059,25824805.8001649,196495710.76415792,50,0,0
Z2,3,11, 720,10080.0,0.050985,197705.207414,201600.0,1.0,2,28.231816,324892.808121,324892.808121,8454922.5554236,25522013.0518229,1010686.8791059,25824805.8001649,196495710.76415792,50,0,0
Z2,4,11, 720,36112.0,0.050974,708439.596657,722240.0,1.0,2,28.231816,427039.68597,427039.68597,8454922.5554236,25522013.0518229,1010686.8791059,25824805.8001649,196495710.76415792,50,0,0
Z2,5,11, 720,39392.0,0.051025,772013.718765,772392.0,1.0,2,28.231816,439754.510391,439754.510391,8454922.5554236,25522013.0518229,1010686.8791059,25824805.8001649,196495710.76415792,50,0,0
Z2,6,11, 720,43216.0,0.051045,846625.526496,847368.0,1.0,2,28.231816,454676.871937,454676.871937,8454922.5554236,25522013.0518229,1010686.8791059,25824805.8001649,196495710.76415792,50,0,0
Z2,7,11, 720,41864.0,0.051025,820460.55855,820856.0,1.0,2,28.231816,449443.878348,449443.878348,8454922.5554236,25522013.0518229,1010686.8791059,25824805.8001649,196495710.76415792,50,0,0
Z3,0,11, 720,11320.0,0.172087,65780.680702,65808.0,1.0,2,28.231816,298507.902779,298507.902779,8454922.5554236,25522013.0518229,1010686.8791059,25824805.8001649,196495710.76415792,50,0,0
Z3,1,11, 720,16208.0,0.050981,317922.363233,324160.0,1.0,2,28.231816,348936.239285,348936.239285,8454922.5554236,25522013.0518229,1010686.8791059,25824805.8001649,196495710.76415792,50,0,0
Z3,2,11, 720,12920.0,0.050906,253801.12364,258400.0,1.0,2,28.231816,336111.991366,336111.991366,8454922.5554236,25522013.0518229,1010686.8791059,25824805.8001649,196495710.76415792,50,0,0
Z3,3,11, 720,8968.0,0.050848,176368.7854,179360.0,1.0,2,28.231816,320625.523718,320625.523718,8454922.5554236,25522013.0518229,1010686.8791059,25824805.8001649,196495710.76415792,50,0,0
Z3,4,11, 720,12016.0,0.051094,235174.384468,235600.0,1.0,2,28.231816,332386.643532,332386.643532,8454922.5554236,25522013.0518229,1010686.8791059,25824805.8001649,196495710.76415792,50,0,0
Z3,5,11, 720,21880.0,0.051055,428557.438057,429016.0,1.0,2,28.231816,371063.25425,371063.25425,8454922.5554236,25522013.0518229,1010686.8791059,25824805.8001649,196495710.76415792,50,0,0
Z3,6,11, 720,13408.0,0.051,262901.960784,262896.0,1.0,2,28.231816,337932.158795,337932.158795,8454922.5554236,25522013.0518229,1010686.8791059,25824805.8001649,196495710.76415792,50,0,0
Z3,7,11, 720,14528.0,0.051044,284617.19301,284856.0,1.0,2,28.231816,342275.20524,342275.20524,8454922.5554236,25522013.0518229,1010686.8791059,25824805.8001649,196495710.76415792,50,0,0
Z3,8,11, 720,15928.0,0.051052,311995.612317,312312.0,1.0,2,28.231816,347750.889102,347750.889102,8454922.5554236,25522013.0518229,1010686.8791059,25824805.8001649,196495710.76415792,50,0,0
Z3,9,11, 720,23504.0,0.050988,460971.208912,470080.0,1.0,2,28.231816,377546.008421,377546.008421,8454922.5554236,25522013.0518229,1010686.8791059,25824805.8001649,196495710.76415792,50,0,0
Z3,10,11, 720,50640.0,0.051124,990532.822158,992936.0,1.0,2,28.231816,483458.33107,483458.33107,8454922.5554236,25522013.0518229,1010686.8791059,25824805.8001649,196495710.76415792,50,0,0
Z3,11,11, 720,47296.0,0.051222,923353.246652,927368.0,1.0,2,28.231816,470022.415969,470022.415969,8454922.5554236,25522013.0518229,1010686.8791059,25824805.8001649,196495710.76415792,50,0,0
Z3,12,11, 720,34344.0,0.050974,673755.247773,686880.0,1.0,2,28.231816,420102.816193,420102.816193,8454922.5554236,25522013.0518229,1010686.8791059,25824805.8001649,196495710.76415792,50,0,0
Z3,13,11, 720,73648.0,0.051269,1436501.589655,1444072.0,1.0,2,28.231816,572652.084569,572652.084569,8454922.5554236,25522013.0518229,1010686.8791059,25824805.8001649,196495710.76415792,50,0,0
Z3,14,11, 720,59920.0,0.051039,1174004.192872,1174896.0,1.0,2,28.231816,520152.605213,520152.605213,8454922.5554236,25522013.0518229,1010686.8791059,25824805.8001649,196495710.76415792,50,0,0
Z3,15,11, 720,40664.0,0.050959,797974.84252,813280.0,1.0,2,28.231816,444946.735142,444946.735142,8454922.5554236,25522013.0518229,1010686.8791059,25824805.8001649,196495710.76415792,50,0,0
Z3,16,11, 720,56880.0,0.05113,1112458.439272,1115288.0,1.0,2,28.231816,507843.454493,507843.454493,8454922.5554236,25522013.0518229,1010686.8791059,25824805.8001649,196495710.76415792,50,0,0
Z3,17,11, 720,57216.0,0.051142,1118767.353643,1121880.0,1.0,2,28.231816,509105.237367,509105.237367,8454922.5554236,25522013.0518229,1010686.8791059,25824805.8001649,196495710.76415792,50,0,0
Z3,18,11, 720,28160.0,0.050997,552189.344471,563200.0,1.0,2,28.231816,395789.635532,395789.635532,8454922.5554236,25522013.0518229,1010686.8791059,25824805.8001649,196495710.76415792,50,0,0
Z3,19,11, 720,76696.0,0.051327,1494262.279112,1503840.0,1.0,2,28.231816,584204.222461,584204.222461,8454922.5554236,25522013.0518229,1010686.8791059,25824805.8001649,196495710.76415792,50,0,0
Z3,20,11, 720,80520.0,0.051224,1571919.412775,1578816.0,1.0,2,28.231816,599735.649193,599735.649193,8454922.5554236,25522013.0518229,1010686.8791059,25824805.8001649,196495710.76415792,50,0,0
Z3,21,11, 720,66560.0,0.051166,1300863.854904,1305096.0,1.0,2,28.231816,545524.537619,545524.537619,8454922.5554236,25522013.0518229,1010686.8791059,25824805.8001649,196495710.76415792,50,0,0
Z3,22,11, 720,77808.0,0.051265,1517760.655418,1525640.0,1.0,2,28.231816,588903.897722,588903.897722,8454922.5554236,25522013.0518229,1010686.8791059,25824805.8001649,196495710.76415792,50,0,0
Z3,23,11, 720,55056.0,0.051146,1076447.816056,1079528.0,1.0,2,28.231816,500641.329849,500641.329849,8454922.5554236,25522013.0518229,1010686.8791059,25824805.8001649,196495710.76415792,50,0,0
Z3,24,11, 720,36552.0,0.051092,715415.32921,716704.0,1.0,2,28.231816,428434.83248,428434.83248,8454922.5554236,25522013.0518229,1010686.8791059,25824805.8001649,196495710.76415792,50,0,0
Z3,25,11, 720,100304.0,0.051237,1957647.793587,1966744.0,1.0,2,28.231816,676881.325356,676881.325356,8454922.5554236,25522013.0518229,1010686.8791059,25824805.8001649,196495710.76415792,50,0,0
Z3,26,11, 720,133264.0,0.051574,2583937.642998,2613016.0,1.0,2,28.231816,802139.295238,802139.295238,8454922.5554236,25522013.0518229,1010686.8791059,25824805.8001649,196495710.76415792,50,0,0
Z3,27,11, 720,50760.0,0.05101,995099.000196,995288.0,1.0,2,28.231816,484371.566677,484371.566677,8454922.5554236,25522013.0518229,1010686.8791059,25824805.8001649,196495710.76415792,50,0,0
Z3,28,11, 720,14528.0,0.050859,285652.490218,290560.0,1.0,2,28.231816,342482.264682,342482.264682,8454922.5554236,25522013.0518229,1010686.8791059,25824805.8001649,196495710.76415792,50,0,0
Z3,29,11, 720,24392.0,0.050928,478950.675463,487840.0,1.0,2,28.231816,381141.901731,381141.901731,8454922.5554236,25522013.0518229,1010686.8791059,25824805.8001649,196495710.76415792,50,0,0
Z3,30,11, 720,22216.0,0.050977,435804.382369,444320.0,1.0,2,28.231816,372512.643112,372512.643112,8454922.5554236,25522013.0518229,1010686.8791059,25824805.8001649,196495710.76415792,50,0,0
Z3,31,11, 720,14368.0,0.050984,281813.902401,287360.0,1.0,2,28.231816,341714.547118,341714.547118,8454922.5554236,25522013.0518229,1010686.8791059,25824805.8001649,196495710.76415792,50,0,0
Z3,32,11, 720,21288.0,0.051072,416823.308271,417408.0,1.0,2,28.231816,368716.428292,368716.428292,8454922.5554236,25522013.0518229,1010686.8791059,25824805.8001649,196495710.76415792,50,0,0
Z3,33,11, 720,18544.0,0.050875,364501.228501,370880.0,1.0,2,28.231816,358252.012338,358252.012338,8454922.5554236,25522013.0518229,1010686.8791059,25824805.8001649,196495710.76415792,50,0,0
Z3,34,11, 720,12272.0,0.051015,240556.69901,240624.0,1.0,2,28.231816,333463.10644,333463.10644,8454922.5554236,25522013.0518229,1010686.8791059,25824805.8001649,196495710.76415792,50,0,0
Z3,35,11, 720,21736.0,0.051097,425387.009022,426192.0,1.0,2,28.231816,370429.168443,370429.168443,8454922.5554236,25522013.0518229,1010686.8791059,25824805.8001649,196495710.76415792,50,0,0
Z3,36,11, 720,22688.0,0.051028,444618.640746,444856.0,1.0,2,28.231816,374275.494787,374275.494787,8454922.5554236,25522013.0518229,1010686.8791059,25824805.8001649,196495710.76415792,50,0,0
Z3,37,11, 720,17768.0,0.05099,348460.482448,355360.0,1.0,2,28.231816,355043.863128,355043.863128,8454922.5554236,25522013.0518229,1010686.8791059,25824805.8001649,196495710.76415792,50,0,0
Z3,38,11, 720,33352.0,0.051104,652629.931121,653960.0,1.0,2,28.231816,415877.752862,415877.752862,8454922.5554236,25522013.0518229,1010686.8791059,25824805.8001649,196495710.76415792,50,0,0
Z1,0,12, 4K,11144.0,0.171648,64923.564504,65168.0,1.0,2,31.053607,394883.505976,394883.505976,8454922.5554236,25522013.0518229,1010686.8791059,25824805.8001649,196495710.76415792,50,0,0
Z2,0,12, 1080,6624.0,0.172787,38336.217424,38504.0,1.0,2,31.053607,389566.036559,389566.036559,8454922.5554236,25522013.0518229,1010686.8791059,25824805.8001649,196495710.76415792,50,0,0
Z2,1,12, 1080,8352.0,0.050988,163803.247823,167040.0,1.0,2,31.053607,414659.442639,414659.442639,8454922.5554236,25522013.0518229,1010686.8791059,25824805.8001649,196495710.76415792,50,0,0
Z2,2,12, 1080,8680.0,0.050926,170443.388446,173600.0,1.0,2,31.053607,415987.470764,415987.470764,8454922.5554236,25522013.0518229,1010686.8791059,25824805.8001649,196495710.76415792,50,0,0
Z2,3,12, 1080,33456.0,0.05107,655100.841982,656000.0,1.0,2,31.053607,512918.961471,512918.961471,8454922.5554236,25522013.0518229,1010686.8791059,25824805.8001649,196495710.76415792,50,0,0
Z2,4,12, 1080,13120.0,0.051028,257113.741475,257248.0,1.0,2,31.053607,433321.54137,433321.54137,8454922.5554236,25522013.0518229,1010686.8791059,25824805.8001649,196495710.76415792,50,0,0
Z2,5,12, 1080,110384.0,0.102103,1081104.374994,1082192.0,1.0,2,31.053607,598119.668074,598119.668074,8454922.5554236,25522013.0518229,1010686.8791059,25824805.8001649,196495710.76415792,50,0,0
Z2,6,12, 1080,52208.0,0.051172,1020245.446729,1023680.0,1.0,2,31.053607,585947.88242,585947.88242,8454922.5554236,25522013.0518229,1010686.8791059,25824805.8001649,196495710.76415792,50,0,0
Z2,7,12, 1080,36216.0,0.051151,708021.348556,710112.0,1.0,2,31.053607,523503.062786,523503.062786,8454922.5554236,25522013.0518229,1010686.8791059,25824805.8001649,196495710.76415792,50,0,0
Z3,0,12, 720,7896.0,0.173076,45621.576648,45640.0,1.0,2,31.053607,391023.108404,391023.108404,8454922.5554236,25522013.0518229,1010686.8791059,25824805.8001649,196495710.76415792,50,0,0
Z3,1,12, 720,10520.0,0.051,206274.509804,206272.0,1.0,2,31.053607,423153.695036,423153.695036,8454922.5554236,25522013.0518229,1010686.8791059,25824805.8001649,196495710.76415792,50,0,0
Z3,2,12, 720,20088.0,0.050929,394431.46341,401760.0,1.0,2,31.053607,460785.085757,460785.085757,8454922.5554236,25522013.0518229,1010686.8791059,25824805.8001649,196495710.76415792,50,0,0
Z3,3,12, 720,10320.0,0.050961,202507.800082,206400.0,1.0,2,31.053607,422400.353091,422400.353091,8454922.5554236,25522013.0518229,1010686.8791059,25824805.8001649,196495710.76415792,50,0,0
Z3,4,12, 720,12664.0,0.050968,248469.628002,253280.0,1.0,2,31.053607,431592.718675,431592.718675,8454922.5554236,25522013.0518229,1010686.8791059,25824805.8001649,196495710.76415792,50,0,0
Z3,5,12, 720,15440.0,0.050919,303226.693376,308800.0,1.0,2,31.053607,442544.13175,442544.13175,8454922.5554236,25522013.0518229,1010686.8791059,25824805.8001649,196495710.76415792,50,0,0
Z3,6,12, 720,7712.0,0.050991,151242.376106,154240.0,1.0,2,31.053607,412147.268296,412147.268296,8454922.5554236,25522013.0518229,1010686.8791059,25824805.8001649,196495710.76415792,50,0,0
Z3,7,12, 720,10120.0,0.051008,198400.250941,198424.0,1.0,2,31.053607,421578.843263,421578.843263,8454922.5554236,25522013.0518229,1010686.8791059,25824805.8001649,196495710.76415792,50,0,0
Z3,8,12, 720,7576.0,0.050953,148686.044001,151520.0,1.0,2,31.053607,411636.001875,411636.001875,8454922.5554236,25522013.0518229,1010686.8791059,25824805.8001649,196495710.76415792,50,0,0
Z3,9,12, 720,24720.0,0.05101,484610.860616,484704.0,1.0,2,31.053607,478820.965198,478820.965198,8454922.5554236,25522013.0518229,1010686.8791059,25824805.8001649,196495710.76415792,50,0,0
Z3,10,12, 720,60536.0,0.051081,1185098.177405,1186976.0,1.0,2,31.053607,618918.428556,618918.428556,8454922.5554236,25522013.0518229,1010686.8791059,25824805.8001649,196495710.76415792,50,0,0
Z3,11,12, 720,65616.0,0.051186,1281913.023092,1286584.0,1.0,2,31.053607,638281.397693,638281.397693,8454922.5554236,25522013.0518229,1010686.8791059,25824805.8001649,196495710.76415792,50,0,0
Z3,12,12, 720,38936.0,0.051102,761927.12614,763448.0,1.0,2,31.053607,534284.218303,534284.218303,8454922.5554236,25522013.0518229,1010686.8791059,25824805.8001649,196495710.76415792,50,0,0
Z3,13,12, 720,87896.0,0.051567,1704500.940524,1723448.0,1.0,2,31.053607,722798.98118,722798.98118,8454922.5554236,25522013.0518229,1010686.8791059,25824805.8001649,196495710.76415792,50,0,0
Z3,14,12, 720,78296.0,0.051411,1522942.560931,1535208.0,1.0,2,31.053607,686487.305261,686487.305261,8454922.5554236,25522013.0518229,1010686.8791059,25824805.8001649,196495710.76415792,50,0,0
Z3,15,12, 720,45720.0,0.051109,894558.688294,896464.0,1.0,2,31.053607,560810.530733,560810.530733,8454922.5554236,25522013.0518229,1010686.8791059,25824805.8001649,196495710.76415792,50,0,0
Z3,16,12, 720,82616.0,0.051326,1609632.544909,1619920.0,1.0,2,31.053607,703825.302057,703825.302057,8454922.5554236,25522013.0518229,1010686.8791059,25824805.8001649,196495710.76415792,50,0,0
Z3,17,12, 720,109704.0,0.051463,2131706.274411,2151056.0,1.0,2,31.053607,808240.047957,808240.047957,8454922.5554236,25522013.0518229,1010686.8791059,25824805.8001649,196495710.76415792,50,0,0
Z3,18,12, 720,36544.0,0.051073,715524.836998,716544.0,1.0,2,31.053607,525003.760474,525003.760474,8454922.5554236,25522013.0518229,1010686.8791059,25824805.8001649,196495710.76415792,50,0,0
Z3,19,12, 720,28840.0,0.050974,565778.632244,576800.0,1.0,2,31.053607,495054.519524,495054.519524,8454922.5554236,25522013.0518229,1010686.8791059,25824805.8001649,196495710.76415792,50,0,0
Z3,20,12, 720,75104.0,0.051169,1467763.685044,1472624.0,1.0,2,31.053607,675451.530083,675451.530083,8454922.5554236,25522013.0518229,1010686.8791059,25824805.8001649,196495710.76415792,50,0,0
Z3,21,12, 720,96504.0,0.051335,1879887.016655,1892232.0,1.0,2,31.053607,757876.196406,757876.196406,8454922.5554236,25522013.0518229,1010686.8791059,25824805.8001649,196495710.76415792,50,0,0
Z3,22,12, 720,42960.0,0.051033,841808.241726,842352.0,1.0,2,31.053607,550260.44142,550260.44142,8454922.5554236,25522013.0518229,1010686.8791059,25824805.8001649,196495710.76415792,50,0,0
Z3,23,12, 720,68064.0,0.051093,1332159.004169,1334584.0,1.0,2,31.053607,648330.593909,648330.593909,8454922.5554236,25522013.0518229,1010686.8791059,25824805.8001649,196495710.76415792,50,0,0
Z3,24,12, 720,50352.0,0.051081,985728.548775,987288.0,1.0,2,31.053607,579044.50283,579044.50283,8454922.5554236,25522013.0518229,1010686.8791059,25824805.8001649,196495710.76415792,50,0,0
Z3,25,12, 720,31856.0,0.051439,619296.642625,624624.0,1.0,2,31.053607,505758.1216,505758.1216,8454922.5554236,25522013.0518229,1010686.8791059,25824805.8001649,196495710.76415792,50,0,0
Z3,26,12, 720,130312.0,0.052163,2498169.200391,2506000.0,1.0,2,31.053607,881532.633153,881532.633153,8454922.5554236,25522013.0518229,1010686.8791059,25824805.8001649,196495710.76415792,50,0,0
Z3,27,12, 720,138080.0,0.051307,2691250.706531,2707448.0,1.0,2,31.053607,920148.934381,920148.934381,8454922.5554236,25522013.0518229,1010686.8791059,25824805.8001649,196495710.76415792,50,0,0
Z3,28,12, 720,62000.0,0.051126,1212690.216328,1215680.0,1.0,2,31.053607,624436.83634,624436.83634,8454922.5554236,25522013.0518229,1010686.8791059,25824805.8001649,196495710.76415792,50,0,0
Z3,29,12, 720,77544.0,0.051173,1515330.349989,1520464.0,1.0,2,31.053607,684964.863073,684964.863073,8454922.5554236,25522013.0518229,1010686.8791059,25824805.8001649,196495710.76415792,50,0,0
Z3,30,12, 720,14080.0,0.05086,276838.379866,281600.0,1.0,2,31.053607,437266.469048,437266.469048,8454922.5554236,25522013.0518229,1010686.8791059,25824805.8001649,196495710.76415792,50,0,0
Z3,31,12, 720,21056.0,0.050958,413203.029946,421120.0,1.0,2,31.053607,464539.399064,464539.399064,8454922.5554236,25522013.0518229,1010686.8791059,25824805.8001649,196495710.76415792,50,0,0
Z3,32,12, 720,21064.0,0.050933,413562.915988,421280.0,1.0,2,31.053607,464611.376272,464611.376272,8454922.5554236,25522013.0518229,1010686.8791059,25824805.8001649,196495710.76415792,50,0,0
Z3,33,12, 720,16432.0,0.050775,323623.830625,328640.0,1.0,2,31.053607,446623.5592,446623.5592,8454922.5554236,25522013.0518229,1010686.8791059,25824805.8001649,196495710.76415792,50,0,0
Z3,34,12, 720,26024.0,0.054931,473757.987293,481920.0,1.0,2,31.053607,476650.390533,476650.390533,8454922.5554236,25522013.0518229,1010686.8791059,25824805.8001649,196495710.76415792,50,0,0
Z3,35,12, 720,25696.0,0.051,503843.137255,503840.0,1.0,2,31.053607,482667.420526,482667.420526,8454922.5554236,25522013.0518229,1010686.8791059,25824805.8001649,196495710.76415792,50,0,0
Z3,36,12, 720,13400.0,0.051034,262570.051338,262744.0,1.0,2,31.053607,434412.803342,434412.803342,8454922.5554236,25522013.0518229,1010686.8791059,25824805.8001649,196495710.76415792,50,0,0
Z3,37,12, 720,31112.0,0.051075,609143.416544,610032.0,1.0,2,31.053607,503727.476384,503727.476384,8454922.5554236,25522013.0518229,1010686.8791059,25824805.8001649,196495710.76415792,50,0,0
Z3,38,12, 720,34872.0,0.05104,683228.840125,683760.0,1.0,2,31.053607,518544.5611,518544.5611,8454922.5554236,25522013.0518229,1010686.8791059,25824805.8001649,196495710.76415792,50,0,0
