Zone, Tile_no, Seg_no, Reso, Seg_d_size, Seg_d_time, Bitrate, Bitrate1, Buf_lev, Buf_limit, Elapsed, Ref_vp, Local_avg,QoE,QoE1,Z1,Z2,Z3,delay,jitter,loss
Z1,0,1, 720,9960.0,0.17389,57277.589281,57568.0,1.0,2,6.5e-05,57277.589281,57277.589281,8454209.695675598,25539862.4254241,1011633.4647594999,25820220.901146498,196676748.1986315,50,0,0
Z2,0,1, 720,8952.0,0.173737,51526.157353,51744.0,1.0,2,6.5e-05,25763.078676,25763.078676,8454209.695675598,25539862.4254241,1011633.4647594999,25820220.901146498,196676748.1986315,50,0,0
Z2,1,1, 720,5424.0,0.050857,106651.984977,108480.0,1.0,2,6.5e-05,35550.661659,35550.661659,8454209.695675598,25539862.4254241,1011633.4647594999,25820220.901146498,196676748.1986315,50,0,0
Z2,2,1, 720,7080.0,0.050845,139246.730259,141600.0,1.0,2,6.5e-05,34811.682565,34811.682565,8454209.695675598,25539862.4254241,1011633.4647594999,25820220.901146498,196676748.1986315,50,0,0
Z2,3,1, 720,18976.0,0.050888,372897.343185,379520.0,1.0,2,6.5e-05,74579.468637,74579.468637,8454209.695675598,25539862.4254241,1011633.4647594999,25820220.901146498,196676748.1986315,50,0,0
Z2,4,1, 720,8720.0,0.050912,171275.92709,174400.0,1.0,2,6.5e-05,34255.185418,34255.185418,8454209.695675598,25539862.4254241,1011633.4647594999,25820220.901146498,196676748.1986315,50,0,0
Z2,5,1, 720,8336.0,0.050778,164165.58352,166720.0,1.0,2,6.5e-05,32833.116704,32833.116704,8454209.695675598,25539862.4254241,1011633.4647594999,25820220.901146498,196676748.1986315,50,0,0
Z2,6,1, 720,6376.0,0.050837,125420.461475,127520.0,1.0,2,6.5e-05,25084.092295,25084.092295,8454209.695675598,25539862.4254241,1011633.4647594999,25820220.901146498,196676748.1986315,50,0,0
Z2,7,1, 720,6872.0,0.050728,135467.591862,137440.0,1.0,2,6.5e-05,27093.518372,27093.518372,8454209.695675598,25539862.4254241,1011633.4647594999,25820220.901146498,196676748.1986315,50,0,0
Z3,0,1, 720,7080.0,0.172961,40934.083406,41160.0,1.0,2,6.5e-05,8186.816681,8186.816681,8454209.695675598,25539862.4254241,1011633.4647594999,25820220.901146498,196676748.1986315,50,0,0
Z3,1,1, 720,7080.0,0.050928,139019.792648,141600.0,1.0,2,6.5e-05,27803.95853,27803.95853,8454209.695675598,25539862.4254241,1011633.4647594999,25820220.901146498,196676748.1986315,50,0,0
Z3,2,1, 720,5664.0,0.050815,111463.150644,113280.0,1.0,2,6.5e-05,22292.630129,22292.630129,8454209.695675598,25539862.4254241,1011633.4647594999,25820220.901146498,196676748.1986315,50,0,0
Z3,3,1, 720,7080.0,0.050872,139172.825916,141600.0,1.0,2,6.5e-05,27834.565183,27834.565183,8454209.695675598,25539862.4254241,1011633.4647594999,25820220.901146498,196676748.1986315,50,0,0
Z3,4,1, 720,7080.0,0.050872,139172.825916,141600.0,1.0,2,6.5e-05,27834.565183,27834.565183,8454209.695675598,25539862.4254241,1011633.4647594999,25820220.901146498,196676748.1986315,50,0,0
Z3,5,1, 720,5664.0,0.050829,111432.449979,113280.0,1.0,2,6.5e-05,22286.489996,22286.489996,8454209.695675598,25539862.4254241,1011633.4647594999,25820220.901146498,196676748.1986315,50,0,0
Z3,6,1, 720,7080.0,0.050908,139074.408737,141600.0,1.0,2,6.5e-05,27814.881747,27814.881747,8454209.695675598,25539862.4254241,1011633.4647594999,25820220.901146498,196676748.1986315,50,0,0
Z3,7,1, 720,7080.0,0.05088,139150.943396,141600.0,1.0,2,6.5e-05,27830.188679,27830.188679,8454209.695675598,25539862.4254241,1011633.4647594999,25820220.901146498,196676748.1986315,50,0,0
Z3,8,1, 720,5664.0,0.050847,111393.002537,113280.0,1.0,2,6.5e-05,22278.600507,22278.600507,8454209.695675598,25539862.4254241,1011633.4647594999,25820220.901146498,196676748.1986315,50,0,0
Z3,9,1, 720,7080.0,0.050873,139170.090225,141600.0,1.0,2,6.5e-05,27834.018045,27834.018045,8454209.695675598,25539862.4254241,1011633.4647594999,25820220.901146498,196676748.1986315,50,0,0
Z3,10,1, 720,12904.0,0.050927,253382.292301,258080.0,1.0,2,6.5e-05,50676.45846,50676.45846,8454209.695675598,25539862.4254241,1011633.4647594999,25820220.901146498,196676748.1986315,50,0,0
Z3,11,1, 720,17344.0,0.050926,340572.595531,346880.0,1.0,2,6.5e-05,68114.519106,68114.519106,8454209.695675598,25539862.4254241,1011633.4647594999,25820220.901146498,196676748.1986315,50,0,0
Z3,12,1, 720,16912.0,0.050959,331874.644322,338240.0,1.0,2,6.5e-05,66374.928864,66374.928864,8454209.695675598,25539862.4254241,1011633.4647594999,25820220.901146498,196676748.1986315,50,0,0
Z3,13,1, 720,13240.0,0.050891,260163.879664,264800.0,1.0,2,6.5e-05,52032.775933,52032.775933,8454209.695675598,25539862.4254241,1011633.4647594999,25820220.901146498,196676748.1986315,50,0,0
Z3,14,1, 720,28328.0,0.050921,556312.719703,566560.0,1.0,2,6.5e-05,111262.543941,111262.543941,8454209.695675598,25539862.4254241,1011633.4647594999,25820220.901146498,196676748.1986315,50,0,0
Z3,15,1, 720,30528.0,0.051016,598400.501803,598584.0,1.0,2,6.5e-05,119680.100361,119680.100361,8454209.695675598,25539862.4254241,1011633.4647594999,25820220.901146498,196676748.1986315,50,0,0
Z3,16,1, 720,16360.0,0.050934,321199.984293,327200.0,1.0,2,6.5e-05,64239.996859,64239.996859,8454209.695675598,25539862.4254241,1011633.4647594999,25820220.901146498,196676748.1986315,50,0,0
Z3,17,1, 720,33216.0,0.050992,651396.297458,664320.0,1.0,2,6.5e-05,130279.259492,130279.259492,8454209.695675598,25539862.4254241,1011633.4647594999,25820220.901146498,196676748.1986315,50,0,0
Z3,18,1, 720,28000.0,0.050993,549094.97382,560000.0,1.0,2,6.5e-05,109818.994764,109818.994764,8454209.695675598,25539862.4254241,1011633.4647594999,25820220.901146498,196676748.1986315,50,0,0
Z3,19,1, 720,15744.0,0.050948,309020.96255,314880.0,1.0,2,6.5e-05,61804.19251,61804.19251,8454209.695675598,25539862.4254241,1011633.4647594999,25820220.901146498,196676748.1986315,50,0,0
Z3,20,1, 720,16024.0,0.051032,313999.059414,314192.0,1.0,2,6.5e-05,62799.811883,62799.811883,8454209.695675598,25539862.4254241,1011633.4647594999,25820220.901146498,196676748.1986315,50,0,0
Z3,21,1, 720,11576.0,0.051031,226842.507495,226976.0,1.0,2,6.5e-05,45368.501499,45368.501499,8454209.695675598,25539862.4254241,1011633.4647594999,25820220.901146498,196676748.1986315,50,0,0
Z3,22,1, 720,10816.0,0.050899,212499.263247,216320.0,1.0,2,6.5e-05,42499.852649,42499.852649,8454209.695675598,25539862.4254241,1011633.4647594999,25820220.901146498,196676748.1986315,50,0,0
Z3,23,1, 720,13224.0,0.05101,259243.28563,259288.0,1.0,2,6.5e-05,51848.657126,51848.657126,8454209.695675598,25539862.4254241,1011633.4647594999,25820220.901146498,196676748.1986315,50,0,0
Z3,24,1, 720,17528.0,0.051013,343598.69053,343680.0,1.0,2,6.5e-05,68719.738106,68719.738106,8454209.695675598,25539862.4254241,1011633.4647594999,25820220.901146498,196676748.1986315,50,0,0
Z3,25,1, 720,23824.0,0.051062,466570.052094,467136.0,1.0,2,6.5e-05,93314.010419,93314.010419,8454209.695675598,25539862.4254241,1011633.4647594999,25820220.901146498,196676748.1986315,50,0,0
Z3,26,1, 720,11024.0,0.050968,216292.575734,220480.0,1.0,2,6.5e-05,43258.515147,43258.515147,8454209.695675598,25539862.4254241,1011633.4647594999,25820220.901146498,196676748.1986315,50,0,0
Z3,27,1, 720,15112.0,0.05094,296662.740479,302240.0,1.0,2,6.5e-05,59332.548096,59332.548096,8454209.695675598,25539862.4254241,1011633.4647594999,25820220.901146498,196676748.1986315,50,0,0
Z3,28,1, 720,24552.0,0.051063,480817.813289,481408.0,1.0,2,6.5e-05,96163.562658,96163.562658,8454209.695675598,25539862.4254241,1011633.4647594999,25820220.901146498,196676748.1986315,50,0,0
Z3,29,1, 720,10824.0,0.05095,212443.57213,216480.0,1.0,2,6.5e-05,42488.714426,42488.714426,8454209.695675598,25539862.4254241,1011633.4647594999,25820220.901146498,196676748.1986315,50,0,0
Z3,30,1, 720,6872.0,0.050798,135280.916572,137440.0,1.0,2,6.5e-05,27056.183314,27056.183314,8454209.695675598,25539862.4254241,1011633.4647594999,25820220.901146498,196676748.1986315,50,0,0
Z3,31,1, 720,6872.0,0.05091,134983.30387,137440.0,1.0,2,6.5e-05,26996.660774,26996.660774,8454209.695675598,25539862.4254241,1011633.4647594999,25820220.901146498,196676748.1986315,50,0,0
Z3,32,1, 720,6376.0,0.050933,125184.065341,127520.0,1.0,2,6.5e-05,25036.813068,25036.813068,8454209.695675598,25539862.4254241,1011633.4647594999,25820220.901146498,196676748.1986315,50,0,0
Z3,33,1, 720,6872.0,0.050906,134993.910345,137440.0,1.0,2,6.5e-05,26998.782069,26998.782069,8454209.695675598,25539862.4254241,1011633.4647594999,25820220.901146498,196676748.1986315,50,0,0
Z3,34,1, 720,6872.0,0.050897,135017.781009,137440.0,1.0,2,6.5e-05,27003.556202,27003.556202,8454209.695675598,25539862.4254241,1011633.4647594999,25820220.901146498,196676748.1986315,50,0,0
Z3,35,1, 720,6376.0,0.050928,125196.355639,127520.0,1.0,2,6.5e-05,25039.271128,25039.271128,8454209.695675598,25539862.4254241,1011633.4647594999,25820220.901146498,196676748.1986315,50,0,0
Z3,36,1, 720,6872.0,0.050938,134909.105187,137440.0,1.0,2,6.5e-05,26981.821037,26981.821037,8454209.695675598,25539862.4254241,1011633.4647594999,25820220.901146498,196676748.1986315,50,0,0
Z3,37,1, 720,6872.0,0.050935,134917.051144,137440.0,1.0,2,6.5e-05,26983.410229,26983.410229,8454209.695675598,25539862.4254241,1011633.4647594999,25820220.901146498,196676748.1986315,50,0,0
Z3,38,1, 720,6376.0,0.05095,125142.296369,127520.0,1.0,2,6.5e-05,25028.459274,25028.459274,8454209.695675598,25539862.4254241,1011633.4647594999,25820220.901146498,196676748.1986315,50,0,0
Z1,0,2, 720,18392.0,0.172075,106883.626326,106928.0,1.0,2,2.81815,46405.184539,46405.184539,8454209.695675598,25539862.4254241,1011633.4647594999,25820220.901146498,196676748.1986315,50,0,0
Z2,0,2, 720,7080.0,0.173818,40732.26018,40920.0,1.0,2,2.81815,33174.91131,33174.91131,8454209.695675598,25539862.4254241,1011633.4647594999,25820220.901146498,196676748.1986315,50,0,0
Z2,1,2, 720,12648.0,0.050944,248272.613065,252960.0,1.0,2,2.81815,74682.981887,74682.981887,8454209.695675598,25539862.4254241,1011633.4647594999,25820220.901146498,196676748.1986315,50,0,0
Z2,2,2, 720,15344.0,0.051019,300750.700719,300856.0,1.0,2,2.81815,85178.599418,85178.599418,8454209.695675598,25539862.4254241,1011633.4647594999,25820220.901146498,196676748.1986315,50,0,0
Z2,3,2, 720,9160.0,0.050865,180084.537501,183200.0,1.0,2,2.81815,61045.366774,61045.366774,8454209.695675598,25539862.4254241,1011633.4647594999,25820220.901146498,196676748.1986315,50,0,0
Z2,4,2, 720,8048.0,0.050938,157995.995131,160960.0,1.0,2,2.81815,56627.6583,56627.6583,8454209.695675598,25539862.4254241,1011633.4647594999,25820220.901146498,196676748.1986315,50,0,0
Z2,5,2, 720,9320.0,0.050845,183302.192939,186400.0,1.0,2,2.81815,61688.897862,61688.897862,8454209.695675598,25539862.4254241,1011633.4647594999,25820220.901146498,196676748.1986315,50,0,0
Z2,6,2, 720,6376.0,0.050818,125467.354087,127520.0,1.0,2,2.81815,50121.930091,50121.930091,8454209.695675598,25539862.4254241,1011633.4647594999,25820220.901146498,196676748.1986315,50,0,0
Z2,7,2, 720,6872.0,0.050801,135272.927698,137440.0,1.0,2,2.81815,52083.044813,52083.044813,8454209.695675598,25539862.4254241,1011633.4647594999,25820220.901146498,196676748.1986315,50,0,0
Z3,0,2, 720,6624.0,0.17363,38150.08927,38288.0,1.0,2,2.81815,32658.477128,32658.477128,8454209.695675598,25539862.4254241,1011633.4647594999,25820220.901146498,196676748.1986315,50,0,0
Z3,1,2, 720,5424.0,0.050858,106649.887923,108480.0,1.0,2,2.81815,46358.436858,46358.436858,8454209.695675598,25539862.4254241,1011633.4647594999,25820220.901146498,196676748.1986315,50,0,0
Z3,2,2, 720,7080.0,0.05087,139178.297621,141600.0,1.0,2,2.81815,52864.118798,52864.118798,8454209.695675598,25539862.4254241,1011633.4647594999,25820220.901146498,196676748.1986315,50,0,0
Z3,3,2, 720,7080.0,0.05088,139150.943396,141600.0,1.0,2,2.81815,52858.647953,52858.647953,8454209.695675598,25539862.4254241,1011633.4647594999,25820220.901146498,196676748.1986315,50,0,0
Z3,4,2, 720,5664.0,0.050928,111215.834119,113280.0,1.0,2,2.81815,47271.626098,47271.626098,8454209.695675598,25539862.4254241,1011633.4647594999,25820220.901146498,196676748.1986315,50,0,0
Z3,5,2, 720,7080.0,0.050939,138989.77208,141600.0,1.0,2,2.81815,52826.41369,52826.41369,8454209.695675598,25539862.4254241,1011633.4647594999,25820220.901146498,196676748.1986315,50,0,0
Z3,6,2, 720,7080.0,0.050931,139011.603935,141600.0,1.0,2,2.81815,52830.780061,52830.780061,8454209.695675598,25539862.4254241,1011633.4647594999,25820220.901146498,196676748.1986315,50,0,0
Z3,7,2, 720,5664.0,0.050869,111344.826908,113280.0,1.0,2,2.81815,47297.424655,47297.424655,8454209.695675598,25539862.4254241,1011633.4647594999,25820220.901146498,196676748.1986315,50,0,0
Z3,8,2, 720,7080.0,0.050941,138984.315188,141600.0,1.0,2,2.81815,52825.322311,52825.322311,8454209.695675598,25539862.4254241,1011633.4647594999,25820220.901146498,196676748.1986315,50,0,0
Z3,9,2, 720,7080.0,0.050894,139112.66554,141600.0,1.0,2,2.81815,52850.992382,52850.992382,8454209.695675598,25539862.4254241,1011633.4647594999,25820220.901146498,196676748.1986315,50,0,0
Z3,10,2, 720,5664.0,0.050916,111242.045722,113280.0,1.0,2,2.81815,47276.868418,47276.868418,8454209.695675598,25539862.4254241,1011633.4647594999,25820220.901146498,196676748.1986315,50,0,0
Z3,11,2, 720,7080.0,0.050933,139006.145328,141600.0,1.0,2,2.81815,52829.688339,52829.688339,8454209.695675598,25539862.4254241,1011633.4647594999,25820220.901146498,196676748.1986315,50,0,0
Z3,12,2, 720,17112.0,0.051021,335391.309461,335528.0,1.0,2,2.81815,92106.721166,92106.721166,8454209.695675598,25539862.4254241,1011633.4647594999,25820220.901146498,196676748.1986315,50,0,0
Z3,13,2, 720,15320.0,0.050952,300675.145235,306400.0,1.0,2,2.81815,85163.488321,85163.488321,8454209.695675598,25539862.4254241,1011633.4647594999,25820220.901146498,196676748.1986315,50,0,0
Z3,14,2, 720,10704.0,0.051062,209627.511653,209880.0,1.0,2,2.81815,66953.961604,66953.961604,8454209.695675598,25539862.4254241,1011633.4647594999,25820220.901146498,196676748.1986315,50,0,0
Z3,15,2, 720,18776.0,0.050963,368424.150855,375520.0,1.0,2,2.81815,98713.289445,98713.289445,8454209.695675598,25539862.4254241,1011633.4647594999,25820220.901146498,196676748.1986315,50,0,0
Z3,16,2, 720,21848.0,0.051117,427411.624313,428392.0,1.0,2,2.81815,110510.784136,110510.784136,8454209.695675598,25539862.4254241,1011633.4647594999,25820220.901146498,196676748.1986315,50,0,0
Z3,17,2, 720,12752.0,0.050982,250127.495979,255040.0,1.0,2,2.81815,75053.95847,75053.95847,8454209.695675598,25539862.4254241,1011633.4647594999,25820220.901146498,196676748.1986315,50,0,0
Z3,18,2, 720,21856.0,0.051069,427970.001371,428544.0,1.0,2,2.81815,110622.459548,110622.459548,8454209.695675598,25539862.4254241,1011633.4647594999,25820220.901146498,196676748.1986315,50,0,0
Z3,19,2, 720,16880.0,0.050993,331025.827074,337600.0,1.0,2,2.81815,91233.624689,91233.624689,8454209.695675598,25539862.4254241,1011633.4647594999,25820220.901146498,196676748.1986315,50,0,0
Z3,20,2, 720,12128.0,0.051004,237785.271743,237800.0,1.0,2,2.81815,72585.513622,72585.513622,8454209.695675598,25539862.4254241,1011633.4647594999,25820220.901146498,196676748.1986315,50,0,0
Z3,21,2, 720,11592.0,0.051062,227018.134816,227288.0,1.0,2,2.81815,70432.086237,70432.086237,8454209.695675598,25539862.4254241,1011633.4647594999,25820220.901146498,196676748.1986315,50,0,0
Z3,22,2, 720,9952.0,0.051077,194843.080056,195136.0,1.0,2,2.81815,63997.075285,63997.075285,8454209.695675598,25539862.4254241,1011633.4647594999,25820220.901146498,196676748.1986315,50,0,0
Z3,23,2, 720,11064.0,0.050925,217260.677467,221280.0,1.0,2,2.81815,68480.594767,68480.594767,8454209.695675598,25539862.4254241,1011633.4647594999,25820220.901146498,196676748.1986315,50,0,0
Z3,24,2, 720,14728.0,0.050967,288971.295152,294560.0,1.0,2,2.81815,82822.718304,82822.718304,8454209.695675598,25539862.4254241,1011633.4647594999,25820220.901146498,196676748.1986315,50,0,0
Z3,25,2, 720,16264.0,0.051046,318614.582925,318896.0,1.0,2,2.81815,88751.375859,88751.375859,8454209.695675598,25539862.4254241,1011633.4647594999,25820220.901146498,196676748.1986315,50,0,0
Z3,26,2, 720,9504.0,0.051031,186239.736631,186352.0,1.0,2,2.81815,62276.4066,62276.4066,8454209.695675598,25539862.4254241,1011633.4647594999,25820220.901146498,196676748.1986315,50,0,0
Z3,27,2, 720,12688.0,0.051031,248633.183751,248784.0,1.0,2,2.81815,74755.096024,74755.096024,8454209.695675598,25539862.4254241,1011633.4647594999,25820220.901146498,196676748.1986315,50,0,0
Z3,28,2, 720,17320.0,0.054972,315069.489922,320736.0,1.0,2,2.81815,88042.357258,88042.357258,8454209.695675598,25539862.4254241,1011633.4647594999,25820220.901146498,196676748.1986315,50,0,0
Z3,29,2, 720,10632.0,0.051065,208205.22863,208464.0,1.0,2,2.81815,66669.505,66669.505,8454209.695675598,25539862.4254241,1011633.4647594999,25820220.901146498,196676748.1986315,50,0,0
Z3,30,2, 720,6872.0,0.050925,134943.544428,137440.0,1.0,2,2.81815,52017.168159,52017.168159,8454209.695675598,25539862.4254241,1011633.4647594999,25820220.901146498,196676748.1986315,50,0,0
Z3,31,2, 720,6872.0,0.050957,134858.80252,137440.0,1.0,2,2.81815,52000.219778,52000.219778,8454209.695675598,25539862.4254241,1011633.4647594999,25820220.901146498,196676748.1986315,50,0,0
Z3,32,2, 720,6376.0,0.050994,125034.317763,127520.0,1.0,2,2.81815,50035.322826,50035.322826,8454209.695675598,25539862.4254241,1011633.4647594999,25820220.901146498,196676748.1986315,50,0,0
Z3,33,2, 720,6872.0,0.050909,134985.955332,137440.0,1.0,2,2.81815,52025.65034,52025.65034,8454209.695675598,25539862.4254241,1011633.4647594999,25820220.901146498,196676748.1986315,50,0,0
Z3,34,2, 720,6872.0,0.050976,134808.537351,137440.0,1.0,2,2.81815,51990.166744,51990.166744,8454209.695675598,25539862.4254241,1011633.4647594999,25820220.901146498,196676748.1986315,50,0,0
Z3,35,2, 720,6376.0,0.050968,125098.100769,127520.0,1.0,2,2.81815,50048.079428,50048.079428,8454209.695675598,25539862.4254241,1011633.4647594999,25820220.901146498,196676748.1986315,50,0,0
Z3,36,2, 720,6872.0,0.051004,134734.530625,134744.0,1.0,2,2.81815,51975.365399,51975.365399,8454209.695675598,25539862.4254241,1011633.4647594999,25820220.901146498,196676748.1986315,50,0,0
Z3,37,2, 720,6872.0,0.050997,134753.024688,137440.0,1.0,2,2.81815,51979.064211,51979.064211,8454209.695675598,25539862.4254241,1011633.4647594999,25820220.901146498,196676748.1986315,50,0,0
Z3,38,2, 720,6376.0,0.050923,125208.648351,127520.0,1.0,2,2.81815,50070.188944,50070.188944,8454209.695675598,25539862.4254241,1011633.4647594999,25820220.901146498,196676748.1986315,50,0,0
Z1,0,3, 720,9896.0,0.172462,57380.756341,57528.0,1.0,2,5.641289,61546.340212,61546.340212,8454209.695675598,25539862.4254241,1011633.4647594999,25820220.901146498,196676748.1986315,50,0,0
Z2,0,3, 720,6624.0,0.173616,38153.165607,38288.0,1.0,2,5.641289,57700.822065,57700.822065,8454209.695675598,25539862.4254241,1011633.4647594999,25820220.901146498,196676748.1986315,50,0,0
Z2,1,3, 720,5424.0,0.050943,106471.939226,108480.0,1.0,2,5.641289,71364.576789,71364.576789,8454209.695675598,25539862.4254241,1011633.4647594999,25820220.901146498,196676748.1986315,50,0,0
Z2,2,3, 720,7080.0,0.050931,139011.603935,141600.0,1.0,2,5.641289,77872.509731,77872.509731,8454209.695675598,25539862.4254241,1011633.4647594999,25820220.901146498,196676748.1986315,50,0,0
Z2,3,3, 720,18632.0,0.050949,365699.032366,372640.0,1.0,2,5.641289,123209.995417,123209.995417,8454209.695675598,25539862.4254241,1011633.4647594999,25820220.901146498,196676748.1986315,50,0,0
Z2,4,3, 720,9664.0,0.051055,189286.064049,189488.0,1.0,2,5.641289,87927.401754,87927.401754,8454209.695675598,25539862.4254241,1011633.4647594999,25820220.901146498,196676748.1986315,50,0,0
Z2,5,3, 720,8424.0,0.05086,165631.144318,168480.0,1.0,2,5.641289,83196.417808,83196.417808,8454209.695675598,25539862.4254241,1011633.4647594999,25820220.901146498,196676748.1986315,50,0,0
Z2,6,3, 720,6376.0,0.050903,125257.843349,127520.0,1.0,2,5.641289,75121.757614,75121.757614,8454209.695675598,25539862.4254241,1011633.4647594999,25820220.901146498,196676748.1986315,50,0,0
Z2,7,3, 720,6872.0,0.050869,135092.099314,137440.0,1.0,2,5.641289,77088.608807,77088.608807,8454209.695675598,25539862.4254241,1011633.4647594999,25820220.901146498,196676748.1986315,50,0,0
Z3,0,3, 720,7080.0,0.172502,41043.0024,41160.0,1.0,2,5.641289,58278.789424,58278.789424,8454209.695675598,25539862.4254241,1011633.4647594999,25820220.901146498,196676748.1986315,50,0,0
Z3,1,3, 720,7080.0,0.050915,139055.288225,141600.0,1.0,2,5.641289,77881.246589,77881.246589,8454209.695675598,25539862.4254241,1011633.4647594999,25820220.901146498,196676748.1986315,50,0,0
Z3,2,3, 720,5664.0,0.05092,111233.307148,113280.0,1.0,2,5.641289,72316.850374,72316.850374,8454209.695675598,25539862.4254241,1011633.4647594999,25820220.901146498,196676748.1986315,50,0,0
Z3,3,3, 720,7080.0,0.050926,139025.252327,141600.0,1.0,2,5.641289,77875.239409,77875.239409,8454209.695675598,25539862.4254241,1011633.4647594999,25820220.901146498,196676748.1986315,50,0,0
Z3,4,3, 720,7080.0,0.050953,138951.582831,141600.0,1.0,2,5.641289,77860.50551,77860.50551,8454209.695675598,25539862.4254241,1011633.4647594999,25820220.901146498,196676748.1986315,50,0,0
Z3,5,3, 720,5664.0,0.050922,111228.938376,113280.0,1.0,2,5.641289,72315.976619,72315.976619,8454209.695675598,25539862.4254241,1011633.4647594999,25820220.901146498,196676748.1986315,50,0,0
Z3,6,3, 720,7080.0,0.050984,138867.095559,141600.0,1.0,2,5.641289,77843.608056,77843.608056,8454209.695675598,25539862.4254241,1011633.4647594999,25820220.901146498,196676748.1986315,50,0,0
Z3,7,3, 720,7080.0,0.05095,138959.764475,141600.0,1.0,2,5.641289,77862.141839,77862.141839,8454209.695675598,25539862.4254241,1011633.4647594999,25820220.901146498,196676748.1986315,50,0,0
Z3,8,3, 720,5664.0,0.050901,111274.827607,113280.0,1.0,2,5.641289,72325.154465,72325.154465,8454209.695675598,25539862.4254241,1011633.4647594999,25820220.901146498,196676748.1986315,50,0,0
Z3,9,3, 720,7080.0,0.050951,138957.037153,141600.0,1.0,2,5.641289,77861.596375,77861.596375,8454209.695675598,25539862.4254241,1011633.4647594999,25820220.901146498,196676748.1986315,50,0,0
Z3,10,3, 720,14120.0,0.050865,277597.562174,282400.0,1.0,2,5.641289,105589.701379,105589.701379,8454209.695675598,25539862.4254241,1011633.4647594999,25820220.901146498,196676748.1986315,50,0,0
Z3,11,3, 720,17536.0,0.051035,343607.328304,343840.0,1.0,2,5.641289,118791.654605,118791.654605,8454209.695675598,25539862.4254241,1011633.4647594999,25820220.901146498,196676748.1986315,50,0,0
Z3,12,3, 720,16008.0,0.05106,313513.513514,313880.0,1.0,2,5.641289,112772.891647,112772.891647,8454209.695675598,25539862.4254241,1011633.4647594999,25820220.901146498,196676748.1986315,50,0,0
Z3,13,3, 720,10896.0,0.051001,213642.869748,213640.0,1.0,2,5.641289,92798.762894,92798.762894,8454209.695675598,25539862.4254241,1011633.4647594999,25820220.901146498,196676748.1986315,50,0,0
Z3,14,3, 720,19720.0,0.051076,386091.314903,386664.0,1.0,2,5.641289,127288.451925,127288.451925,8454209.695675598,25539862.4254241,1011633.4647594999,25820220.901146498,196676748.1986315,50,0,0
Z3,15,3, 720,20104.0,0.051057,393755.998198,394192.0,1.0,2,5.641289,128821.388584,128821.388584,8454209.695675598,25539862.4254241,1011633.4647594999,25820220.901146498,196676748.1986315,50,0,0
Z3,16,3, 720,12504.0,0.051027,245046.739961,245176.0,1.0,2,5.641289,99079.536936,99079.536936,8454209.695675598,25539862.4254241,1011633.4647594999,25820220.901146498,196676748.1986315,50,0,0
Z3,17,3, 720,23072.0,0.050894,453334.381263,461440.0,1.0,2,5.641289,140737.065197,140737.065197,8454209.695675598,25539862.4254241,1011633.4647594999,25820220.901146498,196676748.1986315,50,0,0
Z3,18,3, 720,18112.0,0.051009,355074.594679,355136.0,1.0,2,5.641289,121085.10788,121085.10788,8454209.695675598,25539862.4254241,1011633.4647594999,25820220.901146498,196676748.1986315,50,0,0
Z3,19,3, 720,12544.0,0.050998,245970.430213,250880.0,1.0,2,5.641289,99264.274987,99264.274987,8454209.695675598,25539862.4254241,1011633.4647594999,25820220.901146498,196676748.1986315,50,0,0
Z3,20,3, 720,15304.0,0.050917,300567.590392,306080.0,1.0,2,5.641289,110183.707023,110183.707023,8454209.695675598,25539862.4254241,1011633.4647594999,25820220.901146498,196676748.1986315,50,0,0
Z3,21,3, 720,12280.0,0.051024,240671.056758,240784.0,1.0,2,5.641289,98204.400296,98204.400296,8454209.695675598,25539862.4254241,1011633.4647594999,25820220.901146498,196676748.1986315,50,0,0
Z3,22,3, 720,10368.0,0.051018,203222.392097,203288.0,1.0,2,5.641289,90714.667363,90714.667363,8454209.695675598,25539862.4254241,1011633.4647594999,25820220.901146498,196676748.1986315,50,0,0
Z3,23,3, 720,10520.0,0.051026,206169.403833,206272.0,1.0,2,5.641289,91304.069711,91304.069711,8454209.695675598,25539862.4254241,1011633.4647594999,25820220.901146498,196676748.1986315,50,0,0
Z3,24,3, 720,15288.0,0.051011,299700.064692,299760.0,1.0,2,5.641289,110010.201882,110010.201882,8454209.695675598,25539862.4254241,1011633.4647594999,25820220.901146498,196676748.1986315,50,0,0
Z3,25,3, 720,16344.0,0.050999,320476.872096,326880.0,1.0,2,5.641289,114165.563363,114165.563363,8454209.695675598,25539862.4254241,1011633.4647594999,25820220.901146498,196676748.1986315,50,0,0
Z3,26,3, 720,9016.0,0.050986,176832.856078,180320.0,1.0,2,5.641289,85436.76016,85436.76016,8454209.695675598,25539862.4254241,1011633.4647594999,25820220.901146498,196676748.1986315,50,0,0
Z3,27,3, 720,13800.0,0.051028,270439.758564,270584.0,1.0,2,5.641289,104158.140657,104158.140657,8454209.695675598,25539862.4254241,1011633.4647594999,25820220.901146498,196676748.1986315,50,0,0
Z3,28,3, 720,17664.0,0.051047,346034.047055,346352.0,1.0,2,5.641289,119276.998355,119276.998355,8454209.695675598,25539862.4254241,1011633.4647594999,25820220.901146498,196676748.1986315,50,0,0
Z3,29,3, 720,10240.0,0.050992,200815.814245,204800.0,1.0,2,5.641289,90233.351793,90233.351793,8454209.695675598,25539862.4254241,1011633.4647594999,25820220.901146498,196676748.1986315,50,0,0
Z3,30,3, 720,6872.0,0.050963,134842.92526,137440.0,1.0,2,5.641289,77038.773996,77038.773996,8454209.695675598,25539862.4254241,1011633.4647594999,25820220.901146498,196676748.1986315,50,0,0
Z3,31,3, 720,6872.0,0.050944,134893.21608,137440.0,1.0,2,5.641289,77048.83216,77048.83216,8454209.695675598,25539862.4254241,1011633.4647594999,25820220.901146498,196676748.1986315,50,0,0
Z3,32,3, 720,6376.0,0.050944,125157.035176,127520.0,1.0,2,5.641289,75101.595979,75101.595979,8454209.695675598,25539862.4254241,1011633.4647594999,25820220.901146498,196676748.1986315,50,0,0
Z3,33,3, 720,6872.0,0.050943,134895.864005,137440.0,1.0,2,5.641289,77049.361745,77049.361745,8454209.695675598,25539862.4254241,1011633.4647594999,25820220.901146498,196676748.1986315,50,0,0
Z3,34,3, 720,6872.0,0.05091,134983.30387,137440.0,1.0,2,5.641289,77066.849718,77066.849718,8454209.695675598,25539862.4254241,1011633.4647594999,25820220.901146498,196676748.1986315,50,0,0
Z3,35,3, 720,6376.0,0.050913,125233.241019,127520.0,1.0,2,5.641289,75116.837148,75116.837148,8454209.695675598,25539862.4254241,1011633.4647594999,25820220.901146498,196676748.1986315,50,0,0
Z3,36,3, 720,6872.0,0.050952,134872.036426,137440.0,1.0,2,5.641289,77044.596229,77044.596229,8454209.695675598,25539862.4254241,1011633.4647594999,25820220.901146498,196676748.1986315,50,0,0
Z3,37,3, 720,6872.0,0.050937,134911.753735,137440.0,1.0,2,5.641289,77052.539691,77052.539691,8454209.695675598,25539862.4254241,1011633.4647594999,25820220.901146498,196676748.1986315,50,0,0
Z3,38,3, 720,6376.0,0.05097,125093.192074,127520.0,1.0,2,5.641289,75088.827359,75088.827359,8454209.695675598,25539862.4254241,1011633.4647594999,25820220.901146498,196676748.1986315,50,0,0
Z1,0,4, 720,22592.0,0.172796,130743.767217,131344.0,1.0,2,8.460356,101237.580802,101237.580802,8454209.695675598,25539862.4254241,1011633.4647594999,25820220.901146498,196676748.1986315,50,0,0
Z2,0,4, 720,6624.0,0.173253,38233.104189,38288.0,1.0,2,8.460356,82735.448197,82735.448197,8454209.695675598,25539862.4254241,1011633.4647594999,25820220.901146498,196676748.1986315,50,0,0
Z2,1,4, 720,6648.0,0.050957,130462.939341,132960.0,1.0,2,8.460356,101181.415227,101181.415227,8454209.695675598,25539862.4254241,1011633.4647594999,25820220.901146498,196676748.1986315,50,0,0
Z2,2,4, 720,7200.0,0.050926,141381.612536,144000.0,1.0,2,8.460356,103365.149866,103365.149866,8454209.695675598,25539862.4254241,1011633.4647594999,25820220.901146498,196676748.1986315,50,0,0
Z2,3,4, 720,7296.0,0.050951,143196.404389,145920.0,1.0,2,8.460356,103728.108237,103728.108237,8454209.695675598,25539862.4254241,1011633.4647594999,25820220.901146498,196676748.1986315,50,0,0
Z2,4,4, 720,17272.0,0.051017,338553.815395,338664.0,1.0,2,8.460356,142799.590438,142799.590438,8454209.695675598,25539862.4254241,1011633.4647594999,25820220.901146498,196676748.1986315,50,0,0
Z2,5,4, 720,26240.0,0.051062,513885.080882,514504.0,1.0,2,8.460356,177865.843535,177865.843535,8454209.695675598,25539862.4254241,1011633.4647594999,25820220.901146498,196676748.1986315,50,0,0
Z2,6,4, 720,12720.0,0.050919,249808.519413,254400.0,1.0,2,8.460356,125050.531241,125050.531241,8454209.695675598,25539862.4254241,1011633.4647594999,25820220.901146498,196676748.1986315,50,0,0
Z2,7,4, 720,11496.0,0.050948,225641.830886,229920.0,1.0,2,8.460356,120217.193536,120217.193536,8454209.695675598,25539862.4254241,1011633.4647594999,25820220.901146498,196676748.1986315,50,0,0
Z3,0,4, 720,6448.0,0.173536,37156.555412,37264.0,1.0,2,8.460356,82520.138441,82520.138441,8454209.695675598,25539862.4254241,1011633.4647594999,25820220.901146498,196676748.1986315,50,0,0
Z3,1,4, 720,7448.0,0.050894,146343.380359,148960.0,1.0,2,8.460356,104357.503431,104357.503431,8454209.695675598,25539862.4254241,1011633.4647594999,25820220.901146498,196676748.1986315,50,0,0
Z3,2,4, 720,7424.0,0.050926,145780.151593,148480.0,1.0,2,8.460356,104244.857677,104244.857677,8454209.695675598,25539862.4254241,1011633.4647594999,25820220.901146498,196676748.1986315,50,0,0
Z3,3,4, 720,6648.0,0.050886,130644.971112,132960.0,1.0,2,8.460356,101217.821581,101217.821581,8454209.695675598,25539862.4254241,1011633.4647594999,25820220.901146498,196676748.1986315,50,0,0
Z3,4,4, 720,7224.0,0.050812,142171.140675,144480.0,1.0,2,8.460356,103523.055494,103523.055494,8454209.695675598,25539862.4254241,1011633.4647594999,25820220.901146498,196676748.1986315,50,0,0
Z3,5,4, 720,7240.0,0.050874,142312.379605,144800.0,1.0,2,8.460356,103551.30328,103551.30328,8454209.695675598,25539862.4254241,1011633.4647594999,25820220.901146498,196676748.1986315,50,0,0
Z3,6,4, 720,6648.0,0.050886,130644.971112,132960.0,1.0,2,8.460356,101217.821581,101217.821581,8454209.695675598,25539862.4254241,1011633.4647594999,25820220.901146498,196676748.1986315,50,0,0
Z3,7,4, 720,7232.0,0.05089,142110.43427,144640.0,1.0,2,8.460356,103510.914213,103510.914213,8454209.695675598,25539862.4254241,1011633.4647594999,25820220.901146498,196676748.1986315,50,0,0
Z3,8,4, 720,7296.0,0.050906,143322.987467,145920.0,1.0,2,8.460356,103753.424852,103753.424852,8454209.695675598,25539862.4254241,1011633.4647594999,25820220.901146498,196676748.1986315,50,0,0
Z3,9,4, 720,16456.0,0.050948,322995.995917,329120.0,1.0,2,8.460356,139688.026542,139688.026542,8454209.695675598,25539862.4254241,1011633.4647594999,25820220.901146498,196676748.1986315,50,0,0
Z3,10,4, 720,25392.0,0.050976,498116.760829,507840.0,1.0,2,8.460356,174712.179525,174712.179525,8454209.695675598,25539862.4254241,1011633.4647594999,25820220.901146498,196676748.1986315,50,0,0
Z3,11,4, 720,21592.0,0.051044,423007.601285,423368.0,1.0,2,8.460356,159690.347616,159690.347616,8454209.695675598,25539862.4254241,1011633.4647594999,25820220.901146498,196676748.1986315,50,0,0
Z3,12,4, 720,13528.0,0.050841,266084.459393,270560.0,1.0,2,8.460356,128305.719237,128305.719237,8454209.695675598,25539862.4254241,1011633.4647594999,25820220.901146498,196676748.1986315,50,0,0
Z3,13,4, 720,29512.0,0.051019,578451.165252,578664.0,1.0,2,8.460356,190779.060409,190779.060409,8454209.695675598,25539862.4254241,1011633.4647594999,25820220.901146498,196676748.1986315,50,0,0
Z3,14,4, 720,29688.0,0.051087,581126.313935,582112.0,1.0,2,8.460356,191314.090146,191314.090146,8454209.695675598,25539862.4254241,1011633.4647594999,25820220.901146498,196676748.1986315,50,0,0
Z3,15,4, 720,16760.0,0.050896,329298.96259,335200.0,1.0,2,8.460356,140948.619877,140948.619877,8454209.695675598,25539862.4254241,1011633.4647594999,25820220.901146498,196676748.1986315,50,0,0
Z3,16,4, 720,33128.0,0.051188,647182.9335,649568.0,1.0,2,8.460356,204525.414059,204525.414059,8454209.695675598,25539862.4254241,1011633.4647594999,25820220.901146498,196676748.1986315,50,0,0
Z3,17,4, 720,26248.0,0.051056,514102.162332,514664.0,1.0,2,8.460356,177909.259825,177909.259825,8454209.695675598,25539862.4254241,1011633.4647594999,25820220.901146498,196676748.1986315,50,0,0
Z3,18,4, 720,14624.0,0.051027,286593.372136,286744.0,1.0,2,8.460356,132407.501786,132407.501786,8454209.695675598,25539862.4254241,1011633.4647594999,25820220.901146498,196676748.1986315,50,0,0
Z3,19,4, 720,26816.0,0.050989,525917.354724,536320.0,1.0,2,8.460356,180272.298304,180272.298304,8454209.695675598,25539862.4254241,1011633.4647594999,25820220.901146498,196676748.1986315,50,0,0
Z3,20,4, 720,23128.0,0.051006,453436.850567,453488.0,1.0,2,8.460356,165776.197472,165776.197472,8454209.695675598,25539862.4254241,1011633.4647594999,25820220.901146498,196676748.1986315,50,0,0
Z3,21,4, 720,19440.0,0.051157,380006.646207,381176.0,1.0,2,8.460356,151090.1566,151090.1566,8454209.695675598,25539862.4254241,1011633.4647594999,25820220.901146498,196676748.1986315,50,0,0
Z3,22,4, 720,29088.0,0.051006,570285.848724,570352.0,1.0,2,8.460356,189145.997104,189145.997104,8454209.695675598,25539862.4254241,1011633.4647594999,25820220.901146498,196676748.1986315,50,0,0
Z3,23,4, 720,29840.0,0.051083,584147.368009,585096.0,1.0,2,8.460356,191918.300961,191918.300961,8454209.695675598,25539862.4254241,1011633.4647594999,25820220.901146498,196676748.1986315,50,0,0
Z3,24,4, 720,17200.0,0.051044,336964.18776,337248.0,1.0,2,8.460356,142481.664911,142481.664911,8454209.695675598,25539862.4254241,1011633.4647594999,25820220.901146498,196676748.1986315,50,0,0
Z3,25,4, 720,25664.0,0.051116,502073.714688,503208.0,1.0,2,8.460356,175503.570296,175503.570296,8454209.695675598,25539862.4254241,1011633.4647594999,25820220.901146498,196676748.1986315,50,0,0
Z3,26,4, 720,26808.0,0.051063,524998.531226,525640.0,1.0,2,8.460356,180088.533604,180088.533604,8454209.695675598,25539862.4254241,1011633.4647594999,25820220.901146498,196676748.1986315,50,0,0
Z3,27,4, 720,17472.0,0.051025,342420.382166,342584.0,1.0,2,8.460356,143572.903792,143572.903792,8454209.695675598,25539862.4254241,1011633.4647594999,25820220.901146498,196676748.1986315,50,0,0
Z3,28,4, 720,6448.0,0.050957,126538.061503,128960.0,1.0,2,8.460356,100396.439659,100396.439659,8454209.695675598,25539862.4254241,1011633.4647594999,25820220.901146498,196676748.1986315,50,0,0
Z3,29,4, 720,7200.0,0.050974,141248.479617,144000.0,1.0,2,8.460356,103338.523282,103338.523282,8454209.695675598,25539862.4254241,1011633.4647594999,25820220.901146498,196676748.1986315,50,0,0
Z3,30,4, 720,7520.0,0.050961,147563.823316,150400.0,1.0,2,8.460356,104601.592022,104601.592022,8454209.695675598,25539862.4254241,1011633.4647594999,25820220.901146498,196676748.1986315,50,0,0
Z3,31,4, 720,6728.0,0.050875,132245.700246,134560.0,1.0,2,8.460356,101537.967408,101537.967408,8454209.695675598,25539862.4254241,1011633.4647594999,25820220.901146498,196676748.1986315,50,0,0
Z3,32,4, 720,7224.0,0.05094,141813.898704,144480.0,1.0,2,8.460356,103451.6071,103451.6071,8454209.695675598,25539862.4254241,1011633.4647594999,25820220.901146498,196676748.1986315,50,0,0
Z3,33,4, 720,7256.0,0.050881,142607.260077,145120.0,1.0,2,8.460356,103610.279374,103610.279374,8454209.695675598,25539862.4254241,1011633.4647594999,25820220.901146498,196676748.1986315,50,0,0
Z3,34,4, 720,6544.0,0.050912,128535.512256,130880.0,1.0,2,8.460356,100795.92981,100795.92981,8454209.695675598,25539862.4254241,1011633.4647594999,25820220.901146498,196676748.1986315,50,0,0
Z3,35,4, 720,12272.0,0.050972,240759.63274,245440.0,1.0,2,8.460356,123240.753907,123240.753907,8454209.695675598,25539862.4254241,1011633.4647594999,25820220.901146498,196676748.1986315,50,0,0
Z3,36,4, 720,8544.0,0.050993,167552.409154,170880.0,1.0,2,8.460356,108599.30919,108599.30919,8454209.695675598,25539862.4254241,1011633.4647594999,25820220.901146498,196676748.1986315,50,0,0
Z3,37,4, 720,6424.0,0.050951,126081.921846,128480.0,1.0,2,8.460356,100305.211728,100305.211728,8454209.695675598,25539862.4254241,1011633.4647594999,25820220.901146498,196676748.1986315,50,0,0
Z3,38,4, 720,6872.0,0.050906,134993.910345,137440.0,1.0,2,8.460356,102087.609428,102087.609428,8454209.695675598,25539862.4254241,1011633.4647594999,25820220.901146498,196676748.1986315,50,0,0
Z1,0,5, 720,20272.0,0.17272,117369.152385,117856.0,1.0,2,11.280231,125561.439905,125561.439905,8454209.695675598,25539862.4254241,1011633.4647594999,25820220.901146498,196676748.1986315,50,0,0
Z2,0,5, 720,6624.0,0.173376,38205.980066,38288.0,1.0,2,11.280231,109728.805441,109728.805441,8454209.695675598,25539862.4254241,1011633.4647594999,25820220.901146498,196676748.1986315,50,0,0
Z2,1,5, 720,7616.0,0.050945,149494.552949,152320.0,1.0,2,11.280231,131986.520018,131986.520018,8454209.695675598,25539862.4254241,1011633.4647594999,25820220.901146498,196676748.1986315,50,0,0
Z2,2,5, 720,8792.0,0.050951,172557.947832,175840.0,1.0,2,11.280231,136599.198994,136599.198994,8454209.695675598,25539862.4254241,1011633.4647594999,25820220.901146498,196676748.1986315,50,0,0
Z2,3,5, 720,8816.0,0.050873,173294.281839,176320.0,1.0,2,11.280231,136746.465796,136746.465796,8454209.695675598,25539862.4254241,1011633.4647594999,25820220.901146498,196676748.1986315,50,0,0
Z2,4,5, 720,14976.0,0.051006,293612.516175,293640.0,1.0,2,11.280231,160810.112663,160810.112663,8454209.695675598,25539862.4254241,1011633.4647594999,25820220.901146498,196676748.1986315,50,0,0
Z2,5,5, 720,25312.0,0.050984,496469.480621,506240.0,1.0,2,11.280231,201381.505552,201381.505552,8454209.695675598,25539862.4254241,1011633.4647594999,25820220.901146498,196676748.1986315,50,0,0
Z2,6,5, 720,13208.0,0.050992,259021.022906,264160.0,1.0,2,11.280231,153891.814009,153891.814009,8454209.695675598,25539862.4254241,1011633.4647594999,25820220.901146498,196676748.1986315,50,0,0
Z2,7,5, 720,16320.0,0.051012,319924.723594,320000.0,1.0,2,11.280231,166072.554147,166072.554147,8454209.695675598,25539862.4254241,1011633.4647594999,25820220.901146498,196676748.1986315,50,0,0
Z3,0,5, 720,7712.0,0.173121,44546.877617,44576.0,1.0,2,11.280231,110996.984951,110996.984951,8454209.695675598,25539862.4254241,1011633.4647594999,25820220.901146498,196676748.1986315,50,0,0
Z3,1,5, 720,9624.0,0.051001,188702.18231,188704.0,1.0,2,11.280231,139828.04589,139828.04589,8454209.695675598,25539862.4254241,1011633.4647594999,25820220.901146498,196676748.1986315,50,0,0
Z3,2,5, 720,9096.0,0.051027,178258.568993,178352.0,1.0,2,11.280231,137739.323226,137739.323226,8454209.695675598,25539862.4254241,1011633.4647594999,25820220.901146498,196676748.1986315,50,0,0
Z3,3,5, 720,7632.0,0.050906,149923.388206,152640.0,1.0,2,11.280231,132072.287069,132072.287069,8454209.695675598,25539862.4254241,1011633.4647594999,25820220.901146498,196676748.1986315,50,0,0
Z3,4,5, 720,8304.0,0.050942,163008.912096,166080.0,1.0,2,11.280231,134689.391847,134689.391847,8454209.695675598,25539862.4254241,1011633.4647594999,25820220.901146498,196676748.1986315,50,0,0
Z3,5,5, 720,8504.0,0.051007,166722.214598,166744.0,1.0,2,11.280231,135432.052347,135432.052347,8454209.695675598,25539862.4254241,1011633.4647594999,25820220.901146498,196676748.1986315,50,0,0
Z3,6,5, 720,7384.0,0.050919,145014.631081,147680.0,1.0,2,11.280231,131090.535644,131090.535644,8454209.695675598,25539862.4254241,1011633.4647594999,25820220.901146498,196676748.1986315,50,0,0
Z3,7,5, 720,8968.0,0.051002,175836.241716,175840.0,1.0,2,11.280231,137254.857771,137254.857771,8454209.695675598,25539862.4254241,1011633.4647594999,25820220.901146498,196676748.1986315,50,0,0
Z3,8,5, 720,8912.0,0.050993,174769.085953,178240.0,1.0,2,11.280231,137041.426618,137041.426618,8454209.695675598,25539862.4254241,1011633.4647594999,25820220.901146498,196676748.1986315,50,0,0
Z3,9,5, 720,16688.0,0.051065,326799.177519,327208.0,1.0,2,11.280231,167447.444932,167447.444932,8454209.695675598,25539862.4254241,1011633.4647594999,25820220.901146498,196676748.1986315,50,0,0
Z3,10,5, 720,23832.0,0.051084,466525.72234,467288.0,1.0,2,11.280231,195392.753896,195392.753896,8454209.695675598,25539862.4254241,1011633.4647594999,25820220.901146498,196676748.1986315,50,0,0
Z3,11,5, 720,21144.0,0.051077,413963.231983,414584.0,1.0,2,11.280231,184880.255824,184880.255824,8454209.695675598,25539862.4254241,1011633.4647594999,25820220.901146498,196676748.1986315,50,0,0
Z3,12,5, 720,14272.0,0.051053,279552.621785,279840.0,1.0,2,11.280231,157998.133785,157998.133785,8454209.695675598,25539862.4254241,1011633.4647594999,25820220.901146498,196676748.1986315,50,0,0
Z3,13,5, 720,27640.0,0.051102,540879.026261,541960.0,1.0,2,11.280231,210263.41468,210263.41468,8454209.695675598,25539862.4254241,1011633.4647594999,25820220.901146498,196676748.1986315,50,0,0
Z3,14,5, 720,33288.0,0.051123,651135.496743,652704.0,1.0,2,11.280231,232314.708776,232314.708776,8454209.695675598,25539862.4254241,1011633.4647594999,25820220.901146498,196676748.1986315,50,0,0
Z3,15,5, 720,17576.0,0.050977,344782.941326,351520.0,1.0,2,11.280231,171044.197693,171044.197693,8454209.695675598,25539862.4254241,1011633.4647594999,25820220.901146498,196676748.1986315,50,0,0
Z3,16,5, 720,34872.0,0.051056,683014.728925,683760.0,1.0,2,11.280231,238690.555213,238690.555213,8454209.695675598,25539862.4254241,1011633.4647594999,25820220.901146498,196676748.1986315,50,0,0
Z3,17,5, 720,27336.0,0.051109,534856.874523,536000.0,1.0,2,11.280231,209058.984332,209058.984332,8454209.695675598,25539862.4254241,1011633.4647594999,25820220.901146498,196676748.1986315,50,0,0
Z3,18,5, 720,18312.0,0.051036,358805.549024,359056.0,1.0,2,11.280231,173848.719233,173848.719233,8454209.695675598,25539862.4254241,1011633.4647594999,25820220.901146498,196676748.1986315,50,0,0
Z3,19,5, 720,41432.0,0.051217,808950.153269,812392.0,1.0,2,11.280231,263877.640082,263877.640082,8454209.695675598,25539862.4254241,1011633.4647594999,25820220.901146498,196676748.1986315,50,0,0
Z3,20,5, 720,36760.0,0.05112,719092.331768,720784.0,1.0,2,11.280231,245906.075781,245906.075781,8454209.695675598,25539862.4254241,1011633.4647594999,25820220.901146498,196676748.1986315,50,0,0
Z3,21,5, 720,21272.0,0.051117,416143.357396,417096.0,1.0,2,11.280231,185316.280907,185316.280907,8454209.695675598,25539862.4254241,1011633.4647594999,25820220.901146498,196676748.1986315,50,0,0
Z3,22,5, 720,43464.0,0.051165,849486.953972,852232.0,1.0,2,11.280231,271985.000222,271985.000222,8454209.695675598,25539862.4254241,1011633.4647594999,25820220.901146498,196676748.1986315,50,0,0
Z3,23,5, 720,42000.0,0.051346,817979.978966,823528.0,1.0,2,11.280231,265683.605221,265683.605221,8454209.695675598,25539862.4254241,1011633.4647594999,25820220.901146498,196676748.1986315,50,0,0
Z3,24,5, 720,20304.0,0.05118,396717.467761,398112.0,1.0,2,11.280231,181431.10298,181431.10298,8454209.695675598,25539862.4254241,1011633.4647594999,25820220.901146498,196676748.1986315,50,0,0
Z3,25,5, 720,32736.0,0.051113,640463.287226,641880.0,1.0,2,11.280231,230180.266873,230180.266873,8454209.695675598,25539862.4254241,1011633.4647594999,25820220.901146498,196676748.1986315,50,0,0
Z3,26,5, 720,34608.0,0.051041,678043.141788,678584.0,1.0,2,11.280231,237696.237785,237696.237785,8454209.695675598,25539862.4254241,1011633.4647594999,25820220.901146498,196676748.1986315,50,0,0
Z3,27,5, 720,21272.0,0.05098,417261.671244,425440.0,1.0,2,11.280231,185539.943676,185539.943676,8454209.695675598,25539862.4254241,1011633.4647594999,25820220.901146498,196676748.1986315,50,0,0
Z3,28,5, 720,8752.0,0.050997,171617.93831,175040.0,1.0,2,11.280231,136411.19709,136411.19709,8454209.695675598,25539862.4254241,1011633.4647594999,25820220.901146498,196676748.1986315,50,0,0
Z3,29,5, 720,12760.0,0.051051,249946.132299,250192.0,1.0,2,11.280231,152076.835888,152076.835888,8454209.695675598,25539862.4254241,1011633.4647594999,25820220.901146498,196676748.1986315,50,0,0
Z3,30,5, 720,15440.0,0.051076,302294.619782,302744.0,1.0,2,11.280231,162546.533384,162546.533384,8454209.695675598,25539862.4254241,1011633.4647594999,25820220.901146498,196676748.1986315,50,0,0
Z3,31,5, 720,10000.0,0.051025,195982.361587,196072.0,1.0,2,11.280231,141284.081745,141284.081745,8454209.695675598,25539862.4254241,1011633.4647594999,25820220.901146498,196676748.1986315,50,0,0
Z3,32,5, 720,15200.0,0.051041,297799.807997,298032.0,1.0,2,11.280231,161647.571027,161647.571027,8454209.695675598,25539862.4254241,1011633.4647594999,25820220.901146498,196676748.1986315,50,0,0
Z3,33,5, 720,18352.0,0.050922,360394.328581,367040.0,1.0,2,11.280231,174166.475144,174166.475144,8454209.695675598,25539862.4254241,1011633.4647594999,25820220.901146498,196676748.1986315,50,0,0
Z3,34,5, 720,11224.0,0.050979,220169.089233,224480.0,1.0,2,11.280231,146121.427274,146121.427274,8454209.695675598,25539862.4254241,1011633.4647594999,25820220.901146498,196676748.1986315,50,0,0
Z3,35,5, 720,23240.0,0.051003,455659.471012,455680.0,1.0,2,11.280231,193219.50363,193219.50363,8454209.695675598,25539862.4254241,1011633.4647594999,25820220.901146498,196676748.1986315,50,0,0
Z3,36,5, 720,16824.0,0.051016,329778.892896,329880.0,1.0,2,11.280231,168043.388007,168043.388007,8454209.695675598,25539862.4254241,1011633.4647594999,25820220.901146498,196676748.1986315,50,0,0
Z3,37,5, 720,9680.0,0.050966,189930.54193,193600.0,1.0,2,11.280231,140073.717814,140073.717814,8454209.695675598,25539862.4254241,1011633.4647594999,25820220.901146498,196676748.1986315,50,0,0
Z3,38,5, 720,12888.0,0.051004,252686.063838,252704.0,1.0,2,11.280231,152624.822195,152624.822195,8454209.695675598,25539862.4254241,1011633.4647594999,25820220.901146498,196676748.1986315,50,0,0
Z1,0,6, 720,14912.0,0.172936,86228.431327,86696.0,1.0,2,14.1027,144842.049187,144842.049187,8454209.695675598,25539862.4254241,1011633.4647594999,25820220.901146498,196676748.1986315,50,0,0
Z2,0,6, 720,6624.0,0.173341,38213.694394,38288.0,1.0,2,14.1027,135239.1018,135239.1018,8454209.695675598,25539862.4254241,1011633.4647594999,25820220.901146498,196676748.1986315,50,0,0
Z2,1,6, 720,6768.0,0.050952,132830.89967,135360.0,1.0,2,14.1027,154162.542856,154162.542856,8454209.695675598,25539862.4254241,1011633.4647594999,25820220.901146498,196676748.1986315,50,0,0
Z2,2,6, 720,7488.0,0.051021,146763.097548,146816.0,1.0,2,14.1027,156948.982431,156948.982431,8454209.695675598,25539862.4254241,1011633.4647594999,25820220.901146498,196676748.1986315,50,0,0
Z2,3,6, 720,7752.0,0.050966,152101.400934,155040.0,1.0,2,14.1027,158016.643108,158016.643108,8454209.695675598,25539862.4254241,1011633.4647594999,25820220.901146498,196676748.1986315,50,0,0
Z2,4,6, 720,10768.0,0.051006,211112.418147,211136.0,1.0,2,14.1027,169818.846551,169818.846551,8454209.695675598,25539862.4254241,1011633.4647594999,25820220.901146498,196676748.1986315,50,0,0
Z2,5,6, 720,17456.0,0.050967,342496.124944,349120.0,1.0,2,14.1027,196095.58791,196095.58791,8454209.695675598,25539862.4254241,1011633.4647594999,25820220.901146498,196676748.1986315,50,0,0
Z2,6,6, 720,9568.0,0.050983,187670.399937,191360.0,1.0,2,14.1027,165130.442909,165130.442909,8454209.695675598,25539862.4254241,1011633.4647594999,25820220.901146498,196676748.1986315,50,0,0
Z2,7,6, 720,12800.0,0.050968,251137.968922,256000.0,1.0,2,14.1027,177823.956706,177823.956706,8454209.695675598,25539862.4254241,1011633.4647594999,25820220.901146498,196676748.1986315,50,0,0
Z3,0,6, 720,6760.0,0.173298,39007.951621,39072.0,1.0,2,14.1027,135397.953246,135397.953246,8454209.695675598,25539862.4254241,1011633.4647594999,25820220.901146498,196676748.1986315,50,0,0
Z3,1,6, 720,8320.0,0.050972,163226.869654,166400.0,1.0,2,14.1027,160241.736852,160241.736852,8454209.695675598,25539862.4254241,1011633.4647594999,25820220.901146498,196676748.1986315,50,0,0
Z3,2,6, 720,7800.0,0.051015,152896.206998,152936.0,1.0,2,14.1027,158175.604321,158175.604321,8454209.695675598,25539862.4254241,1011633.4647594999,25820220.901146498,196676748.1986315,50,0,0
Z3,3,6, 720,6928.0,0.051039,135739.336586,135840.0,1.0,2,14.1027,154744.230239,154744.230239,8454209.695675598,25539862.4254241,1011633.4647594999,25820220.901146498,196676748.1986315,50,0,0
Z3,4,6, 720,7472.0,0.050936,146693.890372,149440.0,1.0,2,14.1027,156935.140996,156935.140996,8454209.695675598,25539862.4254241,1011633.4647594999,25820220.901146498,196676748.1986315,50,0,0
Z3,5,6, 720,7416.0,0.051082,145178.340707,145408.0,1.0,2,14.1027,156632.031063,156632.031063,8454209.695675598,25539862.4254241,1011633.4647594999,25820220.901146498,196676748.1986315,50,0,0
Z3,6,6, 720,6760.0,0.051032,132465.903747,132544.0,1.0,2,14.1027,154089.543671,154089.543671,8454209.695675598,25539862.4254241,1011633.4647594999,25820220.901146498,196676748.1986315,50,0,0
Z3,7,6, 720,7600.0,0.050941,149192.202744,152000.0,1.0,2,14.1027,157434.80347,157434.80347,8454209.695675598,25539862.4254241,1011633.4647594999,25820220.901146498,196676748.1986315,50,0,0
Z3,8,6, 720,7600.0,0.050859,149432.745433,152000.0,1.0,2,14.1027,157482.912008,157482.912008,8454209.695675598,25539862.4254241,1011633.4647594999,25820220.901146498,196676748.1986315,50,0,0
Z3,9,6, 720,12912.0,0.050888,253733.689671,258240.0,1.0,2,14.1027,178343.100856,178343.100856,8454209.695675598,25539862.4254241,1011633.4647594999,25820220.901146498,196676748.1986315,50,0,0
Z3,10,6, 720,17552.0,0.051068,343698.597948,344152.0,1.0,2,14.1027,196336.082511,196336.082511,8454209.695675598,25539862.4254241,1011633.4647594999,25820220.901146498,196676748.1986315,50,0,0
Z3,11,6, 720,14968.0,0.051047,293219.97375,293488.0,1.0,2,14.1027,186240.357672,186240.357672,8454209.695675598,25539862.4254241,1011633.4647594999,25820220.901146498,196676748.1986315,50,0,0
Z3,12,6, 720,10336.0,0.050953,202853.61019,206720.0,1.0,2,14.1027,168167.08496,168167.08496,8454209.695675598,25539862.4254241,1011633.4647594999,25820220.901146498,196676748.1986315,50,0,0
Z3,13,6, 720,18344.0,0.050915,360286.752431,366880.0,1.0,2,14.1027,199653.713408,199653.713408,8454209.695675598,25539862.4254241,1011633.4647594999,25820220.901146498,196676748.1986315,50,0,0
Z3,14,6, 720,20456.0,0.051045,400744.441179,401096.0,1.0,2,14.1027,207745.251157,207745.251157,8454209.695675598,25539862.4254241,1011633.4647594999,25820220.901146498,196676748.1986315,50,0,0
Z3,15,6, 720,12480.0,0.051011,244653.114034,244704.0,1.0,2,14.1027,176526.985728,176526.985728,8454209.695675598,25539862.4254241,1011633.4647594999,25820220.901146498,196676748.1986315,50,0,0
Z3,16,6, 720,18912.0,0.051051,370453.076335,370816.0,1.0,2,14.1027,201686.978189,201686.978189,8454209.695675598,25539862.4254241,1011633.4647594999,25820220.901146498,196676748.1986315,50,0,0
Z3,17,6, 720,16112.0,0.050986,316008.316008,322240.0,1.0,2,14.1027,190798.026123,190798.026123,8454209.695675598,25539862.4254241,1011633.4647594999,25820220.901146498,196676748.1986315,50,0,0
Z3,18,6, 720,16088.0,0.051026,315290.244189,315448.0,1.0,2,14.1027,190654.411759,190654.411759,8454209.695675598,25539862.4254241,1011633.4647594999,25820220.901146498,196676748.1986315,50,0,0
Z3,19,6, 720,31984.0,0.051008,627038.895859,627136.0,1.0,2,14.1027,253004.142093,253004.142093,8454209.695675598,25539862.4254241,1011633.4647594999,25820220.901146498,196676748.1986315,50,0,0
Z3,20,6, 720,21472.0,0.051055,420566.056214,421016.0,1.0,2,14.1027,211709.574164,211709.574164,8454209.695675598,25539862.4254241,1011633.4647594999,25820220.901146498,196676748.1986315,50,0,0
Z3,21,6, 720,19320.0,0.05103,378600.823045,378816.0,1.0,2,14.1027,203316.527531,203316.527531,8454209.695675598,25539862.4254241,1011633.4647594999,25820220.901146498,196676748.1986315,50,0,0
Z3,22,6, 720,33040.0,0.051113,646410.89351,647840.0,1.0,2,14.1027,256878.541624,256878.541624,8454209.695675598,25539862.4254241,1011633.4647594999,25820220.901146498,196676748.1986315,50,0,0
Z3,23,6, 720,26472.0,0.051027,518784.173085,519056.0,1.0,2,14.1027,231353.197539,231353.197539,8454209.695675598,25539862.4254241,1011633.4647594999,25820220.901146498,196676748.1986315,50,0,0
Z3,24,6, 720,12984.0,0.050877,255203.726635,259680.0,1.0,2,14.1027,178637.108249,178637.108249,8454209.695675598,25539862.4254241,1011633.4647594999,25820220.901146498,196676748.1986315,50,0,0
Z3,25,6, 720,21128.0,0.051006,414225.77736,414272.0,1.0,2,14.1027,210441.518393,210441.518393,8454209.695675598,25539862.4254241,1011633.4647594999,25820220.901146498,196676748.1986315,50,0,0
Z3,26,6, 720,21576.0,0.051082,422379.703222,423056.0,1.0,2,14.1027,212072.303566,212072.303566,8454209.695675598,25539862.4254241,1011633.4647594999,25820220.901146498,196676748.1986315,50,0,0
Z3,27,6, 720,14376.0,0.051145,281083.194838,281880.0,1.0,2,14.1027,183813.001889,183813.001889,8454209.695675598,25539862.4254241,1011633.4647594999,25820220.901146498,196676748.1986315,50,0,0
Z3,28,6, 720,7048.0,0.050634,139195.007307,140960.0,1.0,2,14.1027,155435.364383,155435.364383,8454209.695675598,25539862.4254241,1011633.4647594999,25820220.901146498,196676748.1986315,50,0,0
Z3,29,6, 720,8656.0,0.050981,169788.744827,173120.0,1.0,2,14.1027,161554.111887,161554.111887,8454209.695675598,25539862.4254241,1011633.4647594999,25820220.901146498,196676748.1986315,50,0,0
Z3,30,6, 720,9488.0,0.051015,185984.514359,186032.0,1.0,2,14.1027,164793.265793,164793.265793,8454209.695675598,25539862.4254241,1011633.4647594999,25820220.901146498,196676748.1986315,50,0,0
Z3,31,6, 720,8424.0,0.050936,165384.011308,168480.0,1.0,2,14.1027,160673.165183,160673.165183,8454209.695675598,25539862.4254241,1011633.4647594999,25820220.901146498,196676748.1986315,50,0,0
Z3,32,6, 720,9328.0,0.050805,183603.975987,186560.0,1.0,2,14.1027,164317.158119,164317.158119,8454209.695675598,25539862.4254241,1011633.4647594999,25820220.901146498,196676748.1986315,50,0,0
Z3,33,6, 720,8680.0,0.050928,170436.694942,173600.0,1.0,2,14.1027,161683.70191,161683.70191,8454209.695675598,25539862.4254241,1011633.4647594999,25820220.901146498,196676748.1986315,50,0,0
Z3,34,6, 720,7160.0,0.050933,140576.836236,143200.0,1.0,2,14.1027,155711.730169,155711.730169,8454209.695675598,25539862.4254241,1011633.4647594999,25820220.901146498,196676748.1986315,50,0,0
Z3,35,6, 720,10360.0,0.050999,203141.238063,207200.0,1.0,2,14.1027,168224.610534,168224.610534,8454209.695675598,25539862.4254241,1011633.4647594999,25820220.901146498,196676748.1986315,50,0,0
Z3,36,6, 720,9048.0,0.051041,177269.254129,177408.0,1.0,2,14.1027,163050.213747,163050.213747,8454209.695675598,25539862.4254241,1011633.4647594999,25820220.901146498,196676748.1986315,50,0,0
Z3,37,6, 720,7176.0,0.050874,141054.369619,143520.0,1.0,2,14.1027,155807.236845,155807.236845,8454209.695675598,25539862.4254241,1011633.4647594999,25820220.901146498,196676748.1986315,50,0,0
Z3,38,6, 720,8768.0,0.050936,172137.58442,175360.0,1.0,2,14.1027,162023.879806,162023.879806,8454209.695675598,25539862.4254241,1011633.4647594999,25820220.901146498,196676748.1986315,50,0,0
Z1,0,7, 720,7408.0,0.171072,43303.404415,43320.0,1.0,2,16.92394,145642.831018,145642.831018,8454209.695675598,25539862.4254241,1011633.4647594999,25820220.901146498,196676748.1986315,50,0,0
Z2,0,7, 720,6624.0,0.17403,38062.403034,38064.0,1.0,2,16.92394,144594.630742,144594.630742,8454209.695675598,25539862.4254241,1011633.4647594999,25820220.901146498,196676748.1986315,50,0,0
Z2,1,7, 720,6792.0,0.050877,133498.437408,135840.0,1.0,2,16.92394,163681.837617,163681.837617,8454209.695675598,25539862.4254241,1011633.4647594999,25820220.901146498,196676748.1986315,50,0,0
Z2,2,7, 720,7464.0,0.051061,146178.100703,146352.0,1.0,2,16.92394,166217.770276,166217.770276,8454209.695675598,25539862.4254241,1011633.4647594999,25820220.901146498,196676748.1986315,50,0,0
Z2,3,7, 720,10144.0,0.051135,198376.845605,198896.0,1.0,2,16.92394,176657.519256,176657.519256,8454209.695675598,25539862.4254241,1011633.4647594999,25820220.901146498,196676748.1986315,50,0,0
Z2,4,7, 720,14352.0,0.050973,281560.82632,287040.0,1.0,2,16.92394,193294.315399,193294.315399,8454209.695675598,25539862.4254241,1011633.4647594999,25820220.901146498,196676748.1986315,50,0,0
Z2,5,7, 720,15008.0,0.051107,293658.402958,294272.0,1.0,2,16.92394,195713.830727,195713.830727,8454209.695675598,25539862.4254241,1011633.4647594999,25820220.901146498,196676748.1986315,50,0,0
Z2,6,7, 720,7168.0,0.051228,139923.479347,140544.0,1.0,2,16.92394,164966.846005,164966.846005,8454209.695675598,25539862.4254241,1011633.4647594999,25820220.901146498,196676748.1986315,50,0,0
Z2,7,7, 720,8160.0,0.05094,160188.457008,163200.0,1.0,2,16.92394,169019.841537,169019.841537,8454209.695675598,25539862.4254241,1011633.4647594999,25820220.901146498,196676748.1986315,50,0,0
Z3,0,7, 720,6656.0,0.173061,38460.427248,38472.0,1.0,2,16.92394,144674.235585,144674.235585,8454209.695675598,25539862.4254241,1011633.4647594999,25820220.901146498,196676748.1986315,50,0,0
Z3,1,7, 720,7664.0,0.050913,150531.29849,153280.0,1.0,2,16.92394,167088.409833,167088.409833,8454209.695675598,25539862.4254241,1011633.4647594999,25820220.901146498,196676748.1986315,50,0,0
Z3,2,7, 720,7664.0,0.050886,150611.170066,153280.0,1.0,2,16.92394,167104.384149,167104.384149,8454209.695675598,25539862.4254241,1011633.4647594999,25820220.901146498,196676748.1986315,50,0,0
Z3,3,7, 720,6920.0,0.050749,136357.366648,138400.0,1.0,2,16.92394,164253.623465,164253.623465,8454209.695675598,25539862.4254241,1011633.4647594999,25820220.901146498,196676748.1986315,50,0,0
Z3,4,7, 720,7504.0,0.050886,147466.886766,150080.0,1.0,2,16.92394,166475.527489,166475.527489,8454209.695675598,25539862.4254241,1011633.4647594999,25820220.901146498,196676748.1986315,50,0,0
Z3,5,7, 720,7480.0,0.050912,146920.17599,149600.0,1.0,2,16.92394,166366.185333,166366.185333,8454209.695675598,25539862.4254241,1011633.4647594999,25820220.901146498,196676748.1986315,50,0,0
Z3,6,7, 720,6728.0,0.050859,132287.304115,134560.0,1.0,2,16.92394,163439.610958,163439.610958,8454209.695675598,25539862.4254241,1011633.4647594999,25820220.901146498,196676748.1986315,50,0,0
Z3,7,7, 720,7632.0,0.050839,150120.970121,152640.0,1.0,2,16.92394,167006.344159,167006.344159,8454209.695675598,25539862.4254241,1011633.4647594999,25820220.901146498,196676748.1986315,50,0,0
Z3,8,7, 720,7392.0,0.050857,145348.72289,147840.0,1.0,2,16.92394,166051.894713,166051.894713,8454209.695675598,25539862.4254241,1011633.4647594999,25820220.901146498,196676748.1986315,50,0,0
Z3,9,7, 720,12800.0,0.050907,251438.898383,256000.0,1.0,2,16.92394,187269.929812,187269.929812,8454209.695675598,25539862.4254241,1011633.4647594999,25820220.901146498,196676748.1986315,50,0,0
Z3,10,7, 720,16760.0,0.050956,328911.217521,335200.0,1.0,2,16.92394,202764.393639,202764.393639,8454209.695675598,25539862.4254241,1011633.4647594999,25820220.901146498,196676748.1986315,50,0,0
Z3,11,7, 720,14104.0,0.050937,276891.061507,282080.0,1.0,2,16.92394,192360.362437,192360.362437,8454209.695675598,25539862.4254241,1011633.4647594999,25820220.901146498,196676748.1986315,50,0,0
Z3,12,7, 720,9704.0,0.050839,190877.082555,194080.0,1.0,2,16.92394,175157.566646,175157.566646,8454209.695675598,25539862.4254241,1011633.4647594999,25820220.901146498,196676748.1986315,50,0,0
Z3,13,7, 720,17248.0,0.050912,338780.641106,344960.0,1.0,2,16.92394,204738.278356,204738.278356,8454209.695675598,25539862.4254241,1011633.4647594999,25820220.901146498,196676748.1986315,50,0,0
Z3,14,7, 720,21552.0,0.051021,422414.299994,422584.0,1.0,2,16.92394,221465.010134,221465.010134,8454209.695675598,25539862.4254241,1011633.4647594999,25820220.901146498,196676748.1986315,50,0,0
Z3,15,7, 720,16688.0,0.050906,327819.903351,333760.0,1.0,2,16.92394,202546.130805,202546.130805,8454209.695675598,25539862.4254241,1011633.4647594999,25820220.901146498,196676748.1986315,50,0,0
Z3,16,7, 720,23312.0,0.051019,456927.811208,457096.0,1.0,2,16.92394,228367.712377,228367.712377,8454209.695675598,25539862.4254241,1011633.4647594999,25820220.901146498,196676748.1986315,50,0,0
Z3,17,7, 720,14952.0,0.050944,293498.743719,299040.0,1.0,2,16.92394,195681.898879,195681.898879,8454209.695675598,25539862.4254241,1011633.4647594999,25820220.901146498,196676748.1986315,50,0,0
Z3,18,7, 720,16856.0,0.050975,330671.897989,337120.0,1.0,2,16.92394,203116.529733,203116.529733,8454209.695675598,25539862.4254241,1011633.4647594999,25820220.901146498,196676748.1986315,50,0,0
Z3,19,7, 720,23928.0,0.051008,469102.885822,469176.0,1.0,2,16.92394,230802.7273,230802.7273,8454209.695675598,25539862.4254241,1011633.4647594999,25820220.901146498,196676748.1986315,50,0,0
Z3,20,7, 720,29544.0,0.051049,578738.075183,579288.0,1.0,2,16.92394,252729.765172,252729.765172,8454209.695675598,25539862.4254241,1011633.4647594999,25820220.901146498,196676748.1986315,50,0,0
Z3,21,7, 720,31920.0,0.051052,625244.84839,625880.0,1.0,2,16.92394,262031.119813,262031.119813,8454209.695675598,25539862.4254241,1011633.4647594999,25820220.901146498,196676748.1986315,50,0,0
Z3,22,7, 720,15096.0,0.050957,296249.779226,301920.0,1.0,2,16.92394,196232.10598,196232.10598,8454209.695675598,25539862.4254241,1011633.4647594999,25820220.901146498,196676748.1986315,50,0,0
Z3,23,7, 720,22296.0,0.051155,435851.822891,437176.0,1.0,2,16.92394,224152.514713,224152.514713,8454209.695675598,25539862.4254241,1011633.4647594999,25820220.901146498,196676748.1986315,50,0,0
Z3,24,7, 720,24272.0,0.051026,475679.065574,475920.0,1.0,2,16.92394,232117.96325,232117.96325,8454209.695675598,25539862.4254241,1011633.4647594999,25820220.901146498,196676748.1986315,50,0,0
Z3,25,7, 720,13368.0,0.050899,262637.772844,267360.0,1.0,2,16.92394,189509.704704,189509.704704,8454209.695675598,25539862.4254241,1011633.4647594999,25820220.901146498,196676748.1986315,50,0,0
Z3,26,7, 720,21768.0,0.050953,427217.239417,435360.0,1.0,2,16.92394,222425.598019,222425.598019,8454209.695675598,25539862.4254241,1011633.4647594999,25820220.901146498,196676748.1986315,50,0,0
Z3,27,7, 720,21680.0,0.050856,426301.714645,433600.0,1.0,2,16.92394,222242.493064,222242.493064,8454209.695675598,25539862.4254241,1011633.4647594999,25820220.901146498,196676748.1986315,50,0,0
Z3,28,7, 720,9672.0,0.050881,190090.603565,193440.0,1.0,2,16.92394,175000.270848,175000.270848,8454209.695675598,25539862.4254241,1011633.4647594999,25820220.901146498,196676748.1986315,50,0,0
Z3,29,7, 720,13368.0,0.050946,262395.477564,267360.0,1.0,2,16.92394,189461.245648,189461.245648,8454209.695675598,25539862.4254241,1011633.4647594999,25820220.901146498,196676748.1986315,50,0,0
Z3,30,7, 720,13424.0,0.050976,263339.610797,268480.0,1.0,2,16.92394,189650.072295,189650.072295,8454209.695675598,25539862.4254241,1011633.4647594999,25820220.901146498,196676748.1986315,50,0,0
Z3,31,7, 720,8064.0,0.050764,158852.730281,161280.0,1.0,2,16.92394,168752.696191,168752.696191,8454209.695675598,25539862.4254241,1011633.4647594999,25820220.901146498,196676748.1986315,50,0,0
Z3,32,7, 720,9424.0,0.050846,185343.979861,188480.0,1.0,2,16.92394,174050.946107,174050.946107,8454209.695675598,25539862.4254241,1011633.4647594999,25820220.901146498,196676748.1986315,50,0,0
Z3,33,7, 720,7368.0,0.050685,145368.452205,147360.0,1.0,2,16.92394,166055.840576,166055.840576,8454209.695675598,25539862.4254241,1011633.4647594999,25820220.901146498,196676748.1986315,50,0,0
Z3,34,7, 720,8792.0,0.050933,172618.930752,175840.0,1.0,2,16.92394,171505.936286,171505.936286,8454209.695675598,25539862.4254241,1011633.4647594999,25820220.901146498,196676748.1986315,50,0,0
Z3,35,7, 720,8568.0,0.050846,168508.830586,171360.0,1.0,2,16.92394,170683.916253,170683.916253,8454209.695675598,25539862.4254241,1011633.4647594999,25820220.901146498,196676748.1986315,50,0,0
Z3,36,7, 720,7064.0,0.05089,138809.196306,141280.0,1.0,2,16.92394,164743.989396,164743.989396,8454209.695675598,25539862.4254241,1011633.4647594999,25820220.901146498,196676748.1986315,50,0,0
Z3,37,7, 720,10104.0,0.050908,198475.681622,202080.0,1.0,2,16.92394,176677.28646,176677.28646,8454209.695675598,25539862.4254241,1011633.4647594999,25820220.901146498,196676748.1986315,50,0,0
Z3,38,7, 720,8640.0,0.050843,169934.897626,172800.0,1.0,2,16.92394,170969.12966,170969.12966,8454209.695675598,25539862.4254241,1011633.4647594999,25820220.901146498,196676748.1986315,50,0,0
Z1,0,8, 720,7744.0,0.170976,45292.906607,45552.0,1.0,2,19.741736,155009.072567,155009.072567,8454209.695675598,25539862.4254241,1011633.4647594999,25820220.901146498,196676748.1986315,50,0,0
Z2,0,8, 720,6624.0,0.173836,38104.880462,38288.0,1.0,2,19.741736,153571.467338,153571.467338,8454209.695675598,25539862.4254241,1011633.4647594999,25820220.901146498,196676748.1986315,50,0,0
Z2,1,8, 720,6968.0,0.05089,136922.774612,139360.0,1.0,2,19.741736,173335.046168,173335.046168,8454209.695675598,25539862.4254241,1011633.4647594999,25820220.901146498,196676748.1986315,50,0,0
Z2,2,8, 720,7968.0,0.051009,156207.728048,156232.0,1.0,2,19.741736,177192.036855,177192.036855,8454209.695675598,25539862.4254241,1011633.4647594999,25820220.901146498,196676748.1986315,50,0,0
Z2,3,8, 720,12752.0,0.051003,250024.508362,250032.0,1.0,2,19.741736,195955.392918,195955.392918,8454209.695675598,25539862.4254241,1011633.4647594999,25820220.901146498,196676748.1986315,50,0,0
Z2,4,8, 720,18720.0,0.051092,366397.870508,367056.0,1.0,2,19.741736,219230.065347,219230.065347,8454209.695675598,25539862.4254241,1011633.4647594999,25820220.901146498,196676748.1986315,50,0,0
Z2,5,8, 720,25648.0,0.050976,503138.731952,512960.0,1.0,2,19.741736,246578.237636,246578.237636,8454209.695675598,25539862.4254241,1011633.4647594999,25820220.901146498,196676748.1986315,50,0,0
Z2,6,8, 720,9784.0,0.050984,191903.342225,195680.0,1.0,2,19.741736,184331.159691,184331.159691,8454209.695675598,25539862.4254241,1011633.4647594999,25820220.901146498,196676748.1986315,50,0,0
Z2,7,8, 720,13192.0,0.051022,258555.13308,258664.0,1.0,2,19.741736,197661.517862,197661.517862,8454209.695675598,25539862.4254241,1011633.4647594999,25820220.901146498,196676748.1986315,50,0,0
Z3,0,8, 720,6768.0,0.173666,38971.358815,39120.0,1.0,2,19.741736,153744.763009,153744.763009,8454209.695675598,25539862.4254241,1011633.4647594999,25820220.901146498,196676748.1986315,50,0,0
Z3,1,8, 720,8032.0,0.050822,158041.792924,160640.0,1.0,2,19.741736,177558.849831,177558.849831,8454209.695675598,25539862.4254241,1011633.4647594999,25820220.901146498,196676748.1986315,50,0,0
Z3,2,8, 720,7872.0,0.050831,154866.125002,157440.0,1.0,2,19.741736,176923.716246,176923.716246,8454209.695675598,25539862.4254241,1011633.4647594999,25820220.901146498,196676748.1986315,50,0,0
Z3,3,8, 720,7024.0,0.050966,137817.368442,140480.0,1.0,2,19.741736,173513.964934,173513.964934,8454209.695675598,25539862.4254241,1011633.4647594999,25820220.901146498,196676748.1986315,50,0,0
Z3,4,8, 720,7816.0,0.050998,153260.912193,156320.0,1.0,2,19.741736,176602.673684,176602.673684,8454209.695675598,25539862.4254241,1011633.4647594999,25820220.901146498,196676748.1986315,50,0,0
Z3,5,8, 720,7936.0,0.050985,155653.623615,158720.0,1.0,2,19.741736,177081.215969,177081.215969,8454209.695675598,25539862.4254241,1011633.4647594999,25820220.901146498,196676748.1986315,50,0,0
Z3,6,8, 720,6928.0,0.051023,135781.902279,135840.0,1.0,2,19.741736,173106.871702,173106.871702,8454209.695675598,25539862.4254241,1011633.4647594999,25820220.901146498,196676748.1986315,50,0,0
Z3,7,8, 720,8048.0,0.050981,157862.733175,160960.0,1.0,2,19.741736,177523.037881,177523.037881,8454209.695675598,25539862.4254241,1011633.4647594999,25820220.901146498,196676748.1986315,50,0,0
Z3,8,8, 720,7664.0,0.050967,150371.80921,153280.0,1.0,2,19.741736,176024.853088,176024.853088,8454209.695675598,25539862.4254241,1011633.4647594999,25820220.901146498,196676748.1986315,50,0,0
Z3,9,8, 720,14248.0,0.050986,279449.260581,284960.0,1.0,2,19.741736,201840.343362,201840.343362,8454209.695675598,25539862.4254241,1011633.4647594999,25820220.901146498,196676748.1986315,50,0,0
Z3,10,8, 720,19448.0,0.0509,382082.514735,388960.0,1.0,2,19.741736,222366.994193,222366.994193,8454209.695675598,25539862.4254241,1011633.4647594999,25820220.901146498,196676748.1986315,50,0,0
Z3,11,8, 720,17344.0,0.050923,340592.659506,346880.0,1.0,2,19.741736,214069.023147,214069.023147,8454209.695675598,25539862.4254241,1011633.4647594999,25820220.901146498,196676748.1986315,50,0,0
Z3,12,8, 720,11952.0,0.050942,234619.763653,239040.0,1.0,2,19.741736,192874.443976,192874.443976,8454209.695675598,25539862.4254241,1011633.4647594999,25820220.901146498,196676748.1986315,50,0,0
Z3,13,8, 720,25224.0,0.051072,493890.977444,494584.0,1.0,2,19.741736,244728.686734,244728.686734,8454209.695675598,25539862.4254241,1011633.4647594999,25820220.901146498,196676748.1986315,50,0,0
Z3,14,8, 720,35992.0,0.050937,706598.346978,719840.0,1.0,2,19.741736,287270.160641,287270.160641,8454209.695675598,25539862.4254241,1011633.4647594999,25820220.901146498,196676748.1986315,50,0,0
Z3,15,8, 720,20016.0,0.051074,391901.946196,392464.0,1.0,2,19.741736,224330.880485,224330.880485,8454209.695675598,25539862.4254241,1011633.4647594999,25820220.901146498,196676748.1986315,50,0,0
Z3,16,8, 720,36432.0,0.050945,715124.153499,728640.0,1.0,2,19.741736,288975.321945,288975.321945,8454209.695675598,25539862.4254241,1011633.4647594999,25820220.901146498,196676748.1986315,50,0,0
Z3,17,8, 720,22472.0,0.050859,441849.033603,449440.0,1.0,2,19.741736,234320.297966,234320.297966,8454209.695675598,25539862.4254241,1011633.4647594999,25820220.901146498,196676748.1986315,50,0,0
Z3,18,8, 720,21736.0,0.050868,427302.036644,434720.0,1.0,2,19.741736,231410.898574,231410.898574,8454209.695675598,25539862.4254241,1011633.4647594999,25820220.901146498,196676748.1986315,50,0,0
Z3,19,8, 720,16848.0,0.050836,331418.679676,336960.0,1.0,2,19.741736,212234.227181,212234.227181,8454209.695675598,25539862.4254241,1011633.4647594999,25820220.901146498,196676748.1986315,50,0,0
Z3,20,8, 720,47160.0,0.051012,924488.355681,924704.0,1.0,2,19.741736,330848.162382,330848.162382,8454209.695675598,25539862.4254241,1011633.4647594999,25820220.901146498,196676748.1986315,50,0,0
Z3,21,8, 720,39472.0,0.051012,773778.718733,773960.0,1.0,2,19.741736,300706.234992,300706.234992,8454209.695675598,25539862.4254241,1011633.4647594999,25820220.901146498,196676748.1986315,50,0,0
Z3,22,8, 720,26968.0,0.050914,529677.495384,539360.0,1.0,2,19.741736,251885.990323,251885.990323,8454209.695675598,25539862.4254241,1011633.4647594999,25820220.901146498,196676748.1986315,50,0,0
Z3,23,8, 720,39776.0,0.050955,780610.342459,795520.0,1.0,2,19.741736,302072.559737,302072.559737,8454209.695675598,25539862.4254241,1011633.4647594999,25820220.901146498,196676748.1986315,50,0,0
Z3,24,8, 720,34992.0,0.050973,686481.078218,699840.0,1.0,2,19.741736,283246.706889,283246.706889,8454209.695675598,25539862.4254241,1011633.4647594999,25820220.901146498,196676748.1986315,50,0,0
Z3,25,8, 720,22464.0,0.05094,440989.399293,449280.0,1.0,2,19.741736,234148.371104,234148.371104,8454209.695675598,25539862.4254241,1011633.4647594999,25820220.901146498,196676748.1986315,50,0,0
Z3,26,8, 720,43144.0,0.051197,842705.627283,845960.0,1.0,2,19.741736,314491.616702,314491.616702,8454209.695675598,25539862.4254241,1011633.4647594999,25820220.901146498,196676748.1986315,50,0,0
Z3,27,8, 720,43672.0,0.0512,852968.75,856312.0,1.0,2,19.741736,316544.241246,316544.241246,8454209.695675598,25539862.4254241,1011633.4647594999,25820220.901146498,196676748.1986315,50,0,0
Z3,28,8, 720,18320.0,0.051017,359095.987612,359208.0,1.0,2,19.741736,217769.688768,217769.688768,8454209.695675598,25539862.4254241,1011633.4647594999,25820220.901146498,196676748.1986315,50,0,0
Z3,29,8, 720,24560.0,0.051015,481427.031265,481568.0,1.0,2,19.741736,242235.897499,242235.897499,8454209.695675598,25539862.4254241,1011633.4647594999,25820220.901146498,196676748.1986315,50,0,0
Z3,30,8, 720,19040.0,0.051007,373282.098535,373328.0,1.0,2,19.741736,220606.910953,220606.910953,8454209.695675598,25539862.4254241,1011633.4647594999,25820220.901146498,196676748.1986315,50,0,0
Z3,31,8, 720,20160.0,0.05092,395915.161037,403200.0,1.0,2,19.741736,225133.523453,225133.523453,8454209.695675598,25539862.4254241,1011633.4647594999,25820220.901146498,196676748.1986315,50,0,0
Z3,32,8, 720,16496.0,0.050979,323584.220954,329920.0,1.0,2,19.741736,210667.335436,210667.335436,8454209.695675598,25539862.4254241,1011633.4647594999,25820220.901146498,196676748.1986315,50,0,0
Z3,33,8, 720,11624.0,0.053798,216067.511803,219320.0,1.0,2,19.741736,189163.993606,189163.993606,8454209.695675598,25539862.4254241,1011633.4647594999,25820220.901146498,196676748.1986315,50,0,0
Z3,34,8, 720,21024.0,0.051076,411621.896781,412232.0,1.0,2,19.741736,228274.870602,228274.870602,8454209.695675598,25539862.4254241,1011633.4647594999,25820220.901146498,196676748.1986315,50,0,0
Z3,35,8, 720,28496.0,0.05113,557324.467045,558744.0,1.0,2,19.741736,257415.384655,257415.384655,8454209.695675598,25539862.4254241,1011633.4647594999,25820220.901146498,196676748.1986315,50,0,0
Z3,36,8, 720,12416.0,0.05093,243785.588062,248320.0,1.0,2,19.741736,194707.608858,194707.608858,8454209.695675598,25539862.4254241,1011633.4647594999,25820220.901146498,196676748.1986315,50,0,0
Z3,37,8, 720,17312.0,0.050983,339564.168448,346240.0,1.0,2,19.741736,213863.324935,213863.324935,8454209.695675598,25539862.4254241,1011633.4647594999,25820220.901146498,196676748.1986315,50,0,0
Z3,38,8, 720,14664.0,0.051051,287242.169595,287528.0,1.0,2,19.741736,203398.925165,203398.925165,8454209.695675598,25539862.4254241,1011633.4647594999,25820220.901146498,196676748.1986315,50,0,0
Z1,0,9, 720,7696.0,0.167301,46000.920497,46080.0,1.0,2,22.564188,185600.327195,185600.327195,8454209.695675598,25539862.4254241,1011633.4647594999,25820220.901146498,196676748.1986315,50,0,0
Z2,0,9, 720,6624.0,0.173257,38232.221498,38288.0,1.0,2,22.564188,184046.587395,184046.587395,8454209.695675598,25539862.4254241,1011633.4647594999,25820220.901146498,196676748.1986315,50,0,0
Z2,1,9, 720,6776.0,0.050895,133136.850378,135520.0,1.0,2,22.564188,203027.513171,203027.513171,8454209.695675598,25539862.4254241,1011633.4647594999,25820220.901146498,196676748.1986315,50,0,0
Z2,2,9, 720,7496.0,0.050967,147075.558695,149920.0,1.0,2,22.564188,205815.254835,205815.254835,8454209.695675598,25539862.4254241,1011633.4647594999,25820220.901146498,196676748.1986315,50,0,0
Z2,3,9, 720,16056.0,0.051029,314644.613847,314816.0,1.0,2,22.564188,239329.065865,239329.065865,8454209.695675598,25539862.4254241,1011633.4647594999,25820220.901146498,196676748.1986315,50,0,0
Z2,4,9, 720,24464.0,0.051006,479629.847469,479680.0,1.0,2,22.564188,272326.11259,272326.11259,8454209.695675598,25539862.4254241,1011633.4647594999,25820220.901146498,196676748.1986315,50,0,0
Z2,5,9, 720,36648.0,0.051035,718095.424709,718584.0,1.0,2,22.564188,320019.228037,320019.228037,8454209.695675598,25539862.4254241,1011633.4647594999,25820220.901146498,196676748.1986315,50,0,0
Z2,6,9, 720,11344.0,0.05092,222780.832679,226880.0,1.0,2,22.564188,220956.309632,220956.309632,8454209.695675598,25539862.4254241,1011633.4647594999,25820220.901146498,196676748.1986315,50,0,0
Z2,7,9, 720,15808.0,0.050939,310331.965684,316160.0,1.0,2,22.564188,238466.536233,238466.536233,8454209.695675598,25539862.4254241,1011633.4647594999,25820220.901146498,196676748.1986315,50,0,0
Z3,0,9, 720,6752.0,0.173889,38829.36816,39024.0,1.0,2,22.564188,184166.016728,184166.016728,8454209.695675598,25539862.4254241,1011633.4647594999,25820220.901146498,196676748.1986315,50,0,0
Z3,1,9, 720,9824.0,0.051004,192612.34413,192624.0,1.0,2,22.564188,214922.611922,214922.611922,8454209.695675598,25539862.4254241,1011633.4647594999,25820220.901146498,196676748.1986315,50,0,0
Z3,2,9, 720,8640.0,0.050991,169441.666176,172800.0,1.0,2,22.564188,210288.476331,210288.476331,8454209.695675598,25539862.4254241,1011633.4647594999,25820220.901146498,196676748.1986315,50,0,0
Z3,3,9, 720,7248.0,0.051,142117.647059,142112.0,1.0,2,22.564188,204823.672508,204823.672508,8454209.695675598,25539862.4254241,1011633.4647594999,25820220.901146498,196676748.1986315,50,0,0
Z3,4,9, 720,8336.0,0.051024,163374.098463,163448.0,1.0,2,22.564188,209074.962788,209074.962788,8454209.695675598,25539862.4254241,1011633.4647594999,25820220.901146498,196676748.1986315,50,0,0
Z3,5,9, 720,9640.0,0.051026,188923.294007,189016.0,1.0,2,22.564188,214184.801897,214184.801897,8454209.695675598,25539862.4254241,1011633.4647594999,25820220.901146498,196676748.1986315,50,0,0
Z3,6,9, 720,10312.0,0.050973,202303.180115,206240.0,1.0,2,22.564188,216860.779119,216860.779119,8454209.695675598,25539862.4254241,1011633.4647594999,25820220.901146498,196676748.1986315,50,0,0
Z3,7,9, 720,21208.0,0.051006,415794.220288,415840.0,1.0,2,22.564188,259558.987153,259558.987153,8454209.695675598,25539862.4254241,1011633.4647594999,25820220.901146498,196676748.1986315,50,0,0
Z3,8,9, 720,8000.0,0.051031,156767.455076,156856.0,1.0,2,22.564188,207753.634111,207753.634111,8454209.695675598,25539862.4254241,1011633.4647594999,25820220.901146498,196676748.1986315,50,0,0
Z3,9,9, 720,16880.0,0.05111,330268.049305,330976.0,1.0,2,22.564188,242453.752957,242453.752957,8454209.695675598,25539862.4254241,1011633.4647594999,25820220.901146498,196676748.1986315,50,0,0
Z3,10,9, 720,23240.0,0.05105,455239.960823,455680.0,1.0,2,22.564188,267448.13526,267448.13526,8454209.695675598,25539862.4254241,1011633.4647594999,25820220.901146498,196676748.1986315,50,0,0
Z3,11,9, 720,21680.0,0.051025,424889.759922,425096.0,1.0,2,22.564188,261378.09508,261378.09508,8454209.695675598,25539862.4254241,1011633.4647594999,25820220.901146498,196676748.1986315,50,0,0
Z3,12,9, 720,16096.0,0.050948,315929.96781,321920.0,1.0,2,22.564188,239586.136658,239586.136658,8454209.695675598,25539862.4254241,1011633.4647594999,25820220.901146498,196676748.1986315,50,0,0
Z3,13,9, 720,39872.0,0.05102,781497.45198,781800.0,1.0,2,22.564188,332699.633492,332699.633492,8454209.695675598,25539862.4254241,1011633.4647594999,25820220.901146498,196676748.1986315,50,0,0
Z3,14,9, 720,46392.0,0.051147,907032.670538,909640.0,1.0,2,22.564188,357806.677203,357806.677203,8454209.695675598,25539862.4254241,1011633.4647594999,25820220.901146498,196676748.1986315,50,0,0
Z3,15,9, 720,26168.0,0.051038,512716.015518,513096.0,1.0,2,22.564188,278943.346199,278943.346199,8454209.695675598,25539862.4254241,1011633.4647594999,25820220.901146498,196676748.1986315,50,0,0
Z3,16,9, 720,48816.0,0.051169,954015.126346,957176.0,1.0,2,22.564188,367203.168365,367203.168365,8454209.695675598,25539862.4254241,1011633.4647594999,25820220.901146498,196676748.1986315,50,0,0
Z3,17,9, 720,38664.0,0.051269,754139.928612,758112.0,1.0,2,22.564188,327228.128818,327228.128818,8454209.695675598,25539862.4254241,1011633.4647594999,25820220.901146498,196676748.1986315,50,0,0
Z3,18,9, 720,26344.0,0.051175,514782.608696,516544.0,1.0,2,22.564188,279356.664835,279356.664835,8454209.695675598,25539862.4254241,1011633.4647594999,25820220.901146498,196676748.1986315,50,0,0
Z3,19,9, 720,19912.0,0.051017,390301.272125,390424.0,1.0,2,22.564188,254460.397521,254460.397521,8454209.695675598,25539862.4254241,1011633.4647594999,25820220.901146498,196676748.1986315,50,0,0
Z3,20,9, 720,61688.0,0.051255,1203550.873086,1209568.0,1.0,2,22.564188,417110.317713,417110.317713,8454209.695675598,25539862.4254241,1011633.4647594999,25820220.901146498,196676748.1986315,50,0,0
Z3,21,9, 720,59200.0,0.051325,1153433.999026,1160784.0,1.0,2,22.564188,407086.942901,407086.942901,8454209.695675598,25539862.4254241,1011633.4647594999,25820220.901146498,196676748.1986315,50,0,0
Z3,22,9, 720,41064.0,0.051111,803427.833539,805176.0,1.0,2,22.564188,337085.709804,337085.709804,8454209.695675598,25539862.4254241,1011633.4647594999,25820220.901146498,196676748.1986315,50,0,0
Z3,23,9, 720,55576.0,0.051154,1086444.852797,1089720.0,1.0,2,22.564188,393689.113655,393689.113655,8454209.695675598,25539862.4254241,1011633.4647594999,25820220.901146498,196676748.1986315,50,0,0
Z3,24,9, 720,50200.0,0.051173,980986.066871,984312.0,1.0,2,22.564188,372597.35647,372597.35647,8454209.695675598,25539862.4254241,1011633.4647594999,25820220.901146498,196676748.1986315,50,0,0
Z3,25,9, 720,30056.0,0.051046,588802.256788,589328.0,1.0,2,22.564188,294160.594453,294160.594453,8454209.695675598,25539862.4254241,1011633.4647594999,25820220.901146498,196676748.1986315,50,0,0
Z3,26,9, 720,59504.0,0.051139,1163573.789085,1166744.0,1.0,2,22.564188,409114.900913,409114.900913,8454209.695675598,25539862.4254241,1011633.4647594999,25820220.901146498,196676748.1986315,50,0,0
Z3,27,9, 720,65232.0,0.051343,1270513.994118,1279056.0,1.0,2,22.564188,430502.941919,430502.941919,8454209.695675598,25539862.4254241,1011633.4647594999,25820220.901146498,196676748.1986315,50,0,0
Z3,28,9, 720,23952.0,0.051059,469104.369455,469640.0,1.0,2,22.564188,270221.016987,270221.016987,8454209.695675598,25539862.4254241,1011633.4647594999,25820220.901146498,196676748.1986315,50,0,0
Z3,29,9, 720,32816.0,0.051074,642518.698359,643448.0,1.0,2,22.564188,304903.882768,304903.882768,8454209.695675598,25539862.4254241,1011633.4647594999,25820220.901146498,196676748.1986315,50,0,0
Z3,30,9, 720,8856.0,0.050907,173964.287819,177120.0,1.0,2,22.564188,211193.00066,211193.00066,8454209.695675598,25539862.4254241,1011633.4647594999,25820220.901146498,196676748.1986315,50,0,0
Z3,31,9, 720,14088.0,0.051019,276132.421255,276232.0,1.0,2,22.564188,231626.627347,231626.627347,8454209.695675598,25539862.4254241,1011633.4647594999,25820220.901146498,196676748.1986315,50,0,0
Z3,32,9, 720,15104.0,0.051004,296133.636578,296152.0,1.0,2,22.564188,235626.870411,235626.870411,8454209.695675598,25539862.4254241,1011633.4647594999,25820220.901146498,196676748.1986315,50,0,0
Z3,33,9, 720,11784.0,0.050996,231076.947212,235680.0,1.0,2,22.564188,222615.532538,222615.532538,8454209.695675598,25539862.4254241,1011633.4647594999,25820220.901146498,196676748.1986315,50,0,0
Z3,34,9, 720,18496.0,0.050982,362794.711859,369920.0,1.0,2,22.564188,248959.085468,248959.085468,8454209.695675598,25539862.4254241,1011633.4647594999,25820220.901146498,196676748.1986315,50,0,0
Z3,35,9, 720,22376.0,0.051074,438109.409876,438744.0,1.0,2,22.564188,264022.025071,264022.025071,8454209.695675598,25539862.4254241,1011633.4647594999,25820220.901146498,196676748.1986315,50,0,0
Z3,36,9, 720,8792.0,0.051119,171990.844891,172392.0,1.0,2,22.564188,210798.312074,210798.312074,8454209.695675598,25539862.4254241,1011633.4647594999,25820220.901146498,196676748.1986315,50,0,0
Z3,37,9, 720,19464.0,0.051062,381183.659081,381640.0,1.0,2,22.564188,252636.874912,252636.874912,8454209.695675598,25539862.4254241,1011633.4647594999,25820220.901146498,196676748.1986315,50,0,0
Z3,38,9, 720,20360.0,0.05098,399372.302864,407200.0,1.0,2,22.564188,256274.603669,256274.603669,8454209.695675598,25539862.4254241,1011633.4647594999,25820220.901146498,196676748.1986315,50,0,0
Z1,0,10, 720,7480.0,0.174761,42801.311505,42984.0,1.0,2,25.384123,214297.653202,214297.653202,8454209.695675598,25539862.4254241,1011633.4647594999,25820220.901146498,196676748.1986315,50,0,0
Z2,0,10, 720,6624.0,0.173983,38072.685262,38288.0,1.0,2,25.384123,213351.927953,213351.927953,8454209.695675598,25539862.4254241,1011633.4647594999,25820220.901146498,196676748.1986315,50,0,0
Z2,1,10, 720,7008.0,0.051035,137317.527187,137408.0,1.0,2,25.384123,233200.896338,233200.896338,8454209.695675598,25539862.4254241,1011633.4647594999,25820220.901146498,196676748.1986315,50,0,0
Z2,2,10, 720,7832.0,0.051044,153436.251078,153568.0,1.0,2,25.384123,236424.641116,236424.641116,8454209.695675598,25539862.4254241,1011633.4647594999,25820220.901146498,196676748.1986315,50,0,0
Z2,3,10, 720,29728.0,0.051177,580885.944858,582896.0,1.0,2,25.384123,321914.579873,321914.579873,8454209.695675598,25539862.4254241,1011633.4647594999,25820220.901146498,196676748.1986315,50,0,0
Z2,4,10, 720,35840.0,0.0511,701369.863014,702744.0,1.0,2,25.384123,346011.363504,346011.363504,8454209.695675598,25539862.4254241,1011633.4647594999,25820220.901146498,196676748.1986315,50,0,0
Z2,5,10, 720,43888.0,0.051104,858797.745773,860544.0,1.0,2,25.384123,377496.940056,377496.940056,8454209.695675598,25539862.4254241,1011633.4647594999,25820220.901146498,196676748.1986315,50,0,0
Z2,6,10, 720,17936.0,0.050982,351810.442901,358720.0,1.0,2,25.384123,276099.479481,276099.479481,8454209.695675598,25539862.4254241,1011633.4647594999,25820220.901146498,196676748.1986315,50,0,0
Z2,7,10, 720,24920.0,0.051069,487967.259982,488624.0,1.0,2,25.384123,303330.842897,303330.842897,8454209.695675598,25539862.4254241,1011633.4647594999,25820220.901146498,196676748.1986315,50,0,0
Z3,0,10, 720,6840.0,0.172638,39620.477531,39760.0,1.0,2,25.384123,213661.486407,213661.486407,8454209.695675598,25539862.4254241,1011633.4647594999,25820220.901146498,196676748.1986315,50,0,0
Z3,1,10, 720,22064.0,0.051082,431932.970518,432624.0,1.0,2,25.384123,292123.985005,292123.985005,8454209.695675598,25539862.4254241,1011633.4647594999,25820220.901146498,196676748.1986315,50,0,0
Z3,2,10, 720,15312.0,0.051052,299929.483664,300232.0,1.0,2,25.384123,265723.287634,265723.287634,8454209.695675598,25539862.4254241,1011633.4647594999,25820220.901146498,196676748.1986315,50,0,0
Z3,3,10, 720,7752.0,0.050948,152155.138573,155040.0,1.0,2,25.384123,236168.418615,236168.418615,8454209.695675598,25539862.4254241,1011633.4647594999,25820220.901146498,196676748.1986315,50,0,0
Z3,4,10, 720,11432.0,0.050989,224205.220734,228640.0,1.0,2,25.384123,250578.435048,250578.435048,8454209.695675598,25539862.4254241,1011633.4647594999,25820220.901146498,196676748.1986315,50,0,0
Z3,5,10, 720,17232.0,0.051128,337036.457518,337880.0,1.0,2,25.384123,273144.682405,273144.682405,8454209.695675598,25539862.4254241,1011633.4647594999,25820220.901146498,196676748.1986315,50,0,0
Z3,6,10, 720,23328.0,0.051003,457384.859714,457408.0,1.0,2,25.384123,297214.362844,297214.362844,8454209.695675598,25539862.4254241,1011633.4647594999,25820220.901146498,196676748.1986315,50,0,0
Z3,7,10, 720,18496.0,0.050988,362752.020083,369920.0,1.0,2,25.384123,278287.794918,278287.794918,8454209.695675598,25539862.4254241,1011633.4647594999,25820220.901146498,196676748.1986315,50,0,0
Z3,8,10, 720,7968.0,0.050869,156637.637854,159360.0,1.0,2,25.384123,237064.918472,237064.918472,8454209.695675598,25539862.4254241,1011633.4647594999,25820220.901146498,196676748.1986315,50,0,0
Z3,9,10, 720,19568.0,0.050984,383806.68445,391360.0,1.0,2,25.384123,282498.727791,282498.727791,8454209.695675598,25539862.4254241,1011633.4647594999,25820220.901146498,196676748.1986315,50,0,0
Z3,10,10, 720,36064.0,0.051134,705284.155357,707136.0,1.0,2,25.384123,346794.221972,346794.221972,8454209.695675598,25539862.4254241,1011633.4647594999,25820220.901146498,196676748.1986315,50,0,0
Z3,11,10, 720,29248.0,0.051008,573400.250941,573488.0,1.0,2,25.384123,320417.441089,320417.441089,8454209.695675598,25539862.4254241,1011633.4647594999,25820220.901146498,196676748.1986315,50,0,0
Z3,12,10, 720,24216.0,0.051061,474256.281702,474816.0,1.0,2,25.384123,300588.647241,300588.647241,8454209.695675598,25539862.4254241,1011633.4647594999,25820220.901146498,196676748.1986315,50,0,0
Z3,13,10, 720,54424.0,0.051388,1059079.940842,1067136.0,1.0,2,25.384123,417553.379069,417553.379069,8454209.695675598,25539862.4254241,1011633.4647594999,25820220.901146498,196676748.1986315,50,0,0
Z3,14,10, 720,56832.0,0.051017,1113981.613972,1114352.0,1.0,2,25.384123,428533.713695,428533.713695,8454209.695675598,25539862.4254241,1011633.4647594999,25820220.901146498,196676748.1986315,50,0,0
Z3,15,10, 720,29576.0,0.051041,579455.731667,579920.0,1.0,2,25.384123,321628.537234,321628.537234,8454209.695675598,25539862.4254241,1011633.4647594999,25820220.901146498,196676748.1986315,50,0,0
Z3,16,10, 720,52328.0,0.051065,1024733.183198,1026032.0,1.0,2,25.384123,410684.027541,410684.027541,8454209.695675598,25539862.4254241,1011633.4647594999,25820220.901146498,196676748.1986315,50,0,0
Z3,17,10, 720,52840.0,0.051184,1032353.860581,1036072.0,1.0,2,25.384123,412208.163017,412208.163017,8454209.695675598,25539862.4254241,1011633.4647594999,25820220.901146498,196676748.1986315,50,0,0
Z3,18,10, 720,35136.0,0.051107,687498.777076,688936.0,1.0,2,25.384123,343237.146316,343237.146316,8454209.695675598,25539862.4254241,1011633.4647594999,25820220.901146498,196676748.1986315,50,0,0
Z3,19,10, 720,23160.0,0.050935,454697.163051,463200.0,1.0,2,25.384123,296676.823511,296676.823511,8454209.695675598,25539862.4254241,1011633.4647594999,25820220.901146498,196676748.1986315,50,0,0
Z3,20,10, 720,77048.0,0.051244,1503551.635313,1510744.0,1.0,2,25.384123,506447.717964,506447.717964,8454209.695675598,25539862.4254241,1011633.4647594999,25820220.901146498,196676748.1986315,50,0,0
Z3,21,10, 720,68968.0,0.051167,1347900.013681,1352312.0,1.0,2,25.384123,475317.393637,475317.393637,8454209.695675598,25539862.4254241,1011633.4647594999,25820220.901146498,196676748.1986315,50,0,0
Z3,22,10, 720,52224.0,0.051103,1021936.089858,1024000.0,1.0,2,25.384123,410124.608872,410124.608872,8454209.695675598,25539862.4254241,1011633.4647594999,25820220.901146498,196676748.1986315,50,0,0
Z3,23,10, 720,76384.0,0.051393,1486272.449555,1497720.0,1.0,2,25.384123,502991.880812,502991.880812,8454209.695675598,25539862.4254241,1011633.4647594999,25820220.901146498,196676748.1986315,50,0,0
Z3,24,10, 720,57512.0,0.051093,1125633.648445,1127680.0,1.0,2,25.384123,430864.12059,430864.12059,8454209.695675598,25539862.4254241,1011633.4647594999,25820220.901146498,196676748.1986315,50,0,0
Z3,25,10, 720,35600.0,0.051062,697191.649367,698032.0,1.0,2,25.384123,345175.720774,345175.720774,8454209.695675598,25539862.4254241,1011633.4647594999,25820220.901146498,196676748.1986315,50,0,0
Z3,26,10, 720,72816.0,0.051171,1422993.492408,1427760.0,1.0,2,25.384123,490336.089382,490336.089382,8454209.695675598,25539862.4254241,1011633.4647594999,25820220.901146498,196676748.1986315,50,0,0
Z3,27,10, 720,93600.0,0.051252,1826270.194334,1835288.0,1.0,2,25.384123,570991.429768,570991.429768,8454209.695675598,25539862.4254241,1011633.4647594999,25820220.901146498,196676748.1986315,50,0,0
Z3,28,10, 720,23040.0,0.050982,451924.208544,460800.0,1.0,2,25.384123,296122.23261,296122.23261,8454209.695675598,25539862.4254241,1011633.4647594999,25820220.901146498,196676748.1986315,50,0,0
Z3,29,10, 720,35840.0,0.050979,703034.582867,716800.0,1.0,2,25.384123,346344.307474,346344.307474,8454209.695675598,25539862.4254241,1011633.4647594999,25820220.901146498,196676748.1986315,50,0,0
Z3,30,10, 720,13072.0,0.050949,256570.295786,261440.0,1.0,2,25.384123,257051.450058,257051.450058,8454209.695675598,25539862.4254241,1011633.4647594999,25820220.901146498,196676748.1986315,50,0,0
Z3,31,10, 720,20608.0,0.05095,404474.975466,412160.0,1.0,2,25.384123,286632.385994,286632.385994,8454209.695675598,25539862.4254241,1011633.4647594999,25820220.901146498,196676748.1986315,50,0,0
Z3,32,10, 720,22584.0,0.051071,442207.90664,442816.0,1.0,2,25.384123,294178.972229,294178.972229,8454209.695675598,25539862.4254241,1011633.4647594999,25820220.901146498,196676748.1986315,50,0,0
Z3,33,10, 720,14712.0,0.051023,288340.5523,288464.0,1.0,2,25.384123,263405.501361,263405.501361,8454209.695675598,25539862.4254241,1011633.4647594999,25820220.901146498,196676748.1986315,50,0,0
Z3,34,10, 720,20512.0,0.051061,401715.595073,402192.0,1.0,2,25.384123,286080.509915,286080.509915,8454209.695675598,25539862.4254241,1011633.4647594999,25820220.901146498,196676748.1986315,50,0,0
Z3,35,10, 720,17992.0,0.051091,352155.957018,352784.0,1.0,2,25.384123,276168.582305,276168.582305,8454209.695675598,25539862.4254241,1011633.4647594999,25820220.901146498,196676748.1986315,50,0,0
Z3,36,10, 720,11464.0,0.051042,224599.349555,224784.0,1.0,2,25.384123,250657.260812,250657.260812,8454209.695675598,25539862.4254241,1011633.4647594999,25820220.901146498,196676748.1986315,50,0,0
Z3,37,10, 720,22376.0,0.051106,437835.087857,438744.0,1.0,2,25.384123,293304.408472,293304.408472,8454209.695675598,25539862.4254241,1011633.4647594999,25820220.901146498,196676748.1986315,50,0,0
Z3,38,10, 720,29088.0,0.051117,569047.479312,570352.0,1.0,2,25.384123,319546.886763,319546.886763,8454209.695675598,25539862.4254241,1011633.4647594999,25820220.901146498,196676748.1986315,50,0,0
Z1,0,11, 720,36680.0,0.171703,213624.689143,214496.0,1.0,2,28.211674,327844.307708,327844.307708,8454209.695675598,25539862.4254241,1011633.4647594999,25820220.901146498,196676748.1986315,50,0,0
Z2,0,11, 720,6624.0,0.173857,38100.277815,38288.0,1.0,2,28.211674,292739.425442,292739.425442,8454209.695675598,25539862.4254241,1011633.4647594999,25820220.901146498,196676748.1986315,50,0,0
Z2,1,11, 720,8224.0,0.050999,161258.063884,164480.0,1.0,2,28.211674,317370.982656,317370.982656,8454209.695675598,25539862.4254241,1011633.4647594999,25820220.901146498,196676748.1986315,50,0,0
Z2,2,11, 720,8720.0,0.050941,171178.422096,174400.0,1.0,2,28.211674,319355.054299,319355.054299,8454209.695675598,25539862.4254241,1011633.4647594999,25820220.901146498,196676748.1986315,50,0,0
Z2,3,11, 720,10080.0,0.051056,197430.272642,197640.0,1.0,2,28.211674,324605.424408,324605.424408,8454209.695675598,25539862.4254241,1011633.4647594999,25820220.901146498,196676748.1986315,50,0,0
Z2,4,11, 720,36112.0,0.051144,706084.780228,708072.0,1.0,2,28.211674,426336.325925,426336.325925,8454209.695675598,25539862.4254241,1011633.4647594999,25820220.901146498,196676748.1986315,50,0,0
Z2,5,11, 720,39392.0,0.051044,771726.353734,772392.0,1.0,2,28.211674,439464.640626,439464.640626,8454209.695675598,25539862.4254241,1011633.4647594999,25820220.901146498,196676748.1986315,50,0,0
Z2,6,11, 720,43216.0,0.051195,844144.936029,847368.0,1.0,2,28.211674,453948.357085,453948.357085,8454209.695675598,25539862.4254241,1011633.4647594999,25820220.901146498,196676748.1986315,50,0,0
Z2,7,11, 720,41864.0,0.051173,818087.663416,820856.0,1.0,2,28.211674,448736.902563,448736.902563,8454209.695675598,25539862.4254241,1011633.4647594999,25820220.901146498,196676748.1986315,50,0,0
Z3,0,11, 720,11320.0,0.17279,65513.050524,65808.0,1.0,2,28.211674,298221.979984,298221.979984,8454209.695675598,25539862.4254241,1011633.4647594999,25820220.901146498,196676748.1986315,50,0,0
Z3,1,11, 720,16208.0,0.050944,318153.266332,324160.0,1.0,2,28.211674,348750.023146,348750.023146,8454209.695675598,25539862.4254241,1011633.4647594999,25820220.901146498,196676748.1986315,50,0,0
Z3,2,11, 720,12920.0,0.05093,253681.52366,258400.0,1.0,2,28.211674,335855.674611,335855.674611,8454209.695675598,25539862.4254241,1011633.4647594999,25820220.901146498,196676748.1986315,50,0,0
Z3,3,11, 720,8968.0,0.050798,176542.383558,179360.0,1.0,2,28.211674,320427.846591,320427.846591,8454209.695675598,25539862.4254241,1011633.4647594999,25820220.901146498,196676748.1986315,50,0,0
Z3,4,11, 720,12016.0,0.050844,236330.737157,240320.0,1.0,2,28.211674,332385.517311,332385.517311,8454209.695675598,25539862.4254241,1011633.4647594999,25820220.901146498,196676748.1986315,50,0,0
Z3,5,11, 720,21880.0,0.050995,429061.672713,437600.0,1.0,2,28.211674,370931.704422,370931.704422,8454209.695675598,25539862.4254241,1011633.4647594999,25820220.901146498,196676748.1986315,50,0,0
Z3,6,11, 720,13408.0,0.050996,262922.582163,268160.0,1.0,2,28.211674,337703.886312,337703.886312,8454209.695675598,25539862.4254241,1011633.4647594999,25820220.901146498,196676748.1986315,50,0,0
Z3,7,11, 720,14528.0,0.050971,285024.818034,290560.0,1.0,2,28.211674,342124.333486,342124.333486,8454209.695675598,25539862.4254241,1011633.4647594999,25820220.901146498,196676748.1986315,50,0,0
Z3,8,11, 720,15928.0,0.050941,312675.448067,318560.0,1.0,2,28.211674,347654.459493,347654.459493,8454209.695675598,25539862.4254241,1011633.4647594999,25820220.901146498,196676748.1986315,50,0,0
Z3,9,11, 720,23504.0,0.051006,460808.53233,460856.0,1.0,2,28.211674,377281.076345,377281.076345,8454209.695675598,25539862.4254241,1011633.4647594999,25820220.901146498,196676748.1986315,50,0,0
Z3,10,11, 720,50640.0,0.051317,986807.490695,992936.0,1.0,2,28.211674,482480.868018,482480.868018,8454209.695675598,25539862.4254241,1011633.4647594999,25820220.901146498,196676748.1986315,50,0,0
Z3,11,11, 720,47296.0,0.051099,925575.842971,927368.0,1.0,2,28.211674,470234.538474,470234.538474,8454209.695675598,25539862.4254241,1011633.4647594999,25820220.901146498,196676748.1986315,50,0,0
Z3,12,11, 720,34344.0,0.050978,673702.381419,686880.0,1.0,2,28.211674,419859.846163,419859.846163,8454209.695675598,25539862.4254241,1011633.4647594999,25820220.901146498,196676748.1986315,50,0,0
Z3,13,11, 720,73648.0,0.05112,1440688.5759,1444072.0,1.0,2,28.211674,573257.085059,573257.085059,8454209.695675598,25539862.4254241,1011633.4647594999,25820220.901146498,196676748.1986315,50,0,0
Z3,14,11, 720,59920.0,0.051179,1170792.707947,1174896.0,1.0,2,28.211674,519277.911469,519277.911469,8454209.695675598,25539862.4254241,1011633.4647594999,25820220.901146498,196676748.1986315,50,0,0
Z3,15,11, 720,40664.0,0.051096,795835.290434,797328.0,1.0,2,28.211674,444286.427966,444286.427966,8454209.695675598,25539862.4254241,1011633.4647594999,25820220.901146498,196676748.1986315,50,0,0
Z3,16,11, 720,56880.0,0.051221,1110482.028855,1115288.0,1.0,2,28.211674,507215.775651,507215.775651,8454209.695675598,25539862.4254241,1011633.4647594999,25820220.901146498,196676748.1986315,50,0,0
Z3,17,11, 720,57216.0,0.051088,1119949.890385,1121880.0,1.0,2,28.211674,509109.347956,509109.347956,8454209.695675598,25539862.4254241,1011633.4647594999,25820220.901146498,196676748.1986315,50,0,0
Z3,18,11, 720,28160.0,0.051007,552081.08691,552152.0,1.0,2,28.211674,395535.587261,395535.587261,8454209.695675598,25539862.4254241,1011633.4647594999,25820220.901146498,196676748.1986315,50,0,0
Z3,19,11, 720,76696.0,0.051343,1493796.622714,1503840.0,1.0,2,28.211674,583878.694422,583878.694422,8454209.695675598,25539862.4254241,1011633.4647594999,25820220.901146498,196676748.1986315,50,0,0
Z3,20,11, 720,80520.0,0.051245,1571275.246365,1578816.0,1.0,2,28.211674,599374.419153,599374.419153,8454209.695675598,25539862.4254241,1011633.4647594999,25820220.901146498,196676748.1986315,50,0,0
Z3,21,11, 720,66560.0,0.051205,1299873.059272,1305096.0,1.0,2,28.211674,545093.981734,545093.981734,8454209.695675598,25539862.4254241,1011633.4647594999,25820220.901146498,196676748.1986315,50,0,0
Z3,22,11, 720,77808.0,0.051197,1519776.549407,1525640.0,1.0,2,28.211674,589074.679761,589074.679761,8454209.695675598,25539862.4254241,1011633.4647594999,25820220.901146498,196676748.1986315,50,0,0
Z3,23,11, 720,55056.0,0.051123,1076932.104923,1079528.0,1.0,2,28.211674,500505.790864,500505.790864,8454209.695675598,25539862.4254241,1011633.4647594999,25820220.901146498,196676748.1986315,50,0,0
Z3,24,11, 720,36552.0,0.051052,715975.867743,716704.0,1.0,2,28.211674,428314.543428,428314.543428,8454209.695675598,25539862.4254241,1011633.4647594999,25820220.901146498,196676748.1986315,50,0,0
Z3,25,11, 720,100304.0,0.051282,1955929.95593,1966744.0,1.0,2,28.211674,676305.361065,676305.361065,8454209.695675598,25539862.4254241,1011633.4647594999,25820220.901146498,196676748.1986315,50,0,0
Z3,26,11, 720,133264.0,0.051583,2583486.807669,2613016.0,1.0,2,28.211674,801816.731413,801816.731413,8454209.695675598,25539862.4254241,1011633.4647594999,25820220.901146498,196676748.1986315,50,0,0
Z3,27,11, 720,50760.0,0.051042,994475.138122,995288.0,1.0,2,28.211674,484014.397504,484014.397504,8454209.695675598,25539862.4254241,1011633.4647594999,25820220.901146498,196676748.1986315,50,0,0
Z3,28,11, 720,14528.0,0.050962,285075.154036,290560.0,1.0,2,28.211674,342134.400687,342134.400687,8454209.695675598,25539862.4254241,1011633.4647594999,25820220.901146498,196676748.1986315,50,0,0
Z3,29,11, 720,24392.0,0.051041,477890.323465,478272.0,1.0,2,28.211674,380697.434573,380697.434573,8454209.695675598,25539862.4254241,1011633.4647594999,25820220.901146498,196676748.1986315,50,0,0
Z3,30,11, 720,22216.0,0.051046,435215.296008,435600.0,1.0,2,28.211674,372162.429081,372162.429081,8454209.695675598,25539862.4254241,1011633.4647594999,25820220.901146498,196676748.1986315,50,0,0
Z3,31,11, 720,14368.0,0.050878,282401.037777,287360.0,1.0,2,28.211674,341599.577435,341599.577435,8454209.695675598,25539862.4254241,1011633.4647594999,25820220.901146498,196676748.1986315,50,0,0
Z3,32,11, 720,21288.0,0.050964,417706.616435,425760.0,1.0,2,28.211674,368660.693166,368660.693166,8454209.695675598,25539862.4254241,1011633.4647594999,25820220.901146498,196676748.1986315,50,0,0
Z3,33,11, 720,18544.0,0.050952,363950.384676,370880.0,1.0,2,28.211674,357909.446815,357909.446815,8454209.695675598,25539862.4254241,1011633.4647594999,25820220.901146498,196676748.1986315,50,0,0
Z3,34,11, 720,12272.0,0.050996,240646.325202,245440.0,1.0,2,28.211674,333248.63492,333248.63492,8454209.695675598,25539862.4254241,1011633.4647594999,25820220.901146498,196676748.1986315,50,0,0
Z3,35,11, 720,21736.0,0.050917,426890.822319,434720.0,1.0,2,28.211674,370497.534343,370497.534343,8454209.695675598,25539862.4254241,1011633.4647594999,25820220.901146498,196676748.1986315,50,0,0
Z3,36,11, 720,22688.0,0.051,444862.745098,444856.0,1.0,2,28.211674,374091.918899,374091.918899,8454209.695675598,25539862.4254241,1011633.4647594999,25820220.901146498,196676748.1986315,50,0,0
Z3,37,11, 720,17768.0,0.051032,348173.694937,348392.0,1.0,2,28.211674,354754.108867,354754.108867,8454209.695675598,25539862.4254241,1011633.4647594999,25820220.901146498,196676748.1986315,50,0,0
Z3,38,11, 720,33352.0,0.051061,653179.530366,653960.0,1.0,2,28.211674,415755.275953,415755.275953,8454209.695675598,25539862.4254241,1011633.4647594999,25820220.901146498,196676748.1986315,50,0,0
Z1,0,12, 4K,11144.0,0.171938,64814.060882,65168.0,1.0,2,31.035155,394731.108604,394731.108604,8454209.695675598,25539862.4254241,1011633.4647594999,25820220.901146498,196676748.1986315,50,0,0
Z2,0,12, 1080,6624.0,0.173382,38204.657923,38288.0,1.0,2,31.035155,389409.228012,389409.228012,8454209.695675598,25539862.4254241,1011633.4647594999,25820220.901146498,196676748.1986315,50,0,0
Z2,1,12, 1080,8352.0,0.050993,163787.186477,167040.0,1.0,2,31.035155,414525.733723,414525.733723,8454209.695675598,25539862.4254241,1011633.4647594999,25820220.901146498,196676748.1986315,50,0,0
Z2,2,12, 1080,8680.0,0.050967,170306.27661,173600.0,1.0,2,31.035155,415829.551749,415829.551749,8454209.695675598,25539862.4254241,1011633.4647594999,25820220.901146498,196676748.1986315,50,0,0
Z2,3,12, 1080,33456.0,0.051104,654664.996869,656000.0,1.0,2,31.035155,512701.295801,512701.295801,8454209.695675598,25539862.4254241,1011633.4647594999,25820220.901146498,196676748.1986315,50,0,0
Z2,4,12, 1080,13120.0,0.050995,257280.125503,262400.0,1.0,2,31.035155,433224.321528,433224.321528,8454209.695675598,25539862.4254241,1011633.4647594999,25820220.901146498,196676748.1986315,50,0,0
Z2,5,12, 1080,110384.0,0.10191,1083151.800608,1092904.0,1.0,2,31.035155,598398.656549,598398.656549,8454209.695675598,25539862.4254241,1011633.4647594999,25820220.901146498,196676748.1986315,50,0,0
Z2,6,12, 1080,52208.0,0.051166,1020365.08619,1023680.0,1.0,2,31.035155,585841.313665,585841.313665,8454209.695675598,25539862.4254241,1011633.4647594999,25820220.901146498,196676748.1986315,50,0,0
Z2,7,12, 1080,36216.0,0.051077,709047.124929,710112.0,1.0,2,31.035155,523577.721413,523577.721413,8454209.695675598,25539862.4254241,1011633.4647594999,25820220.901146498,196676748.1986315,50,0,0
Z3,0,12, 720,7896.0,0.172676,45727.257986,45904.0,1.0,2,31.035155,390913.748025,390913.748025,8454209.695675598,25539862.4254241,1011633.4647594999,25820220.901146498,196676748.1986315,50,0,0
Z3,1,12, 720,10520.0,0.050986,206331.149727,210400.0,1.0,2,31.035155,423034.526373,423034.526373,8454209.695675598,25539862.4254241,1011633.4647594999,25820220.901146498,196676748.1986315,50,0,0
Z3,2,12, 720,20088.0,0.051047,393519.697534,393880.0,1.0,2,31.035155,460472.235934,460472.235934,8454209.695675598,25539862.4254241,1011633.4647594999,25820220.901146498,196676748.1986315,50,0,0
Z3,3,12, 720,10320.0,0.05106,202115.158637,202352.0,1.0,2,31.035155,422191.328155,422191.328155,8454209.695675598,25539862.4254241,1011633.4647594999,25820220.901146498,196676748.1986315,50,0,0
Z3,4,12, 720,12664.0,0.051089,247881.148584,248312.0,1.0,2,31.035155,431344.526144,431344.526144,8454209.695675598,25539862.4254241,1011633.4647594999,25820220.901146498,196676748.1986315,50,0,0
Z3,5,12, 720,15440.0,0.051076,302294.619782,302744.0,1.0,2,31.035155,442227.220384,442227.220384,8454209.695675598,25539862.4254241,1011633.4647594999,25820220.901146498,196676748.1986315,50,0,0
Z3,6,12, 720,7712.0,0.051058,151043.910846,151208.0,1.0,2,31.035155,411977.078597,411977.078597,8454209.695675598,25539862.4254241,1011633.4647594999,25820220.901146498,196676748.1986315,50,0,0
Z3,7,12, 720,10120.0,0.051055,198217.608461,198424.0,1.0,2,31.035155,421411.81812,421411.81812,8454209.695675598,25539862.4254241,1011633.4647594999,25820220.901146498,196676748.1986315,50,0,0
Z3,8,12, 720,7576.0,0.051039,148435.5101,148544.0,1.0,2,31.035155,411455.398447,411455.398447,8454209.695675598,25539862.4254241,1011633.4647594999,25820220.901146498,196676748.1986315,50,0,0
Z3,9,12, 720,24720.0,0.051049,484240.63155,484704.0,1.0,2,31.035155,478616.422737,478616.422737,8454209.695675598,25539862.4254241,1011633.4647594999,25820220.901146498,196676748.1986315,50,0,0
Z3,10,12, 720,60536.0,0.051269,1180752.501512,1186976.0,1.0,2,31.035155,617918.79673,617918.79673,8454209.695675598,25539862.4254241,1011633.4647594999,25820220.901146498,196676748.1986315,50,0,0
Z3,11,12, 720,65616.0,0.051256,1280162.32246,1286584.0,1.0,2,31.035155,637800.760919,637800.760919,8454209.695675598,25539862.4254241,1011633.4647594999,25820220.901146498,196676748.1986315,50,0,0
Z3,12,12, 720,38936.0,0.051127,761554.560213,763448.0,1.0,2,31.035155,534079.20847,534079.20847,8454209.695675598,25539862.4254241,1011633.4647594999,25820220.901146498,196676748.1986315,50,0,0
Z3,13,12, 720,87896.0,0.051468,1707779.591202,1723448.0,1.0,2,31.035155,723324.214668,723324.214668,8454209.695675598,25539862.4254241,1011633.4647594999,25820220.901146498,196676748.1986315,50,0,0
Z3,14,12, 720,78296.0,0.051424,1522557.560672,1535208.0,1.0,2,31.035155,686279.808562,686279.808562,8454209.695675598,25539862.4254241,1011633.4647594999,25820220.901146498,196676748.1986315,50,0,0
Z3,15,12, 720,45720.0,0.051126,894261.236944,896464.0,1.0,2,31.035155,560620.543816,560620.543816,8454209.695675598,25539862.4254241,1011633.4647594999,25820220.901146498,196676748.1986315,50,0,0
Z3,16,12, 720,82616.0,0.051339,1609224.955687,1619920.0,1.0,2,31.035155,703613.287565,703613.287565,8454209.695675598,25539862.4254241,1011633.4647594999,25820220.901146498,196676748.1986315,50,0,0
Z3,17,12, 720,109704.0,0.05147,2131416.359044,2151056.0,1.0,2,31.035155,808051.568236,808051.568236,8454209.695675598,25539862.4254241,1011633.4647594999,25820220.901146498,196676748.1986315,50,0,0
Z3,18,12, 720,36544.0,0.051129,714741.144947,716544.0,1.0,2,31.035155,524716.525417,524716.525417,8454209.695675598,25539862.4254241,1011633.4647594999,25820220.901146498,196676748.1986315,50,0,0
Z3,19,12, 720,28840.0,0.051205,563226.247437,565488.0,1.0,2,31.035155,494413.545915,494413.545915,8454209.695675598,25539862.4254241,1011633.4647594999,25820220.901146498,196676748.1986315,50,0,0
Z3,20,12, 720,75104.0,0.051285,1464443.794482,1472624.0,1.0,2,31.035155,674657.055324,674657.055324,8454209.695675598,25539862.4254241,1011633.4647594999,25820220.901146498,196676748.1986315,50,0,0
Z3,21,12, 720,96504.0,0.051404,1877363.62929,1892232.0,1.0,2,31.035155,757241.022285,757241.022285,8454209.695675598,25539862.4254241,1011633.4647594999,25820220.901146498,196676748.1986315,50,0,0
Z3,22,12, 720,42960.0,0.051184,839324.788997,842352.0,1.0,2,31.035155,549633.254227,549633.254227,8454209.695675598,25539862.4254241,1011633.4647594999,25820220.901146498,196676748.1986315,50,0,0
Z3,23,12, 720,68064.0,0.051215,1328985.648736,1334584.0,1.0,2,31.035155,647565.426175,647565.426175,8454209.695675598,25539862.4254241,1011633.4647594999,25820220.901146498,196676748.1986315,50,0,0
Z3,24,12, 720,50352.0,0.051193,983571.972731,987288.0,1.0,2,31.035155,578482.690973,578482.690973,8454209.695675598,25539862.4254241,1011633.4647594999,25820220.901146498,196676748.1986315,50,0,0
Z3,25,12, 720,31856.0,0.051604,617316.487094,624624.0,1.0,2,31.035155,505231.593846,505231.593846,8454209.695675598,25539862.4254241,1011633.4647594999,25820220.901146498,196676748.1986315,50,0,0
Z3,26,12, 720,130312.0,0.051636,2523665.659617,2555136.0,1.0,2,31.035155,886501.428351,886501.428351,8454209.695675598,25539862.4254241,1011633.4647594999,25820220.901146498,196676748.1986315,50,0,0
Z3,27,12, 720,138080.0,0.051732,2669140.957241,2707448.0,1.0,2,31.035155,915596.487876,915596.487876,8454209.695675598,25539862.4254241,1011633.4647594999,25820220.901146498,196676748.1986315,50,0,0
Z3,28,12, 720,62000.0,0.051125,1212713.93643,1215680.0,1.0,2,31.035155,624311.083713,624311.083713,8454209.695675598,25539862.4254241,1011633.4647594999,25820220.901146498,196676748.1986315,50,0,0
Z3,29,12, 720,77544.0,0.051294,1511755.760908,1520464.0,1.0,2,31.035155,684119.448609,684119.448609,8454209.695675598,25539862.4254241,1011633.4647594999,25820220.901146498,196676748.1986315,50,0,0
Z3,30,12, 720,14080.0,0.05104,275862.068966,276072.0,1.0,2,31.035155,436940.71022,436940.71022,8454209.695675598,25539862.4254241,1011633.4647594999,25820220.901146498,196676748.1986315,50,0,0
Z3,31,12, 720,21056.0,0.050962,413170.5977,421120.0,1.0,2,31.035155,464402.415967,464402.415967,8454209.695675598,25539862.4254241,1011633.4647594999,25820220.901146498,196676748.1986315,50,0,0
Z3,32,12, 720,21064.0,0.05101,412938.639482,413016.0,1.0,2,31.035155,464356.024324,464356.024324,8454209.695675598,25539862.4254241,1011633.4647594999,25820220.901146498,196676748.1986315,50,0,0
Z3,33,12, 720,16432.0,0.051014,322107.656722,322192.0,1.0,2,31.035155,446189.827772,446189.827772,8454209.695675598,25539862.4254241,1011633.4647594999,25820220.901146498,196676748.1986315,50,0,0
Z3,34,12, 720,26024.0,0.05105,509774.730656,510272.0,1.0,2,31.035155,483723.242559,483723.242559,8454209.695675598,25539862.4254241,1011633.4647594999,25820220.901146498,196676748.1986315,50,0,0
Z3,35,12, 720,25696.0,0.051059,503260.93343,503840.0,1.0,2,31.035155,482420.483113,482420.483113,8454209.695675598,25539862.4254241,1011633.4647594999,25820220.901146498,196676748.1986315,50,0,0
Z3,36,12, 720,13400.0,0.051017,262657.545524,262744.0,1.0,2,31.035155,434299.805532,434299.805532,8454209.695675598,25539862.4254241,1011633.4647594999,25820220.901146498,196676748.1986315,50,0,0
Z3,37,12, 720,31112.0,0.051062,609298.499863,610032.0,1.0,2,31.035155,503627.9964,503627.9964,8454209.695675598,25539862.4254241,1011633.4647594999,25820220.901146498,196676748.1986315,50,0,0
Z3,38,12, 720,34872.0,0.051119,682172.968955,683760.0,1.0,2,31.035155,518202.890218,518202.890218,8454209.695675598,25539862.4254241,1011633.4647594999,25820220.901146498,196676748.1986315,50,0,0
