Zone, Tile_no, Seg_no, Reso, Seg_d_size, Seg_d_time, Bitrate, Bitrate1, Buf_lev, Buf_limit, Elapsed, Ref_vp, Local_avg
Z1, 0, 1, 720, 9960.000000, 0.018374, 542070.316752, 553328.000000, 1.000000, 2, 0.000058, 542070.316752, 542070.316752
Z2, 0, 1, 720, 8952.000000, 0.019906, 449713.654175, 471152.000000, 1.000000, 2, 0.000058, 224856.827087, 224856.827087
Z2, 1, 1, 720, 5424.000000, 0.000801, 6771535.580524, 5424000.000000, 1.000000, 2, 0.000058, 2257178.526841, 2257178.526841
Z2, 2, 1, 720, 7080.000000, 0.000848, 8349056.603774, 7080000.000000, 1.000000, 2, 0.000058, 2087264.150943, 2087264.150943
Z2, 3, 1, 720, 18976.000000, 0.001221, 15541359.541360, 18976000.000000, 1.000000, 2, 0.000058, 3108271.908272, 3108271.908272
Z2, 4, 1, 720, 8720.000000, 0.000943, 9247083.775186, 8720000.000000, 1.000000, 2, 0.000058, 1849416.755037, 1849416.755037
Z2, 5, 1, 720, 8336.000000, 0.000939, 8877529.286475, 8336000.000000, 1.000000, 2, 0.000058, 1775505.857295, 1775505.857295
Z2, 6, 1, 720, 6376.000000, 0.000793, 8040353.089533, 6376000.000000, 1.000000, 2, 0.000058, 1608070.617907, 1608070.617907
Z2, 7, 1, 720, 6872.000000, 0.000869, 7907940.161105, 6872000.000000, 1.000000, 2, 0.000058, 1581588.032221, 1581588.032221
Z3, 0, 1, 720, 7080.000000, 0.025014, 283041.496762, 283200.000000, 1.000000, 2, 0.000058, 56608.299352, 56608.299352
Z3, 1, 1, 720, 7080.000000, 0.000860, 8232558.139535, 7080000.000000, 1.000000, 2, 0.000058, 1646511.627907, 1646511.627907
Z3, 2, 1, 720, 5664.000000, 0.000837, 6767025.089606, 5664000.000000, 1.000000, 2, 0.000058, 1353405.017921, 1353405.017921
Z3, 3, 1, 720, 7080.000000, 0.000931, 7604726.100967, 7080000.000000, 1.000000, 2, 0.000058, 1520945.220193, 1520945.220193
Z3, 4, 1, 720, 7080.000000, 0.000768, 9218750.000000, 7080000.000000, 1.000000, 2, 0.000058, 1843750.000000, 1843750.000000
Z3, 5, 1, 720, 5664.000000, 0.000955, 5930890.052356, 5664000.000000, 1.000000, 2, 0.000058, 1186178.010471, 1186178.010471
Z3, 6, 1, 720, 7080.000000, 0.000982, 7209775.967413, 7080000.000000, 1.000000, 2, 0.000058, 1441955.193483, 1441955.193483
Z3, 7, 1, 720, 7080.000000, 0.001055, 6710900.473934, 7080000.000000, 1.000000, 2, 0.000058, 1342180.094787, 1342180.094787
Z3, 8, 1, 720, 5664.000000, 0.000842, 6726840.855107, 5664000.000000, 1.000000, 2, 0.000058, 1345368.171021, 1345368.171021
Z3, 9, 1, 720, 7080.000000, 0.000830, 8530120.481928, 7080000.000000, 1.000000, 2, 0.000058, 1706024.096386, 1706024.096386
Z3, 10, 1, 720, 12904.000000, 0.000917, 14071973.827699, 12904000.000000, 1.000000, 2, 0.000058, 2814394.765540, 2814394.765540
Z3, 11, 1, 720, 17344.000000, 0.001017, 17054080.629302, 17344000.000000, 1.000000, 2, 0.000058, 3410816.125860, 3410816.125860
Z3, 12, 1, 720, 16912.000000, 0.000867, 19506343.713956, 16912000.000000, 1.000000, 2, 0.000058, 3901268.742791, 3901268.742791
Z3, 13, 1, 720, 13240.000000, 0.000757, 17490092.470277, 13240000.000000, 1.000000, 2, 0.000058, 3498018.494055, 3498018.494055
Z3, 14, 1, 720, 28328.000000, 0.001041, 27212295.869356, 28328000.000000, 1.000000, 2, 0.000058, 5442459.173871, 5442459.173871
Z3, 15, 1, 720, 30528.000000, 0.000954, 32000000.000000, 30528000.000000, 1.000000, 2, 0.000058, 6400000.000000, 6400000.000000
Z3, 16, 1, 720, 16360.000000, 0.000798, 20501253.132832, 16360000.000000, 1.000000, 2, 0.000058, 4100250.626566, 4100250.626566
Z3, 17, 1, 720, 33216.000000, 0.000927, 35831715.210356, 33216000.000000, 1.000000, 2, 0.000058, 7166343.042071, 7166343.042071
Z3, 18, 1, 720, 28000.000000, 0.000923, 30335861.321777, 28000000.000000, 1.000000, 2, 0.000058, 6067172.264355, 6067172.264355
Z3, 19, 1, 720, 15744.000000, 0.004364, 3607699.358387, 3936000.000000, 1.000000, 2, 0.000058, 721539.871677, 721539.871677
Z3, 20, 1, 720, 16024.000000, 0.000935, 17137967.914439, 16024000.000000, 1.000000, 2, 0.000058, 3427593.582888, 3427593.582888
Z3, 21, 1, 720, 11576.000000, 0.000839, 13797377.830751, 11576000.000000, 1.000000, 2, 0.000058, 2759475.566150, 2759475.566150
Z3, 22, 1, 720, 10816.000000, 0.000971, 11139031.925850, 10816000.000000, 1.000000, 2, 0.000058, 2227806.385170, 2227806.385170
Z3, 23, 1, 720, 13224.000000, 0.001036, 12764478.764479, 13224000.000000, 1.000000, 2, 0.000058, 2552895.752896, 2552895.752896
Z3, 24, 1, 720, 17528.000000, 0.001086, 16139963.167587, 17528000.000000, 1.000000, 2, 0.000058, 3227992.633517, 3227992.633517
Z3, 25, 1, 720, 23824.000000, 0.000990, 24064646.464646, 23824000.000000, 1.000000, 2, 0.000058, 4812929.292929, 4812929.292929
Z3, 26, 1, 720, 11024.000000, 0.000816, 13509803.921569, 11024000.000000, 1.000000, 2, 0.000058, 2701960.784314, 2701960.784314
Z3, 27, 1, 720, 15112.000000, 0.000845, 17884023.668639, 15112000.000000, 1.000000, 2, 0.000058, 3576804.733728, 3576804.733728
Z3, 28, 1, 720, 24552.000000, 0.001054, 23294117.647059, 24552000.000000, 1.000000, 2, 0.000058, 4658823.529412, 4658823.529412
Z3, 29, 1, 720, 10824.000000, 0.000965, 11216580.310881, 10824000.000000, 1.000000, 2, 0.000058, 2243316.062176, 2243316.062176
Z3, 30, 1, 720, 6872.000000, 0.000868, 7917050.691244, 6872000.000000, 1.000000, 2, 0.000058, 1583410.138249, 1583410.138249
Z3, 31, 1, 720, 6872.000000, 0.000883, 7782559.456399, 6872000.000000, 1.000000, 2, 0.000058, 1556511.891280, 1556511.891280
Z3, 32, 1, 720, 6376.000000, 0.000894, 7131991.051454, 6376000.000000, 1.000000, 2, 0.000058, 1426398.210291, 1426398.210291
Z3, 33, 1, 720, 6872.000000, 0.001023, 6717497.556207, 6872000.000000, 1.000000, 2, 0.000058, 1343499.511241, 1343499.511241
Z3, 34, 1, 720, 6872.000000, 0.000751, 9150466.045273, 6872000.000000, 1.000000, 2, 0.000058, 1830093.209055, 1830093.209055
Z3, 35, 1, 720, 6376.000000, 0.000763, 8356487.549148, 6376000.000000, 1.000000, 2, 0.000058, 1671297.509830, 1671297.509830
Z3, 36, 1, 720, 6872.000000, 0.000825, 8329696.969697, 6872000.000000, 1.000000, 2, 0.000058, 1665939.393939, 1665939.393939
Z3, 37, 1, 720, 6872.000000, 0.000813, 8452644.526445, 6872000.000000, 1.000000, 2, 0.000058, 1690528.905289, 1690528.905289
Z3, 38, 1, 720, 6376.000000, 0.000856, 7448598.130841, 6376000.000000, 1.000000, 2, 0.000058, 1489719.626168, 1489719.626168
Z1, 0, 2, 4K, 33112.000000, 0.019153, 1728815.329191, 1742736.000000, 1.886779, 2, 0.113279, 1835482.692006, 1835482.692006
Z2, 0, 2, 4K, 6624.000000, 0.027377, 241954.925668, 245328.000000, 1.886779, 2, 0.113279, 1538110.611302, 1538110.611302
Z2, 1, 2, 4K, 9736.000000, 0.000836, 11645933.014354, 9736000.000000, 1.886779, 2, 0.113279, 3818906.229039, 3818906.229039
Z2, 2, 2, 4K, 9976.000000, 0.000930, 10726881.720430, 9976000.000000, 1.886779, 2, 0.113279, 3635095.970254, 3635095.970254
Z2, 3, 2, 4K, 38152.000000, 0.000840, 45419047.619048, 38152000.000000, 1.886779, 2, 0.113279, 10573529.149978, 10573529.149978
Z2, 4, 2, 4K, 53912.000000, 0.001252, 43060702.875399, 53912000.000000, 1.886779, 2, 0.113279, 10101860.201248, 10101860.201248
Z2, 5, 2, 4K, 24608.000000, 0.000833, 29541416.566627, 24608000.000000, 1.886779, 2, 0.113279, 7398002.939494, 7398002.939494
Z2, 6, 2, 4K, 10280.000000, 0.000814, 12628992.628993, 10280000.000000, 1.886779, 2, 0.113279, 4015518.151967, 4015518.151967
Z2, 7, 2, 4K, 10280.000000, 0.000832, 12355769.230769, 10280000.000000, 1.886779, 2, 0.113279, 3960873.472322, 3960873.472322
Z3, 0, 2, 4K, 9976.000000, 0.025309, 394168.082500, 399040.000000, 1.886779, 2, 0.113279, 1568553.242668, 1568553.242668
Z3, 1, 2, 4K, 9976.000000, 0.000718, 13894150.417827, 9976000.000000, 1.886779, 2, 0.113279, 4268549.709734, 4268549.709734
Z3, 2, 2, 4K, 9976.000000, 0.000946, 10545454.545455, 9976000.000000, 1.886779, 2, 0.113279, 3598810.535259, 3598810.535259
Z3, 3, 2, 4K, 9976.000000, 0.000817, 12210526.315789, 9976000.000000, 1.886779, 2, 0.113279, 3931824.889326, 3931824.889326
Z3, 4, 2, 4K, 9976.000000, 0.000759, 13143610.013175, 9976000.000000, 1.886779, 2, 0.113279, 4118441.628803, 4118441.628803
Z3, 5, 2, 4K, 9976.000000, 0.000706, 14130311.614731, 9976000.000000, 1.886779, 2, 0.113279, 4315781.949114, 4315781.949114
Z3, 6, 2, 4K, 9976.000000, 0.000677, 14735598.227474, 9976000.000000, 1.886779, 2, 0.113279, 4436839.271663, 4436839.271663
Z3, 7, 2, 4K, 9976.000000, 0.000902, 11059866.962306, 9976000.000000, 1.886779, 2, 0.113279, 3701693.018629, 3701693.018629
Z3, 8, 2, 4K, 9976.000000, 0.000896, 11133928.571429, 9976000.000000, 1.886779, 2, 0.113279, 3716505.340454, 3716505.340454
Z3, 9, 2, 4K, 9976.000000, 0.000664, 15024096.385542, 9976000.000000, 1.886779, 2, 0.113279, 4494538.903277, 4494538.903277
Z3, 10, 2, 4K, 40320.000000, 0.000907, 44454244.762955, 40320000.000000, 1.886779, 2, 0.113279, 10380568.578759, 10380568.578759
Z3, 11, 2, 4K, 25056.000000, 0.000821, 30518879.415347, 25056000.000000, 1.886779, 2, 0.113279, 7593495.509238, 7593495.509238
Z3, 12, 2, 4K, 28696.000000, 0.000701, 40935805.991441, 28696000.000000, 1.886779, 2, 0.113279, 9676880.824456, 9676880.824456
Z3, 13, 2, 4K, 25792.000000, 0.001282, 20118564.742590, 25792000.000000, 1.886779, 2, 0.113279, 5513432.574686, 5513432.574686
Z3, 14, 2, 4K, 40168.000000, 0.000907, 44286659.316428, 40168000.000000, 1.886779, 2, 0.113279, 10347051.489454, 10347051.489454
Z3, 15, 2, 4K, 41448.000000, 0.001015, 40835467.980296, 41448000.000000, 1.886779, 2, 0.113279, 9656813.222227, 9656813.222227
Z3, 16, 2, 4K, 44560.000000, 0.000863, 51633835.457706, 44560000.000000, 1.886779, 2, 0.113279, 11816486.717709, 11816486.717709
Z3, 17, 2, 4K, 39312.000000, 0.000880, 44672727.272727, 39312000.000000, 1.886779, 2, 0.113279, 10424265.080714, 10424265.080714
Z3, 18, 2, 4K, 31560.000000, 0.001016, 31062992.125984, 31560000.000000, 1.886779, 2, 0.113279, 7702318.051365, 7702318.051365
Z3, 19, 2, 4K, 29312.000000, 0.000897, 32677814.938685, 29312000.000000, 1.886779, 2, 0.113279, 8025282.613905, 8025282.613905
Z3, 20, 2, 4K, 35968.000000, 0.000772, 46590673.575130, 35968000.000000, 1.886779, 2, 0.113279, 10807854.341194, 10807854.341194
Z3, 21, 2, 4K, 35592.000000, 0.001047, 33994269.340974, 35592000.000000, 1.886779, 2, 0.113279, 8288573.494363, 8288573.494363
Z3, 22, 2, 4K, 42440.000000, 0.001301, 32621060.722521, 42440000.000000, 1.886779, 2, 0.113279, 8013931.770672, 8013931.770672
Z3, 23, 2, 4K, 61624.000000, 0.001132, 54438162.544170, 61624000.000000, 1.886779, 2, 0.113279, 12377352.135002, 12377352.135002
Z3, 24, 2, 4K, 64952.000000, 0.000873, 74400916.380298, 64952000.000000, 1.886779, 2, 0.113279, 16369902.902228, 16369902.902228
Z3, 25, 2, 4K, 73400.000000, 0.000934, 78586723.768737, 73400000.000000, 1.886779, 2, 0.113279, 17207064.379916, 17207064.379916
Z3, 26, 2, 4K, 52792.000000, 0.001061, 49756833.176249, 52792000.000000, 1.886779, 2, 0.113279, 11441086.261418, 11441086.261418
Z3, 27, 2, 4K, 67272.000000, 0.001115, 60333632.286996, 67272000.000000, 1.886779, 2, 0.113279, 13556446.083567, 13556446.083567
Z3, 28, 2, 4K, 64968.000000, 0.001052, 61756653.992395, 64968000.000000, 1.886779, 2, 0.113279, 13841050.424647, 13841050.424647
Z3, 29, 2, 4K, 52408.000000, 0.000855, 61295906.432749, 52408000.000000, 1.886779, 2, 0.113279, 13748900.912718, 13748900.912718
Z3, 30, 2, 4K, 10280.000000, 0.000781, 13162612.035851, 10280000.000000, 1.886779, 2, 0.113279, 4122242.033339, 4122242.033339
Z3, 31, 2, 4K, 10280.000000, 0.000724, 14198895.027624, 10280000.000000, 1.886779, 2, 0.113279, 4329498.631693, 4329498.631693
Z3, 32, 2, 4K, 10280.000000, 0.004461, 2304416.050213, 2570000.000000, 1.886779, 2, 0.113279, 1950602.836211, 1950602.836211
Z3, 33, 2, 4K, 10280.000000, 0.000801, 12833957.553059, 10280000.000000, 1.886779, 2, 0.113279, 4056511.136780, 4056511.136780
Z3, 34, 2, 4K, 10280.000000, 0.001074, 9571694.599628, 10280000.000000, 1.886779, 2, 0.113279, 3404058.546094, 3404058.546094
Z3, 35, 2, 4K, 10280.000000, 0.000820, 12536585.365854, 10280000.000000, 1.886779, 2, 0.113279, 3997036.699339, 3997036.699339
Z3, 36, 2, 4K, 10280.000000, 0.001053, 9762583.095916, 10280000.000000, 1.886779, 2, 0.113279, 3442236.245352, 3442236.245352
Z3, 37, 2, 4K, 10280.000000, 0.000747, 13761713.520750, 10280000.000000, 1.886779, 2, 0.113279, 4242062.330318, 4242062.330318
Z3, 38, 2, 4K, 10280.000000, 0.000793, 12963430.012610, 10280000.000000, 1.886779, 2, 0.113279, 4082405.628690, 4082405.628690
Z1, 0, 3, 4K, 37368.000000, 0.024434, 1529344.356225, 1557000.000000, 1.764473, 2, 0.235585, 4388274.499935, 4388274.499935
Z2, 0, 3, 4K, 6624.000000, 0.019902, 332830.871269, 348624.000000, 1.764473, 2, 0.235585, 4148971.802944, 4148971.802944
Z2, 1, 3, 4K, 9736.000000, 0.000725, 13428965.517241, 9736000.000000, 1.764473, 2, 0.235585, 6768198.732139, 6768198.732139
Z2, 2, 3, 4K, 9976.000000, 0.000796, 12532663.316583, 9976000.000000, 1.764473, 2, 0.235585, 6588938.292007, 6588938.292007
Z2, 3, 3, 4K, 41472.000000, 0.000828, 50086956.521739, 41472000.000000, 1.764473, 2, 0.235585, 14099796.933038, 14099796.933038
Z2, 4, 3, 4K, 64608.000000, 0.001076, 60044609.665428, 64608000.000000, 1.764473, 2, 0.235585, 16091327.561776, 16091327.561776
Z2, 5, 3, 4K, 26312.000000, 0.000811, 32443896.424168, 26312000.000000, 1.764473, 2, 0.235585, 10571184.913524, 10571184.913524
Z2, 6, 3, 4K, 10280.000000, 0.000749, 13724966.622163, 10280000.000000, 1.764473, 2, 0.235585, 6827398.953123, 6827398.953123
Z2, 7, 3, 4K, 10280.000000, 0.000906, 11346578.366446, 10280000.000000, 1.764473, 2, 0.235585, 6351721.301979, 6351721.301979
Z3, 0, 3, 4K, 9976.000000, 0.019450, 512904.884319, 525048.000000, 1.764473, 2, 0.235585, 4184986.605554, 4184986.605554
Z3, 1, 3, 4K, 9976.000000, 0.000791, 12611883.691530, 9976000.000000, 1.764473, 2, 0.235585, 6604782.366996, 6604782.366996
Z3, 2, 3, 4K, 9976.000000, 0.000819, 12180708.180708, 9976000.000000, 1.764473, 2, 0.235585, 6518547.264832, 6518547.264832
Z3, 3, 3, 4K, 9976.000000, 0.001208, 8258278.145695, 9976000.000000, 1.764473, 2, 0.235585, 5734061.257829, 5734061.257829
Z3, 4, 3, 4K, 9976.000000, 0.000943, 10579003.181336, 9976000.000000, 1.764473, 2, 0.235585, 6198206.264958, 6198206.264958
Z3, 5, 3, 4K, 9976.000000, 0.000915, 10902732.240437, 9976000.000000, 1.764473, 2, 0.235585, 6262952.076778, 6262952.076778
Z3, 6, 3, 4K, 9976.000000, 0.000815, 12240490.797546, 9976000.000000, 1.764473, 2, 0.235585, 6530503.788199, 6530503.788199
Z3, 7, 3, 4K, 9976.000000, 0.000922, 10819956.616052, 9976000.000000, 1.764473, 2, 0.235585, 6246396.951901, 6246396.951901
Z3, 8, 3, 4K, 9976.000000, 0.001007, 9906653.426018, 9976000.000000, 1.764473, 2, 0.235585, 6063736.313894, 6063736.313894
Z3, 9, 3, 4K, 9976.000000, 0.001196, 8341137.123746, 9976000.000000, 1.764473, 2, 0.235585, 5750633.053439, 5750633.053439
Z3, 10, 3, 4K, 46944.000000, 0.001249, 37585268.214572, 46944000.000000, 1.764473, 2, 0.235585, 11599459.271605, 11599459.271605
Z3, 11, 3, 4K, 25776.000000, 0.001200, 21480000.000000, 25776000.000000, 1.764473, 2, 0.235585, 8378405.628690, 8378405.628690
Z3, 12, 3, 4K, 29160.000000, 0.000989, 29484327.603640, 29160000.000000, 1.764473, 2, 0.235585, 9979271.149418, 9979271.149418
Z3, 13, 3, 4K, 27488.000000, 0.000982, 27991853.360489, 27488000.000000, 1.764473, 2, 0.235585, 9680776.300788, 9680776.300788
Z3, 14, 3, 4K, 44488.000000, 0.001211, 36736581.337737, 44488000.000000, 1.764473, 2, 0.235585, 11429721.896238, 11429721.896238
Z3, 15, 3, 4K, 39320.000000, 0.001082, 36340110.905730, 39320000.000000, 1.764473, 2, 0.235585, 11350427.809836, 11350427.809836
Z3, 16, 3, 4K, 43888.000000, 0.001034, 42444874.274662, 43888000.000000, 1.764473, 2, 0.235585, 12571380.483623, 12571380.483623
Z3, 17, 3, 4K, 44080.000000, 0.001030, 42796116.504854, 44080000.000000, 1.764473, 2, 0.235585, 12641628.929661, 12641628.929661
Z3, 18, 3, 4K, 34432.000000, 0.001027, 33526777.020448, 34432000.000000, 1.764473, 2, 0.235585, 10787761.032780, 10787761.032780
Z3, 19, 3, 4K, 31336.000000, 0.000914, 34284463.894967, 31336000.000000, 1.764473, 2, 0.235585, 10939298.407684, 10939298.407684
Z3, 20, 3, 4K, 37168.000000, 0.001074, 34607076.350093, 37168000.000000, 1.764473, 2, 0.235585, 11003820.898709, 11003820.898709
Z3, 21, 3, 4K, 36888.000000, 0.000896, 41169642.857143, 36888000.000000, 1.764473, 2, 0.235585, 12316334.200119, 12316334.200119
Z3, 22, 3, 4K, 45448.000000, 0.001175, 38679148.936170, 45448000.000000, 1.764473, 2, 0.235585, 11818235.415924, 11818235.415924
Z3, 23, 3, 4K, 60880.000000, 0.001027, 59279454.722493, 60880000.000000, 1.764473, 2, 0.235585, 15938296.573189, 15938296.573189
Z3, 24, 3, 4K, 64936.000000, 0.001205, 53888796.680498, 64936000.000000, 1.764473, 2, 0.235585, 14860164.964790, 14860164.964790
Z3, 25, 3, 4K, 68152.000000, 0.001167, 58399314.481577, 68152000.000000, 1.764473, 2, 0.235585, 15762268.525006, 15762268.525006
Z3, 26, 3, 4K, 51256.000000, 0.001286, 39856920.684292, 51256000.000000, 1.764473, 2, 0.235585, 12053789.765549, 12053789.765549
Z3, 27, 3, 4K, 77296.000000, 0.001255, 61590438.247012, 77296000.000000, 1.764473, 2, 0.235585, 16400493.278093, 16400493.278093
Z3, 28, 3, 4K, 69656.000000, 0.001141, 61048203.330412, 69656000.000000, 1.764473, 2, 0.235585, 16292046.294773, 16292046.294773
Z3, 29, 3, 4K, 53752.000000, 0.001273, 42224666.142969, 53752000.000000, 1.764473, 2, 0.235585, 12527338.857284, 12527338.857284
Z3, 30, 3, 4K, 10280.000000, 0.000909, 11309130.913091, 10280000.000000, 1.764473, 2, 0.235585, 6344231.811309, 6344231.811309
Z3, 31, 3, 4K, 10280.000000, 0.001029, 9990281.827017, 10280000.000000, 1.764473, 2, 0.235585, 6080461.994094, 6080461.994094
Z3, 32, 3, 4K, 10280.000000, 0.000872, 11788990.825688, 10280000.000000, 1.764473, 2, 0.235585, 6440203.793828, 6440203.793828
Z3, 33, 3, 4K, 10280.000000, 0.001012, 10158102.766798, 10280000.000000, 1.764473, 2, 0.235585, 6114026.182050, 6114026.182050
Z3, 34, 3, 4K, 10280.000000, 0.001027, 10009737.098345, 10280000.000000, 1.764473, 2, 0.235585, 6084353.048359, 6084353.048359
Z3, 35, 3, 4K, 10280.000000, 0.000814, 12628992.628993, 10280000.000000, 1.764473, 2, 0.235585, 6608204.154489, 6608204.154489
Z3, 36, 3, 4K, 10288.000000, 0.000985, 10444670.050761, 10288000.000000, 1.764473, 2, 0.235585, 6171339.638843, 6171339.638843
Z3, 37, 3, 4K, 10280.000000, 0.000729, 14101508.916324, 10280000.000000, 1.764473, 2, 0.235585, 6902707.411955, 6902707.411955
Z3, 38, 3, 4K, 10280.000000, 0.000894, 11498881.431767, 10280000.000000, 1.764473, 2, 0.235585, 6382181.915044, 6382181.915044
Z1, 0, 4, 4K, 78920.000000, 0.021550, 3662180.974478, 3758088.000000, 1.649708, 2, 1.350350, 7114618.109939, 7114618.109939
Z2, 0, 4, 4K, 6624.000000, 0.021857, 303060.804319, 315424.000000, 1.649708, 2, 1.350350, 6442794.075908, 6442794.075908
Z2, 1, 4, 4K, 9856.000000, 0.000914, 10783369.803063, 9856000.000000, 1.649708, 2, 1.350350, 8538855.875656, 8538855.875656
Z2, 2, 4, 4K, 10000.000000, 0.000894, 11185682.326622, 10000000.000000, 1.649708, 2, 1.350350, 8619318.380368, 8619318.380368
Z2, 3, 4, 4K, 61192.000000, 0.001063, 57565380.997178, 61192000.000000, 1.649708, 2, 1.350350, 17895258.114479, 17895258.114479
Z2, 4, 4, 4K, 105968.000000, 0.001537, 68944697.462589, 105968000.000000, 1.649708, 2, 1.350350, 20171121.407562, 20171121.407562
Z2, 5, 4, 4K, 53008.000000, 0.001197, 44284043.441938, 53008000.000000, 1.649708, 2, 1.350350, 15238990.603431, 15238990.603431
Z2, 6, 4, 4K, 17976.000000, 0.000981, 18324159.021407, 17976000.000000, 1.649708, 2, 1.350350, 10047013.719325, 10047013.719325
Z2, 7, 4, 4K, 11688.000000, 0.000952, 12277310.924370, 11688000.000000, 1.649708, 2, 1.350350, 8837644.099918, 8837644.099918
Z3, 0, 4, 4K, 10160.000000, 0.020782, 488884.611683, 508000.000000, 1.649708, 2, 1.350350, 6479958.837380, 6479958.837380
Z3, 1, 4, 4K, 10112.000000, 0.001102, 9176043.557169, 10112000.000000, 1.649708, 2, 1.350350, 8217390.626478, 8217390.626478
Z3, 2, 4, 4K, 10000.000000, 0.000909, 11001100.110011, 10000000.000000, 1.649708, 2, 1.350350, 8582401.937046, 8582401.937046
Z3, 3, 4, 4K, 10000.000000, 0.001035, 9661835.748792, 10000000.000000, 1.649708, 2, 1.350350, 8314549.064802, 8314549.064802
Z3, 4, 4, 4K, 10000.000000, 0.000930, 10752688.172043, 10000000.000000, 1.649708, 2, 1.350350, 8532719.549452, 8532719.549452
Z3, 5, 4, 4K, 10000.000000, 0.000968, 10330578.512397, 10000000.000000, 1.649708, 2, 1.350350, 8448297.617523, 8448297.617523
Z3, 6, 4, 4K, 10400.000000, 0.000996, 10441767.068273, 10400000.000000, 1.649708, 2, 1.350350, 8470535.328698, 8470535.328698
Z3, 7, 4, 4K, 10000.000000, 0.000934, 10706638.115632, 10000000.000000, 1.649708, 2, 1.350350, 8523509.538170, 8523509.538170
Z3, 8, 4, 4K, 10000.000000, 0.000856, 11682242.990654, 10000000.000000, 1.649708, 2, 1.350350, 8718630.513175, 8718630.513175
Z3, 9, 4, 4K, 10016.000000, 0.000828, 12096618.357488, 10016000.000000, 1.649708, 2, 1.350350, 8801505.586541, 8801505.586541
Z3, 10, 4, 4K, 69528.000000, 0.000979, 71019407.558733, 69528000.000000, 1.649708, 2, 1.350350, 20586063.426790, 20586063.426790
Z3, 11, 4, 4K, 50216.000000, 0.001129, 44478299.379982, 50216000.000000, 1.649708, 2, 1.350350, 15277841.791040, 15277841.791040
Z3, 12, 4, 4K, 53360.000000, 0.001010, 52831683.168317, 53360000.000000, 1.649708, 2, 1.350350, 16948518.548707, 16948518.548707
Z3, 13, 4, 4K, 45608.000000, 0.001138, 40077328.646749, 45608000.000000, 1.649708, 2, 1.350350, 14397647.644393, 14397647.644393
Z3, 14, 4, 4K, 88024.000000, 0.001480, 59475675.675676, 88024000.000000, 1.649708, 2, 1.350350, 18277317.050179, 18277317.050179
Z3, 15, 4, 4K, 65880.000000, 0.001083, 60831024.930748, 65880000.000000, 1.649708, 2, 1.350350, 18548386.901193, 18548386.901193
Z3, 16, 4, 4K, 81544.000000, 0.001261, 64666137.985726, 81544000.000000, 1.649708, 2, 1.350350, 19315409.512189, 19315409.512189
Z3, 17, 4, 4K, 79088.000000, 0.001505, 52550166.112957, 79088000.000000, 1.649708, 2, 1.350350, 16892215.137635, 16892215.137635
Z3, 18, 4, 4K, 60616.000000, 0.001361, 44537839.823659, 60616000.000000, 1.649708, 2, 1.350350, 15289749.879776, 15289749.879776
Z3, 19, 4, 4K, 55928.000000, 0.001044, 53570881.226054, 55928000.000000, 1.649708, 2, 1.350350, 17096358.160254, 17096358.160254
Z3, 20, 4, 4K, 60512.000000, 0.001285, 47091050.583658, 60512000.000000, 1.649708, 2, 1.350350, 15800392.031775, 15800392.031775
Z3, 21, 4, 4K, 116408.000000, 0.001502, 77501997.336884, 116408000.000000, 1.649708, 2, 1.350350, 21882581.382421, 21882581.382421
Z3, 22, 4, 4K, 104248.000000, 0.001458, 71500685.871056, 104248000.000000, 1.649708, 2, 1.350350, 20682319.089255, 20682319.089255
Z3, 23, 4, 4K, 138368.000000, 0.001699, 81440847.557387, 138368000.000000, 1.649708, 2, 1.350350, 22670351.426521, 22670351.426521
Z3, 24, 4, 4K, 139408.000000, 0.001421, 98105559.465165, 139408000.000000, 1.649708, 2, 1.350350, 26003293.808077, 26003293.808077
Z3, 25, 4, 4K, 141032.000000, 0.001386, 101754689.754690, 141032000.000000, 1.649708, 2, 1.350350, 26733119.865982, 26733119.865982
Z3, 26, 4, 4K, 125672.000000, 0.001462, 85958960.328317, 125672000.000000, 1.649708, 2, 1.350350, 23573973.980707, 23573973.980707
Z3, 27, 4, 4K, 147320.000000, 0.001512, 97433862.433862, 147320000.000000, 1.649708, 2, 1.350350, 25868954.401816, 25868954.401816
Z3, 28, 4, 4K, 120984.000000, 0.001482, 81635627.530364, 120984000.000000, 1.649708, 2, 1.350350, 22709307.421117, 22709307.421117
Z3, 29, 4, 4K, 87456.000000, 0.001476, 59252032.520325, 87456000.000000, 1.649708, 2, 1.350350, 18232588.419109, 18232588.419109
Z3, 30, 4, 4K, 19872.000000, 0.000877, 22659064.994299, 19872000.000000, 1.649708, 2, 1.350350, 10913994.913904, 10913994.913904
Z3, 31, 4, 4K, 17320.000000, 0.000834, 20767386.091127, 17320000.000000, 1.649708, 2, 1.350350, 10535659.133269, 10535659.133269
Z3, 32, 4, 4K, 20880.000000, 0.001051, 19866793.529971, 20880000.000000, 1.649708, 2, 1.350350, 10355540.621038, 10355540.621038
Z3, 33, 4, 4K, 18648.000000, 0.000949, 19650158.061117, 18648000.000000, 1.649708, 2, 1.350350, 10312213.527267, 10312213.527267
Z3, 34, 4, 4K, 15368.000000, 0.001058, 14525519.848771, 15368000.000000, 1.649708, 2, 1.350350, 9287285.884798, 9287285.884798
Z3, 35, 4, 4K, 17240.000000, 0.000916, 18820960.698690, 17240000.000000, 1.649708, 2, 1.350350, 10146374.054782, 10146374.054782
Z3, 36, 4, 4K, 34944.000000, 0.001063, 32873000.940734, 34944000.000000, 1.649708, 2, 1.350350, 12956782.103191, 12956782.103191
Z3, 37, 4, 4K, 16344.000000, 0.001048, 15595419.847328, 16344000.000000, 1.649708, 2, 1.350350, 9501265.884509, 9501265.884509
Z3, 38, 4, 4K, 11896.000000, 0.000913, 13029572.836802, 11896000.000000, 1.649708, 2, 1.350350, 8988096.482404, 8988096.482404
Z1, 0, 5, 4K, 86352.000000, 0.019540, 4419242.579324, 4544840.000000, 1.528165, 2, 1.471893, 9871944.998269, 9871944.998269
Z2, 0, 5, 4K, 6624.000000, 0.019636, 337339.580363, 348624.000000, 1.528165, 2, 1.471893, 9055564.398477, 9055564.398477
Z2, 1, 5, 4K, 15440.000000, 0.001120, 13785714.285714, 15440000.000000, 1.528165, 2, 1.471893, 11745239.339547, 11745239.339547
Z2, 2, 5, 4K, 14656.000000, 0.001026, 14284600.389864, 14656000.000000, 1.528165, 2, 1.471893, 11845016.560377, 11845016.560377
Z2, 3, 5, 4K, 59096.000000, 0.001045, 56551196.172249, 59096000.000000, 1.528165, 2, 1.471893, 20298335.716854, 20298335.716854
Z2, 4, 5, 4K, 117640.000000, 0.001461, 80520191.649555, 117640000.000000, 1.528165, 2, 1.471893, 25092134.812315, 25092134.812315
Z2, 5, 5, 4K, 68288.000000, 0.001112, 61410071.942446, 68288000.000000, 1.528165, 2, 1.471893, 21270110.870893, 21270110.870893
Z2, 6, 5, 4K, 47432.000000, 0.000965, 49152331.606218, 47432000.000000, 1.528165, 2, 1.471893, 18818562.803648, 18818562.803648
Z2, 7, 5, 4K, 40216.000000, 0.001156, 34788927.335640, 40216000.000000, 1.528165, 2, 1.471893, 15945881.949532, 15945881.949532
Z3, 0, 5, 4K, 16504.000000, 0.024393, 676587.545607, 687664.000000, 1.528165, 2, 1.471893, 9123413.991526, 9123413.991526
Z3, 1, 5, 4K, 16120.000000, 0.001183, 13626373.626374, 16120000.000000, 1.528165, 2, 1.471893, 11713371.207679, 11713371.207679
Z3, 2, 5, 4K, 15008.000000, 0.001020, 14713725.490196, 15008000.000000, 1.528165, 2, 1.471893, 11930841.580443, 11930841.580443
Z3, 3, 5, 4K, 15032.000000, 0.000972, 15465020.576132, 15032000.000000, 1.528165, 2, 1.471893, 12081100.597630, 12081100.597630
Z3, 4, 5, 4K, 12928.000000, 0.001098, 11774134.790528, 12928000.000000, 1.528165, 2, 1.471893, 11342923.440510, 11342923.440510
Z3, 5, 5, 4K, 13640.000000, 0.001093, 12479414.455627, 13640000.000000, 1.528165, 2, 1.471893, 11483979.373529, 11483979.373529
Z3, 6, 5, 4K, 14648.000000, 0.001100, 13316363.636364, 14648000.000000, 1.528165, 2, 1.471893, 11651369.209677, 11651369.209677
Z3, 7, 5, 4K, 15008.000000, 0.000860, 17451162.790698, 15008000.000000, 1.528165, 2, 1.471893, 12478329.040544, 12478329.040544
Z3, 8, 5, 4K, 14312.000000, 0.000964, 14846473.029046, 14312000.000000, 1.528165, 2, 1.471893, 11957391.088213, 11957391.088213
Z3, 9, 5, 4K, 14200.000000, 0.001167, 12167952.013710, 14200000.000000, 1.528165, 2, 1.471893, 11421686.885146, 11421686.885146
Z3, 10, 5, 4K, 67288.000000, 0.001069, 62944808.231993, 67288000.000000, 1.528165, 2, 1.471893, 21577058.128803, 21577058.128803
Z3, 11, 5, 4K, 52536.000000, 0.000964, 54497925.311203, 52536000.000000, 1.528165, 2, 1.471893, 19887681.544645, 19887681.544645
Z3, 12, 5, 4K, 52032.000000, 0.001199, 43396163.469558, 52032000.000000, 1.528165, 2, 1.471893, 17667329.176316, 17667329.176316
Z3, 13, 5, 4K, 44632.000000, 0.001028, 43416342.412451, 44632000.000000, 1.528165, 2, 1.471893, 17671364.964894, 17671364.964894
Z3, 14, 5, 4K, 76304.000000, 0.001711, 44596142.606663, 76304000.000000, 1.528165, 2, 1.471893, 17907325.003737, 17907325.003737
Z3, 15, 5, 4K, 71856.000000, 0.001304, 55104294.478528, 71856000.000000, 1.528165, 2, 1.471893, 20008955.378110, 20008955.378110
Z3, 16, 5, 4K, 82648.000000, 0.001102, 74998185.117967, 82648000.000000, 1.528165, 2, 1.471893, 23987733.505998, 23987733.505998
Z3, 17, 5, 4K, 76072.000000, 0.001015, 74947783.251232, 76072000.000000, 1.528165, 2, 1.471893, 23977653.132650, 23977653.132650
Z3, 18, 5, 4K, 59304.000000, 0.001056, 56159090.909091, 59304000.000000, 1.528165, 2, 1.471893, 20219914.664222, 20219914.664222
Z3, 19, 5, 4K, 43064.000000, 0.001012, 42553359.683794, 43064000.000000, 1.528165, 2, 1.471893, 17498768.419163, 17498768.419163
Z3, 20, 5, 4K, 54872.000000, 0.004679, 11727292.156444, 13718000.000000, 1.528165, 2, 1.471893, 11333554.913693, 11333554.913693
Z3, 21, 5, 4K, 135784.000000, 0.002426, 55970321.516900, 67892000.000000, 1.528165, 2, 1.471893, 20182160.785784, 20182160.785784
Z3, 22, 5, 4K, 118304.000000, 0.001884, 62794055.201699, 118304000.000000, 1.528165, 2, 1.471893, 21546907.522744, 21546907.522744
Z3, 23, 5, 4K, 147040.000000, 0.001631, 90153280.196199, 147040000.000000, 1.528165, 2, 1.471893, 27018752.521644, 27018752.521644
Z3, 24, 5, 4K, 179520.000000, 0.001644, 109197080.291971, 179520000.000000, 1.528165, 2, 1.471893, 30827512.540798, 30827512.540798
Z3, 25, 5, 4K, 172688.000000, 0.001527, 113089718.402096, 172688000.000000, 1.528165, 2, 1.471893, 31606040.162823, 31606040.162823
Z3, 26, 5, 4K, 145128.000000, 0.001426, 101772791.023843, 145128000.000000, 1.528165, 2, 1.471893, 29342654.687173, 29342654.687173
Z3, 27, 5, 4K, 179592.000000, 0.001769, 101521763.708310, 179592000.000000, 1.528165, 2, 1.471893, 29292449.224066, 29292449.224066
Z3, 28, 5, 4K, 140720.000000, 0.001654, 85078597.339782, 140720000.000000, 1.528165, 2, 1.471893, 26003815.950361, 26003815.950361
Z3, 29, 5, 4K, 83928.000000, 0.001735, 48373487.031700, 83928000.000000, 1.528165, 2, 1.471893, 18662793.888744, 18662793.888744
Z3, 30, 5, 4K, 82192.000000, 0.001616, 50861386.138614, 82192000.000000, 1.528165, 2, 1.471893, 19160373.710127, 19160373.710127
Z3, 31, 5, 4K, 68504.000000, 0.000945, 72491005.291005, 68504000.000000, 1.528165, 2, 1.471893, 23486297.540605, 23486297.540605
Z3, 32, 5, 4K, 53776.000000, 0.001144, 47006993.006993, 53776000.000000, 1.528165, 2, 1.471893, 18389495.083803, 18389495.083803
Z3, 33, 5, 4K, 72968.000000, 0.001266, 57636650.868878, 72968000.000000, 1.528165, 2, 1.471893, 20515426.656180, 20515426.656180
Z3, 34, 5, 4K, 78200.000000, 0.001214, 64415156.507414, 78200000.000000, 1.528165, 2, 1.471893, 21871127.783887, 21871127.783887
Z3, 35, 5, 4K, 63936.000000, 0.001035, 61773913.043478, 63936000.000000, 1.528165, 2, 1.471893, 21342879.091100, 21342879.091100
Z3, 36, 5, 4K, 86888.000000, 0.001496, 58080213.903743, 86888000.000000, 1.528165, 2, 1.471893, 20604139.263153, 20604139.263153
Z3, 37, 5, 4K, 53856.000000, 0.001086, 49591160.220994, 53856000.000000, 1.528165, 2, 1.471893, 18906328.526603, 18906328.526603
Z3, 38, 5, 4K, 42888.000000, 0.001163, 36877042.132416, 42888000.000000, 1.528165, 2, 1.471893, 16363504.908887, 16363504.908887
Z1, 0, 6, 4K, 32384.000000, 0.025329, 1278534.486162, 1295360.000000, 1.398612, 2, 2.601446, 15129492.179952, 15129492.179952
Z2, 0, 6, 4K, 11672.000000, 0.021017, 555359.946710, 555808.000000, 1.398612, 2, 2.601446, 14984857.272061, 14984857.272061
Z2, 1, 6, 4K, 36784.000000, 0.000963, 38197300.103842, 36784000.000000, 1.398612, 2, 2.601446, 22513245.303488, 22513245.303488
Z2, 2, 6, 4K, 30448.000000, 0.000898, 33906458.797327, 30448000.000000, 1.398612, 2, 2.601446, 21655077.042185, 21655077.042185
Z2, 3, 6, 4K, 89424.000000, 0.001346, 66436849.925706, 89424000.000000, 1.398612, 2, 2.601446, 28161155.267860, 28161155.267860
Z2, 4, 6, 4K, 37976.000000, 0.001150, 33022608.695652, 37976000.000000, 1.398612, 2, 2.601446, 21478307.021850, 21478307.021850
Z2, 5, 6, 4K, 44392.000000, 0.001047, 42399235.912130, 44392000.000000, 1.398612, 2, 2.601446, 23353632.465145, 23353632.465145
Z2, 6, 6, 4K, 23176.000000, 0.000987, 23481256.332320, 23176000.000000, 1.398612, 2, 2.601446, 19570036.549183, 19570036.549183
Z2, 7, 6, 4K, 20712.000000, 0.001245, 16636144.578313, 20712000.000000, 1.398612, 2, 2.601446, 18201014.198382, 18201014.198382
Z3, 0, 6, 4K, 6624.000000, 0.023597, 280713.650040, 288000.000000, 1.398612, 2, 2.601446, 14929928.012727, 14929928.012727
Z3, 1, 6, 4K, 12000.000000, 0.000919, 13057671.381937, 12000000.000000, 1.398612, 2, 2.601446, 17485319.559106, 17485319.559106
Z3, 2, 6, 4K, 12312.000000, 0.001034, 11907156.673114, 12312000.000000, 1.398612, 2, 2.601446, 17255216.617342, 17255216.617342
Z3, 3, 6, 4K, 11800.000000, 0.000888, 13288288.288288, 11800000.000000, 1.398612, 2, 2.601446, 17531442.940377, 17531442.940377
Z3, 4, 6, 4K, 11672.000000, 0.000929, 12564047.362756, 11672000.000000, 1.398612, 2, 2.601446, 17386594.755270, 17386594.755270
Z3, 5, 6, 4K, 11856.000000, 0.000948, 12506329.113924, 11856000.000000, 1.398612, 2, 2.601446, 17375051.105504, 17375051.105504
Z3, 6, 6, 4K, 11392.000000, 0.000922, 12355748.373102, 11392000.000000, 1.398612, 2, 2.601446, 17344934.957340, 17344934.957340
Z3, 7, 6, 4K, 11608.000000, 0.000956, 12142259.414226, 11608000.000000, 1.398612, 2, 2.601446, 17302237.165564, 17302237.165564
Z3, 8, 6, 4K, 11808.000000, 0.000886, 13327313.769752, 11808000.000000, 1.398612, 2, 2.601446, 17539248.036669, 17539248.036669
Z3, 9, 6, 4K, 11616.000000, 0.000837, 13878136.200717, 11616000.000000, 1.398612, 2, 2.601446, 17649412.522862, 17649412.522862
Z3, 10, 6, 4K, 11320.000000, 0.000727, 15570839.064649, 11320000.000000, 1.398612, 2, 2.601446, 17987953.095649, 17987953.095649
Z3, 11, 6, 4K, 11456.000000, 0.000917, 12492911.668484, 11456000.000000, 1.398612, 2, 2.601446, 17372367.616416, 17372367.616416
Z3, 12, 6, 4K, 30472.000000, 0.000946, 32211416.490486, 30472000.000000, 1.398612, 2, 2.601446, 21316068.580816, 21316068.580816
Z3, 13, 6, 4K, 27608.000000, 0.000970, 28461855.670103, 27608000.000000, 1.398612, 2, 2.601446, 20566156.416740, 20566156.416740
Z3, 14, 6, 4K, 24088.000000, 0.000956, 25196652.719665, 24088000.000000, 1.398612, 2, 2.601446, 19913115.826652, 19913115.826652
Z3, 15, 6, 4K, 38328.000000, 0.001057, 36261116.367077, 38328000.000000, 1.398612, 2, 2.601446, 22126008.556134, 22126008.556134
Z3, 16, 6, 4K, 32072.000000, 0.001025, 31289756.097561, 32072000.000000, 1.398612, 2, 2.601446, 21131736.502231, 21131736.502231
Z3, 17, 6, 4K, 42136.000000, 0.000985, 42777664.974619, 42136000.000000, 1.398612, 2, 2.601446, 23429318.277643, 23429318.277643
Z3, 18, 6, 4K, 36072.000000, 0.000964, 37419087.136929, 36072000.000000, 1.398612, 2, 2.601446, 22357602.710105, 22357602.710105
Z3, 19, 6, 4K, 27192.000000, 0.000941, 28896918.172157, 27192000.000000, 1.398612, 2, 2.601446, 20653168.917151, 20653168.917151
Z3, 20, 6, 4K, 23688.000000, 0.000956, 24778242.677824, 23688000.000000, 1.398612, 2, 2.601446, 19829433.818284, 19829433.818284
Z3, 21, 6, 4K, 86000.000000, 0.001600, 53750000.000000, 86000000.000000, 1.398612, 2, 2.601446, 25623785.282719, 25623785.282719
Z3, 22, 6, 4K, 62728.000000, 0.001093, 57390667.886551, 62728000.000000, 1.398612, 2, 2.601446, 26351918.860029, 26351918.860029
Z3, 23, 6, 4K, 65864.000000, 0.001260, 52273015.873016, 65864000.000000, 1.398612, 2, 2.601446, 25328388.457322, 25328388.457322
Z3, 24, 6, 4K, 82512.000000, 0.001482, 55676113.360324, 82512000.000000, 1.398612, 2, 2.601446, 26009007.954784, 26009007.954784
Z3, 25, 6, 4K, 102240.000000, 0.001473, 69409368.635438, 102240000.000000, 1.398612, 2, 2.601446, 28755659.009807, 28755659.009807
Z3, 26, 6, 4K, 69304.000000, 0.001247, 55576583.801123, 69304000.000000, 1.398612, 2, 2.601446, 25989102.042944, 25989102.042944
Z3, 27, 6, 4K, 73800.000000, 0.001091, 67644362.969753, 73800000.000000, 1.398612, 2, 2.601446, 28402657.876670, 28402657.876670
Z3, 28, 6, 4K, 59424.000000, 0.001379, 43092095.721537, 59424000.000000, 1.398612, 2, 2.601446, 23492204.427027, 23492204.427027
Z3, 29, 6, 4K, 38896.000000, 0.001076, 36148698.884758, 38896000.000000, 1.398612, 2, 2.601446, 22103525.059671, 22103525.059671
Z3, 30, 6, 4K, 30224.000000, 0.001000, 30224000.000000, 30224000.000000, 1.398612, 2, 2.601446, 20918585.282719, 20918585.282719
Z3, 31, 6, 4K, 34568.000000, 0.001339, 25816280.806572, 34568000.000000, 1.398612, 2, 2.601446, 20037041.444034, 20037041.444034
Z3, 32, 6, 4K, 62896.000000, 0.001089, 57755739.210285, 62896000.000000, 1.398612, 2, 2.601446, 26424933.124776, 26424933.124776
Z3, 33, 6, 4K, 50288.000000, 0.001102, 45633393.829401, 50288000.000000, 1.398612, 2, 2.601446, 24000464.048599, 24000464.048599
Z3, 34, 6, 4K, 37280.000000, 0.001036, 35984555.984556, 37280000.000000, 1.398612, 2, 2.601446, 22070696.479630, 22070696.479630
Z3, 35, 6, 4K, 26840.000000, 0.000957, 28045977.011494, 26840000.000000, 1.398612, 2, 2.601446, 20482980.685018, 20482980.685018
Z3, 36, 6, 4K, 30408.000000, 0.001620, 18770370.370370, 30408000.000000, 1.398612, 2, 2.601446, 18627859.356793, 18627859.356793
Z3, 37, 6, 4K, 24136.000000, 0.000921, 26206297.502714, 24136000.000000, 1.398612, 2, 2.601446, 20115044.783262, 20115044.783262
Z3, 38, 6, 4K, 21376.000000, 0.001162, 18395869.191050, 21376000.000000, 1.398612, 2, 2.601446, 18552959.120929, 18552959.120929
Z1, 0, 7, 4K, 33008.000000, 0.020143, 1638683.413593, 1650400.000000, 1.274091, 2, 2.725967, 16288009.801126, 16288009.801126
Z2, 0, 7, 4K, 11888.000000, 0.020482, 580412.069134, 594400.000000, 1.274091, 2, 2.725967, 16076355.532234, 16076355.532234
Z2, 1, 7, 4K, 40440.000000, 0.001061, 38114985.862394, 40440000.000000, 1.274091, 2, 2.725967, 23583270.290886, 23583270.290886
Z2, 2, 7, 4K, 30824.000000, 0.000967, 31875904.860393, 30824000.000000, 1.274091, 2, 2.725967, 22335454.090486, 22335454.090486
Z2, 3, 7, 4K, 76304.000000, 0.001313, 58114242.193450, 76304000.000000, 1.274091, 2, 2.725967, 27583121.557097, 27583121.557097
Z2, 4, 7, 4K, 40368.000000, 0.001055, 38263507.109005, 40368000.000000, 1.274091, 2, 2.725967, 23612974.540208, 23612974.540208
Z2, 5, 7, 4K, 46048.000000, 0.001037, 44405014.464802, 46048000.000000, 1.274091, 2, 2.725967, 24841276.011367, 24841276.011367
Z2, 6, 7, 4K, 66864.000000, 0.001048, 63801526.717557, 66864000.000000, 1.274091, 2, 2.725967, 28720578.461918, 28720578.461918
Z2, 7, 7, 4K, 21440.000000, 0.000965, 22217616.580311, 21440000.000000, 1.274091, 2, 2.725967, 20403796.434469, 20403796.434469
Z3, 0, 7, 4K, 6624.000000, 0.019262, 343889.523414, 348624.000000, 1.274091, 2, 2.725967, 16029051.023090, 16029051.023090
Z3, 1, 7, 4K, 12288.000000, 0.001277, 9622552.858262, 12288000.000000, 1.274091, 2, 2.725967, 17884783.690059, 17884783.690059
Z3, 2, 7, 4K, 12288.000000, 0.000822, 14948905.109489, 12288000.000000, 1.274091, 2, 2.725967, 18950054.140305, 18950054.140305
Z3, 3, 7, 4K, 12304.000000, 0.000962, 12790020.790021, 12304000.000000, 1.274091, 2, 2.725967, 18518277.276411, 18518277.276411
Z3, 4, 7, 4K, 11832.000000, 0.000828, 14289855.072464, 11832000.000000, 1.274091, 2, 2.725967, 18818244.132900, 18818244.132900
Z3, 5, 7, 4K, 12664.000000, 0.000818, 15481662.591687, 12664000.000000, 1.274091, 2, 2.725967, 19056605.636744, 19056605.636744
Z3, 6, 7, 4K, 11360.000000, 0.001128, 10070921.985816, 11360000.000000, 1.274091, 2, 2.725967, 17974457.515570, 17974457.515570
Z3, 7, 7, 4K, 11624.000000, 0.000775, 14998709.677419, 11624000.000000, 1.274091, 2, 2.725967, 18960015.053891, 18960015.053891
Z3, 8, 7, 4K, 12008.000000, 0.000887, 13537767.756483, 12008000.000000, 1.274091, 2, 2.725967, 18667826.669704, 18667826.669704
Z3, 9, 7, 4K, 11744.000000, 0.000825, 14235151.515152, 11744000.000000, 1.274091, 2, 2.725967, 18807303.421437, 18807303.421437
Z3, 10, 7, 4K, 11584.000000, 0.000762, 15202099.737533, 11584000.000000, 1.274091, 2, 2.725967, 19000693.065914, 19000693.065914
Z3, 11, 7, 4K, 11528.000000, 0.000771, 14952010.376135, 11528000.000000, 1.274091, 2, 2.725967, 18950675.193634, 18950675.193634
Z3, 12, 7, 4K, 32448.000000, 0.000778, 41706940.874036, 32448000.000000, 1.274091, 2, 2.725967, 24301661.293214, 24301661.293214
Z3, 13, 7, 4K, 29808.000000, 0.001009, 29542120.911794, 29808000.000000, 1.274091, 2, 2.725967, 21868697.300766, 21868697.300766
Z3, 14, 7, 4K, 26008.000000, 0.001027, 25324245.374878, 26008000.000000, 1.274091, 2, 2.725967, 21025122.193383, 21025122.193383
Z3, 15, 7, 4K, 43712.000000, 0.001038, 42111753.371869, 43712000.000000, 1.274091, 2, 2.725967, 24382623.792781, 24382623.792781
Z3, 16, 7, 4K, 42976.000000, 0.001126, 38166962.699822, 42976000.000000, 1.274091, 2, 2.725967, 23593665.658372, 23593665.658372
Z3, 17, 7, 4K, 80888.000000, 0.001158, 69851468.048359, 80888000.000000, 1.274091, 2, 2.725967, 29930566.728079, 29930566.728079
Z3, 18, 7, 4K, 51248.000000, 0.001122, 45675579.322638, 51248000.000000, 1.274091, 2, 2.725967, 25095388.982935, 25095388.982935
Z3, 19, 7, 4K, 29472.000000, 0.003894, 7568567.026194, 9824000.000000, 1.274091, 2, 2.725967, 17473986.523646, 17473986.523646
Z3, 20, 7, 4K, 23856.000000, 0.000977, 24417604.912999, 23856000.000000, 1.274091, 2, 2.725967, 20843794.101007, 20843794.101007
Z3, 21, 7, 4K, 78816.000000, 0.001184, 66567567.567568, 78816000.000000, 1.274091, 2, 2.725967, 29273786.631921, 29273786.631921
Z3, 22, 7, 4K, 66288.000000, 0.004337, 15284297.901775, 16572000.000000, 1.274091, 2, 2.725967, 19017132.698762, 19017132.698762
Z3, 23, 7, 4K, 69920.000000, 0.001128, 61985815.602837, 69920000.000000, 1.274091, 2, 2.725967, 28357436.238974, 28357436.238974
Z3, 24, 7, 4K, 81944.000000, 0.001240, 66083870.967742, 81944000.000000, 1.274091, 2, 2.725967, 29177047.311955, 29177047.311955
Z3, 25, 7, 4K, 102376.000000, 0.001378, 74293178.519594, 102376000.000000, 1.274091, 2, 2.725967, 30818908.822326, 30818908.822326
Z3, 26, 7, 4K, 76792.000000, 0.001155, 66486580.086580, 76792000.000000, 1.274091, 2, 2.725967, 29257589.135723, 29257589.135723
Z3, 27, 7, 4K, 81072.000000, 0.001013, 80031589.338598, 81072000.000000, 1.274091, 2, 2.725967, 31966590.986127, 31966590.986127
Z3, 28, 7, 4K, 62656.000000, 0.001194, 52475711.892797, 62656000.000000, 1.274091, 2, 2.725967, 26455415.496966, 26455415.496966
Z3, 29, 7, 4K, 41248.000000, 0.000963, 42832814.122534, 41248000.000000, 1.274091, 2, 2.725967, 24526835.942914, 24526835.942914
Z3, 30, 7, 4K, 51888.000000, 0.001215, 42706172.839506, 51888000.000000, 1.274091, 2, 2.725967, 24501507.686308, 24501507.686308
Z3, 31, 7, 4K, 60864.000000, 0.001313, 46354912.414318, 60864000.000000, 1.274091, 2, 2.725967, 25231255.601271, 25231255.601271
Z3, 32, 7, 4K, 30224.000000, 0.000808, 37405940.594059, 30224000.000000, 1.274091, 2, 2.725967, 23441461.237219, 23441461.237219
Z3, 33, 7, 4K, 29312.000000, 0.001105, 26526696.832579, 29312000.000000, 1.274091, 2, 2.725967, 21265612.484923, 21265612.484923
Z3, 34, 7, 4K, 25728.000000, 0.001066, 24135084.427767, 25728000.000000, 1.274091, 2, 2.725967, 20787290.003961, 20787290.003961
Z3, 35, 7, 4K, 27640.000000, 0.001129, 24481842.338353, 27640000.000000, 1.274091, 2, 2.725967, 20856641.586078, 20856641.586078
Z3, 36, 7, 4K, 32608.000000, 0.001190, 27401680.672269, 32608000.000000, 1.274091, 2, 2.725967, 21440609.252861, 21440609.252861
Z3, 37, 7, 4K, 25080.000000, 0.001043, 24046021.093001, 25080000.000000, 1.274091, 2, 2.725967, 20769477.337007, 20769477.337007
Z3, 38, 7, 4K, 21912.000000, 0.001009, 21716551.040634, 21912000.000000, 1.274091, 2, 2.725967, 20303583.326534, 20303583.326534
Z1, 0, 8, 4K, 12368.000000, 0.020959, 590104.489718, 618400.000000, 1.154855, 2, 3.845203, 18121827.938124, 18121827.938124
Z2, 0, 8, 4K, 6624.000000, 0.023109, 286641.568220, 288000.000000, 1.154855, 2, 3.845203, 18061135.353824, 18061135.353824
Z2, 1, 8, 4K, 12736.000000, 0.000899, 14166852.057842, 12736000.000000, 1.154855, 2, 3.845203, 20837177.451749, 20837177.451749
Z2, 2, 8, 4K, 12272.000000, 0.000969, 12664602.683179, 12272000.000000, 1.154855, 2, 3.845203, 20536727.576816, 20536727.576816
Z2, 3, 8, 4K, 47728.000000, 0.001127, 42349600.709849, 47728000.000000, 1.154855, 2, 3.845203, 26473727.182150, 26473727.182150
Z2, 4, 8, 4K, 47048.000000, 0.001021, 46080313.418217, 47048000.000000, 1.154855, 2, 3.845203, 27219869.723824, 27219869.723824
Z2, 5, 8, 4K, 46672.000000, 0.001094, 42661791.590494, 46672000.000000, 1.154855, 2, 3.845203, 26536165.358279, 26536165.358279
Z2, 6, 8, 4K, 116120.000000, 0.001869, 62129481.005885, 116120000.000000, 1.154855, 2, 3.845203, 30429703.241358, 30429703.241358
Z2, 7, 8, 4K, 109880.000000, 0.001379, 79680928.208847, 109880000.000000, 1.154855, 2, 3.845203, 33939992.681950, 33939992.681950
Z3, 0, 8, 4K, 13168.000000, 0.021304, 618099.887345, 627040.000000, 1.154855, 2, 3.845203, 18127427.017649, 18127427.017649
Z3, 1, 8, 4K, 12440.000000, 0.000995, 12502512.562814, 12440000.000000, 1.154855, 2, 3.845203, 20504309.552743, 20504309.552743
Z3, 2, 8, 4K, 12288.000000, 0.000989, 12424671.385238, 12288000.000000, 1.154855, 2, 3.845203, 20488741.317228, 20488741.317228
Z3, 3, 8, 4K, 13040.000000, 0.000837, 15579450.418160, 13040000.000000, 1.154855, 2, 3.845203, 21119697.123812, 21119697.123812
Z3, 4, 8, 4K, 11984.000000, 0.000904, 13256637.168142, 11984000.000000, 1.154855, 2, 3.845203, 20655134.473809, 20655134.473809
Z3, 5, 8, 4K, 12736.000000, 0.000761, 16735873.850197, 12736000.000000, 1.154855, 2, 3.845203, 21350981.810220, 21350981.810220
Z3, 6, 8, 4K, 12728.000000, 0.000825, 15427878.787879, 12728000.000000, 1.154855, 2, 3.845203, 21089382.797756, 21089382.797756
Z3, 7, 8, 4K, 13416.000000, 0.000918, 14614379.084967, 13416000.000000, 1.154855, 2, 3.845203, 20926682.857174, 20926682.857174
Z3, 8, 8, 4K, 12296.000000, 0.000849, 14482921.083628, 12296000.000000, 1.154855, 2, 3.845203, 20900391.256906, 20900391.256906
Z3, 9, 8, 4K, 36848.000000, 0.000885, 41636158.192090, 36848000.000000, 1.154855, 2, 3.845203, 26331038.678599, 26331038.678599
Z3, 10, 8, 4K, 37200.000000, 0.001103, 33726201.269266, 37200000.000000, 1.154855, 2, 3.845203, 24749047.294034, 24749047.294034
Z3, 11, 8, 4K, 36304.000000, 0.001179, 30792196.776930, 36304000.000000, 1.154855, 2, 3.845203, 24162246.395566, 24162246.395566
Z3, 12, 8, 4K, 72440.000000, 0.001217, 59523418.241578, 72440000.000000, 1.154855, 2, 3.845203, 29908490.688496, 29908490.688496
Z3, 13, 8, 4K, 94656.000000, 0.001254, 75483253.588517, 94656000.000000, 1.154855, 2, 3.845203, 33100457.757884, 33100457.757884
Z3, 14, 8, 4K, 126944.000000, 0.001488, 85311827.956989, 126944000.000000, 1.154855, 2, 3.845203, 35066172.631578, 35066172.631578
Z3, 15, 8, 4K, 91896.000000, 0.001235, 74409716.599190, 91896000.000000, 1.154855, 2, 3.845203, 32885750.360018, 32885750.360018
Z3, 16, 8, 4K, 51968.000000, 0.001066, 48750469.043152, 51968000.000000, 1.154855, 2, 3.845203, 27753900.848811, 27753900.848811
Z3, 17, 8, 4K, 33024.000000, 0.000932, 35433476.394850, 33024000.000000, 1.154855, 2, 3.845203, 25090502.319150, 25090502.319150
Z3, 18, 8, 4K, 183840.000000, 0.001603, 114684965.689333, 183840000.000000, 1.154855, 2, 3.845203, 40940800.178047, 40940800.178047
Z3, 19, 8, 4K, 154184.000000, 0.001411, 109272856.130404, 154184000.000000, 1.154855, 2, 3.845203, 39858378.266261, 39858378.266261
Z3, 20, 8, 4K, 155104.000000, 0.004569, 33947034.362005, 38776000.000000, 1.154855, 2, 3.845203, 24793213.912581, 24793213.912581
Z3, 21, 8, 4K, 164936.000000, 0.001965, 83936895.674300, 164936000.000000, 1.154855, 2, 3.845203, 34791186.175040, 34791186.175040
Z3, 22, 8, 4K, 148008.000000, 0.001473, 100480651.731161, 148008000.000000, 1.154855, 2, 3.845203, 38099937.386413, 38099937.386413
Z3, 23, 8, 4K, 158128.000000, 0.001423, 111122979.620520, 158128000.000000, 1.154855, 2, 3.845203, 40228402.964284, 40228402.964284
Z3, 24, 8, 4K, 212408.000000, 0.001732, 122637413.394919, 212408000.000000, 1.154855, 2, 3.845203, 42531289.719164, 42531289.719164
Z3, 25, 8, 4K, 148464.000000, 0.001517, 97866842.452208, 148464000.000000, 1.154855, 2, 3.845203, 37577175.530622, 37577175.530622
Z3, 26, 8, 4K, 105600.000000, 0.001329, 79458239.277652, 105600000.000000, 1.154855, 2, 3.845203, 33895454.895711, 33895454.895711
Z3, 27, 8, 4K, 99296.000000, 0.001334, 74434782.608696, 99296000.000000, 1.154855, 2, 3.845203, 32890763.561920, 32890763.561920
Z3, 28, 8, 4K, 81552.000000, 0.001262, 64621236.133122, 81552000.000000, 1.154855, 2, 3.845203, 30928054.266805, 30928054.266805
Z3, 29, 8, 4K, 74800.000000, 0.001030, 72621359.223301, 74800000.000000, 1.154855, 2, 3.845203, 32528078.884841, 32528078.884841
Z3, 30, 8, 4K, 60904.000000, 0.001021, 59651322.233105, 60904000.000000, 1.154855, 2, 3.845203, 29934071.486801, 29934071.486801
Z3, 31, 8, 4K, 56704.000000, 0.001091, 51974335.472044, 56704000.000000, 1.154855, 2, 3.845203, 28398674.134589, 28398674.134589
Z3, 32, 8, 4K, 77872.000000, 0.001335, 58331086.142322, 77872000.000000, 1.154855, 2, 3.845203, 29670024.268645, 29670024.268645
Z3, 33, 8, 4K, 87632.000000, 0.001284, 68249221.183801, 87632000.000000, 1.154855, 2, 3.845203, 31653651.276941, 31653651.276941
Z3, 34, 8, 4K, 57472.000000, 0.001010, 56902970.297030, 57472000.000000, 1.154855, 2, 3.845203, 29384401.099586, 29384401.099586
Z3, 35, 8, 4K, 71616.000000, 0.001351, 53009622.501850, 71616000.000000, 1.154855, 2, 3.845203, 28605731.540551, 28605731.540551
Z3, 36, 8, 4K, 59800.000000, 0.001440, 41527777.777778, 59800000.000000, 1.154855, 2, 3.845203, 26309362.595736, 26309362.595736
Z3, 37, 8, 4K, 54240.000000, 0.001110, 48864864.864865, 54240000.000000, 1.154855, 2, 3.845203, 27776780.013153, 27776780.013153
Z3, 38, 8, 4K, 48376.000000, 0.001190, 40652100.840336, 48376000.000000, 1.154855, 2, 3.845203, 26134227.208248, 26134227.208248
Z1, 0, 9, 4K, 143136.000000, 0.021783, 6570995.730616, 6816000.000000, 1.025968, 2, 3.974090, 24842511.787010, 24842511.787010
Z2, 0, 9, 4K, 6624.000000, 0.022413, 295542.765359, 301088.000000, 1.025968, 2, 3.974090, 23587421.193959, 23587421.193959
Z2, 1, 9, 4K, 13352.000000, 0.000990, 13486868.686869, 13352000.000000, 1.025968, 2, 3.974090, 26225686.378261, 26225686.378261
Z2, 2, 9, 4K, 12808.000000, 0.000891, 14374859.708193, 12808000.000000, 1.025968, 2, 3.974090, 26403284.582526, 26403284.582526
Z2, 3, 9, 4K, 62864.000000, 0.000962, 65347193.347193, 62864000.000000, 1.025968, 2, 3.974090, 36597751.310326, 36597751.310326
Z2, 4, 9, 4K, 158280.000000, 0.001501, 105449700.199867, 158280000.000000, 1.025968, 2, 3.974090, 44618252.680861, 44618252.680861
Z2, 5, 9, 4K, 143784.000000, 0.001650, 87141818.181818, 143784000.000000, 1.025968, 2, 3.974090, 40956676.277251, 40956676.277251
Z2, 6, 9, 4K, 59784.000000, 0.001036, 57706563.706564, 59784000.000000, 1.025968, 2, 3.974090, 35069625.382200, 35069625.382200
Z2, 7, 9, 4K, 59624.000000, 0.000997, 59803410.230692, 59624000.000000, 1.025968, 2, 3.974090, 35488994.687026, 35488994.687026
Z3, 0, 9, 4K, 19152.000000, 0.025869, 740345.587383, 766080.000000, 1.025968, 2, 3.974090, 23676381.758364, 23676381.758364
Z3, 1, 9, 4K, 15048.000000, 0.000942, 15974522.292994, 15048000.000000, 1.025968, 2, 3.974090, 26723217.099486, 26723217.099486
Z3, 2, 9, 4K, 13656.000000, 0.001031, 13245392.822502, 13656000.000000, 1.025968, 2, 3.974090, 26177391.205388, 26177391.205388
Z3, 3, 9, 4K, 15568.000000, 0.000969, 16066047.471620, 15568000.000000, 1.025968, 2, 3.974090, 26741522.135211, 26741522.135211
Z3, 4, 9, 4K, 19992.000000, 0.000968, 20652892.561983, 19992000.000000, 1.025968, 2, 3.974090, 27658891.153284, 27658891.153284
Z3, 5, 9, 4K, 43816.000000, 0.001035, 42334299.516908, 43816000.000000, 1.025968, 2, 3.974090, 31995172.544269, 31995172.544269
Z3, 6, 9, 4K, 32640.000000, 0.000975, 33476923.076923, 32640000.000000, 1.025968, 2, 3.974090, 30223697.256272, 30223697.256272
Z3, 7, 9, 4K, 13112.000000, 0.001018, 12880157.170923, 13112000.000000, 1.025968, 2, 3.974090, 26104344.075072, 26104344.075072
Z3, 8, 9, 4K, 12720.000000, 0.000800, 15900000.000000, 12720000.000000, 1.025968, 2, 3.974090, 26708312.640887, 26708312.640887
Z3, 9, 9, 4K, 11704.000000, 0.000756, 15481481.481481, 11704000.000000, 1.025968, 2, 3.974090, 26624608.937184, 26624608.937184
Z3, 10, 9, 4K, 56456.000000, 0.000961, 58747138.397503, 56456000.000000, 1.025968, 2, 3.974090, 35277740.320388, 35277740.320388
Z3, 11, 9, 4K, 42936.000000, 0.000931, 46118152.524168, 42936000.000000, 1.025968, 2, 3.974090, 32751943.145721, 32751943.145721
Z3, 12, 9, 4K, 49664.000000, 0.001127, 44067435.669920, 49664000.000000, 1.025968, 2, 3.974090, 32341799.774871, 32341799.774871
Z3, 13, 9, 4K, 55832.000000, 0.001174, 47557069.846678, 55832000.000000, 1.025968, 2, 3.974090, 33039726.610223, 33039726.610223
Z3, 14, 9, 4K, 101440.000000, 0.001269, 79936958.234831, 101440000.000000, 1.025968, 2, 3.974090, 39515704.287853, 39515704.287853
Z3, 15, 9, 4K, 127064.000000, 0.001404, 90501424.501424, 127064000.000000, 1.025968, 2, 3.974090, 41628597.541172, 41628597.541172
Z3, 16, 9, 4K, 186256.000000, 0.005560, 33499280.575540, 37251200.000000, 1.025968, 2, 3.974090, 30228168.755995, 30228168.755995
Z3, 17, 9, 4K, 117264.000000, 0.001558, 75265725.288832, 117264000.000000, 1.025968, 2, 3.974090, 38581457.698654, 38581457.698654
Z3, 18, 9, 4K, 90064.000000, 0.004727, 19053099.217263, 22516000.000000, 1.025968, 2, 3.974090, 27338932.484340, 27338932.484340
Z3, 19, 9, 4K, 46808.000000, 0.001992, 23497991.967871, 46808000.000000, 1.025968, 2, 3.974090, 28227911.034462, 28227911.034462
Z3, 20, 9, 4K, 65080.000000, 0.001169, 55671514.114628, 65080000.000000, 1.025968, 2, 3.974090, 34662615.463813, 34662615.463813
Z3, 21, 9, 4K, 210712.000000, 0.002121, 99345591.702027, 105356000.000000, 1.025968, 2, 3.974090, 43397430.981293, 43397430.981293
Z3, 22, 9, 4K, 212696.000000, 0.002217, 95938655.841227, 106348000.000000, 1.025968, 2, 3.974090, 42716043.809133, 42716043.809133
Z3, 23, 9, 4K, 204264.000000, 0.001685, 121224925.816024, 204264000.000000, 1.025968, 2, 3.974090, 47773297.804092, 47773297.804092
Z3, 24, 9, 4K, 225960.000000, 0.002059, 109742593.491986, 112980000.000000, 1.025968, 2, 3.974090, 45476831.339285, 45476831.339285
Z3, 25, 9, 4K, 199056.000000, 0.001613, 123407315.561066, 199056000.000000, 1.025968, 2, 3.974090, 48209775.753101, 48209775.753101
Z3, 26, 9, 4K, 204104.000000, 0.001585, 128772239.747634, 204104000.000000, 1.025968, 2, 3.974090, 49282760.590414, 49282760.590414
Z3, 27, 9, 4K, 264656.000000, 0.002041, 129669769.720725, 132328000.000000, 1.025968, 2, 3.974090, 49462266.585032, 49462266.585032
Z3, 28, 9, 4K, 229440.000000, 0.001584, 144848484.848485, 229440000.000000, 1.025968, 2, 3.974090, 52498009.610584, 52498009.610584
Z3, 29, 9, 4K, 144400.000000, 0.001487, 97108271.687962, 144400000.000000, 1.025968, 2, 3.974090, 42949966.978480, 42949966.978480
Z3, 30, 9, 4K, 71424.000000, 0.001347, 53024498.886414, 71424000.000000, 1.025968, 2, 3.974090, 34133212.418170, 34133212.418170
Z3, 31, 9, 4K, 71768.000000, 0.001222, 58729950.900164, 71768000.000000, 1.025968, 2, 3.974090, 35274302.820920, 35274302.820920
Z3, 32, 9, 4K, 78016.000000, 0.001377, 56656499.636892, 78016000.000000, 1.025968, 2, 3.974090, 34859612.568266, 34859612.568266
Z3, 33, 9, 4K, 85112.000000, 0.001238, 68749596.122779, 85112000.000000, 1.025968, 2, 3.974090, 37278231.865443, 37278231.865443
Z3, 34, 9, 4K, 105792.000000, 0.001492, 70906166.219839, 105792000.000000, 1.025968, 2, 3.974090, 37709545.884855, 37709545.884855
Z3, 35, 9, 4K, 59104.000000, 0.003867, 15284199.637962, 19701328.000000, 1.025968, 2, 3.974090, 26585152.568480, 26585152.568480
Z3, 36, 9, 4K, 89744.000000, 0.001574, 57016518.424396, 89744000.000000, 1.025968, 2, 3.974090, 34931616.325767, 34931616.325767
Z3, 37, 9, 4K, 82576.000000, 0.001464, 56404371.584699, 82576000.000000, 1.025968, 2, 3.974090, 34809186.957827, 34809186.957827
Z3, 38, 9, 4K, 72616.000000, 0.001904, 38138655.462185, 72616000.000000, 1.025968, 2, 3.974090, 31156043.733324, 31156043.733324
Z1, 0, 10, 4K, 91896.000000, 0.021055, 4364568.985989, 4376000.000000, 1.000000, 2, 5.120682, 24653549.104039, 24653549.104039
Z2, 0, 10, 4K, 11528.000000, 0.022603, 510020.793700, 524000.000000, 1.000000, 2, 5.120682, 23882639.465581, 23882639.465581
Z2, 1, 10, 4K, 75360.000000, 0.001063, 70893697.083725, 75360000.000000, 1.000000, 2, 5.120682, 37959374.723586, 37959374.723586
Z2, 2, 10, 4K, 99416.000000, 0.001544, 64388601.036269, 99416000.000000, 1.000000, 2, 5.120682, 36658355.514095, 36658355.514095
Z2, 3, 10, 4K, 176696.000000, 0.001859, 95048951.048951, 176696000.000000, 1.000000, 2, 5.120682, 42790425.516631, 42790425.516631
Z2, 4, 10, 4K, 150256.000000, 0.001664, 90298076.923077, 150256000.000000, 1.000000, 2, 5.120682, 41840250.691456, 41840250.691456
Z2, 5, 10, 4K, 171632.000000, 0.001715, 100076967.930029, 171632000.000000, 1.000000, 2, 5.120682, 43796028.892847, 43796028.892847
Z2, 6, 10, 4K, 75936.000000, 0.001351, 56207253.886010, 75936000.000000, 1.000000, 2, 5.120682, 35022086.084043, 35022086.084043
Z2, 7, 10, 4K, 96152.000000, 0.001556, 61794344.473008, 96152000.000000, 1.000000, 2, 5.120682, 36139504.201443, 36139504.201443
Z3, 0, 10, 4K, 6624.000000, 0.022017, 300858.427579, 301088.000000, 1.000000, 2, 5.120682, 23840806.992357, 23840806.992357
Z3, 1, 10, 4K, 21424.000000, 0.000969, 22109391.124871, 21424000.000000, 1.000000, 2, 5.120682, 28202513.531815, 28202513.531815
Z3, 2, 10, 4K, 61888.000000, 0.001054, 58717267.552182, 61888000.000000, 1.000000, 2, 5.120682, 35524088.817277, 35524088.817277
Z3, 3, 10, 4K, 32688.000000, 0.000919, 35569096.844396, 32688000.000000, 1.000000, 2, 5.120682, 30894454.675720, 30894454.675720
Z3, 4, 10, 4K, 21168.000000, 0.000808, 26198019.801980, 21168000.000000, 1.000000, 2, 5.120682, 29020239.267237, 29020239.267237
Z3, 5, 10, 4K, 28472.000000, 0.000853, 33378663.540445, 28472000.000000, 1.000000, 2, 5.120682, 30456368.014930, 30456368.014930
Z3, 6, 10, 4K, 45352.000000, 0.001008, 44992063.492063, 45352000.000000, 1.000000, 2, 5.120682, 32779048.005254, 32779048.005254
Z3, 7, 10, 4K, 72936.000000, 0.001129, 64602302.922941, 72936000.000000, 1.000000, 2, 5.120682, 36701095.891429, 36701095.891429
Z3, 8, 10, 4K, 27848.000000, 0.000923, 30171180.931744, 27848000.000000, 1.000000, 2, 5.120682, 29814871.493190, 29814871.493190
Z3, 9, 10, 4K, 13192.000000, 0.000822, 16048661.800487, 13192000.000000, 1.000000, 2, 5.120682, 26990367.666938, 26990367.666938
Z3, 10, 10, 4K, 11896.000000, 0.000668, 17808383.233533, 11896000.000000, 1.000000, 2, 5.120682, 27342311.953548, 27342311.953548
Z3, 11, 10, 4K, 11408.000000, 0.000754, 15129973.474801, 11408000.000000, 1.000000, 2, 5.120682, 26806630.001801, 26806630.001801
Z3, 12, 10, 4K, 100176.000000, 0.001321, 75833459.500379, 100176000.000000, 1.000000, 2, 5.120682, 38947327.206917, 38947327.206917
Z3, 13, 10, 4K, 71264.000000, 0.001308, 54483180.428135, 71264000.000000, 1.000000, 2, 5.120682, 34677271.392468, 34677271.392468
Z3, 14, 10, 4K, 87864.000000, 0.001240, 70858064.516129, 87864000.000000, 1.000000, 2, 5.120682, 37952248.210067, 37952248.210067
Z3, 15, 10, 4K, 125616.000000, 0.001720, 73032558.139535, 125616000.000000, 1.000000, 2, 5.120682, 38387146.934748, 38387146.934748
Z3, 16, 10, 4K, 148008.000000, 0.001545, 95798058.252427, 148008000.000000, 1.000000, 2, 5.120682, 42940246.957326, 42940246.957326
Z3, 17, 10, 4K, 196960.000000, 0.001679, 117307921.381775, 196960000.000000, 1.000000, 2, 5.120682, 47242219.583196, 47242219.583196
Z3, 18, 10, 4K, 128568.000000, 0.001518, 84695652.173913, 128568000.000000, 1.000000, 2, 5.120682, 40719765.741624, 40719765.741624
Z3, 19, 10, 4K, 101392.000000, 0.001431, 70853948.287911, 101392000.000000, 1.000000, 2, 5.120682, 37951424.964423, 37951424.964423
Z3, 20, 10, 4K, 96624.000000, 0.001384, 69815028.901734, 96624000.000000, 1.000000, 2, 5.120682, 37743641.087188, 37743641.087188
Z3, 21, 10, 4K, 235888.000000, 0.002064, 114286821.705426, 117944000.000000, 1.000000, 2, 5.120682, 46637999.647926, 46637999.647926
Z3, 22, 10, 4K, 238056.000000, 0.001965, 121148091.603053, 238056000.000000, 1.000000, 2, 5.120682, 48010253.627452, 48010253.627452
Z3, 23, 10, 4K, 231240.000000, 0.001935, 119503875.968992, 231240000.000000, 1.000000, 2, 5.120682, 47681410.500639, 47681410.500639
Z3, 24, 10, 4K, 299680.000000, 0.002200, 136218181.818182, 149840000.000000, 1.000000, 2, 5.120682, 51024271.670477, 51024271.670477
Z3, 25, 10, 4K, 228120.000000, 0.001930, 118196891.191710, 228120000.000000, 1.000000, 2, 5.120682, 47420013.545183, 47420013.545183
Z3, 26, 10, 4K, 227320.000000, 0.001901, 119579168.858496, 227320000.000000, 1.000000, 2, 5.120682, 47696469.078540, 47696469.078540
Z3, 27, 10, 4K, 304072.000000, 0.002089, 145558640.497846, 152036000.000000, 1.000000, 2, 5.120682, 52892363.406410, 52892363.406410
Z3, 28, 10, 4K, 353400.000000, 0.002373, 148925410.872314, 176700000.000000, 1.000000, 2, 5.120682, 53565717.481304, 53565717.481304
Z3, 29, 10, 4K, 172656.000000, 0.001561, 110606021.780910, 172656000.000000, 1.000000, 2, 5.120682, 45901839.663023, 45901839.663023
Z3, 30, 10, 4K, 98848.000000, 0.001402, 70504992.867332, 98848000.000000, 1.000000, 2, 5.120682, 37881633.880308, 37881633.880308
Z3, 31, 10, 4K, 91496.000000, 0.001323, 69157974.300831, 91496000.000000, 1.000000, 2, 5.120682, 37612230.167007, 37612230.167007
Z3, 32, 10, 4K, 97576.000000, 0.001368, 71327485.380117, 97576000.000000, 1.000000, 2, 5.120682, 38046132.382864, 38046132.382864
Z3, 33, 10, 4K, 97704.000000, 0.001289, 75798293.250582, 97704000.000000, 1.000000, 2, 5.120682, 38940293.956957, 38940293.956957
Z3, 34, 10, 4K, 88320.000000, 0.001340, 65910447.761194, 88320000.000000, 1.000000, 2, 5.120682, 36962724.859080, 36962724.859080
Z3, 35, 10, 4K, 87440.000000, 0.001347, 64914625.092799, 87440000.000000, 1.000000, 2, 5.120682, 36763560.325401, 36763560.325401
Z3, 36, 10, 4K, 104440.000000, 0.001520, 68710526.315789, 104440000.000000, 1.000000, 2, 5.120682, 37522740.569999, 37522740.569999
Z3, 37, 10, 4K, 121960.000000, 0.001525, 79973770.491803, 121960000.000000, 1.000000, 2, 5.120682, 39775389.405202, 39775389.405202
Z3, 38, 10, 4K, 101328.000000, 0.001378, 73532656.023222, 101328000.000000, 1.000000, 2, 5.120682, 38487166.511485, 38487166.511485
Z1, 0, 11, 4K, 106528.000000, 0.020680, 5151257.253385, 5326400.000000, 1.863533, 2, 5.257149, 35838244.123952, 35838244.123952
Z2, 0, 11, 4K, 20560.000000, 0.023012, 893446.897271, 893912.000000, 1.863533, 2, 5.257149, 34986682.052730, 34986682.052730
Z2, 1, 11, 4K, 91920.000000, 0.001160, 79241379.310345, 91920000.000000, 1.863533, 2, 5.257149, 50656268.535344, 50656268.535344
Z2, 2, 11, 4K, 89648.000000, 0.001368, 65532163.742690, 89648000.000000, 1.863533, 2, 5.257149, 47914425.421813, 47914425.421813
Z2, 3, 11, 4K, 207096.000000, 0.006154, 33652258.693533, 34516000.000000, 1.863533, 2, 5.257149, 41538444.411982, 41538444.411982
Z2, 4, 11, 4K, 144872.000000, 0.001521, 95247863.247863, 144872000.000000, 1.863533, 2, 5.257149, 53857565.322848, 53857565.322848
Z2, 5, 11, 4K, 187144.000000, 0.001878, 99650692.225772, 187144000.000000, 1.863533, 2, 5.257149, 54738131.118430, 54738131.118430
Z2, 6, 11, 4K, 96736.000000, 0.001199, 80680567.139283, 96736000.000000, 1.863533, 2, 5.257149, 50944106.101132, 50944106.101132
Z2, 7, 11, 4K, 148752.000000, 0.001535, 96906840.390879, 148752000.000000, 1.863533, 2, 5.257149, 54189360.751451, 54189360.751451
Z3, 0, 11, 4K, 6624.000000, 0.025564, 259114.379596, 264960.000000, 1.863533, 2, 5.257149, 34859815.549195, 34859815.549195
Z3, 1, 11, 4K, 30984.000000, 0.000944, 32822033.898305, 30984000.000000, 1.863533, 2, 5.257149, 41372399.452936, 41372399.452936
Z3, 2, 11, 4K, 34936.000000, 0.000943, 37047720.042418, 34936000.000000, 1.863533, 2, 5.257149, 42217536.681759, 42217536.681759
Z3, 3, 11, 4K, 27632.000000, 0.000814, 33945945.945946, 27632000.000000, 1.863533, 2, 5.257149, 41597181.862465, 41597181.862465
Z3, 4, 11, 4K, 23520.000000, 0.000784, 30000000.000000, 23520000.000000, 1.863533, 2, 5.257149, 40807992.673275, 40807992.673275
Z3, 5, 11, 4K, 31368.000000, 0.000807, 38869888.475836, 31368000.000000, 1.863533, 2, 5.257149, 42581970.368443, 42581970.368443
Z3, 6, 11, 4K, 54312.000000, 0.001008, 53880952.380952, 54312000.000000, 1.863533, 2, 5.257149, 45584183.149466, 45584183.149466
Z3, 7, 11, 4K, 40752.000000, 0.000878, 46414578.587699, 40752000.000000, 1.863533, 2, 5.257149, 44090908.390815, 44090908.390815
Z3, 8, 11, 4K, 38360.000000, 0.000974, 39383983.572895, 38360000.000000, 1.863533, 2, 5.257149, 42684789.387855, 42684789.387855
Z3, 9, 11, 4K, 36560.000000, 0.000850, 43011764.705882, 36560000.000000, 1.863533, 2, 5.257149, 43410345.614452, 43410345.614452
Z3, 10, 11, 4K, 21080.000000, 0.000799, 26382978.723404, 21080000.000000, 1.863533, 2, 5.257149, 40084588.417956, 40084588.417956
Z3, 11, 11, 4K, 15416.000000, 0.000768, 20072916.666667, 15416000.000000, 1.863533, 2, 5.257149, 38822576.006609, 38822576.006609
Z3, 12, 11, 4K, 138720.000000, 0.001340, 103522388.059701, 138720000.000000, 1.863533, 2, 5.257149, 55512470.285216, 55512470.285216
Z3, 13, 11, 4K, 120856.000000, 0.001304, 92680981.595092, 120856000.000000, 1.863533, 2, 5.257149, 53344188.992294, 53344188.992294
Z3, 14, 11, 4K, 114584.000000, 0.001303, 87938603.223331, 114584000.000000, 1.863533, 2, 5.257149, 52395713.317942, 52395713.317942
Z3, 15, 11, 4K, 144272.000000, 0.001372, 105154518.950437, 144272000.000000, 1.863533, 2, 5.257149, 55838896.463363, 55838896.463363
Z3, 16, 11, 4K, 138616.000000, 0.007907, 17530795.497660, 19802280.000000, 1.863533, 2, 5.257149, 38314151.772808, 38314151.772808
Z3, 17, 11, 4K, 211528.000000, 0.001961, 107867414.584396, 211528000.000000, 1.863533, 2, 5.257149, 56381475.590155, 56381475.590155
Z3, 18, 11, 4K, 135616.000000, 0.001561, 86877642.536835, 135616000.000000, 1.863533, 2, 5.257149, 52183521.180643, 52183521.180643
Z3, 19, 11, 4K, 99488.000000, 0.001472, 67586956.521739, 99488000.000000, 1.863533, 2, 5.257149, 48325383.977623, 48325383.977623
Z3, 20, 11, 4K, 90224.000000, 0.001006, 89685884.691849, 90224000.000000, 1.863533, 2, 5.257149, 52745169.611645, 52745169.611645
Z3, 21, 11, 4K, 254456.000000, 0.002063, 123342704.798837, 127228000.000000, 1.863533, 2, 5.257149, 59476533.633043, 59476533.633043
Z3, 22, 11, 4K, 295200.000000, 0.002349, 125670498.084291, 147600000.000000, 1.863533, 2, 5.257149, 59942092.290134, 59942092.290134
Z3, 23, 11, 4K, 337696.000000, 0.002757, 122486760.972071, 168848000.000000, 1.863533, 2, 5.257149, 59305344.867690, 59305344.867690
Z3, 24, 11, 4K, 372720.000000, 0.002613, 142640642.939150, 186360000.000000, 1.863533, 2, 5.257149, 63336121.261106, 63336121.261106
Z3, 25, 11, 4K, 225672.000000, 0.001790, 126073743.016760, 225672000.000000, 1.863533, 2, 5.257149, 60022741.276627, 60022741.276627
Z3, 26, 11, 4K, 265312.000000, 0.002175, 121982528.735632, 132656000.000000, 1.863533, 2, 5.257149, 59204498.420402, 59204498.420402
Z3, 27, 11, 4K, 373248.000000, 0.002164, 172480591.497227, 186624000.000000, 1.863533, 2, 5.257149, 69304110.972721, 69304110.972721
Z3, 28, 11, 4K, 513952.000000, 0.002407, 213523888.658081, 256976000.000000, 1.863533, 2, 5.257149, 77512770.404892, 77512770.404892
Z3, 29, 11, 4K, 265808.000000, 0.001636, 162474327.628362, 265808000.000000, 1.863533, 2, 5.257149, 67302858.198948, 67302858.198948
Z3, 30, 11, 4K, 102392.000000, 0.001533, 66791911.285062, 102392000.000000, 1.863533, 2, 5.257149, 48166374.930288, 48166374.930288
Z3, 31, 11, 4K, 91552.000000, 0.001518, 60310935.441370, 91552000.000000, 1.863533, 2, 5.257149, 46870179.761550, 46870179.761550
Z3, 32, 11, 4K, 101968.000000, 0.001237, 82431689.571544, 101968000.000000, 1.863533, 2, 5.257149, 51294330.587584, 51294330.587584
Z3, 33, 11, 4K, 107392.000000, 0.001401, 76653818.700928, 107392000.000000, 1.863533, 2, 5.257149, 50138756.413461, 50138756.413461
Z3, 34, 11, 4K, 80560.000000, 0.001258, 64038155.802862, 80560000.000000, 1.863533, 2, 5.257149, 47615623.833848, 47615623.833848
Z3, 35, 11, 4K, 93112.000000, 0.001408, 66130681.818182, 93112000.000000, 1.863533, 2, 5.257149, 48034129.036912, 48034129.036912
Z3, 36, 11, 4K, 90024.000000, 0.001375, 65472000.000000, 90024000.000000, 1.863533, 2, 5.257149, 47902392.673275, 47902392.673275
Z3, 37, 11, 4K, 76112.000000, 0.001336, 56970059.880240, 76112000.000000, 1.863533, 2, 5.257149, 46202004.649323, 46202004.649323
Z3, 38, 11, 4K, 104384.000000, 0.001654, 63110036.275695, 104384000.000000, 1.863533, 2, 5.257149, 47429999.928415, 47429999.928415
Z1, 0, 12, 4K, 177168.000000, 0.023445, 7556749.840051, 7702952.000000, 1.711338, 2, 5.409344, 44598039.688298, 44598039.688298
Z2, 0, 12, 4K, 6624.000000, 0.022964, 288451.489288, 301088.000000, 1.711338, 2, 5.409344, 43144380.018145, 43144380.018145
Z2, 1, 12, 4K, 20480.000000, 0.000741, 27638326.585695, 20480000.000000, 1.711338, 2, 5.409344, 48614355.037427, 48614355.037427
Z2, 2, 12, 4K, 11144.000000, 0.000680, 16388235.294118, 11144000.000000, 1.711338, 2, 5.409344, 46364336.779111, 46364336.779111
Z2, 3, 12, 4K, 104480.000000, 0.001334, 78320839.580210, 104480000.000000, 1.711338, 2, 5.409344, 58750857.636330, 58750857.636330
Z2, 4, 12, 4K, 214760.000000, 0.001804, 119046563.192905, 214760000.000000, 1.711338, 2, 5.409344, 66896002.358869, 66896002.358869
Z2, 5, 12, 4K, 256424.000000, 0.001923, 133345813.832553, 256424000.000000, 1.711338, 2, 5.409344, 69755852.486798, 69755852.486798
Z2, 6, 12, 4K, 80536.000000, 0.001142, 70521891.418564, 80536000.000000, 1.711338, 2, 5.409344, 57191068.004000, 57191068.004000
Z2, 7, 12, 4K, 97728.000000, 0.001156, 84539792.387543, 97728000.000000, 1.711338, 2, 5.409344, 59994648.197796, 59994648.197796
Z3, 0, 12, 4K, 19496.000000, 0.021300, 915305.164319, 928376.000000, 1.711338, 2, 5.409344, 43269750.753152, 43269750.753152
Z3, 1, 12, 4K, 41600.000000, 0.004134, 10062893.081761, 10400000.000000, 1.711338, 2, 5.409344, 45099268.336640, 45099268.336640
Z3, 2, 12, 4K, 26232.000000, 0.001073, 24447343.895620, 26232000.000000, 1.711338, 2, 5.409344, 47976158.499412, 47976158.499412
Z3, 3, 12, 4K, 35912.000000, 0.000639, 56200312.989045, 35912000.000000, 1.711338, 2, 5.409344, 54326752.318097, 54326752.318097
Z3, 4, 12, 4K, 31912.000000, 0.000909, 35106710.671067, 31912000.000000, 1.711338, 2, 5.409344, 50108031.854501, 50108031.854501
Z3, 5, 12, 4K, 19240.000000, 0.000646, 29783281.733746, 19240000.000000, 1.711338, 2, 5.409344, 49043346.067037, 49043346.067037
Z3, 6, 12, 4K, 15136.000000, 0.000840, 18019047.619048, 15136000.000000, 1.711338, 2, 5.409344, 46690499.244097, 46690499.244097
Z3, 7, 12, 4K, 11880.000000, 0.000597, 19899497.487437, 11880000.000000, 1.711338, 2, 5.409344, 47066589.217775, 47066589.217775
Z3, 8, 12, 4K, 11424.000000, 0.000678, 16849557.522124, 11424000.000000, 1.711338, 2, 5.409344, 46456601.224712, 46456601.224712
Z3, 9, 12, 4K, 12184.000000, 0.000819, 14876678.876679, 12184000.000000, 1.711338, 2, 5.409344, 46062025.495623, 46062025.495623
Z3, 10, 12, 4K, 110704.000000, 0.001556, 71146529.562982, 110704000.000000, 1.711338, 2, 5.409344, 57315995.632884, 57315995.632884
Z3, 11, 12, 4K, 129784.000000, 0.001333, 97362340.585146, 129784000.000000, 1.711338, 2, 5.409344, 62559157.837317, 62559157.837317
Z3, 12, 12, 4K, 166568.000000, 0.001426, 116807854.137447, 166568000.000000, 1.711338, 2, 5.409344, 66448260.547777, 66448260.547777
Z3, 13, 12, 4K, 122960.000000, 0.001350, 91081481.481481, 122960000.000000, 1.711338, 2, 5.409344, 61302986.016584, 61302986.016584
Z3, 14, 12, 4K, 171640.000000, 0.001405, 122163701.067616, 171640000.000000, 1.711338, 2, 5.409344, 67519429.933811, 67519429.933811
Z3, 15, 12, 4K, 164560.000000, 0.001526, 107837483.617300, 164560000.000000, 1.711338, 2, 5.409344, 64654186.443748, 64654186.443748
Z3, 16, 12, 4K, 200832.000000, 0.001923, 104436817.472699, 200832000.000000, 1.711338, 2, 5.409344, 63974053.214827, 63974053.214827
Z3, 17, 12, 4K, 163440.000000, 0.001503, 108742514.970060, 163440000.000000, 1.711338, 2, 5.409344, 64835192.714300, 64835192.714300
Z3, 18, 12, 4K, 195408.000000, 0.001521, 128473372.781065, 195408000.000000, 1.711338, 2, 5.409344, 68781364.276501, 68781364.276501
Z3, 19, 12, 4K, 141952.000000, 0.001416, 100248587.570621, 141952000.000000, 1.711338, 2, 5.409344, 63136407.234412, 63136407.234412
Z3, 20, 12, 4K, 115864.000000, 0.001459, 79413296.778615, 115864000.000000, 1.711338, 2, 5.409344, 58969349.076011, 58969349.076011
Z3, 21, 12, 4K, 248576.000000, 0.002011, 123608155.146693, 124288000.000000, 1.711338, 2, 5.409344, 67808320.749626, 67808320.749626
Z3, 22, 12, 4K, 345040.000000, 0.002402, 143646960.865945, 172520000.000000, 1.711338, 2, 5.409344, 71816081.893477, 71816081.893477
Z3, 23, 12, 4K, 295296.000000, 0.001975, 149516962.025316, 295296000.000000, 1.711338, 2, 5.409344, 72990082.125351, 72990082.125351
Z3, 24, 12, 4K, 385520.000000, 0.002346, 164330775.788576, 192760000.000000, 1.711338, 2, 5.409344, 75952844.878003, 75952844.878003
Z3, 25, 12, 4K, 219952.000000, 0.001588, 138508816.120907, 219952000.000000, 1.711338, 2, 5.409344, 70788452.944469, 70788452.944469
Z3, 26, 12, 4K, 323240.000000, 0.002386, 135473595.976530, 161620000.000000, 1.711338, 2, 5.409344, 70181408.915594, 70181408.915594
Z3, 27, 12, 4K, 481656.000000, 0.002510, 191894820.717131, 240828000.000000, 1.711338, 2, 5.409344, 81465653.863714, 81465653.863714
Z3, 28, 12, 4K, 552784.000000, 0.002872, 192473537.604457, 276392000.000000, 1.711338, 2, 5.409344, 81581397.241179, 81581397.241179
Z3, 29, 12, 4K, 439328.000000, 0.002522, 174198255.352895, 219664000.000000, 1.711338, 2, 5.409344, 77926340.790867, 77926340.790867
Z3, 30, 12, 4K, 78928.000000, 0.001424, 55426966.292135, 78928000.000000, 1.711338, 2, 5.409344, 54172082.978715, 54172082.978715
Z3, 31, 12, 4K, 90936.000000, 0.001426, 63769985.974755, 90936000.000000, 1.711338, 2, 5.409344, 55840686.915239, 55840686.915239
Z3, 32, 12, 4K, 108688.000000, 0.001269, 85648542.159180, 108688000.000000, 1.711338, 2, 5.409344, 60216398.152124, 60216398.152124
Z3, 33, 12, 4K, 106656.000000, 0.001444, 73861495.844875, 106656000.000000, 1.711338, 2, 5.409344, 57858988.889263, 57858988.889263
Z3, 34, 12, 4K, 105120.000000, 0.001398, 75193133.047210, 105120000.000000, 1.711338, 2, 5.409344, 58125316.329730, 58125316.329730
Z3, 35, 12, 4K, 114168.000000, 0.001579, 72303989.867004, 114168000.000000, 1.711338, 2, 5.409344, 57547487.693689, 57547487.693689
Z3, 36, 12, 4K, 172408.000000, 0.001705, 101119061.583578, 172408000.000000, 1.711338, 2, 5.409344, 63310502.037003, 63310502.037003
Z3, 37, 12, 4K, 121920.000000, 0.001610, 75726708.074534, 121920000.000000, 1.711338, 2, 5.409344, 58232031.335195, 58232031.335195
Z3, 38, 12, 4K, 90808.000000, 0.001129, 80432240.921169, 90808000.000000, 1.711338, 2, 5.409344, 59173137.904522, 59173137.904522
Z1, 0, 13, 4K, 12072.000000, 0.021130, 571320.397539, 574856.000000, 1.567983, 2, 6.552699, 51156981.815962, 51156981.815962
Z2, 0, 13, 4K, 6624.000000, 0.024943, 265565.489316, 276000.000000, 1.567983, 2, 6.552699, 51095830.834317, 51095830.834317
Z2, 1, 13, 4K, 14096.000000, 0.000922, 15288503.253796, 14096000.000000, 1.567983, 2, 6.552699, 54100418.387213, 54100418.387213
Z2, 2, 13, 4K, 11568.000000, 0.000859, 13466821.885914, 11568000.000000, 1.567983, 2, 6.552699, 53736082.113637, 53736082.113637
Z2, 3, 13, 4K, 265632.000000, 0.002114, 125653736.991485, 132816000.000000, 1.567983, 2, 6.552699, 76173465.134751, 76173465.134751
Z2, 4, 13, 4K, 231376.000000, 0.002256, 102560283.687943, 115688000.000000, 1.567983, 2, 6.552699, 71554774.474043, 71554774.474043
Z2, 5, 13, 4K, 217208.000000, 0.001741, 124760482.481333, 217208000.000000, 1.567983, 2, 6.552699, 75994814.232721, 75994814.232721
Z2, 6, 13, 4K, 162672.000000, 0.001636, 99432762.836186, 162672000.000000, 1.567983, 2, 6.552699, 70929270.303691, 70929270.303691
Z2, 7, 13, 4K, 176832.000000, 0.001676, 105508353.221957, 176832000.000000, 1.567983, 2, 6.552699, 72144388.380846, 72144388.380846
Z3, 0, 13, 4K, 18240.000000, 0.022976, 793871.866295, 829088.000000, 1.567983, 2, 6.552699, 51201492.109713, 51201492.109713
Z3, 1, 13, 4K, 19120.000000, 0.001032, 18527131.782946, 19120000.000000, 1.567983, 2, 6.552699, 54748144.093043, 54748144.093043
Z3, 2, 13, 4K, 17576.000000, 0.000801, 21942571.785268, 17576000.000000, 1.567983, 2, 6.552699, 55431232.093508, 55431232.093508
Z3, 3, 13, 4K, 13752.000000, 0.001182, 11634517.766497, 13752000.000000, 1.567983, 2, 6.552699, 53369621.289754, 53369621.289754
Z3, 4, 13, 4K, 20424.000000, 0.000869, 23502876.869965, 20424000.000000, 1.567983, 2, 6.552699, 55743293.110447, 55743293.110447
Z3, 5, 13, 4K, 31888.000000, 0.000942, 33851380.042463, 31888000.000000, 1.567983, 2, 6.552699, 57812993.744947, 57812993.744947
Z3, 6, 13, 4K, 34824.000000, 0.000796, 43748743.718593, 34824000.000000, 1.567983, 2, 6.552699, 59792466.480173, 59792466.480173
Z3, 7, 13, 4K, 27304.000000, 0.000809, 33750309.023486, 27304000.000000, 1.567983, 2, 6.552699, 57792779.541151, 57792779.541151
Z3, 8, 13, 4K, 24832.000000, 0.000950, 26138947.368421, 24832000.000000, 1.567983, 2, 6.552699, 56270507.210138, 56270507.210138
Z3, 9, 13, 4K, 102416.000000, 0.001212, 84501650.165017, 102416000.000000, 1.567983, 2, 6.552699, 67943047.769458, 67943047.769458
Z3, 10, 13, 4K, 123344.000000, 0.001473, 83736591.989138, 123344000.000000, 1.567983, 2, 6.552699, 67790036.134282, 67790036.134282
Z3, 11, 13, 4K, 125056.000000, 0.001394, 89710186.513630, 125056000.000000, 1.567983, 2, 6.552699, 68984755.039180, 68984755.039180
Z3, 12, 13, 4K, 117608.000000, 0.001454, 80885832.187070, 117608000.000000, 1.567983, 2, 6.552699, 67219884.173868, 67219884.173868
Z3, 13, 13, 4K, 166128.000000, 0.001572, 105679389.312977, 166128000.000000, 1.567983, 2, 6.552699, 72178595.599050, 72178595.599050
Z3, 14, 13, 4K, 184040.000000, 0.001433, 128429867.411026, 184040000.000000, 1.567983, 2, 6.552699, 76728691.218659, 76728691.218659
Z3, 15, 13, 4K, 326472.000000, 0.002326, 140357695.614789, 163236000.000000, 1.567983, 2, 6.552699, 79114256.859412, 79114256.859412
Z3, 16, 13, 4K, 315832.000000, 0.002339, 135028644.719966, 157916000.000000, 1.567983, 2, 6.552699, 78048446.680447, 78048446.680447
Z3, 17, 13, 4K, 278216.000000, 0.005470, 50862157.221207, 55643200.000000, 1.567983, 2, 6.552699, 61215149.180696, 61215149.180696
Z3, 18, 13, 4K, 183344.000000, 0.001561, 117452914.798206, 183344000.000000, 1.567983, 2, 6.552699, 74533300.696096, 74533300.696096
Z3, 19, 13, 4K, 213632.000000, 0.001577, 135467343.056436, 213632000.000000, 1.567983, 2, 6.552699, 78136186.347742, 78136186.347742
Z3, 20, 13, 4K, 248704.000000, 0.001899, 130965771.458662, 248704000.000000, 1.567983, 2, 6.552699, 77235872.028187, 77235872.028187
Z3, 21, 13, 4K, 291920.000000, 0.002156, 135398886.827458, 145960000.000000, 1.567983, 2, 6.552699, 78122495.101946, 78122495.101946
Z3, 22, 13, 4K, 272896.000000, 0.001841, 148232482.346551, 272896000.000000, 1.567983, 2, 6.552699, 80689214.205764, 80689214.205764
Z3, 23, 13, 4K, 353984.000000, 0.002234, 158452999.104745, 176992000.000000, 1.567983, 2, 6.552699, 82733317.557403, 82733317.557403
Z3, 24, 13, 4K, 187896.000000, 0.001608, 116850746.268657, 187896000.000000, 1.567983, 2, 6.552699, 74412866.990186, 74412866.990186
Z3, 25, 13, 4K, 267712.000000, 0.001696, 157849056.603774, 267712000.000000, 1.567983, 2, 6.552699, 82612529.057209, 82612529.057209
Z3, 26, 13, 4K, 360608.000000, 0.002216, 162729241.877256, 180304000.000000, 1.567983, 2, 6.552699, 83588566.111906, 83588566.111906
Z3, 27, 13, 4K, 316984.000000, 0.002156, 147024118.738404, 158492000.000000, 1.567983, 2, 6.552699, 80447541.484135, 80447541.484135
Z3, 28, 13, 4K, 344104.000000, 0.001904, 180726890.756303, 344104000.000000, 1.567983, 2, 6.552699, 87188095.887715, 87188095.887715
Z3, 29, 13, 4K, 316392.000000, 0.001963, 161177789.098319, 316392000.000000, 1.567983, 2, 6.552699, 83278275.556118, 83278275.556118
Z3, 30, 13, 4K, 94808.000000, 0.001393, 68060301.507538, 94808000.000000, 1.567983, 2, 6.552699, 64654778.037962, 64654778.037962
Z3, 31, 13, 4K, 89856.000000, 0.001782, 50424242.424242, 89856000.000000, 1.567983, 2, 6.552699, 61127566.221303, 61127566.221303
Z3, 32, 13, 4K, 76680.000000, 0.001102, 69582577.132486, 76680000.000000, 1.567983, 2, 6.552699, 64959233.162952, 64959233.162952
Z3, 33, 13, 4K, 75464.000000, 0.001302, 57960061.443932, 75464000.000000, 1.567983, 2, 6.552699, 62634730.025241, 62634730.025241
Z3, 34, 13, 4K, 75568.000000, 0.001270, 59502362.204724, 75568000.000000, 1.567983, 2, 6.552699, 62943190.177399, 62943190.177399
Z3, 35, 13, 4K, 53048.000000, 0.001482, 35794871.794872, 53048000.000000, 1.567983, 2, 6.552699, 58201692.095429, 58201692.095429
Z3, 36, 13, 4K, 71632.000000, 0.001212, 59102310.231023, 71632000.000000, 1.567983, 2, 6.552699, 62863179.782659, 62863179.782659
Z3, 37, 13, 4K, 124120.000000, 0.001518, 81765480.895916, 124120000.000000, 1.567983, 2, 6.552699, 67395813.915637, 67395813.915637
Z3, 38, 13, 4K, 159576.000000, 0.001612, 98992555.831266, 159576000.000000, 1.567983, 2, 6.552699, 70841228.902707, 70841228.902707
Z1, 0, 14, 4K, 36464.000000, 0.020784, 1754426.481909, 1823200.000000, 1.420068, 2, 6.700614, 63564383.106652, 63564383.106652
Z2, 0, 14, 4K, 6624.000000, 0.025183, 263034.586824, 264960.000000, 1.420068, 2, 6.700614, 63266104.727635, 63266104.727635
Z2, 1, 14, 4K, 65528.000000, 0.001086, 60338858.195212, 65528000.000000, 1.420068, 2, 6.700614, 75281269.449313, 75281269.449313
Z2, 2, 14, 4K, 26120.000000, 0.000845, 30911242.603550, 26120000.000000, 1.420068, 2, 6.700614, 69395746.330980, 69395746.330980
Z2, 3, 14, 4K, 276584.000000, 0.002208, 125264492.753623, 138292000.000000, 1.420068, 2, 6.700614, 88266396.360995, 88266396.360995
Z2, 4, 14, 4K, 310648.000000, 0.001997, 155557336.004006, 310648000.000000, 1.420068, 2, 6.700614, 94324965.011072, 94324965.011072
Z2, 5, 14, 4K, 211048.000000, 0.001434, 147174337.517434, 211048000.000000, 1.420068, 2, 6.700614, 92648365.313757, 92648365.313757
Z2, 6, 14, 4K, 102528.000000, 0.001405, 72973665.480427, 102528000.000000, 1.420068, 2, 6.700614, 77808230.906356, 77808230.906356
Z2, 7, 14, 4K, 101856.000000, 0.001193, 85378038.558256, 101856000.000000, 1.420068, 2, 6.700614, 80289105.521922, 80289105.521922
Z3, 0, 14, 4K, 19944.000000, 0.021657, 920903.172185, 949712.000000, 1.420068, 2, 6.700614, 63397678.444707, 63397678.444707
Z3, 1, 14, 4K, 27688.000000, 0.000938, 29518123.667377, 27688000.000000, 1.420068, 2, 6.700614, 69117122.543746, 69117122.543746
Z3, 2, 14, 4K, 29160.000000, 0.001056, 27613636.363636, 29160000.000000, 1.420068, 2, 6.700614, 68736225.082998, 68736225.082998
Z3, 3, 14, 4K, 17040.000000, 0.000981, 17370030.581040, 17040000.000000, 1.420068, 2, 6.700614, 66687503.926478, 66687503.926478
Z3, 4, 14, 4K, 29288.000000, 0.000806, 36337468.982630, 29288000.000000, 1.420068, 2, 6.700614, 70480991.606796, 70480991.606796
Z3, 5, 14, 4K, 29392.000000, 0.000874, 33629290.617849, 29392000.000000, 1.420068, 2, 6.700614, 69939355.933840, 69939355.933840
Z3, 6, 14, 4K, 19864.000000, 0.000824, 24106796.116505, 19864000.000000, 1.420068, 2, 6.700614, 68034857.033571, 68034857.033571
Z3, 7, 14, 4K, 46568.000000, 0.001071, 43480859.010271, 46568000.000000, 1.420068, 2, 6.700614, 71909669.612325, 71909669.612325
Z3, 8, 14, 4K, 77848.000000, 0.001166, 66765008.576329, 77848000.000000, 1.420068, 2, 6.700614, 76566499.525536, 76566499.525536
Z3, 9, 14, 4K, 121432.000000, 0.001304, 93122699.386503, 121432000.000000, 1.420068, 2, 6.700614, 81838037.687571, 81838037.687571
Z3, 10, 14, 4K, 178104.000000, 0.001601, 111245471.580262, 178104000.000000, 1.420068, 2, 6.700614, 85462592.126323, 85462592.126323
Z3, 11, 14, 4K, 144672.000000, 0.001331, 108694214.876033, 144672000.000000, 1.420068, 2, 6.700614, 84952340.785477, 84952340.785477
Z3, 12, 14, 4K, 153792.000000, 0.001567, 98144224.633057, 153792000.000000, 1.420068, 2, 6.700614, 82842342.736882, 82842342.736882
Z3, 13, 14, 4K, 193616.000000, 0.001678, 115384982.121573, 193616000.000000, 1.420068, 2, 6.700614, 86290494.234585, 86290494.234585
Z3, 14, 14, 4K, 215184.000000, 0.001647, 130652094.717668, 215184000.000000, 1.420068, 2, 6.700614, 89343916.753804, 89343916.753804
Z3, 15, 14, 4K, 391928.000000, 0.002340, 167490598.290598, 195964000.000000, 1.420068, 2, 6.700614, 96711617.468390, 96711617.468390
Z3, 16, 14, 4K, 320024.000000, 0.002196, 145730418.943534, 160012000.000000, 1.420068, 2, 6.700614, 92359581.598977, 92359581.598977
Z3, 17, 14, 4K, 268840.000000, 0.001863, 144304884.594740, 268840000.000000, 1.420068, 2, 6.700614, 92074474.729218, 92074474.729218
Z3, 18, 14, 4K, 275832.000000, 0.005827, 47336880.041188, 55166400.000000, 1.420068, 2, 6.700614, 72680873.818508, 72680873.818508
Z3, 19, 14, 4K, 163384.000000, 0.001524, 107207349.081365, 163384000.000000, 1.420068, 2, 6.700614, 84654967.626543, 84654967.626543
Z3, 20, 14, 4K, 193688.000000, 0.001602, 120903870.162297, 193688000.000000, 1.420068, 2, 6.700614, 87394271.842730, 87394271.842730
Z3, 21, 14, 4K, 225432.000000, 0.001814, 124273428.886439, 225432000.000000, 1.420068, 2, 6.700614, 88068183.587558, 88068183.587558
Z3, 22, 14, 4K, 248896.000000, 0.001613, 154306261.624303, 248896000.000000, 1.420068, 2, 6.700614, 94074750.135131, 94074750.135131
Z3, 23, 14, 4K, 266808.000000, 0.001758, 151767918.088737, 266808000.000000, 1.420068, 2, 6.700614, 93567081.428018, 93567081.428018
Z3, 24, 14, 4K, 164848.000000, 0.001551, 106284977.433914, 164848000.000000, 1.420068, 2, 6.700614, 84470493.297053, 84470493.297053
Z3, 25, 14, 4K, 188952.000000, 0.001457, 129685655.456417, 188952000.000000, 1.420068, 2, 6.700614, 89150628.901554, 89150628.901554
Z3, 26, 14, 4K, 335320.000000, 0.001992, 168333333.333333, 335320000.000000, 1.420068, 2, 6.700614, 96880164.476937, 96880164.476937
Z3, 27, 14, 4K, 365224.000000, 0.002122, 172113100.848256, 182612000.000000, 1.420068, 2, 6.700614, 97636117.979922, 97636117.979922
Z3, 28, 14, 4K, 392736.000000, 0.002652, 148090497.737557, 196368000.000000, 1.420068, 2, 6.700614, 92831597.357782, 92831597.357782
Z3, 29, 14, 4K, 324128.000000, 0.002004, 161740518.962076, 162064000.000000, 1.420068, 2, 6.700614, 95561601.602686, 95561601.602686
Z3, 30, 14, 4K, 37424.000000, 0.001261, 29678033.306899, 37424000.000000, 1.420068, 2, 6.700614, 69149104.471650, 69149104.471650
Z3, 31, 14, 4K, 36240.000000, 0.001410, 25702127.659574, 36240000.000000, 1.420068, 2, 6.700614, 68353923.342185, 68353923.342185
Z3, 32, 14, 4K, 32904.000000, 0.000844, 38985781.990521, 32904000.000000, 1.420068, 2, 6.700614, 71010654.208375, 71010654.208375
Z3, 33, 14, 4K, 33208.000000, 0.000897, 37021181.716834, 33208000.000000, 1.420068, 2, 6.700614, 70617734.153637, 70617734.153637
Z3, 34, 14, 4K, 27104.000000, 0.000882, 30730158.730159, 27104000.000000, 1.420068, 2, 6.700614, 69359529.556302, 69359529.556302
Z3, 35, 14, 4K, 27712.000000, 0.001012, 27383399.209486, 27712000.000000, 1.420068, 2, 6.700614, 68690177.652168, 68690177.652168
Z3, 36, 14, 4K, 69480.000000, 0.001070, 64934579.439252, 69480000.000000, 1.420068, 2, 6.700614, 76200413.698121, 76200413.698121
Z3, 37, 14, 4K, 104904.000000, 0.001491, 70358148.893360, 104904000.000000, 1.420068, 2, 6.700614, 77285127.588942, 77285127.588942
Z3, 38, 14, 4K, 111104.000000, 0.001362, 81574155.653451, 111104000.000000, 1.420068, 2, 6.700614, 79528328.940961, 79528328.940961
Z1, 0, 15, 4K, 278440.000000, 0.022772, 12227296.680133, 12656360.000000, 1.276968, 2, 7.843714, 67267257.072343, 67267257.072343
Z2, 0, 15, 4K, 6624.000000, 0.024593, 269344.935551, 276000.000000, 1.276968, 2, 7.843714, 64875666.723426, 64875666.723426
Z2, 1, 15, 4K, 92296.000000, 0.001143, 80748906.386702, 92296000.000000, 1.276968, 2, 7.843714, 80971579.013656, 80971579.013656
Z2, 2, 15, 4K, 97816.000000, 0.001313, 74498095.963443, 97816000.000000, 1.276968, 2, 7.843714, 79721416.929005, 79721416.929005
Z2, 3, 15, 4K, 40600.000000, 0.001092, 37179487.179487, 40600000.000000, 1.276968, 2, 7.843714, 72257695.172214, 72257695.172214
Z2, 4, 15, 4K, 232152.000000, 0.001715, 135365597.667638, 232152000.000000, 1.276968, 2, 7.843714, 91894917.269844, 91894917.269844
Z2, 5, 15, 4K, 255400.000000, 0.001942, 131513903.192585, 255400000.000000, 1.276968, 2, 7.843714, 91124578.374833, 91124578.374833
Z2, 6, 15, 4K, 249784.000000, 0.001709, 146157987.126975, 249784000.000000, 1.276968, 2, 7.843714, 94053395.161711, 94053395.161711
Z2, 7, 15, 4K, 288648.000000, 0.001846, 156364030.335861, 288648000.000000, 1.276968, 2, 7.843714, 96094603.803488, 96094603.803488
Z3, 0, 15, 4K, 12608.000000, 0.020588, 612395.570235, 630400.000000, 1.276968, 2, 7.843714, 64944276.850363, 64944276.850363
Z3, 1, 15, 4K, 14232.000000, 0.000815, 17462576.687117, 14232000.000000, 1.276968, 2, 7.843714, 68314313.073739, 68314313.073739
Z3, 2, 15, 4K, 18288.000000, 0.000860, 21265116.279070, 18288000.000000, 1.276968, 2, 7.843714, 69074820.992130, 69074820.992130
Z3, 3, 15, 4K, 17960.000000, 0.001267, 14175217.048145, 17960000.000000, 1.276968, 2, 7.843714, 67656841.145945, 67656841.145945
Z3, 4, 15, 4K, 30136.000000, 0.000916, 32899563.318777, 30136000.000000, 1.276968, 2, 7.843714, 71401710.400072, 71401710.400072
Z3, 5, 15, 4K, 38832.000000, 0.001077, 36055710.306407, 38832000.000000, 1.276968, 2, 7.843714, 72032939.797597, 72032939.797597
Z3, 6, 15, 4K, 80120.000000, 0.001236, 64822006.472492, 80120000.000000, 1.276968, 2, 7.843714, 77786199.030815, 77786199.030815
Z3, 7, 15, 4K, 115624.000000, 0.001519, 76118499.012508, 115624000.000000, 1.276968, 2, 7.843714, 80045497.538818, 80045497.538818
Z3, 8, 15, 4K, 91976.000000, 0.001405, 65463345.195730, 91976000.000000, 1.276968, 2, 7.843714, 77914466.775462, 77914466.775462
Z3, 9, 15, 4K, 131496.000000, 0.001490, 88252348.993289, 131496000.000000, 1.276968, 2, 7.843714, 82472267.534974, 82472267.534974
Z3, 10, 15, 4K, 151608.000000, 0.001440, 105283333.333333, 151608000.000000, 1.276968, 2, 7.843714, 85878464.402983, 85878464.402983
Z3, 11, 15, 4K, 133200.000000, 0.001414, 94200848.656294, 133200000.000000, 1.276968, 2, 7.843714, 83661967.467575, 83661967.467575
Z3, 12, 15, 4K, 197848.000000, 0.001609, 122963331.261653, 197848000.000000, 1.276968, 2, 7.843714, 89414463.988647, 89414463.988647
Z3, 13, 15, 4K, 216432.000000, 0.001630, 132780368.098160, 216432000.000000, 1.276968, 2, 7.843714, 91377871.355948, 91377871.355948
Z3, 14, 15, 4K, 250032.000000, 0.001884, 132713375.796178, 250032000.000000, 1.276968, 2, 7.843714, 91364472.895552, 91364472.895552
Z3, 15, 15, 4K, 238656.000000, 0.001873, 127419113.721303, 238656000.000000, 1.276968, 2, 7.843714, 90305620.480577, 90305620.480577
Z3, 16, 15, 4K, 165160.000000, 0.001634, 101077111.383109, 165160000.000000, 1.276968, 2, 7.843714, 85037220.012938, 85037220.012938
Z3, 17, 15, 4K, 167848.000000, 0.001513, 110937210.839392, 167848000.000000, 1.276968, 2, 7.843714, 87009239.904195, 87009239.904195
Z3, 18, 15, 4K, 132104.000000, 0.001337, 98806282.722513, 132104000.000000, 1.276968, 2, 7.843714, 84583054.280819, 84583054.280819
Z3, 19, 15, 4K, 143824.000000, 0.001484, 96916442.048518, 143824000.000000, 1.276968, 2, 7.843714, 84205086.146020, 84205086.146020
Z3, 20, 15, 4K, 175072.000000, 0.005094, 34368276.403612, 35014400.000000, 1.276968, 2, 7.843714, 71695453.017039, 71695453.017039
Z3, 21, 15, 4K, 170296.000000, 0.001713, 99413893.753649, 170296000.000000, 1.276968, 2, 7.843714, 84704576.487046, 84704576.487046
Z3, 22, 15, 4K, 193376.000000, 0.001747, 110690326.273612, 193376000.000000, 1.276968, 2, 7.843714, 86959862.991039, 86959862.991039
Z3, 23, 15, 4K, 150872.000000, 0.001618, 93245982.694685, 150872000.000000, 1.276968, 2, 7.843714, 83470994.275253, 83470994.275253
Z3, 24, 15, 4K, 172416.000000, 0.001701, 101361552.028219, 172416000.000000, 1.276968, 2, 7.843714, 85094108.141960, 85094108.141960
Z3, 25, 15, 4K, 210512.000000, 0.001949, 108010261.672653, 210512000.000000, 1.276968, 2, 7.843714, 86423850.070847, 86423850.070847
Z3, 26, 15, 4K, 202256.000000, 0.001851, 109268503.511615, 202256000.000000, 1.276968, 2, 7.843714, 86675498.438639, 86675498.438639
Z3, 27, 15, 4K, 207528.000000, 0.001795, 115614484.679666, 207528000.000000, 1.276968, 2, 7.843714, 87944694.672249, 87944694.672249
Z3, 28, 15, 4K, 46288.000000, 0.000997, 46427281.845537, 46288000.000000, 1.276968, 2, 7.843714, 74107254.105423, 74107254.105423
Z3, 29, 15, 4K, 38120.000000, 0.001080, 35296296.296296, 38120000.000000, 1.276968, 2, 7.843714, 71881056.995575, 71881056.995575
Z3, 30, 15, 4K, 29864.000000, 0.001205, 24783402.489627, 29864000.000000, 1.276968, 2, 7.843714, 69778478.234241, 69778478.234241
Z3, 31, 15, 4K, 29864.000000, 0.000972, 30724279.835391, 29864000.000000, 1.276968, 2, 7.843714, 70966653.703394, 70966653.703394
Z3, 32, 15, 4K, 42832.000000, 0.001016, 42157480.314961, 42832000.000000, 1.276968, 2, 7.843714, 73253293.799308, 73253293.799308
Z3, 33, 15, 4K, 53400.000000, 0.001622, 32922318.125771, 53400000.000000, 1.276968, 2, 7.843714, 71406261.361470, 71406261.361470
Z3, 34, 15, 4K, 54248.000000, 0.001180, 45972881.355932, 54248000.000000, 1.276968, 2, 7.843714, 74016374.007503, 74016374.007503
Z3, 35, 15, 4K, 56416.000000, 0.001254, 44988835.725678, 56416000.000000, 1.276968, 2, 7.843714, 73819564.881452, 73819564.881452
Z3, 36, 15, 4K, 63392.000000, 0.001480, 42832432.432432, 63392000.000000, 1.276968, 2, 7.843714, 73388284.222803, 73388284.222803
Z3, 37, 15, 4K, 78136.000000, 0.001255, 62259760.956175, 78136000.000000, 1.276968, 2, 7.843714, 77273749.927551, 77273749.927551
Z3, 38, 15, 4K, 85200.000000, 0.001299, 65588914.549654, 85200000.000000, 1.276968, 2, 7.843714, 77939580.646247, 77939580.646247
