Zone, Tile_no, Seg_no, Reso, Seg_d_size, Seg_d_time, Bitrate, Bitrate1, Buf_lev, Buf_limit, Elapsed, Ref_vp, Local_avg
Z1, 0, 1, 720, 9960.000000, 0.953288, 10448.049278, 10448.000000, 1.000000, 2, 0.000062, 10448.049278, 10448.049278
Z2, 0, 1, 720, 8952.000000, 0.474784, 18854.889803, 18880.000000, 1.000000, 2, 0.000062, 9427.444901, 9427.444901
Z2, 1, 1, 720, 5424.000000, 0.150939, 35935.046608, 36160.000000, 1.000000, 2, 0.000062, 11978.348869, 11978.348869
Z2, 2, 1, 720, 7080.000000, 0.151001, 46887.106708, 46880.000000, 1.000000, 2, 0.000062, 11721.776677, 11721.776677
Z2, 3, 1, 720, 18976.000000, 0.151078, 125603.992640, 125664.000000, 1.000000, 2, 0.000062, 25120.798528, 25120.798528
Z2, 4, 1, 720, 8720.000000, 0.151014, 57742.990716, 57744.000000, 1.000000, 2, 0.000062, 11548.598143, 11548.598143
Z2, 5, 1, 720, 8336.000000, 0.151033, 55193.235915, 55200.000000, 1.000000, 2, 0.000062, 11038.647183, 11038.647183
Z2, 6, 1, 720, 6376.000000, 0.150998, 42225.724844, 42504.000000, 1.000000, 2, 0.000062, 8445.144969, 8445.144969
Z2, 7, 1, 720, 6872.000000, 0.150974, 45517.771272, 45808.000000, 1.000000, 2, 0.000062, 9103.554254, 9103.554254
Z3, 0, 1, 720, 7080.000000, 0.825053, 8581.266900, 8576.000000, 1.000000, 2, 0.000062, 1716.253380, 1716.253380
Z3, 1, 1, 720, 7080.000000, 0.150950, 46902.947996, 47200.000000, 1.000000, 2, 0.000062, 9380.589599, 9380.589599
Z3, 2, 1, 720, 5664.000000, 0.150898, 37535.288738, 37760.000000, 1.000000, 2, 0.000062, 7507.057748, 7507.057748
Z3, 3, 1, 720, 7080.000000, 0.150931, 46908.852390, 47200.000000, 1.000000, 2, 0.000062, 9381.770478, 9381.770478
Z3, 4, 1, 720, 7080.000000, 0.150932, 46908.541595, 47200.000000, 1.000000, 2, 0.000062, 9381.708319, 9381.708319
Z3, 5, 1, 720, 5664.000000, 0.150920, 37529.817122, 37760.000000, 1.000000, 2, 0.000062, 7505.963424, 7505.963424
Z3, 6, 1, 720, 7080.000000, 0.150908, 46916.001802, 47200.000000, 1.000000, 2, 0.000062, 9383.200360, 9383.200360
Z3, 7, 1, 720, 7080.000000, 0.150946, 46904.190903, 47200.000000, 1.000000, 2, 0.000062, 9380.838181, 9380.838181
Z3, 8, 1, 720, 5664.000000, 0.150882, 37539.269098, 37760.000000, 1.000000, 2, 0.000062, 7507.853820, 7507.853820
Z3, 9, 1, 720, 7080.000000, 0.150890, 46921.598515, 47200.000000, 1.000000, 2, 0.000062, 9384.319703, 9384.319703
Z3, 10, 1, 720, 12904.000000, 0.150945, 85488.091689, 86024.000000, 1.000000, 2, 0.000062, 17097.618338, 17097.618338
Z3, 11, 1, 720, 17344.000000, 0.150933, 114911.914558, 115624.000000, 1.000000, 2, 0.000062, 22982.382912, 22982.382912
Z3, 12, 1, 720, 16912.000000, 0.151023, 111982.942995, 112000.000000, 1.000000, 2, 0.000062, 22396.588599, 22396.588599
Z3, 13, 1, 720, 13240.000000, 0.151010, 87676.312827, 87680.000000, 1.000000, 2, 0.000062, 17535.262565, 17535.262565
Z3, 14, 1, 720, 28328.000000, 0.151094, 187485.935907, 187600.000000, 1.000000, 2, 0.000062, 37497.187181, 37497.187181
Z3, 15, 1, 720, 30528.000000, 0.150968, 202215.038949, 203520.000000, 1.000000, 2, 0.000062, 40443.007790, 40443.007790
Z3, 16, 1, 720, 16360.000000, 0.151070, 108294.168266, 108344.000000, 1.000000, 2, 0.000062, 21658.833653, 21658.833653
Z3, 17, 1, 720, 33216.000000, 0.151026, 219935.640221, 219968.000000, 1.000000, 2, 0.000062, 43987.128044, 43987.128044
Z3, 18, 1, 720, 28000.000000, 0.151014, 185413.272942, 185424.000000, 1.000000, 2, 0.000062, 37082.654588, 37082.654588
Z3, 19, 1, 720, 15744.000000, 0.151002, 104263.519688, 104264.000000, 1.000000, 2, 0.000062, 20852.703938, 20852.703938
Z3, 20, 1, 720, 16024.000000, 0.151045, 106087.589791, 106112.000000, 1.000000, 2, 0.000062, 21217.517958, 21217.517958
Z3, 21, 1, 720, 11576.000000, 0.644106, 17972.197123, 17968.000000, 1.000000, 2, 0.000062, 3594.439425, 3594.439425
Z3, 22, 1, 720, 10816.000000, 0.150881, 71685.633049, 72104.000000, 1.000000, 2, 0.000062, 14337.126610, 14337.126610
Z3, 23, 1, 720, 13224.000000, 0.150748, 87722.556850, 88160.000000, 1.000000, 2, 0.000062, 17544.511370, 17544.511370
Z3, 24, 1, 720, 17528.000000, 0.150851, 116194.125329, 116848.000000, 1.000000, 2, 0.000062, 23238.825066, 23238.825066
Z3, 25, 1, 720, 23824.000000, 0.676870, 35197.305243, 35240.000000, 1.000000, 2, 0.000062, 7039.461049, 7039.461049
Z3, 26, 1, 720, 11024.000000, 0.151000, 73006.622517, 73000.000000, 1.000000, 2, 0.000062, 14601.324503, 14601.324503
Z3, 27, 1, 720, 15112.000000, 0.150978, 100094.053438, 100744.000000, 1.000000, 2, 0.000062, 20018.810688, 20018.810688
Z3, 28, 1, 720, 24552.000000, 0.151044, 162548.661317, 162592.000000, 1.000000, 2, 0.000062, 32509.732263, 32509.732263
Z3, 29, 1, 720, 10824.000000, 0.150939, 71711.088585, 72160.000000, 1.000000, 2, 0.000062, 14342.217717, 14342.217717
Z3, 30, 1, 720, 6872.000000, 0.150847, 45556.093260, 45808.000000, 1.000000, 2, 0.000062, 9111.218652, 9111.218652
Z3, 31, 1, 720, 6872.000000, 0.150933, 45530.135888, 45808.000000, 1.000000, 2, 0.000062, 9106.027178, 9106.027178
Z3, 32, 1, 720, 6376.000000, 0.150923, 42246.708586, 42504.000000, 1.000000, 2, 0.000062, 8449.341717, 8449.341717
Z3, 33, 1, 720, 6872.000000, 0.150815, 45565.759374, 45808.000000, 1.000000, 2, 0.000062, 9113.151875, 9113.151875
Z3, 34, 1, 720, 6872.000000, 0.150843, 45557.301300, 45808.000000, 1.000000, 2, 0.000062, 9111.460260, 9111.460260
Z3, 35, 1, 720, 6376.000000, 0.150957, 42237.193373, 42504.000000, 1.000000, 2, 0.000062, 8447.438675, 8447.438675
Z3, 36, 1, 720, 6872.000000, 0.150963, 45521.087949, 45808.000000, 1.000000, 2, 0.000062, 9104.217590, 9104.217590
Z3, 37, 1, 720, 6872.000000, 0.150952, 45524.405109, 45808.000000, 1.000000, 2, 0.000062, 9104.881022, 9104.881022
Z3, 38, 1, 720, 6376.000000, 0.150923, 42246.708586, 42504.000000, 1.000000, 2, 0.000062, 8449.341717, 8449.341717
Z1, 0, 2, 720, 15344.000000, 0.477301, 32147.428981, 32160.000000, 1.000000, 2, 10.071595, 14878.827513, 14878.827513
Z2, 0, 2, 720, 6624.000000, 0.961755, 6887.408956, 6888.000000, 1.000000, 2, 10.071595, 9826.823508, 9826.823508
Z2, 1, 2, 720, 5664.000000, 0.150852, 37546.734548, 37760.000000, 1.000000, 2, 10.071595, 15958.688627, 15958.688627
Z2, 2, 2, 720, 7080.000000, 0.150868, 46928.440756, 47200.000000, 1.000000, 2, 10.071595, 17835.029869, 17835.029869
Z2, 3, 2, 720, 7080.000000, 0.150846, 46935.284993, 47200.000000, 1.000000, 2, 10.071595, 17836.398716, 17836.398716
Z2, 4, 2, 720, 12128.000000, 0.150930, 80355.131518, 80848.000000, 1.000000, 2, 10.071595, 24520.368021, 24520.368021
Z2, 5, 2, 720, 18392.000000, 0.150849, 121923.247751, 122608.000000, 1.000000, 2, 10.071595, 32833.991268, 32833.991268
Z2, 6, 2, 720, 10632.000000, 0.151007, 70407.332110, 70408.000000, 1.000000, 2, 10.071595, 22530.808139, 22530.808139
Z2, 7, 2, 720, 8048.000000, 0.150804, 53367.284687, 53648.000000, 1.000000, 2, 10.071595, 19122.798655, 19122.798655
Z3, 0, 2, 720, 5424.000000, 0.473488, 11455.411753, 11464.000000, 1.000000, 2, 10.071595, 10740.424068, 10740.424068
Z3, 1, 2, 720, 7080.000000, 0.150716, 46975.768996, 47200.000000, 1.000000, 2, 10.071595, 17844.495516, 17844.495516
Z3, 2, 2, 720, 7080.000000, 0.150769, 46959.255550, 47200.000000, 1.000000, 2, 10.071595, 17841.192827, 17841.192827
Z3, 3, 2, 720, 5664.000000, 0.150891, 37537.030042, 37760.000000, 1.000000, 2, 10.071595, 15956.747726, 15956.747726
Z3, 4, 2, 720, 7080.000000, 0.151008, 46884.933249, 46880.000000, 1.000000, 2, 10.071595, 17826.328367, 17826.328367
Z3, 5, 2, 720, 7080.000000, 0.150981, 46893.317702, 47200.000000, 1.000000, 2, 10.071595, 17828.005258, 17828.005258
Z3, 6, 2, 720, 5664.000000, 0.150958, 37520.369904, 37760.000000, 1.000000, 2, 10.071595, 15953.415698, 15953.415698
Z3, 7, 2, 720, 7080.000000, 0.150934, 46907.920018, 47200.000000, 1.000000, 2, 10.071595, 17830.925721, 17830.925721
Z3, 8, 2, 720, 7080.000000, 0.150954, 46901.705155, 47200.000000, 1.000000, 2, 10.071595, 17829.682748, 17829.682748
Z3, 9, 2, 720, 12648.000000, 0.151043, 83737.743556, 83760.000000, 1.000000, 2, 10.071595, 25196.890429, 25196.890429
Z3, 10, 2, 720, 17112.000000, 0.151073, 113269.743766, 113320.000000, 1.000000, 2, 10.071595, 31103.290471, 31103.290471
Z3, 11, 2, 720, 15320.000000, 0.151055, 101420.012578, 101456.000000, 1.000000, 2, 10.071595, 28733.344233, 28733.344233
Z3, 12, 2, 720, 10704.000000, 0.150994, 70890.234049, 71360.000000, 1.000000, 2, 10.071595, 22627.388527, 22627.388527
Z3, 13, 2, 720, 18776.000000, 0.151042, 124309.794627, 124344.000000, 1.000000, 2, 10.071595, 33311.300643, 33311.300643
Z3, 14, 2, 720, 21848.000000, 0.151089, 144603.511837, 144688.000000, 1.000000, 2, 10.071595, 37370.044085, 37370.044085
Z3, 15, 2, 720, 12752.000000, 0.151008, 84445.857173, 84448.000000, 1.000000, 2, 10.071595, 25338.513152, 25338.513152
Z3, 16, 2, 720, 21856.000000, 0.151078, 144666.993209, 144736.000000, 1.000000, 2, 10.071595, 37382.740359, 37382.740359
Z3, 17, 2, 720, 16880.000000, 0.151031, 111765.134310, 111784.000000, 1.000000, 2, 10.071595, 30802.368579, 30802.368579
Z3, 18, 2, 720, 9160.000000, 0.150992, 60665.465720, 61064.000000, 1.000000, 2, 10.071595, 20582.434861, 20582.434861
Z3, 19, 2, 720, 11592.000000, 0.151013, 76761.603306, 76768.000000, 1.000000, 2, 10.071595, 23801.662378, 23801.662378
Z3, 20, 2, 720, 9952.000000, 0.150994, 65909.903705, 66344.000000, 1.000000, 2, 10.071595, 21631.322458, 21631.322458
Z3, 21, 2, 720, 11064.000000, 0.151004, 73269.582263, 73264.000000, 1.000000, 2, 10.071595, 23103.258170, 23103.258170
Z3, 22, 2, 720, 14728.000000, 0.151015, 97526.735755, 97536.000000, 1.000000, 2, 10.071595, 27954.688868, 27954.688868
Z3, 23, 2, 720, 16264.000000, 0.150896, 107782.843813, 108424.000000, 1.000000, 2, 10.071595, 30005.910480, 30005.910480
Z3, 24, 2, 720, 9504.000000, 0.151039, 62924.145419, 62936.000000, 1.000000, 2, 10.071595, 21034.170801, 21034.170801
Z3, 25, 2, 720, 12688.000000, 0.150977, 84039.290753, 84584.000000, 1.000000, 2, 10.071595, 25257.199868, 25257.199868
Z3, 26, 2, 720, 17320.000000, 0.151027, 114681.480795, 114696.000000, 1.000000, 2, 10.071595, 31385.637876, 31385.637876
Z3, 27, 2, 720, 9320.000000, 0.151058, 61698.155675, 61720.000000, 1.000000, 2, 10.071595, 20788.972852, 20788.972852
Z3, 28, 2, 720, 6376.000000, 0.150843, 42269.114245, 42504.000000, 1.000000, 2, 10.071595, 16903.164566, 16903.164566
Z3, 29, 2, 720, 6872.000000, 0.150928, 45531.644228, 45808.000000, 1.000000, 2, 10.071595, 17555.670563, 17555.670563
Z3, 30, 2, 720, 6872.000000, 0.150898, 45540.696364, 45808.000000, 1.000000, 2, 10.071595, 17557.480990, 17557.480990
Z3, 31, 2, 720, 6376.000000, 0.150909, 42250.627862, 42504.000000, 1.000000, 2, 10.071595, 16899.467290, 16899.467290
Z3, 32, 2, 720, 6872.000000, 0.150973, 45518.072768, 45808.000000, 1.000000, 2, 10.071595, 17552.956271, 17552.956271
Z3, 33, 2, 720, 6872.000000, 0.150906, 45538.282109, 45808.000000, 1.000000, 2, 10.071595, 17556.998139, 17556.998139
Z3, 34, 2, 720, 6376.000000, 0.150913, 42249.507995, 42504.000000, 1.000000, 2, 10.071595, 16899.243316, 16899.243316
Z3, 35, 2, 720, 6872.000000, 0.150949, 45525.309873, 45808.000000, 1.000000, 2, 10.071595, 17554.403692, 17554.403692
Z3, 36, 2, 720, 6872.000000, 0.150909, 45537.376830, 45808.000000, 1.000000, 2, 10.071595, 17556.817083, 17556.817083
Z3, 37, 2, 720, 6376.000000, 0.150943, 42241.110883, 42504.000000, 1.000000, 2, 10.071595, 16897.563894, 16897.563894
Z3, 38, 2, 720, 6872.000000, 0.515025, 13343.041600, 13336.000000, 1.000000, 2, 10.071595, 11117.950037, 11117.950037
Z1, 0, 3, 720, 15304.000000, 1.106924, 13825.700771, 13832.000000, 1.000000, 2, 19.149285, 13883.090191, 13883.090191
Z2, 0, 3, 720, 6624.000000, 0.473768, 13981.526823, 14000.000000, 1.000000, 2, 19.149285, 13914.255402, 13914.255402
Z2, 1, 3, 720, 5664.000000, 0.150839, 37549.970498, 37760.000000, 1.000000, 2, 19.149285, 18627.944137, 18627.944137
Z2, 2, 3, 720, 7080.000000, 0.150933, 46908.230804, 47200.000000, 1.000000, 2, 19.149285, 20499.596198, 20499.596198
Z2, 3, 3, 720, 7080.000000, 0.150866, 46929.062877, 47200.000000, 1.000000, 2, 19.149285, 20503.762613, 20503.762613
Z2, 4, 3, 720, 12544.000000, 0.150953, 83098.712844, 83624.000000, 1.000000, 2, 19.149285, 27737.692606, 27737.692606
Z2, 5, 3, 720, 18632.000000, 0.150994, 123395.631615, 124208.000000, 1.000000, 2, 19.149285, 35797.076360, 35797.076360
Z2, 6, 3, 720, 10240.000000, 0.150995, 67816.815126, 68264.000000, 1.000000, 2, 19.149285, 24681.313063, 24681.313063
Z2, 7, 3, 720, 8424.000000, 0.150830, 55850.958032, 56160.000000, 1.000000, 2, 19.149285, 22288.141644, 22288.141644
Z3, 0, 3, 720, 5424.000000, 0.473738, 11449.366527, 11464.000000, 1.000000, 2, 19.149285, 13407.823343, 13407.823343
Z3, 1, 3, 720, 7080.000000, 0.150972, 46896.113187, 47200.000000, 1.000000, 2, 19.149285, 20497.172675, 20497.172675
Z3, 2, 3, 720, 7080.000000, 0.151003, 46886.485699, 46880.000000, 1.000000, 2, 19.149285, 20495.247177, 20495.247177
Z3, 3, 3, 720, 5664.000000, 0.151041, 37499.751723, 37504.000000, 1.000000, 2, 19.149285, 18617.900382, 18617.900382
Z3, 4, 3, 720, 7080.000000, 0.150930, 46909.163188, 47200.000000, 1.000000, 2, 19.149285, 20499.782675, 20499.782675
Z3, 5, 3, 720, 7080.000000, 0.150963, 46898.909004, 47200.000000, 1.000000, 2, 19.149285, 20497.731838, 20497.731838
Z3, 6, 3, 720, 5664.000000, 0.150993, 37511.672727, 37760.000000, 1.000000, 2, 19.149285, 18620.284583, 18620.284583
Z3, 7, 3, 720, 7080.000000, 0.150989, 46890.833107, 47200.000000, 1.000000, 2, 19.149285, 20496.116659, 20496.116659
Z3, 8, 3, 720, 7080.000000, 0.150973, 46895.802561, 47200.000000, 1.000000, 2, 19.149285, 20497.110549, 20497.110549
Z3, 9, 3, 720, 14120.000000, 0.150993, 93514.268873, 94128.000000, 1.000000, 2, 19.149285, 29820.803812, 29820.803812
Z3, 10, 3, 720, 17536.000000, 0.151029, 116110.151031, 116128.000000, 1.000000, 2, 19.149285, 34339.980243, 34339.980243
Z3, 11, 3, 720, 16008.000000, 0.151031, 105991.485192, 106008.000000, 1.000000, 2, 19.149285, 32316.247076, 32316.247076
Z3, 12, 3, 720, 10896.000000, 0.150965, 72175.669857, 72640.000000, 1.000000, 2, 19.149285, 25553.084009, 25553.084009
Z3, 13, 3, 720, 19720.000000, 0.150939, 130648.805146, 131464.000000, 1.000000, 2, 19.149285, 37247.711067, 37247.711067
Z3, 14, 3, 720, 20104.000000, 0.151078, 133070.334529, 133136.000000, 1.000000, 2, 19.149285, 37732.016943, 37732.016943
Z3, 15, 3, 720, 12504.000000, 0.151047, 82782.180381, 82800.000000, 1.000000, 2, 19.149285, 27674.386113, 27674.386113
Z3, 16, 3, 720, 23072.000000, 0.151083, 152710.761634, 152792.000000, 1.000000, 2, 19.149285, 41660.102364, 41660.102364
Z3, 17, 3, 720, 18112.000000, 0.151008, 119940.665395, 119944.000000, 1.000000, 2, 19.149285, 35106.083116, 35106.083116
Z3, 18, 3, 720, 9664.000000, 0.150959, 64017.382203, 64424.000000, 1.000000, 2, 19.149285, 23921.426478, 23921.426478
Z3, 19, 3, 720, 12280.000000, 0.151019, 81314.271714, 81320.000000, 1.000000, 2, 19.149285, 27380.804380, 27380.804380
Z3, 20, 3, 720, 10368.000000, 0.151074, 68628.619087, 68656.000000, 1.000000, 2, 19.149285, 24843.673855, 24843.673855
Z3, 21, 3, 720, 10520.000000, 0.150986, 69675.334137, 70128.000000, 1.000000, 2, 19.149285, 25053.016865, 25053.016865
Z3, 22, 3, 720, 15288.000000, 0.151101, 101177.358191, 101240.000000, 1.000000, 2, 19.149285, 31353.421675, 31353.421675
Z3, 23, 3, 720, 16344.000000, 0.151038, 108211.178644, 108232.000000, 1.000000, 2, 19.149285, 32760.185766, 32760.185766
Z3, 24, 3, 720, 9016.000000, 0.151006, 59706.236838, 59704.000000, 1.000000, 2, 19.149285, 23059.197405, 23059.197405
Z3, 25, 3, 720, 13800.000000, 0.151039, 91367.130344, 91384.000000, 1.000000, 2, 19.149285, 29391.376106, 29391.376106
Z3, 26, 3, 720, 17664.000000, 0.150958, 117012.679023, 117760.000000, 1.000000, 2, 19.149285, 34520.485842, 34520.485842
Z3, 27, 3, 720, 9896.000000, 0.150983, 65543.802945, 65968.000000, 1.000000, 2, 19.149285, 24226.710626, 24226.710626
Z3, 28, 3, 720, 6376.000000, 0.150885, 42257.348312, 42504.000000, 1.000000, 2, 19.149285, 19569.419700, 19569.419700
Z3, 29, 3, 720, 6872.000000, 0.151025, 45502.400265, 45504.000000, 1.000000, 2, 19.149285, 20218.430090, 20218.430090
Z3, 30, 3, 720, 6872.000000, 0.150949, 45525.309873, 45808.000000, 1.000000, 2, 19.149285, 20223.012012, 20223.012012
Z3, 31, 3, 720, 6376.000000, 0.150929, 42245.029120, 42504.000000, 1.000000, 2, 19.149285, 19566.955861, 19566.955861
Z3, 32, 3, 720, 6872.000000, 0.150945, 45526.516281, 45808.000000, 1.000000, 2, 19.149285, 20223.253293, 20223.253293
Z3, 33, 3, 720, 6872.000000, 0.150952, 45524.405109, 45808.000000, 1.000000, 2, 19.149285, 20222.831059, 20222.831059
Z3, 34, 3, 720, 6376.000000, 0.150920, 42247.548370, 42504.000000, 1.000000, 2, 19.149285, 19567.459711, 19567.459711
Z3, 35, 3, 720, 6872.000000, 0.150956, 45523.198813, 45808.000000, 1.000000, 2, 19.149285, 20222.589800, 20222.589800
Z3, 36, 3, 720, 6872.000000, 0.150935, 45529.532580, 45808.000000, 1.000000, 2, 19.149285, 20223.856553, 20223.856553
Z3, 37, 3, 720, 6376.000000, 0.150876, 42259.869032, 42504.000000, 1.000000, 2, 19.149285, 19569.923844, 19569.923844
Z3, 38, 3, 720, 6872.000000, 0.150937, 45528.929288, 45808.000000, 1.000000, 2, 19.149285, 20223.735895, 20223.735895
Z1, 0, 4, 720, 7200.000000, 0.472250, 15246.161990, 15248.000000, 1.000000, 2, 28.004994, 23272.968293, 23272.968293
Z2, 0, 4, 720, 6624.000000, 0.473639, 13985.334823, 14000.000000, 1.000000, 2, 28.004994, 23020.802859, 23020.802859
Z2, 1, 4, 720, 6648.000000, 0.593390, 11203.424392, 11208.000000, 1.000000, 2, 28.004994, 22464.420773, 22464.420773
Z2, 2, 4, 720, 7296.000000, 0.151024, 48310.202352, 48312.000000, 1.000000, 2, 28.004994, 29885.776365, 29885.776365
Z2, 3, 4, 720, 17272.000000, 0.151137, 114280.421075, 114384.000000, 1.000000, 2, 28.004994, 43079.820110, 43079.820110
Z2, 4, 4, 720, 22592.000000, 0.151111, 149505.992284, 149608.000000, 1.000000, 2, 28.004994, 50124.934352, 50124.934352
Z2, 5, 4, 720, 17472.000000, 0.151051, 115669.542075, 115704.000000, 1.000000, 2, 28.004994, 43357.644310, 43357.644310
Z2, 6, 4, 720, 6424.000000, 0.150985, 42547.272908, 42824.000000, 1.000000, 2, 28.004994, 28733.190477, 28733.190477
Z2, 7, 4, 720, 6872.000000, 0.151052, 45494.266875, 45504.000000, 1.000000, 2, 28.004994, 29322.589270, 29322.589270
Z3, 0, 4, 720, 6448.000000, 0.472602, 13643.615558, 13656.000000, 1.000000, 2, 28.004994, 22952.459007, 22952.459007
Z3, 1, 4, 720, 7448.000000, 0.150998, 49325.156625, 49648.000000, 1.000000, 2, 28.004994, 30088.767220, 30088.767220
Z3, 2, 4, 720, 7424.000000, 0.150958, 49179.241908, 49488.000000, 1.000000, 2, 28.004994, 30059.584277, 30059.584277
Z3, 3, 4, 720, 6648.000000, 0.150899, 44055.957959, 44320.000000, 1.000000, 2, 28.004994, 29034.927487, 29034.927487
Z3, 4, 4, 720, 7224.000000, 0.150909, 47869.908355, 48160.000000, 1.000000, 2, 28.004994, 29797.717566, 29797.717566
Z3, 5, 4, 720, 7240.000000, 0.150932, 47968.621631, 48264.000000, 1.000000, 2, 28.004994, 29817.460221, 29817.460221
Z3, 6, 4, 720, 6648.000000, 0.150875, 44062.966031, 44320.000000, 1.000000, 2, 28.004994, 29036.329101, 29036.329101
Z3, 7, 4, 720, 7232.000000, 0.150961, 47906.412915, 48208.000000, 1.000000, 2, 28.004994, 29805.018478, 29805.018478
Z3, 8, 4, 720, 7296.000000, 0.150926, 48341.571366, 48640.000000, 1.000000, 2, 28.004994, 29892.050168, 29892.050168
Z3, 9, 4, 720, 16456.000000, 0.151028, 108959.927960, 108976.000000, 1.000000, 2, 28.004994, 42015.721487, 42015.721487
Z3, 10, 4, 720, 25392.000000, 0.150950, 168214.640609, 169280.000000, 1.000000, 2, 28.004994, 53866.664017, 53866.664017
Z3, 11, 4, 720, 21592.000000, 0.150928, 143061.592282, 143944.000000, 1.000000, 2, 28.004994, 48836.054351, 48836.054351
Z3, 12, 4, 720, 13528.000000, 0.151004, 89587.030807, 89584.000000, 1.000000, 2, 28.004994, 38141.142056, 38141.142056
Z3, 13, 4, 720, 29512.000000, 0.150999, 195445.002947, 196744.000000, 1.000000, 2, 28.004994, 59312.736484, 59312.736484
Z3, 14, 4, 720, 29688.000000, 0.688498, 43119.950966, 43144.000000, 1.000000, 2, 28.004994, 28847.726088, 28847.726088
Z3, 15, 4, 720, 16760.000000, 0.151013, 110983.822585, 110992.000000, 1.000000, 2, 28.004994, 42420.500412, 42420.500412
Z3, 16, 4, 720, 33128.000000, 0.151033, 219342.792635, 219384.000000, 1.000000, 2, 28.004994, 64092.294422, 64092.294422
Z3, 17, 4, 720, 26248.000000, 0.151010, 173816.303556, 173824.000000, 1.000000, 2, 28.004994, 54986.996606, 54986.996606
Z3, 18, 4, 720, 26240.000000, 0.151064, 173701.212731, 173768.000000, 1.000000, 2, 28.004994, 54963.978441, 54963.978441
Z3, 19, 4, 720, 14624.000000, 0.150964, 96870.777139, 97488.000000, 1.000000, 2, 28.004994, 39597.891323, 39597.891323
Z3, 20, 4, 720, 26816.000000, 0.150964, 177631.753266, 178768.000000, 1.000000, 2, 28.004994, 55750.086548, 55750.086548
Z3, 21, 4, 720, 23128.000000, 0.151008, 153157.448612, 153160.000000, 1.000000, 2, 28.004994, 50855.225617, 50855.225617
Z3, 22, 4, 720, 19440.000000, 0.151021, 128723.819866, 128736.000000, 1.000000, 2, 28.004994, 45968.499868, 45968.499868
Z3, 23, 4, 720, 29088.000000, 0.150942, 192709.782565, 193920.000000, 1.000000, 2, 28.004994, 58765.692408, 58765.692408
Z3, 24, 4, 720, 29840.000000, 0.151066, 197529.556618, 197608.000000, 1.000000, 2, 28.004994, 59729.647218, 59729.647218
Z3, 25, 4, 720, 17200.000000, 0.150986, 113917.846688, 114664.000000, 1.000000, 2, 28.004994, 43007.305233, 43007.305233
Z3, 26, 4, 720, 25664.000000, 0.150979, 169983.905046, 171088.000000, 1.000000, 2, 28.004994, 54220.516904, 54220.516904
Z3, 27, 4, 720, 26808.000000, 0.151061, 177464.732790, 177536.000000, 1.000000, 2, 28.004994, 55716.682453, 55716.682453
Z3, 28, 4, 720, 12720.000000, 0.150977, 84251.243567, 84800.000000, 1.000000, 2, 28.004994, 37073.984608, 37073.984608
Z3, 29, 4, 720, 11496.000000, 0.151006, 76129.425321, 76128.000000, 1.000000, 2, 28.004994, 35449.620959, 35449.620959
Z3, 30, 4, 720, 6448.000000, 0.150977, 42708.492022, 42984.000000, 1.000000, 2, 28.004994, 28765.434299, 28765.434299
Z3, 31, 4, 720, 7200.000000, 0.150940, 47701.073274, 48000.000000, 1.000000, 2, 28.004994, 29763.950550, 29763.950550
Z3, 32, 4, 720, 7520.000000, 0.150956, 49815.840377, 50128.000000, 1.000000, 2, 28.004994, 30186.903970, 30186.903970
Z3, 33, 4, 720, 6728.000000, 0.150959, 44568.392742, 44848.000000, 1.000000, 2, 28.004994, 29137.414443, 29137.414443
Z3, 34, 4, 720, 7224.000000, 0.150948, 47857.540345, 48160.000000, 1.000000, 2, 28.004994, 29795.243964, 29795.243964
Z3, 35, 4, 720, 7256.000000, 0.150914, 48080.363651, 48368.000000, 1.000000, 2, 28.004994, 29839.808625, 29839.808625
Z3, 36, 4, 720, 6544.000000, 0.150870, 43375.091138, 43624.000000, 1.000000, 2, 28.004994, 28898.754123, 28898.754123
Z3, 37, 4, 720, 12272.000000, 0.151021, 81260.222088, 81264.000000, 1.000000, 2, 28.004994, 36475.780313, 36475.780313
Z3, 38, 4, 720, 8544.000000, 0.150998, 56583.530908, 56960.000000, 1.000000, 2, 28.004994, 31540.442076, 31540.442076
Z1, 0, 5, 720, 20272.000000, 0.472097, 42940.327941, 42944.000000, 1.000000, 2, 37.205354, 40128.507665, 40128.507665
Z2, 0, 5, 720, 6624.000000, 0.478226, 13851.191696, 13856.000000, 1.000000, 2, 37.205354, 34310.680416, 34310.680416
Z2, 1, 5, 720, 7616.000000, 0.150932, 50459.809716, 50768.000000, 1.000000, 2, 37.205354, 41632.404020, 41632.404020
Z2, 2, 5, 720, 8792.000000, 0.150988, 58229.793096, 58608.000000, 1.000000, 2, 37.205354, 43186.400696, 43186.400696
Z2, 3, 5, 720, 8816.000000, 0.151046, 58366.325490, 58384.000000, 1.000000, 2, 37.205354, 43213.707175, 43213.707175
Z2, 4, 5, 720, 14976.000000, 0.151044, 99149.916581, 99176.000000, 1.000000, 2, 37.205354, 51370.425393, 51370.425393
Z2, 5, 5, 720, 25312.000000, 0.151115, 167501.571651, 167624.000000, 1.000000, 2, 37.205354, 65040.756407, 65040.756407
Z2, 6, 5, 720, 13208.000000, 0.151091, 87417.516596, 87464.000000, 1.000000, 2, 37.205354, 49023.945396, 49023.945396
Z2, 7, 5, 720, 16320.000000, 0.151305, 107861.604045, 108072.000000, 1.000000, 2, 37.205354, 53112.762885, 53112.762885
Z3, 0, 5, 720, 7712.000000, 1.383659, 5573.627606, 5576.000000, 1.000000, 2, 37.205354, 32655.167598, 32655.167598
Z3, 1, 5, 720, 9624.000000, 0.151013, 63729.612682, 63728.000000, 1.000000, 2, 37.205354, 44286.364613, 44286.364613
Z3, 2, 5, 720, 9096.000000, 0.151087, 60203.723682, 60232.000000, 1.000000, 2, 37.205354, 43581.186813, 43581.186813
Z3, 3, 5, 720, 7632.000000, 0.150951, 50559.453068, 50880.000000, 1.000000, 2, 37.205354, 41652.332690, 41652.332690
Z3, 4, 5, 720, 8304.000000, 0.151014, 54988.279232, 54992.000000, 1.000000, 2, 37.205354, 42538.097923, 42538.097923
Z3, 5, 5, 720, 8504.000000, 0.150983, 56324.221932, 56688.000000, 1.000000, 2, 37.205354, 42805.286463, 42805.286463
Z3, 6, 5, 720, 7384.000000, 0.151018, 48894.833728, 48896.000000, 1.000000, 2, 37.205354, 41319.408822, 41319.408822
Z3, 7, 5, 720, 8968.000000, 0.151027, 59380.110841, 59384.000000, 1.000000, 2, 37.205354, 43416.464245, 43416.464245
Z3, 8, 5, 720, 8912.000000, 0.150997, 59021.040153, 59408.000000, 1.000000, 2, 37.205354, 43344.650107, 43344.650107
Z3, 9, 5, 720, 16688.000000, 0.151020, 110501.920275, 110512.000000, 1.000000, 2, 37.205354, 53640.826132, 53640.826132
Z3, 10, 5, 720, 23832.000000, 0.151122, 157700.401001, 157824.000000, 1.000000, 2, 37.205354, 63080.522277, 63080.522277
Z3, 11, 5, 720, 21144.000000, 0.151091, 139942.154066, 140024.000000, 1.000000, 2, 37.205354, 59528.872890, 59528.872890
Z3, 12, 5, 720, 14272.000000, 0.151071, 94472.135618, 94512.000000, 1.000000, 2, 37.205354, 50434.869200, 50434.869200
Z3, 13, 5, 720, 27640.000000, 0.151106, 182917.951637, 183040.000000, 1.000000, 2, 37.205354, 68124.032404, 68124.032404
Z3, 14, 5, 720, 33288.000000, 0.151145, 220238.843495, 220448.000000, 1.000000, 2, 37.205354, 75588.210775, 75588.210775
Z3, 15, 5, 720, 17576.000000, 0.151073, 116341.106617, 116392.000000, 1.000000, 2, 37.205354, 54808.663400, 54808.663400
Z3, 16, 5, 720, 34872.000000, 0.151173, 230676.112798, 230936.000000, 1.000000, 2, 37.205354, 77675.664636, 77675.664636
Z3, 17, 5, 720, 27336.000000, 0.151065, 180955.217953, 181032.000000, 1.000000, 2, 37.205354, 67731.485667, 67731.485667
Z3, 18, 5, 720, 18312.000000, 0.150936, 121322.944824, 122080.000000, 1.000000, 2, 37.205354, 55805.031041, 55805.031041
Z3, 19, 5, 720, 41432.000000, 0.151054, 274286.016921, 274384.000000, 1.000000, 2, 37.205354, 86397.645461, 86397.645461
Z3, 20, 5, 720, 36760.000000, 0.151062, 243343.792615, 243440.000000, 1.000000, 2, 37.205354, 80209.200599, 80209.200599
Z3, 21, 5, 720, 21272.000000, 0.151184, 140702.719865, 140872.000000, 1.000000, 2, 37.205354, 59680.986049, 59680.986049
Z3, 22, 5, 720, 43464.000000, 0.151161, 287534.483101, 287840.000000, 1.000000, 2, 37.205354, 89047.338697, 89047.338697
Z3, 23, 5, 720, 42000.000000, 0.151087, 277985.531515, 278144.000000, 1.000000, 2, 37.205354, 87137.548379, 87137.548379
Z3, 24, 5, 720, 20304.000000, 0.151001, 134462.685678, 134456.000000, 1.000000, 2, 37.205354, 58432.979212, 58432.979212
Z3, 25, 5, 720, 32736.000000, 0.151105, 216644.055458, 216792.000000, 1.000000, 2, 37.205354, 74869.253168, 74869.253168
Z3, 26, 5, 720, 34608.000000, 0.151209, 228875.265361, 229192.000000, 1.000000, 2, 37.205354, 77315.495149, 77315.495149
Z3, 27, 5, 720, 21272.000000, 0.151029, 140847.122076, 140872.000000, 1.000000, 2, 37.205354, 59709.866492, 59709.866492
Z3, 28, 5, 720, 8752.000000, 0.150988, 57964.871381, 58344.000000, 1.000000, 2, 37.205354, 43133.416353, 43133.416353
Z3, 29, 5, 720, 12760.000000, 0.151016, 84494.358214, 84496.000000, 1.000000, 2, 37.205354, 48439.313719, 48439.313719
Z3, 30, 5, 720, 15440.000000, 0.151051, 102217.131962, 102248.000000, 1.000000, 2, 37.205354, 51983.868469, 51983.868469
Z3, 31, 5, 720, 10000.000000, 0.151042, 66206.750440, 66224.000000, 1.000000, 2, 37.205354, 44781.792165, 44781.792165
Z3, 32, 5, 720, 15200.000000, 0.151021, 100648.254216, 100656.000000, 1.000000, 2, 37.205354, 51670.092920, 51670.092920
Z3, 33, 5, 720, 18352.000000, 0.150953, 121574.264837, 122344.000000, 1.000000, 2, 37.205354, 55855.295044, 55855.295044
Z3, 34, 5, 720, 11224.000000, 0.150946, 74357.717329, 74824.000000, 1.000000, 2, 37.205354, 46411.985542, 46411.985542
Z3, 35, 5, 720, 23240.000000, 0.150926, 153982.746512, 154928.000000, 1.000000, 2, 37.205354, 62336.991379, 62336.991379
Z3, 36, 5, 720, 16824.000000, 0.150925, 111472.585721, 112160.000000, 1.000000, 2, 37.205354, 53834.959221, 53834.959221
Z3, 37, 5, 720, 9680.000000, 0.150987, 64111.479796, 64528.000000, 1.000000, 2, 37.205354, 44362.738036, 44362.738036
Z3, 38, 5, 720, 12888.000000, 0.150920, 85396.236417, 85920.000000, 1.000000, 2, 37.205354, 48619.689360, 48619.689360
