Zone, Tile_no, Seg_no, Reso, Seg_d_size, Seg_d_time, Bitrate, Bitrate1, Buf_lev, Buf_limit, Elapsed, Ref_vp, Local_avg
Z1, 0, 1, 720, 9960.000000, 0.200399, 49700.846811, 49800.000000, 1.000000, 2, 0.000063, 49700.846811, 49700.846811
Z2, 0, 1, 720, 8952.000000, 0.191793, 46675.321831, 46864.000000, 1.000000, 2, 0.000063, 23337.660916, 23337.660916
Z2, 1, 1, 720, 5424.000000, 0.073652, 73643.621354, 74296.000000, 1.000000, 2, 0.000063, 24547.873785, 24547.873785
Z2, 2, 1, 720, 7080.000000, 0.042847, 165239.106589, 168568.000000, 1.000000, 2, 0.000063, 41309.776647, 41309.776647
Z2, 3, 1, 720, 18976.000000, 0.060996, 311102.367368, 316264.000000, 1.000000, 2, 0.000063, 62220.473474, 62220.473474
Z2, 4, 1, 720, 8720.000000, 0.050669, 172097.337623, 174400.000000, 1.000000, 2, 0.000063, 34419.467525, 34419.467525
Z2, 5, 1, 720, 8336.000000, 0.043990, 189497.613094, 193856.000000, 1.000000, 2, 0.000063, 37899.522619, 37899.522619
Z2, 6, 1, 720, 6376.000000, 0.042217, 151029.206244, 151808.000000, 1.000000, 2, 0.000063, 30205.841249, 30205.841249
Z2, 7, 1, 720, 6872.000000, 0.050388, 136381.678177, 137440.000000, 1.000000, 2, 0.000063, 27276.335635, 27276.335635
Z3, 0, 1, 720, 7080.000000, 0.144581, 48969.089991, 49160.000000, 1.000000, 2, 0.000063, 9793.817998, 9793.817998
Z3, 1, 1, 720, 7080.000000, 0.050728, 139567.891500, 141600.000000, 1.000000, 2, 0.000063, 27913.578300, 27913.578300
Z3, 2, 1, 720, 5664.000000, 0.066304, 85424.710425, 85816.000000, 1.000000, 2, 0.000063, 17084.942085, 17084.942085
Z3, 3, 1, 720, 7080.000000, 0.064126, 110407.634969, 110624.000000, 1.000000, 2, 0.000063, 22081.526994, 22081.526994
Z3, 4, 1, 720, 7080.000000, 0.034662, 204258.265536, 208232.000000, 1.000000, 2, 0.000063, 40851.653107, 40851.653107
Z3, 5, 1, 720, 5664.000000, 0.067920, 83392.226148, 84536.000000, 1.000000, 2, 0.000063, 16678.445230, 16678.445230
Z3, 6, 1, 720, 7080.000000, 0.036782, 192485.454842, 196664.000000, 1.000000, 2, 0.000063, 38497.090968, 38497.090968
Z3, 7, 1, 720, 7080.000000, 0.072007, 98323.774078, 98328.000000, 1.000000, 2, 0.000063, 19664.754816, 19664.754816
Z3, 8, 1, 720, 5664.000000, 0.030090, 188235.294118, 188800.000000, 1.000000, 2, 0.000063, 37647.058824, 37647.058824
Z3, 9, 1, 720, 7080.000000, 0.035977, 196792.395141, 202280.000000, 1.000000, 2, 0.000063, 39358.479028, 39358.479028
Z3, 10, 1, 720, 12904.000000, 0.029930, 431139.325092, 444960.000000, 1.000000, 2, 0.000063, 86227.865018, 86227.865018
Z3, 11, 1, 720, 17344.000000, 0.072370, 239657.316568, 240888.000000, 1.000000, 2, 0.000063, 47931.463314, 47931.463314
Z3, 12, 1, 720, 16912.000000, 0.045000, 375822.222222, 375816.000000, 1.000000, 2, 0.000063, 75164.444444, 75164.444444
Z3, 13, 1, 720, 13240.000000, 0.045149, 293251.234800, 294216.000000, 1.000000, 2, 0.000063, 58650.246960, 58650.246960
Z3, 14, 1, 720, 28328.000000, 0.029248, 968544.857768, 976824.000000, 1.000000, 2, 0.000063, 193708.971554, 193708.971554
Z3, 15, 1, 720, 30528.000000, 0.051303, 595052.920882, 598584.000000, 1.000000, 2, 0.000063, 119010.584176, 119010.584176
Z3, 16, 1, 720, 16360.000000, 0.031050, 526892.109501, 527736.000000, 1.000000, 2, 0.000063, 105378.421900, 105378.421900
Z3, 17, 1, 720, 33216.000000, 0.042433, 782786.981830, 790856.000000, 1.000000, 2, 0.000063, 156557.396366, 156557.396366
Z3, 18, 1, 720, 28000.000000, 0.062157, 450472.191386, 451608.000000, 1.000000, 2, 0.000063, 90094.438277, 90094.438277
Z3, 19, 1, 720, 15744.000000, 0.067916, 231815.772425, 234984.000000, 1.000000, 2, 0.000063, 46363.154485, 46363.154485
Z3, 20, 1, 720, 16024.000000, 0.057702, 277702.679283, 281120.000000, 1.000000, 2, 0.000063, 55540.535857, 55540.535857
Z3, 21, 1, 720, 11576.000000, 0.049926, 231863.157473, 236240.000000, 1.000000, 2, 0.000063, 46372.631495, 46372.631495
Z3, 22, 1, 720, 10816.000000, 0.066048, 163759.689922, 163872.000000, 1.000000, 2, 0.000063, 32751.937984, 32751.937984
Z3, 23, 1, 720, 13224.000000, 0.067843, 194920.625562, 197368.000000, 1.000000, 2, 0.000063, 38984.125112, 38984.125112
Z3, 24, 1, 720, 17528.000000, 0.075816, 231191.305265, 233704.000000, 1.000000, 2, 0.000063, 46238.261053, 46238.261053
Z3, 25, 1, 720, 23824.000000, 0.072244, 329771.330491, 330888.000000, 1.000000, 2, 0.000063, 65954.266098, 65954.266098
Z3, 26, 1, 720, 11024.000000, 0.027749, 397275.577498, 408296.000000, 1.000000, 2, 0.000063, 79455.115500, 79455.115500
Z3, 27, 1, 720, 15112.000000, 0.068001, 222232.026000, 222232.000000, 1.000000, 2, 0.000063, 44446.405200, 44446.405200
Z3, 28, 1, 720, 24552.000000, 0.043662, 562319.637213, 570976.000000, 1.000000, 2, 0.000063, 112463.927443, 112463.927443
Z3, 29, 1, 720, 10824.000000, 0.050023, 216380.464986, 216480.000000, 1.000000, 2, 0.000063, 43276.092997, 43276.092997
Z3, 30, 1, 720, 6872.000000, 0.051731, 132841.043088, 134744.000000, 1.000000, 2, 0.000063, 26568.208618, 26568.208618
Z3, 31, 1, 720, 6872.000000, 0.056306, 122047.383938, 122712.000000, 1.000000, 2, 0.000063, 24409.476788, 24409.476788
Z3, 32, 1, 720, 6376.000000, 0.048221, 132224.549470, 132832.000000, 1.000000, 2, 0.000063, 26444.909894, 26444.909894
Z3, 33, 1, 720, 6872.000000, 0.027327, 251472.902258, 254512.000000, 1.000000, 2, 0.000063, 50294.580452, 50294.580452
Z3, 34, 1, 720, 6872.000000, 0.075930, 90504.411958, 91624.000000, 1.000000, 2, 0.000063, 18100.882392, 18100.882392
Z3, 35, 1, 720, 6376.000000, 0.053202, 119845.118605, 120296.000000, 1.000000, 2, 0.000063, 23969.023721, 23969.023721
Z3, 36, 1, 720, 6872.000000, 0.060815, 112998.437885, 114528.000000, 1.000000, 2, 0.000063, 22599.687577, 22599.687577
Z3, 37, 1, 720, 6872.000000, 0.037377, 183856.382267, 185728.000000, 1.000000, 2, 0.000063, 36771.276453, 36771.276453
Z3, 38, 1, 720, 6376.000000, 0.028861, 220920.966009, 227712.000000, 1.000000, 2, 0.000063, 44184.193202, 44184.193202
Z1, 0, 2, 720, 7080.000000, 0.162447, 43583.445678, 43696.000000, 1.000000, 2, 2.861794, 52900.882337, 52900.882337
Z2, 0, 2, 720, 6624.000000, 0.210695, 31438.809654, 31536.000000, 1.000000, 2, 2.861794, 50471.955133, 50471.955133
Z2, 1, 2, 720, 5424.000000, 0.059547, 91087.712227, 91928.000000, 1.000000, 2, 2.861794, 62401.735647, 62401.735647
Z2, 2, 2, 720, 7080.000000, 0.066359, 106692.385358, 107272.000000, 1.000000, 2, 2.861794, 65522.670274, 65522.670274
Z2, 3, 2, 720, 12648.000000, 0.033035, 382866.656576, 383272.000000, 1.000000, 2, 2.861794, 120757.524517, 120757.524517
Z2, 4, 2, 720, 15344.000000, 0.041056, 373733.437256, 374240.000000, 1.000000, 2, 2.861794, 118930.880653, 118930.880653
Z2, 5, 2, 720, 18392.000000, 0.050594, 363521.366170, 367840.000000, 1.000000, 2, 2.861794, 116888.466436, 116888.466436
Z2, 6, 2, 720, 9160.000000, 0.071451, 128199.745280, 129008.000000, 1.000000, 2, 2.861794, 69824.142258, 69824.142258
Z2, 7, 2, 720, 8048.000000, 0.066858, 120374.525113, 121936.000000, 1.000000, 2, 2.861794, 68259.098224, 68259.098224
Z3, 0, 2, 720, 7080.000000, 0.187378, 37784.585170, 37856.000000, 1.000000, 2, 2.861794, 51741.110236, 51741.110236
Z3, 1, 2, 720, 7080.000000, 0.028778, 246021.266245, 252856.000000, 1.000000, 2, 2.861794, 93388.446451, 93388.446451
Z3, 2, 2, 720, 5664.000000, 0.045502, 124478.044921, 125864.000000, 1.000000, 2, 2.861794, 69079.802186, 69079.802186
Z3, 3, 2, 720, 7080.000000, 0.071936, 98420.818505, 99712.000000, 1.000000, 2, 2.861794, 63868.356903, 63868.356903
Z3, 4, 2, 720, 7080.000000, 0.070460, 100482.543287, 101136.000000, 1.000000, 2, 2.861794, 64280.701859, 64280.701859
Z3, 5, 2, 720, 5664.000000, 0.060124, 94205.309028, 94400.000000, 1.000000, 2, 2.861794, 63025.255008, 63025.255008
Z3, 6, 2, 720, 7080.000000, 0.028192, 251135.073780, 252856.000000, 1.000000, 2, 2.861794, 94411.207958, 94411.207958
Z3, 7, 2, 720, 7080.000000, 0.027563, 256866.088597, 262216.000000, 1.000000, 2, 2.861794, 95557.410921, 95557.410921
Z3, 8, 2, 720, 5664.000000, 0.026241, 215845.432720, 217840.000000, 1.000000, 2, 2.861794, 87353.279746, 87353.279746
Z3, 9, 2, 720, 17112.000000, 0.034547, 495325.209135, 503288.000000, 1.000000, 2, 2.861794, 143249.235029, 143249.235029
Z3, 10, 2, 720, 15320.000000, 0.032414, 472635.281051, 478744.000000, 1.000000, 2, 2.861794, 138711.249412, 138711.249412
Z3, 11, 2, 720, 10704.000000, 0.068492, 156281.025521, 157408.000000, 1.000000, 2, 2.861794, 75440.398306, 75440.398306
Z3, 12, 2, 720, 18776.000000, 0.037269, 503796.721136, 507456.000000, 1.000000, 2, 2.861794, 144943.537429, 144943.537429
Z3, 13, 2, 720, 21848.000000, 0.053630, 407383.926907, 412224.000000, 1.000000, 2, 2.861794, 125660.978583, 125660.978583
Z3, 14, 2, 720, 12752.000000, 0.032194, 396098.651923, 398496.000000, 1.000000, 2, 2.861794, 123403.923586, 123403.923586
Z3, 15, 2, 720, 21856.000000, 0.072018, 303479.685634, 303552.000000, 1.000000, 2, 2.861794, 104880.130329, 104880.130329
Z3, 16, 2, 720, 16880.000000, 0.069563, 242657.734715, 244632.000000, 1.000000, 2, 2.861794, 92715.740145, 92715.740145
Z3, 17, 2, 720, 12128.000000, 0.060568, 200237.749307, 202128.000000, 1.000000, 2, 2.861794, 84231.743063, 84231.743063
Z3, 18, 2, 720, 11592.000000, 0.043430, 266912.272623, 269576.000000, 1.000000, 2, 2.861794, 97566.647726, 97566.647726
Z3, 19, 2, 720, 9952.000000, 0.054606, 182251.034685, 184296.000000, 1.000000, 2, 2.861794, 80634.400139, 80634.400139
Z3, 20, 2, 720, 11064.000000, 0.064133, 172516.489171, 172872.000000, 1.000000, 2, 2.861794, 78687.491036, 78687.491036
Z3, 21, 2, 720, 14728.000000, 0.034141, 431387.481327, 433176.000000, 1.000000, 2, 2.861794, 130461.689467, 130461.689467
Z3, 22, 2, 720, 16264.000000, 0.062533, 260086.674236, 262320.000000, 1.000000, 2, 2.861794, 96201.528049, 96201.528049
Z3, 23, 2, 720, 9504.000000, 0.035382, 268611.158216, 271536.000000, 1.000000, 2, 2.861794, 97906.424845, 97906.424845
Z3, 24, 2, 720, 12688.000000, 0.065563, 193523.786282, 195200.000000, 1.000000, 2, 2.861794, 82888.950458, 82888.950458
Z3, 25, 2, 720, 17320.000000, 0.047130, 367494.165075, 368504.000000, 1.000000, 2, 2.861794, 117683.026217, 117683.026217
Z3, 26, 2, 720, 10632.000000, 0.052919, 200910.825979, 204456.000000, 1.000000, 2, 2.861794, 84366.358398, 84366.358398
Z3, 27, 2, 720, 9320.000000, 0.027106, 343835.313215, 345184.000000, 1.000000, 2, 2.861794, 112951.255845, 112951.255845
Z3, 28, 2, 720, 6376.000000, 0.048223, 132219.065591, 132832.000000, 1.000000, 2, 2.861794, 70628.006320, 70628.006320
Z3, 29, 2, 720, 6872.000000, 0.060250, 114058.091286, 114528.000000, 1.000000, 2, 2.861794, 66995.811459, 66995.811459
Z3, 30, 2, 720, 6872.000000, 0.058856, 116759.548729, 118480.000000, 1.000000, 2, 2.861794, 67536.102948, 67536.102948
Z3, 31, 2, 720, 6376.000000, 0.029050, 219483.648881, 219856.000000, 1.000000, 2, 2.861794, 88080.922978, 88080.922978
Z3, 32, 2, 720, 6872.000000, 0.054456, 126193.624210, 127256.000000, 1.000000, 2, 2.861794, 69422.918044, 69422.918044
Z3, 33, 2, 720, 6872.000000, 0.036587, 187826.277093, 190888.000000, 1.000000, 2, 2.861794, 81749.448620, 81749.448620
Z3, 34, 2, 720, 6376.000000, 0.054451, 117096.104755, 118072.000000, 1.000000, 2, 2.861794, 67603.414153, 67603.414153
Z3, 35, 2, 720, 6872.000000, 0.057745, 119005.974543, 120560.000000, 1.000000, 2, 2.861794, 67985.388111, 67985.388111
Z3, 36, 2, 720, 6872.000000, 0.070849, 96995.017573, 98168.000000, 1.000000, 2, 2.861794, 63583.196716, 63583.196716
Z3, 37, 2, 720, 6376.000000, 0.042251, 150907.670824, 151808.000000, 1.000000, 2, 2.861794, 74365.727367, 74365.727367
Z3, 38, 2, 720, 6872.000000, 0.043067, 159565.328442, 159808.000000, 1.000000, 2, 2.861794, 76097.258890, 76097.258890
Z1, 0, 3, 720, 9896.000000, 0.161239, 61374.729439, 61464.000000, 1.000000, 2, 5.680087, 88372.204778, 88372.204778
Z2, 0, 3, 720, 6624.000000, 0.186343, 35547.350853, 35608.000000, 1.000000, 2, 5.680087, 83206.729061, 83206.729061
Z2, 1, 3, 720, 5424.000000, 0.028941, 187415.776925, 193712.000000, 1.000000, 2, 5.680087, 113580.414275, 113580.414275
Z2, 2, 3, 720, 7080.000000, 0.065782, 107628.226567, 108920.000000, 1.000000, 2, 5.680087, 97622.904204, 97622.904204
Z2, 3, 3, 720, 18632.000000, 0.047344, 393545.116593, 396424.000000, 1.000000, 2, 5.680087, 154806.282209, 154806.282209
Z2, 4, 3, 720, 9664.000000, 0.026936, 358776.358776, 371688.000000, 1.000000, 2, 5.680087, 147852.530646, 147852.530646
Z2, 5, 3, 720, 8424.000000, 0.053427, 157673.086642, 158936.000000, 1.000000, 2, 5.680087, 107631.876219, 107631.876219
Z2, 6, 3, 720, 6376.000000, 0.038771, 164452.812669, 167784.000000, 1.000000, 2, 5.680087, 108987.821424, 108987.821424
Z2, 7, 3, 720, 6872.000000, 0.048734, 141010.382895, 143160.000000, 1.000000, 2, 5.680087, 104299.335469, 104299.335469
Z3, 0, 3, 720, 7080.000000, 0.197769, 35799.341656, 35936.000000, 1.000000, 2, 5.680087, 83257.127221, 83257.127221
Z3, 1, 3, 720, 7080.000000, 0.060431, 117158.412073, 118000.000000, 1.000000, 2, 5.680087, 99528.941305, 99528.941305
Z3, 2, 3, 720, 5664.000000, 0.072141, 78512.912214, 78664.000000, 1.000000, 2, 5.680087, 91799.841333, 91799.841333
Z3, 3, 3, 720, 7080.000000, 0.043785, 161699.212059, 164648.000000, 1.000000, 2, 5.680087, 108437.101302, 108437.101302
Z3, 4, 3, 720, 7080.000000, 0.049578, 142805.276534, 144488.000000, 1.000000, 2, 5.680087, 104658.314197, 104658.314197
Z3, 5, 3, 720, 5664.000000, 0.057811, 97974.433931, 99368.000000, 1.000000, 2, 5.680087, 95692.145676, 95692.145676
Z3, 6, 3, 720, 7080.000000, 0.057030, 124145.186744, 124208.000000, 1.000000, 2, 5.680087, 100926.296239, 100926.296239
Z3, 7, 3, 720, 7080.000000, 0.049395, 143334.345582, 144488.000000, 1.000000, 2, 5.680087, 104764.128007, 104764.128007
Z3, 8, 3, 720, 5664.000000, 0.042326, 133818.456741, 134856.000000, 1.000000, 2, 5.680087, 102860.950238, 102860.950238
Z3, 9, 3, 720, 7080.000000, 0.039099, 181078.799969, 181536.000000, 1.000000, 2, 5.680087, 112313.018884, 112313.018884
Z3, 10, 3, 720, 14120.000000, 0.051958, 271757.958351, 276856.000000, 1.000000, 2, 5.680087, 130448.850560, 130448.850560
Z3, 11, 3, 720, 17536.000000, 0.037660, 465639.936272, 473944.000000, 1.000000, 2, 5.680087, 169225.246145, 169225.246145
Z3, 12, 3, 720, 16008.000000, 0.053378, 299898.834726, 302032.000000, 1.000000, 2, 5.680087, 136077.025835, 136077.025835
Z3, 13, 3, 720, 10896.000000, 0.032185, 338542.799441, 340496.000000, 1.000000, 2, 5.680087, 143805.818778, 143805.818778
Z3, 14, 3, 720, 19720.000000, 0.043371, 454681.699753, 458600.000000, 1.000000, 2, 5.680087, 167033.598841, 167033.598841
Z3, 15, 3, 720, 20104.000000, 0.052309, 384331.568181, 386608.000000, 1.000000, 2, 5.680087, 152963.572527, 152963.572527
Z3, 16, 3, 720, 12504.000000, 0.039930, 313148.009016, 320608.000000, 1.000000, 2, 5.680087, 138726.860693, 138726.860693
Z3, 17, 3, 720, 23072.000000, 0.060352, 382290.562036, 384528.000000, 1.000000, 2, 5.680087, 152555.371297, 152555.371297
Z3, 18, 3, 720, 18112.000000, 0.056113, 322777.253043, 323424.000000, 1.000000, 2, 5.680087, 140652.709499, 140652.709499
Z3, 19, 3, 720, 12544.000000, 0.047820, 262317.022166, 266888.000000, 1.000000, 2, 5.680087, 128560.663324, 128560.663324
Z3, 20, 3, 720, 15304.000000, 0.046794, 327050.476557, 332688.000000, 1.000000, 2, 5.680087, 141507.354202, 141507.354202
Z3, 21, 3, 720, 12280.000000, 0.033972, 361474.155187, 372120.000000, 1.000000, 2, 5.680087, 148392.089928, 148392.089928
Z3, 22, 3, 720, 10368.000000, 0.037448, 276863.917966, 280216.000000, 1.000000, 2, 5.680087, 131470.042483, 131470.042483
Z3, 23, 3, 720, 10520.000000, 0.035859, 293371.259656, 300568.000000, 1.000000, 2, 5.680087, 134771.510821, 134771.510821
Z3, 24, 3, 720, 15288.000000, 0.039116, 390837.508948, 392000.000000, 1.000000, 2, 5.680087, 154264.760680, 154264.760680
Z3, 25, 3, 720, 16344.000000, 0.036566, 446972.597495, 454000.000000, 1.000000, 2, 5.680087, 165491.778389, 165491.778389
Z3, 26, 3, 720, 9016.000000, 0.040577, 222194.839441, 225400.000000, 1.000000, 2, 5.680087, 120536.226778, 120536.226778
Z3, 27, 3, 720, 13800.000000, 0.046701, 295496.884435, 300000.000000, 1.000000, 2, 5.680087, 135196.635777, 135196.635777
Z3, 28, 3, 720, 17664.000000, 0.042274, 417845.484222, 420568.000000, 1.000000, 2, 5.680087, 159666.355735, 159666.355735
Z3, 29, 3, 720, 10240.000000, 0.032877, 311463.941357, 320000.000000, 1.000000, 2, 5.680087, 138390.047162, 138390.047162
Z3, 30, 3, 720, 6872.000000, 0.044807, 153368.893253, 156176.000000, 1.000000, 2, 5.680087, 106771.037541, 106771.037541
Z3, 31, 3, 720, 6872.000000, 0.036468, 188439.179555, 190888.000000, 1.000000, 2, 5.680087, 113785.094801, 113785.094801
Z3, 32, 3, 720, 6376.000000, 0.073754, 86449.548499, 87336.000000, 1.000000, 2, 5.680087, 93387.168590, 93387.168590
Z3, 33, 3, 720, 6872.000000, 0.042497, 161705.532155, 163616.000000, 1.000000, 2, 5.680087, 108438.365321, 108438.365321
Z3, 34, 3, 720, 6872.000000, 0.044343, 154973.727533, 156176.000000, 1.000000, 2, 5.680087, 107092.004397, 107092.004397
Z3, 35, 3, 720, 6376.000000, 0.063397, 100572.582299, 101200.000000, 1.000000, 2, 5.680087, 96211.775350, 96211.775350
Z3, 36, 3, 720, 6872.000000, 0.043408, 158311.831920, 159808.000000, 1.000000, 2, 5.680087, 107759.625274, 107759.625274
Z3, 37, 3, 720, 6872.000000, 0.073101, 94006.921930, 94136.000000, 1.000000, 2, 5.680087, 94898.643276, 94898.643276
Z3, 38, 3, 720, 6376.000000, 0.044154, 144403.678036, 144904.000000, 1.000000, 2, 5.680087, 104977.994497, 104977.994497
Z1, 0, 4, 720, 22592.000000, 0.197722, 114261.437776, 114680.000000, 1.000000, 2, 8.347664, 127830.282053, 127830.282053
Z2, 0, 4, 720, 6624.000000, 0.172058, 38498.645805, 38504.000000, 1.000000, 2, 8.347664, 112677.723659, 112677.723659
Z2, 1, 4, 720, 6648.000000, 0.039931, 166487.190403, 170456.000000, 1.000000, 2, 8.347664, 138275.432578, 138275.432578
Z2, 2, 4, 720, 7200.000000, 0.043839, 164237.322932, 167440.000000, 1.000000, 2, 8.347664, 137825.459084, 137825.459084
Z2, 3, 4, 720, 7296.000000, 0.054713, 133350.392046, 135104.000000, 1.000000, 2, 8.347664, 131648.072907, 131648.072907
Z2, 4, 4, 720, 17272.000000, 0.044501, 388126.109526, 392544.000000, 1.000000, 2, 8.347664, 182603.216403, 182603.216403
Z2, 5, 4, 720, 26240.000000, 0.074297, 353177.113477, 354592.000000, 1.000000, 2, 8.347664, 175613.417193, 175613.417193
Z2, 6, 4, 720, 12720.000000, 0.055184, 230501.594665, 231272.000000, 1.000000, 2, 8.347664, 151078.313430, 151078.313430
Z2, 7, 4, 720, 11496.000000, 0.032716, 351387.700208, 359248.000000, 1.000000, 2, 8.347664, 175255.534539, 175255.534539
Z3, 0, 4, 720, 6448.000000, 0.220216, 29280.342936, 29304.000000, 1.000000, 2, 8.347664, 110834.063085, 110834.063085
Z3, 1, 4, 720, 7448.000000, 0.028142, 264657.806837, 266000.000000, 1.000000, 2, 8.347664, 157909.555865, 157909.555865
Z3, 2, 4, 720, 7424.000000, 0.047440, 156492.411467, 157952.000000, 1.000000, 2, 8.347664, 136276.476791, 136276.476791
Z3, 3, 4, 720, 6648.000000, 0.070920, 93739.424704, 94968.000000, 1.000000, 2, 8.347664, 123725.879438, 123725.879438
Z3, 4, 4, 720, 7224.000000, 0.031225, 231353.082466, 233032.000000, 1.000000, 2, 8.347664, 151248.610991, 151248.610991
Z3, 5, 4, 720, 7240.000000, 0.062885, 115130.794307, 116768.000000, 1.000000, 2, 8.347664, 128004.153359, 128004.153359
Z3, 6, 4, 720, 6648.000000, 0.074775, 88906.720160, 89832.000000, 1.000000, 2, 8.347664, 122759.338530, 122759.338530
Z3, 7, 4, 720, 7232.000000, 0.046061, 157009.183474, 157216.000000, 1.000000, 2, 8.347664, 136379.831192, 136379.831192
Z3, 8, 4, 720, 7296.000000, 0.042817, 170399.607632, 173712.000000, 1.000000, 2, 8.347664, 139057.916024, 139057.916024
Z3, 9, 4, 720, 16456.000000, 0.063786, 257987.646192, 261200.000000, 1.000000, 2, 8.347664, 156575.523736, 156575.523736
Z3, 10, 4, 720, 25392.000000, 0.059866, 424147.262219, 430368.000000, 1.000000, 2, 8.347664, 189807.446941, 189807.446941
Z3, 11, 4, 720, 21592.000000, 0.068206, 316570.389702, 317528.000000, 1.000000, 2, 8.347664, 168292.072438, 168292.072438
Z3, 12, 4, 720, 13528.000000, 0.063997, 211384.908668, 214728.000000, 1.000000, 2, 8.347664, 147254.976231, 147254.976231
Z3, 13, 4, 720, 29512.000000, 0.073504, 401501.959077, 404272.000000, 1.000000, 2, 8.347664, 185278.386313, 185278.386313
Z3, 14, 4, 720, 29688.000000, 0.054185, 547900.710529, 549776.000000, 1.000000, 2, 8.347664, 214558.136603, 214558.136603
Z3, 15, 4, 720, 16760.000000, 0.058832, 284878.977427, 288960.000000, 1.000000, 2, 8.347664, 161953.789983, 161953.789983
Z3, 16, 4, 720, 33128.000000, 0.073581, 450224.922195, 453808.000000, 1.000000, 2, 8.347664, 195022.978936, 195022.978936
Z3, 17, 4, 720, 26248.000000, 0.065002, 403802.959909, 403808.000000, 1.000000, 2, 8.347664, 185738.586479, 185738.586479
Z3, 18, 4, 720, 14624.000000, 0.065057, 224787.494044, 224984.000000, 1.000000, 2, 8.347664, 149935.493306, 149935.493306
Z3, 19, 4, 720, 26816.000000, 0.060948, 439981.623679, 446928.000000, 1.000000, 2, 8.347664, 192974.319233, 192974.319233
Z3, 20, 4, 720, 23128.000000, 0.064962, 356023.521443, 361368.000000, 1.000000, 2, 8.347664, 176182.698786, 176182.698786
Z3, 21, 4, 720, 19440.000000, 0.075245, 258356.036946, 259200.000000, 1.000000, 2, 8.347664, 156649.201887, 156649.201887
Z3, 22, 4, 720, 29088.000000, 0.073552, 395475.309985, 398464.000000, 1.000000, 2, 8.347664, 184073.056494, 184073.056494
Z3, 23, 4, 720, 29840.000000, 0.070265, 424678.004697, 426280.000000, 1.000000, 2, 8.347664, 189913.595437, 189913.595437
Z3, 24, 4, 720, 17200.000000, 0.073146, 235146.146064, 235616.000000, 1.000000, 2, 8.347664, 152007.223710, 152007.223710
Z3, 25, 4, 720, 25664.000000, 0.064932, 395244.255529, 401000.000000, 1.000000, 2, 8.347664, 184026.845603, 184026.845603
Z3, 26, 4, 720, 26808.000000, 0.071280, 376094.276094, 377576.000000, 1.000000, 2, 8.347664, 180196.849716, 180196.849716
Z3, 27, 4, 720, 17472.000000, 0.038707, 451391.221226, 459784.000000, 1.000000, 2, 8.347664, 195256.238743, 195256.238743
Z3, 28, 4, 720, 6448.000000, 0.058980, 109325.194981, 111168.000000, 1.000000, 2, 8.347664, 126843.033494, 126843.033494
Z3, 29, 4, 720, 7200.000000, 0.048485, 148499.535939, 150000.000000, 1.000000, 2, 8.347664, 134677.901685, 134677.901685
Z3, 30, 4, 720, 7520.000000, 0.041620, 180682.364248, 183408.000000, 1.000000, 2, 8.347664, 141114.467347, 141114.467347
Z3, 31, 4, 720, 6728.000000, 0.053364, 126077.505434, 126936.000000, 1.000000, 2, 8.347664, 130193.495584, 130193.495584
Z3, 32, 4, 720, 7224.000000, 0.042331, 170655.075477, 172000.000000, 1.000000, 2, 8.347664, 139109.009593, 139109.009593
Z3, 33, 4, 720, 7256.000000, 0.044911, 161563.982098, 164904.000000, 1.000000, 2, 8.347664, 137290.790917, 137290.790917
Z3, 34, 4, 720, 6544.000000, 0.061372, 106628.429903, 107272.000000, 1.000000, 2, 8.347664, 126303.680478, 126303.680478
Z3, 35, 4, 720, 12272.000000, 0.060795, 201858.705486, 204528.000000, 1.000000, 2, 8.347664, 145349.735595, 145349.735595
Z3, 36, 4, 720, 8544.000000, 0.055044, 155221.277523, 155344.000000, 1.000000, 2, 8.347664, 136022.250002, 136022.250002
Z3, 37, 4, 720, 6424.000000, 0.040232, 159673.891430, 160600.000000, 1.000000, 2, 8.347664, 136912.772783, 136912.772783
Z3, 38, 4, 720, 6872.000000, 0.036247, 189588.103843, 190888.000000, 1.000000, 2, 8.347664, 142895.615266, 142895.615266
Z1, 0, 5, 720, 20272.000000, 0.223789, 90585.328144, 90904.000000, 1.000000, 2, 11.476539, 161012.680895, 161012.680895
Z2, 0, 5, 720, 6624.000000, 0.159004, 41659.329325, 41656.000000, 1.000000, 2, 11.476539, 151227.481131, 151227.481131
Z2, 1, 5, 720, 7616.000000, 0.067510, 112812.916605, 113664.000000, 1.000000, 2, 11.476539, 165458.198587, 165458.198587
Z2, 2, 5, 720, 8792.000000, 0.041059, 214130.884824, 214432.000000, 1.000000, 2, 11.476539, 185721.792231, 185721.792231
Z2, 3, 5, 720, 8816.000000, 0.062416, 141245.834401, 142192.000000, 1.000000, 2, 11.476539, 171144.782146, 171144.782146
Z2, 4, 5, 720, 14976.000000, 0.027822, 538279.059737, 554664.000000, 1.000000, 2, 11.476539, 250551.427213, 250551.427213
Z2, 5, 5, 720, 25312.000000, 0.063963, 395728.780701, 401776.000000, 1.000000, 2, 11.476539, 222041.371406, 222041.371406
Z2, 6, 5, 720, 13208.000000, 0.053987, 244651.490174, 249200.000000, 1.000000, 2, 11.476539, 191825.913301, 191825.913301
Z2, 7, 5, 720, 16320.000000, 0.048149, 338947.849384, 340000.000000, 1.000000, 2, 11.476539, 210685.185143, 210685.185143
Z3, 0, 5, 720, 7712.000000, 0.222672, 34633.900984, 34736.000000, 1.000000, 2, 11.476539, 149822.395463, 149822.395463
Z3, 1, 5, 720, 9624.000000, 0.027427, 350895.103365, 356440.000000, 1.000000, 2, 11.476539, 213074.635939, 213074.635939
Z3, 2, 5, 720, 9096.000000, 0.058525, 155420.760359, 156824.000000, 1.000000, 2, 11.476539, 173979.767338, 173979.767338
Z3, 3, 5, 720, 7632.000000, 0.072093, 105863.259956, 106000.000000, 1.000000, 2, 11.476539, 164068.267257, 164068.267257
Z3, 4, 5, 720, 8304.000000, 0.055421, 149834.900128, 150976.000000, 1.000000, 2, 11.476539, 172862.595292, 172862.595292
Z3, 5, 5, 720, 8504.000000, 0.030526, 278582.192230, 283464.000000, 1.000000, 2, 11.476539, 198612.053712, 198612.053712
Z3, 6, 5, 720, 7384.000000, 0.061031, 120987.694778, 121048.000000, 1.000000, 2, 11.476539, 167093.154222, 167093.154222
Z3, 7, 5, 720, 8968.000000, 0.051802, 173120.728929, 175840.000000, 1.000000, 2, 11.476539, 177519.761052, 177519.761052
Z3, 8, 5, 720, 8912.000000, 0.033864, 263170.328372, 270056.000000, 1.000000, 2, 11.476539, 195529.680941, 195529.680941
Z3, 9, 5, 720, 16688.000000, 0.026816, 622315.035800, 641840.000000, 1.000000, 2, 11.476539, 267358.622426, 267358.622426
Z3, 10, 5, 720, 23832.000000, 0.058341, 408494.883530, 410896.000000, 1.000000, 2, 11.476539, 224594.591972, 224594.591972
Z3, 11, 5, 720, 21144.000000, 0.068121, 310388.866869, 310936.000000, 1.000000, 2, 11.476539, 204973.388640, 204973.388640
Z3, 12, 5, 720, 14272.000000, 0.029057, 491172.522972, 492136.000000, 1.000000, 2, 11.476539, 241130.119860, 241130.119860
Z3, 13, 5, 720, 27640.000000, 0.072473, 381383.411753, 383888.000000, 1.000000, 2, 11.476539, 219172.297617, 219172.297617
Z3, 14, 5, 720, 33288.000000, 0.039210, 848967.100230, 853536.000000, 1.000000, 2, 11.476539, 312689.035312, 312689.035312
Z3, 15, 5, 720, 17576.000000, 0.035407, 496399.017144, 502168.000000, 1.000000, 2, 11.476539, 242175.418695, 242175.418695
Z3, 16, 5, 720, 34872.000000, 0.068537, 508805.462743, 512816.000000, 1.000000, 2, 11.476539, 244656.707815, 244656.707815
Z3, 17, 5, 720, 27336.000000, 0.072478, 377162.725241, 379664.000000, 1.000000, 2, 11.476539, 218328.160314, 218328.160314
Z3, 18, 5, 720, 18312.000000, 0.034292, 534002.099615, 538584.000000, 1.000000, 2, 11.476539, 249696.035189, 249696.035189
Z3, 19, 5, 720, 41432.000000, 0.067403, 614690.740768, 618384.000000, 1.000000, 2, 11.476539, 265833.763420, 265833.763420
Z3, 20, 5, 720, 36760.000000, 0.070198, 523661.642782, 525136.000000, 1.000000, 2, 11.476539, 247627.943822, 247627.943822
Z3, 21, 5, 720, 21272.000000, 0.073651, 288821.604595, 291392.000000, 1.000000, 2, 11.476539, 200659.936185, 200659.936185
Z3, 22, 5, 720, 43464.000000, 0.070526, 616283.356493, 620912.000000, 1.000000, 2, 11.476539, 266152.286565, 266152.286565
Z3, 23, 5, 720, 42000.000000, 0.070423, 596396.063786, 600000.000000, 1.000000, 2, 11.476539, 262174.828023, 262174.828023
Z3, 24, 5, 720, 20304.000000, 0.043188, 470130.591831, 472184.000000, 1.000000, 2, 11.476539, 236921.733632, 236921.733632
Z3, 25, 5, 720, 32736.000000, 0.040460, 809095.402867, 818400.000000, 1.000000, 2, 11.476539, 304714.695839, 304714.695839
Z3, 26, 5, 720, 34608.000000, 0.059689, 579805.324264, 586576.000000, 1.000000, 2, 11.476539, 258856.680119, 258856.680119
Z3, 27, 5, 720, 21272.000000, 0.072183, 294695.426901, 295440.000000, 1.000000, 2, 11.476539, 201834.700646, 201834.700646
Z3, 28, 5, 720, 8752.000000, 0.056944, 153694.858106, 156280.000000, 1.000000, 2, 11.476539, 173634.586887, 173634.586887
Z3, 29, 5, 720, 12760.000000, 0.071315, 178924.489939, 179712.000000, 1.000000, 2, 11.476539, 178680.513254, 178680.513254
Z3, 30, 5, 720, 15440.000000, 0.064208, 240468.477448, 241248.000000, 1.000000, 2, 11.476539, 190989.310756, 190989.310756
Z3, 31, 5, 720, 10000.000000, 0.069915, 143030.823142, 144920.000000, 1.000000, 2, 11.476539, 171501.779895, 171501.779895
Z3, 32, 5, 720, 15200.000000, 0.034882, 435754.830572, 447056.000000, 1.000000, 2, 11.476539, 230046.581380, 230046.581380
Z3, 33, 5, 720, 18352.000000, 0.027554, 666037.598897, 679696.000000, 1.000000, 2, 11.476539, 276103.135045, 276103.135045
Z3, 34, 5, 720, 11224.000000, 0.040952, 274076.968158, 280600.000000, 1.000000, 2, 11.476539, 197711.008898, 197711.008898
Z3, 35, 5, 720, 23240.000000, 0.048815, 476083.171156, 484160.000000, 1.000000, 2, 11.476539, 238112.249497, 238112.249497
Z3, 36, 5, 720, 16824.000000, 0.028432, 591727.630838, 600856.000000, 1.000000, 2, 11.476539, 261241.141434, 261241.141434
Z3, 37, 5, 720, 9680.000000, 0.028075, 344790.739092, 345712.000000, 1.000000, 2, 11.476539, 211853.763084, 211853.763084
Z3, 38, 5, 720, 12888.000000, 0.049638, 259639.792095, 263016.000000, 1.000000, 2, 11.476539, 194823.573685, 194823.573685
Z1, 0, 6, 720, 7488.000000, 0.217083, 34493.718992, 34504.000000, 1.000000, 2, 14.437849, 157538.124282, 157538.124282
Z2, 0, 6, 720, 6624.000000, 0.159656, 41489.201784, 41656.000000, 1.000000, 2, 14.437849, 158937.220840, 158937.220840
Z2, 1, 6, 720, 6768.000000, 0.037744, 179313.268334, 182912.000000, 1.000000, 2, 14.437849, 186502.034150, 186502.034150
Z2, 2, 6, 720, 7752.000000, 0.067221, 115321.105012, 115696.000000, 1.000000, 2, 14.437849, 173703.601485, 173703.601485
Z2, 3, 6, 720, 10768.000000, 0.041120, 261867.704280, 262632.000000, 1.000000, 2, 14.437849, 203012.921339, 203012.921339
Z2, 4, 6, 720, 14912.000000, 0.058166, 256369.700512, 257096.000000, 1.000000, 2, 14.437849, 201913.320586, 201913.320586
Z2, 5, 6, 720, 14376.000000, 0.043049, 333945.039374, 334320.000000, 1.000000, 2, 14.437849, 217428.388358, 217428.388358
Z2, 6, 6, 720, 7176.000000, 0.044422, 161541.578497, 163088.000000, 1.000000, 2, 14.437849, 182947.696183, 182947.696183
Z2, 7, 6, 720, 8768.000000, 0.069552, 126063.952151, 127072.000000, 1.000000, 2, 14.437849, 175852.170913, 175852.170913
Z3, 0, 6, 720, 6760.000000, 0.192772, 35067.333430, 35208.000000, 1.000000, 2, 14.437849, 157652.847169, 157652.847169
Z3, 1, 6, 720, 8320.000000, 0.072323, 115039.475685, 115552.000000, 1.000000, 2, 14.437849, 173647.275620, 173647.275620
Z3, 2, 6, 720, 7800.000000, 0.060891, 128097.748436, 130000.000000, 1.000000, 2, 14.437849, 176258.930170, 176258.930170
Z3, 3, 6, 720, 6928.000000, 0.028570, 242492.124606, 247424.000000, 1.000000, 2, 14.437849, 199137.805404, 199137.805404
Z3, 4, 6, 720, 7472.000000, 0.055933, 133588.400408, 135848.000000, 1.000000, 2, 14.437849, 177357.060565, 177357.060565
Z3, 5, 6, 720, 7416.000000, 0.032308, 229540.671041, 231744.000000, 1.000000, 2, 14.437849, 196547.514691, 196547.514691
Z3, 6, 6, 720, 6760.000000, 0.055353, 122125.268730, 122904.000000, 1.000000, 2, 14.437849, 175064.434229, 175064.434229
Z3, 7, 6, 720, 7600.000000, 0.073995, 102709.642543, 104104.000000, 1.000000, 2, 14.437849, 171181.308992, 171181.308992
Z3, 8, 6, 720, 7600.000000, 0.034167, 222436.854275, 223528.000000, 1.000000, 2, 14.437849, 195126.751338, 195126.751338
Z3, 9, 6, 720, 12912.000000, 0.030369, 425170.404030, 430400.000000, 1.000000, 2, 14.437849, 235673.461289, 235673.461289
Z3, 10, 6, 720, 17552.000000, 0.041698, 420931.459542, 428096.000000, 1.000000, 2, 14.437849, 234825.672392, 234825.672392
Z3, 11, 6, 720, 14968.000000, 0.042747, 350153.227127, 356376.000000, 1.000000, 2, 14.437849, 220670.025909, 220670.025909
Z3, 12, 6, 720, 10336.000000, 0.034433, 300177.155636, 304000.000000, 1.000000, 2, 14.437849, 210674.811610, 210674.811610
Z3, 13, 6, 720, 18344.000000, 0.062577, 293142.848011, 295864.000000, 1.000000, 2, 14.437849, 209267.950085, 209267.950085
Z3, 14, 6, 720, 20456.000000, 0.075709, 270192.447397, 272744.000000, 1.000000, 2, 14.437849, 204677.869963, 204677.869963
Z3, 15, 6, 720, 12480.000000, 0.027554, 452928.794367, 462216.000000, 1.000000, 2, 14.437849, 241225.139357, 241225.139357
Z3, 16, 6, 720, 18912.000000, 0.050590, 373828.819925, 378240.000000, 1.000000, 2, 14.437849, 225405.144468, 225405.144468
Z3, 17, 6, 720, 16112.000000, 0.074922, 215050.318998, 217728.000000, 1.000000, 2, 14.437849, 193649.444283, 193649.444283
Z3, 18, 6, 720, 17456.000000, 0.068390, 255241.994444, 256704.000000, 1.000000, 2, 14.437849, 201687.779372, 201687.779372
Z3, 19, 6, 720, 16088.000000, 0.054127, 297226.892309, 297920.000000, 1.000000, 2, 14.437849, 210084.758945, 210084.758945
Z3, 20, 6, 720, 31984.000000, 0.061680, 518547.341115, 524320.000000, 1.000000, 2, 14.437849, 254348.848706, 254348.848706
Z3, 21, 6, 720, 21472.000000, 0.070611, 304088.598094, 306736.000000, 1.000000, 2, 14.437849, 211457.100102, 211457.100102
Z3, 22, 6, 720, 19320.000000, 0.048846, 395528.804815, 402496.000000, 1.000000, 2, 14.437849, 229745.141446, 229745.141446
Z3, 23, 6, 720, 33040.000000, 0.075909, 435258.006297, 440528.000000, 1.000000, 2, 14.437849, 237690.981743, 237690.981743
Z3, 24, 6, 720, 26472.000000, 0.075346, 351339.155363, 352960.000000, 1.000000, 2, 14.437849, 220907.211556, 220907.211556
Z3, 25, 6, 720, 12984.000000, 0.051274, 253227.756758, 254584.000000, 1.000000, 2, 14.437849, 201284.931835, 201284.931835
Z3, 26, 6, 720, 21128.000000, 0.054691, 386315.847214, 391256.000000, 1.000000, 2, 14.437849, 227902.549926, 227902.549926
Z3, 27, 6, 720, 21576.000000, 0.039221, 550113.459626, 553224.000000, 1.000000, 2, 14.437849, 260662.072408, 260662.072408
Z3, 28, 6, 720, 9568.000000, 0.066062, 144833.641125, 144968.000000, 1.000000, 2, 14.437849, 179606.108708, 179606.108708
Z3, 29, 6, 720, 12800.000000, 0.062915, 203449.097989, 206448.000000, 1.000000, 2, 14.437849, 191329.200081, 191329.200081
Z3, 30, 6, 720, 7048.000000, 0.058078, 121354.041117, 121512.000000, 1.000000, 2, 14.437849, 174910.188707, 174910.188707
Z3, 31, 6, 720, 8656.000000, 0.029380, 294622.191967, 298480.000000, 1.000000, 2, 14.437849, 209563.818877, 209563.818877
Z3, 32, 6, 720, 9488.000000, 0.032401, 292830.468195, 296496.000000, 1.000000, 2, 14.437849, 209205.474122, 209205.474122
Z3, 33, 6, 720, 8424.000000, 0.043702, 192760.056748, 195904.000000, 1.000000, 2, 14.437849, 189191.391833, 189191.391833
Z3, 34, 6, 720, 9328.000000, 0.074009, 126038.725020, 126048.000000, 1.000000, 2, 14.437849, 175847.125487, 175847.125487
Z3, 35, 6, 720, 8680.000000, 0.068558, 126608.127425, 127640.000000, 1.000000, 2, 14.437849, 175961.005968, 175961.005968
Z3, 36, 6, 720, 7160.000000, 0.067587, 105937.532366, 106864.000000, 1.000000, 2, 14.437849, 171826.886956, 171826.886956
Z3, 37, 6, 720, 10360.000000, 0.028101, 368670.154087, 370000.000000, 1.000000, 2, 14.437849, 224373.411301, 224373.411301
Z3, 38, 6, 720, 9048.000000, 0.034521, 262101.329625, 266112.000000, 1.000000, 2, 14.437849, 203059.646408, 203059.646408
Z1, 0, 7, 720, 14352.000000, 0.183719, 78119.301760, 78424.000000, 1.000000, 2, 17.395279, 186770.441072, 186770.441072
Z2, 0, 7, 720, 6624.000000, 0.158212, 41867.873486, 41920.000000, 1.000000, 2, 17.395279, 179520.155417, 179520.155417
Z2, 1, 7, 720, 6792.000000, 0.058392, 116317.303740, 117096.000000, 1.000000, 2, 17.395279, 194410.041468, 194410.041468
Z2, 2, 7, 720, 7408.000000, 0.046333, 159886.042346, 161040.000000, 1.000000, 2, 17.395279, 203123.789189, 203123.789189
Z2, 3, 7, 720, 7464.000000, 0.073149, 102038.305377, 102240.000000, 1.000000, 2, 17.395279, 191554.241795, 191554.241795
Z2, 4, 7, 720, 10144.000000, 0.050583, 200541.683965, 202880.000000, 1.000000, 2, 17.395279, 211254.917513, 211254.917513
Z2, 5, 7, 720, 16856.000000, 0.061721, 273099.917370, 276320.000000, 1.000000, 2, 17.395279, 225766.564194, 225766.564194
Z2, 6, 7, 720, 9672.000000, 0.035084, 275681.222210, 276336.000000, 1.000000, 2, 17.395279, 226282.825162, 226282.825162
Z2, 7, 7, 720, 13368.000000, 0.058579, 228204.646716, 230480.000000, 1.000000, 2, 17.395279, 216787.510063, 216787.510063
Z3, 0, 7, 720, 6656.000000, 0.170568, 39022.559917, 39152.000000, 1.000000, 2, 17.395279, 178951.092703, 178951.092703
Z3, 1, 7, 720, 7664.000000, 0.054689, 140137.870504, 141920.000000, 1.000000, 2, 17.395279, 199174.154821, 199174.154821
Z3, 2, 7, 720, 7664.000000, 0.042821, 178977.604446, 182472.000000, 1.000000, 2, 17.395279, 206942.101609, 206942.101609
Z3, 3, 7, 720, 6920.000000, 0.073658, 93947.704255, 94792.000000, 1.000000, 2, 17.395279, 189936.121571, 189936.121571
Z3, 4, 7, 720, 7504.000000, 0.034653, 216546.907916, 220704.000000, 1.000000, 2, 17.395279, 214455.962303, 214455.962303
Z3, 5, 7, 720, 7480.000000, 0.034434, 217227.159203, 220000.000000, 1.000000, 2, 17.395279, 214592.012560, 214592.012560
Z3, 6, 7, 720, 6728.000000, 0.067928, 99046.048758, 100416.000000, 1.000000, 2, 17.395279, 190955.790471, 190955.790471
Z3, 7, 7, 720, 7632.000000, 0.034675, 220100.937275, 224464.000000, 1.000000, 2, 17.395279, 215166.768175, 215166.768175
Z3, 8, 7, 720, 7392.000000, 0.049743, 148603.823654, 150856.000000, 1.000000, 2, 17.395279, 200867.345451, 200867.345451
Z3, 9, 7, 720, 12800.000000, 0.048754, 262542.560610, 266664.000000, 1.000000, 2, 17.395279, 223655.092842, 223655.092842
Z3, 10, 7, 720, 16760.000000, 0.067029, 250041.027018, 250144.000000, 1.000000, 2, 17.395279, 221154.786123, 221154.786123
Z3, 11, 7, 720, 14104.000000, 0.066164, 213167.281301, 213696.000000, 1.000000, 2, 17.395279, 213780.036980, 213780.036980
Z3, 12, 7, 720, 9704.000000, 0.061290, 158329.254364, 159080.000000, 1.000000, 2, 17.395279, 202812.431593, 202812.431593
Z3, 13, 7, 720, 17248.000000, 0.026143, 659755.957618, 663384.000000, 1.000000, 2, 17.395279, 303097.772243, 303097.772243
Z3, 14, 7, 720, 21552.000000, 0.052972, 406856.452465, 414456.000000, 1.000000, 2, 17.395279, 252517.871213, 252517.871213
Z3, 15, 7, 720, 16688.000000, 0.049483, 337247.135380, 340568.000000, 1.000000, 2, 17.395279, 238596.007796, 238596.007796
Z3, 16, 7, 720, 23312.000000, 0.071292, 326993.211019, 328336.000000, 1.000000, 2, 17.395279, 236545.222924, 236545.222924
Z3, 17, 7, 720, 14952.000000, 0.057336, 260778.568439, 262312.000000, 1.000000, 2, 17.395279, 223302.294408, 223302.294408
Z3, 18, 7, 720, 23928.000000, 0.074447, 321409.862050, 323344.000000, 1.000000, 2, 17.395279, 235428.553130, 235428.553130
Z3, 19, 7, 720, 29544.000000, 0.055758, 529861.185839, 537160.000000, 1.000000, 2, 17.395279, 277118.817888, 277118.817888
Z3, 20, 7, 720, 31920.000000, 0.037455, 852222.667201, 862696.000000, 1.000000, 2, 17.395279, 341591.114160, 341591.114160
Z3, 21, 7, 720, 15096.000000, 0.044697, 337740.787972, 343088.000000, 1.000000, 2, 17.395279, 238694.738314, 238694.738314
Z3, 22, 7, 720, 22296.000000, 0.047857, 465887.957875, 474376.000000, 1.000000, 2, 17.395279, 264324.172295, 264324.172295
Z3, 23, 7, 720, 24272.000000, 0.052413, 463091.217828, 466768.000000, 1.000000, 2, 17.395279, 263764.824285, 263764.824285
Z3, 24, 7, 720, 13368.000000, 0.061524, 217281.061049, 219144.000000, 1.000000, 2, 17.395279, 214602.792930, 214602.792930
Z3, 25, 7, 720, 21768.000000, 0.045863, 474630.966138, 483728.000000, 1.000000, 2, 17.395279, 266072.773948, 266072.773948
Z3, 26, 7, 720, 21680.000000, 0.061732, 351195.490183, 355408.000000, 1.000000, 2, 17.395279, 241385.678757, 241385.678757
Z3, 27, 7, 720, 15008.000000, 0.071404, 210184.303400, 211376.000000, 1.000000, 2, 17.395279, 213183.441400, 213183.441400
Z3, 28, 7, 720, 13424.000000, 0.073724, 182084.531496, 183888.000000, 1.000000, 2, 17.395279, 207563.487019, 207563.487019
Z3, 29, 7, 720, 8064.000000, 0.029237, 275814.892089, 278064.000000, 1.000000, 2, 17.395279, 226309.559138, 226309.559138
Z3, 30, 7, 720, 9424.000000, 0.040510, 232633.917551, 235600.000000, 1.000000, 2, 17.395279, 217673.364230, 217673.364230
Z3, 31, 7, 720, 7368.000000, 0.032528, 226512.543040, 230248.000000, 1.000000, 2, 17.395279, 216449.089328, 216449.089328
Z3, 32, 7, 720, 8792.000000, 0.057038, 154142.852134, 154240.000000, 1.000000, 2, 17.395279, 201975.151147, 201975.151147
Z3, 33, 7, 720, 8568.000000, 0.048458, 176812.910149, 178496.000000, 1.000000, 2, 17.395279, 206509.162750, 206509.162750
Z3, 34, 7, 720, 7064.000000, 0.075052, 94121.409156, 94184.000000, 1.000000, 2, 17.395279, 189970.862551, 189970.862551
Z3, 35, 7, 720, 10104.000000, 0.027755, 364042.514862, 374216.000000, 1.000000, 2, 17.395279, 243955.083692, 243955.083692
Z3, 36, 7, 720, 8640.000000, 0.053680, 160953.800298, 163016.000000, 1.000000, 2, 17.395279, 203337.340779, 203337.340779
Z3, 37, 7, 720, 7168.000000, 0.067837, 105665.050046, 106984.000000, 1.000000, 2, 17.395279, 192279.590729, 192279.590729
Z3, 38, 7, 720, 8160.000000, 0.028177, 289597.898996, 291424.000000, 1.000000, 2, 17.395279, 229066.160519, 229066.160519
Z1, 0, 8, 720, 7744.000000, 0.178941, 43276.834264, 43504.000000, 1.000000, 2, 20.279335, 208840.791765, 208840.791765
Z2, 0, 8, 720, 6624.000000, 0.204785, 32346.119101, 32464.000000, 1.000000, 2, 20.279335, 206654.648732, 206654.648732
Z2, 1, 8, 720, 6968.000000, 0.054651, 127499.954255, 129032.000000, 1.000000, 2, 20.279335, 225685.415763, 225685.415763
Z2, 2, 8, 720, 7968.000000, 0.060902, 130833.141769, 132800.000000, 1.000000, 2, 20.279335, 226352.053266, 226352.053266
Z2, 3, 8, 720, 12752.000000, 0.041575, 306722.790138, 311024.000000, 1.000000, 2, 20.279335, 261529.982939, 261529.982939
Z2, 4, 8, 720, 18720.000000, 0.068074, 274994.858536, 275288.000000, 1.000000, 2, 20.279335, 255184.396619, 255184.396619
Z2, 5, 8, 720, 25648.000000, 0.068989, 371769.412515, 377176.000000, 1.000000, 2, 20.279335, 274539.307415, 274539.307415
Z2, 6, 8, 720, 9784.000000, 0.027340, 357863.935625, 362368.000000, 1.000000, 2, 20.279335, 271758.212037, 271758.212037
Z2, 7, 8, 720, 13192.000000, 0.043732, 301655.538279, 306784.000000, 1.000000, 2, 20.279335, 260516.532568, 260516.532568
Z3, 0, 8, 720, 6768.000000, 0.190304, 35564.149992, 35616.000000, 1.000000, 2, 20.279335, 207298.254910, 207298.254910
Z3, 1, 8, 720, 8032.000000, 0.062277, 128972.172712, 129544.000000, 1.000000, 2, 20.279335, 225979.859454, 225979.859454
Z3, 2, 8, 720, 7872.000000, 0.041555, 189435.687643, 192000.000000, 1.000000, 2, 20.279335, 238072.562440, 238072.562440
Z3, 3, 8, 720, 7024.000000, 0.042416, 165597.887590, 167232.000000, 1.000000, 2, 20.279335, 233305.002430, 233305.002430
Z3, 4, 8, 720, 7816.000000, 0.034518, 226432.585897, 229880.000000, 1.000000, 2, 20.279335, 245471.942091, 245471.942091
Z3, 5, 8, 720, 7936.000000, 0.051605, 153783.548106, 155600.000000, 1.000000, 2, 20.279335, 230942.134533, 230942.134533
Z3, 6, 8, 720, 6928.000000, 0.036572, 189434.540085, 192440.000000, 1.000000, 2, 20.279335, 238072.332929, 238072.332929
Z3, 7, 8, 720, 8048.000000, 0.036176, 222467.934542, 223552.000000, 1.000000, 2, 20.279335, 244679.011820, 244679.011820
Z3, 8, 8, 720, 7664.000000, 0.069647, 110040.633480, 111072.000000, 1.000000, 2, 20.279335, 222193.551608, 222193.551608
Z3, 9, 8, 720, 14248.000000, 0.029770, 478602.620087, 491304.000000, 1.000000, 2, 20.279335, 295905.948929, 295905.948929
Z3, 10, 8, 720, 19448.000000, 0.054841, 354625.189183, 360144.000000, 1.000000, 2, 20.279335, 271110.462748, 271110.462748
Z3, 11, 8, 720, 17344.000000, 0.073915, 234647.906379, 237584.000000, 1.000000, 2, 20.279335, 247115.006188, 247115.006188
Z3, 12, 8, 720, 11952.000000, 0.069251, 172589.565494, 173216.000000, 1.000000, 2, 20.279335, 234703.338011, 234703.338011
Z3, 13, 8, 720, 25224.000000, 0.056082, 449769.979673, 450424.000000, 1.000000, 2, 20.279335, 290139.420846, 290139.420846
Z3, 14, 8, 720, 35992.000000, 0.048935, 735506.283846, 749832.000000, 1.000000, 2, 20.279335, 347286.681681, 347286.681681
Z3, 15, 8, 720, 20016.000000, 0.058048, 344818.081588, 345096.000000, 1.000000, 2, 20.279335, 269149.041229, 269149.041229
Z3, 16, 8, 720, 36432.000000, 0.069680, 522847.301952, 528000.000000, 1.000000, 2, 20.279335, 304754.885302, 304754.885302
Z3, 17, 8, 720, 22472.000000, 0.046111, 487345.752640, 488520.000000, 1.000000, 2, 20.279335, 297654.575440, 297654.575440
Z3, 18, 8, 720, 21736.000000, 0.031053, 699964.576691, 701160.000000, 1.000000, 2, 20.279335, 340178.340250, 340178.340250
Z3, 19, 8, 720, 16848.000000, 0.036081, 466949.363931, 468000.000000, 1.000000, 2, 20.279335, 293575.297698, 293575.297698
Z3, 20, 8, 720, 47160.000000, 0.062376, 756060.023086, 760640.000000, 1.000000, 2, 20.279335, 351397.429529, 351397.429529
Z3, 21, 8, 720, 39472.000000, 0.074183, 532089.562299, 533400.000000, 1.000000, 2, 20.279335, 306603.337372, 306603.337372
Z3, 22, 8, 720, 26968.000000, 0.043526, 619583.697101, 627160.000000, 1.000000, 2, 20.279335, 324102.164332, 324102.164332
Z3, 23, 8, 720, 39776.000000, 0.057090, 696724.470135, 697824.000000, 1.000000, 2, 20.279335, 339530.318939, 339530.318939
Z3, 24, 8, 720, 34992.000000, 0.070862, 493804.860151, 499880.000000, 1.000000, 2, 20.279335, 298946.396942, 298946.396942
Z3, 25, 8, 720, 22464.000000, 0.038214, 587847.385775, 591152.000000, 1.000000, 2, 20.279335, 317754.902067, 317754.902067
Z3, 26, 8, 720, 43144.000000, 0.065516, 658526.161548, 663752.000000, 1.000000, 2, 20.279335, 331890.657221, 331890.657221
Z3, 27, 8, 720, 43672.000000, 0.066760, 654164.170162, 661696.000000, 1.000000, 2, 20.279335, 331018.258944, 331018.258944
Z3, 28, 8, 720, 18320.000000, 0.061423, 298259.609592, 300320.000000, 1.000000, 2, 20.279335, 259837.346830, 259837.346830
Z3, 29, 8, 720, 24560.000000, 0.075912, 323532.511329, 327464.000000, 1.000000, 2, 20.279335, 264891.927178, 264891.927178
Z3, 30, 8, 720, 19040.000000, 0.035674, 533722.038459, 544000.000000, 1.000000, 2, 20.279335, 306929.832604, 306929.832604
Z3, 31, 8, 720, 20160.000000, 0.065162, 309382.769099, 310152.000000, 1.000000, 2, 20.279335, 262061.978731, 262061.978731
Z3, 32, 8, 720, 16496.000000, 0.033309, 495241.526314, 499872.000000, 1.000000, 2, 20.279335, 299233.730175, 299233.730175
Z3, 33, 8, 720, 11624.000000, 0.073454, 158248.699867, 159232.000000, 1.000000, 2, 20.279335, 231835.164885, 231835.164885
Z3, 34, 8, 720, 21024.000000, 0.063020, 333608.378293, 333712.000000, 1.000000, 2, 20.279335, 266907.100570, 266907.100570
Z3, 35, 8, 720, 28496.000000, 0.074516, 382414.515003, 385080.000000, 1.000000, 2, 20.279335, 276668.327912, 276668.327912
Z3, 36, 8, 720, 12416.000000, 0.052826, 235035.777837, 238768.000000, 1.000000, 2, 20.279335, 247192.580479, 247192.580479
Z3, 37, 8, 720, 17312.000000, 0.032366, 534882.283878, 541000.000000, 1.000000, 2, 20.279335, 307161.881687, 307161.881687
Z3, 38, 8, 720, 14664.000000, 0.073236, 200229.395379, 200872.000000, 1.000000, 2, 20.279335, 240231.303988, 240231.303988
Z1, 0, 9, 720, 7696.000000, 0.194004, 39669.285169, 39664.000000, 1.000000, 2, 23.293648, 210247.540253, 210247.540253
Z2, 0, 9, 720, 6624.000000, 0.213439, 31034.628161, 31096.000000, 1.000000, 2, 23.293648, 208520.608851, 208520.608851
Z2, 1, 9, 720, 6776.000000, 0.075590, 89641.486969, 90344.000000, 1.000000, 2, 23.293648, 220241.980613, 220241.980613
Z2, 2, 9, 720, 7496.000000, 0.033056, 226766.698935, 227144.000000, 1.000000, 2, 23.293648, 247667.023006, 247667.023006
Z2, 3, 9, 720, 16056.000000, 0.028856, 556418.075963, 573424.000000, 1.000000, 2, 23.293648, 313597.298412, 313597.298412
Z2, 4, 9, 720, 24464.000000, 0.056031, 436615.445022, 436856.000000, 1.000000, 2, 23.293648, 289636.772223, 289636.772223
Z2, 5, 9, 720, 36648.000000, 0.050111, 731336.433118, 732960.000000, 1.000000, 2, 23.293648, 348580.969843, 348580.969843
Z2, 6, 9, 720, 11344.000000, 0.075034, 151184.796226, 151248.000000, 1.000000, 2, 23.293648, 232550.642464, 232550.642464
Z2, 7, 9, 720, 15808.000000, 0.068799, 229770.781552, 232464.000000, 1.000000, 2, 23.293648, 248267.839529, 248267.839529
Z3, 0, 9, 720, 6752.000000, 0.206955, 32625.449977, 32776.000000, 1.000000, 2, 23.293648, 208838.773214, 208838.773214
Z3, 1, 9, 720, 9824.000000, 0.049786, 197324.549070, 200488.000000, 1.000000, 2, 23.293648, 241778.593033, 241778.593033
Z3, 2, 9, 720, 8640.000000, 0.043458, 198812.646693, 200928.000000, 1.000000, 2, 23.293648, 242076.212558, 242076.212558
Z3, 3, 9, 720, 7248.000000, 0.060508, 119785.813446, 120800.000000, 1.000000, 2, 23.293648, 226270.845908, 226270.845908
Z3, 4, 9, 720, 8336.000000, 0.045133, 184698.557596, 185240.000000, 1.000000, 2, 23.293648, 239253.394738, 239253.394738
Z3, 5, 9, 720, 9640.000000, 0.074790, 128894.237197, 130264.000000, 1.000000, 2, 23.293648, 228092.530659, 228092.530659
Z3, 6, 9, 720, 10312.000000, 0.035722, 288673.646492, 294624.000000, 1.000000, 2, 23.293648, 260048.412518, 260048.412518
Z3, 7, 9, 720, 21208.000000, 0.059431, 356850.801770, 359456.000000, 1.000000, 2, 23.293648, 273683.843573, 273683.843573
Z3, 8, 9, 720, 8000.000000, 0.054581, 146571.151133, 148144.000000, 1.000000, 2, 23.293648, 231627.913446, 231627.913446
Z3, 9, 9, 720, 16880.000000, 0.072208, 233769.111456, 234440.000000, 1.000000, 2, 23.293648, 249067.505510, 249067.505510
Z3, 10, 9, 720, 23240.000000, 0.074809, 310657.808552, 314048.000000, 1.000000, 2, 23.293648, 264445.244930, 264445.244930
Z3, 11, 9, 720, 21680.000000, 0.074784, 289901.583226, 292968.000000, 1.000000, 2, 23.293648, 260293.999864, 260293.999864
Z3, 12, 9, 720, 16096.000000, 0.062919, 255820.976176, 259608.000000, 1.000000, 2, 23.293648, 253477.878454, 253477.878454
Z3, 13, 9, 720, 39872.000000, 0.056732, 702813.227103, 712000.000000, 1.000000, 2, 23.293648, 342876.328640, 342876.328640
Z3, 14, 9, 720, 46392.000000, 0.069336, 669089.650398, 672344.000000, 1.000000, 2, 23.293648, 336131.613299, 336131.613299
Z3, 15, 9, 720, 26168.000000, 0.073410, 356463.697044, 358464.000000, 1.000000, 2, 23.293648, 273606.422628, 273606.422628
Z3, 16, 9, 720, 48816.000000, 0.059424, 821486.268174, 827384.000000, 1.000000, 2, 23.293648, 366610.936854, 366610.936854
Z3, 17, 9, 720, 38664.000000, 0.065142, 593534.125449, 594824.000000, 1.000000, 2, 23.293648, 321020.508309, 321020.508309
Z3, 18, 9, 720, 26344.000000, 0.038793, 679091.588689, 693256.000000, 1.000000, 2, 23.293648, 338132.000957, 338132.000957
Z3, 19, 9, 720, 19912.000000, 0.059876, 332553.944819, 337488.000000, 1.000000, 2, 23.293648, 268824.472183, 268824.472183
Z3, 20, 9, 720, 61688.000000, 0.062930, 980263.785158, 994960.000000, 1.000000, 2, 23.293648, 398366.440251, 398366.440251
Z3, 21, 9, 720, 59200.000000, 0.065170, 908393.432561, 910768.000000, 1.000000, 2, 23.293648, 383992.369731, 383992.369731
Z3, 22, 9, 720, 41064.000000, 0.071171, 576976.577539, 578360.000000, 1.000000, 2, 23.293648, 317708.998727, 317708.998727
Z3, 23, 9, 720, 55576.000000, 0.063966, 868836.569428, 882152.000000, 1.000000, 2, 23.293648, 376080.997105, 376080.997105
Z3, 24, 9, 720, 50200.000000, 0.073263, 685202.626155, 687664.000000, 1.000000, 2, 23.293648, 339354.208450, 339354.208450
Z3, 25, 9, 720, 30056.000000, 0.058037, 517876.527043, 518200.000000, 1.000000, 2, 23.293648, 305888.988628, 305888.988628
Z3, 26, 9, 720, 59504.000000, 0.066394, 896225.562551, 901568.000000, 1.000000, 2, 23.293648, 381558.795729, 381558.795729
Z3, 27, 9, 720, 65232.000000, 0.057868, 1127255.132370, 1144416.000000, 1.000000, 2, 23.293648, 427764.709693, 427764.709693
Z3, 28, 9, 720, 23952.000000, 0.059402, 403218.746844, 405960.000000, 1.000000, 2, 23.293648, 282957.432588, 282957.432588
Z3, 29, 9, 720, 32816.000000, 0.041259, 795365.859570, 800384.000000, 1.000000, 2, 23.293648, 361386.855133, 361386.855133
Z3, 30, 9, 720, 8856.000000, 0.050154, 176576.145472, 177120.000000, 1.000000, 2, 23.293648, 237628.912313, 237628.912313
Z3, 31, 9, 720, 14088.000000, 0.056508, 249309.832236, 251568.000000, 1.000000, 2, 23.293648, 252175.649666, 252175.649666
Z3, 32, 9, 720, 15104.000000, 0.068192, 221492.257156, 222112.000000, 1.000000, 2, 23.293648, 246612.134650, 246612.134650
Z3, 33, 9, 720, 11784.000000, 0.039628, 297365.499142, 302152.000000, 1.000000, 2, 23.293648, 261786.783047, 261786.783047
Z3, 34, 9, 720, 18496.000000, 0.054551, 339058.862349, 342512.000000, 1.000000, 2, 23.293648, 270125.455689, 270125.455689
Z3, 35, 9, 720, 22376.000000, 0.073824, 303099.263112, 306520.000000, 1.000000, 2, 23.293648, 262933.535841, 262933.535841
Z3, 36, 9, 720, 8792.000000, 0.064437, 136443.347766, 137368.000000, 1.000000, 2, 23.293648, 229602.352772, 229602.352772
Z3, 37, 9, 720, 19464.000000, 0.064583, 301379.620024, 304120.000000, 1.000000, 2, 23.293648, 262589.607224, 262589.607224
Z3, 38, 9, 720, 20360.000000, 0.050220, 405416.168857, 407200.000000, 1.000000, 2, 23.293648, 283396.916990, 283396.916990
Z1, 0, 10, 720, 7480.000000, 0.188065, 39773.482573, 39784.000000, 1.000000, 2, 26.575433, 239423.655086, 239423.655086
Z2, 0, 10, 720, 6624.000000, 0.199007, 33285.261322, 33280.000000, 1.000000, 2, 26.575433, 238126.010836, 238126.010836
Z2, 1, 10, 720, 7008.000000, 0.056689, 123621.866676, 125136.000000, 1.000000, 2, 26.575433, 256193.331907, 256193.331907
Z2, 2, 10, 720, 7832.000000, 0.030348, 258073.019639, 261064.000000, 1.000000, 2, 26.575433, 283083.562499, 283083.562499
Z2, 3, 10, 720, 29728.000000, 0.051404, 578320.753249, 582896.000000, 1.000000, 2, 26.575433, 347133.109221, 347133.109221
Z2, 4, 10, 720, 35840.000000, 0.040652, 881629.440126, 896000.000000, 1.000000, 2, 26.575433, 407794.846597, 407794.846597
Z2, 5, 10, 720, 43888.000000, 0.066438, 660585.809326, 664968.000000, 1.000000, 2, 26.575433, 363586.120437, 363586.120437
Z2, 6, 10, 720, 17936.000000, 0.038660, 463942.058976, 472000.000000, 1.000000, 2, 26.575433, 324257.370367, 324257.370367
Z2, 7, 10, 720, 24920.000000, 0.059854, 416346.443011, 422368.000000, 1.000000, 2, 26.575433, 314738.247174, 314738.247174
Z3, 0, 10, 720, 6840.000000, 0.174994, 39087.054413, 39304.000000, 1.000000, 2, 26.575433, 239286.369454, 239286.369454
Z3, 1, 10, 720, 22064.000000, 0.062926, 350634.078124, 355864.000000, 1.000000, 2, 26.575433, 301595.774196, 301595.774196
Z3, 2, 10, 720, 15312.000000, 0.053064, 288557.213930, 288904.000000, 1.000000, 2, 26.575433, 289180.401358, 289180.401358
Z3, 3, 10, 720, 7752.000000, 0.056067, 138263.149446, 138424.000000, 1.000000, 2, 26.575433, 259121.588461, 259121.588461
Z3, 4, 10, 720, 11432.000000, 0.029153, 392138.030391, 394200.000000, 1.000000, 2, 26.575433, 309896.564650, 309896.564650
Z3, 5, 10, 720, 17232.000000, 0.042133, 408990.577457, 410280.000000, 1.000000, 2, 26.575433, 313267.074063, 313267.074063
Z3, 6, 10, 720, 23328.000000, 0.067226, 347008.597864, 348176.000000, 1.000000, 2, 26.575433, 300870.678144, 300870.678144
Z3, 7, 10, 720, 18496.000000, 0.058233, 317620.593134, 318896.000000, 1.000000, 2, 26.575433, 294993.077198, 294993.077198
Z3, 8, 10, 720, 7968.000000, 0.026866, 296583.041763, 306456.000000, 1.000000, 2, 26.575433, 290785.566924, 290785.566924
Z3, 9, 10, 720, 19568.000000, 0.059786, 327300.705851, 331656.000000, 1.000000, 2, 26.575433, 296929.099742, 296929.099742
Z3, 10, 10, 720, 36064.000000, 0.066074, 545812.271090, 546424.000000, 1.000000, 2, 26.575433, 340631.412789, 340631.412789
Z3, 11, 10, 720, 29248.000000, 0.062117, 470853.389571, 471736.000000, 1.000000, 2, 26.575433, 325639.636486, 325639.636486
Z3, 12, 10, 720, 24216.000000, 0.048264, 501740.427648, 504496.000000, 1.000000, 2, 26.575433, 331817.044101, 331817.044101
Z3, 13, 10, 720, 54424.000000, 0.041508, 1311168.931290, 1327408.000000, 1.000000, 2, 26.575433, 493702.744830, 493702.744830
Z3, 14, 10, 720, 56832.000000, 0.074143, 766518.754299, 768000.000000, 1.000000, 2, 26.575433, 384772.709431, 384772.709431
Z3, 15, 10, 720, 29576.000000, 0.058663, 504167.874128, 509928.000000, 1.000000, 2, 26.575433, 332302.533397, 332302.533397
Z3, 16, 10, 720, 52328.000000, 0.069226, 755900.962066, 758376.000000, 1.000000, 2, 26.575433, 382649.150985, 382649.150985
Z3, 17, 10, 720, 52840.000000, 0.072158, 732281.936861, 733888.000000, 1.000000, 2, 26.575433, 377925.345944, 377925.345944
Z3, 18, 10, 720, 35136.000000, 0.050210, 699780.920135, 702720.000000, 1.000000, 2, 26.575433, 371425.142599, 371425.142599
Z3, 19, 10, 720, 23160.000000, 0.073402, 315522.737800, 317256.000000, 1.000000, 2, 26.575433, 294573.506131, 294573.506131
Z3, 20, 10, 720, 77048.000000, 0.073217, 1052323.913845, 1055448.000000, 1.000000, 2, 26.575433, 441933.741341, 441933.741341
Z3, 21, 10, 720, 68968.000000, 0.074077, 931031.224267, 932000.000000, 1.000000, 2, 26.575433, 417675.203425, 417675.203425
Z3, 22, 10, 720, 52224.000000, 0.063532, 822010.955109, 828952.000000, 1.000000, 2, 26.575433, 395871.149593, 395871.149593
Z3, 23, 10, 720, 76384.000000, 0.063964, 1194171.721593, 1212440.000000, 1.000000, 2, 26.575433, 470303.302890, 470303.302890
Z3, 24, 10, 720, 57512.000000, 0.068714, 836976.453125, 845760.000000, 1.000000, 2, 26.575433, 398864.249196, 398864.249196
Z3, 25, 10, 720, 35600.000000, 0.057814, 615767.807106, 624560.000000, 1.000000, 2, 26.575433, 354622.519993, 354622.519993
Z3, 26, 10, 720, 72816.000000, 0.075762, 961115.070880, 970880.000000, 1.000000, 2, 26.575433, 423691.972747, 423691.972747
Z3, 27, 10, 720, 93600.000000, 0.056653, 1652163.168764, 1671424.000000, 1.000000, 2, 26.575433, 561901.592324, 561901.592324
Z3, 28, 10, 720, 23040.000000, 0.066926, 344260.825389, 349088.000000, 1.000000, 2, 26.575433, 300321.123649, 300321.123649
Z3, 29, 10, 720, 35840.000000, 0.062947, 569367.880916, 578064.000000, 1.000000, 2, 26.575433, 345342.534755, 345342.534755
Z3, 30, 10, 720, 13072.000000, 0.042456, 307895.232712, 311232.000000, 1.000000, 2, 26.575433, 293048.005114, 293048.005114
Z3, 31, 10, 720, 20608.000000, 0.029860, 690154.052244, 710616.000000, 1.000000, 2, 26.575433, 369499.769020, 369499.769020
Z3, 32, 10, 720, 22584.000000, 0.062780, 359732.398853, 364256.000000, 1.000000, 2, 26.575433, 303415.438342, 303415.438342
Z3, 33, 10, 720, 14712.000000, 0.046430, 316864.096489, 319824.000000, 1.000000, 2, 26.575433, 294841.777869, 294841.777869
Z3, 34, 10, 720, 20512.000000, 0.062359, 328934.075274, 330832.000000, 1.000000, 2, 26.575433, 297255.773626, 297255.773626
Z3, 35, 10, 720, 17992.000000, 0.067247, 267550.968816, 268536.000000, 1.000000, 2, 26.575433, 284979.152335, 284979.152335
Z3, 36, 10, 720, 11464.000000, 0.046522, 246421.048106, 249216.000000, 1.000000, 2, 26.575433, 280753.168193, 280753.168193
Z3, 37, 10, 720, 22376.000000, 0.075165, 297691.744828, 298344.000000, 1.000000, 2, 26.575433, 291007.307537, 291007.307537
Z3, 38, 10, 720, 29088.000000, 0.033114, 878420.003624, 881448.000000, 1.000000, 2, 26.575433, 407152.959296, 407152.959296
Z1, 0, 11, 720, 41864.000000, 0.164621, 254305.343790, 255264.000000, 1.000000, 2, 29.688927, 405593.762129, 405593.762129
Z2, 0, 11, 720, 10080.000000, 0.191384, 52668.979643, 52768.000000, 1.000000, 2, 29.688927, 365266.489300, 365266.489300
Z2, 1, 11, 720, 36112.000000, 0.062417, 578560.328116, 582448.000000, 1.000000, 2, 29.688927, 470444.758994, 470444.758994
Z2, 2, 11, 720, 36680.000000, 0.074897, 489739.241892, 495672.000000, 1.000000, 2, 29.688927, 452680.541750, 452680.541750
Z2, 3, 11, 720, 39392.000000, 0.063299, 622316.308315, 625264.000000, 1.000000, 2, 29.688927, 479195.955034, 479195.955034
Z2, 4, 11, 720, 43216.000000, 0.074389, 580946.107623, 584000.000000, 1.000000, 2, 29.688927, 470921.914896, 470921.914896
Z2, 5, 11, 720, 50760.000000, 0.070433, 720684.906223, 725136.000000, 1.000000, 2, 29.688927, 498869.674616, 498869.674616
Z2, 6, 11, 720, 17768.000000, 0.056396, 315057.805518, 317280.000000, 1.000000, 2, 29.688927, 417744.254475, 417744.254475
Z2, 7, 11, 720, 33352.000000, 0.044948, 742012.992792, 758000.000000, 1.000000, 2, 29.688927, 503135.291930, 503135.291930
Z3, 0, 11, 720, 6624.000000, 0.174280, 38007.803535, 38064.000000, 1.000000, 2, 29.688927, 362334.254078, 362334.254078
Z3, 1, 11, 720, 11320.000000, 0.065635, 172468.957111, 174152.000000, 1.000000, 2, 29.688927, 389226.484793, 389226.484793
Z3, 2, 11, 720, 16208.000000, 0.055038, 294487.445038, 294688.000000, 1.000000, 2, 29.688927, 413630.182379, 413630.182379
Z3, 3, 11, 720, 12920.000000, 0.050806, 254300.673149, 258400.000000, 1.000000, 2, 29.688927, 405592.828001, 405592.828001
Z3, 4, 11, 720, 8968.000000, 0.041502, 216085.971760, 218728.000000, 1.000000, 2, 29.688927, 397949.887723, 397949.887723
Z3, 5, 11, 720, 12016.000000, 0.033711, 356441.517606, 364120.000000, 1.000000, 2, 29.688927, 426020.996892, 426020.996892
Z3, 6, 11, 720, 21880.000000, 0.053768, 406933.492040, 412824.000000, 1.000000, 2, 29.688927, 436119.391779, 436119.391779
Z3, 7, 11, 720, 13408.000000, 0.050766, 264113.776937, 268160.000000, 1.000000, 2, 29.688927, 407555.448759, 407555.448759
Z3, 8, 11, 720, 14528.000000, 0.069860, 207958.774692, 210544.000000, 1.000000, 2, 29.688927, 396324.448310, 396324.448310
Z3, 9, 11, 720, 15928.000000, 0.073758, 215949.456330, 218184.000000, 1.000000, 2, 29.688927, 397922.584637, 397922.584637
Z3, 10, 11, 720, 8224.000000, 0.067736, 121412.542813, 122744.000000, 1.000000, 2, 29.688927, 379015.201934, 379015.201934
Z3, 11, 11, 720, 8720.000000, 0.052679, 165530.856698, 167688.000000, 1.000000, 2, 29.688927, 387838.864711, 387838.864711
Z3, 12, 11, 720, 23504.000000, 0.059293, 396404.297303, 398368.000000, 1.000000, 2, 29.688927, 434013.552832, 434013.552832
Z3, 13, 11, 720, 50640.000000, 0.072560, 697905.181918, 703328.000000, 1.000000, 2, 29.688927, 494313.729755, 494313.729755
Z3, 14, 11, 720, 47296.000000, 0.068571, 689737.644194, 695528.000000, 1.000000, 2, 29.688927, 492680.222210, 492680.222210
Z3, 15, 11, 720, 34344.000000, 0.075518, 454778.993088, 457920.000000, 1.000000, 2, 29.688927, 445688.491989, 445688.491989
Z3, 16, 11, 720, 73648.000000, 0.069299, 1062757.038341, 1067360.000000, 1.000000, 2, 29.688927, 567284.101039, 567284.101039
Z3, 17, 11, 720, 59920.000000, 0.074828, 800769.765328, 809728.000000, 1.000000, 2, 29.688927, 514886.646437, 514886.646437
Z3, 18, 11, 720, 40664.000000, 0.057852, 702897.047639, 713400.000000, 1.000000, 2, 29.688927, 495312.102899, 495312.102899
Z3, 19, 11, 720, 56880.000000, 0.053753, 1058173.497293, 1073200.000000, 1.000000, 2, 29.688927, 566367.392830, 566367.392830
Z3, 20, 11, 720, 57216.000000, 0.074360, 769445.938677, 773184.000000, 1.000000, 2, 29.688927, 508621.881107, 508621.881107
Z3, 21, 11, 720, 28160.000000, 0.038310, 735056.121117, 741048.000000, 1.000000, 2, 29.688927, 501743.917595, 501743.917595
Z3, 22, 11, 720, 76696.000000, 0.070757, 1083935.158359, 1095656.000000, 1.000000, 2, 29.688927, 571519.725043, 571519.725043
Z3, 23, 11, 720, 80520.000000, 0.059450, 1354415.475189, 1364744.000000, 1.000000, 2, 29.688927, 625615.788409, 625615.788409
Z3, 24, 11, 720, 66560.000000, 0.063739, 1044258.617173, 1056504.000000, 1.000000, 2, 29.688927, 563584.416806, 563584.416806
Z3, 25, 11, 720, 77808.000000, 0.073541, 1058022.055724, 1065856.000000, 1.000000, 2, 29.688927, 566337.104516, 566337.104516
Z3, 26, 11, 720, 55056.000000, 0.045892, 1199686.219820, 1223464.000000, 1.000000, 2, 29.688927, 594669.937335, 594669.937335
Z3, 27, 11, 720, 36552.000000, 0.034852, 1048777.688511, 1075056.000000, 1.000000, 2, 29.688927, 564488.231073, 564488.231073
Z3, 28, 11, 720, 100304.000000, 0.073834, 1358506.920931, 1374024.000000, 1.000000, 2, 29.688927, 626434.077557, 626434.077557
Z3, 29, 11, 720, 133264.000000, 0.084109, 1584420.216624, 1586472.000000, 1.000000, 2, 29.688927, 671616.736696, 671616.736696
Z3, 30, 11, 720, 14528.000000, 0.036540, 397591.680350, 403552.000000, 1.000000, 2, 29.688927, 434251.029441, 434251.029441
Z3, 31, 11, 720, 24392.000000, 0.073023, 334031.743423, 334136.000000, 1.000000, 2, 29.688927, 421539.042056, 421539.042056
Z3, 32, 11, 720, 22216.000000, 0.069082, 321588.836455, 321968.000000, 1.000000, 2, 29.688927, 419050.460662, 419050.460662
Z3, 33, 11, 720, 14368.000000, 0.066307, 216689.037357, 217696.000000, 1.000000, 2, 29.688927, 398070.500842, 398070.500842
Z3, 34, 11, 720, 21288.000000, 0.056494, 376818.777215, 380136.000000, 1.000000, 2, 29.688927, 430096.448814, 430096.448814
Z3, 35, 11, 720, 18544.000000, 0.070404, 263394.125334, 264912.000000, 1.000000, 2, 29.688927, 407411.518438, 407411.518438
Z3, 36, 11, 720, 12272.000000, 0.045291, 270958.910159, 272704.000000, 1.000000, 2, 29.688927, 408924.475403, 408924.475403
Z3, 37, 11, 720, 21736.000000, 0.072895, 298182.317031, 301888.000000, 1.000000, 2, 29.688927, 414369.156777, 414369.156777
Z3, 38, 11, 720, 22688.000000, 0.068955, 329026.176492, 333640.000000, 1.000000, 2, 29.688927, 420537.928670, 420537.928670
Z1, 0, 12, 720, 65984.000000, 0.185438, 355827.823855, 356664.000000, 1.000000, 2, 32.998118, 433783.913641, 433783.913641
Z2, 0, 12, 720, 6624.000000, 0.202779, 32666.104478, 32792.000000, 1.000000, 2, 32.998118, 369151.569766, 369151.569766
Z2, 1, 12, 720, 6760.000000, 0.043387, 155807.038975, 157208.000000, 1.000000, 2, 32.998118, 393779.756665, 393779.756665
Z2, 2, 12, 720, 7528.000000, 0.051998, 144774.799031, 147600.000000, 1.000000, 2, 32.998118, 391573.308677, 391573.308677
Z2, 3, 12, 720, 7704.000000, 0.050680, 152012.628256, 154080.000000, 1.000000, 2, 32.998118, 393020.874522, 393020.874522
Z2, 4, 12, 720, 58576.000000, 0.048068, 1218606.973454, 1220328.000000, 1.000000, 2, 32.998118, 606339.743561, 606339.743561
Z2, 5, 12, 720, 36544.000000, 0.065061, 561688.261785, 562208.000000, 1.000000, 2, 32.998118, 474956.001227, 474956.001227
Z2, 6, 12, 720, 62000.000000, 0.061023, 1016010.356751, 1016392.000000, 1.000000, 2, 32.998118, 565820.420221, 565820.420221
Z2, 7, 12, 720, 77544.000000, 0.072500, 1069572.413793, 1077000.000000, 1.000000, 2, 32.998118, 576532.831629, 576532.831629
Z3, 0, 12, 720, 7896.000000, 0.183595, 43007.707182, 43144.000000, 1.000000, 2, 32.998118, 371219.890307, 371219.890307
Z3, 1, 12, 720, 10520.000000, 0.045035, 233596.091929, 233776.000000, 1.000000, 2, 32.998118, 409337.567256, 409337.567256
Z3, 2, 12, 720, 20088.000000, 0.067009, 299780.626483, 299816.000000, 1.000000, 2, 32.998118, 422574.474167, 422574.474167
Z3, 3, 12, 720, 10320.000000, 0.043387, 237859.266601, 240000.000000, 1.000000, 2, 32.998118, 410190.202191, 410190.202191
Z3, 4, 12, 720, 12664.000000, 0.031254, 405196.134895, 408512.000000, 1.000000, 2, 32.998118, 443657.575849, 443657.575849
Z3, 5, 12, 720, 15440.000000, 0.044521, 346802.632466, 350904.000000, 1.000000, 2, 32.998118, 431978.875364, 431978.875364
Z3, 6, 12, 720, 7712.000000, 0.042338, 182153.148472, 183616.000000, 1.000000, 2, 32.998118, 399048.978565, 399048.978565
Z3, 7, 12, 720, 10120.000000, 0.040410, 250433.061123, 253000.000000, 1.000000, 2, 32.998118, 412704.961095, 412704.961095
Z3, 8, 12, 720, 7576.000000, 0.055724, 135955.782069, 137744.000000, 1.000000, 2, 32.998118, 389809.505284, 389809.505284
Z3, 9, 12, 720, 24720.000000, 0.052603, 469935.174800, 475384.000000, 1.000000, 2, 32.998118, 456605.383830, 456605.383830
Z3, 10, 12, 720, 60536.000000, 0.075874, 797849.065556, 807144.000000, 1.000000, 2, 32.998118, 522188.161982, 522188.161982
Z3, 11, 12, 720, 65616.000000, 0.071898, 912626.220479, 924168.000000, 1.000000, 2, 32.998118, 545143.592966, 545143.592966
Z3, 12, 12, 720, 38936.000000, 0.039563, 984151.859060, 998352.000000, 1.000000, 2, 32.998118, 559448.720682, 559448.720682
Z3, 13, 12, 720, 87896.000000, 0.074633, 1177709.592272, 1187776.000000, 1.000000, 2, 32.998118, 598160.267325, 598160.267325
Z3, 14, 12, 720, 78296.000000, 0.068120, 1149383.440986, 1151408.000000, 1.000000, 2, 32.998118, 592495.037068, 592495.037068
Z3, 15, 12, 720, 45720.000000, 0.065472, 698313.782991, 703384.000000, 1.000000, 2, 32.998118, 502281.105469, 502281.105469
Z3, 16, 12, 720, 82616.000000, 0.065682, 1257817.971438, 1271008.000000, 1.000000, 2, 32.998118, 614181.943158, 614181.943158
Z3, 17, 12, 720, 109704.000000, 0.076003, 1443416.707235, 1443472.000000, 1.000000, 2, 32.998118, 651301.690317, 651301.690317
Z3, 18, 12, 720, 28840.000000, 0.067893, 424786.060419, 430440.000000, 1.000000, 2, 32.998118, 447575.560954, 447575.560954
Z3, 19, 12, 720, 75104.000000, 0.070993, 1057907.117603, 1072912.000000, 1.000000, 2, 32.998118, 574199.772391, 574199.772391
Z3, 20, 12, 720, 96504.000000, 0.062145, 1552884.383297, 1556512.000000, 1.000000, 2, 32.998118, 673195.225530, 673195.225530
Z3, 21, 12, 720, 42960.000000, 0.071577, 600192.799363, 605064.000000, 1.000000, 2, 32.998118, 482656.908743, 482656.908743
Z3, 22, 12, 720, 68064.000000, 0.071976, 945648.549517, 958640.000000, 1.000000, 2, 32.998118, 551748.058774, 551748.058774
Z3, 23, 12, 720, 50352.000000, 0.067789, 742775.376536, 751520.000000, 1.000000, 2, 32.998118, 511173.424178, 511173.424178
Z3, 24, 12, 720, 31856.000000, 0.062470, 509940.771570, 513800.000000, 1.000000, 2, 32.998118, 464606.503184, 464606.503184
Z3, 25, 12, 720, 130312.000000, 0.117398, 1110001.873967, 1113776.000000, 1.000000, 2, 32.998118, 584618.723664, 584618.723664
Z3, 26, 12, 720, 138080.000000, 0.098590, 1400547.722893, 1408976.000000, 1.000000, 2, 32.998118, 642727.893449, 642727.893449
Z3, 27, 12, 720, 50256.000000, 0.065031, 772800.664299, 773168.000000, 1.000000, 2, 32.998118, 517178.481730, 517178.481730
Z3, 28, 12, 720, 14080.000000, 0.026756, 526237.105696, 541536.000000, 1.000000, 2, 32.998118, 467865.770010, 467865.770010
Z3, 29, 12, 720, 21056.000000, 0.071400, 294901.960784, 296560.000000, 1.000000, 2, 32.998118, 421598.741027, 421598.741027
Z3, 30, 12, 720, 21064.000000, 0.050489, 417199.786092, 421280.000000, 1.000000, 2, 32.998118, 446058.306089, 446058.306089
Z3, 31, 12, 720, 16432.000000, 0.054117, 303638.413068, 304296.000000, 1.000000, 2, 32.998118, 423346.031484, 423346.031484
Z3, 32, 12, 720, 26024.000000, 0.065228, 398969.767584, 400368.000000, 1.000000, 2, 32.998118, 442412.302387, 442412.302387
Z3, 33, 12, 720, 25696.000000, 0.059328, 433117.583603, 435520.000000, 1.000000, 2, 32.998118, 449241.865591, 449241.865591
Z3, 34, 12, 720, 13400.000000, 0.053296, 251425.998199, 252824.000000, 1.000000, 2, 32.998118, 412903.548510, 412903.548510
Z3, 35, 12, 720, 31112.000000, 0.064262, 484143.039432, 486120.000000, 1.000000, 2, 32.998118, 459446.956757, 459446.956757
Z3, 36, 12, 720, 34872.000000, 0.068210, 511244.685530, 512816.000000, 1.000000, 2, 32.998118, 464867.285976, 464867.285976
Z3, 37, 12, 720, 18096.000000, 0.034543, 523868.801204, 532232.000000, 1.000000, 2, 32.998118, 467392.109111, 467392.109111
Z3, 38, 12, 720, 26888.000000, 0.060843, 441924.296961, 448128.000000, 1.000000, 2, 32.998118, 451003.208263, 451003.208263
