Zone, Tile_no, Seg_no, Reso, Seg_d_size, Seg_d_time, Bitrate, Bitrate1, Buf_lev, Buf_limit, Elapsed, Ref_vp, Local_avg
Z1, 0, 1, 720, 9960.000000, 0.082173, 121207.695959, 121456.000000, 1.000000, 2, 0.000062, 121207.695959, 121207.695959
Z2, 0, 1, 720, 8952.000000, 0.064172, 139500.093499, 139872.000000, 1.000000, 2, 0.000062, 69750.046749, 69750.046749
Z2, 1, 1, 720, 5424.000000, 0.004710, 1151592.356688, 1356000.000000, 1.000000, 2, 0.000062, 383864.118896, 383864.118896
Z2, 2, 1, 720, 7080.000000, 0.000943, 7507953.340403, 7080000.000000, 1.000000, 2, 0.000062, 1876988.335101, 1876988.335101
Z2, 3, 1, 720, 18976.000000, 0.001046, 18141491.395793, 18976000.000000, 1.000000, 2, 0.000062, 3628298.279159, 3628298.279159
Z2, 4, 1, 720, 8720.000000, 0.007823, 1114661.894414, 1245712.000000, 1.000000, 2, 0.000062, 222932.378883, 222932.378883
Z2, 5, 1, 720, 8336.000000, 0.003671, 2270770.907110, 2778664.000000, 1.000000, 2, 0.000062, 454154.181422, 454154.181422
Z2, 6, 1, 720, 6376.000000, 0.003532, 1805209.513024, 2125328.000000, 1.000000, 2, 0.000062, 361041.902605, 361041.902605
Z2, 7, 1, 720, 6872.000000, 0.025251, 272147.637717, 274880.000000, 1.000000, 2, 0.000062, 54429.527543, 54429.527543
Z3, 0, 1, 720, 7080.000000, 0.032020, 221111.805122, 221248.000000, 1.000000, 2, 0.000062, 44222.361024, 44222.361024
Z3, 1, 1, 720, 7080.000000, 0.015671, 451789.930445, 472000.000000, 1.000000, 2, 0.000062, 90357.986089, 90357.986089
Z3, 2, 1, 720, 5664.000000, 0.006386, 886940.181647, 944000.000000, 1.000000, 2, 0.000062, 177388.036329, 177388.036329
Z3, 3, 1, 720, 7080.000000, 0.000863, 8203939.745075, 7080000.000000, 1.000000, 2, 0.000062, 1640787.949015, 1640787.949015
Z3, 4, 1, 720, 7080.000000, 0.014843, 476992.521727, 505712.000000, 1.000000, 2, 0.000062, 95398.504345, 95398.504345
Z3, 5, 1, 720, 5664.000000, 0.011323, 500220.789543, 514904.000000, 1.000000, 2, 0.000062, 100044.157909, 100044.157909
Z3, 6, 1, 720, 7080.000000, 0.000913, 7754654.983571, 7080000.000000, 1.000000, 2, 0.000062, 1550930.996714, 1550930.996714
Z3, 7, 1, 720, 7080.000000, 0.000855, 8280701.754386, 7080000.000000, 1.000000, 2, 0.000062, 1656140.350877, 1656140.350877
Z3, 8, 1, 720, 5664.000000, 0.017163, 330012.235623, 333176.000000, 1.000000, 2, 0.000062, 66002.447125, 66002.447125
Z3, 9, 1, 720, 7080.000000, 0.012414, 570323.827936, 590000.000000, 1.000000, 2, 0.000062, 114064.765587, 114064.765587
Z3, 10, 1, 720, 12904.000000, 0.022326, 577980.829526, 586544.000000, 1.000000, 2, 0.000062, 115596.165905, 115596.165905
Z3, 11, 1, 720, 17344.000000, 0.000780, 22235897.435897, 17344000.000000, 1.000000, 2, 0.000062, 4447179.487179, 4447179.487179
Z3, 12, 1, 720, 16912.000000, 0.000800, 21140000.000000, 16912000.000000, 1.000000, 2, 0.000062, 4228000.000000, 4228000.000000
Z3, 13, 1, 720, 13240.000000, 0.016631, 796103.661836, 827496.000000, 1.000000, 2, 0.000062, 159220.732367, 159220.732367
Z3, 14, 1, 720, 28328.000000, 0.013723, 2064271.660716, 2179072.000000, 1.000000, 2, 0.000062, 412854.332143, 412854.332143
Z3, 15, 1, 720, 30528.000000, 0.025358, 1203880.432211, 1221120.000000, 1.000000, 2, 0.000062, 240776.086442, 240776.086442
Z3, 16, 1, 720, 16360.000000, 0.000943, 17348886.532344, 16360000.000000, 1.000000, 2, 0.000062, 3469777.306469, 3469777.306469
Z3, 17, 1, 720, 33216.000000, 0.001000, 33216000.000000, 33216000.000000, 1.000000, 2, 0.000062, 6643200.000000, 6643200.000000
Z3, 18, 1, 720, 28000.000000, 0.237640, 117825.281939, 118136.000000, 1.000000, 2, 0.000062, 23565.056388, 23565.056388
Z3, 19, 1, 720, 15744.000000, 0.025659, 613585.876301, 629760.000000, 1.000000, 2, 0.000062, 122717.175260, 122717.175260
Z3, 20, 1, 720, 16024.000000, 0.001452, 11035812.672176, 16024000.000000, 1.000000, 2, 0.000062, 2207162.534435, 2207162.534435
Z3, 21, 1, 720, 11576.000000, 0.000814, 14221130.221130, 11576000.000000, 1.000000, 2, 0.000062, 2844226.044226, 2844226.044226
Z3, 22, 1, 720, 10816.000000, 0.001670, 6476646.706587, 10816000.000000, 1.000000, 2, 0.000062, 1295329.341317, 1295329.341317
Z3, 23, 1, 720, 13224.000000, 0.016491, 801891.941059, 826496.000000, 1.000000, 2, 0.000062, 160378.388212, 160378.388212
Z3, 24, 1, 720, 17528.000000, 0.000918, 19093681.917211, 17528000.000000, 1.000000, 2, 0.000062, 3818736.383442, 3818736.383442
Z3, 25, 1, 720, 23824.000000, 0.020872, 1141433.499425, 1191200.000000, 1.000000, 2, 0.000062, 228286.699885, 228286.699885
Z3, 26, 1, 720, 11024.000000, 0.001250, 8819200.000000, 11024000.000000, 1.000000, 2, 0.000062, 1763840.000000, 1763840.000000
Z3, 27, 1, 720, 15112.000000, 0.002454, 6158109.209454, 7556000.000000, 1.000000, 2, 0.000062, 1231621.841891, 1231621.841891
Z3, 28, 1, 720, 24552.000000, 0.005706, 4302839.116719, 4910400.000000, 1.000000, 2, 0.000062, 860567.823344, 860567.823344
Z3, 29, 1, 720, 10824.000000, 0.000915, 11829508.196721, 10824000.000000, 1.000000, 2, 0.000062, 2365901.639344, 2365901.639344
Z3, 30, 1, 720, 6872.000000, 0.000755, 9101986.754967, 6872000.000000, 1.000000, 2, 0.000062, 1820397.350993, 1820397.350993
Z3, 31, 1, 720, 6872.000000, 0.012525, 548662.674651, 572664.000000, 1.000000, 2, 0.000062, 109732.534930, 109732.534930
Z3, 32, 1, 720, 6376.000000, 0.000810, 7871604.938272, 6376000.000000, 1.000000, 2, 0.000062, 1574320.987654, 1574320.987654
Z3, 33, 1, 720, 6872.000000, 0.000771, 8913099.870298, 6872000.000000, 1.000000, 2, 0.000062, 1782619.974060, 1782619.974060
Z3, 34, 1, 720, 6872.000000, 0.000831, 8269554.753309, 6872000.000000, 1.000000, 2, 0.000062, 1653910.950662, 1653910.950662
Z3, 35, 1, 720, 6376.000000, 0.000768, 8302083.333333, 6376000.000000, 1.000000, 2, 0.000062, 1660416.666667, 1660416.666667
Z3, 36, 1, 720, 6872.000000, 0.022438, 306266.155629, 312360.000000, 1.000000, 2, 0.000062, 61253.231126, 61253.231126
Z3, 37, 1, 720, 6872.000000, 0.013468, 510246.510247, 528608.000000, 1.000000, 2, 0.000062, 102049.302049, 102049.302049
Z3, 38, 1, 720, 6376.000000, 0.020649, 308780.086203, 318800.000000, 1.000000, 2, 0.000062, 61756.017241, 61756.017241
Z1, 0, 2, 4K, 33112.000000, 0.046774, 707914.653440, 719824.000000, 1.217288, 2, 0.782774, 203338.947929, 203338.947929
Z2, 0, 2, 4K, 6624.000000, 0.030448, 217551.234892, 220800.000000, 1.217288, 2, 0.782774, 105266.264219, 105266.264219
Z2, 1, 2, 4K, 9736.000000, 0.014792, 658193.618172, 695424.000000, 1.217288, 2, 0.782774, 193394.740875, 193394.740875
Z2, 2, 2, 4K, 9976.000000, 0.000774, 12888888.888889, 9976000.000000, 1.217288, 2, 0.782774, 2639533.795018, 2639533.795018
Z2, 3, 2, 4K, 38152.000000, 0.013641, 2796862.400117, 2934768.000000, 1.217288, 2, 0.782774, 621128.497264, 621128.497264
Z2, 4, 2, 4K, 53912.000000, 0.023925, 2253375.130617, 2344000.000000, 1.217288, 2, 0.782774, 512431.043364, 512431.043364
Z2, 5, 2, 4K, 24608.000000, 0.018788, 1309772.195018, 1367104.000000, 1.217288, 2, 0.782774, 323710.456244, 323710.456244
Z2, 6, 2, 4K, 10280.000000, 0.000885, 11615819.209040, 10280000.000000, 1.217288, 2, 0.782774, 2384919.859048, 2384919.859048
Z2, 7, 2, 4K, 10280.000000, 0.013635, 753942.060873, 790768.000000, 1.217288, 2, 0.782774, 212544.429415, 212544.429415
Z3, 0, 2, 4K, 9976.000000, 1.051941, 9483.421599, 9488.000000, 1.217288, 2, 0.782774, 63652.701560, 63652.701560
Z3, 1, 2, 4K, 9976.000000, 0.000971, 10273944.387230, 9976000.000000, 1.217288, 2, 0.782774, 2116544.894686, 2116544.894686
Z3, 2, 2, 4K, 9976.000000, 0.009133, 1092302.638782, 1108440.000000, 1.217288, 2, 0.782774, 280216.544997, 280216.544997
Z3, 3, 2, 4K, 9976.000000, 0.001999, 4990495.247624, 9976000.000000, 1.217288, 2, 0.782774, 1059855.066765, 1059855.066765
Z3, 4, 2, 4K, 9976.000000, 0.000980, 10179591.836735, 9976000.000000, 1.217288, 2, 0.782774, 2097674.384587, 2097674.384587
Z3, 5, 2, 4K, 9976.000000, 0.014594, 683568.589831, 712568.000000, 1.217288, 2, 0.782774, 198469.735207, 198469.735207
Z3, 6, 2, 4K, 9976.000000, 0.009038, 1103784.023014, 1108440.000000, 1.217288, 2, 0.782774, 282512.821843, 282512.821843
Z3, 7, 2, 4K, 9976.000000, 0.012056, 827471.798275, 831328.000000, 1.217288, 2, 0.782774, 227250.376895, 227250.376895
Z3, 8, 2, 4K, 9976.000000, 0.021898, 455566.718422, 475040.000000, 1.217288, 2, 0.782774, 152869.360925, 152869.360925
Z3, 9, 2, 4K, 9976.000000, 0.000886, 11259593.679458, 9976000.000000, 1.217288, 2, 0.782774, 2313674.753132, 2313674.753132
Z3, 10, 2, 4K, 40320.000000, 0.001209, 33349875.930521, 40320000.000000, 1.217288, 2, 0.782774, 6731731.203345, 6731731.203345
Z3, 11, 2, 4K, 25056.000000, 0.025660, 976461.418550, 1002240.000000, 1.217288, 2, 0.782774, 257048.300951, 257048.300951
Z3, 12, 2, 4K, 28696.000000, 0.001021, 28105778.648384, 28696000.000000, 1.217288, 2, 0.782774, 5682911.746917, 5682911.746917
Z3, 13, 2, 4K, 25792.000000, 0.012051, 2140237.324703, 2149328.000000, 1.217288, 2, 0.782774, 489803.482181, 489803.482181
Z3, 14, 2, 4K, 40168.000000, 0.002991, 13429622.199933, 20084000.000000, 1.217288, 2, 0.782774, 2747680.457227, 2747680.457227
Z3, 15, 2, 4K, 41448.000000, 0.001190, 34830252.100840, 41448000.000000, 1.217288, 2, 0.782774, 7027806.437409, 7027806.437409
Z3, 16, 2, 4K, 44560.000000, 0.009947, 4479742.635971, 4951104.000000, 1.217288, 2, 0.782774, 957704.544435, 957704.544435
Z3, 17, 2, 4K, 39312.000000, 0.019182, 2049421.332499, 2069048.000000, 1.217288, 2, 0.782774, 471640.283740, 471640.283740
Z3, 18, 2, 4K, 31560.000000, 0.009590, 3290928.050052, 3506664.000000, 1.217288, 2, 0.782774, 719941.627251, 719941.627251
Z3, 19, 2, 4K, 29312.000000, 0.008594, 3410751.687224, 3664000.000000, 1.217288, 2, 0.782774, 743906.354685, 743906.354685
Z3, 20, 2, 4K, 35968.000000, 0.010945, 3286249.428963, 3596800.000000, 1.217288, 2, 0.782774, 719005.903033, 719005.903033
Z3, 21, 2, 4K, 35592.000000, 0.002677, 13295480.014942, 17796000.000000, 1.217288, 2, 0.782774, 2720852.020229, 2720852.020229
Z3, 22, 2, 4K, 42440.000000, 0.023063, 1840176.906734, 1845216.000000, 1.217288, 2, 0.782774, 429791.398587, 429791.398587
Z3, 23, 2, 4K, 61624.000000, 0.017136, 3596171.802054, 3624936.000000, 1.217288, 2, 0.782774, 780990.377651, 780990.377651
Z3, 24, 2, 4K, 64952.000000, 0.027916, 2326694.368821, 2405624.000000, 1.217288, 2, 0.782774, 527094.891005, 527094.891005
Z3, 25, 2, 4K, 73400.000000, 0.011987, 6123300.241929, 6672720.000000, 1.217288, 2, 0.782774, 1286416.065626, 1286416.065626
Z3, 26, 2, 4K, 52792.000000, 0.023439, 2252314.518537, 2295304.000000, 1.217288, 2, 0.782774, 512218.920948, 512218.920948
Z3, 27, 2, 4K, 67272.000000, 0.045183, 1488878.560521, 1494928.000000, 1.217288, 2, 0.782774, 359531.729345, 359531.729345
Z3, 28, 2, 4K, 64968.000000, 0.018341, 3542227.795649, 3609328.000000, 1.217288, 2, 0.782774, 770201.576370, 770201.576370
Z3, 29, 2, 4K, 52408.000000, 0.006009, 8721584.290231, 8734664.000000, 1.217288, 2, 0.782774, 1806072.875287, 1806072.875287
Z3, 30, 2, 4K, 10280.000000, 0.011700, 878632.478632, 934544.000000, 1.217288, 2, 0.782774, 237482.512967, 237482.512967
Z3, 31, 2, 4K, 10280.000000, 0.010050, 1022885.572139, 1028000.000000, 1.217288, 2, 0.782774, 266333.131668, 266333.131668
Z3, 32, 2, 4K, 10280.000000, 0.015690, 655194.391332, 685328.000000, 1.217288, 2, 0.782774, 192794.895507, 192794.895507
Z3, 33, 2, 4K, 10280.000000, 0.001795, 5727019.498607, 10280000.000000, 1.217288, 2, 0.782774, 1207159.916962, 1207159.916962
Z3, 34, 2, 4K, 10280.000000, 0.001010, 10178217.821782, 10280000.000000, 1.217288, 2, 0.782774, 2097399.581597, 2097399.581597
Z3, 35, 2, 4K, 10280.000000, 0.000985, 10436548.223350, 10280000.000000, 1.217288, 2, 0.782774, 2149065.661911, 2149065.661911
Z3, 36, 2, 4K, 10280.000000, 0.014916, 689192.813087, 734280.000000, 1.217288, 2, 0.782774, 199594.579858, 199594.579858
Z3, 37, 2, 4K, 10280.000000, 0.021973, 467846.903017, 489520.000000, 1.217288, 2, 0.782774, 155325.397844, 155325.397844
Z3, 38, 2, 4K, 10280.000000, 0.000897, 11460423.634337, 10280000.000000, 1.217288, 2, 0.782774, 2353840.744108, 2353840.744108
Z1, 0, 3, 4K, 41472.000000, 2.132714, 19445.645314, 19448.000000, 1.000000, 2, 2.434054, 2357729.873171, 2357729.873171
Z2, 0, 3, 4K, 9976.000000, 0.064122, 155578.428620, 155872.000000, 1.000000, 2, 2.434054, 2384956.429832, 2384956.429832
Z2, 1, 3, 4K, 46944.000000, 0.004144, 11328185.328185, 11736000.000000, 1.000000, 2, 2.434054, 4619477.809745, 4619477.809745
Z2, 2, 3, 4K, 37168.000000, 0.010161, 3657907.686251, 3716800.000000, 1.000000, 2, 2.434054, 3085422.281358, 3085422.281358
Z2, 3, 3, 4K, 64608.000000, 0.032683, 1976807.514610, 2019000.000000, 1.000000, 2, 2.434054, 2749202.247030, 2749202.247030
Z2, 4, 3, 4K, 26312.000000, 0.212715, 123696.025198, 124112.000000, 1.000000, 2, 2.434054, 2378579.949147, 2378579.949147
Z2, 5, 3, 4K, 37368.000000, 0.011402, 3277319.768462, 3397088.000000, 1.000000, 2, 2.434054, 3009304.697800, 3009304.697800
Z2, 6, 3, 4K, 10280.000000, 0.000907, 11334068.357222, 10280000.000000, 1.000000, 2, 2.434054, 4620654.415552, 4620654.415552
Z2, 7, 3, 4K, 10280.000000, 0.024514, 419352.206902, 428328.000000, 1.000000, 2, 2.434054, 2437711.185488, 2437711.185488
Z3, 0, 3, 4K, 6624.000000, 0.039271, 168674.085203, 169840.000000, 1.000000, 2, 2.434054, 2387575.561148, 2387575.561148
Z3, 1, 3, 4K, 9736.000000, 0.012457, 781568.595970, 811328.000000, 1.000000, 2, 2.434054, 2510154.463302, 2510154.463302
Z3, 2, 3, 4K, 9976.000000, 0.000939, 10624068.157614, 9976000.000000, 1.000000, 2, 2.434054, 4478654.375631, 4478654.375631
Z3, 3, 3, 4K, 9976.000000, 0.002290, 4356331.877729, 4988000.000000, 1.000000, 2, 2.434054, 3225107.119654, 3225107.119654
Z3, 4, 3, 4K, 9976.000000, 0.008440, 1181990.521327, 1247000.000000, 1.000000, 2, 2.434054, 2590238.848373, 2590238.848373
Z3, 5, 3, 4K, 9976.000000, 0.022594, 441533.150394, 453448.000000, 1.000000, 2, 2.434054, 2442147.374187, 2442147.374187
Z3, 6, 3, 4K, 9976.000000, 0.006509, 1532647.104010, 1662664.000000, 1.000000, 2, 2.434054, 2660370.164910, 2660370.164910
Z3, 7, 3, 4K, 9976.000000, 0.000942, 10590233.545648, 9976000.000000, 1.000000, 2, 2.434054, 4471887.453237, 4471887.453237
Z3, 8, 3, 4K, 9976.000000, 0.006335, 1574743.488556, 1662664.000000, 1.000000, 2, 2.434054, 2668789.441819, 2668789.441819
Z3, 9, 3, 4K, 9976.000000, 0.017968, 555209.260908, 586816.000000, 1.000000, 2, 2.434054, 2464882.596290, 2464882.596290
Z3, 10, 3, 4K, 9976.000000, 0.002588, 3854714.064915, 4988000.000000, 1.000000, 2, 2.434054, 3124783.557091, 3124783.557091
Z3, 11, 3, 4K, 9976.000000, 0.000983, 10148524.923703, 9976000.000000, 1.000000, 2, 2.434054, 4383545.728848, 4383545.728848
Z3, 12, 3, 4K, 25776.000000, 0.021145, 1219011.586664, 1227424.000000, 1.000000, 2, 2.434054, 2597643.061441, 2597643.061441
Z3, 13, 3, 4K, 29160.000000, 0.019866, 1467834.491090, 1534736.000000, 1.000000, 2, 2.434054, 2647407.642326, 2647407.642326
Z3, 14, 3, 4K, 27488.000000, 0.000920, 29878260.869565, 27488000.000000, 1.000000, 2, 2.434054, 8329492.918021, 8329492.918021
Z3, 15, 3, 4K, 44488.000000, 0.211659, 210187.140637, 210840.000000, 1.000000, 2, 2.434054, 2395878.172235, 2395878.172235
Z3, 16, 3, 4K, 39320.000000, 0.015361, 2559729.184298, 2621328.000000, 1.000000, 2, 2.434054, 2865786.580967, 2865786.580967
Z3, 17, 3, 4K, 43888.000000, 0.009601, 4571190.500989, 4876440.000000, 1.000000, 2, 2.434054, 3268078.844306, 3268078.844306
Z3, 18, 3, 4K, 44080.000000, 0.024508, 1798596.376693, 1836664.000000, 1.000000, 2, 2.434054, 2713560.019447, 2713560.019447
Z3, 19, 3, 4K, 34432.000000, 0.021129, 1629608.594822, 1639616.000000, 1.000000, 2, 2.434054, 2679762.463072, 2679762.463072
Z3, 20, 3, 4K, 31336.000000, 0.001000, 31336000.000000, 31336000.000000, 1.000000, 2, 2.434054, 8621040.744108, 8621040.744108
Z3, 21, 3, 4K, 36888.000000, 0.003728, 9894849.785408, 12296000.000000, 1.000000, 2, 2.434054, 4332810.701189, 4332810.701189
Z3, 22, 3, 4K, 45448.000000, 0.008722, 5210731.483605, 5681000.000000, 1.000000, 2, 2.434054, 3395987.040829, 3395987.040829
Z3, 23, 3, 4K, 60880.000000, 0.011694, 5206088.592441, 5534544.000000, 1.000000, 2, 2.434054, 3395058.462596, 3395058.462596
Z3, 24, 3, 4K, 64936.000000, 0.247111, 262780.693696, 262896.000000, 1.000000, 2, 2.434054, 2406396.882847, 2406396.882847
Z3, 25, 3, 4K, 68152.000000, 0.232962, 292545.565371, 293752.000000, 1.000000, 2, 2.434054, 2412349.857182, 2412349.857182
Z3, 26, 3, 4K, 51256.000000, 0.016470, 3112082.574378, 3203496.000000, 1.000000, 2, 2.434054, 2976257.258983, 2976257.258983
Z3, 27, 3, 4K, 77296.000000, 0.002659, 29069575.028206, 38648000.000000, 1.000000, 2, 2.434054, 8167755.749749, 8167755.749749
Z3, 28, 3, 4K, 69656.000000, 0.032990, 2111427.705365, 2176744.000000, 1.000000, 2, 2.434054, 2776126.285181, 2776126.285181
Z3, 29, 3, 4K, 53752.000000, 0.009657, 5566117.841980, 5972440.000000, 1.000000, 2, 2.434054, 3467064.312504, 3467064.312504
Z3, 30, 3, 4K, 10280.000000, 0.012565, 818145.642658, 856664.000000, 1.000000, 2, 2.434054, 2517469.872640, 2517469.872640
Z3, 31, 3, 4K, 10280.000000, 0.007500, 1370666.666667, 1468568.000000, 1.000000, 2, 2.434054, 2627974.077441, 2627974.077441
Z3, 32, 3, 4K, 10280.000000, 0.000920, 11173913.043478, 10280000.000000, 1.000000, 2, 2.434054, 4588623.352804, 4588623.352804
Z3, 33, 3, 4K, 10280.000000, 0.209061, 49172.251161, 49184.000000, 1.000000, 2, 2.434054, 2363675.194340, 2363675.194340
Z3, 34, 3, 4K, 10280.000000, 0.022962, 447696.193711, 467272.000000, 1.000000, 2, 2.434054, 2443379.982850, 2443379.982850
Z3, 35, 3, 4K, 10280.000000, 0.015202, 676226.812262, 685328.000000, 1.000000, 2, 2.434054, 2489086.106560, 2489086.106560
Z3, 36, 3, 4K, 10288.000000, 0.025428, 404593.361649, 411520.000000, 1.000000, 2, 2.434054, 2434759.416438, 2434759.416438
Z3, 37, 3, 4K, 10280.000000, 0.018514, 555255.482338, 571104.000000, 1.000000, 2, 2.434054, 2464891.840575, 2464891.840575
Z3, 38, 3, 4K, 10280.000000, 0.005639, 1823018.265650, 2056000.000000, 1.000000, 2, 2.434054, 2718444.397238, 2718444.397238
Z1, 0, 4, 4K, 10000.000000, 0.051607, 193772.162691, 196072.000000, 1.000000, 2, 6.265051, 2757198.829776, 2757198.829776
Z2, 0, 4, 4K, 6624.000000, 0.064062, 103399.831413, 103496.000000, 1.000000, 2, 6.265051, 2739124.363521, 2739124.363521
Z2, 1, 4, 4K, 10000.000000, 0.000976, 10245901.639344, 10000000.000000, 1.000000, 2, 6.265051, 4767624.725107, 4767624.725107
Z2, 2, 4, 4K, 10016.000000, 0.000961, 10422476.586889, 10016000.000000, 1.000000, 2, 6.265051, 4802939.714616, 4802939.714616
Z2, 3, 4, 4K, 55928.000000, 0.022121, 2528276.298540, 2542176.000000, 1.000000, 2, 6.265051, 3224099.656946, 3224099.656946
Z2, 4, 4, 4K, 60512.000000, 0.015047, 4021532.531402, 4034128.000000, 1.000000, 2, 6.265051, 3522750.903518, 3522750.903518
Z2, 5, 4, 4K, 78920.000000, 0.017884, 4412883.023932, 4642352.000000, 1.000000, 2, 6.265051, 3601021.002024, 3601021.002024
Z2, 6, 4, 4K, 11896.000000, 0.000886, 13426636.568849, 11896000.000000, 1.000000, 2, 6.265051, 5403771.711008, 5403771.711008
Z2, 7, 4, 4K, 11688.000000, 0.000839, 13930870.083433, 11688000.000000, 1.000000, 2, 6.265051, 5504618.413924, 5504618.413924
Z3, 0, 4, 4K, 9856.000000, 0.022055, 446882.793017, 448000.000000, 1.000000, 2, 6.265051, 2807820.955841, 2807820.955841
Z3, 1, 4, 4K, 10160.000000, 0.014072, 722001.137010, 725712.000000, 1.000000, 2, 6.265051, 2862844.624640, 2862844.624640
Z3, 2, 4, 4K, 10112.000000, 0.000865, 11690173.410405, 10112000.000000, 1.000000, 2, 6.265051, 5056479.079319, 5056479.079319
Z3, 3, 4, 4K, 10000.000000, 0.020729, 482415.939023, 500000.000000, 1.000000, 2, 6.265051, 2814927.585042, 2814927.585042
Z3, 4, 4, 4K, 10000.000000, 0.001071, 9337068.160598, 10000000.000000, 1.000000, 2, 6.265051, 4585858.029357, 4585858.029357
Z3, 5, 4, 4K, 10000.000000, 0.000821, 12180267.965895, 10000000.000000, 1.000000, 2, 6.265051, 5154497.990417, 5154497.990417
Z3, 6, 4, 4K, 10000.000000, 0.000855, 11695906.432749, 10000000.000000, 1.000000, 2, 6.265051, 5057625.683788, 5057625.683788
Z3, 7, 4, 4K, 10400.000000, 0.019033, 546419.376872, 547368.000000, 1.000000, 2, 6.265051, 2827728.272612, 2827728.272612
Z3, 8, 4, 4K, 10000.000000, 0.007008, 1426940.639269, 1428568.000000, 1.000000, 2, 6.265051, 3003832.525092, 3003832.525092
Z3, 9, 4, 4K, 69528.000000, 0.006912, 10059027.777778, 11588000.000000, 1.000000, 2, 6.265051, 4730249.952793, 4730249.952793
Z3, 10, 4, 4K, 50216.000000, 0.210147, 238956.539946, 239120.000000, 1.000000, 2, 6.265051, 2766235.705227, 2766235.705227
Z3, 11, 4, 4K, 53360.000000, 0.035322, 1510673.234811, 1524568.000000, 1.000000, 2, 6.265051, 3020579.044200, 3020579.044200
Z3, 12, 4, 4K, 45608.000000, 0.032868, 1387611.050262, 1425248.000000, 1.000000, 2, 6.265051, 2995966.607290, 2995966.607290
Z3, 13, 4, 4K, 88024.000000, 0.018088, 4866430.782839, 4890216.000000, 1.000000, 2, 6.265051, 3691730.553806, 3691730.553806
Z3, 14, 4, 4K, 65880.000000, 0.034128, 1930379.746835, 1937640.000000, 1.000000, 2, 6.265051, 3104520.346605, 3104520.346605
Z3, 15, 4, 4K, 81544.000000, 0.039820, 2047815.168257, 2090864.000000, 1.000000, 2, 6.265051, 3128007.430889, 3128007.430889
Z3, 16, 4, 4K, 79088.000000, 0.009499, 8325929.045163, 8787552.000000, 1.000000, 2, 6.265051, 4383630.206270, 4383630.206270
Z3, 17, 4, 4K, 60616.000000, 0.030215, 2006155.882840, 2020528.000000, 1.000000, 2, 6.265051, 3119675.573806, 3119675.573806
Z3, 18, 4, 4K, 61192.000000, 0.021580, 2835588.507878, 2913904.000000, 1.000000, 2, 6.265051, 3285562.098813, 3285562.098813
Z3, 19, 4, 4K, 105968.000000, 0.041897, 2529250.304318, 2584584.000000, 1.000000, 2, 6.265051, 3224294.458101, 3224294.458101
Z3, 20, 4, 4K, 116408.000000, 0.030338, 3837036.060386, 3880264.000000, 1.000000, 2, 6.265051, 3485851.609315, 3485851.609315
Z3, 21, 4, 4K, 104248.000000, 0.030158, 3456727.899728, 3474928.000000, 1.000000, 2, 6.265051, 3409789.977183, 3409789.977183
Z3, 22, 4, 4K, 138368.000000, 0.041641, 3322878.893398, 3374824.000000, 1.000000, 2, 6.265051, 3383020.175918, 3383020.175918
Z3, 23, 4, 4K, 139408.000000, 0.054339, 2565523.841072, 2581624.000000, 1.000000, 2, 6.265051, 3231549.165452, 3231549.165452
Z3, 24, 4, 4K, 141032.000000, 0.019644, 7179393.198941, 7422736.000000, 1.000000, 2, 6.265051, 4154323.037026, 4154323.037026
Z3, 25, 4, 4K, 125672.000000, 0.013118, 9580118.920567, 9667072.000000, 1.000000, 2, 6.265051, 4634468.181351, 4634468.181351
Z3, 26, 4, 4K, 147320.000000, 0.026244, 5613473.555860, 5666152.000000, 1.000000, 2, 6.265051, 3841139.108410, 3841139.108410
Z3, 27, 4, 4K, 120984.000000, 0.016907, 7155852.605430, 7561496.000000, 1.000000, 2, 6.265051, 4149614.918324, 4149614.918324
Z3, 28, 4, 4K, 87456.000000, 0.231857, 377198.014293, 378592.000000, 1.000000, 2, 6.265051, 2793884.000097, 2793884.000097
Z3, 29, 4, 4K, 53008.000000, 0.030367, 1745579.082557, 1766928.000000, 1.000000, 2, 6.265051, 3067560.213749, 3067560.213749
Z3, 30, 4, 4K, 17976.000000, 0.013528, 1328799.526907, 1382768.000000, 1.000000, 2, 6.265051, 2984204.302619, 2984204.302619
Z3, 31, 4, 4K, 19872.000000, 0.007406, 2683229.813665, 2838856.000000, 1.000000, 2, 6.265051, 3255090.359971, 3255090.359971
Z3, 32, 4, 4K, 17320.000000, 0.022208, 779899.135447, 787272.000000, 1.000000, 2, 6.265051, 2874424.224327, 2874424.224327
Z3, 33, 4, 4K, 20880.000000, 0.000911, 22919868.276619, 20880000.000000, 1.000000, 2, 6.265051, 7302418.052562, 7302418.052562
Z3, 34, 4, 4K, 18648.000000, 0.000900, 20720000.000000, 18648000.000000, 1.000000, 2, 6.265051, 6862444.397238, 6862444.397238
Z3, 35, 4, 4K, 15368.000000, 0.000999, 15383383.383383, 15368000.000000, 1.000000, 2, 6.265051, 5795121.073915, 5795121.073915
Z3, 36, 4, 4K, 17240.000000, 0.017336, 994462.390401, 1014112.000000, 1.000000, 2, 6.265051, 2917336.875318, 2917336.875318
Z3, 37, 4, 4K, 34944.000000, 0.011466, 3047619.047619, 3176720.000000, 1.000000, 2, 6.265051, 3327968.206762, 3327968.206762
Z3, 38, 4, 4K, 16344.000000, 0.000874, 18700228.832952, 16344000.000000, 1.000000, 2, 6.265051, 6458490.163828, 6458490.163828
Z1, 0, 5, 4K, 54872.000000, 0.021990, 2495316.052751, 2612952.000000, 1.000000, 2, 7.583419, 6957553.374379, 6957553.374379
Z2, 0, 5, 4K, 6624.000000, 0.029755, 222618.047387, 228408.000000, 1.000000, 2, 7.583419, 6503013.773306, 6503013.773306
Z2, 1, 5, 4K, 14312.000000, 0.008762, 1633417.028076, 1789000.000000, 1.000000, 2, 7.583419, 6785173.569443, 6785173.569443
Z2, 2, 5, 4K, 14656.000000, 0.000960, 15266666.666667, 14656000.000000, 1.000000, 2, 7.583419, 9511823.497162, 9511823.497162
Z2, 3, 5, 4K, 14200.000000, 0.000929, 15285252.960172, 14200000.000000, 1.000000, 2, 7.583419, 9515540.755863, 9515540.755863
Z2, 4, 5, 4K, 43064.000000, 0.019715, 2184326.654831, 2266520.000000, 1.000000, 2, 7.583419, 6895355.494795, 6895355.494795
Z2, 5, 5, 4K, 59096.000000, 0.008083, 7311146.851417, 7387000.000000, 1.000000, 2, 7.583419, 7920719.534112, 7920719.534112
Z2, 6, 5, 4K, 83928.000000, 0.011665, 7194856.408058, 7629816.000000, 1.000000, 2, 7.583419, 7897461.445440, 7897461.445440
Z2, 7, 5, 4K, 68288.000000, 0.023274, 2934089.541978, 2969040.000000, 1.000000, 2, 7.583419, 7045308.072224, 7045308.072224
Z3, 0, 5, 4K, 15440.000000, 0.069730, 221425.498351, 223768.000000, 1.000000, 2, 7.583419, 6502775.263498, 6502775.263498
Z3, 1, 5, 4K, 16504.000000, 0.002308, 7150779.896014, 8252000.000000, 1.000000, 2, 7.583419, 7888646.143031, 7888646.143031
Z3, 2, 5, 4K, 16120.000000, 0.012092, 1333112.801852, 1343328.000000, 1.000000, 2, 7.583419, 6725112.724199, 6725112.724199
Z3, 3, 5, 4K, 15008.000000, 0.000943, 15915164.369035, 15008000.000000, 1.000000, 2, 7.583419, 9641523.037635, 9641523.037635
Z3, 4, 5, 4K, 15032.000000, 0.017889, 840292.917435, 884232.000000, 1.000000, 2, 7.583419, 6626548.747315, 6626548.747315
Z3, 5, 5, 4K, 12928.000000, 0.023852, 542009.055844, 562080.000000, 1.000000, 2, 7.583419, 6566891.974997, 6566891.974997
Z3, 6, 5, 4K, 13640.000000, 0.000948, 14388185.654008, 13640000.000000, 1.000000, 2, 7.583419, 9336127.294630, 9336127.294630
Z3, 7, 5, 4K, 14648.000000, 0.000946, 15484143.763214, 14648000.000000, 1.000000, 2, 7.583419, 9555318.916471, 9555318.916471
Z3, 8, 5, 4K, 15008.000000, 0.003311, 4532769.556025, 5002664.000000, 1.000000, 2, 7.583419, 7365044.075033, 7365044.075033
Z3, 9, 5, 4K, 67288.000000, 0.022478, 2993504.760210, 3058544.000000, 1.000000, 2, 7.583419, 7057191.115870, 7057191.115870
Z3, 10, 5, 4K, 52536.000000, 0.001933, 27178479.048112, 52536000.000000, 1.000000, 2, 7.583419, 11894185.973451, 11894185.973451
Z3, 11, 5, 4K, 52032.000000, 0.015896, 3273276.295924, 3468800.000000, 1.000000, 2, 7.583419, 7113145.423013, 7113145.423013
Z3, 12, 5, 4K, 44632.000000, 0.016662, 2678670.027608, 2789496.000000, 1.000000, 2, 7.583419, 6994224.169350, 6994224.169350
Z3, 13, 5, 4K, 76304.000000, 0.015833, 4819301.458978, 5086928.000000, 1.000000, 2, 7.583419, 7422350.455624, 7422350.455624
Z3, 14, 5, 4K, 71856.000000, 0.025430, 2825639.009044, 2874240.000000, 1.000000, 2, 7.583419, 7023617.965637, 7023617.965637
Z3, 15, 5, 4K, 82648.000000, 0.035489, 2328834.286680, 2361368.000000, 1.000000, 2, 7.583419, 6924257.021164, 6924257.021164
Z3, 16, 5, 4K, 76072.000000, 0.017639, 4312716.140371, 4474816.000000, 1.000000, 2, 7.583419, 7321033.391902, 7321033.391902
Z3, 17, 5, 4K, 59304.000000, 0.015816, 3749620.637329, 3953600.000000, 1.000000, 2, 7.583419, 7208414.291294, 7208414.291294
Z3, 18, 5, 4K, 117640.000000, 0.043719, 2690820.924541, 2735808.000000, 1.000000, 2, 7.583419, 6996654.348736, 6996654.348736
Z3, 19, 5, 4K, 135784.000000, 0.036170, 3754050.317943, 3771776.000000, 1.000000, 2, 7.583419, 7209300.227417, 7209300.227417
Z3, 20, 5, 4K, 118304.000000, 0.016777, 7051558.681528, 7394000.000000, 1.000000, 2, 7.583419, 7868801.900134, 7868801.900134
Z3, 21, 5, 4K, 147040.000000, 0.050164, 2931185.710868, 2940800.000000, 1.000000, 2, 7.583419, 7044727.306002, 7044727.306002
Z3, 22, 5, 4K, 179520.000000, 0.047895, 3748199.185719, 3819568.000000, 1.000000, 2, 7.583419, 7208130.000972, 7208130.000972
Z3, 23, 5, 4K, 172688.000000, 0.037424, 4614365.113296, 4667240.000000, 1.000000, 2, 7.583419, 7381363.186488, 7381363.186488
Z3, 24, 5, 4K, 145128.000000, 0.043600, 3328623.853211, 3375064.000000, 1.000000, 2, 7.583419, 7124214.934470, 7124214.934470
Z3, 25, 5, 4K, 179592.000000, 0.055585, 3230943.599892, 3265304.000000, 1.000000, 2, 7.583419, 7104678.883807, 7104678.883807
Z3, 26, 5, 4K, 140720.000000, 0.041260, 3410567.135240, 3432192.000000, 1.000000, 2, 7.583419, 7140603.590876, 7140603.590876
Z3, 27, 5, 4K, 86352.000000, 0.039698, 2175222.933145, 2214152.000000, 1.000000, 2, 7.583419, 6893534.750457, 6893534.750457
Z3, 28, 5, 4K, 47432.000000, 0.017315, 2739358.937338, 2790112.000000, 1.000000, 2, 7.583419, 7006361.951296, 7006361.951296
Z3, 29, 5, 4K, 82192.000000, 0.016035, 5125787.340193, 5137000.000000, 1.000000, 2, 7.583419, 7483647.631867, 7483647.631867
Z3, 30, 5, 4K, 68504.000000, 0.024440, 2802945.990180, 2854328.000000, 1.000000, 2, 7.583419, 7019079.361864, 7019079.361864
Z3, 31, 5, 4K, 53776.000000, 0.023040, 2334027.777778, 2338080.000000, 1.000000, 2, 7.583419, 6925295.719384, 6925295.719384
Z3, 32, 5, 4K, 72968.000000, 0.017960, 4062806.236080, 4292232.000000, 1.000000, 2, 7.583419, 7271051.411044, 7271051.411044
Z3, 33, 5, 4K, 78200.000000, 0.025203, 3102805.221601, 3128000.000000, 1.000000, 2, 7.583419, 7079051.208148, 7079051.208148
Z3, 34, 5, 4K, 63936.000000, 0.027473, 2327230.371638, 2368000.000000, 1.000000, 2, 7.583419, 6923936.238156, 6923936.238156
Z3, 35, 5, 4K, 86888.000000, 0.034359, 2528827.963561, 2555528.000000, 1.000000, 2, 7.583419, 6964255.756541, 6964255.756541
Z3, 36, 5, 4K, 53856.000000, 0.018851, 2856930.666808, 2992000.000000, 1.000000, 2, 7.583419, 7029876.297190, 7029876.297190
Z3, 37, 5, 4K, 42888.000000, 0.015574, 2753820.470014, 2859200.000000, 1.000000, 2, 7.583419, 7009254.257831, 7009254.257831
Z3, 38, 5, 4K, 40216.000000, 0.001120, 35907142.857143, 40216000.000000, 1.000000, 2, 7.583419, 13639918.735257, 13639918.735257
Z1, 0, 6, 4K, 30448.000000, 0.027839, 1093717.446747, 1127696.000000, 1.000000, 2, 8.648004, 13796906.207366, 13796906.207366
Z2, 0, 6, 4K, 6624.000000, 0.057548, 115103.913255, 116208.000000, 1.000000, 2, 8.648004, 13601183.500667, 13601183.500667
Z2, 1, 6, 4K, 11320.000000, 0.013978, 809844.040635, 870768.000000, 1.000000, 2, 8.648004, 13740131.526143, 13740131.526143
Z2, 2, 6, 4K, 11456.000000, 0.006275, 1825657.370518, 1909328.000000, 1.000000, 2, 8.648004, 13943294.192120, 13943294.192120
Z2, 3, 6, 4K, 11672.000000, 0.018634, 626381.882580, 648440.000000, 1.000000, 2, 8.648004, 13703439.094532, 13703439.094532
Z2, 4, 6, 4K, 23688.000000, 0.012458, 1901428.800771, 1974000.000000, 1.000000, 2, 8.648004, 13958448.478170, 13958448.478170
Z2, 5, 6, 4K, 32384.000000, 0.018500, 1750486.486486, 1799104.000000, 1.000000, 2, 8.648004, 13928260.015314, 13928260.015314
Z2, 6, 6, 4K, 38896.000000, 0.005992, 6491321.762350, 7779200.000000, 1.000000, 2, 8.648004, 14876427.070486, 14876427.070486
Z2, 7, 6, 4K, 37976.000000, 0.002296, 16540069.686411, 18988000.000000, 1.000000, 2, 8.648004, 16886176.655299, 16886176.655299
Z3, 0, 6, 4K, 12000.000000, 0.042621, 281551.347927, 285712.000000, 1.000000, 2, 8.648004, 13634472.987602, 13634472.987602
Z3, 1, 6, 4K, 12312.000000, 0.001023, 12035190.615836, 12312000.000000, 1.000000, 2, 8.648004, 15985200.841183, 15985200.841183
Z3, 2, 6, 4K, 11800.000000, 0.000935, 12620320.855615, 11800000.000000, 1.000000, 2, 8.648004, 16102226.889139, 16102226.889139
Z3, 3, 6, 4K, 11672.000000, 0.017377, 671692.467054, 686584.000000, 1.000000, 2, 8.648004, 13712501.211427, 13712501.211427
Z3, 4, 6, 4K, 11856.000000, 0.000997, 11891675.025075, 11856000.000000, 1.000000, 2, 8.648004, 15956497.723031, 15956497.723031
Z3, 5, 6, 4K, 11392.000000, 0.000947, 12029567.053854, 11392000.000000, 1.000000, 2, 8.648004, 15984076.128787, 15984076.128787
Z3, 6, 6, 4K, 11608.000000, 0.252009, 46061.846998, 46056.000000, 1.000000, 2, 8.648004, 13587375.087416, 13587375.087416
Z3, 7, 6, 4K, 11808.000000, 0.021498, 549260.396316, 562280.000000, 1.000000, 2, 8.648004, 13688014.797279, 13688014.797279
Z3, 8, 6, 4K, 11616.000000, 0.015853, 732731.975021, 774400.000000, 1.000000, 2, 8.648004, 13724709.113020, 13724709.113020
Z3, 9, 6, 4K, 36784.000000, 0.030566, 1203428.646208, 1226128.000000, 1.000000, 2, 8.648004, 13818848.447258, 13818848.447258
Z3, 10, 6, 4K, 30472.000000, 0.001082, 28162661.737523, 30472000.000000, 1.000000, 2, 8.648004, 19210695.065521, 19210695.065521
Z3, 11, 6, 4K, 27608.000000, 0.006591, 4188742.224245, 4601328.000000, 1.000000, 2, 8.648004, 14415911.162865, 14415911.162865
Z3, 12, 6, 4K, 24088.000000, 0.018036, 1335551.119982, 1338216.000000, 1.000000, 2, 8.648004, 13845272.942013, 13845272.942013
Z3, 13, 6, 4K, 38328.000000, 0.012340, 3105996.758509, 3194000.000000, 1.000000, 2, 8.648004, 14199362.069718, 14199362.069718
Z3, 14, 6, 4K, 32072.000000, 0.001010, 31754455.445545, 32072000.000000, 1.000000, 2, 8.648004, 19929053.807125, 19929053.807125
Z3, 15, 6, 4K, 42136.000000, 0.001891, 22282390.269699, 42136000.000000, 1.000000, 2, 8.648004, 18034640.771956, 18034640.771956
Z3, 16, 6, 4K, 36072.000000, 0.016200, 2226666.666667, 2254496.000000, 1.000000, 2, 8.648004, 14023496.051350, 14023496.051350
Z3, 17, 6, 4K, 27192.000000, 0.007289, 3730552.887913, 3884568.000000, 1.000000, 2, 8.648004, 14324273.295599, 14324273.295599
Z3, 18, 6, 4K, 89424.000000, 0.019061, 4691464.246367, 4706520.000000, 1.000000, 2, 8.648004, 14516455.567290, 14516455.567290
Z3, 19, 6, 4K, 86000.000000, 0.006335, 13575374.901342, 14333328.000000, 1.000000, 2, 8.648004, 16293237.698285, 16293237.698285
Z3, 20, 6, 4K, 62728.000000, 0.025688, 2441918.405481, 2509120.000000, 1.000000, 2, 8.648004, 14066546.399113, 14066546.399113
Z3, 21, 6, 4K, 65864.000000, 0.015724, 4188756.041720, 4390928.000000, 1.000000, 2, 8.648004, 14415913.926360, 14415913.926360
Z3, 22, 6, 4K, 82512.000000, 0.017962, 4593697.806480, 4853640.000000, 1.000000, 2, 8.648004, 14496902.279312, 14496902.279312
Z3, 23, 6, 4K, 102240.000000, 0.014916, 6854384.553500, 7302856.000000, 1.000000, 2, 8.648004, 14949039.628716, 14949039.628716
Z3, 24, 6, 4K, 69304.000000, 0.017662, 3923904.427585, 4076704.000000, 1.000000, 2, 8.648004, 14362943.603533, 14362943.603533
Z3, 25, 6, 4K, 73800.000000, 0.018992, 3885846.672283, 4100000.000000, 1.000000, 2, 8.648004, 14355332.052473, 14355332.052473
Z3, 26, 6, 4K, 59424.000000, 0.008033, 7397485.372837, 7428000.000000, 1.000000, 2, 8.648004, 15057659.792584, 15057659.792584
Z3, 27, 6, 4K, 44392.000000, 0.019610, 2263742.988271, 2336416.000000, 1.000000, 2, 8.648004, 14030911.315671, 14030911.315671
Z3, 28, 6, 4K, 23176.000000, 0.025944, 893308.664817, 927040.000000, 1.000000, 2, 8.648004, 13756824.450980, 13756824.450980
Z3, 29, 6, 4K, 30224.000000, 0.015729, 1921546.188569, 2014928.000000, 1.000000, 2, 8.648004, 13962471.955730, 13962471.955730
Z3, 30, 6, 4K, 34568.000000, 0.018047, 1915443.009919, 1920440.000000, 1.000000, 2, 8.648004, 13961251.320000, 13961251.320000
Z3, 31, 6, 4K, 62896.000000, 0.022984, 2736512.356422, 2858904.000000, 1.000000, 2, 8.648004, 14125465.189301, 14125465.189301
Z3, 32, 6, 4K, 50288.000000, 0.233645, 215232.510860, 215824.000000, 1.000000, 2, 8.648004, 13621209.220188, 13621209.220188
Z3, 33, 6, 4K, 37280.000000, 0.013494, 2762709.352305, 2867688.000000, 1.000000, 2, 8.648004, 14130704.588477, 14130704.588477
Z3, 34, 6, 4K, 26840.000000, 0.025024, 1072570.332481, 1073600.000000, 1.000000, 2, 8.648004, 13792676.784512, 13792676.784512
Z3, 35, 6, 4K, 30408.000000, 0.014547, 2090327.902660, 2172000.000000, 1.000000, 2, 8.648004, 13996228.298548, 13996228.298548
Z3, 36, 6, 4K, 24136.000000, 0.014837, 1626743.950933, 1724000.000000, 1.000000, 2, 8.648004, 13903511.508203, 13903511.508203
Z3, 37, 6, 4K, 21376.000000, 0.000986, 21679513.184584, 21376000.000000, 1.000000, 2, 8.648004, 17914065.354933, 17914065.354933
Z3, 38, 6, 4K, 20712.000000, 0.018171, 1139838.203731, 1150664.000000, 1.000000, 2, 8.648004, 13806130.358763, 13806130.358763
Z1, 0, 7, 4K, 30824.000000, 0.029890, 1031247.909000, 1062896.000000, 1.000000, 2, 9.833674, 11720295.213695, 11720295.213695
Z2, 0, 7, 4K, 6624.000000, 0.053264, 124361.670171, 124976.000000, 1.000000, 2, 9.833674, 11538917.965929, 11538917.965929
Z2, 1, 7, 4K, 11584.000000, 0.000891, 13001122.334456, 11584000.000000, 1.000000, 2, 9.833674, 14114270.098786, 14114270.098786
Z2, 2, 7, 4K, 11528.000000, 0.000882, 13070294.784580, 11528000.000000, 1.000000, 2, 9.833674, 14128104.588811, 14128104.588811
Z2, 3, 7, 4K, 11888.000000, 0.001007, 11805362.462761, 11888000.000000, 1.000000, 2, 9.833674, 13875118.124447, 13875118.124447
Z2, 4, 7, 4K, 23856.000000, 0.024992, 954545.454545, 994000.000000, 1.000000, 2, 9.833674, 11704954.722804, 11704954.722804
Z2, 5, 7, 4K, 33008.000000, 0.019695, 1675958.365067, 1737256.000000, 1.000000, 2, 9.833674, 11849237.304909, 11849237.304909
Z2, 6, 7, 4K, 41248.000000, 0.023797, 1733327.730386, 1793384.000000, 1.000000, 2, 9.833674, 11860711.177972, 11860711.177972
Z2, 7, 7, 4K, 40368.000000, 0.001151, 35072111.207646, 40368000.000000, 1.000000, 2, 9.833674, 18528467.873424, 18528467.873424
Z3, 0, 7, 4K, 12288.000000, 0.045970, 267304.763977, 273064.000000, 1.000000, 2, 9.833674, 11567506.584690, 11567506.584690
Z3, 1, 7, 4K, 12288.000000, 0.008658, 1419265.419265, 1536000.000000, 1.000000, 2, 9.833674, 11797898.715748, 11797898.715748
Z3, 2, 7, 4K, 12304.000000, 0.005056, 2433544.303797, 2460800.000000, 1.000000, 2, 9.833674, 12000754.492655, 12000754.492655
Z3, 3, 7, 4K, 11832.000000, 0.030713, 385244.033471, 394400.000000, 1.000000, 2, 9.833674, 11591094.438589, 11591094.438589
Z3, 4, 7, 4K, 12664.000000, 0.009039, 1401039.938046, 1407104.000000, 1.000000, 2, 9.833674, 11794253.619504, 11794253.619504
Z3, 5, 7, 4K, 11360.000000, 0.010009, 1134978.519333, 1136000.000000, 1.000000, 2, 9.833674, 11741041.335762, 11741041.335762
Z3, 6, 7, 4K, 11624.000000, 0.006063, 1917202.704932, 1937328.000000, 1.000000, 2, 9.833674, 11897486.172882, 11897486.172882
Z3, 7, 7, 4K, 12008.000000, 0.009065, 1324655.267512, 1334216.000000, 1.000000, 2, 9.833674, 11778976.685398, 11778976.685398
Z3, 8, 7, 4K, 11744.000000, 0.000888, 13225225.225225, 11744000.000000, 1.000000, 2, 9.833674, 14159090.676940, 14159090.676940
Z3, 9, 7, 4K, 40440.000000, 0.001119, 36139410.187668, 40440000.000000, 1.000000, 2, 9.833674, 18741927.669429, 18741927.669429
Z3, 10, 7, 4K, 32448.000000, 0.000998, 32513026.052104, 32448000.000000, 1.000000, 2, 9.833674, 18016650.842316, 18016650.842316
Z3, 11, 7, 4K, 29808.000000, 0.018679, 1595802.773168, 1656000.000000, 1.000000, 2, 9.833674, 11833206.186529, 11833206.186529
Z3, 12, 7, 4K, 26008.000000, 0.021938, 1185522.837086, 1238472.000000, 1.000000, 2, 9.833674, 11751150.199312, 11751150.199312
Z3, 13, 7, 4K, 43712.000000, 0.024019, 1819892.585037, 1821328.000000, 1.000000, 2, 9.833674, 11878024.148903, 11878024.148903
Z3, 14, 7, 4K, 42976.000000, 0.017250, 2491362.318841, 2528000.000000, 1.000000, 2, 9.833674, 12012318.095663, 12012318.095663
Z3, 15, 7, 4K, 80888.000000, 0.007405, 10923430.114787, 11555424.000000, 1.000000, 2, 9.833674, 13698731.654853, 13698731.654853
Z3, 16, 7, 4K, 51248.000000, 0.023136, 2215076.071923, 2228168.000000, 1.000000, 2, 9.833674, 11957060.846280, 11957060.846280
Z3, 17, 7, 4K, 29472.000000, 0.021606, 1364065.537351, 1403424.000000, 1.000000, 2, 9.833674, 11786858.739365, 11786858.739365
Z3, 18, 7, 4K, 76304.000000, 0.012971, 5882661.321409, 6358664.000000, 1.000000, 2, 9.833674, 12690577.896177, 12690577.896177
Z3, 19, 7, 4K, 78816.000000, 0.247451, 318511.543700, 319088.000000, 1.000000, 2, 9.833674, 11577747.940635, 11577747.940635
Z3, 20, 7, 4K, 66288.000000, 0.039363, 1684017.986434, 1699688.000000, 1.000000, 2, 9.833674, 11850849.229182, 11850849.229182
Z3, 21, 7, 4K, 69920.000000, 0.011623, 6015658.607933, 6356360.000000, 1.000000, 2, 9.833674, 12717177.353482, 12717177.353482
Z3, 22, 7, 4K, 81944.000000, 0.030582, 2679484.664182, 2731464.000000, 1.000000, 2, 9.833674, 12049942.564732, 12049942.564732
Z3, 23, 7, 4K, 102376.000000, 0.229914, 445279.539306, 447056.000000, 1.000000, 2, 9.833674, 11603101.539756, 11603101.539756
Z3, 24, 7, 4K, 76792.000000, 0.030646, 2505775.631404, 2559728.000000, 1.000000, 2, 9.833674, 12015200.758176, 12015200.758176
Z3, 25, 7, 4K, 81072.000000, 0.051605, 1571010.560992, 1589640.000000, 1.000000, 2, 9.833674, 11828247.744094, 11828247.744094
Z3, 26, 7, 4K, 62656.000000, 0.014928, 4197213.290461, 4475424.000000, 1.000000, 2, 9.833674, 12353488.289987, 12353488.289987
Z3, 27, 7, 4K, 46048.000000, 0.023577, 1953089.875726, 2002080.000000, 1.000000, 2, 9.833674, 11904663.607040, 11904663.607040
Z3, 28, 7, 4K, 66864.000000, 0.002666, 25080270.067517, 33432000.000000, 1.000000, 2, 9.833674, 16530099.645399, 16530099.645399
Z3, 29, 7, 4K, 51888.000000, 0.008528, 6084427.767355, 6486000.000000, 1.000000, 2, 9.833674, 12730931.185366, 12730931.185366
Z3, 30, 7, 4K, 60864.000000, 0.027693, 2197811.721374, 2254216.000000, 1.000000, 2, 9.833674, 11953607.976170, 11953607.976170
Z3, 31, 7, 4K, 30224.000000, 0.002027, 14910705.476073, 15112000.000000, 1.000000, 2, 9.833674, 14496186.727110, 14496186.727110
Z3, 32, 7, 4K, 29312.000000, 0.021870, 1340283.493370, 1395808.000000, 1.000000, 2, 9.833674, 11782102.330569, 11782102.330569
Z3, 33, 7, 4K, 25728.000000, 0.020520, 1253801.169591, 1286400.000000, 1.000000, 2, 9.833674, 11764805.865813, 11764805.865813
Z3, 34, 7, 4K, 27640.000000, 0.022902, 1206881.495066, 1256360.000000, 1.000000, 2, 9.833674, 11755421.930908, 11755421.930908
Z3, 35, 7, 4K, 32608.000000, 0.053682, 607428.933348, 615240.000000, 1.000000, 2, 9.833674, 11635531.418565, 11635531.418565
Z3, 36, 7, 4K, 25080.000000, 0.022297, 1124814.997533, 1140000.000000, 1.000000, 2, 9.833674, 11739008.631402, 11739008.631402
Z3, 37, 7, 4K, 21912.000000, 0.009088, 2411091.549296, 2434664.000000, 1.000000, 2, 9.833674, 11996263.941754, 11996263.941754
Z3, 38, 7, 4K, 21440.000000, 0.011807, 1815871.940374, 1949088.000000, 1.000000, 2, 9.833674, 11877220.019970, 11877220.019970
Z1, 0, 8, 4K, 47048.000000, 0.032298, 1456684.624435, 1470248.000000, 1.000000, 2, 11.153643, 11803953.291727, 11803953.291727
Z2, 0, 8, 4K, 6624.000000, 0.060629, 109254.647116, 110400.000000, 1.000000, 2, 11.153643, 11534467.296263, 11534467.296263
Z2, 1, 8, 4K, 12296.000000, 0.012314, 998538.249147, 1024664.000000, 1.000000, 2, 11.153643, 11712324.016670, 11712324.016670
Z2, 2, 8, 4K, 12272.000000, 0.001008, 12174603.174603, 12272000.000000, 1.000000, 2, 11.153643, 13947537.001761, 13947537.001761
Z2, 3, 8, 4K, 12368.000000, 0.006841, 1807922.818301, 2061328.000000, 1.000000, 2, 11.153643, 11874200.930500, 11874200.930500
Z2, 4, 8, 4K, 33024.000000, 0.024665, 1338901.277113, 1376000.000000, 1.000000, 2, 11.153643, 11780396.622263, 11780396.622263
Z2, 5, 8, 4K, 46672.000000, 0.024704, 1889248.704663, 1944664.000000, 1.000000, 2, 11.153643, 11890466.107773, 11890466.107773
Z2, 6, 8, 4K, 105600.000000, 0.012974, 8139355.634346, 8800000.000000, 1.000000, 2, 11.153643, 13140487.493709, 13140487.493709
Z2, 7, 8, 4K, 109880.000000, 0.035183, 3123099.224057, 3139424.000000, 1.000000, 2, 11.153643, 12137236.211651, 12137236.211651
Z3, 0, 8, 4K, 12736.000000, 0.060950, 208958.162428, 212264.000000, 1.000000, 2, 11.153643, 11554407.999326, 11554407.999326
Z3, 1, 8, 4K, 13168.000000, 0.017530, 751169.423845, 774584.000000, 1.000000, 2, 11.153643, 11662850.251609, 11662850.251609
Z3, 2, 8, 4K, 12440.000000, 0.001087, 11444342.226311, 12440000.000000, 1.000000, 2, 11.153643, 13801484.812102, 13801484.812102
Z3, 3, 8, 4K, 12288.000000, 0.008944, 1373881.932021, 1536000.000000, 1.000000, 2, 11.153643, 11787392.753244, 11787392.753244
Z3, 4, 8, 4K, 13040.000000, 0.000919, 14189336.235038, 13040000.000000, 1.000000, 2, 11.153643, 14350483.613848, 14350483.613848
Z3, 5, 8, 4K, 11984.000000, 0.018660, 642229.367631, 665776.000000, 1.000000, 2, 11.153643, 11641062.240366, 11641062.240366
Z3, 6, 8, 4K, 12736.000000, 0.001029, 12377065.111759, 12736000.000000, 1.000000, 2, 11.153643, 13988029.389192, 13988029.389192
Z3, 7, 8, 4K, 12728.000000, 0.000978, 13014314.928425, 12728000.000000, 1.000000, 2, 11.153643, 14115479.352525, 14115479.352525
Z3, 8, 8, 4K, 13416.000000, 0.002496, 5375000.000000, 6708000.000000, 1.000000, 2, 11.153643, 12587616.366840, 12587616.366840
Z3, 9, 8, 4K, 47728.000000, 0.023005, 2074679.417518, 2075128.000000, 1.000000, 2, 11.153643, 11927552.250344, 11927552.250344
Z3, 10, 8, 4K, 36848.000000, 0.017961, 2051556.149435, 2167528.000000, 1.000000, 2, 11.153643, 11922927.596727, 11922927.596727
Z3, 11, 8, 4K, 37200.000000, 0.001110, 33513513.513514, 37200000.000000, 1.000000, 2, 11.153643, 18215319.069543, 18215319.069543
Z3, 12, 8, 4K, 36304.000000, 0.021118, 1719102.187707, 1728760.000000, 1.000000, 2, 11.153643, 11856436.804382, 11856436.804382
Z3, 13, 8, 4K, 72440.000000, 0.013242, 5470472.738257, 5572304.000000, 1.000000, 2, 11.153643, 12606710.914491, 12606710.914491
Z3, 14, 8, 4K, 94656.000000, 0.020175, 4691747.211896, 4732800.000000, 1.000000, 2, 11.153643, 12450965.809219, 12450965.809219
Z3, 15, 8, 4K, 126944.000000, 0.026375, 4813042.654028, 4882456.000000, 1.000000, 2, 11.153643, 12475224.897646, 12475224.897646
Z3, 16, 8, 4K, 91896.000000, 0.024532, 3745964.454590, 3829000.000000, 1.000000, 2, 11.153643, 12261809.257758, 12261809.257758
Z3, 17, 8, 4K, 51968.000000, 0.001034, 50259187.620890, 51968000.000000, 1.000000, 2, 11.153643, 21564453.891018, 21564453.891018
Z3, 18, 8, 4K, 116120.000000, 0.008134, 14275879.026309, 14515000.000000, 1.000000, 2, 11.153643, 14367792.172102, 14367792.172102
Z3, 19, 8, 4K, 183840.000000, 0.050311, 3654071.674187, 3676800.000000, 1.000000, 2, 11.153643, 12243430.701677, 12243430.701677
Z3, 20, 8, 4K, 154184.000000, 0.054047, 2852776.287305, 2855256.000000, 1.000000, 2, 11.153643, 12083171.624301, 12083171.624301
Z3, 21, 8, 4K, 155104.000000, 0.020429, 7592344.216555, 7755200.000000, 1.000000, 2, 11.153643, 13031085.210151, 13031085.210151
Z3, 22, 8, 4K, 164936.000000, 0.019987, 8252163.906539, 8680840.000000, 1.000000, 2, 11.153643, 13163049.148148, 13163049.148148
Z3, 23, 8, 4K, 148008.000000, 0.059938, 2469351.663385, 2508608.000000, 1.000000, 2, 11.153643, 12006486.699517, 12006486.699517
Z3, 24, 8, 4K, 158128.000000, 0.017781, 8893088.127777, 9301640.000000, 1.000000, 2, 11.153643, 13291233.992395, 13291233.992395
Z3, 25, 8, 4K, 212408.000000, 0.128773, 1649476.210075, 1659432.000000, 1.000000, 2, 11.153643, 11842511.608855, 11842511.608855
Z3, 26, 8, 4K, 148464.000000, 0.044011, 3373338.483561, 3374176.000000, 1.000000, 2, 11.153643, 12187284.063552, 12187284.063552
Z3, 27, 8, 4K, 99296.000000, 0.020789, 4776372.119871, 4964800.000000, 1.000000, 2, 11.153643, 12467890.790814, 12467890.790814
Z3, 28, 8, 4K, 81552.000000, 0.019425, 4198301.158301, 4292208.000000, 1.000000, 2, 11.153643, 12352276.598500, 12352276.598500
Z3, 29, 8, 4K, 74800.000000, 0.026347, 2839032.906972, 2876920.000000, 1.000000, 2, 11.153643, 12080422.948235, 12080422.948235
Z3, 30, 8, 4K, 60904.000000, 0.024979, 2438208.094800, 2537664.000000, 1.000000, 2, 11.153643, 12000257.985800, 12000257.985800
Z3, 31, 8, 4K, 56704.000000, 0.010852, 5225211.942499, 5670400.000000, 1.000000, 2, 11.153643, 12557658.755340, 12557658.755340
Z3, 32, 8, 4K, 77872.000000, 0.022966, 3390751.545763, 3539632.000000, 1.000000, 2, 11.153643, 12190766.675993, 12190766.675993
Z3, 33, 8, 4K, 87632.000000, 0.021188, 4135925.995847, 4172952.000000, 1.000000, 2, 11.153643, 12339801.566009, 12339801.566009
Z3, 34, 8, 4K, 57472.000000, 0.023909, 2403781.002970, 2498776.000000, 1.000000, 2, 11.153643, 11993372.567434, 11993372.567434
Z3, 35, 8, 4K, 71616.000000, 0.015823, 4526069.645453, 4774400.000000, 1.000000, 2, 11.153643, 12417830.295931, 12417830.295931
Z3, 36, 8, 4K, 59800.000000, 0.017753, 3368444.769898, 3517640.000000, 1.000000, 2, 11.153643, 12186305.320820, 12186305.320820
Z3, 37, 8, 4K, 54240.000000, 0.010088, 5376685.170500, 5424000.000000, 1.000000, 2, 11.153643, 12587953.400940, 12587953.400940
Z3, 38, 8, 4K, 48376.000000, 0.025338, 1909227.247612, 1935040.000000, 1.000000, 2, 11.153643, 11894461.816363, 11894461.816363
Z1, 0, 9, 4K, 65080.000000, 0.023402, 2780958.892402, 2829560.000000, 1.000000, 2, 12.275046, 8710607.828253, 8710607.828253
Z2, 0, 9, 4K, 6624.000000, 0.035813, 184960.768436, 189256.000000, 1.000000, 2, 12.275046, 8191408.203459, 8191408.203459
Z2, 1, 9, 4K, 12720.000000, 0.009156, 1389252.948886, 1413328.000000, 1.000000, 2, 12.275046, 8432266.639549, 8432266.639549
Z2, 2, 9, 4K, 12808.000000, 0.043733, 292868.085885, 297856.000000, 1.000000, 2, 12.275046, 8212989.666949, 8212989.666949
Z2, 3, 9, 4K, 11704.000000, 0.001010, 11588118.811881, 11704000.000000, 1.000000, 2, 12.275046, 10472039.812148, 10472039.812148
Z2, 4, 9, 4K, 46808.000000, 0.019915, 2350389.153904, 2463576.000000, 1.000000, 2, 12.275046, 8624493.880553, 8624493.880553
Z2, 5, 9, 4K, 62864.000000, 0.002475, 25399595.959596, 31432000.000000, 1.000000, 2, 12.275046, 13234335.241691, 13234335.241691
Z2, 6, 9, 4K, 144400.000000, 0.025003, 5775306.963164, 5776000.000000, 1.000000, 2, 12.275046, 9309477.442405, 9309477.442405
Z2, 7, 9, 4K, 143784.000000, 0.010094, 14244501.684169, 14378400.000000, 1.000000, 2, 12.275046, 11003316.386606, 11003316.386606
Z3, 0, 9, 4K, 13352.000000, 0.045492, 293502.154225, 296704.000000, 1.000000, 2, 12.275046, 8213116.480617, 8213116.480617
Z3, 1, 9, 4K, 19152.000000, 0.019445, 984931.859090, 1008000.000000, 1.000000, 2, 12.275046, 8351402.421590, 8351402.421590
Z3, 2, 9, 4K, 15048.000000, 0.006700, 2245970.149254, 2508000.000000, 1.000000, 2, 12.275046, 8603610.079623, 8603610.079623
Z3, 3, 9, 4K, 13656.000000, 0.001013, 13480750.246792, 13656000.000000, 1.000000, 2, 12.275046, 10850566.099130, 10850566.099130
Z3, 4, 9, 4K, 15568.000000, 0.000903, 17240310.077519, 15568000.000000, 1.000000, 2, 12.275046, 11602478.065276, 11602478.065276
Z3, 5, 9, 4K, 19992.000000, 0.000902, 22164079.822616, 19992000.000000, 1.000000, 2, 12.275046, 12587232.014295, 12587232.014295
Z3, 6, 9, 4K, 43816.000000, 0.022961, 1908279.256130, 1991632.000000, 1.000000, 2, 12.275046, 8536071.900998, 8536071.900998
Z3, 7, 9, 4K, 32640.000000, 0.014785, 2207642.881299, 2331424.000000, 1.000000, 2, 12.275046, 8595944.626032, 8595944.626032
Z3, 8, 9, 4K, 13112.000000, 0.013693, 957569.561090, 1008608.000000, 1.000000, 2, 12.275046, 8345929.961990, 8345929.961990
Z3, 9, 9, 4K, 56456.000000, 0.022905, 2464789.347304, 2566176.000000, 1.000000, 2, 12.275046, 8647373.919233, 8647373.919233
Z3, 10, 9, 4K, 42936.000000, 0.001041, 41244956.772334, 42936000.000000, 1.000000, 2, 12.275046, 16403407.404239, 16403407.404239
Z3, 11, 9, 4K, 49664.000000, 0.012717, 3905323.582606, 4138664.000000, 1.000000, 2, 12.275046, 8935480.766293, 8935480.766293
Z3, 12, 9, 4K, 55832.000000, 0.035494, 1572998.253226, 1595200.000000, 1.000000, 2, 12.275046, 8469015.700417, 8469015.700417
Z3, 13, 9, 4K, 101440.000000, 0.008276, 12257129.047849, 12680000.000000, 1.000000, 2, 12.275046, 10605841.859342, 10605841.859342
Z3, 14, 9, 4K, 127064.000000, 0.009527, 13337252.020573, 14118216.000000, 1.000000, 2, 12.275046, 10821866.453887, 10821866.453887
Z3, 15, 9, 4K, 186256.000000, 0.061223, 3042255.361547, 3053376.000000, 1.000000, 2, 12.275046, 8762867.122082, 8762867.122082
Z3, 16, 9, 4K, 117264.000000, 0.030668, 3823659.840876, 3908800.000000, 1.000000, 2, 12.275046, 8919148.017947, 8919148.017947
Z3, 17, 9, 4K, 90064.000000, 0.017814, 5055798.809925, 5297880.000000, 1.000000, 2, 12.275046, 9165575.811757, 9165575.811757
Z3, 18, 9, 4K, 158280.000000, 0.222444, 711549.873227, 712968.000000, 1.000000, 2, 12.275046, 8296726.024417, 8296726.024417
Z3, 19, 9, 4K, 210712.000000, 0.072430, 2909181.278476, 2926552.000000, 1.000000, 2, 12.275046, 8736252.305467, 8736252.305467
Z3, 20, 9, 4K, 212696.000000, 0.104287, 2039525.540096, 2045152.000000, 1.000000, 2, 12.275046, 8562321.157791, 8562321.157791
Z3, 21, 9, 4K, 204264.000000, 0.084727, 2410848.961960, 2431712.000000, 1.000000, 2, 12.275046, 8636585.842164, 8636585.842164
Z3, 22, 9, 4K, 225960.000000, 0.099997, 2259667.790034, 2282424.000000, 1.000000, 2, 12.275046, 8606349.607779, 8606349.607779
Z3, 23, 9, 4K, 199056.000000, 0.258260, 770758.150701, 771528.000000, 1.000000, 2, 12.275046, 8308567.679912, 8308567.679912
Z3, 24, 9, 4K, 204104.000000, 0.079286, 2574275.408017, 2583592.000000, 1.000000, 2, 12.275046, 8669271.131375, 8669271.131375
Z3, 25, 9, 4K, 264656.000000, 0.029494, 8973214.891164, 9126064.000000, 1.000000, 2, 12.275046, 9949059.028005, 9949059.028005
Z3, 26, 9, 4K, 229440.000000, 0.085631, 2679403.487055, 2699288.000000, 1.000000, 2, 12.275046, 8690296.747183, 8690296.747183
Z3, 27, 9, 4K, 143136.000000, 0.052504, 2726192.290111, 2752608.000000, 1.000000, 2, 12.275046, 8699654.507794, 8699654.507794
Z3, 28, 9, 4K, 59784.000000, 0.034066, 1754946.280749, 1758352.000000, 1.000000, 2, 12.275046, 8505405.305922, 8505405.305922
Z3, 29, 9, 4K, 71424.000000, 0.015032, 4751463.544439, 4761600.000000, 1.000000, 2, 12.275046, 9104708.758660, 9104708.758660
Z3, 30, 9, 4K, 71768.000000, 0.024746, 2900185.888628, 2990328.000000, 1.000000, 2, 12.275046, 8734453.227498, 8734453.227498
Z3, 31, 9, 4K, 78016.000000, 0.034116, 2286786.258647, 2294584.000000, 1.000000, 2, 12.275046, 8611773.301502, 8611773.301502
Z3, 32, 9, 4K, 85112.000000, 0.243419, 349652.245716, 350248.000000, 1.000000, 2, 12.275046, 8224346.498915, 8224346.498915
Z3, 33, 9, 4K, 105792.000000, 0.034060, 3106048.150323, 3111528.000000, 1.000000, 2, 12.275046, 8775625.679837, 8775625.679837
Z3, 34, 9, 4K, 59104.000000, 0.013490, 4381319.495923, 4546456.000000, 1.000000, 2, 12.275046, 9030679.948957, 9030679.948957
Z3, 35, 9, 4K, 89744.000000, 0.025086, 3577453.559754, 3589760.000000, 1.000000, 2, 12.275046, 8869906.761723, 8869906.761723
Z3, 36, 9, 4K, 82576.000000, 0.026264, 3144075.540664, 3176000.000000, 1.000000, 2, 12.275046, 8783231.157905, 8783231.157905
Z3, 37, 9, 4K, 72616.000000, 0.042550, 1706603.995300, 1728952.000000, 1.000000, 2, 12.275046, 8495736.848832, 8495736.848832
Z3, 38, 9, 4K, 59624.000000, 0.024515, 2432143.585560, 2484328.000000, 1.000000, 2, 12.275046, 8640844.766884, 8640844.766884
Z1, 0, 10, 4K, 11408.000000, 0.079184, 144069.508992, 144400.000000, 1.000000, 2, 14.385221, 1488230.097254, 1488230.097254
Z2, 0, 10, 4K, 6624.000000, 0.024216, 273538.156591, 276000.000000, 1.000000, 2, 14.385221, 1514123.826774, 1514123.826774
Z2, 1, 10, 4K, 11896.000000, 0.000807, 14741016.109046, 11896000.000000, 1.000000, 2, 14.385221, 4407619.417265, 4407619.417265
Z2, 2, 10, 4K, 11528.000000, 0.000726, 15878787.878788, 11528000.000000, 1.000000, 2, 14.385221, 4635173.771213, 4635173.771213
Z2, 3, 10, 4K, 96624.000000, 0.024133, 4003812.207351, 4026000.000000, 1.000000, 2, 14.385221, 2260178.636926, 2260178.636926
Z2, 4, 10, 4K, 99416.000000, 0.002501, 39750499.800080, 49708000.000000, 1.000000, 2, 14.385221, 9409516.155472, 9409516.155472
Z2, 5, 10, 4K, 171632.000000, 0.033472, 5127629.063098, 5200968.000000, 1.000000, 2, 14.385221, 2484942.008075, 2484942.008075
Z2, 6, 10, 4K, 101328.000000, 0.021899, 4627060.596374, 4825136.000000, 1.000000, 2, 14.385221, 2384828.314730, 2384828.314730
Z2, 7, 10, 4K, 96152.000000, 0.033759, 2848188.631180, 2913696.000000, 1.000000, 2, 14.385221, 2029053.921692, 2029053.921692
Z3, 0, 10, 4K, 21424.000000, 0.028341, 755936.628912, 765136.000000, 1.000000, 2, 14.385221, 1610603.521238, 1610603.521238
Z3, 1, 10, 4K, 61888.000000, 0.001101, 56210717.529519, 61888000.000000, 1.000000, 2, 14.385221, 12701559.701359, 12701559.701359
Z3, 2, 10, 4K, 32688.000000, 0.000925, 35338378.378378, 32688000.000000, 1.000000, 2, 14.385221, 8527091.871131, 8527091.871131
Z3, 3, 10, 4K, 21168.000000, 0.001036, 20432432.432432, 21168000.000000, 1.000000, 2, 14.385221, 5545902.681942, 5545902.681942
Z3, 4, 10, 4K, 28472.000000, 0.001022, 27859099.804305, 28472000.000000, 1.000000, 2, 14.385221, 7031236.156317, 7031236.156317
Z3, 5, 10, 4K, 45352.000000, 0.023511, 1928969.418570, 1971824.000000, 1.000000, 2, 14.385221, 1845210.079170, 1845210.079170
Z3, 6, 10, 4K, 72936.000000, 0.001108, 65826714.801444, 72936000.000000, 1.000000, 2, 14.385221, 14624759.155744, 14624759.155744
Z3, 7, 10, 4K, 27848.000000, 0.001166, 23883361.921098, 27848000.000000, 1.000000, 2, 14.385221, 6236088.579675, 6236088.579675
Z3, 8, 10, 4K, 13192.000000, 0.013021, 1013132.631902, 1014768.000000, 1.000000, 2, 14.385221, 1662042.721836, 1662042.721836
Z3, 9, 10, 4K, 75360.000000, 0.020443, 3686347.404980, 3768000.000000, 1.000000, 2, 14.385221, 2196685.676451, 2196685.676451
Z3, 10, 10, 4K, 100176.000000, 0.005870, 17065758.091993, 20035200.000000, 1.000000, 2, 14.385221, 4872567.813854, 4872567.813854
Z3, 11, 10, 4K, 71264.000000, 0.001211, 58847233.691164, 71264000.000000, 1.000000, 2, 14.385221, 13228862.933688, 13228862.933688
Z3, 12, 10, 4K, 87864.000000, 0.047568, 1847124.117053, 1869440.000000, 1.000000, 2, 14.385221, 1828841.018866, 1828841.018866
Z3, 13, 10, 4K, 125616.000000, 0.038988, 3221914.435211, 3305680.000000, 1.000000, 2, 14.385221, 2103799.082498, 2103799.082498
Z3, 14, 10, 4K, 148008.000000, 0.021192, 6984144.960362, 7048000.000000, 1.000000, 2, 14.385221, 2856245.187528, 2856245.187528
Z3, 15, 10, 4K, 196960.000000, 0.030641, 6427988.642668, 6565328.000000, 1.000000, 2, 14.385221, 2745013.923989, 2745013.923989
Z3, 16, 10, 4K, 128568.000000, 0.004438, 28969806.219018, 32142000.000000, 1.000000, 2, 14.385221, 7253377.439259, 7253377.439259
Z3, 17, 10, 4K, 101392.000000, 0.023238, 4363198.209829, 4408344.000000, 1.000000, 2, 14.385221, 2332055.837421, 2332055.837421
Z3, 18, 10, 4K, 91896.000000, 0.010173, 9033323.503391, 9189600.000000, 1.000000, 2, 14.385221, 3266080.896134, 3266080.896134
Z3, 19, 10, 4K, 176696.000000, 0.060811, 2905658.515729, 2944928.000000, 1.000000, 2, 14.385221, 2040547.898601, 2040547.898601
Z3, 20, 10, 4K, 235888.000000, 0.051347, 4593997.701911, 4625248.000000, 1.000000, 2, 14.385221, 2378215.735838, 2378215.735838
Z3, 21, 10, 4K, 238056.000000, 0.093784, 2538343.427450, 2559736.000000, 1.000000, 2, 14.385221, 1967084.880946, 1967084.880946
Z3, 22, 10, 4K, 231240.000000, 0.074056, 3122501.890461, 3124864.000000, 1.000000, 2, 14.385221, 2083916.573548, 2083916.573548
Z3, 23, 10, 4K, 299680.000000, 0.111950, 2676909.334524, 2699816.000000, 1.000000, 2, 14.385221, 1994798.062360, 1994798.062360
Z3, 24, 10, 4K, 228120.000000, 0.083738, 2724211.230266, 2748432.000000, 1.000000, 2, 14.385221, 2004258.441509, 2004258.441509
Z3, 25, 10, 4K, 227320.000000, 0.034942, 6505637.914258, 6685880.000000, 1.000000, 2, 14.385221, 2760543.778307, 2760543.778307
Z3, 26, 10, 4K, 304072.000000, 0.263600, 1153535.660091, 1156160.000000, 1.000000, 2, 14.385221, 1690123.327474, 1690123.327474
Z3, 27, 10, 4K, 353400.000000, 0.075456, 4683524.173028, 4712000.000000, 1.000000, 2, 14.385221, 2396121.030061, 2396121.030061
Z3, 28, 10, 4K, 172656.000000, 0.059786, 2887900.177299, 2926368.000000, 1.000000, 2, 14.385221, 2036996.230915, 2036996.230915
Z3, 29, 10, 4K, 150256.000000, 0.022710, 6616292.382210, 6829816.000000, 1.000000, 2, 14.385221, 2782674.671898, 2782674.671898
Z3, 30, 10, 4K, 75936.000000, 0.037783, 2009792.763941, 2052320.000000, 1.000000, 2, 14.385221, 1861374.748244, 1861374.748244
Z3, 31, 10, 4K, 98848.000000, 0.037690, 2622658.530114, 2671560.000000, 1.000000, 2, 14.385221, 1983947.901478, 1983947.901478
Z3, 32, 10, 4K, 91496.000000, 0.022036, 4152114.721365, 4158904.000000, 1.000000, 2, 14.385221, 2289839.139729, 2289839.139729
Z3, 33, 10, 4K, 97576.000000, 0.004333, 22519270.713132, 24394000.000000, 1.000000, 2, 14.385221, 5963270.338082, 5963270.338082
Z3, 34, 10, 4K, 97704.000000, 0.020825, 4691668.667467, 4885200.000000, 1.000000, 2, 14.385221, 2397749.928949, 2397749.928949
Z3, 35, 10, 4K, 88320.000000, 0.025590, 3451348.182884, 3532800.000000, 1.000000, 2, 14.385221, 2149685.832032, 2149685.832032
Z3, 36, 10, 4K, 87440.000000, 0.011458, 7631349.275615, 7949088.000000, 1.000000, 2, 14.385221, 2985686.050579, 2985686.050579
Z3, 37, 10, 4K, 104440.000000, 0.245790, 424915.578339, 426280.000000, 1.000000, 2, 14.385221, 1544399.311123, 1544399.311123
Z3, 38, 10, 4K, 121960.000000, 0.034706, 3514089.782746, 3587056.000000, 1.000000, 2, 14.385221, 2162234.152005, 2162234.152005
Z1, 0, 11, 4K, 15416.000000, 0.041201, 374165.675590, 376000.000000, 1.000000, 2, 16.260641, 2009099.646377, 2009099.646377
Z2, 0, 11, 4K, 6624.000000, 0.036777, 180112.570356, 184000.000000, 1.000000, 2, 16.260641, 1970289.025330, 1970289.025330
Z2, 1, 11, 4K, 21080.000000, 0.002573, 8192771.084337, 10540000.000000, 1.000000, 2, 16.260641, 3572820.728126, 3572820.728126
Z2, 2, 11, 4K, 20560.000000, 0.016719, 1229738.620731, 1285000.000000, 1.000000, 2, 16.260641, 2180214.235405, 2180214.235405
Z2, 3, 11, 4K, 90224.000000, 0.001399, 64491779.842745, 90224000.000000, 1.000000, 2, 16.260641, 14832622.479808, 14832622.479808
Z2, 4, 11, 4K, 89648.000000, 0.012728, 7043368.950346, 7470664.000000, 1.000000, 2, 16.260641, 3342940.301328, 3342940.301328
Z2, 5, 11, 4K, 187144.000000, 0.006627, 28239625.773351, 31190664.000000, 1.000000, 2, 16.260641, 7582191.665929, 7582191.665929
Z2, 6, 11, 4K, 104384.000000, 0.005960, 17514093.959732, 20876800.000000, 1.000000, 2, 16.260641, 5437085.303205, 5437085.303205
Z2, 7, 11, 4K, 148752.000000, 0.046663, 3187793.326619, 3233736.000000, 1.000000, 2, 16.260641, 2571825.176582, 2571825.176582
Z3, 0, 11, 4K, 30984.000000, 0.064478, 480535.996774, 484120.000000, 1.000000, 2, 16.260641, 2030373.710613, 2030373.710613
Z3, 1, 11, 4K, 34936.000000, 0.005529, 6318683.306204, 6987200.000000, 1.000000, 2, 16.260641, 3198003.172499, 3198003.172499
Z3, 2, 11, 4K, 27632.000000, 0.009777, 2826224.813337, 3070216.000000, 1.000000, 2, 16.260641, 2499511.473926, 2499511.473926
Z3, 3, 11, 4K, 23520.000000, 0.013857, 1697337.085949, 1809224.000000, 1.000000, 2, 16.260641, 2273733.928448, 2273733.928448
Z3, 4, 11, 4K, 31368.000000, 0.013482, 2326657.765910, 2412920.000000, 1.000000, 2, 16.260641, 2399598.064441, 2399598.064441
Z3, 5, 11, 4K, 54312.000000, 0.020194, 2689511.736159, 2715600.000000, 1.000000, 2, 16.260641, 2472168.858490, 2472168.858490
Z3, 6, 11, 4K, 40752.000000, 0.004752, 8575757.575758, 10188000.000000, 1.000000, 2, 16.260641, 3649418.026410, 3649418.026410
Z3, 7, 11, 4K, 38360.000000, 0.062927, 609595.245284, 618704.000000, 1.000000, 2, 16.260641, 2056185.560315, 2056185.560315
Z3, 8, 11, 4K, 36560.000000, 0.049075, 744982.170148, 746120.000000, 1.000000, 2, 16.260641, 2083262.945288, 2083262.945288
Z3, 9, 11, 4K, 91920.000000, 0.002980, 30845637.583893, 45960000.000000, 1.000000, 2, 16.260641, 8103394.028037, 8103394.028037
Z3, 10, 11, 4K, 138720.000000, 0.031155, 4452575.830525, 4474832.000000, 1.000000, 2, 16.260641, 2824781.677364, 2824781.677364
Z3, 11, 11, 4K, 120856.000000, 0.021538, 5611291.670536, 5755040.000000, 1.000000, 2, 16.260641, 3056524.845366, 3056524.845366
Z3, 12, 11, 4K, 114584.000000, 0.043444, 2637510.358162, 2664744.000000, 1.000000, 2, 16.260641, 2461768.582891, 2461768.582891
Z3, 13, 11, 4K, 144272.000000, 0.049882, 2892265.747163, 2944320.000000, 1.000000, 2, 16.260641, 2512719.660691, 2512719.660691
Z3, 14, 11, 4K, 138616.000000, 0.076521, 1811476.588126, 1823888.000000, 1.000000, 2, 16.260641, 2296561.828884, 2296561.828884
Z3, 15, 11, 4K, 211528.000000, 0.036768, 5753046.127067, 5875776.000000, 1.000000, 2, 16.260641, 3084875.736672, 3084875.736672
Z3, 16, 11, 4K, 135616.000000, 0.034932, 3882285.583419, 3988704.000000, 1.000000, 2, 16.260641, 2710723.627942, 2710723.627942
Z3, 17, 11, 4K, 99488.000000, 0.032054, 3103762.400948, 3109000.000000, 1.000000, 2, 16.260641, 2555018.991448, 2555018.991448
Z3, 18, 11, 4K, 106528.000000, 0.045524, 2340040.418241, 2367288.000000, 1.000000, 2, 16.260641, 2402274.594907, 2402274.594907
Z3, 19, 11, 4K, 207096.000000, 0.077454, 2673793.477419, 2689552.000000, 1.000000, 2, 16.260641, 2469025.206742, 2469025.206742
Z3, 20, 11, 4K, 254456.000000, 0.064806, 3926426.565441, 3975872.000000, 1.000000, 2, 16.260641, 2719551.824347, 2719551.824347
Z3, 21, 11, 4K, 295200.000000, 0.083498, 3535414.021893, 3556624.000000, 1.000000, 2, 16.260641, 2641349.315637, 2641349.315637
Z3, 22, 11, 4K, 337696.000000, 0.098381, 3432532.704486, 3445872.000000, 1.000000, 2, 16.260641, 2620773.052156, 2620773.052156
Z3, 23, 11, 4K, 372720.000000, 0.120235, 3099929.305111, 3106000.000000, 1.000000, 2, 16.260641, 2554252.372281, 2554252.372281
Z3, 24, 11, 4K, 225672.000000, 0.067137, 3361365.565932, 3368232.000000, 1.000000, 2, 16.260641, 2606539.624445, 2606539.624445
Z3, 25, 11, 4K, 265312.000000, 0.129362, 2050926.856418, 2056680.000000, 1.000000, 2, 16.260641, 2344451.882542, 2344451.882542
Z3, 26, 11, 4K, 373248.000000, 0.160029, 2332377.256622, 2332800.000000, 1.000000, 2, 16.260641, 2400741.962583, 2400741.962583
Z3, 27, 11, 4K, 513952.000000, 0.166159, 3093133.685205, 3096096.000000, 1.000000, 2, 16.260641, 2552893.248300, 2552893.248300
Z3, 28, 11, 4K, 265808.000000, 0.088211, 3013320.334199, 3020544.000000, 1.000000, 2, 16.260641, 2536930.578098, 2536930.578098
Z3, 29, 11, 4K, 144872.000000, 0.059292, 2443365.040815, 2455456.000000, 1.000000, 2, 16.260641, 2422939.519422, 2422939.519422
Z3, 30, 11, 4K, 96736.000000, 0.059217, 1633584.950268, 1639592.000000, 1.000000, 2, 16.260641, 2260983.501312, 2260983.501312
Z3, 31, 11, 4K, 102392.000000, 0.045339, 2258364.763228, 2275376.000000, 1.000000, 2, 16.260641, 2385939.463904, 2385939.463904
Z3, 32, 11, 4K, 91552.000000, 0.286588, 319455.106285, 320104.000000, 1.000000, 2, 16.260641, 1998157.532516, 1998157.532516
Z3, 33, 11, 4K, 101968.000000, 0.021436, 4756857.622691, 4855616.000000, 1.000000, 2, 16.260641, 2885638.035797, 2885638.035797
Z3, 34, 11, 4K, 107392.000000, 0.062389, 1721329.080447, 1732128.000000, 1.000000, 2, 16.260641, 2278532.327348, 2278532.327348
Z3, 35, 11, 4K, 80560.000000, 0.036281, 2220445.963452, 2237776.000000, 1.000000, 2, 16.260641, 2378355.703949, 2378355.703949
Z3, 36, 11, 4K, 93112.000000, 0.033164, 2807622.723435, 2821568.000000, 1.000000, 2, 16.260641, 2495791.055946, 2495791.055946
Z3, 37, 11, 4K, 90024.000000, 0.029478, 3053938.530429, 3104272.000000, 1.000000, 2, 16.260641, 2545054.217344, 2545054.217344
Z3, 38, 11, 4K, 76112.000000, 0.017102, 4450473.628815, 4477176.000000, 1.000000, 2, 16.260641, 2824361.237022, 2824361.237022
Z1, 0, 12, 4K, 11424.000000, 1.030853, 11082.084449, 11088.000000, 1.000000, 2, 18.763270, 2463403.265836, 2463403.265836
Z2, 0, 12, 4K, 11880.000000, 0.047310, 251109.701966, 252760.000000, 1.000000, 2, 18.763270, 2511408.789340, 2511408.789340
Z2, 1, 12, 4K, 11144.000000, 0.000874, 12750572.082380, 11144000.000000, 1.000000, 2, 18.763270, 5011301.265423, 5011301.265423
Z2, 2, 12, 4K, 195408.000000, 0.016037, 12184822.597743, 12213000.000000, 1.000000, 2, 18.763270, 4898151.368495, 4898151.368495
Z2, 3, 12, 4K, 141952.000000, 0.036288, 3911816.578483, 3943104.000000, 1.000000, 2, 18.763270, 3243550.164643, 3243550.164643
Z2, 4, 12, 4K, 115864.000000, 0.035868, 3230288.836846, 3310400.000000, 1.000000, 2, 18.763270, 3107244.616316, 3107244.616316
Z2, 5, 12, 4K, 121920.000000, 0.219104, 556448.079451, 556712.000000, 1.000000, 2, 18.763270, 2572476.464837, 2572476.464837
Z2, 6, 12, 4K, 90808.000000, 0.020418, 4447448.329905, 4540400.000000, 1.000000, 2, 18.763270, 3350676.514928, 3350676.514928
Z2, 7, 12, 4K, 97728.000000, 0.004242, 23038189.533239, 24432000.000000, 1.000000, 2, 18.763270, 7068824.755595, 7068824.755595
Z3, 0, 12, 4K, 6624.000000, 0.024337, 272178.164934, 276000.000000, 1.000000, 2, 18.763270, 2515622.481934, 2515622.481934
Z3, 1, 12, 4K, 20480.000000, 0.003027, 6765774.694417, 6826664.000000, 1.000000, 2, 18.763270, 3814341.787830, 3814341.787830
Z3, 2, 12, 4K, 19496.000000, 0.008652, 2253351.826167, 2437000.000000, 1.000000, 2, 18.763270, 2911857.214180, 2911857.214180
Z3, 3, 12, 4K, 41600.000000, 0.001039, 40038498.556304, 41600000.000000, 1.000000, 2, 18.763270, 10468886.560208, 10468886.560208
Z3, 4, 12, 4K, 26232.000000, 0.009191, 2854096.398651, 2914664.000000, 1.000000, 2, 18.763270, 3032006.128677, 3032006.128677
Z3, 5, 12, 4K, 35912.000000, 0.014691, 2444489.823702, 2565136.000000, 1.000000, 2, 18.763270, 2950084.813687, 2950084.813687
Z3, 6, 12, 4K, 31912.000000, 0.000943, 33840933.191941, 31912000.000000, 1.000000, 2, 18.763270, 9229373.487335, 9229373.487335
Z3, 7, 12, 4K, 19240.000000, 0.013914, 1382779.933880, 1480000.000000, 1.000000, 2, 18.763270, 2737742.835723, 2737742.835723
Z3, 8, 12, 4K, 15136.000000, 0.001041, 14539865.513929, 15136000.000000, 1.000000, 2, 18.763270, 5369159.951733, 5369159.951733
Z3, 9, 12, 4K, 12184.000000, 0.007214, 1688938.175769, 1740568.000000, 1.000000, 2, 18.763270, 2798974.484101, 2798974.484101
Z3, 10, 12, 4K, 110704.000000, 0.014520, 7624242.424242, 7907424.000000, 1.000000, 2, 18.763270, 3986035.333795, 3986035.333795
Z3, 11, 12, 4K, 129784.000000, 0.026764, 4849200.418473, 4991688.000000, 1.000000, 2, 18.763270, 3431026.932641, 3431026.932641
Z3, 12, 12, 4K, 166568.000000, 0.037272, 4468984.760678, 4501832.000000, 1.000000, 2, 18.763270, 3354983.801082, 3354983.801082
Z3, 13, 12, 4K, 122960.000000, 0.023721, 5183592.597277, 5346080.000000, 1.000000, 2, 18.763270, 3497905.368402, 3497905.368402
Z3, 14, 12, 4K, 171640.000000, 0.045769, 3750136.555310, 3814216.000000, 1.000000, 2, 18.763270, 3211214.160009, 3211214.160009
Z3, 15, 12, 4K, 164560.000000, 0.030151, 5457862.094126, 5485328.000000, 1.000000, 2, 18.763270, 3552759.267772, 3552759.267772
Z3, 16, 12, 4K, 200832.000000, 0.108987, 1842715.186215, 1859552.000000, 1.000000, 2, 18.763270, 2829729.886190, 2829729.886190
Z3, 17, 12, 4K, 163440.000000, 0.015656, 10439448.134900, 10896000.000000, 1.000000, 2, 18.763270, 4549076.475927, 4549076.475927
Z3, 18, 12, 4K, 104480.000000, 0.013049, 8006743.811786, 8036920.000000, 1.000000, 2, 18.763270, 4062535.611304, 4062535.611304
Z3, 19, 12, 4K, 214760.000000, 0.073434, 2924530.871259, 2941912.000000, 1.000000, 2, 18.763270, 3046093.023199, 3046093.023199
Z3, 20, 12, 4K, 248576.000000, 0.021759, 11424054.414265, 11836952.000000, 1.000000, 2, 18.763270, 4745997.731800, 4745997.731800
Z3, 21, 12, 4K, 345040.000000, 0.070025, 4927383.077472, 4929136.000000, 1.000000, 2, 18.763270, 3446663.464441, 3446663.464441
Z3, 22, 12, 4K, 295296.000000, 0.317973, 928682.623996, 931528.000000, 1.000000, 2, 18.763270, 2646923.373746, 2646923.373746
Z3, 23, 12, 4K, 385520.000000, 0.133716, 2883125.430016, 2898640.000000, 1.000000, 2, 18.763270, 3037811.934950, 3037811.934950
Z3, 24, 12, 4K, 219952.000000, 0.043131, 5099626.718601, 5115160.000000, 1.000000, 2, 18.763270, 3481112.192667, 3481112.192667
Z3, 25, 12, 4K, 323240.000000, 0.118845, 2719845.176490, 2739320.000000, 1.000000, 2, 18.763270, 3005155.884245, 3005155.884245
Z3, 26, 12, 4K, 481656.000000, 0.138250, 3483949.367089, 3490256.000000, 1.000000, 2, 18.763270, 3157976.722365, 3157976.722365
Z3, 27, 12, 4K, 552784.000000, 0.183395, 3014171.596827, 3020672.000000, 1.000000, 2, 18.763270, 3064021.168312, 3064021.168312
Z3, 28, 12, 4K, 439328.000000, 0.135700, 3237494.473102, 3254280.000000, 1.000000, 2, 18.763270, 3108685.743567, 3108685.743567
Z3, 29, 12, 4K, 256424.000000, 0.065958, 3887686.103278, 3944984.000000, 1.000000, 2, 18.763270, 3238724.069602, 3238724.069602
Z3, 30, 12, 4K, 177168.000000, 0.058870, 3009478.511976, 3054616.000000, 1.000000, 2, 18.763270, 3063082.551342, 3063082.551342
Z3, 31, 12, 4K, 80536.000000, 0.043439, 1854002.163954, 1872928.000000, 1.000000, 2, 18.763270, 2831987.281738, 2831987.281738
Z3, 32, 12, 4K, 78928.000000, 0.035177, 2243738.806607, 2255080.000000, 1.000000, 2, 18.763270, 2909934.610268, 2909934.610268
Z3, 33, 12, 4K, 90936.000000, 0.028178, 3227198.523671, 3247712.000000, 1.000000, 2, 18.763270, 3106626.553681, 3106626.553681
Z3, 34, 12, 4K, 108688.000000, 0.078015, 1393167.980517, 1393432.000000, 1.000000, 2, 18.763270, 2739820.445050, 2739820.445050
Z3, 35, 12, 4K, 106656.000000, 0.022361, 4769733.017307, 4848000.000000, 1.000000, 2, 18.763270, 3415133.452408, 3415133.452408
Z3, 36, 12, 4K, 105120.000000, 0.071046, 1479604.763111, 1480560.000000, 1.000000, 2, 18.763270, 2757107.801569, 2757107.801569
Z3, 37, 12, 4K, 114168.000000, 0.049595, 2302006.250630, 2329952.000000, 1.000000, 2, 18.763270, 2921588.099073, 2921588.099073
Z3, 38, 12, 4K, 172408.000000, 0.055856, 3086651.389287, 3134688.000000, 1.000000, 2, 18.763270, 3078517.126804, 3078517.126804
Z1, 0, 13, 4K, 12072.000000, 0.241635, 49959.649885, 50088.000000, 1.000000, 2, 22.325399, 2706663.607259, 2706663.607259
Z2, 0, 13, 4K, 6624.000000, 0.021688, 305422.353375, 315424.000000, 1.000000, 2, 22.325399, 2757756.147957, 2757756.147957
Z2, 1, 13, 4K, 14096.000000, 0.000860, 16390697.674419, 14096000.000000, 1.000000, 2, 22.325399, 5974811.212165, 5974811.212165
Z2, 2, 13, 4K, 11568.000000, 0.000905, 12782320.441989, 11568000.000000, 1.000000, 2, 22.325399, 5253135.765679, 5253135.765679
Z2, 3, 13, 4K, 265632.000000, 0.020142, 13187965.445338, 13281600.000000, 1.000000, 2, 22.325399, 5334264.766349, 5334264.766349
Z2, 4, 13, 4K, 231376.000000, 0.065165, 3550617.662856, 3559624.000000, 1.000000, 2, 22.325399, 3406795.209853, 3406795.209853
Z2, 5, 13, 4K, 217208.000000, 0.041572, 5224862.888483, 5297752.000000, 1.000000, 2, 22.325399, 3741644.254978, 3741644.254978
Z2, 6, 13, 4K, 162672.000000, 0.062846, 2588422.493078, 2623736.000000, 1.000000, 2, 22.325399, 3214356.175897, 3214356.175897
Z2, 7, 13, 4K, 176832.000000, 0.067460, 2621286.688408, 2639280.000000, 1.000000, 2, 22.325399, 3220929.014963, 3220929.014963
Z3, 0, 13, 4K, 18240.000000, 0.057096, 319461.958806, 320000.000000, 1.000000, 2, 22.325399, 2760564.069043, 2760564.069043
Z3, 1, 13, 4K, 19120.000000, 0.000883, 21653454.133635, 19120000.000000, 1.000000, 2, 22.325399, 7027362.504009, 7027362.504009
Z3, 2, 13, 4K, 17576.000000, 0.000972, 18082304.526749, 17576000.000000, 1.000000, 2, 22.325399, 6313132.582631, 6313132.582631
Z3, 3, 13, 4K, 13752.000000, 0.021268, 646605.228512, 654856.000000, 1.000000, 2, 22.325399, 2825992.722984, 2825992.722984
Z3, 4, 13, 4K, 20424.000000, 0.000886, 23051918.735892, 20424000.000000, 1.000000, 2, 22.325399, 7307055.424460, 7307055.424460
Z3, 5, 13, 4K, 31888.000000, 0.020605, 1547585.537491, 1594400.000000, 1.000000, 2, 22.325399, 3006188.784780, 3006188.784780
Z3, 6, 13, 4K, 34824.000000, 0.000950, 36656842.105263, 34824000.000000, 1.000000, 2, 22.325399, 10028040.098334, 10028040.098334
Z3, 7, 13, 4K, 27304.000000, 0.013974, 1953914.412480, 2100304.000000, 1.000000, 2, 22.325399, 3087454.559778, 3087454.559778
Z3, 8, 13, 4K, 24832.000000, 0.025934, 957507.519087, 993280.000000, 1.000000, 2, 22.325399, 2888173.181099, 2888173.181099
Z3, 9, 13, 4K, 102416.000000, 0.025223, 4060421.044285, 4096640.000000, 1.000000, 2, 22.325399, 3508755.886139, 3508755.886139
Z3, 10, 13, 4K, 123344.000000, 0.286418, 430643.325489, 431272.000000, 1.000000, 2, 22.325399, 2782800.342380, 2782800.342380
Z3, 11, 13, 4K, 125056.000000, 0.029076, 4301004.264686, 4312272.000000, 1.000000, 2, 22.325399, 3556872.530219, 3556872.530219
Z3, 12, 13, 4K, 117608.000000, 0.022874, 5141558.100901, 5345816.000000, 1.000000, 2, 22.325399, 3724983.297462, 3724983.297462
Z3, 13, 13, 4K, 166128.000000, 0.062968, 2638292.466014, 2679480.000000, 1.000000, 2, 22.325399, 3224330.170485, 3224330.170485
Z3, 14, 13, 4K, 184040.000000, 0.014741, 12484906.044366, 13145712.000000, 1.000000, 2, 22.325399, 5193652.886155, 5193652.886155
Z3, 15, 13, 4K, 326472.000000, 0.068431, 4770820.242288, 4801056.000000, 1.000000, 2, 22.325399, 3650835.725739, 3650835.725739
Z3, 16, 13, 4K, 315832.000000, 0.022660, 13937864.077670, 14356000.000000, 1.000000, 2, 22.325399, 5484244.492816, 5484244.492816
Z3, 17, 13, 4K, 278216.000000, 0.080665, 3449029.938635, 3477696.000000, 1.000000, 2, 22.325399, 3386477.665009, 3386477.665009
Z3, 18, 13, 4K, 183344.000000, 0.072075, 2543794.658342, 2546440.000000, 1.000000, 2, 22.325399, 3205430.608950, 3205430.608950
Z3, 19, 13, 4K, 213632.000000, 0.031181, 6851351.784741, 6891352.000000, 1.000000, 2, 22.325399, 4066942.034230, 4066942.034230
Z3, 20, 13, 4K, 248704.000000, 0.040921, 6077661.836221, 6217600.000000, 1.000000, 2, 22.325399, 3912204.044526, 3912204.044526
Z3, 21, 13, 4K, 291920.000000, 0.023825, 12252675.760756, 12692168.000000, 1.000000, 2, 22.325399, 5147206.829433, 5147206.829433
Z3, 22, 13, 4K, 272896.000000, 0.049278, 5537887.089573, 5569304.000000, 1.000000, 2, 22.325399, 3804249.095196, 3804249.095196
Z3, 23, 13, 4K, 353984.000000, 0.054156, 6536376.394121, 6555256.000000, 1.000000, 2, 22.325399, 4003946.956106, 4003946.956106
Z3, 24, 13, 4K, 187896.000000, 0.029518, 6365471.915441, 6479168.000000, 1.000000, 2, 22.325399, 3969766.060370, 3969766.060370
Z3, 25, 13, 4K, 267712.000000, 0.041861, 6395260.505005, 6529560.000000, 1.000000, 2, 22.325399, 3975723.778283, 3975723.778283
Z3, 26, 13, 4K, 360608.000000, 0.096150, 3750473.218929, 3756328.000000, 1.000000, 2, 22.325399, 3446766.321067, 3446766.321067
Z3, 27, 13, 4K, 316984.000000, 0.076848, 4124817.822194, 4170840.000000, 1.000000, 2, 22.325399, 3521635.241721, 3521635.241721
Z3, 28, 13, 4K, 344104.000000, 0.066492, 5175118.811286, 5213696.000000, 1.000000, 2, 22.325399, 3731695.439539, 3731695.439539
Z3, 29, 13, 4K, 316392.000000, 0.050558, 6258000.712053, 6327840.000000, 1.000000, 2, 22.325399, 3948271.819692, 3948271.819692
Z3, 30, 13, 4K, 94808.000000, 0.020949, 4525657.549286, 4740400.000000, 1.000000, 2, 22.325399, 3601803.187139, 3601803.187139
Z3, 31, 13, 4K, 89856.000000, 0.023947, 3752286.298910, 3906776.000000, 1.000000, 2, 22.325399, 3447128.937064, 3447128.937064
Z3, 32, 13, 4K, 76680.000000, 0.016116, 4758004.467610, 4792496.000000, 1.000000, 2, 22.325399, 3648272.570804, 3648272.570804
Z3, 33, 13, 4K, 75464.000000, 0.039822, 1895032.896389, 1934968.000000, 1.000000, 2, 22.325399, 3075678.256559, 3075678.256559
Z3, 34, 13, 4K, 75568.000000, 0.017670, 4276627.051500, 4445176.000000, 1.000000, 2, 22.325399, 3551997.087582, 3551997.087582
Z3, 35, 13, 4K, 53048.000000, 0.006178, 8586597.604403, 8841328.000000, 1.000000, 2, 22.325399, 4413991.198162, 4413991.198162
Z3, 36, 13, 4K, 71632.000000, 0.019984, 3584467.574059, 3770104.000000, 1.000000, 2, 22.325399, 3413565.192094, 3413565.192094
Z3, 37, 13, 4K, 124120.000000, 0.024231, 5122363.913994, 5171664.000000, 1.000000, 2, 22.325399, 3721144.460081, 3721144.460081
Z3, 38, 13, 4K, 159576.000000, 0.026541, 6012433.593308, 6137536.000000, 1.000000, 2, 22.325399, 3899158.395943, 3899158.395943
Z1, 0, 14, 4K, 36464.000000, 0.046226, 788820.144507, 792688.000000, 1.000000, 2, 24.438449, 3570493.707733, 3570493.707733
Z2, 0, 14, 4K, 6624.000000, 0.028341, 233724.992061, 236568.000000, 1.000000, 2, 24.438449, 3459474.677244, 3459474.677244
Z2, 1, 14, 4K, 65528.000000, 0.016340, 4010281.517748, 4095496.000000, 1.000000, 2, 24.438449, 4214785.982381, 4214785.982381
Z2, 2, 14, 4K, 26120.000000, 0.014157, 1845023.663205, 1865712.000000, 1.000000, 2, 24.438449, 3781734.411473, 3781734.411473
Z2, 3, 14, 4K, 276584.000000, 0.073931, 3741109.953876, 3788816.000000, 1.000000, 2, 24.438449, 4160951.669607, 4160951.669607
Z2, 4, 14, 4K, 310648.000000, 0.058374, 5321684.311509, 5356000.000000, 1.000000, 2, 24.438449, 4477066.541133, 4477066.541133
Z2, 5, 14, 4K, 211048.000000, 0.088113, 2395197.076481, 2398272.000000, 1.000000, 2, 24.438449, 3891769.094128, 3891769.094128
Z2, 6, 14, 4K, 102528.000000, 0.067550, 1517809.030348, 1530264.000000, 1.000000, 2, 24.438449, 3716291.484901, 3716291.484901
Z2, 7, 14, 4K, 101856.000000, 0.023088, 4411642.411642, 4428520.000000, 1.000000, 2, 24.438449, 4295058.161160, 4295058.161160
Z3, 0, 14, 4K, 19944.000000, 0.037107, 537472.714043, 539024.000000, 1.000000, 2, 24.438449, 3520224.221640, 3520224.221640
Z3, 1, 14, 4K, 27688.000000, 0.014375, 1926121.739130, 1977712.000000, 1.000000, 2, 24.438449, 3797954.026657, 3797954.026657
Z3, 2, 14, 4K, 29160.000000, 0.001043, 27957813.998082, 29160000.000000, 1.000000, 2, 24.438449, 9004292.478448, 9004292.478448
Z3, 3, 14, 4K, 17040.000000, 0.001004, 16972111.553785, 17040000.000000, 1.000000, 2, 24.438449, 6807151.989588, 6807151.989588
Z3, 4, 14, 4K, 29288.000000, 0.006187, 4733796.670438, 4881328.000000, 1.000000, 2, 24.438449, 4359489.012919, 4359489.012919
Z3, 5, 14, 4K, 29392.000000, 0.001157, 25403630.077787, 29392000.000000, 1.000000, 2, 24.438449, 8493455.694389, 8493455.694389
Z3, 6, 14, 4K, 19864.000000, 0.000944, 21042372.881356, 19864000.000000, 1.000000, 2, 24.438449, 7621204.255103, 7621204.255103
Z3, 7, 14, 4K, 46568.000000, 0.001054, 44182163.187856, 46568000.000000, 1.000000, 2, 24.438449, 12249162.316403, 12249162.316403
Z3, 8, 14, 4K, 77848.000000, 0.008957, 8691302.891593, 9731000.000000, 1.000000, 2, 24.438449, 5150990.257150, 5150990.257150
Z3, 9, 14, 4K, 121432.000000, 0.044450, 2731878.515186, 2759816.000000, 1.000000, 2, 24.438449, 3959105.381869, 3959105.381869
Z3, 10, 14, 4K, 178104.000000, 0.226426, 786588.112673, 788064.000000, 1.000000, 2, 24.438449, 3570047.301366, 3570047.301366
Z3, 11, 14, 4K, 144672.000000, 0.280718, 515364.173298, 516680.000000, 1.000000, 2, 24.438449, 3515802.513491, 3515802.513491
Z3, 12, 14, 4K, 153792.000000, 0.264600, 581224.489796, 582544.000000, 1.000000, 2, 24.438449, 3528974.576791, 3528974.576791
Z3, 13, 14, 4K, 193616.000000, 0.051794, 3738193.613160, 3796392.000000, 1.000000, 2, 24.438449, 4160368.401463, 4160368.401463
Z3, 14, 14, 4K, 215184.000000, 0.108276, 1987365.621190, 1992440.000000, 1.000000, 2, 24.438449, 3810202.803069, 3810202.803069
Z3, 15, 14, 4K, 391928.000000, 0.137016, 2860454.253518, 2860784.000000, 1.000000, 2, 24.438449, 3984820.529535, 3984820.529535
Z3, 16, 14, 4K, 320024.000000, 0.097249, 3290769.056751, 3299216.000000, 1.000000, 2, 24.438449, 4070883.490182, 4070883.490182
Z3, 17, 14, 4K, 268840.000000, 0.036484, 7368709.571319, 7467776.000000, 1.000000, 2, 24.438449, 4886471.593095, 4886471.593095
Z3, 18, 14, 4K, 275832.000000, 0.090175, 3058852.231772, 3064800.000000, 1.000000, 2, 24.438449, 4024500.125186, 4024500.125186
Z3, 19, 14, 4K, 163384.000000, 0.030656, 5329592.901879, 5446128.000000, 1.000000, 2, 24.438449, 4478648.259207, 4478648.259207
Z3, 20, 14, 4K, 193688.000000, 0.117624, 1646670.747467, 1655448.000000, 1.000000, 2, 24.438449, 3742063.828325, 3742063.828325
Z3, 21, 14, 4K, 225432.000000, 0.089977, 2505440.279182, 2532936.000000, 1.000000, 2, 24.438449, 3913817.734668, 3913817.734668
Z3, 22, 14, 4K, 248896.000000, 0.076866, 3238050.633570, 3274944.000000, 1.000000, 2, 24.438449, 4060339.805545, 4060339.805545
Z3, 23, 14, 4K, 266808.000000, 0.087374, 3053631.515096, 3066752.000000, 1.000000, 2, 24.438449, 4023455.981851, 4023455.981851
Z3, 24, 14, 4K, 164848.000000, 0.030879, 5338514.848279, 5494928.000000, 1.000000, 2, 24.438449, 4480432.648487, 4480432.648487
Z3, 25, 14, 4K, 188952.000000, 0.054682, 3455469.807249, 3499104.000000, 1.000000, 2, 24.438449, 4103823.640281, 4103823.640281
Z3, 26, 14, 4K, 335320.000000, 0.062923, 5329052.969502, 5408384.000000, 1.000000, 2, 24.438449, 4478540.272732, 4478540.272732
Z3, 27, 14, 4K, 365224.000000, 0.062966, 5800336.689642, 5890704.000000, 1.000000, 2, 24.438449, 4572797.016760, 4572797.016760
Z3, 28, 14, 4K, 392736.000000, 0.074084, 5301225.635765, 5307240.000000, 1.000000, 2, 24.438449, 4472974.805984, 4472974.805984
Z3, 29, 14, 4K, 324128.000000, 0.105057, 3085258.478731, 3086928.000000, 1.000000, 2, 24.438449, 4029781.374578, 4029781.374578
Z3, 30, 14, 4K, 37424.000000, 0.017056, 2194183.864916, 2201408.000000, 1.000000, 2, 24.438449, 3851566.451815, 3851566.451815
Z3, 31, 14, 4K, 36240.000000, 0.006166, 5877392.150503, 6040000.000000, 1.000000, 2, 24.438449, 4588208.108932, 4588208.108932
Z3, 32, 14, 4K, 32904.000000, 0.005676, 5797040.169133, 6580800.000000, 1.000000, 2, 24.438449, 4572137.712658, 4572137.712658
Z3, 33, 14, 4K, 33208.000000, 0.020646, 1608447.156834, 1660400.000000, 1.000000, 2, 24.438449, 3734419.110198, 3734419.110198
Z3, 34, 14, 4K, 27104.000000, 0.001680, 16133333.333333, 27104000.000000, 1.000000, 2, 24.438449, 6639396.345498, 6639396.345498
Z3, 35, 14, 4K, 27712.000000, 0.004390, 6312528.473804, 6928000.000000, 1.000000, 2, 24.438449, 4675235.373592, 4675235.373592
Z3, 36, 14, 4K, 69480.000000, 0.016539, 4200979.502993, 4342496.000000, 1.000000, 2, 24.438449, 4252925.579430, 4252925.579430
Z3, 37, 14, 4K, 104904.000000, 0.021819, 4807919.703011, 4995424.000000, 1.000000, 2, 24.438449, 4374313.619434, 4374313.619434
Z3, 38, 14, 4K, 111104.000000, 0.007417, 14979641.364433, 15872000.000000, 1.000000, 2, 24.438449, 6408657.951718, 6408657.951718
Z1, 0, 15, 4K, 97816.000000, 0.063705, 1535452.476258, 1552632.000000, 1.000000, 2, 27.165497, 6012930.490420, 6012930.490420
Z2, 0, 15, 4K, 6624.000000, 0.064647, 102464.151469, 103496.000000, 1.000000, 2, 27.165497, 5726332.825462, 5726332.825462
Z2, 1, 15, 4K, 92296.000000, 0.002372, 38910623.946037, 46148000.000000, 1.000000, 2, 27.165497, 13487964.784376, 13487964.784376
Z2, 2, 15, 4K, 40600.000000, 0.001176, 34523809.523810, 40600000.000000, 1.000000, 2, 27.165497, 12610601.899931, 12610601.899931
Z2, 3, 15, 4K, 232152.000000, 0.048319, 4804569.630994, 4836496.000000, 1.000000, 2, 27.165497, 6666753.921368, 6666753.921368
Z2, 4, 15, 4K, 278440.000000, 0.295240, 943097.141309, 943864.000000, 1.000000, 2, 27.165497, 5894459.423430, 5894459.423430
Z2, 5, 15, 4K, 207528.000000, 0.034491, 6016873.967122, 6103760.000000, 1.000000, 2, 27.165497, 6909214.788593, 6909214.788593
Z2, 6, 15, 4K, 78136.000000, 0.024208, 3227693.324521, 3255664.000000, 1.000000, 2, 27.165497, 6351378.660073, 6351378.660073
Z2, 7, 15, 4K, 85200.000000, 0.013228, 6440882.975507, 6553840.000000, 1.000000, 2, 27.165497, 6994016.590270, 6994016.590270
Z3, 0, 15, 4K, 12608.000000, 0.053111, 237389.617970, 237880.000000, 1.000000, 2, 27.165497, 5753317.918763, 5753317.918763
Z3, 1, 15, 4K, 14232.000000, 0.006451, 2206169.586111, 2372000.000000, 1.000000, 2, 27.165497, 6147073.912391, 6147073.912391
Z3, 2, 15, 4K, 18288.000000, 0.001011, 18089020.771513, 18288000.000000, 1.000000, 2, 27.165497, 9323644.149471, 9323644.149471
Z3, 3, 15, 4K, 17960.000000, 0.016746, 1072494.924161, 1122496.000000, 1.000000, 2, 27.165497, 5920338.980001, 5920338.980001
Z3, 4, 15, 4K, 30136.000000, 0.019343, 1557979.630874, 1586104.000000, 1.000000, 2, 27.165497, 6017435.921344, 6017435.921344
Z3, 5, 15, 4K, 38832.000000, 0.001158, 33533678.756477, 38832000.000000, 1.000000, 2, 27.165497, 12412575.746464, 12412575.746464
Z3, 6, 15, 4K, 80120.000000, 0.025209, 3178229.997223, 3204800.000000, 1.000000, 2, 27.165497, 6341485.994613, 6341485.994613
Z3, 7, 15, 4K, 115624.000000, 0.024063, 4805053.401488, 4817664.000000, 1.000000, 2, 27.165497, 6666850.675466, 6666850.675466
Z3, 8, 15, 4K, 91976.000000, 0.035233, 2610507.194959, 2627880.000000, 1.000000, 2, 27.165497, 6227941.434161, 6227941.434161
Z3, 9, 15, 4K, 131496.000000, 0.021623, 6081302.316977, 6261712.000000, 1.000000, 2, 27.165497, 6922100.458564, 6922100.458564
Z3, 10, 15, 4K, 151608.000000, 0.025852, 5864459.229460, 6064320.000000, 1.000000, 2, 27.165497, 6878731.841061, 6878731.841061
Z3, 11, 15, 4K, 133200.000000, 0.240255, 554410.938378, 555000.000000, 1.000000, 2, 27.165497, 5816722.182844, 5816722.182844
Z3, 12, 15, 4K, 197848.000000, 0.274299, 721285.896048, 722072.000000, 1.000000, 2, 27.165497, 5850097.174378, 5850097.174378
Z3, 13, 15, 4K, 216432.000000, 0.045059, 4803302.336936, 4809600.000000, 1.000000, 2, 27.165497, 6666500.462556, 6666500.462556
Z3, 14, 15, 4K, 250032.000000, 0.051398, 4864625.082688, 4902584.000000, 1.000000, 2, 27.165497, 6678765.011706, 6678765.011706
Z3, 15, 15, 4K, 238656.000000, 0.059419, 4016493.040946, 4045016.000000, 1.000000, 2, 27.165497, 6509138.603358, 6509138.603358
Z3, 16, 15, 4K, 165160.000000, 0.083417, 1979932.148123, 1989872.000000, 1.000000, 2, 27.165497, 6101826.424793, 6101826.424793
Z3, 17, 15, 4K, 167848.000000, 0.056257, 2983593.152852, 2997280.000000, 1.000000, 2, 27.165497, 6302558.625739, 6302558.625739
Z3, 18, 15, 4K, 255400.000000, 0.066282, 3853233.155306, 3869696.000000, 1.000000, 2, 27.165497, 6476486.626230, 6476486.626230
Z3, 19, 15, 4K, 132104.000000, 0.033350, 3961139.430285, 4003144.000000, 1.000000, 2, 27.165497, 6498067.881226, 6498067.881226
Z3, 20, 15, 4K, 143824.000000, 0.027346, 5259416.368025, 5326808.000000, 1.000000, 2, 27.165497, 6757723.268774, 6757723.268774
Z3, 21, 15, 4K, 175072.000000, 0.038161, 4587720.447577, 4607152.000000, 1.000000, 2, 27.165497, 6623384.084684, 6623384.084684
Z3, 22, 15, 4K, 170296.000000, 0.068943, 2470098.487156, 2504352.000000, 1.000000, 2, 27.165497, 6199859.692600, 6199859.692600
Z3, 23, 15, 4K, 193376.000000, 0.038939, 4966126.505560, 5088840.000000, 1.000000, 2, 27.165497, 6699065.296281, 6699065.296281
Z3, 24, 15, 4K, 150872.000000, 0.032653, 4620463.663369, 4714744.000000, 1.000000, 2, 27.165497, 6629932.727843, 6629932.727843
Z3, 25, 15, 4K, 172416.000000, 0.035561, 4848457.579933, 4926168.000000, 1.000000, 2, 27.165497, 6675531.511155, 6675531.511155
Z3, 26, 15, 4K, 210512.000000, 0.081639, 2578571.516065, 2598912.000000, 1.000000, 2, 27.165497, 6221554.298382, 6221554.298382
Z3, 27, 15, 4K, 202256.000000, 0.071298, 2836769.614856, 2848672.000000, 1.000000, 2, 27.165497, 6273193.918140, 6273193.918140
Z3, 28, 15, 4K, 249784.000000, 0.060416, 4134401.483051, 4163064.000000, 1.000000, 2, 27.165497, 6532720.291779, 6532720.291779
Z3, 29, 15, 4K, 288648.000000, 0.042443, 6800838.772000, 6872568.000000, 1.000000, 2, 27.165497, 7066007.749569, 7066007.749569
Z3, 30, 15, 4K, 46288.000000, 0.009770, 4737768.679632, 5143104.000000, 1.000000, 2, 27.165497, 6653393.731095, 6653393.731095
Z3, 31, 15, 4K, 38120.000000, 0.022752, 1675457.102672, 1732720.000000, 1.000000, 2, 27.165497, 6040931.415703, 6040931.415703
Z3, 32, 15, 4K, 29864.000000, 0.000971, 30755921.730175, 29864000.000000, 1.000000, 2, 27.165497, 11857024.341204, 11857024.341204
Z3, 33, 15, 4K, 29864.000000, 0.014508, 2058450.510063, 2133136.000000, 1.000000, 2, 27.165497, 6117530.097181, 6117530.097181
Z3, 34, 15, 4K, 42832.000000, 0.017368, 2466144.633809, 2519528.000000, 1.000000, 2, 27.165497, 6199068.921931, 6199068.921931
Z3, 35, 15, 4K, 53400.000000, 0.018568, 2875915.553641, 2966664.000000, 1.000000, 2, 27.165497, 6281023.105897, 6281023.105897
Z3, 36, 15, 4K, 54248.000000, 0.021406, 2534242.735682, 2583232.000000, 1.000000, 2, 27.165497, 6212688.542305, 6212688.542305
Z3, 37, 15, 4K, 56416.000000, 0.016080, 3508457.711443, 3526000.000000, 1.000000, 2, 27.165497, 6407531.537457, 6407531.537457
Z3, 38, 15, 4K, 63392.000000, 0.011711, 5413030.484160, 5762904.000000, 1.000000, 2, 27.165497, 6788446.092001, 6788446.092001
