Zone, Tile_no, Seg_no, Reso, Seg_d_size, Seg_d_time, Bitrate, Bitrate1, Buf_lev, Buf_limit, Elapsed, Ref_vp, Local_avg
Z1, 0, 1, 720, 9960.000000, 0.485614, 20510.117089, 20536.000000, 1.000000, 2, 0.000060, 20510.117089, 20510.117089
Z2, 0, 1, 720, 8952.000000, 0.469730, 19057.756584, 19080.000000, 1.000000, 2, 0.000060, 9528.878292, 9528.878292
Z2, 1, 1, 720, 5424.000000, 0.159703, 33963.043900, 34112.000000, 1.000000, 2, 0.000060, 11321.014633, 11321.014633
Z2, 2, 1, 720, 7080.000000, 0.137449, 51510.014624, 51672.000000, 1.000000, 2, 0.000060, 12877.503656, 12877.503656
Z2, 3, 1, 720, 18976.000000, 0.135356, 140193.268123, 140560.000000, 1.000000, 2, 0.000060, 28038.653625, 28038.653625
Z2, 4, 1, 720, 8720.000000, 0.137210, 63552.219226, 63648.000000, 1.000000, 2, 0.000060, 12710.443845, 12710.443845
Z2, 5, 1, 720, 8336.000000, 0.161941, 51475.537387, 51776.000000, 1.000000, 2, 0.000060, 10295.107477, 10295.107477
Z2, 6, 1, 720, 6376.000000, 0.146246, 43597.773614, 43664.000000, 1.000000, 2, 0.000060, 8719.554723, 8719.554723
Z2, 7, 1, 720, 6872.000000, 0.174143, 39461.821606, 39488.000000, 1.000000, 2, 0.000060, 7892.364321, 7892.364321
Z3, 0, 1, 720, 7080.000000, 0.485021, 14597.306096, 14592.000000, 1.000000, 2, 0.000060, 2919.461219, 2919.461219
Z3, 1, 1, 720, 7080.000000, 0.131458, 53857.505819, 54040.000000, 1.000000, 2, 0.000060, 10771.501164, 10771.501164
Z3, 2, 1, 720, 5664.000000, 0.167901, 33734.164776, 33912.000000, 1.000000, 2, 0.000060, 6746.832955, 6746.832955
Z3, 3, 1, 720, 7080.000000, 0.136194, 51984.668928, 52056.000000, 1.000000, 2, 0.000060, 10396.933786, 10396.933786
Z3, 4, 1, 720, 7080.000000, 0.168838, 41933.687914, 42136.000000, 1.000000, 2, 0.000060, 8386.737583, 8386.737583
Z3, 5, 1, 720, 5664.000000, 0.148516, 38137.305072, 38264.000000, 1.000000, 2, 0.000060, 7627.461014, 7627.461014
Z3, 6, 1, 720, 7080.000000, 0.144813, 48890.638271, 49160.000000, 1.000000, 2, 0.000060, 9778.127654, 9778.127654
Z3, 7, 1, 720, 7080.000000, 0.163513, 43299.309535, 43432.000000, 1.000000, 2, 0.000060, 8659.861907, 8659.861907
Z3, 8, 1, 720, 5664.000000, 0.155076, 36524.026929, 36536.000000, 1.000000, 2, 0.000060, 7304.805386, 7304.805386
Z3, 9, 1, 720, 7080.000000, 0.134583, 52606.941441, 52832.000000, 1.000000, 2, 0.000060, 10521.388288, 10521.388288
Z3, 10, 1, 720, 12904.000000, 0.170962, 75478.761362, 75904.000000, 1.000000, 2, 0.000060, 15095.752272, 15095.752272
Z3, 11, 1, 720, 17344.000000, 0.161607, 107322.083821, 107720.000000, 1.000000, 2, 0.000060, 21464.416764, 21464.416764
Z3, 12, 1, 720, 16912.000000, 0.152633, 110801.727018, 111256.000000, 1.000000, 2, 0.000060, 22160.345404, 22160.345404
Z3, 13, 1, 720, 13240.000000, 0.157391, 84121.709628, 84328.000000, 1.000000, 2, 0.000060, 16824.341926, 16824.341926
Z3, 14, 1, 720, 28328.000000, 0.150522, 188198.402891, 188848.000000, 1.000000, 2, 0.000060, 37639.680578, 37639.680578
Z3, 15, 1, 720, 30528.000000, 0.164564, 185508.373642, 186144.000000, 1.000000, 2, 0.000060, 37101.674728, 37101.674728
Z3, 16, 1, 720, 16360.000000, 0.167903, 97437.210771, 97960.000000, 1.000000, 2, 0.000060, 19487.442154, 19487.442154
Z3, 17, 1, 720, 33216.000000, 0.146834, 226214.636937, 227504.000000, 1.000000, 2, 0.000060, 45242.927387, 45242.927387
Z3, 18, 1, 720, 28000.000000, 0.174409, 160542.173856, 160912.000000, 1.000000, 2, 0.000060, 32108.434771, 32108.434771
Z3, 19, 1, 720, 15744.000000, 0.175682, 89616.466115, 89960.000000, 1.000000, 2, 0.000060, 17923.293223, 17923.293223
Z3, 20, 1, 720, 16024.000000, 0.172767, 92749.194001, 93160.000000, 1.000000, 2, 0.000060, 18549.838800, 18549.838800
Z3, 21, 1, 720, 11576.000000, 0.162285, 71331.299874, 71456.000000, 1.000000, 2, 0.000060, 14266.259975, 14266.259975
Z3, 22, 1, 720, 10816.000000, 0.156106, 69286.254212, 69328.000000, 1.000000, 2, 0.000060, 13857.250842, 13857.250842
Z3, 23, 1, 720, 13224.000000, 0.135990, 97242.444297, 97952.000000, 1.000000, 2, 0.000060, 19448.488859, 19448.488859
Z3, 24, 1, 720, 17528.000000, 0.145171, 120740.368255, 120880.000000, 1.000000, 2, 0.000060, 24148.073651, 24148.073651
Z3, 25, 1, 720, 23824.000000, 0.161218, 147775.062338, 147968.000000, 1.000000, 2, 0.000060, 29555.012468, 29555.012468
Z3, 26, 1, 720, 11024.000000, 0.165795, 66491.751862, 66808.000000, 1.000000, 2, 0.000060, 13298.350372, 13298.350372
Z3, 27, 1, 720, 15112.000000, 0.134516, 112343.513039, 112776.000000, 1.000000, 2, 0.000060, 22468.702608, 22468.702608
Z3, 28, 1, 720, 24552.000000, 0.163404, 150253.359771, 150624.000000, 1.000000, 2, 0.000060, 30050.671954, 30050.671954
Z3, 29, 1, 720, 10824.000000, 0.126855, 85325.765638, 85904.000000, 1.000000, 2, 0.000060, 17065.153128, 17065.153128
Z3, 30, 1, 720, 6872.000000, 0.145888, 47104.628208, 47392.000000, 1.000000, 2, 0.000060, 9420.925642, 9420.925642
Z3, 31, 1, 720, 6872.000000, 0.166361, 41307.758429, 41392.000000, 1.000000, 2, 0.000060, 8261.551686, 8261.551686
Z3, 32, 1, 720, 6376.000000, 0.141114, 45183.326956, 45216.000000, 1.000000, 2, 0.000060, 9036.665391, 9036.665391
Z3, 33, 1, 720, 6872.000000, 0.130565, 52632.788266, 52856.000000, 1.000000, 2, 0.000060, 10526.557653, 10526.557653
Z3, 34, 1, 720, 6872.000000, 0.131794, 52141.979149, 52456.000000, 1.000000, 2, 0.000060, 10428.395830, 10428.395830
Z3, 35, 1, 720, 6376.000000, 0.133757, 47668.533236, 47936.000000, 1.000000, 2, 0.000060, 9533.706647, 9533.706647
Z3, 36, 1, 720, 6872.000000, 0.150883, 45545.223783, 45808.000000, 1.000000, 2, 0.000060, 9109.044757, 9109.044757
Z3, 37, 1, 720, 6872.000000, 0.153078, 44892.146487, 44912.000000, 1.000000, 2, 0.000060, 8978.429297, 8978.429297
Z3, 38, 1, 720, 6376.000000, 0.159182, 40054.780063, 40096.000000, 1.000000, 2, 0.000060, 8010.956013, 8010.956013
Z1, 0, 2, 720, 15344.000000, 0.528569, 29029.322567, 29056.000000, 1.000000, 2, 8.309360, 13816.820526, 13816.820526
Z2, 0, 2, 720, 6624.000000, 0.467402, 14171.954763, 14184.000000, 1.000000, 2, 8.309360, 10845.346965, 10845.346965
Z2, 1, 2, 720, 5664.000000, 0.152871, 37050.846792, 37256.000000, 1.000000, 2, 8.309360, 15421.125371, 15421.125371
Z2, 2, 2, 720, 7080.000000, 0.132564, 53408.165113, 53632.000000, 1.000000, 2, 8.309360, 18692.589035, 18692.589035
Z2, 3, 2, 720, 7080.000000, 0.161740, 43773.958205, 43968.000000, 1.000000, 2, 8.309360, 16765.747654, 16765.747654
Z2, 4, 2, 720, 12128.000000, 0.134309, 90299.235345, 90504.000000, 1.000000, 2, 8.309360, 26070.803082, 26070.803082
Z2, 5, 2, 720, 18392.000000, 0.151202, 121638.602664, 121800.000000, 1.000000, 2, 8.309360, 32338.676545, 32338.676545
Z2, 6, 2, 720, 10632.000000, 0.144031, 73817.442078, 73832.000000, 1.000000, 2, 8.309360, 22774.444428, 22774.444428
Z2, 7, 2, 720, 8048.000000, 0.138458, 58125.929885, 58312.000000, 1.000000, 2, 8.309360, 19636.141990, 19636.141990
Z3, 0, 2, 720, 5424.000000, 0.495356, 10949.700821, 10952.000000, 1.000000, 2, 8.309360, 10200.896177, 10200.896177
Z3, 1, 2, 720, 7080.000000, 0.141272, 50116.088114, 50208.000000, 1.000000, 2, 8.309360, 18034.173635, 18034.173635
Z3, 2, 2, 720, 7080.000000, 0.150638, 47000.092938, 47200.000000, 1.000000, 2, 8.309360, 17410.974600, 17410.974600
Z3, 3, 2, 720, 5664.000000, 0.172036, 32923.341626, 32928.000000, 1.000000, 2, 8.309360, 14595.624338, 14595.624338
Z3, 4, 2, 720, 7080.000000, 0.157732, 44886.262775, 45088.000000, 1.000000, 2, 8.309360, 16988.208568, 16988.208568
Z3, 5, 2, 720, 7080.000000, 0.146406, 48358.673825, 48488.000000, 1.000000, 2, 8.309360, 17682.690778, 17682.690778
Z3, 6, 2, 720, 5664.000000, 0.165173, 34291.318799, 34320.000000, 1.000000, 2, 8.309360, 14869.219772, 14869.219772
Z3, 7, 2, 720, 7080.000000, 0.169302, 41818.761739, 41888.000000, 1.000000, 2, 8.309360, 16374.708360, 16374.708360
Z3, 8, 2, 720, 7080.000000, 0.137460, 51505.892623, 51672.000000, 1.000000, 2, 8.309360, 18312.134537, 18312.134537
Z3, 9, 2, 720, 12648.000000, 0.126733, 99800.367702, 100376.000000, 1.000000, 2, 8.309360, 27971.029553, 27971.029553
Z3, 10, 2, 720, 17112.000000, 0.160053, 106914.584544, 106944.000000, 1.000000, 2, 8.309360, 29393.872921, 29393.872921
Z3, 11, 2, 720, 15320.000000, 0.147398, 103936.281361, 104216.000000, 1.000000, 2, 8.309360, 28798.212285, 28798.212285
Z3, 12, 2, 720, 10704.000000, 0.148650, 72008.072654, 72320.000000, 1.000000, 2, 8.309360, 22412.570543, 22412.570543
Z3, 13, 2, 720, 18776.000000, 0.148898, 126099.746135, 126864.000000, 1.000000, 2, 8.309360, 33230.905240, 33230.905240
Z3, 14, 2, 720, 21848.000000, 0.162916, 134105.919615, 134864.000000, 1.000000, 2, 8.309360, 34832.139936, 34832.139936
Z3, 15, 2, 720, 12752.000000, 0.164883, 77339.689355, 77752.000000, 1.000000, 2, 8.309360, 23478.893884, 23478.893884
Z3, 16, 2, 720, 21856.000000, 0.158940, 137511.010444, 138328.000000, 1.000000, 2, 8.309360, 35513.158101, 35513.158101
Z3, 17, 2, 720, 16880.000000, 0.160002, 105498.681266, 105496.000000, 1.000000, 2, 8.309360, 29110.692266, 29110.692266
Z3, 18, 2, 720, 9160.000000, 0.152531, 60053.366201, 60256.000000, 1.000000, 2, 8.309360, 20021.629253, 20021.629253
Z3, 19, 2, 720, 11592.000000, 0.147023, 78844.806595, 78856.000000, 1.000000, 2, 8.309360, 23779.917332, 23779.917332
Z3, 20, 2, 720, 9952.000000, 0.173102, 57492.114476, 57520.000000, 1.000000, 2, 8.309360, 19509.378908, 19509.378908
Z3, 21, 2, 720, 11064.000000, 0.169118, 65421.776511, 65464.000000, 1.000000, 2, 8.309360, 21095.311315, 21095.311315
Z3, 22, 2, 720, 14728.000000, 0.167639, 87855.451297, 88184.000000, 1.000000, 2, 8.309360, 25582.046272, 25582.046272
Z3, 23, 2, 720, 16264.000000, 0.165926, 98019.599098, 98568.000000, 1.000000, 2, 8.309360, 27614.875832, 27614.875832
Z3, 24, 2, 720, 9504.000000, 0.135020, 70389.571915, 70400.000000, 1.000000, 2, 8.309360, 22088.870396, 22088.870396
Z3, 25, 2, 720, 12688.000000, 0.134404, 94401.952323, 94680.000000, 1.000000, 2, 8.309360, 26891.346477, 26891.346477
Z3, 26, 2, 720, 17320.000000, 0.164406, 105348.953201, 105608.000000, 1.000000, 2, 8.309360, 29080.746653, 29080.746653
Z3, 27, 2, 720, 9320.000000, 0.167281, 55714.635852, 55808.000000, 1.000000, 2, 8.309360, 19153.883183, 19153.883183
Z3, 28, 2, 720, 6376.000000, 0.132818, 48005.541418, 48296.000000, 1.000000, 2, 8.309360, 17612.064296, 17612.064296
Z3, 29, 2, 720, 6872.000000, 0.142589, 48194.461003, 48392.000000, 1.000000, 2, 8.309360, 17649.848213, 17649.848213
Z3, 30, 2, 720, 6872.000000, 0.126906, 54150.315982, 54536.000000, 1.000000, 2, 8.309360, 18841.019209, 18841.019209
Z3, 31, 2, 720, 6376.000000, 0.148094, 43053.736141, 43080.000000, 1.000000, 2, 8.309360, 16621.703241, 16621.703241
Z3, 32, 2, 720, 6872.000000, 0.133671, 51409.804670, 51664.000000, 1.000000, 2, 8.309360, 18292.916947, 18292.916947
Z3, 33, 2, 720, 6872.000000, 0.141900, 48428.470754, 48736.000000, 1.000000, 2, 8.309360, 17696.650163, 17696.650163
Z3, 34, 2, 720, 6376.000000, 0.166324, 38334.816382, 38408.000000, 1.000000, 2, 8.309360, 15677.919289, 15677.919289
Z3, 35, 2, 720, 6872.000000, 0.157707, 43574.476719, 43768.000000, 1.000000, 2, 8.309360, 16725.851357, 16725.851357
Z3, 36, 2, 720, 6872.000000, 0.153941, 44640.479145, 44912.000000, 1.000000, 2, 8.309360, 16939.051842, 16939.051842
Z3, 37, 2, 720, 6376.000000, 0.147192, 43317.571607, 43368.000000, 1.000000, 2, 8.309360, 16674.470334, 16674.470334
Z3, 38, 2, 720, 6872.000000, 0.151536, 45348.959983, 45504.000000, 1.000000, 2, 8.309360, 17080.748009, 17080.748009
Z1, 0, 3, 720, 7080.000000, 0.467941, 15130.112557, 15160.000000, 1.000000, 2, 16.620899, 20106.770521, 20106.770521
Z2, 0, 3, 720, 6624.000000, 0.488765, 13552.525242, 13568.000000, 1.000000, 2, 16.620899, 19791.253058, 19791.253058
Z2, 1, 3, 720, 5664.000000, 0.135117, 41919.225560, 41952.000000, 1.000000, 2, 16.620899, 25464.593121, 25464.593121
Z2, 2, 3, 720, 7080.000000, 0.138585, 51087.780063, 51304.000000, 1.000000, 2, 16.620899, 27298.304022, 27298.304022
Z2, 3, 3, 720, 12544.000000, 0.133757, 93782.007671, 94312.000000, 1.000000, 2, 16.620899, 35837.149543, 35837.149543
Z2, 4, 3, 720, 15304.000000, 0.166584, 91869.567305, 92192.000000, 1.000000, 2, 16.620899, 35454.661470, 35454.661470
Z2, 5, 3, 720, 9896.000000, 0.147667, 67015.650078, 67312.000000, 1.000000, 2, 16.620899, 30483.878025, 30483.878025
Z2, 6, 3, 720, 6376.000000, 0.139129, 45827.972601, 45864.000000, 1.000000, 2, 16.620899, 26246.342529, 26246.342529
Z2, 7, 3, 720, 6872.000000, 0.134517, 51086.479776, 51280.000000, 1.000000, 2, 16.620899, 27298.043964, 27298.043964
Z3, 0, 3, 720, 5424.000000, 0.475091, 11416.760158, 11416.000000, 1.000000, 2, 16.620899, 19364.100041, 19364.100041
Z3, 1, 3, 720, 7080.000000, 0.131519, 53832.526099, 54040.000000, 1.000000, 2, 16.620899, 27847.253229, 27847.253229
Z3, 2, 3, 720, 7080.000000, 0.172376, 41073.003202, 41160.000000, 1.000000, 2, 16.620899, 25295.348650, 25295.348650
Z3, 3, 3, 720, 5664.000000, 0.161762, 35014.403877, 35176.000000, 1.000000, 2, 16.620899, 24083.628785, 24083.628785
Z3, 4, 3, 720, 7080.000000, 0.169025, 41887.294779, 41888.000000, 1.000000, 2, 16.620899, 25458.206965, 25458.206965
Z3, 5, 3, 720, 7080.000000, 0.127898, 55356.612300, 55744.000000, 1.000000, 2, 16.620899, 28152.070469, 28152.070469
Z3, 6, 3, 720, 5664.000000, 0.146677, 38615.461183, 38792.000000, 1.000000, 2, 16.620899, 24803.840246, 24803.840246
Z3, 7, 3, 720, 7080.000000, 0.127920, 55347.091932, 55744.000000, 1.000000, 2, 16.620899, 28150.166396, 28150.166396
Z3, 8, 3, 720, 7080.000000, 0.140083, 50541.464703, 50568.000000, 1.000000, 2, 16.620899, 27189.040950, 27189.040950
Z3, 9, 3, 720, 14120.000000, 0.126123, 111954.203436, 112056.000000, 1.000000, 2, 16.620899, 39471.588697, 39471.588697
Z3, 10, 3, 720, 17536.000000, 0.155488, 112780.407491, 113128.000000, 1.000000, 2, 16.620899, 39636.829507, 39636.829507
Z3, 11, 3, 720, 16008.000000, 0.141408, 113204.344874, 113528.000000, 1.000000, 2, 16.620899, 39721.616984, 39721.616984
Z3, 12, 3, 720, 10896.000000, 0.164660, 66172.719543, 66432.000000, 1.000000, 2, 16.620899, 30315.291918, 30315.291918
Z3, 13, 3, 720, 19720.000000, 0.149728, 131705.492627, 132344.000000, 1.000000, 2, 16.620899, 43421.846535, 43421.846535
Z3, 14, 3, 720, 20104.000000, 0.137394, 146323.711370, 146744.000000, 1.000000, 2, 16.620899, 46345.490283, 46345.490283
Z3, 15, 3, 720, 12504.000000, 0.131409, 95153.300002, 95448.000000, 1.000000, 2, 16.620899, 36111.408010, 36111.408010
Z3, 16, 3, 720, 23072.000000, 0.158135, 145900.654504, 146024.000000, 1.000000, 2, 16.620899, 46260.878910, 46260.878910
Z3, 17, 3, 720, 18112.000000, 0.175710, 103078.936885, 103496.000000, 1.000000, 2, 16.620899, 37696.535386, 37696.535386
Z3, 18, 3, 720, 18632.000000, 0.171853, 108418.241171, 108952.000000, 1.000000, 2, 16.620899, 38764.396243, 38764.396243
Z3, 19, 3, 720, 9664.000000, 0.142473, 67830.395935, 68056.000000, 1.000000, 2, 16.620899, 30646.827196, 30646.827196
Z3, 20, 3, 720, 12280.000000, 0.152987, 80268.258087, 80784.000000, 1.000000, 2, 16.620899, 33134.399627, 33134.399627
Z3, 21, 3, 720, 10368.000000, 0.171649, 60402.332667, 60624.000000, 1.000000, 2, 16.620899, 29161.214543, 29161.214543
Z3, 22, 3, 720, 10520.000000, 0.145374, 72365.072159, 72544.000000, 1.000000, 2, 16.620899, 31553.762441, 31553.762441
Z3, 23, 3, 720, 15288.000000, 0.137086, 111521.234845, 111584.000000, 1.000000, 2, 16.620899, 39384.994978, 39384.994978
Z3, 24, 3, 720, 16344.000000, 0.152062, 107482.474254, 107520.000000, 1.000000, 2, 16.620899, 38577.242860, 38577.242860
Z3, 25, 3, 720, 9016.000000, 0.174490, 51670.582841, 51816.000000, 1.000000, 2, 16.620899, 27414.864578, 27414.864578
Z3, 26, 3, 720, 13800.000000, 0.151993, 90793.654971, 91384.000000, 1.000000, 2, 16.620899, 35239.479003, 35239.479003
Z3, 27, 3, 720, 17664.000000, 0.172433, 102439.788208, 102696.000000, 1.000000, 2, 16.620899, 37568.705651, 37568.705651
Z3, 28, 3, 720, 10240.000000, 0.175283, 58419.812532, 58512.000000, 1.000000, 2, 16.620899, 28764.710516, 28764.710516
Z3, 29, 3, 720, 8424.000000, 0.145936, 57723.933779, 58096.000000, 1.000000, 2, 16.620899, 28625.534765, 28625.534765
Z3, 30, 3, 720, 6376.000000, 0.169117, 37701.709467, 37720.000000, 1.000000, 2, 16.620899, 24621.089903, 24621.089903
Z3, 31, 3, 720, 6872.000000, 0.128908, 53309.336891, 53680.000000, 1.000000, 2, 16.620899, 27742.615388, 27742.615388
Z3, 32, 3, 720, 6872.000000, 0.172835, 39760.465184, 39952.000000, 1.000000, 2, 16.620899, 25032.841046, 25032.841046
Z3, 33, 3, 720, 6376.000000, 0.165933, 38425.147499, 38640.000000, 1.000000, 2, 16.620899, 24765.777509, 24765.777509
Z3, 34, 3, 720, 6872.000000, 0.171766, 40007.917749, 40184.000000, 1.000000, 2, 16.620899, 25082.331559, 25082.331559
Z3, 35, 3, 720, 6872.000000, 0.127474, 53909.032430, 54104.000000, 1.000000, 2, 16.620899, 27862.554495, 27862.554495
Z3, 36, 3, 720, 6376.000000, 0.127898, 49852.225993, 50200.000000, 1.000000, 2, 16.620899, 27051.193208, 27051.193208
Z3, 37, 3, 720, 6872.000000, 0.156201, 43994.596706, 44048.000000, 1.000000, 2, 16.620899, 25879.667350, 25879.667350
Z3, 38, 3, 720, 6872.000000, 0.148261, 46350.692360, 46432.000000, 1.000000, 2, 16.620899, 26350.886481, 26350.886481
Z1, 0, 4, 720, 7200.000000, 0.519306, 13864.657832, 13872.000000, 1.000000, 2, 24.835004, 29123.818048, 29123.818048
Z2, 0, 4, 720, 6624.000000, 0.499541, 13260.172839, 13272.000000, 1.000000, 2, 24.835004, 29002.921049, 29002.921049
Z2, 1, 4, 720, 6648.000000, 0.166703, 39879.306311, 40048.000000, 1.000000, 2, 24.835004, 34326.747743, 34326.747743
Z2, 2, 4, 720, 7296.000000, 0.158450, 46046.071316, 46176.000000, 1.000000, 2, 24.835004, 35560.100744, 35560.100744
Z2, 3, 4, 720, 17272.000000, 0.130371, 132483.451074, 132856.000000, 1.000000, 2, 24.835004, 52847.576696, 52847.576696
Z2, 4, 4, 720, 22592.000000, 0.164187, 137599.200911, 137752.000000, 1.000000, 2, 24.835004, 53870.726663, 53870.726663
Z2, 5, 4, 720, 17472.000000, 0.137684, 126899.276604, 127528.000000, 1.000000, 2, 24.835004, 51730.741802, 51730.741802
Z2, 6, 4, 720, 6424.000000, 0.141356, 45445.541753, 45560.000000, 1.000000, 2, 24.835004, 35439.994832, 35439.994832
Z2, 7, 4, 720, 6872.000000, 0.156466, 43920.084875, 44048.000000, 1.000000, 2, 24.835004, 35134.903456, 35134.903456
Z3, 0, 4, 720, 6448.000000, 0.490798, 13137.787848, 13152.000000, 1.000000, 2, 24.835004, 28978.444051, 28978.444051
Z3, 1, 4, 720, 7448.000000, 0.143249, 51993.382153, 52080.000000, 1.000000, 2, 24.835004, 36749.562912, 36749.562912
Z3, 2, 4, 720, 7424.000000, 0.167903, 44216.005670, 44448.000000, 1.000000, 2, 24.835004, 35194.087615, 35194.087615
Z3, 3, 4, 720, 6648.000000, 0.136918, 48554.609328, 48880.000000, 1.000000, 2, 24.835004, 36061.808347, 36061.808347
Z3, 4, 4, 720, 7224.000000, 0.163331, 44229.203274, 44312.000000, 1.000000, 2, 24.835004, 35196.727136, 35196.727136
Z3, 5, 4, 720, 7240.000000, 0.136394, 53081.513850, 53232.000000, 1.000000, 2, 24.835004, 36967.189251, 36967.189251
Z3, 6, 4, 720, 6648.000000, 0.154233, 43103.615958, 43168.000000, 1.000000, 2, 24.835004, 34971.609673, 34971.609673
Z3, 7, 4, 720, 7232.000000, 0.156840, 46110.686049, 46352.000000, 1.000000, 2, 24.835004, 35573.023691, 35573.023691
Z3, 8, 4, 720, 7296.000000, 0.164326, 44399.547241, 44480.000000, 1.000000, 2, 24.835004, 35230.795930, 35230.795930
Z3, 9, 4, 720, 16456.000000, 0.168942, 97406.210415, 97952.000000, 1.000000, 2, 24.835004, 45832.128564, 45832.128564
Z3, 10, 4, 720, 25392.000000, 0.156839, 161898.507387, 162768.000000, 1.000000, 2, 24.835004, 58730.587959, 58730.587959
Z3, 11, 4, 720, 21592.000000, 0.166305, 129833.739214, 130072.000000, 1.000000, 2, 24.835004, 52317.634324, 52317.634324
Z3, 12, 4, 720, 13528.000000, 0.166383, 81306.383465, 81488.000000, 1.000000, 2, 24.835004, 42612.163174, 42612.163174
Z3, 13, 4, 720, 29512.000000, 0.175182, 168464.796612, 168640.000000, 1.000000, 2, 24.835004, 60043.845804, 60043.845804
Z3, 14, 4, 720, 29688.000000, 0.171062, 173551.110124, 173608.000000, 1.000000, 2, 24.835004, 61061.108506, 61061.108506
Z3, 15, 4, 720, 16760.000000, 0.170470, 98316.419311, 98584.000000, 1.000000, 2, 24.835004, 46014.170344, 46014.170344
Z3, 16, 4, 720, 33128.000000, 0.156159, 212142.751939, 212352.000000, 1.000000, 2, 24.835004, 68779.436869, 68779.436869
Z3, 17, 4, 720, 26248.000000, 0.163898, 160148.384971, 161024.000000, 1.000000, 2, 24.835004, 58380.563475, 58380.563475
Z3, 18, 4, 720, 26240.000000, 0.168378, 155839.836558, 156184.000000, 1.000000, 2, 24.835004, 57518.853793, 57518.853793
Z3, 19, 4, 720, 14624.000000, 0.169253, 86403.195217, 86528.000000, 1.000000, 2, 24.835004, 43631.525525, 43631.525525
Z3, 20, 4, 720, 26816.000000, 0.167636, 159965.639839, 160568.000000, 1.000000, 2, 24.835004, 58344.014449, 58344.014449
Z3, 21, 4, 720, 23128.000000, 0.142037, 162830.811690, 162872.000000, 1.000000, 2, 24.835004, 58917.048819, 58917.048819
Z3, 22, 4, 720, 19440.000000, 0.172640, 112604.263207, 113016.000000, 1.000000, 2, 24.835004, 48871.739123, 48871.739123
Z3, 23, 4, 720, 29088.000000, 0.161234, 180408.598683, 180664.000000, 1.000000, 2, 24.835004, 62432.606218, 62432.606218
Z3, 24, 4, 720, 29840.000000, 0.173616, 171873.560041, 172480.000000, 1.000000, 2, 24.835004, 60725.598489, 60725.598489
Z3, 25, 4, 720, 17200.000000, 0.157563, 109162.684133, 109552.000000, 1.000000, 2, 24.835004, 48183.423308, 48183.423308
Z3, 26, 4, 720, 25664.000000, 0.172377, 148882.971626, 149208.000000, 1.000000, 2, 24.835004, 56127.480806, 56127.480806
Z3, 27, 4, 720, 26808.000000, 0.151086, 177435.367936, 177536.000000, 1.000000, 2, 24.835004, 61837.960068, 61837.960068
Z3, 28, 4, 720, 12720.000000, 0.169232, 75163.089723, 75264.000000, 1.000000, 2, 24.835004, 41383.504426, 41383.504426
Z3, 29, 4, 720, 11496.000000, 0.126778, 90678.193377, 91232.000000, 1.000000, 2, 24.835004, 44486.525157, 44486.525157
Z3, 30, 4, 720, 6448.000000, 0.144337, 44673.230010, 44776.000000, 1.000000, 2, 24.835004, 35285.532483, 35285.532483
Z3, 31, 4, 720, 7200.000000, 0.145460, 49498.143820, 49648.000000, 1.000000, 2, 24.835004, 36250.515245, 36250.515245
Z3, 32, 4, 720, 7520.000000, 0.168596, 44603.667940, 44760.000000, 1.000000, 2, 24.835004, 35271.620069, 35271.620069
Z3, 33, 4, 720, 6728.000000, 0.146318, 45982.039120, 46080.000000, 1.000000, 2, 24.835004, 35547.294305, 35547.294305
Z3, 34, 4, 720, 7224.000000, 0.140668, 51354.963460, 51600.000000, 1.000000, 2, 24.835004, 36621.879173, 36621.879173
Z3, 35, 4, 720, 7256.000000, 0.151528, 47885.539306, 48048.000000, 1.000000, 2, 24.835004, 35927.994343, 35927.994343
Z3, 36, 4, 720, 6544.000000, 0.133563, 48995.605070, 49200.000000, 1.000000, 2, 24.835004, 36150.007495, 36150.007495
Z3, 37, 4, 720, 12272.000000, 0.136628, 89820.534590, 90232.000000, 1.000000, 2, 24.835004, 44314.993399, 44314.993399
Z3, 38, 4, 720, 8544.000000, 0.175338, 48728.741060, 48816.000000, 1.000000, 2, 24.835004, 36096.634693, 36096.634693
Z1, 0, 5, 720, 20272.000000, 0.459240, 44142.496298, 44160.000000, 1.000000, 2, 33.400471, 44925.133953, 44925.133953
Z2, 0, 5, 720, 6624.000000, 0.492431, 13451.630787, 13456.000000, 1.000000, 2, 33.400471, 38786.960851, 38786.960851
Z2, 1, 5, 720, 7616.000000, 0.160606, 47420.395253, 47600.000000, 1.000000, 2, 33.400471, 45580.713744, 45580.713744
Z2, 2, 5, 720, 8792.000000, 0.146770, 59903.249983, 60216.000000, 1.000000, 2, 33.400471, 48077.284690, 48077.284690
Z2, 3, 5, 720, 8816.000000, 0.159649, 55221.141379, 55440.000000, 1.000000, 2, 33.400471, 47140.862969, 47140.862969
Z2, 4, 5, 720, 14976.000000, 0.155043, 96592.558194, 96616.000000, 1.000000, 2, 33.400471, 55415.146332, 55415.146332
Z2, 5, 5, 720, 25312.000000, 0.170387, 148555.934432, 148888.000000, 1.000000, 2, 33.400471, 65807.821580, 65807.821580
Z2, 6, 5, 720, 13208.000000, 0.145922, 90514.110278, 91088.000000, 1.000000, 2, 33.400471, 54199.456749, 54199.456749
Z2, 7, 5, 720, 16320.000000, 0.150914, 108141.060472, 108800.000000, 1.000000, 2, 33.400471, 57724.846788, 57724.846788
Z3, 0, 5, 720, 7712.000000, 0.454140, 16981.547540, 16984.000000, 1.000000, 2, 33.400471, 39492.944201, 39492.944201
Z3, 1, 5, 720, 9624.000000, 0.133450, 72116.897714, 72360.000000, 1.000000, 2, 33.400471, 50520.014236, 50520.014236
Z3, 2, 5, 720, 9096.000000, 0.134416, 67670.515415, 67880.000000, 1.000000, 2, 33.400471, 49630.737776, 49630.737776
Z3, 3, 5, 720, 7632.000000, 0.129308, 59021.870263, 59160.000000, 1.000000, 2, 33.400471, 47901.008746, 47901.008746
Z3, 4, 5, 720, 8304.000000, 0.152724, 54372.593698, 54624.000000, 1.000000, 2, 33.400471, 46971.153433, 46971.153433
Z3, 5, 5, 720, 8504.000000, 0.173337, 49060.500643, 49152.000000, 1.000000, 2, 33.400471, 45908.734822, 45908.734822
Z3, 6, 5, 720, 7384.000000, 0.136139, 54238.682523, 54288.000000, 1.000000, 2, 33.400471, 46944.371198, 46944.371198
Z3, 7, 5, 720, 8968.000000, 0.146988, 61011.783275, 61424.000000, 1.000000, 2, 33.400471, 48298.991348, 48298.991348
Z3, 8, 5, 720, 8912.000000, 0.164015, 54336.493613, 54336.000000, 1.000000, 2, 33.400471, 46963.933416, 46963.933416
Z3, 9, 5, 720, 16688.000000, 0.162655, 102597.522363, 103008.000000, 1.000000, 2, 33.400471, 56616.139166, 56616.139166
Z3, 10, 5, 720, 23832.000000, 0.170742, 139579.013951, 140184.000000, 1.000000, 2, 33.400471, 64012.437483, 64012.437483
Z3, 11, 5, 720, 21144.000000, 0.153044, 138156.347194, 138192.000000, 1.000000, 2, 33.400471, 63727.904132, 63727.904132
Z3, 12, 5, 720, 14272.000000, 0.163627, 87222.768858, 87552.000000, 1.000000, 2, 33.400471, 53541.188465, 53541.188465
Z3, 13, 5, 720, 27640.000000, 0.153411, 180169.609741, 180648.000000, 1.000000, 2, 33.400471, 72130.556642, 72130.556642
Z3, 14, 5, 720, 33288.000000, 0.150901, 220594.959609, 221920.000000, 1.000000, 2, 33.400471, 80215.626615, 80215.626615
Z3, 15, 5, 720, 17576.000000, 0.139700, 125812.455261, 126440.000000, 1.000000, 2, 33.400471, 61259.125746, 61259.125746
Z3, 16, 5, 720, 34872.000000, 0.176020, 198113.850699, 198136.000000, 1.000000, 2, 33.400471, 75719.404833, 75719.404833
Z3, 17, 5, 720, 27336.000000, 0.152758, 178949.711308, 179840.000000, 1.000000, 2, 33.400471, 71886.576955, 71886.576955
Z3, 18, 5, 720, 18312.000000, 0.155780, 117550.391578, 118136.000000, 1.000000, 2, 33.400471, 59606.713009, 59606.713009
Z3, 19, 5, 720, 41432.000000, 0.172956, 239552.256065, 240880.000000, 1.000000, 2, 33.400471, 84007.085906, 84007.085906
Z3, 20, 5, 720, 36760.000000, 0.160176, 229497.552692, 229744.000000, 1.000000, 2, 33.400471, 81996.145232, 81996.145232
Z3, 21, 5, 720, 21272.000000, 0.172926, 123012.155488, 123672.000000, 1.000000, 2, 33.400471, 60699.065791, 60699.065791
Z3, 22, 5, 720, 43464.000000, 0.148924, 291853.562891, 293672.000000, 1.000000, 2, 33.400471, 94467.347272, 94467.347272
Z3, 23, 5, 720, 42000.000000, 0.155904, 269396.551724, 270960.000000, 1.000000, 2, 33.400471, 89975.945038, 89975.945038
Z3, 24, 5, 720, 20304.000000, 0.158151, 128383.633363, 128504.000000, 1.000000, 2, 33.400471, 61773.361366, 61773.361366
Z3, 25, 5, 720, 32736.000000, 0.140002, 233825.231068, 233824.000000, 1.000000, 2, 33.400471, 82861.680907, 82861.680907
Z3, 26, 5, 720, 34608.000000, 0.157200, 220152.671756, 220432.000000, 1.000000, 2, 33.400471, 80127.169044, 80127.169044
Z3, 27, 5, 720, 21272.000000, 0.172208, 123525.039487, 123672.000000, 1.000000, 2, 33.400471, 60801.642591, 60801.642591
Z3, 28, 5, 720, 8752.000000, 0.134690, 64978.840300, 65312.000000, 1.000000, 2, 33.400471, 49092.402753, 49092.402753
Z3, 29, 5, 720, 12760.000000, 0.154936, 82356.585945, 82856.000000, 1.000000, 2, 33.400471, 52567.951882, 52567.951882
Z3, 30, 5, 720, 15440.000000, 0.174350, 88557.499283, 88728.000000, 1.000000, 2, 33.400471, 53808.134550, 53808.134550
Z3, 31, 5, 720, 10000.000000, 0.127574, 78385.878000, 78736.000000, 1.000000, 2, 33.400471, 51773.810293, 51773.810293
Z3, 32, 5, 720, 15200.000000, 0.158551, 95868.206445, 96200.000000, 1.000000, 2, 33.400471, 55270.275982, 55270.275982
Z3, 33, 5, 720, 18352.000000, 0.173435, 105814.858593, 106080.000000, 1.000000, 2, 33.400471, 57259.606412, 57259.606412
Z3, 34, 5, 720, 11224.000000, 0.142248, 78904.448569, 79040.000000, 1.000000, 2, 33.400471, 51877.524407, 51877.524407
Z3, 35, 5, 720, 23240.000000, 0.171764, 135301.925898, 135904.000000, 1.000000, 2, 33.400471, 63157.019873, 63157.019873
Z3, 36, 5, 720, 16824.000000, 0.142612, 117970.437270, 118472.000000, 1.000000, 2, 33.400471, 59690.722147, 59690.722147
Z3, 37, 5, 720, 9680.000000, 0.126359, 76607.127312, 76824.000000, 1.000000, 2, 33.400471, 51418.060156, 51418.060156
Z3, 38, 5, 720, 12888.000000, 0.135618, 95031.632969, 95464.000000, 1.000000, 2, 33.400471, 55102.961287, 55102.961287
