Zone, Tile_no, Seg_no, Reso, Seg_d_size, Seg_d_time, Bitrate, Bitrate1, Buf_lev, Buf_limit, Elapsed, Ref_vp, Local_avg,QoE,QoE1,Z1,Z2,Z3,delay,jitter,loss
Z1,0,1,720,9960.0,0.351095,28368.390322,28376.0,1.0,2,6.2e-05,28368.390322,28368.390322,1587239.8620892,4090146.6715298,142589.36228260002,4958091.0283046,29987159.1227106,100,25,3
Z2,0,1,720,8952.0,1.300492,6883.548688,6880.0,1.0,2,6.2e-05,3441.774344,3441.774344,1587239.8620892,4090146.6715298,142589.36228260002,4958091.0283046,29987159.1227106,100,25,3
Z2,1,1,720,5424.0,0.122401,44313.363453,44456.0,1.0,2,6.2e-05,14771.121151,14771.121151,1587239.8620892,4090146.6715298,142589.36228260002,4958091.0283046,29987159.1227106,100,25,3
Z2,2,1,720,7080.0,0.094351,75038.950303,75312.0,1.0,2,6.2e-05,18759.737576,18759.737576,1587239.8620892,4090146.6715298,142589.36228260002,4958091.0283046,29987159.1227106,100,25,3
Z2,3,1,720,18976.0,0.083174,228148.219395,228624.0,1.0,2,6.2e-05,45629.643879,45629.643879,1587239.8620892,4090146.6715298,142589.36228260002,4958091.0283046,29987159.1227106,100,25,3
Z2,4,1,720,8720.0,0.115898,75238.571848,75824.0,1.0,2,6.2e-05,15047.71437,15047.71437,1587239.8620892,4090146.6715298,142589.36228260002,4958091.0283046,29987159.1227106,100,25,3
Z2,5,1,720,8336.0,0.124111,67165.682333,67224.0,1.0,2,6.2e-05,13433.136467,13433.136467,1587239.8620892,4090146.6715298,142589.36228260002,4958091.0283046,29987159.1227106,100,25,3
Z2,6,1,720,6376.0,0.11354,56156.420645,56424.0,1.0,2,6.2e-05,11231.284129,11231.284129,1587239.8620892,4090146.6715298,142589.36228260002,4958091.0283046,29987159.1227106,100,25,3
Z2,7,1,720,6872.0,0.095015,72325.422302,72336.0,1.0,2,6.2e-05,14465.08446,14465.08446,1587239.8620892,4090146.6715298,142589.36228260002,4958091.0283046,29987159.1227106,100,25,3
Z3,0,1,720,7080.0,1.010497,7006.45326,7008.0,1.0,2,6.2e-05,1401.290652,1401.290652,1587239.8620892,4090146.6715298,142589.36228260002,4958091.0283046,29987159.1227106,100,25,3
Z3,1,1,720,7080.0,0.091897,77042.776152,77800.0,1.0,2,6.2e-05,15408.55523,15408.55523,1587239.8620892,4090146.6715298,142589.36228260002,4958091.0283046,29987159.1227106,100,25,3
Z3,2,1,720,5664.0,0.104162,54376.836082,54456.0,1.0,2,6.2e-05,10875.367216,10875.367216,1587239.8620892,4090146.6715298,142589.36228260002,4958091.0283046,29987159.1227106,100,25,3
Z3,3,1,720,7080.0,0.113702,62268.033984,62648.0,1.0,2,6.2e-05,12453.606797,12453.606797,1587239.8620892,4090146.6715298,142589.36228260002,4958091.0283046,29987159.1227106,100,25,3
Z3,4,1,720,7080.0,0.105992,66797.494151,67424.0,1.0,2,6.2e-05,13359.49883,13359.49883,1587239.8620892,4090146.6715298,142589.36228260002,4958091.0283046,29987159.1227106,100,25,3
Z3,5,1,720,5664.0,0.078162,72464.880633,72608.0,1.0,2,6.2e-05,14492.976127,14492.976127,1587239.8620892,4090146.6715298,142589.36228260002,4958091.0283046,29987159.1227106,100,25,3
Z3,6,1,720,7080.0,0.10721,66038.615801,66168.0,1.0,2,6.2e-05,13207.72316,13207.72316,1587239.8620892,4090146.6715298,142589.36228260002,4958091.0283046,29987159.1227106,100,25,3
Z3,7,1,720,7080.0,0.082471,85848.358817,86336.0,1.0,2,6.2e-05,17169.671763,17169.671763,1587239.8620892,4090146.6715298,142589.36228260002,4958091.0283046,29987159.1227106,100,25,3
Z3,8,1,720,5664.0,0.12024,47105.788423,47200.0,1.0,2,6.2e-05,9421.157685,9421.157685,1587239.8620892,4090146.6715298,142589.36228260002,4958091.0283046,29987159.1227106,100,25,3
Z3,9,1,720,7080.0,0.107062,66129.906036,66168.0,1.0,2,6.2e-05,13225.981207,13225.981207,1587239.8620892,4090146.6715298,142589.36228260002,4958091.0283046,29987159.1227106,100,25,3
Z3,10,1,720,12904.0,0.080547,160204.60104,161296.0,1.0,2,6.2e-05,32040.920208,32040.920208,1587239.8620892,4090146.6715298,142589.36228260002,4958091.0283046,29987159.1227106,100,25,3
Z3,11,1,720,17344.0,0.07721,224634.114752,225240.0,1.0,2,6.2e-05,44926.82295,44926.82295,1587239.8620892,4090146.6715298,142589.36228260002,4958091.0283046,29987159.1227106,100,25,3
Z3,12,1,720,16912.0,0.123791,136617.363136,137488.0,1.0,2,6.2e-05,27323.472627,27323.472627,1587239.8620892,4090146.6715298,142589.36228260002,4958091.0283046,29987159.1227106,100,25,3
Z3,13,1,720,13240.0,0.080313,164855.004794,165496.0,1.0,2,6.2e-05,32971.000959,32971.000959,1587239.8620892,4090146.6715298,142589.36228260002,4958091.0283046,29987159.1227106,100,25,3
Z3,14,1,720,28328.0,0.101532,279005.633692,280472.0,1.0,2,6.2e-05,55801.126738,55801.126738,1587239.8620892,4090146.6715298,142589.36228260002,4958091.0283046,29987159.1227106,100,25,3
Z3,15,1,720,30528.0,0.093998,324772.867508,328256.0,1.0,2,6.2e-05,64954.573502,64954.573502,1587239.8620892,4090146.6715298,142589.36228260002,4958091.0283046,29987159.1227106,100,25,3
Z3,16,1,720,16360.0,0.101585,161047.39873,161976.0,1.0,2,6.2e-05,32209.479746,32209.479746,1587239.8620892,4090146.6715298,142589.36228260002,4958091.0283046,29987159.1227106,100,25,3
Z3,17,1,720,33216.0,0.122468,271221.870203,272256.0,1.0,2,6.2e-05,54244.374041,54244.374041,1587239.8620892,4090146.6715298,142589.36228260002,4958091.0283046,29987159.1227106,100,25,3
Z3,18,1,720,28000.0,0.125072,223871.050275,224000.0,1.0,2,6.2e-05,44774.210055,44774.210055,1587239.8620892,4090146.6715298,142589.36228260002,4958091.0283046,29987159.1227106,100,25,3
Z3,19,1,720,15744.0,0.097073,162187.219927,162304.0,1.0,2,6.2e-05,32437.443985,32437.443985,1587239.8620892,4090146.6715298,142589.36228260002,4958091.0283046,29987159.1227106,100,25,3
Z3,20,1,720,16024.0,0.123731,129506.752552,130272.0,1.0,2,6.2e-05,25901.35051,25901.35051,1587239.8620892,4090146.6715298,142589.36228260002,4958091.0283046,29987159.1227106,100,25,3
Z3,21,1,720,11576.0,0.095634,121044.816697,121848.0,1.0,2,6.2e-05,24208.963339,24208.963339,1587239.8620892,4090146.6715298,142589.36228260002,4958091.0283046,29987159.1227106,100,25,3
Z3,22,1,720,10816.0,0.090348,119714.880241,120176.0,1.0,2,6.2e-05,23942.976048,23942.976048,1587239.8620892,4090146.6715298,142589.36228260002,4958091.0283046,29987159.1227106,100,25,3
Z3,23,1,720,13224.0,0.08825,149847.025496,150272.0,1.0,2,6.2e-05,29969.405099,29969.405099,1587239.8620892,4090146.6715298,142589.36228260002,4958091.0283046,29987159.1227106,100,25,3
Z3,24,1,720,17528.0,0.117516,149154.157732,149808.0,1.0,2,6.2e-05,29830.831546,29830.831546,1587239.8620892,4090146.6715298,142589.36228260002,4958091.0283046,29987159.1227106,100,25,3
Z3,25,1,720,23824.0,0.119134,199976.497054,200200.0,1.0,2,6.2e-05,39995.299411,39995.299411,1587239.8620892,4090146.6715298,142589.36228260002,4958091.0283046,29987159.1227106,100,25,3
Z3,26,1,720,11024.0,0.101578,108527.437043,109144.0,1.0,2,6.2e-05,21705.487409,21705.487409,1587239.8620892,4090146.6715298,142589.36228260002,4958091.0283046,29987159.1227106,100,25,3
Z3,27,1,720,15112.0,0.098327,153691.254691,154200.0,1.0,2,6.2e-05,30738.250938,30738.250938,1587239.8620892,4090146.6715298,142589.36228260002,4958091.0283046,29987159.1227106,100,25,3
Z3,28,1,720,24552.0,0.111206,220779.454346,221184.0,1.0,2,6.2e-05,44155.890869,44155.890869,1587239.8620892,4090146.6715298,142589.36228260002,4958091.0283046,29987159.1227106,100,25,3
Z3,29,1,720,10824.0,0.097018,111566.925725,111584.0,1.0,2,6.2e-05,22313.385145,22313.385145,1587239.8620892,4090146.6715298,142589.36228260002,4958091.0283046,29987159.1227106,100,25,3
Z3,30,1,720,6872.0,0.091231,75325.273208,75512.0,1.0,2,6.2e-05,15065.054642,15065.054642,1587239.8620892,4090146.6715298,142589.36228260002,4958091.0283046,29987159.1227106,100,25,3
Z3,31,1,720,6872.0,0.0949,72413.066386,73104.0,1.0,2,6.2e-05,14482.613277,14482.613277,1587239.8620892,4090146.6715298,142589.36228260002,4958091.0283046,29987159.1227106,100,25,3
Z3,32,1,720,6376.0,0.107968,59054.534677,59584.0,1.0,2,6.2e-05,11810.906935,11810.906935,1587239.8620892,4090146.6715298,142589.36228260002,4958091.0283046,29987159.1227106,100,25,3
Z3,33,1,720,6872.0,0.097982,70135.330979,70840.0,1.0,2,6.2e-05,14027.066196,14027.066196,1587239.8620892,4090146.6715298,142589.36228260002,4958091.0283046,29987159.1227106,100,25,3
Z3,34,1,720,6872.0,0.103685,66277.667937,66712.0,1.0,2,6.2e-05,13255.533587,13255.533587,1587239.8620892,4090146.6715298,142589.36228260002,4958091.0283046,29987159.1227106,100,25,3
Z3,35,1,720,6376.0,0.095708,66619.300372,67112.0,1.0,2,6.2e-05,13323.860074,13323.860074,1587239.8620892,4090146.6715298,142589.36228260002,4958091.0283046,29987159.1227106,100,25,3
Z3,36,1,720,6872.0,0.106587,64473.153386,64824.0,1.0,2,6.2e-05,12894.630677,12894.630677,1587239.8620892,4090146.6715298,142589.36228260002,4958091.0283046,29987159.1227106,100,25,3
Z3,37,1,720,6872.0,0.097142,70741.800663,70840.0,1.0,2,6.2e-05,14148.360133,14148.360133,1587239.8620892,4090146.6715298,142589.36228260002,4958091.0283046,29987159.1227106,100,25,3
Z3,38,1,720,6376.0,0.094657,67358.990883,67824.0,1.0,2,6.2e-05,13471.798177,13471.798177,1587239.8620892,4090146.6715298,142589.36228260002,4958091.0283046,29987159.1227106,100,25,3
Z1,0,2,720,15344.0,0.366505,41865.731709,41920.0,1.0,2,7.264469,21844.944518,21844.944518,1587239.8620892,4090146.6715298,142589.36228260002,4958091.0283046,29987159.1227106,100,25,3
Z2,0,2,720,6624.0,0.346178,19134.664826,19144.0,1.0,2,7.264469,17298.731142,17298.731142,1587239.8620892,4090146.6715298,142589.36228260002,4958091.0283046,29987159.1227106,100,25,3
Z2,1,2,720,5664.0,0.080515,70347.140284,70800.0,1.0,2,7.264469,27541.226233,27541.226233,1587239.8620892,4090146.6715298,142589.36228260002,4958091.0283046,29987159.1227106,100,25,3
Z2,2,2,720,7080.0,0.099753,70975.309013,71512.0,1.0,2,7.264469,27666.859979,27666.859979,1587239.8620892,4090146.6715298,142589.36228260002,4958091.0283046,29987159.1227106,100,25,3
Z2,3,2,720,7080.0,0.082281,86046.59642,86336.0,1.0,2,7.264469,30681.11746,30681.11746,1587239.8620892,4090146.6715298,142589.36228260002,4958091.0283046,29987159.1227106,100,25,3
Z2,4,2,720,12128.0,0.12303,98577.582703,98600.0,1.0,2,7.264469,33187.314717,33187.314717,1587239.8620892,4090146.6715298,142589.36228260002,4958091.0283046,29987159.1227106,100,25,3
Z2,5,2,720,18392.0,0.078513,234254.199941,235792.0,1.0,2,7.264469,60322.638165,60322.638165,1587239.8620892,4090146.6715298,142589.36228260002,4958091.0283046,29987159.1227106,100,25,3
Z2,6,2,720,10632.0,0.125266,84875.38518,85056.0,1.0,2,7.264469,30446.875213,30446.875213,1587239.8620892,4090146.6715298,142589.36228260002,4958091.0283046,29987159.1227106,100,25,3
Z2,7,2,720,8048.0,0.09682,83123.321628,83832.0,1.0,2,7.264469,30096.462502,30096.462502,1587239.8620892,4090146.6715298,142589.36228260002,4958091.0283046,29987159.1227106,100,25,3
Z3,0,2,720,5424.0,0.342702,15827.161791,15856.0,1.0,2,7.264469,16637.230535,16637.230535,1587239.8620892,4090146.6715298,142589.36228260002,4958091.0283046,29987159.1227106,100,25,3
Z3,1,2,720,7080.0,0.116678,60679.819675,61032.0,1.0,2,7.264469,25607.762112,25607.762112,1587239.8620892,4090146.6715298,142589.36228260002,4958091.0283046,29987159.1227106,100,25,3
Z3,2,2,720,7080.0,0.123298,57421.855991,57560.0,1.0,2,7.264469,24956.169375,24956.169375,1587239.8620892,4090146.6715298,142589.36228260002,4958091.0283046,29987159.1227106,100,25,3
Z3,3,2,720,5664.0,0.076348,74186.619165,74520.0,1.0,2,7.264469,28309.12201,28309.12201,1587239.8620892,4090146.6715298,142589.36228260002,4958091.0283046,29987159.1227106,100,25,3
Z3,4,2,720,7080.0,0.111887,63278.128826,63776.0,1.0,2,7.264469,26127.423942,26127.423942,1587239.8620892,4090146.6715298,142589.36228260002,4958091.0283046,29987159.1227106,100,25,3
Z3,5,2,720,7080.0,0.112204,63099.354747,63208.0,1.0,2,7.264469,26091.669126,26091.669126,1587239.8620892,4090146.6715298,142589.36228260002,4958091.0283046,29987159.1227106,100,25,3
Z3,6,2,720,5664.0,0.077264,73307.10292,73552.0,1.0,2,7.264469,28133.218761,28133.218761,1587239.8620892,4090146.6715298,142589.36228260002,4958091.0283046,29987159.1227106,100,25,3
Z3,7,2,720,7080.0,0.092389,76632.49954,76952.0,1.0,2,7.264469,28798.298085,28798.298085,1587239.8620892,4090146.6715298,142589.36228260002,4958091.0283046,29987159.1227106,100,25,3
Z3,8,2,720,7080.0,0.086391,81952.981213,82320.0,1.0,2,7.264469,29862.394419,29862.394419,1587239.8620892,4090146.6715298,142589.36228260002,4958091.0283046,29987159.1227106,100,25,3
Z3,9,2,720,12648.0,0.103225,122528.457254,122792.0,1.0,2,7.264469,37977.489627,37977.489627,1587239.8620892,4090146.6715298,142589.36228260002,4958091.0283046,29987159.1227106,100,25,3
Z3,10,2,720,17112.0,0.116333,147094.97735,147512.0,1.0,2,7.264469,42890.793646,42890.793646,1587239.8620892,4090146.6715298,142589.36228260002,4958091.0283046,29987159.1227106,100,25,3
Z3,11,2,720,15320.0,0.122445,125117.399649,125568.0,1.0,2,7.264469,38495.278106,38495.278106,1587239.8620892,4090146.6715298,142589.36228260002,4958091.0283046,29987159.1227106,100,25,3
Z3,12,2,720,10704.0,0.080689,132657.48739,133800.0,1.0,2,7.264469,40003.295655,40003.295655,1587239.8620892,4090146.6715298,142589.36228260002,4958091.0283046,29987159.1227106,100,25,3
Z3,13,2,720,18776.0,0.093047,201790.492977,201888.0,1.0,2,7.264469,53829.896772,53829.896772,1587239.8620892,4090146.6715298,142589.36228260002,4958091.0283046,29987159.1227106,100,25,3
Z3,14,2,720,21848.0,0.121416,179943.33531,180560.0,1.0,2,7.264469,49460.465239,49460.465239,1587239.8620892,4090146.6715298,142589.36228260002,4958091.0283046,29987159.1227106,100,25,3
Z3,15,2,720,12752.0,0.124411,102498.975171,102832.0,1.0,2,7.264469,33971.593211,33971.593211,1587239.8620892,4090146.6715298,142589.36228260002,4958091.0283046,29987159.1227106,100,25,3
Z3,16,2,720,21856.0,0.114592,190728.846691,191712.0,1.0,2,7.264469,51617.567515,51617.567515,1587239.8620892,4090146.6715298,142589.36228260002,4958091.0283046,29987159.1227106,100,25,3
Z3,17,2,720,16880.0,0.09889,170694.711295,172240.0,1.0,2,7.264469,47610.740436,47610.740436,1587239.8620892,4090146.6715298,142589.36228260002,4958091.0283046,29987159.1227106,100,25,3
Z3,18,2,720,9160.0,0.079202,115653.64511,115944.0,1.0,2,7.264469,36602.527199,36602.527199,1587239.8620892,4090146.6715298,142589.36228260002,4958091.0283046,29987159.1227106,100,25,3
Z3,19,2,720,11592.0,0.123315,94003.162632,94240.0,1.0,2,7.264469,32272.430703,32272.430703,1587239.8620892,4090146.6715298,142589.36228260002,4958091.0283046,29987159.1227106,100,25,3
Z3,20,2,720,9952.0,0.10175,97808.353808,98528.0,1.0,2,7.264469,33033.468938,33033.468938,1587239.8620892,4090146.6715298,142589.36228260002,4958091.0283046,29987159.1227106,100,25,3
Z3,21,2,720,11064.0,0.087519,126418.263463,127168.0,1.0,2,7.264469,38755.450869,38755.450869,1587239.8620892,4090146.6715298,142589.36228260002,4958091.0283046,29987159.1227106,100,25,3
Z3,22,2,720,14728.0,0.079697,184799.929734,186424.0,1.0,2,7.264469,50431.784123,50431.784123,1587239.8620892,4090146.6715298,142589.36228260002,4958091.0283046,29987159.1227106,100,25,3
Z3,23,2,720,16264.0,0.079862,203651.29849,205872.0,1.0,2,7.264469,54202.057875,54202.057875,1587239.8620892,4090146.6715298,142589.36228260002,4958091.0283046,29987159.1227106,100,25,3
Z3,24,2,720,9504.0,0.119132,79777.054024,79864.0,1.0,2,7.264469,29427.208981,29427.208981,1587239.8620892,4090146.6715298,142589.36228260002,4958091.0283046,29987159.1227106,100,25,3
Z3,25,2,720,12688.0,0.116166,109223.008453,109376.0,1.0,2,7.264469,35316.399867,35316.399867,1587239.8620892,4090146.6715298,142589.36228260002,4958091.0283046,29987159.1227106,100,25,3
Z3,26,2,720,17320.0,0.113936,152015.166409,153272.0,1.0,2,7.264469,43874.831458,43874.831458,1587239.8620892,4090146.6715298,142589.36228260002,4958091.0283046,29987159.1227106,100,25,3
Z3,27,2,720,9320.0,0.087754,106205.984912,107120.0,1.0,2,7.264469,34712.995159,34712.995159,1587239.8620892,4090146.6715298,142589.36228260002,4958091.0283046,29987159.1227106,100,25,3
Z3,28,2,720,6376.0,0.082708,77090.487015,77752.0,1.0,2,7.264469,28889.895579,28889.895579,1587239.8620892,4090146.6715298,142589.36228260002,4958091.0283046,29987159.1227106,100,25,3
Z3,29,2,720,6872.0,0.081493,84326.261151,84832.0,1.0,2,7.264469,30337.050407,30337.050407,1587239.8620892,4090146.6715298,142589.36228260002,4958091.0283046,29987159.1227106,100,25,3
Z3,30,2,720,6872.0,0.090144,76233.581825,76352.0,1.0,2,7.264469,28718.514542,28718.514542,1587239.8620892,4090146.6715298,142589.36228260002,4958091.0283046,29987159.1227106,100,25,3
Z3,31,2,720,6376.0,0.105598,60379.931438,60720.0,1.0,2,7.264469,25547.784464,25547.784464,1587239.8620892,4090146.6715298,142589.36228260002,4958091.0283046,29987159.1227106,100,25,3
Z3,32,2,720,6872.0,0.103256,66553.033238,66712.0,1.0,2,7.264469,26782.404824,26782.404824,1587239.8620892,4090146.6715298,142589.36228260002,4958091.0283046,29987159.1227106,100,25,3
Z3,33,2,720,6872.0,0.104918,65498.770468,66072.0,1.0,2,7.264469,26571.55227,26571.55227,1587239.8620892,4090146.6715298,142589.36228260002,4958091.0283046,29987159.1227106,100,25,3
Z3,34,2,720,6376.0,0.112392,56730.016371,56928.0,1.0,2,7.264469,24817.801451,24817.801451,1587239.8620892,4090146.6715298,142589.36228260002,4958091.0283046,29987159.1227106,100,25,3
Z3,35,2,720,6872.0,0.113516,60537.721555,60808.0,1.0,2,7.264469,25579.342488,25579.342488,1587239.8620892,4090146.6715298,142589.36228260002,4958091.0283046,29987159.1227106,100,25,3
Z3,36,2,720,6872.0,0.080908,84935.976665,85896.0,1.0,2,7.264469,30458.99351,30458.99351,1587239.8620892,4090146.6715298,142589.36228260002,4958091.0283046,29987159.1227106,100,25,3
Z3,37,2,720,6376.0,0.104612,60949.030704,61304.0,1.0,2,7.264469,25661.604317,25661.604317,1587239.8620892,4090146.6715298,142589.36228260002,4958091.0283046,29987159.1227106,100,25,3
Z3,38,2,720,6872.0,0.103994,66080.735427,66712.0,1.0,2,7.264469,26687.945262,26687.945262,1587239.8620892,4090146.6715298,142589.36228260002,4958091.0283046,29987159.1227106,100,25,3
Z1,0,3,720,12544.0,0.320564,39131.031557,39200.0,1.0,2,12.856476,34514.151573,34514.151573,1587239.8620892,4090146.6715298,142589.36228260002,4958091.0283046,29987159.1227106,100,25,3
Z2,0,3,720,7080.0,0.329871,21462.935511,21512.0,1.0,2,12.856476,30980.532364,30980.532364,1587239.8620892,4090146.6715298,142589.36228260002,4958091.0283046,29987159.1227106,100,25,3
Z2,1,3,720,5664.0,0.122428,46263.926553,46424.0,1.0,2,12.856476,35940.730573,35940.730573,1587239.8620892,4090146.6715298,142589.36228260002,4958091.0283046,29987159.1227106,100,25,3
Z2,2,3,720,7080.0,0.078167,90575.306715,90768.0,1.0,2,12.856476,44803.006605,44803.006605,1587239.8620892,4090146.6715298,142589.36228260002,4958091.0283046,29987159.1227106,100,25,3
Z2,3,3,720,18112.0,0.106294,170395.318645,170864.0,1.0,2,12.856476,60767.008991,60767.008991,1587239.8620892,4090146.6715298,142589.36228260002,4958091.0283046,29987159.1227106,100,25,3
Z2,4,3,720,15304.0,0.085115,179803.794866,180040.0,1.0,2,12.856476,62648.704235,62648.704235,1587239.8620892,4090146.6715298,142589.36228260002,4958091.0283046,29987159.1227106,100,25,3
Z2,5,3,720,17664.0,0.096386,183263.1295,184000.0,1.0,2,12.856476,63340.571162,63340.571162,1587239.8620892,4090146.6715298,142589.36228260002,4958091.0283046,29987159.1227106,100,25,3
Z2,6,3,720,10240.0,0.104282,98195.278188,98456.0,1.0,2,12.856476,46327.0009,46327.0009,1587239.8620892,4090146.6715298,142589.36228260002,4958091.0283046,29987159.1227106,100,25,3
Z2,7,3,720,8424.0,0.112638,74788.259735,75208.0,1.0,2,12.856476,41645.597209,41645.597209,1587239.8620892,4090146.6715298,142589.36228260002,4958091.0283046,29987159.1227106,100,25,3
Z3,0,3,720,6624.0,0.341736,19383.383665,19424.0,1.0,2,12.856476,30564.621995,30564.621995,1587239.8620892,4090146.6715298,142589.36228260002,4958091.0283046,29987159.1227106,100,25,3
Z3,1,3,720,5424.0,0.110334,49159.823808,49304.0,1.0,2,12.856476,36519.910024,36519.910024,1587239.8620892,4090146.6715298,142589.36228260002,4958091.0283046,29987159.1227106,100,25,3
Z3,2,3,720,7080.0,0.106852,66259.87347,66792.0,1.0,2,12.856476,39939.919956,39939.919956,1587239.8620892,4090146.6715298,142589.36228260002,4958091.0283046,29987159.1227106,100,25,3
Z3,3,3,720,7080.0,0.087334,81068.08345,81376.0,1.0,2,12.856476,42901.561952,42901.561952,1587239.8620892,4090146.6715298,142589.36228260002,4958091.0283046,29987159.1227106,100,25,3
Z3,4,3,720,5664.0,0.08034,70500.373413,70800.0,1.0,2,12.856476,40788.019945,40788.019945,1587239.8620892,4090146.6715298,142589.36228260002,4958091.0283046,29987159.1227106,100,25,3
Z3,5,3,720,7080.0,0.109295,64778.809644,64952.0,1.0,2,12.856476,39643.707191,39643.707191,1587239.8620892,4090146.6715298,142589.36228260002,4958091.0283046,29987159.1227106,100,25,3
Z3,6,3,720,7080.0,0.114477,61846.484447,62104.0,1.0,2,12.856476,39057.242151,39057.242151,1587239.8620892,4090146.6715298,142589.36228260002,4958091.0283046,29987159.1227106,100,25,3
Z3,7,3,720,5664.0,0.07826,72374.13749,72608.0,1.0,2,12.856476,41162.77276,41162.77276,1587239.8620892,4090146.6715298,142589.36228260002,4958091.0283046,29987159.1227106,100,25,3
Z3,8,3,720,7080.0,0.076107,93026.922622,93152.0,1.0,2,12.856476,45293.329786,45293.329786,1587239.8620892,4090146.6715298,142589.36228260002,4958091.0283046,29987159.1227106,100,25,3
Z3,9,3,720,7080.0,0.11509,61517.073595,61560.0,1.0,2,12.856476,38991.359981,38991.359981,1587239.8620892,4090146.6715298,142589.36228260002,4958091.0283046,29987159.1227106,100,25,3
Z3,10,3,720,14120.0,0.10889,129672.146203,130736.0,1.0,2,12.856476,52622.374503,52622.374503,1587239.8620892,4090146.6715298,142589.36228260002,4958091.0283046,29987159.1227106,100,25,3
Z3,11,3,720,17536.0,0.104843,167259.61676,168608.0,1.0,2,12.856476,60139.868614,60139.868614,1587239.8620892,4090146.6715298,142589.36228260002,4958091.0283046,29987159.1227106,100,25,3
Z3,12,3,720,16008.0,0.111244,143899.895725,144216.0,1.0,2,12.856476,55467.924407,55467.924407,1587239.8620892,4090146.6715298,142589.36228260002,4958091.0283046,29987159.1227106,100,25,3
Z3,13,3,720,10896.0,0.080322,135653.992679,136200.0,1.0,2,12.856476,53818.743798,53818.743798,1587239.8620892,4090146.6715298,142589.36228260002,4958091.0283046,29987159.1227106,100,25,3
Z3,14,3,720,19720.0,0.116532,169223.904164,170000.0,1.0,2,12.856476,60532.726095,60532.726095,1587239.8620892,4090146.6715298,142589.36228260002,4958091.0283046,29987159.1227106,100,25,3
Z3,15,3,720,20104.0,0.085364,235509.113912,236512.0,1.0,2,12.856476,73789.768044,73789.768044,1587239.8620892,4090146.6715298,142589.36228260002,4958091.0283046,29987159.1227106,100,25,3
Z3,16,3,720,12504.0,0.082382,151780.7288,152480.0,1.0,2,12.856476,57044.091022,57044.091022,1587239.8620892,4090146.6715298,142589.36228260002,4958091.0283046,29987159.1227106,100,25,3
Z3,17,3,720,23072.0,0.122722,188002.151204,189112.0,1.0,2,12.856476,64288.375503,64288.375503,1587239.8620892,4090146.6715298,142589.36228260002,4958091.0283046,29987159.1227106,100,25,3
Z3,18,3,720,18632.0,0.100794,184852.272953,186320.0,1.0,2,12.856476,63658.399853,63658.399853,1587239.8620892,4090146.6715298,142589.36228260002,4958091.0283046,29987159.1227106,100,25,3
Z3,19,3,720,9664.0,0.112282,86069.004827,86280.0,1.0,2,12.856476,43901.746227,43901.746227,1587239.8620892,4090146.6715298,142589.36228260002,4958091.0283046,29987159.1227106,100,25,3
Z3,20,3,720,12280.0,0.087428,140458.434369,141144.0,1.0,2,12.856476,54779.632136,54779.632136,1587239.8620892,4090146.6715298,142589.36228260002,4958091.0283046,29987159.1227106,100,25,3
Z3,21,3,720,10368.0,0.106697,97172.366608,97808.0,1.0,2,12.856476,46122.418584,46122.418584,1587239.8620892,4090146.6715298,142589.36228260002,4958091.0283046,29987159.1227106,100,25,3
Z3,22,3,720,10520.0,0.076437,137629.68196,138416.0,1.0,2,12.856476,54213.881654,54213.881654,1587239.8620892,4090146.6715298,142589.36228260002,4958091.0283046,29987159.1227106,100,25,3
Z3,23,3,720,15288.0,0.089646,170537.447293,171768.0,1.0,2,12.856476,60795.434721,60795.434721,1587239.8620892,4090146.6715298,142589.36228260002,4958091.0283046,29987159.1227106,100,25,3
Z3,24,3,720,16344.0,0.113223,144352.295912,144632.0,1.0,2,12.856476,55558.404444,55558.404444,1587239.8620892,4090146.6715298,142589.36228260002,4958091.0283046,29987159.1227106,100,25,3
Z3,25,3,720,9016.0,0.105973,85078.274655,85864.0,1.0,2,12.856476,43703.600193,43703.600193,1587239.8620892,4090146.6715298,142589.36228260002,4958091.0283046,29987159.1227106,100,25,3
Z3,26,3,720,13800.0,0.09886,139591.341291,140816.0,1.0,2,12.856476,54606.21352,54606.21352,1587239.8620892,4090146.6715298,142589.36228260002,4958091.0283046,29987159.1227106,100,25,3
Z3,27,3,720,9896.0,0.118277,83667.999696,83864.0,1.0,2,12.856476,43421.545201,43421.545201,1587239.8620892,4090146.6715298,142589.36228260002,4958091.0283046,29987159.1227106,100,25,3
Z3,28,3,720,6376.0,0.10637,59941.712889,60144.0,1.0,2,12.856476,38676.28784,38676.28784,1587239.8620892,4090146.6715298,142589.36228260002,4958091.0283046,29987159.1227106,100,25,3
Z3,29,3,720,6872.0,0.099652,68959.980733,69408.0,1.0,2,12.856476,40479.941409,40479.941409,1587239.8620892,4090146.6715298,142589.36228260002,4958091.0283046,29987159.1227106,100,25,3
Z3,30,3,720,6872.0,0.079604,86327.320235,86984.0,1.0,2,12.856476,43953.409309,43953.409309,1587239.8620892,4090146.6715298,142589.36228260002,4958091.0283046,29987159.1227106,100,25,3
Z3,31,3,720,6376.0,0.088474,72066.369781,72448.0,1.0,2,12.856476,41101.219218,41101.219218,1587239.8620892,4090146.6715298,142589.36228260002,4958091.0283046,29987159.1227106,100,25,3
Z3,32,3,720,6872.0,0.080846,85001.113228,85896.0,1.0,2,12.856476,43688.167908,43688.167908,1587239.8620892,4090146.6715298,142589.36228260002,4958091.0283046,29987159.1227106,100,25,3
Z3,33,3,720,6872.0,0.077563,88598.945373,89240.0,1.0,2,12.856476,44407.734337,44407.734337,1587239.8620892,4090146.6715298,142589.36228260002,4958091.0283046,29987159.1227106,100,25,3
Z3,34,3,720,6376.0,0.118501,53805.453119,54032.0,1.0,2,12.856476,37449.035886,37449.035886,1587239.8620892,4090146.6715298,142589.36228260002,4958091.0283046,29987159.1227106,100,25,3
Z3,35,3,720,6872.0,0.120785,56894.481931,57264.0,1.0,2,12.856476,38066.841648,38066.841648,1587239.8620892,4090146.6715298,142589.36228260002,4958091.0283046,29987159.1227106,100,25,3
Z3,36,3,720,6872.0,0.079131,86843.335734,86984.0,1.0,2,12.856476,44056.612409,44056.612409,1587239.8620892,4090146.6715298,142589.36228260002,4958091.0283046,29987159.1227106,100,25,3
Z3,37,3,720,6376.0,0.427692,14907.924394,14928.0,1.0,2,12.856476,29669.530141,29669.530141,1587239.8620892,4090146.6715298,142589.36228260002,4958091.0283046,29987159.1227106,100,25,3
Z3,38,3,720,6872.0,0.104772,65590.043141,66072.0,1.0,2,12.856476,39805.95389,39805.95389,1587239.8620892,4090146.6715298,142589.36228260002,4958091.0283046,29987159.1227106,100,25,3
Z1,0,4,720,6648.0,0.313662,21194.789295,21232.0,1.0,2,18.64429,44044.911749,44044.911749,1587239.8620892,4090146.6715298,142589.36228260002,4958091.0283046,29987159.1227106,100,25,3
Z2,0,4,720,7296.0,0.328261,22226.216334,22240.0,1.0,2,18.64429,44251.197157,44251.197157,1587239.8620892,4090146.6715298,142589.36228260002,4958091.0283046,29987159.1227106,100,25,3
Z2,1,4,720,7200.0,0.111601,64515.550936,64864.0,1.0,2,18.64429,52709.064077,52709.064077,1587239.8620892,4090146.6715298,142589.36228260002,4958091.0283046,29987159.1227106,100,25,3
Z2,2,4,720,26248.0,0.114951,228340.771285,230240.0,1.0,2,18.64429,85474.108147,85474.108147,1587239.8620892,4090146.6715298,142589.36228260002,4958091.0283046,29987159.1227106,100,25,3
Z2,3,4,720,17272.0,0.095935,180038.56778,181808.0,1.0,2,18.64429,75813.667446,75813.667446,1587239.8620892,4090146.6715298,142589.36228260002,4958091.0283046,29987159.1227106,100,25,3
Z2,4,4,720,22592.0,0.109656,206026.118042,207264.0,1.0,2,18.64429,81011.177499,81011.177499,1587239.8620892,4090146.6715298,142589.36228260002,4958091.0283046,29987159.1227106,100,25,3
Z2,5,4,720,8544.0,0.077269,110574.74537,110960.0,1.0,2,18.64429,61920.902964,61920.902964,1587239.8620892,4090146.6715298,142589.36228260002,4958091.0283046,29987159.1227106,100,25,3
Z2,6,4,720,6424.0,0.090111,71289.853625,71376.0,1.0,2,18.64429,54063.924615,54063.924615,1587239.8620892,4090146.6715298,142589.36228260002,4958091.0283046,29987159.1227106,100,25,3
Z2,7,4,720,6872.0,0.096749,71029.157924,71576.0,1.0,2,18.64429,54011.785475,54011.785475,1587239.8620892,4090146.6715298,142589.36228260002,4958091.0283046,29987159.1227106,100,25,3
Z3,0,4,720,6624.0,0.319746,20716.443677,20760.0,1.0,2,18.64429,43949.242626,43949.242626,1587239.8620892,4090146.6715298,142589.36228260002,4958091.0283046,29987159.1227106,100,25,3
Z3,1,4,720,6448.0,0.375598,17167.290561,17192.0,1.0,2,18.64429,43239.412002,43239.412002,1587239.8620892,4090146.6715298,142589.36228260002,4958091.0283046,29987159.1227106,100,25,3
Z3,2,4,720,7448.0,0.083063,89666.879357,89728.0,1.0,2,18.64429,57739.329762,57739.329762,1587239.8620892,4090146.6715298,142589.36228260002,4958091.0283046,29987159.1227106,100,25,3
Z3,3,4,720,7424.0,0.117571,63144.823128,63448.0,1.0,2,18.64429,52434.918516,52434.918516,1587239.8620892,4090146.6715298,142589.36228260002,4958091.0283046,29987159.1227106,100,25,3
Z3,4,4,720,6648.0,0.113285,58683.850466,58824.0,1.0,2,18.64429,51542.723983,51542.723983,1587239.8620892,4090146.6715298,142589.36228260002,4958091.0283046,29987159.1227106,100,25,3
Z3,5,4,720,7224.0,0.120538,59931.307969,60200.0,1.0,2,18.64429,51792.215484,51792.215484,1587239.8620892,4090146.6715298,142589.36228260002,4958091.0283046,29987159.1227106,100,25,3
Z3,6,4,720,7240.0,0.090223,80245.613646,80440.0,1.0,2,18.64429,55855.076619,55855.076619,1587239.8620892,4090146.6715298,142589.36228260002,4958091.0283046,29987159.1227106,100,25,3
Z3,7,4,720,6648.0,0.112853,58908.491578,59352.0,1.0,2,18.64429,51587.652206,51587.652206,1587239.8620892,4090146.6715298,142589.36228260002,4958091.0283046,29987159.1227106,100,25,3
Z3,8,4,720,7232.0,0.083593,86514.421064,87128.0,1.0,2,18.64429,57108.838103,57108.838103,1587239.8620892,4090146.6715298,142589.36228260002,4958091.0283046,29987159.1227106,100,25,3
Z3,9,4,720,7296.0,0.091862,79423.483051,80168.0,1.0,2,18.64429,55690.6505,55690.6505,1587239.8620892,4090146.6715298,142589.36228260002,4958091.0283046,29987159.1227106,100,25,3
Z3,10,4,720,16456.0,0.086447,190359.410969,191344.0,1.0,2,18.64429,77877.836084,77877.836084,1587239.8620892,4090146.6715298,142589.36228260002,4958091.0283046,29987159.1227106,100,25,3
Z3,11,4,720,25392.0,0.100226,253347.434797,253920.0,1.0,2,18.64429,90475.44085,90475.44085,1587239.8620892,4090146.6715298,142589.36228260002,4958091.0283046,29987159.1227106,100,25,3
Z3,12,4,720,21592.0,0.112141,192543.316004,192784.0,1.0,2,18.64429,78314.617091,78314.617091,1587239.8620892,4090146.6715298,142589.36228260002,4958091.0283046,29987159.1227106,100,25,3
Z3,13,4,720,13528.0,0.082741,163498.144813,164968.0,1.0,2,18.64429,72505.582853,72505.582853,1587239.8620892,4090146.6715298,142589.36228260002,4958091.0283046,29987159.1227106,100,25,3
Z3,14,4,720,29512.0,0.124373,237286.227718,238000.0,1.0,2,18.64429,87263.199434,87263.199434,1587239.8620892,4090146.6715298,142589.36228260002,4958091.0283046,29987159.1227106,100,25,3
Z3,15,4,720,29688.0,0.103343,287276.351567,288232.0,1.0,2,18.64429,97261.224204,97261.224204,1587239.8620892,4090146.6715298,142589.36228260002,4958091.0283046,29987159.1227106,100,25,3
Z3,16,4,720,16760.0,0.420718,39836.660186,39904.0,1.0,2,18.64429,47773.285927,47773.285927,1587239.8620892,4090146.6715298,142589.36228260002,4958091.0283046,29987159.1227106,100,25,3
Z3,17,4,720,33128.0,0.113381,292182.993623,293168.0,1.0,2,18.64429,98242.552615,98242.552615,1587239.8620892,4090146.6715298,142589.36228260002,4958091.0283046,29987159.1227106,100,25,3
Z3,18,4,720,26240.0,0.087835,298741.959356,301608.0,1.0,2,18.64429,99554.345761,99554.345761,1587239.8620892,4090146.6715298,142589.36228260002,4958091.0283046,29987159.1227106,100,25,3
Z3,19,4,720,14624.0,0.092551,158010.178172,158952.0,1.0,2,18.64429,71407.989525,71407.989525,1587239.8620892,4090146.6715298,142589.36228260002,4958091.0283046,29987159.1227106,100,25,3
Z3,20,4,720,26816.0,0.111895,239653.246347,241584.0,1.0,2,18.64429,87736.60316,87736.60316,1587239.8620892,4090146.6715298,142589.36228260002,4958091.0283046,29987159.1227106,100,25,3
Z3,21,4,720,23128.0,0.120405,192085.046302,192728.0,1.0,2,18.64429,78222.963151,78222.963151,1587239.8620892,4090146.6715298,142589.36228260002,4958091.0283046,29987159.1227106,100,25,3
Z3,22,4,720,19440.0,0.117606,165297.688893,166152.0,1.0,2,18.64429,72865.491669,72865.491669,1587239.8620892,4090146.6715298,142589.36228260002,4958091.0283046,29987159.1227106,100,25,3
Z3,23,4,720,29088.0,0.093379,311504.728044,312768.0,1.0,2,18.64429,102106.899499,102106.899499,1587239.8620892,4090146.6715298,142589.36228260002,4958091.0283046,29987159.1227106,100,25,3
Z3,24,4,720,29840.0,0.107455,277697.640873,278872.0,1.0,2,18.64429,95345.482065,95345.482065,1587239.8620892,4090146.6715298,142589.36228260002,4958091.0283046,29987159.1227106,100,25,3
Z3,25,4,720,17200.0,0.10552,163002.27445,163808.0,1.0,2,18.64429,72406.40878,72406.40878,1587239.8620892,4090146.6715298,142589.36228260002,4958091.0283046,29987159.1227106,100,25,3
Z3,26,4,720,25664.0,0.112608,227905.655016,229136.0,1.0,2,18.64429,85387.084893,85387.084893,1587239.8620892,4090146.6715298,142589.36228260002,4958091.0283046,29987159.1227106,100,25,3
Z3,27,4,720,26808.0,0.120782,221953.602358,223400.0,1.0,2,18.64429,84196.674362,84196.674362,1587239.8620892,4090146.6715298,142589.36228260002,4958091.0283046,29987159.1227106,100,25,3
Z3,28,4,720,12720.0,0.087047,146127.953864,146200.0,1.0,2,18.64429,69031.544663,69031.544663,1587239.8620892,4090146.6715298,142589.36228260002,4958091.0283046,29987159.1227106,100,25,3
Z3,29,4,720,11496.0,0.124083,92647.663258,92704.0,1.0,2,18.64429,58335.486542,58335.486542,1587239.8620892,4090146.6715298,142589.36228260002,4958091.0283046,29987159.1227106,100,25,3
Z3,30,4,720,17472.0,0.10474,166813.060913,168000.0,1.0,2,18.64429,73168.566073,73168.566073,1587239.8620892,4090146.6715298,142589.36228260002,4958091.0283046,29987159.1227106,100,25,3
Z3,31,4,720,6448.0,0.105916,60878.431965,61408.0,1.0,2,18.64429,51981.640283,51981.640283,1587239.8620892,4090146.6715298,142589.36228260002,4958091.0283046,29987159.1227106,100,25,3
Z3,32,4,720,7200.0,0.080904,88994.36369,90000.0,1.0,2,18.64429,57604.826628,57604.826628,1587239.8620892,4090146.6715298,142589.36228260002,4958091.0283046,29987159.1227106,100,25,3
Z3,33,4,720,7520.0,0.083569,89985.520947,90600.0,1.0,2,18.64429,57803.05808,57803.05808,1587239.8620892,4090146.6715298,142589.36228260002,4958091.0283046,29987159.1227106,100,25,3
Z3,34,4,720,6728.0,0.102723,65496.529502,65960.0,1.0,2,18.64429,52905.259791,52905.259791,1587239.8620892,4090146.6715298,142589.36228260002,4958091.0283046,29987159.1227106,100,25,3
Z3,35,4,720,7224.0,0.120955,59724.691001,60200.0,1.0,2,18.64429,51750.89209,51750.89209,1587239.8620892,4090146.6715298,142589.36228260002,4958091.0283046,29987159.1227106,100,25,3
Z3,36,4,720,7256.0,0.101043,71811.011154,71840.0,1.0,2,18.64429,54168.156121,54168.156121,1587239.8620892,4090146.6715298,142589.36228260002,4958091.0283046,29987159.1227106,100,25,3
Z3,37,4,720,6544.0,0.087902,74446.542741,75216.0,1.0,2,18.64429,54695.262438,54695.262438,1587239.8620892,4090146.6715298,142589.36228260002,4958091.0283046,29987159.1227106,100,25,3
Z3,38,4,720,12272.0,0.118824,103278.798896,104000.0,1.0,2,18.64429,60461.713669,60461.713669,1587239.8620892,4090146.6715298,142589.36228260002,4958091.0283046,29987159.1227106,100,25,3
Z1,0,5,720,8792.0,1.380864,6367.028179,6368.0,1.0,2,24.829314,61735.119305,61735.119305,1587239.8620892,4090146.6715298,142589.36228260002,4958091.0283046,29987159.1227106,100,25,3
Z2,0,5,720,6624.0,0.28881,22935.493923,23000.0,1.0,2,24.829314,65048.812454,65048.812454,1587239.8620892,4090146.6715298,142589.36228260002,4958091.0283046,29987159.1227106,100,25,3
Z2,1,5,720,7616.0,0.114111,66742.031881,66800.0,1.0,2,24.829314,73810.120046,73810.120046,1587239.8620892,4090146.6715298,142589.36228260002,4958091.0283046,29987159.1227106,100,25,3
Z2,2,5,720,8816.0,0.103142,85474.394524,85592.0,1.0,2,24.829314,77556.592574,77556.592574,1587239.8620892,4090146.6715298,142589.36228260002,4958091.0283046,29987159.1227106,100,25,3
Z2,3,5,720,14976.0,0.07791,192221.794378,194488.0,1.0,2,24.829314,98906.072545,98906.072545,1587239.8620892,4090146.6715298,142589.36228260002,4958091.0283046,29987159.1227106,100,25,3
Z2,4,5,720,20272.0,0.111183,182330.032469,182624.0,1.0,2,24.829314,96927.720163,96927.720163,1587239.8620892,4090146.6715298,142589.36228260002,4958091.0283046,29987159.1227106,100,25,3
Z2,5,5,720,21272.0,0.091212,233214.92786,233752.0,1.0,2,24.829314,107104.699241,107104.699241,1587239.8620892,4090146.6715298,142589.36228260002,4958091.0283046,29987159.1227106,100,25,3
Z2,6,5,720,9680.0,0.08846,109427.990052,110000.0,1.0,2,24.829314,82347.31168,82347.31168,1587239.8620892,4090146.6715298,142589.36228260002,4958091.0283046,29987159.1227106,100,25,3
Z2,7,5,720,12888.0,0.08835,145874.363328,146448.0,1.0,2,24.829314,89636.586335,89636.586335,1587239.8620892,4090146.6715298,142589.36228260002,4958091.0283046,29987159.1227106,100,25,3
Z3,0,5,720,7712.0,0.379896,20300.292712,20344.0,1.0,2,24.829314,64521.772212,64521.772212,1587239.8620892,4090146.6715298,142589.36228260002,4958091.0283046,29987159.1227106,100,25,3
Z3,1,5,720,9624.0,0.096282,99956.378139,100248.0,1.0,2,24.829314,80452.989297,80452.989297,1587239.8620892,4090146.6715298,142589.36228260002,4958091.0283046,29987159.1227106,100,25,3
Z3,2,5,720,9096.0,0.096446,94311.842897,94744.0,1.0,2,24.829314,79324.082249,79324.082249,1587239.8620892,4090146.6715298,142589.36228260002,4958091.0283046,29987159.1227106,100,25,3
Z3,3,5,720,7632.0,0.101835,74944.763588,75560.0,1.0,2,24.829314,75450.666387,75450.666387,1587239.8620892,4090146.6715298,142589.36228260002,4958091.0283046,29987159.1227106,100,25,3
Z3,4,5,720,8304.0,0.111534,74452.633278,74808.0,1.0,2,24.829314,75352.240325,75352.240325,1587239.8620892,4090146.6715298,142589.36228260002,4958091.0283046,29987159.1227106,100,25,3
Z3,5,5,720,8504.0,0.0985,86335.025381,86768.0,1.0,2,24.829314,77728.718746,77728.718746,1587239.8620892,4090146.6715298,142589.36228260002,4958091.0283046,29987159.1227106,100,25,3
Z3,6,5,720,7384.0,0.122461,60296.747536,60520.0,1.0,2,24.829314,72521.063177,72521.063177,1587239.8620892,4090146.6715298,142589.36228260002,4958091.0283046,29987159.1227106,100,25,3
Z3,7,5,720,8968.0,0.080001,112098.598768,112096.0,1.0,2,24.829314,82881.433423,82881.433423,1587239.8620892,4090146.6715298,142589.36228260002,4958091.0283046,29987159.1227106,100,25,3
Z3,8,5,720,8912.0,0.125532,70993.850174,71296.0,1.0,2,24.829314,74660.483704,74660.483704,1587239.8620892,4090146.6715298,142589.36228260002,4958091.0283046,29987159.1227106,100,25,3
Z3,9,5,720,16688.0,0.838761,19896.013286,19912.0,1.0,2,24.829314,64440.916327,64440.916327,1587239.8620892,4090146.6715298,142589.36228260002,4958091.0283046,29987159.1227106,100,25,3
Z3,10,5,720,23832.0,0.104753,227506.610789,229152.0,1.0,2,24.829314,105963.035827,105963.035827,1587239.8620892,4090146.6715298,142589.36228260002,4958091.0283046,29987159.1227106,100,25,3
Z3,11,5,720,21144.0,0.121756,173658.792996,174736.0,1.0,2,24.829314,95193.472269,95193.472269,1587239.8620892,4090146.6715298,142589.36228260002,4958091.0283046,29987159.1227106,100,25,3
Z3,12,5,720,14272.0,0.112269,127123.248626,127424.0,1.0,2,24.829314,85886.363395,85886.363395,1587239.8620892,4090146.6715298,142589.36228260002,4958091.0283046,29987159.1227106,100,25,3
Z3,13,5,720,27640.0,0.087427,316149.473275,317696.0,1.0,2,24.829314,123691.608324,123691.608324,1587239.8620892,4090146.6715298,142589.36228260002,4958091.0283046,29987159.1227106,100,25,3
Z3,14,5,720,33288.0,0.125879,264444.426791,266304.0,1.0,2,24.829314,113350.599028,113350.599028,1587239.8620892,4090146.6715298,142589.36228260002,4958091.0283046,29987159.1227106,100,25,3
Z3,15,5,720,17576.0,0.119238,147402.673644,147696.0,1.0,2,24.829314,89942.248398,89942.248398,1587239.8620892,4090146.6715298,142589.36228260002,4958091.0283046,29987159.1227106,100,25,3
Z3,16,5,720,34872.0,0.121319,287440.549296,288192.0,1.0,2,24.829314,117949.823529,117949.823529,1587239.8620892,4090146.6715298,142589.36228260002,4958091.0283046,29987159.1227106,100,25,3
Z3,17,5,720,27336.0,0.099369,275095.854844,276120.0,1.0,2,24.829314,115480.884638,115480.884638,1587239.8620892,4090146.6715298,142589.36228260002,4958091.0283046,29987159.1227106,100,25,3
Z3,18,5,720,25312.0,0.108738,232779.709025,234368.0,1.0,2,24.829314,107017.655474,107017.655474,1587239.8620892,4090146.6715298,142589.36228260002,4958091.0283046,29987159.1227106,100,25,3
Z3,19,5,720,18312.0,0.096606,189553.443885,190744.0,1.0,2,24.829314,98372.402447,98372.402447,1587239.8620892,4090146.6715298,142589.36228260002,4958091.0283046,29987159.1227106,100,25,3
Z3,20,5,720,41432.0,0.107077,386936.503638,387208.0,1.0,2,24.829314,137849.014397,137849.014397,1587239.8620892,4090146.6715298,142589.36228260002,4958091.0283046,29987159.1227106,100,25,3
Z3,21,5,720,36760.0,0.09254,397233.628701,399560.0,1.0,2,24.829314,139908.43941,139908.43941,1587239.8620892,4090146.6715298,142589.36228260002,4958091.0283046,29987159.1227106,100,25,3
Z3,22,5,720,21272.0,0.125307,169759.07172,170176.0,1.0,2,24.829314,94413.528013,94413.528013,1587239.8620892,4090146.6715298,142589.36228260002,4958091.0283046,29987159.1227106,100,25,3
Z3,23,5,720,43464.0,0.121023,359138.345604,359200.0,1.0,2,24.829314,132289.38279,132289.38279,1587239.8620892,4090146.6715298,142589.36228260002,4958091.0283046,29987159.1227106,100,25,3
Z3,24,5,720,42000.0,0.120945,347265.285874,350000.0,1.0,2,24.829314,129914.770844,129914.770844,1587239.8620892,4090146.6715298,142589.36228260002,4958091.0283046,29987159.1227106,100,25,3
Z3,25,5,720,20304.0,0.104014,195204.491703,195224.0,1.0,2,24.829314,99502.61201,99502.61201,1587239.8620892,4090146.6715298,142589.36228260002,4958091.0283046,29987159.1227106,100,25,3
Z3,26,5,720,32736.0,0.120211,272321.168612,272800.0,1.0,2,24.829314,114925.947392,114925.947392,1587239.8620892,4090146.6715298,142589.36228260002,4958091.0283046,29987159.1227106,100,25,3
Z3,27,5,720,34608.0,0.108114,320106.554193,320440.0,1.0,2,24.829314,124483.024508,124483.024508,1587239.8620892,4090146.6715298,142589.36228260002,4958091.0283046,29987159.1227106,100,25,3
Z3,28,5,720,13208.0,0.08211,160857.386433,161072.0,1.0,2,24.829314,92633.190956,92633.190956,1587239.8620892,4090146.6715298,142589.36228260002,4958091.0283046,29987159.1227106,100,25,3
Z3,29,5,720,16320.0,0.111917,145822.350492,147024.0,1.0,2,24.829314,89626.183768,89626.183768,1587239.8620892,4090146.6715298,142589.36228260002,4958091.0283046,29987159.1227106,100,25,3
Z3,30,5,720,8752.0,0.107908,81106.127442,81792.0,1.0,2,24.829314,76682.939158,76682.939158,1587239.8620892,4090146.6715298,142589.36228260002,4958091.0283046,29987159.1227106,100,25,3
Z3,31,5,720,12760.0,0.440219,28985.57309,29000.0,1.0,2,24.829314,66258.828287,66258.828287,1587239.8620892,4090146.6715298,142589.36228260002,4958091.0283046,29987159.1227106,100,25,3
Z3,32,5,720,15440.0,0.082824,186419.395344,188288.0,1.0,2,24.829314,97745.592738,97745.592738,1587239.8620892,4090146.6715298,142589.36228260002,4958091.0283046,29987159.1227106,100,25,3
Z3,33,5,720,10000.0,0.097087,103000.401702,103088.0,1.0,2,24.829314,81061.79401,81061.79401,1587239.8620892,4090146.6715298,142589.36228260002,4958091.0283046,29987159.1227106,100,25,3
Z3,34,5,720,15200.0,0.080762,188207.325227,190000.0,1.0,2,24.829314,98103.178715,98103.178715,1587239.8620892,4090146.6715298,142589.36228260002,4958091.0283046,29987159.1227106,100,25,3
Z3,35,5,720,18352.0,0.098591,186142.751367,187264.0,1.0,2,24.829314,97690.263943,97690.263943,1587239.8620892,4090146.6715298,142589.36228260002,4958091.0283046,29987159.1227106,100,25,3
Z3,36,5,720,11224.0,0.410615,27334.607844,27368.0,1.0,2,24.829314,65928.635238,65928.635238,1587239.8620892,4090146.6715298,142589.36228260002,4958091.0283046,29987159.1227106,100,25,3
Z3,37,5,720,23240.0,0.495335,46917.742538,46944.0,1.0,2,24.829314,69845.262177,69845.262177,1587239.8620892,4090146.6715298,142589.36228260002,4958091.0283046,29987159.1227106,100,25,3
Z3,38,5,720,16824.0,0.098179,171360.474236,171672.0,1.0,2,24.829314,94733.808517,94733.808517,1587239.8620892,4090146.6715298,142589.36228260002,4958091.0283046,29987159.1227106,100,25,3
Z1,0,6,720,14912.0,2.578045,5784.227971,5784.0,1.0,2,33.334128,82418.855934,82418.855934,1587239.8620892,4090146.6715298,142589.36228260002,4958091.0283046,29987159.1227106,100,25,3
Z2,0,6,720,6624.0,0.320484,20668.738533,20696.0,1.0,2,33.334128,85395.758047,85395.758047,1587239.8620892,4090146.6715298,142589.36228260002,4958091.0283046,29987159.1227106,100,25,3
Z2,1,6,720,6768.0,0.109811,61633.169719,62088.0,1.0,2,33.334128,93588.644284,93588.644284,1587239.8620892,4090146.6715298,142589.36228260002,4958091.0283046,29987159.1227106,100,25,3
Z2,2,6,720,7488.0,0.125471,59679.129042,59904.0,1.0,2,33.334128,93197.836148,93197.836148,1587239.8620892,4090146.6715298,142589.36228260002,4958091.0283046,29987159.1227106,100,25,3
Z2,3,6,720,7752.0,0.081126,95555.062495,95696.0,1.0,2,33.334128,100373.022839,100373.022839,1587239.8620892,4090146.6715298,142589.36228260002,4958091.0283046,29987159.1227106,100,25,3
Z2,4,6,720,10768.0,0.099782,107915.255256,108760.0,1.0,2,33.334128,102845.061391,102845.061391,1587239.8620892,4090146.6715298,142589.36228260002,4958091.0283046,29987159.1227106,100,25,3
Z2,5,6,720,17456.0,0.120452,144920.798326,145464.0,1.0,2,33.334128,110246.170005,110246.170005,1587239.8620892,4090146.6715298,142589.36228260002,4958091.0283046,29987159.1227106,100,25,3
Z2,6,6,720,9568.0,0.081125,117941.448382,118120.0,1.0,2,33.334128,104850.300016,104850.300016,1587239.8620892,4090146.6715298,142589.36228260002,4958091.0283046,29987159.1227106,100,25,3
Z2,7,6,720,12800.0,0.106414,120284.924916,120752.0,1.0,2,33.334128,105318.995323,105318.995323,1587239.8620892,4090146.6715298,142589.36228260002,4958091.0283046,29987159.1227106,100,25,3
Z3,0,6,720,6760.0,0.349792,19325.770744,19368.0,1.0,2,33.334128,85127.164489,85127.164489,1587239.8620892,4090146.6715298,142589.36228260002,4958091.0283046,29987159.1227106,100,25,3
Z3,1,6,720,8320.0,0.080662,103146.463019,104000.0,1.0,2,33.334128,101891.302944,101891.302944,1587239.8620892,4090146.6715298,142589.36228260002,4958091.0283046,29987159.1227106,100,25,3
Z3,2,6,720,7800.0,0.099878,78095.276237,78784.0,1.0,2,33.334128,96881.065587,96881.065587,1587239.8620892,4090146.6715298,142589.36228260002,4958091.0283046,29987159.1227106,100,25,3
Z3,3,6,720,6928.0,0.088503,78279.832322,78720.0,1.0,2,33.334128,96917.976804,96917.976804,1587239.8620892,4090146.6715298,142589.36228260002,4958091.0283046,29987159.1227106,100,25,3
Z3,4,6,720,7472.0,0.085591,87298.898249,87904.0,1.0,2,33.334128,98721.78999,98721.78999,1587239.8620892,4090146.6715298,142589.36228260002,4958091.0283046,29987159.1227106,100,25,3
Z3,5,6,720,7416.0,0.10552,70280.515542,70624.0,1.0,2,33.334128,95318.113448,95318.113448,1587239.8620892,4090146.6715298,142589.36228260002,4958091.0283046,29987159.1227106,100,25,3
Z3,6,6,720,6760.0,0.124578,54263.192538,54512.0,1.0,2,33.334128,92114.648848,92114.648848,1587239.8620892,4090146.6715298,142589.36228260002,4958091.0283046,29987159.1227106,100,25,3
Z3,7,6,720,7600.0,0.082929,91644.65989,92680.0,1.0,2,33.334128,99590.942318,99590.942318,1587239.8620892,4090146.6715298,142589.36228260002,4958091.0283046,29987159.1227106,100,25,3
Z3,8,6,720,7600.0,0.122079,62254.769453,62288.0,1.0,2,33.334128,93712.964231,93712.964231,1587239.8620892,4090146.6715298,142589.36228260002,4958091.0283046,29987159.1227106,100,25,3
Z3,9,6,720,12912.0,0.103594,124640.423191,125352.0,1.0,2,33.334128,106190.094978,106190.094978,1587239.8620892,4090146.6715298,142589.36228260002,4958091.0283046,29987159.1227106,100,25,3
Z3,10,6,720,17552.0,0.102822,170702.76789,172072.0,1.0,2,33.334128,115402.563918,115402.563918,1587239.8620892,4090146.6715298,142589.36228260002,4958091.0283046,29987159.1227106,100,25,3
Z3,11,6,720,14968.0,0.108341,138156.376626,138592.0,1.0,2,33.334128,108893.285665,108893.285665,1587239.8620892,4090146.6715298,142589.36228260002,4958091.0283046,29987159.1227106,100,25,3
Z3,12,6,720,10336.0,0.100731,102609.921474,103360.0,1.0,2,33.334128,101783.994635,101783.994635,1587239.8620892,4090146.6715298,142589.36228260002,4958091.0283046,29987159.1227106,100,25,3
Z3,13,6,720,18344.0,0.094416,194289.103542,195144.0,1.0,2,33.334128,120119.831048,120119.831048,1587239.8620892,4090146.6715298,142589.36228260002,4958091.0283046,29987159.1227106,100,25,3
Z3,14,6,720,20456.0,0.117371,174284.959658,174832.0,1.0,2,33.334128,116119.002272,116119.002272,1587239.8620892,4090146.6715298,142589.36228260002,4958091.0283046,29987159.1227106,100,25,3
Z3,15,6,720,12480.0,0.093694,133199.56454,134192.0,1.0,2,33.334128,107901.923248,107901.923248,1587239.8620892,4090146.6715298,142589.36228260002,4958091.0283046,29987159.1227106,100,25,3
Z3,16,6,720,18912.0,0.098639,191729.437646,192976.0,1.0,2,33.334128,119607.897869,119607.897869,1587239.8620892,4090146.6715298,142589.36228260002,4958091.0283046,29987159.1227106,100,25,3
Z3,17,6,720,16112.0,0.10249,157205.581032,157960.0,1.0,2,33.334128,112703.126546,112703.126546,1587239.8620892,4090146.6715298,142589.36228260002,4958091.0283046,29987159.1227106,100,25,3
Z3,18,6,720,16088.0,0.116345,138278.396149,138688.0,1.0,2,33.334128,108917.68957,108917.68957,1587239.8620892,4090146.6715298,142589.36228260002,4958091.0283046,29987159.1227106,100,25,3
Z3,19,6,720,31984.0,0.121046,264230.12739,264328.0,1.0,2,33.334128,134108.035818,134108.035818,1587239.8620892,4090146.6715298,142589.36228260002,4958091.0283046,29987159.1227106,100,25,3
Z3,20,6,720,21472.0,0.084095,255330.28123,255616.0,1.0,2,33.334128,132328.066586,132328.066586,1587239.8620892,4090146.6715298,142589.36228260002,4958091.0283046,29987159.1227106,100,25,3
Z3,21,6,720,19320.0,0.122479,157741.327085,158360.0,1.0,2,33.334128,112810.275757,112810.275757,1587239.8620892,4090146.6715298,142589.36228260002,4958091.0283046,29987159.1227106,100,25,3
Z3,22,6,720,33040.0,0.091233,362149.660759,363072.0,1.0,2,33.334128,153691.942492,153691.942492,1587239.8620892,4090146.6715298,142589.36228260002,4958091.0283046,29987159.1227106,100,25,3
Z3,23,6,720,26472.0,0.094764,279346.587312,281616.0,1.0,2,33.334128,137131.327802,137131.327802,1587239.8620892,4090146.6715298,142589.36228260002,4958091.0283046,29987159.1227106,100,25,3
Z3,24,6,720,12984.0,0.098165,132267.101309,132488.0,1.0,2,33.334128,107715.430602,107715.430602,1587239.8620892,4090146.6715298,142589.36228260002,4958091.0283046,29987159.1227106,100,25,3
Z3,25,6,720,21128.0,0.105007,201205.63391,201216.0,1.0,2,33.334128,121503.137122,121503.137122,1587239.8620892,4090146.6715298,142589.36228260002,4958091.0283046,29987159.1227106,100,25,3
Z3,26,6,720,21576.0,0.122577,176019.97112,176848.0,1.0,2,33.334128,116466.004564,116466.004564,1587239.8620892,4090146.6715298,142589.36228260002,4958091.0283046,29987159.1227106,100,25,3
Z3,27,6,720,14376.0,0.099589,144353.29203,145208.0,1.0,2,33.334128,110132.668746,110132.668746,1587239.8620892,4090146.6715298,142589.36228260002,4958091.0283046,29987159.1227106,100,25,3
Z3,28,6,720,7048.0,0.119472,58992.902103,59224.0,1.0,2,33.334128,93060.590761,93060.590761,1587239.8620892,4090146.6715298,142589.36228260002,4958091.0283046,29987159.1227106,100,25,3
Z3,29,6,720,8656.0,0.102534,84420.777498,84856.0,1.0,2,33.334128,98146.16584,98146.16584,1587239.8620892,4090146.6715298,142589.36228260002,4958091.0283046,29987159.1227106,100,25,3
Z3,30,6,720,9488.0,0.084861,111806.365704,112952.0,1.0,2,33.334128,103623.283481,103623.283481,1587239.8620892,4090146.6715298,142589.36228260002,4958091.0283046,29987159.1227106,100,25,3
Z3,31,6,720,8424.0,0.404837,20808.374729,20848.0,1.0,2,33.334128,85423.685286,85423.685286,1587239.8620892,4090146.6715298,142589.36228260002,4958091.0283046,29987159.1227106,100,25,3
Z3,32,6,720,9328.0,0.111019,84021.653951,84032.0,1.0,2,33.334128,98066.34113,98066.34113,1587239.8620892,4090146.6715298,142589.36228260002,4958091.0283046,29987159.1227106,100,25,3
Z3,33,6,720,8680.0,0.083354,104134.174725,104576.0,1.0,2,33.334128,102088.845285,102088.845285,1587239.8620892,4090146.6715298,142589.36228260002,4958091.0283046,29987159.1227106,100,25,3
Z3,34,6,720,7160.0,0.435535,16439.551356,16456.0,1.0,2,33.334128,84549.920611,84549.920611,1587239.8620892,4090146.6715298,142589.36228260002,4958091.0283046,29987159.1227106,100,25,3
Z3,35,6,720,10360.0,0.077378,133888.185272,134544.0,1.0,2,33.334128,108039.647394,108039.647394,1587239.8620892,4090146.6715298,142589.36228260002,4958091.0283046,29987159.1227106,100,25,3
Z3,36,6,720,9048.0,0.106727,84777.047982,85352.0,1.0,2,33.334128,98217.419936,98217.419936,1587239.8620892,4090146.6715298,142589.36228260002,4958091.0283046,29987159.1227106,100,25,3
Z3,37,6,720,7176.0,0.103016,69659.082084,69664.0,1.0,2,33.334128,95193.826757,95193.826757,1587239.8620892,4090146.6715298,142589.36228260002,4958091.0283046,29987159.1227106,100,25,3
Z3,38,6,720,8768.0,0.119987,73074.58308,73680.0,1.0,2,33.334128,95876.926956,95876.926956,1587239.8620892,4090146.6715298,142589.36228260002,4958091.0283046,29987159.1227106,100,25,3
