Zone, Tile_no, Seg_no, Reso, Seg_d_size, Seg_d_time, Bitrate, Bitrate1, Buf_lev, Buf_limit, Elapsed, Ref_vp, Local_avg,QoE,QoE1,Z1,Z2,Z3,delay,jitter,loss
Z1,0,1,720,9960.0,0.322616,30872.616361,30928.0,1.0,2,6.2e-05,30872.616361,30872.616361,1453122.0691846,4085535.0270151002,221501.36488120002,4326903.7125592,30651033.2908642,100,0,3
Z2,0,1,720,8952.0,0.3225,27758.139535,27800.0,1.0,2,6.2e-05,13879.069767,13879.069767,1453122.0691846,4085535.0270151002,221501.36488120002,4326903.7125592,30651033.2908642,100,0,3
Z2,1,1,720,5424.0,0.100963,53722.650872,54240.0,1.0,2,6.2e-05,17907.550291,17907.550291,1453122.0691846,4085535.0270151002,221501.36488120002,4326903.7125592,30651033.2908642,100,0,3
Z2,2,1,720,7080.0,0.100904,70165.702053,70800.0,1.0,2,6.2e-05,17541.425513,17541.425513,1453122.0691846,4085535.0270151002,221501.36488120002,4326903.7125592,30651033.2908642,100,0,3
Z2,3,1,720,18976.0,0.101016,187851.429477,187880.0,1.0,2,6.2e-05,37570.285895,37570.285895,1453122.0691846,4085535.0270151002,221501.36488120002,4326903.7125592,30651033.2908642,100,0,3
Z2,4,1,720,8720.0,0.100953,86376.828821,87200.0,1.0,2,6.2e-05,17275.365764,17275.365764,1453122.0691846,4085535.0270151002,221501.36488120002,4326903.7125592,30651033.2908642,100,0,3
Z2,5,1,720,8336.0,0.100892,82623.002815,83360.0,1.0,2,6.2e-05,16524.600563,16524.600563,1453122.0691846,4085535.0270151002,221501.36488120002,4326903.7125592,30651033.2908642,100,0,3
Z2,6,1,720,6376.0,0.433656,14702.89815,14720.0,1.0,2,6.2e-05,2940.57963,2940.57963,1453122.0691846,4085535.0270151002,221501.36488120002,4326903.7125592,30651033.2908642,100,0,3
Z2,7,1,720,6872.0,0.100918,68094.88892,68720.0,1.0,2,6.2e-05,13618.977784,13618.977784,1453122.0691846,4085535.0270151002,221501.36488120002,4326903.7125592,30651033.2908642,100,0,3
Z3,0,1,720,7080.0,1.536929,4606.588853,4608.0,1.0,2,6.2e-05,921.317771,921.317771,1453122.0691846,4085535.0270151002,221501.36488120002,4326903.7125592,30651033.2908642,100,0,3
Z3,1,1,720,7080.0,0.100921,70153.88274,70800.0,1.0,2,6.2e-05,14030.776548,14030.776548,1453122.0691846,4085535.0270151002,221501.36488120002,4326903.7125592,30651033.2908642,100,0,3
Z3,2,1,720,5664.0,0.101005,56076.43186,56072.0,1.0,2,6.2e-05,11215.286372,11215.286372,1453122.0691846,4085535.0270151002,221501.36488120002,4326903.7125592,30651033.2908642,100,0,3
Z3,3,1,720,7080.0,0.101002,70097.621829,70096.0,1.0,2,6.2e-05,14019.524366,14019.524366,1453122.0691846,4085535.0270151002,221501.36488120002,4326903.7125592,30651033.2908642,100,0,3
Z3,4,1,720,7080.0,0.101013,70089.988417,70096.0,1.0,2,6.2e-05,14017.997683,14017.997683,1453122.0691846,4085535.0270151002,221501.36488120002,4326903.7125592,30651033.2908642,100,0,3
Z3,5,1,720,5664.0,0.100964,56099.203677,56640.0,1.0,2,6.2e-05,11219.840735,11219.840735,1453122.0691846,4085535.0270151002,221501.36488120002,4326903.7125592,30651033.2908642,100,0,3
Z3,6,1,720,7080.0,0.100941,70139.982762,70800.0,1.0,2,6.2e-05,14027.996552,14027.996552,1453122.0691846,4085535.0270151002,221501.36488120002,4326903.7125592,30651033.2908642,100,0,3
Z3,7,1,720,7080.0,0.100933,70145.542092,70800.0,1.0,2,6.2e-05,14029.108418,14029.108418,1453122.0691846,4085535.0270151002,221501.36488120002,4326903.7125592,30651033.2908642,100,0,3
Z3,8,1,720,5664.0,0.100948,56108.095257,56640.0,1.0,2,6.2e-05,11221.619051,11221.619051,1453122.0691846,4085535.0270151002,221501.36488120002,4326903.7125592,30651033.2908642,100,0,3
Z3,9,1,720,7080.0,0.100971,70119.14312,70800.0,1.0,2,6.2e-05,14023.828624,14023.828624,1453122.0691846,4085535.0270151002,221501.36488120002,4326903.7125592,30651033.2908642,100,0,3
Z3,10,1,720,12904.0,0.101044,127706.741618,127760.0,1.0,2,6.2e-05,25541.348324,25541.348324,1453122.0691846,4085535.0270151002,221501.36488120002,4326903.7125592,30651033.2908642,100,0,3
Z3,11,1,720,17344.0,0.101085,171578.374635,171720.0,1.0,2,6.2e-05,34315.674927,34315.674927,1453122.0691846,4085535.0270151002,221501.36488120002,4326903.7125592,30651033.2908642,100,0,3
Z3,12,1,720,16912.0,0.100998,167448.860373,169120.0,1.0,2,6.2e-05,33489.772075,33489.772075,1453122.0691846,4085535.0270151002,221501.36488120002,4326903.7125592,30651033.2908642,100,0,3
Z3,13,1,720,13240.0,0.101042,131034.619267,131088.0,1.0,2,6.2e-05,26206.923853,26206.923853,1453122.0691846,4085535.0270151002,221501.36488120002,4326903.7125592,30651033.2908642,100,0,3
Z3,14,1,720,28328.0,0.101092,280219.997626,280472.0,1.0,2,6.2e-05,56043.999525,56043.999525,1453122.0691846,4085535.0270151002,221501.36488120002,4326903.7125592,30651033.2908642,100,0,3
Z3,15,1,720,30528.0,0.101168,301755.495809,302256.0,1.0,2,6.2e-05,60351.099162,60351.099162,1453122.0691846,4085535.0270151002,221501.36488120002,4326903.7125592,30651033.2908642,100,0,3
Z3,16,1,720,16360.0,0.101058,161887.233074,161976.0,1.0,2,6.2e-05,32377.446615,32377.446615,1453122.0691846,4085535.0270151002,221501.36488120002,4326903.7125592,30651033.2908642,100,0,3
Z3,17,1,720,33216.0,0.101191,328250.536115,328864.0,1.0,2,6.2e-05,65650.107223,65650.107223,1453122.0691846,4085535.0270151002,221501.36488120002,4326903.7125592,30651033.2908642,100,0,3
Z3,18,1,720,28000.0,0.101091,276978.168185,277224.0,1.0,2,6.2e-05,55395.633637,55395.633637,1453122.0691846,4085535.0270151002,221501.36488120002,4326903.7125592,30651033.2908642,100,0,3
Z3,19,1,720,15744.0,0.101058,155791.723565,155880.0,1.0,2,6.2e-05,31158.344713,31158.344713,1453122.0691846,4085535.0270151002,221501.36488120002,4326903.7125592,30651033.2908642,100,0,3
Z3,20,1,720,16024.0,0.101086,158518.489207,158648.0,1.0,2,6.2e-05,31703.697841,31703.697841,1453122.0691846,4085535.0270151002,221501.36488120002,4326903.7125592,30651033.2908642,100,0,3
Z3,21,1,720,11576.0,0.101066,114539.01411,114608.0,1.0,2,6.2e-05,22907.802822,22907.802822,1453122.0691846,4085535.0270151002,221501.36488120002,4326903.7125592,30651033.2908642,100,0,3
Z3,22,1,720,10816.0,0.414898,26069.057937,26120.0,1.0,2,6.2e-05,5213.811587,5213.811587,1453122.0691846,4085535.0270151002,221501.36488120002,4326903.7125592,30651033.2908642,100,0,3
Z3,23,1,720,13224.0,0.10107,130840.011873,130928.0,1.0,2,6.2e-05,26168.002375,26168.002375,1453122.0691846,4085535.0270151002,221501.36488120002,4326903.7125592,30651033.2908642,100,0,3
Z3,24,1,720,17528.0,0.101057,173446.668712,173544.0,1.0,2,6.2e-05,34689.333742,34689.333742,1453122.0691846,4085535.0270151002,221501.36488120002,4326903.7125592,30651033.2908642,100,0,3
Z3,25,1,720,23824.0,0.1011,235647.873393,235880.0,1.0,2,6.2e-05,47129.574679,47129.574679,1453122.0691846,4085535.0270151002,221501.36488120002,4326903.7125592,30651033.2908642,100,0,3
Z3,26,1,720,11024.0,0.100989,109160.403608,110240.0,1.0,2,6.2e-05,21832.080722,21832.080722,1453122.0691846,4085535.0270151002,221501.36488120002,4326903.7125592,30651033.2908642,100,0,3
Z3,27,1,720,15112.0,0.101025,149586.735956,149616.0,1.0,2,6.2e-05,29917.347191,29917.347191,1453122.0691846,4085535.0270151002,221501.36488120002,4326903.7125592,30651033.2908642,100,0,3
Z3,28,1,720,24552.0,0.101129,242779.02481,243088.0,1.0,2,6.2e-05,48555.804962,48555.804962,1453122.0691846,4085535.0270151002,221501.36488120002,4326903.7125592,30651033.2908642,100,0,3
Z3,29,1,720,10824.0,0.100928,107244.768548,108240.0,1.0,2,6.2e-05,21448.95371,21448.95371,1453122.0691846,4085535.0270151002,221501.36488120002,4326903.7125592,30651033.2908642,100,0,3
Z3,30,1,720,6872.0,0.427978,16056.900121,16088.0,1.0,2,6.2e-05,3211.380024,3211.380024,1453122.0691846,4085535.0270151002,221501.36488120002,4326903.7125592,30651033.2908642,100,0,3
Z3,31,1,720,6872.0,0.101001,68038.930308,68032.0,1.0,2,6.2e-05,13607.786062,13607.786062,1453122.0691846,4085535.0270151002,221501.36488120002,4326903.7125592,30651033.2908642,100,0,3
Z3,32,1,720,6376.0,0.101011,63121.838216,63128.0,1.0,2,6.2e-05,12624.367643,12624.367643,1453122.0691846,4085535.0270151002,221501.36488120002,4326903.7125592,30651033.2908642,100,0,3
Z3,33,1,720,6872.0,0.100996,68042.298705,68720.0,1.0,2,6.2e-05,13608.459741,13608.459741,1453122.0691846,4085535.0270151002,221501.36488120002,4326903.7125592,30651033.2908642,100,0,3
Z3,34,1,720,6872.0,0.10089,68113.787293,68720.0,1.0,2,6.2e-05,13622.757459,13622.757459,1453122.0691846,4085535.0270151002,221501.36488120002,4326903.7125592,30651033.2908642,100,0,3
Z3,35,1,720,6376.0,0.102657,62109.744099,62504.0,1.0,2,6.2e-05,12421.94882,12421.94882,1453122.0691846,4085535.0270151002,221501.36488120002,4326903.7125592,30651033.2908642,100,0,3
Z3,36,1,720,6872.0,0.100998,68040.951306,68720.0,1.0,2,6.2e-05,13608.190261,13608.190261,1453122.0691846,4085535.0270151002,221501.36488120002,4326903.7125592,30651033.2908642,100,0,3
Z3,37,1,720,6872.0,0.100941,68079.373099,68720.0,1.0,2,6.2e-05,13615.87462,13615.87462,1453122.0691846,4085535.0270151002,221501.36488120002,4326903.7125592,30651033.2908642,100,0,3
Z3,38,1,720,6376.0,0.101011,63121.838216,63128.0,1.0,2,6.2e-05,12624.367643,12624.367643,1453122.0691846,4085535.0270151002,221501.36488120002,4326903.7125592,30651033.2908642,100,0,3
Z1,0,2,720,15344.0,0.324652,47262.915368,47352.0,1.0,2,7.70899,22076.950717,22076.950717,1453122.0691846,4085535.0270151002,221501.36488120002,4326903.7125592,30651033.2908642,100,0,3
Z2,0,2,720,6624.0,0.322574,20534.823017,20568.0,1.0,2,7.70899,16731.332247,16731.332247,1453122.0691846,4085535.0270151002,221501.36488120002,4326903.7125592,30651033.2908642,100,0,3
Z2,1,2,720,5664.0,0.100923,56121.993995,56640.0,1.0,2,7.70899,23848.766442,23848.766442,1453122.0691846,4085535.0270151002,221501.36488120002,4326903.7125592,30651033.2908642,100,0,3
Z2,2,2,720,7080.0,0.100867,70191.440213,70800.0,1.0,2,7.70899,26662.655686,26662.655686,1453122.0691846,4085535.0270151002,221501.36488120002,4326903.7125592,30651033.2908642,100,0,3
Z2,3,2,720,7080.0,0.100882,70181.003549,70800.0,1.0,2,7.70899,26660.568353,26660.568353,1453122.0691846,4085535.0270151002,221501.36488120002,4326903.7125592,30651033.2908642,100,0,3
Z2,4,2,720,12128.0,0.100908,120188.686725,121280.0,1.0,2,7.70899,36662.104988,36662.104988,1453122.0691846,4085535.0270151002,221501.36488120002,4326903.7125592,30651033.2908642,100,0,3
Z2,5,2,720,18392.0,0.100905,182270.452406,183920.0,1.0,2,7.70899,49078.458124,49078.458124,1453122.0691846,4085535.0270151002,221501.36488120002,4326903.7125592,30651033.2908642,100,0,3
Z2,6,2,720,10632.0,0.100826,105448.991332,106320.0,1.0,2,7.70899,33714.165909,33714.165909,1453122.0691846,4085535.0270151002,221501.36488120002,4326903.7125592,30651033.2908642,100,0,3
Z2,7,2,720,8048.0,0.100826,79820.681174,80480.0,1.0,2,7.70899,28588.503878,28588.503878,1453122.0691846,4085535.0270151002,221501.36488120002,4326903.7125592,30651033.2908642,100,0,3
Z3,0,2,720,5424.0,0.32286,16799.851329,16840.0,1.0,2,7.70899,15984.337909,15984.337909,1453122.0691846,4085535.0270151002,221501.36488120002,4326903.7125592,30651033.2908642,100,0,3
Z3,1,2,720,7080.0,0.100864,70193.527919,70800.0,1.0,2,7.70899,26663.073227,26663.073227,1453122.0691846,4085535.0270151002,221501.36488120002,4326903.7125592,30651033.2908642,100,0,3
Z3,2,2,720,7080.0,0.100765,70262.491937,70800.0,1.0,2,7.70899,26676.86603,26676.86603,1453122.0691846,4085535.0270151002,221501.36488120002,4326903.7125592,30651033.2908642,100,0,3
Z3,3,2,720,5664.0,0.101078,56035.932646,56072.0,1.0,2,7.70899,23831.554172,23831.554172,1453122.0691846,4085535.0270151002,221501.36488120002,4326903.7125592,30651033.2908642,100,0,3
Z3,4,2,720,7080.0,0.100835,70213.715476,70800.0,1.0,2,7.70899,26667.110738,26667.110738,1453122.0691846,4085535.0270151002,221501.36488120002,4326903.7125592,30651033.2908642,100,0,3
Z3,5,2,720,7080.0,0.100849,70203.968309,70800.0,1.0,2,7.70899,26665.161305,26665.161305,1453122.0691846,4085535.0270151002,221501.36488120002,4326903.7125592,30651033.2908642,100,0,3
Z3,6,2,720,5664.0,0.10088,56145.91594,56640.0,1.0,2,7.70899,23853.550831,23853.550831,1453122.0691846,4085535.0270151002,221501.36488120002,4326903.7125592,30651033.2908642,100,0,3
Z3,7,2,720,7080.0,0.100891,70174.74304,70800.0,1.0,2,7.70899,26659.316251,26659.316251,1453122.0691846,4085535.0270151002,221501.36488120002,4326903.7125592,30651033.2908642,100,0,3
Z3,8,2,720,7080.0,0.100949,70134.424313,70800.0,1.0,2,7.70899,26651.252506,26651.252506,1453122.0691846,4085535.0270151002,221501.36488120002,4326903.7125592,30651033.2908642,100,0,3
Z3,9,2,720,12648.0,0.101015,125209.127357,125224.0,1.0,2,7.70899,37666.193115,37666.193115,1453122.0691846,4085535.0270151002,221501.36488120002,4326903.7125592,30651033.2908642,100,0,3
Z3,10,2,720,17112.0,0.101019,169393.876399,169424.0,1.0,2,7.70899,46503.142923,46503.142923,1453122.0691846,4085535.0270151002,221501.36488120002,4326903.7125592,30651033.2908642,100,0,3
Z3,11,2,720,15320.0,0.100992,151695.183777,153200.0,1.0,2,7.70899,42963.404399,42963.404399,1453122.0691846,4085535.0270151002,221501.36488120002,4326903.7125592,30651033.2908642,100,0,3
Z3,12,2,720,10704.0,0.10095,106032.68945,107040.0,1.0,2,7.70899,33830.905533,33830.905533,1453122.0691846,4085535.0270151002,221501.36488120002,4326903.7125592,30651033.2908642,100,0,3
Z3,13,2,720,18776.0,0.100897,186090.765831,187760.0,1.0,2,7.70899,49842.520809,49842.520809,1453122.0691846,4085535.0270151002,221501.36488120002,4326903.7125592,30651033.2908642,100,0,3
Z3,14,2,720,21848.0,0.101061,216186.263742,216312.0,1.0,2,7.70899,55861.620391,55861.620391,1453122.0691846,4085535.0270151002,221501.36488120002,4326903.7125592,30651033.2908642,100,0,3
Z3,15,2,720,12752.0,0.100994,126264.926629,127520.0,1.0,2,7.70899,37877.352969,37877.352969,1453122.0691846,4085535.0270151002,221501.36488120002,4326903.7125592,30651033.2908642,100,0,3
Z3,16,2,720,21856.0,0.100975,216449.616242,218560.0,1.0,2,7.70899,55914.290891,55914.290891,1453122.0691846,4085535.0270151002,221501.36488120002,4326903.7125592,30651033.2908642,100,0,3
Z3,17,2,720,16880.0,0.100978,167165.125077,168800.0,1.0,2,7.70899,46057.392658,46057.392658,1453122.0691846,4085535.0270151002,221501.36488120002,4326903.7125592,30651033.2908642,100,0,3
Z3,18,2,720,9160.0,0.415766,22031.623557,22072.0,1.0,2,7.70899,17030.692355,17030.692355,1453122.0691846,4085535.0270151002,221501.36488120002,4326903.7125592,30651033.2908642,100,0,3
Z3,19,2,720,11592.0,0.100954,114824.573568,115920.0,1.0,2,7.70899,35589.282357,35589.282357,1453122.0691846,4085535.0270151002,221501.36488120002,4326903.7125592,30651033.2908642,100,0,3
Z3,20,2,720,9952.0,0.100977,98557.097161,99520.0,1.0,2,7.70899,32335.787075,32335.787075,1453122.0691846,4085535.0270151002,221501.36488120002,4326903.7125592,30651033.2908642,100,0,3
Z3,21,2,720,11064.0,0.100994,109551.062439,110640.0,1.0,2,7.70899,34534.580131,34534.580131,1453122.0691846,4085535.0270151002,221501.36488120002,4326903.7125592,30651033.2908642,100,0,3
Z3,22,2,720,14728.0,0.101034,145772.710177,145816.0,1.0,2,7.70899,41778.909678,41778.909678,1453122.0691846,4085535.0270151002,221501.36488120002,4326903.7125592,30651033.2908642,100,0,3
Z3,23,2,720,16264.0,0.101025,160989.853997,161024.0,1.0,2,7.70899,44822.338442,44822.338442,1453122.0691846,4085535.0270151002,221501.36488120002,4326903.7125592,30651033.2908642,100,0,3
Z3,24,2,720,9504.0,0.100962,94134.426814,95040.0,1.0,2,7.70899,31451.253006,31451.253006,1453122.0691846,4085535.0270151002,221501.36488120002,4326903.7125592,30651033.2908642,100,0,3
Z3,25,2,720,12688.0,0.101003,125620.031088,125616.0,1.0,2,7.70899,37748.373861,37748.373861,1453122.0691846,4085535.0270151002,221501.36488120002,4326903.7125592,30651033.2908642,100,0,3
Z3,26,2,720,17320.0,0.100992,171498.732573,173200.0,1.0,2,7.70899,46924.114158,46924.114158,1453122.0691846,4085535.0270151002,221501.36488120002,4326903.7125592,30651033.2908642,100,0,3
Z3,27,2,720,9320.0,0.101003,92274.486896,92272.0,1.0,2,7.70899,31079.265022,31079.265022,1453122.0691846,4085535.0270151002,221501.36488120002,4326903.7125592,30651033.2908642,100,0,3
Z3,28,2,720,6376.0,0.100798,63255.223318,63760.0,1.0,2,7.70899,25275.412307,25275.412307,1453122.0691846,4085535.0270151002,221501.36488120002,4326903.7125592,30651033.2908642,100,0,3
Z3,29,2,720,6872.0,0.100957,68068.583654,68720.0,1.0,2,7.70899,26238.084374,26238.084374,1453122.0691846,4085535.0270151002,221501.36488120002,4326903.7125592,30651033.2908642,100,0,3
Z3,30,2,720,6872.0,0.100931,68086.118239,68720.0,1.0,2,7.70899,26241.591291,26241.591291,1453122.0691846,4085535.0270151002,221501.36488120002,4326903.7125592,30651033.2908642,100,0,3
Z3,31,2,720,6376.0,0.100931,63171.869891,63760.0,1.0,2,7.70899,25258.741621,25258.741621,1453122.0691846,4085535.0270151002,221501.36488120002,4326903.7125592,30651033.2908642,100,0,3
Z3,32,2,720,6872.0,0.100961,68065.886828,68720.0,1.0,2,7.70899,26237.545009,26237.545009,1453122.0691846,4085535.0270151002,221501.36488120002,4326903.7125592,30651033.2908642,100,0,3
Z3,33,2,720,6872.0,0.100946,68076.00103,68720.0,1.0,2,7.70899,26239.567849,26239.567849,1453122.0691846,4085535.0270151002,221501.36488120002,4326903.7125592,30651033.2908642,100,0,3
Z3,34,2,720,6376.0,0.100976,63143.717319,63760.0,1.0,2,7.70899,25253.111107,25253.111107,1453122.0691846,4085535.0270151002,221501.36488120002,4326903.7125592,30651033.2908642,100,0,3
Z3,35,2,720,6872.0,0.100938,68081.396501,68720.0,1.0,2,7.70899,26240.646943,26240.646943,1453122.0691846,4085535.0270151002,221501.36488120002,4326903.7125592,30651033.2908642,100,0,3
Z3,36,2,720,6872.0,0.100953,68071.280695,68720.0,1.0,2,7.70899,26238.623782,26238.623782,1453122.0691846,4085535.0270151002,221501.36488120002,4326903.7125592,30651033.2908642,100,0,3
Z3,37,2,720,6376.0,0.100947,63161.857212,63760.0,1.0,2,7.70899,25256.739086,25256.739086,1453122.0691846,4085535.0270151002,221501.36488120002,4326903.7125592,30651033.2908642,100,0,3
Z3,38,2,720,6872.0,0.100947,68075.326657,68720.0,1.0,2,7.70899,26239.432974,26239.432974,1453122.0691846,4085535.0270151002,221501.36488120002,4326903.7125592,30651033.2908642,100,0,3
Z1,0,3,720,15304.0,0.321968,47532.674055,47672.0,1.0,2,13.543547,35745.967785,35745.967785,1453122.0691846,4085535.0270151002,221501.36488120002,4326903.7125592,30651033.2908642,100,0,3
Z2,0,3,720,6624.0,0.738,8975.609756,8968.0,1.0,2,13.543547,28034.554926,28034.554926,1453122.0691846,4085535.0270151002,221501.36488120002,4326903.7125592,30651033.2908642,100,0,3
Z2,1,3,720,5664.0,0.100904,56132.561643,56640.0,1.0,2,13.543547,37465.945303,37465.945303,1453122.0691846,4085535.0270151002,221501.36488120002,4326903.7125592,30651033.2908642,100,0,3
Z2,2,3,720,7080.0,0.100977,70114.976678,70800.0,1.0,2,13.543547,40262.42831,40262.42831,1453122.0691846,4085535.0270151002,221501.36488120002,4326903.7125592,30651033.2908642,100,0,3
Z2,3,3,720,7080.0,0.100939,70141.372512,70800.0,1.0,2,13.543547,40267.707477,40267.707477,1453122.0691846,4085535.0270151002,221501.36488120002,4326903.7125592,30651033.2908642,100,0,3
Z2,4,3,720,12544.0,0.100944,124266.920273,125440.0,1.0,2,13.543547,51092.817029,51092.817029,1453122.0691846,4085535.0270151002,221501.36488120002,4326903.7125592,30651033.2908642,100,0,3
Z2,5,3,720,18632.0,0.100975,184520.92102,186320.0,1.0,2,13.543547,63143.617178,63143.617178,1453122.0691846,4085535.0270151002,221501.36488120002,4326903.7125592,30651033.2908642,100,0,3
Z2,6,3,720,10240.0,0.419208,24427.014752,24432.0,1.0,2,13.543547,31124.835925,31124.835925,1453122.0691846,4085535.0270151002,221501.36488120002,4326903.7125592,30651033.2908642,100,0,3
Z2,7,3,720,8424.0,0.100995,83410.069805,84240.0,1.0,2,13.543547,42921.446936,42921.446936,1453122.0691846,4085535.0270151002,221501.36488120002,4326903.7125592,30651033.2908642,100,0,3
Z3,0,3,720,5424.0,0.460238,11785.206784,11784.0,1.0,2,13.543547,28596.474331,28596.474331,1453122.0691846,4085535.0270151002,221501.36488120002,4326903.7125592,30651033.2908642,100,0,3
Z3,1,3,720,7080.0,0.100976,70115.671051,70800.0,1.0,2,13.543547,40262.567185,40262.567185,1453122.0691846,4085535.0270151002,221501.36488120002,4326903.7125592,30651033.2908642,100,0,3
Z3,2,3,720,7080.0,0.431017,16426.266249,16424.0,1.0,2,13.543547,29524.686224,29524.686224,1453122.0691846,4085535.0270151002,221501.36488120002,4326903.7125592,30651033.2908642,100,0,3
Z3,3,3,720,5664.0,0.100957,56103.093396,56640.0,1.0,2,13.543547,37460.051654,37460.051654,1453122.0691846,4085535.0270151002,221501.36488120002,4326903.7125592,30651033.2908642,100,0,3
Z3,4,3,720,7080.0,0.100909,70162.225371,70800.0,1.0,2,13.543547,40271.878049,40271.878049,1453122.0691846,4085535.0270151002,221501.36488120002,4326903.7125592,30651033.2908642,100,0,3
Z3,5,3,720,7080.0,0.10097,70119.837576,70800.0,1.0,2,13.543547,40263.40049,40263.40049,1453122.0691846,4085535.0270151002,221501.36488120002,4326903.7125592,30651033.2908642,100,0,3
Z3,6,3,720,5664.0,0.10099,56084.760867,56640.0,1.0,2,13.543547,37456.385148,37456.385148,1453122.0691846,4085535.0270151002,221501.36488120002,4326903.7125592,30651033.2908642,100,0,3
Z3,7,3,720,7080.0,0.100998,70100.398028,70800.0,1.0,2,13.543547,40259.51258,40259.51258,1453122.0691846,4085535.0270151002,221501.36488120002,4326903.7125592,30651033.2908642,100,0,3
Z3,8,3,720,7080.0,0.101011,70091.376187,70096.0,1.0,2,13.543547,40257.708212,40257.708212,1453122.0691846,4085535.0270151002,221501.36488120002,4326903.7125592,30651033.2908642,100,0,3
Z3,9,3,720,14120.0,0.101065,139712.066492,139800.0,1.0,2,13.543547,54181.846273,54181.846273,1453122.0691846,4085535.0270151002,221501.36488120002,4326903.7125592,30651033.2908642,100,0,3
Z3,10,3,720,17536.0,0.101055,173529.266241,173616.0,1.0,2,13.543547,60945.286223,60945.286223,1453122.0691846,4085535.0270151002,221501.36488120002,4326903.7125592,30651033.2908642,100,0,3
Z3,11,3,720,16008.0,0.101089,158355.508512,158488.0,1.0,2,13.543547,57910.534677,57910.534677,1453122.0691846,4085535.0270151002,221501.36488120002,4326903.7125592,30651033.2908642,100,0,3
Z3,12,3,720,10896.0,0.101061,107816.071482,107880.0,1.0,2,13.543547,47802.647271,47802.647271,1453122.0691846,4085535.0270151002,221501.36488120002,4326903.7125592,30651033.2908642,100,0,3
Z3,13,3,720,19720.0,0.100951,195342.294777,197200.0,1.0,2,13.543547,65307.89193,65307.89193,1453122.0691846,4085535.0270151002,221501.36488120002,4326903.7125592,30651033.2908642,100,0,3
Z3,14,3,720,20104.0,0.101051,198949.045531,199048.0,1.0,2,13.543547,66029.242081,66029.242081,1453122.0691846,4085535.0270151002,221501.36488120002,4326903.7125592,30651033.2908642,100,0,3
Z3,15,3,720,12504.0,0.101068,123718.68445,123800.0,1.0,2,13.543547,50983.169864,50983.169864,1453122.0691846,4085535.0270151002,221501.36488120002,4326903.7125592,30651033.2908642,100,0,3
Z3,16,3,720,23072.0,0.101107,228193.893598,228432.0,1.0,2,13.543547,71878.211694,71878.211694,1453122.0691846,4085535.0270151002,221501.36488120002,4326903.7125592,30651033.2908642,100,0,3
Z3,17,3,720,18112.0,0.101226,178926.362792,179320.0,1.0,2,13.543547,62024.705533,62024.705533,1453122.0691846,4085535.0270151002,221501.36488120002,4326903.7125592,30651033.2908642,100,0,3
Z3,18,3,720,9664.0,0.101053,95632.984671,95680.0,1.0,2,13.543547,45366.029909,45366.029909,1453122.0691846,4085535.0270151002,221501.36488120002,4326903.7125592,30651033.2908642,100,0,3
Z3,19,3,720,12280.0,0.101022,121557.680505,121584.0,1.0,2,13.543547,50550.969075,50550.969075,1453122.0691846,4085535.0270151002,221501.36488120002,4326903.7125592,30651033.2908642,100,0,3
Z3,20,3,720,10368.0,0.101064,102588.458798,102648.0,1.0,2,13.543547,46757.124734,46757.124734,1453122.0691846,4085535.0270151002,221501.36488120002,4326903.7125592,30651033.2908642,100,0,3
Z3,21,3,720,10520.0,0.101067,104089.36646,104152.0,1.0,2,13.543547,47057.306266,47057.306266,1453122.0691846,4085535.0270151002,221501.36488120002,4326903.7125592,30651033.2908642,100,0,3
Z3,22,3,720,15288.0,0.101077,151251.026445,151360.0,1.0,2,13.543547,56489.638263,56489.638263,1453122.0691846,4085535.0270151002,221501.36488120002,4326903.7125592,30651033.2908642,100,0,3
Z3,23,3,720,16344.0,0.101074,161703.306488,161816.0,1.0,2,13.543547,58580.094272,58580.094272,1453122.0691846,4085535.0270151002,221501.36488120002,4326903.7125592,30651033.2908642,100,0,3
Z3,24,3,720,9016.0,0.101001,89266.442907,89264.0,1.0,2,13.543547,44092.721556,44092.721556,1453122.0691846,4085535.0270151002,221501.36488120002,4326903.7125592,30651033.2908642,100,0,3
Z3,25,3,720,13800.0,0.100894,136777.211727,138000.0,1.0,2,13.543547,53594.87532,53594.87532,1453122.0691846,4085535.0270151002,221501.36488120002,4326903.7125592,30651033.2908642,100,0,3
Z3,26,3,720,17664.0,0.416248,42436.239934,42456.0,1.0,2,13.543547,34726.680961,34726.680961,1453122.0691846,4085535.0270151002,221501.36488120002,4326903.7125592,30651033.2908642,100,0,3
Z3,27,3,720,9896.0,0.100957,98021.930129,98960.0,1.0,2,13.543547,45843.819,45843.819,1453122.0691846,4085535.0270151002,221501.36488120002,4326903.7125592,30651033.2908642,100,0,3
Z3,28,3,720,6376.0,0.100923,63176.877421,63760.0,1.0,2,13.543547,38874.808459,38874.808459,1453122.0691846,4085535.0270151002,221501.36488120002,4326903.7125592,30651033.2908642,100,0,3
Z3,29,3,720,6872.0,0.100941,68079.373099,68720.0,1.0,2,13.543547,39855.307594,39855.307594,1453122.0691846,4085535.0270151002,221501.36488120002,4326903.7125592,30651033.2908642,100,0,3
Z3,30,3,720,6872.0,0.100934,68084.094557,68720.0,1.0,2,13.543547,39856.251886,39856.251886,1453122.0691846,4085535.0270151002,221501.36488120002,4326903.7125592,30651033.2908642,100,0,3
Z3,31,3,720,6376.0,0.101007,63124.337917,63128.0,1.0,2,13.543547,38864.300558,38864.300558,1453122.0691846,4085535.0270151002,221501.36488120002,4326903.7125592,30651033.2908642,100,0,3
Z3,32,3,720,6872.0,0.101023,68024.113321,68032.0,1.0,2,13.543547,39844.255639,39844.255639,1453122.0691846,4085535.0270151002,221501.36488120002,4326903.7125592,30651033.2908642,100,0,3
Z3,33,3,720,6872.0,0.101002,68038.256668,68032.0,1.0,2,13.543547,39847.084308,39847.084308,1453122.0691846,4085535.0270151002,221501.36488120002,4326903.7125592,30651033.2908642,100,0,3
Z3,34,3,720,6376.0,0.10094,63166.237369,63760.0,1.0,2,13.543547,38872.680448,38872.680448,1453122.0691846,4085535.0270151002,221501.36488120002,4326903.7125592,30651033.2908642,100,0,3
Z3,35,3,720,6872.0,0.100923,68091.515314,68720.0,1.0,2,13.543547,39857.736037,39857.736037,1453122.0691846,4085535.0270151002,221501.36488120002,4326903.7125592,30651033.2908642,100,0,3
Z3,36,3,720,6872.0,0.100928,68088.142042,68720.0,1.0,2,13.543547,39857.061383,39857.061383,1453122.0691846,4085535.0270151002,221501.36488120002,4326903.7125592,30651033.2908642,100,0,3
Z3,37,3,720,6376.0,0.101005,63125.587842,63128.0,1.0,2,13.543547,38864.550543,38864.550543,1453122.0691846,4085535.0270151002,221501.36488120002,4326903.7125592,30651033.2908642,100,0,3
Z3,38,3,720,6872.0,0.100949,68073.977949,68720.0,1.0,2,13.543547,39854.228564,39854.228564,1453122.0691846,4085535.0270151002,221501.36488120002,4326903.7125592,30651033.2908642,100,0,3
Z1,0,4,720,7200.0,0.322532,22323.366364,22360.0,1.0,2,20.580654,44318.901837,44318.901837,1453122.0691846,4085535.0270151002,221501.36488120002,4326903.7125592,30651033.2908642,100,0,3
Z2,0,4,720,6624.0,0.322056,20567.851554,20568.0,1.0,2,20.580654,43967.798875,43967.798875,1453122.0691846,4085535.0270151002,221501.36488120002,4326903.7125592,30651033.2908642,100,0,3
Z2,1,4,720,6648.0,0.100956,65850.469511,66480.0,1.0,2,20.580654,53024.322467,53024.322467,1453122.0691846,4085535.0270151002,221501.36488120002,4326903.7125592,30651033.2908642,100,0,3
Z2,2,4,720,7296.0,0.100968,72260.518184,72960.0,1.0,2,20.580654,54306.332201,54306.332201,1453122.0691846,4085535.0270151002,221501.36488120002,4326903.7125592,30651033.2908642,100,0,3
Z2,3,4,720,17272.0,0.101035,170950.660662,171008.0,1.0,2,20.580654,74044.360697,74044.360697,1453122.0691846,4085535.0270151002,221501.36488120002,4326903.7125592,30651033.2908642,100,0,3
Z2,4,4,720,22592.0,0.101048,223576.913942,223680.0,1.0,2,20.580654,84569.611353,84569.611353,1453122.0691846,4085535.0270151002,221501.36488120002,4326903.7125592,30651033.2908642,100,0,3
Z2,5,4,720,17472.0,0.100937,173098.071074,174720.0,1.0,2,20.580654,74473.842779,74473.842779,1453122.0691846,4085535.0270151002,221501.36488120002,4326903.7125592,30651033.2908642,100,0,3
Z2,6,4,720,6424.0,0.100872,63684.66968,64240.0,1.0,2,20.580654,52591.1625,52591.1625,1453122.0691846,4085535.0270151002,221501.36488120002,4326903.7125592,30651033.2908642,100,0,3
Z2,7,4,720,6872.0,0.10095,68073.303616,68720.0,1.0,2,20.580654,53468.889287,53468.889287,1453122.0691846,4085535.0270151002,221501.36488120002,4326903.7125592,30651033.2908642,100,0,3
Z3,0,4,720,6448.0,0.323838,19911.190163,19960.0,1.0,2,20.580654,43836.466597,43836.466597,1453122.0691846,4085535.0270151002,221501.36488120002,4326903.7125592,30651033.2908642,100,0,3
Z3,1,4,720,7448.0,0.100977,73759.370946,74480.0,1.0,2,20.580654,54606.102753,54606.102753,1453122.0691846,4085535.0270151002,221501.36488120002,4326903.7125592,30651033.2908642,100,0,3
Z3,2,4,720,7424.0,0.101003,73502.767245,73504.0,1.0,2,20.580654,54554.782013,54554.782013,1453122.0691846,4085535.0270151002,221501.36488120002,4326903.7125592,30651033.2908642,100,0,3
Z3,3,4,720,6648.0,0.101001,65821.130484,65816.0,1.0,2,20.580654,53018.454661,53018.454661,1453122.0691846,4085535.0270151002,221501.36488120002,4326903.7125592,30651033.2908642,100,0,3
Z3,4,4,720,7224.0,0.101012,71516.255494,71520.0,1.0,2,20.580654,54157.479663,54157.479663,1453122.0691846,4085535.0270151002,221501.36488120002,4326903.7125592,30651033.2908642,100,0,3
Z3,5,4,720,7240.0,0.100944,71722.935489,72400.0,1.0,2,20.580654,54198.815662,54198.815662,1453122.0691846,4085535.0270151002,221501.36488120002,4326903.7125592,30651033.2908642,100,0,3
Z3,6,4,720,6648.0,0.101016,65811.356617,65816.0,1.0,2,20.580654,53016.499888,53016.499888,1453122.0691846,4085535.0270151002,221501.36488120002,4326903.7125592,30651033.2908642,100,0,3
Z3,7,4,720,7232.0,0.100998,71605.378324,72320.0,1.0,2,20.580654,54175.304229,54175.304229,1453122.0691846,4085535.0270151002,221501.36488120002,4326903.7125592,30651033.2908642,100,0,3
Z3,8,4,720,7296.0,0.100992,72243.346008,72960.0,1.0,2,20.580654,54302.897766,54302.897766,1453122.0691846,4085535.0270151002,221501.36488120002,4326903.7125592,30651033.2908642,100,0,3
Z3,9,4,720,16456.0,0.10106,162833.960024,162928.0,1.0,2,20.580654,72421.020569,72421.020569,1453122.0691846,4085535.0270151002,221501.36488120002,4326903.7125592,30651033.2908642,100,0,3
Z3,10,4,720,25392.0,0.10109,251182.114947,251400.0,1.0,2,20.580654,90090.651554,90090.651554,1453122.0691846,4085535.0270151002,221501.36488120002,4326903.7125592,30651033.2908642,100,0,3
Z3,11,4,720,21592.0,0.101024,213731.390561,213776.0,1.0,2,20.580654,82600.506676,82600.506676,1453122.0691846,4085535.0270151002,221501.36488120002,4326903.7125592,30651033.2908642,100,0,3
Z3,12,4,720,13528.0,0.101008,133929.985744,133936.0,1.0,2,20.580654,66640.225713,66640.225713,1453122.0691846,4085535.0270151002,221501.36488120002,4326903.7125592,30651033.2908642,100,0,3
Z3,13,4,720,29512.0,0.100978,292261.680762,295120.0,1.0,2,20.580654,98306.564717,98306.564717,1453122.0691846,4085535.0270151002,221501.36488120002,4326903.7125592,30651033.2908642,100,0,3
Z3,14,4,720,29688.0,0.101125,293577.255871,293936.0,1.0,2,20.580654,98569.679739,98569.679739,1453122.0691846,4085535.0270151002,221501.36488120002,4326903.7125592,30651033.2908642,100,0,3
Z3,15,4,720,16760.0,0.101087,165797.778151,165936.0,1.0,2,20.580654,73013.784195,73013.784195,1453122.0691846,4085535.0270151002,221501.36488120002,4326903.7125592,30651033.2908642,100,0,3
Z3,16,4,720,33128.0,0.101123,327601.040317,328000.0,1.0,2,20.580654,105374.436628,105374.436628,1453122.0691846,4085535.0270151002,221501.36488120002,4326903.7125592,30651033.2908642,100,0,3
Z3,17,4,720,26248.0,0.101024,259819.448844,259880.0,1.0,2,20.580654,91818.118333,91818.118333,1453122.0691846,4085535.0270151002,221501.36488120002,4326903.7125592,30651033.2908642,100,0,3
Z3,18,4,720,26240.0,0.101025,259737.688691,259800.0,1.0,2,20.580654,91801.766302,91801.766302,1453122.0691846,4085535.0270151002,221501.36488120002,4326903.7125592,30651033.2908642,100,0,3
Z3,19,4,720,14624.0,0.101058,144708.979002,144792.0,1.0,2,20.580654,68796.024365,68796.024365,1453122.0691846,4085535.0270151002,221501.36488120002,4326903.7125592,30651033.2908642,100,0,3
Z3,20,4,720,26816.0,0.10104,265399.841647,265504.0,1.0,2,20.580654,92934.196894,92934.196894,1453122.0691846,4085535.0270151002,221501.36488120002,4326903.7125592,30651033.2908642,100,0,3
Z3,21,4,720,23128.0,0.10102,228944.763413,228984.0,1.0,2,20.580654,85643.181247,85643.181247,1453122.0691846,4085535.0270151002,221501.36488120002,4326903.7125592,30651033.2908642,100,0,3
Z3,22,4,720,19440.0,0.101019,192439.04612,192472.0,1.0,2,20.580654,78342.037788,78342.037788,1453122.0691846,4085535.0270151002,221501.36488120002,4326903.7125592,30651033.2908642,100,0,3
Z3,23,4,720,29088.0,0.101016,287954.383464,288000.0,1.0,2,20.580654,97445.105257,97445.105257,1453122.0691846,4085535.0270151002,221501.36488120002,4326903.7125592,30651033.2908642,100,0,3
Z3,24,4,720,29840.0,0.101026,295369.508839,295440.0,1.0,2,20.580654,98928.130332,98928.130332,1453122.0691846,4085535.0270151002,221501.36488120002,4326903.7125592,30651033.2908642,100,0,3
Z3,25,4,720,17200.0,0.101013,170275.113104,170296.0,1.0,2,20.580654,73909.251185,73909.251185,1453122.0691846,4085535.0270151002,221501.36488120002,4326903.7125592,30651033.2908642,100,0,3
Z3,26,4,720,25664.0,0.100969,254177.024631,256640.0,1.0,2,20.580654,90689.633491,90689.633491,1453122.0691846,4085535.0270151002,221501.36488120002,4326903.7125592,30651033.2908642,100,0,3
Z3,27,4,720,26808.0,0.100988,265457.282053,268080.0,1.0,2,20.580654,92945.684975,92945.684975,1453122.0691846,4085535.0270151002,221501.36488120002,4326903.7125592,30651033.2908642,100,0,3
Z3,28,4,720,12720.0,0.100988,125955.559076,127200.0,1.0,2,20.580654,65045.34038,65045.34038,1453122.0691846,4085535.0270151002,221501.36488120002,4326903.7125592,30651033.2908642,100,0,3
Z3,29,4,720,11496.0,0.10099,113833.052778,114960.0,1.0,2,20.580654,62620.83912,62620.83912,1453122.0691846,4085535.0270151002,221501.36488120002,4326903.7125592,30651033.2908642,100,0,3
Z3,30,4,720,6448.0,0.100939,63880.165248,64480.0,1.0,2,20.580654,52630.261614,52630.261614,1453122.0691846,4085535.0270151002,221501.36488120002,4326903.7125592,30651033.2908642,100,0,3
Z3,31,4,720,7200.0,0.100957,71317.491605,72000.0,1.0,2,20.580654,54117.726885,54117.726885,1453122.0691846,4085535.0270151002,221501.36488120002,4326903.7125592,30651033.2908642,100,0,3
Z3,32,4,720,7520.0,0.10096,74484.944532,75200.0,1.0,2,20.580654,54751.217471,54751.217471,1453122.0691846,4085535.0270151002,221501.36488120002,4326903.7125592,30651033.2908642,100,0,3
Z3,33,4,720,6728.0,0.100943,66651.476576,67280.0,1.0,2,20.580654,53184.523879,53184.523879,1453122.0691846,4085535.0270151002,221501.36488120002,4326903.7125592,30651033.2908642,100,0,3
Z3,34,4,720,7224.0,0.100932,71572.940197,72240.0,1.0,2,20.580654,54168.816604,54168.816604,1453122.0691846,4085535.0270151002,221501.36488120002,4326903.7125592,30651033.2908642,100,0,3
Z3,35,4,720,7256.0,0.100946,71880.015058,72560.0,1.0,2,20.580654,54230.231576,54230.231576,1453122.0691846,4085535.0270151002,221501.36488120002,4326903.7125592,30651033.2908642,100,0,3
Z3,36,4,720,6544.0,0.100944,64828.023459,65440.0,1.0,2,20.580654,52819.833256,52819.833256,1453122.0691846,4085535.0270151002,221501.36488120002,4326903.7125592,30651033.2908642,100,0,3
Z3,37,4,720,12272.0,0.101003,121501.341544,121504.0,1.0,2,20.580654,64154.496873,64154.496873,1453122.0691846,4085535.0270151002,221501.36488120002,4326903.7125592,30651033.2908642,100,0,3
Z3,38,4,720,8544.0,0.100987,84604.949152,85440.0,1.0,2,20.580654,56775.218395,56775.218395,1453122.0691846,4085535.0270151002,221501.36488120002,4326903.7125592,30651033.2908642,100,0,3
Z1,0,5,720,8792.0,0.322453,27265.989152,27304.0,1.0,2,26.101496,62228.416225,62228.416225,1453122.0691846,4085535.0270151002,221501.36488120002,4326903.7125592,30651033.2908642,100,0,3
Z2,0,5,720,6624.0,0.323324,20487.189321,20504.0,1.0,2,26.101496,60872.656259,60872.656259,1453122.0691846,4085535.0270151002,221501.36488120002,4326903.7125592,30651033.2908642,100,0,3
Z2,1,5,720,7616.0,0.100968,75429.839157,76160.0,1.0,2,26.101496,71861.186226,71861.186226,1453122.0691846,4085535.0270151002,221501.36488120002,4326903.7125592,30651033.2908642,100,0,3
Z2,2,5,720,8816.0,0.100942,87337.282796,88160.0,1.0,2,26.101496,74242.674954,74242.674954,1453122.0691846,4085535.0270151002,221501.36488120002,4326903.7125592,30651033.2908642,100,0,3
Z2,3,5,720,14976.0,0.100936,148371.245145,149760.0,1.0,2,26.101496,86449.467424,86449.467424,1453122.0691846,4085535.0270151002,221501.36488120002,4326903.7125592,30651033.2908642,100,0,3
Z2,4,5,720,20272.0,0.101007,200698.961458,200712.0,1.0,2,26.101496,96915.010686,96915.010686,1453122.0691846,4085535.0270151002,221501.36488120002,4326903.7125592,30651033.2908642,100,0,3
Z2,5,5,720,21272.0,0.101037,210536.734068,210608.0,1.0,2,26.101496,98882.565208,98882.565208,1453122.0691846,4085535.0270151002,221501.36488120002,4326903.7125592,30651033.2908642,100,0,3
Z2,6,5,720,9680.0,0.100992,95849.176172,96800.0,1.0,2,26.101496,75945.053629,75945.053629,1453122.0691846,4085535.0270151002,221501.36488120002,4326903.7125592,30651033.2908642,100,0,3
Z2,7,5,720,12888.0,0.414176,31117.206212,31128.0,1.0,2,26.101496,62998.659637,62998.659637,1453122.0691846,4085535.0270151002,221501.36488120002,4326903.7125592,30651033.2908642,100,0,3
Z3,0,5,720,7712.0,0.323672,23826.589881,23872.0,1.0,2,26.101496,61540.536371,61540.536371,1453122.0691846,4085535.0270151002,221501.36488120002,4326903.7125592,30651033.2908642,100,0,3
Z3,1,5,720,9624.0,0.101038,95251.291593,95280.0,1.0,2,26.101496,75825.476713,75825.476713,1453122.0691846,4085535.0270151002,221501.36488120002,4326903.7125592,30651033.2908642,100,0,3
Z3,2,5,720,9096.0,0.100974,90082.59552,90960.0,1.0,2,26.101496,74791.737499,74791.737499,1453122.0691846,4085535.0270151002,221501.36488120002,4326903.7125592,30651033.2908642,100,0,3
Z3,3,5,720,7632.0,0.101027,75544.161462,75560.0,1.0,2,26.101496,71884.050687,71884.050687,1453122.0691846,4085535.0270151002,221501.36488120002,4326903.7125592,30651033.2908642,100,0,3
Z3,4,5,720,8304.0,0.101006,82212.937845,82216.0,1.0,2,26.101496,73217.805964,73217.805964,1453122.0691846,4085535.0270151002,221501.36488120002,4326903.7125592,30651033.2908642,100,0,3
Z3,5,5,720,8504.0,0.101084,84128.051917,84192.0,1.0,2,26.101496,73600.828778,73600.828778,1453122.0691846,4085535.0270151002,221501.36488120002,4326903.7125592,30651033.2908642,100,0,3
Z3,6,5,720,7384.0,0.101016,73097.331116,73104.0,1.0,2,26.101496,71394.684618,71394.684618,1453122.0691846,4085535.0270151002,221501.36488120002,4326903.7125592,30651033.2908642,100,0,3
Z3,7,5,720,8968.0,0.101027,88768.349055,88792.0,1.0,2,26.101496,74528.888206,74528.888206,1453122.0691846,4085535.0270151002,221501.36488120002,4326903.7125592,30651033.2908642,100,0,3
Z3,8,5,720,8912.0,0.101017,88222.774385,88232.0,1.0,2,26.101496,74419.773272,74419.773272,1453122.0691846,4085535.0270151002,221501.36488120002,4326903.7125592,30651033.2908642,100,0,3
Z3,9,5,720,16688.0,0.101079,165098.586254,165224.0,1.0,2,26.101496,89794.935646,89794.935646,1453122.0691846,4085535.0270151002,221501.36488120002,4326903.7125592,30651033.2908642,100,0,3
Z3,10,5,720,23832.0,0.101111,235701.357914,235960.0,1.0,2,26.101496,103915.489977,103915.489977,1453122.0691846,4085535.0270151002,221501.36488120002,4326903.7125592,30651033.2908642,100,0,3
Z3,11,5,720,21144.0,0.101104,209131.191644,209344.0,1.0,2,26.101496,98601.456724,98601.456724,1453122.0691846,4085535.0270151002,221501.36488120002,4326903.7125592,30651033.2908642,100,0,3
Z3,12,5,720,14272.0,0.101071,141207.665898,141304.0,1.0,2,26.101496,85016.751574,85016.751574,1453122.0691846,4085535.0270151002,221501.36488120002,4326903.7125592,30651033.2908642,100,0,3
Z3,13,5,720,27640.0,0.101085,273433.249246,273656.0,1.0,2,26.101496,111461.868244,111461.868244,1453122.0691846,4085535.0270151002,221501.36488120002,4326903.7125592,30651033.2908642,100,0,3
Z3,14,5,720,33288.0,0.101151,329092.149361,329584.0,1.0,2,26.101496,122593.648267,122593.648267,1453122.0691846,4085535.0270151002,221501.36488120002,4326903.7125592,30651033.2908642,100,0,3
Z3,15,5,720,17576.0,0.101092,173861.43315,174016.0,1.0,2,26.101496,91547.505025,91547.505025,1453122.0691846,4085535.0270151002,221501.36488120002,4326903.7125592,30651033.2908642,100,0,3
Z3,16,5,720,34872.0,0.101155,344738.272947,345264.0,1.0,2,26.101496,125722.872984,125722.872984,1453122.0691846,4085535.0270151002,221501.36488120002,4326903.7125592,30651033.2908642,100,0,3
Z3,17,5,720,27336.0,0.101164,270214.700882,270648.0,1.0,2,26.101496,110818.158571,110818.158571,1453122.0691846,4085535.0270151002,221501.36488120002,4326903.7125592,30651033.2908642,100,0,3
Z3,18,5,720,25312.0,0.101137,250274.380296,250608.0,1.0,2,26.101496,106830.094454,106830.094454,1453122.0691846,4085535.0270151002,221501.36488120002,4326903.7125592,30651033.2908642,100,0,3
Z3,19,5,720,18312.0,0.101156,181027.324133,181304.0,1.0,2,26.101496,92980.683221,92980.683221,1453122.0691846,4085535.0270151002,221501.36488120002,4326903.7125592,30651033.2908642,100,0,3
Z3,20,5,720,41432.0,0.101189,409451.620235,410216.0,1.0,2,26.101496,138665.542442,138665.542442,1453122.0691846,4085535.0270151002,221501.36488120002,4326903.7125592,30651033.2908642,100,0,3
Z3,21,5,720,36760.0,0.101182,363305.726315,363960.0,1.0,2,26.101496,129436.363658,129436.363658,1453122.0691846,4085535.0270151002,221501.36488120002,4326903.7125592,30651033.2908642,100,0,3
Z3,22,5,720,21272.0,0.101125,210353.522868,210608.0,1.0,2,26.101496,98845.922968,98845.922968,1453122.0691846,4085535.0270151002,221501.36488120002,4326903.7125592,30651033.2908642,100,0,3
Z3,23,5,720,43464.0,0.101174,429596.53666,430336.0,1.0,2,26.101496,142694.525727,142694.525727,1453122.0691846,4085535.0270151002,221501.36488120002,4326903.7125592,30651033.2908642,100,0,3
Z3,24,5,720,42000.0,0.101183,415089.491318,415840.0,1.0,2,26.101496,139793.116658,139793.116658,1453122.0691846,4085535.0270151002,221501.36488120002,4326903.7125592,30651033.2908642,100,0,3
Z3,25,5,720,20304.0,0.10111,200810.997923,201024.0,1.0,2,26.101496,96937.417979,96937.417979,1453122.0691846,4085535.0270151002,221501.36488120002,4326903.7125592,30651033.2908642,100,0,3
Z3,26,5,720,32736.0,0.101102,323791.814207,324112.0,1.0,2,26.101496,121533.581236,121533.581236,1453122.0691846,4085535.0270151002,221501.36488120002,4326903.7125592,30651033.2908642,100,0,3
Z3,27,5,720,34608.0,0.101085,342365.336103,342648.0,1.0,2,26.101496,125248.285615,125248.285615,1453122.0691846,4085535.0270151002,221501.36488120002,4326903.7125592,30651033.2908642,100,0,3
Z3,28,5,720,13208.0,0.101053,130703.690143,130768.0,1.0,2,26.101496,82915.956423,82915.956423,1453122.0691846,4085535.0270151002,221501.36488120002,4326903.7125592,30651033.2908642,100,0,3
Z3,29,5,720,16320.0,0.101022,161548.969531,161584.0,1.0,2,26.101496,89085.012301,89085.012301,1453122.0691846,4085535.0270151002,221501.36488120002,4326903.7125592,30651033.2908642,100,0,3
Z3,30,5,720,8752.0,0.101007,86647.460077,86648.0,1.0,2,26.101496,74104.71041,74104.71041,1453122.0691846,4085535.0270151002,221501.36488120002,4326903.7125592,30651033.2908642,100,0,3
Z3,31,5,720,12760.0,0.101071,126247.88515,126336.0,1.0,2,26.101496,82024.795425,82024.795425,1453122.0691846,4085535.0270151002,221501.36488120002,4326903.7125592,30651033.2908642,100,0,3
Z3,32,5,720,15440.0,0.101079,152751.807992,152864.0,1.0,2,26.101496,87325.579993,87325.579993,1453122.0691846,4085535.0270151002,221501.36488120002,4326903.7125592,30651033.2908642,100,0,3
Z3,33,5,720,10000.0,0.101052,98958.951827,99008.0,1.0,2,26.101496,76567.00876,76567.00876,1453122.0691846,4085535.0270151002,221501.36488120002,4326903.7125592,30651033.2908642,100,0,3
Z3,34,5,720,15200.0,0.101049,150422.07246,150488.0,1.0,2,26.101496,86859.632887,86859.632887,1453122.0691846,4085535.0270151002,221501.36488120002,4326903.7125592,30651033.2908642,100,0,3
Z3,35,5,720,18352.0,0.101058,181598.685903,181696.0,1.0,2,26.101496,93094.955575,93094.955575,1453122.0691846,4085535.0270151002,221501.36488120002,4326903.7125592,30651033.2908642,100,0,3
Z3,36,5,720,11224.0,0.100996,111133.114183,112240.0,1.0,2,26.101496,79001.841231,79001.841231,1453122.0691846,4085535.0270151002,221501.36488120002,4326903.7125592,30651033.2908642,100,0,3
Z3,37,5,720,23240.0,0.505949,45933.483414,46016.0,1.0,2,26.101496,65961.915078,65961.915078,1453122.0691846,4085535.0270151002,221501.36488120002,4326903.7125592,30651033.2908642,100,0,3
Z3,38,5,720,16824.0,0.101017,166546.224893,166568.0,1.0,2,26.101496,90084.463373,90084.463373,1453122.0691846,4085535.0270151002,221501.36488120002,4326903.7125592,30651033.2908642,100,0,3
Z1,0,6,720,14912.0,0.321647,46361.383753,46448.0,1.0,2,32.344226,86732.372481,86732.372481,1453122.0691846,4085535.0270151002,221501.36488120002,4326903.7125592,30651033.2908642,100,0,3
Z2,0,6,720,6624.0,0.323746,20460.484454,20504.0,1.0,2,32.344226,81552.192621,81552.192621,1453122.0691846,4085535.0270151002,221501.36488120002,4326903.7125592,30651033.2908642,100,0,3
Z2,1,6,720,6768.0,0.100989,67017.199893,67680.0,1.0,2,32.344226,90863.535709,90863.535709,1453122.0691846,4085535.0270151002,221501.36488120002,4326903.7125592,30651033.2908642,100,0,3
Z2,2,6,720,7488.0,0.100753,74320.367632,74880.0,1.0,2,32.344226,92324.169256,92324.169256,1453122.0691846,4085535.0270151002,221501.36488120002,4326903.7125592,30651033.2908642,100,0,3
Z2,3,6,720,7752.0,0.423415,18308.279112,18320.0,1.0,2,32.344226,81121.751552,81121.751552,1453122.0691846,4085535.0270151002,221501.36488120002,4326903.7125592,30651033.2908642,100,0,3
Z2,4,6,720,10768.0,0.100878,106742.798232,107680.0,1.0,2,32.344226,98808.655376,98808.655376,1453122.0691846,4085535.0270151002,221501.36488120002,4326903.7125592,30651033.2908642,100,0,3
Z2,5,6,720,17456.0,0.101002,172828.260827,172824.0,1.0,2,32.344226,112025.747895,112025.747895,1453122.0691846,4085535.0270151002,221501.36488120002,4326903.7125592,30651033.2908642,100,0,3
Z2,6,6,720,9568.0,0.100982,94749.559327,95680.0,1.0,2,32.344226,96410.007596,96410.007596,1453122.0691846,4085535.0270151002,221501.36488120002,4326903.7125592,30651033.2908642,100,0,3
Z2,7,6,720,12800.0,0.101057,126661.191209,126728.0,1.0,2,32.344226,102792.333972,102792.333972,1453122.0691846,4085535.0270151002,221501.36488120002,4326903.7125592,30651033.2908642,100,0,3
Z3,0,6,720,6760.0,0.46582,14512.043279,14536.0,1.0,2,32.344226,80362.504386,80362.504386,1453122.0691846,4085535.0270151002,221501.36488120002,4326903.7125592,30651033.2908642,100,0,3
Z3,1,6,720,8320.0,0.100954,82413.772609,83200.0,1.0,2,32.344226,93942.850252,93942.850252,1453122.0691846,4085535.0270151002,221501.36488120002,4326903.7125592,30651033.2908642,100,0,3
Z3,2,6,720,7800.0,0.100932,77279.752705,78000.0,1.0,2,32.344226,92916.046271,92916.046271,1453122.0691846,4085535.0270151002,221501.36488120002,4326903.7125592,30651033.2908642,100,0,3
Z3,3,6,720,6928.0,0.100945,68631.432959,69280.0,1.0,2,32.344226,91186.382322,91186.382322,1453122.0691846,4085535.0270151002,221501.36488120002,4326903.7125592,30651033.2908642,100,0,3
Z3,4,6,720,7472.0,0.100876,74071.136841,74720.0,1.0,2,32.344226,92274.323098,92274.323098,1453122.0691846,4085535.0270151002,221501.36488120002,4326903.7125592,30651033.2908642,100,0,3
Z3,5,6,720,7416.0,0.100957,73457.016353,74160.0,1.0,2,32.344226,92151.499001,92151.499001,1453122.0691846,4085535.0270151002,221501.36488120002,4326903.7125592,30651033.2908642,100,0,3
Z3,6,6,720,6760.0,0.415155,16283.074996,16288.0,1.0,2,32.344226,80716.710729,80716.710729,1453122.0691846,4085535.0270151002,221501.36488120002,4326903.7125592,30651033.2908642,100,0,3
Z3,7,6,720,7600.0,0.100865,75348.237744,76000.0,1.0,2,32.344226,92529.743279,92529.743279,1453122.0691846,4085535.0270151002,221501.36488120002,4326903.7125592,30651033.2908642,100,0,3
Z3,8,6,720,7600.0,0.100923,75304.935446,76000.0,1.0,2,32.344226,92521.082819,92521.082819,1453122.0691846,4085535.0270151002,221501.36488120002,4326903.7125592,30651033.2908642,100,0,3
Z3,9,6,720,12912.0,0.100937,127921.3767,129120.0,1.0,2,32.344226,103044.37107,103044.37107,1453122.0691846,4085535.0270151002,221501.36488120002,4326903.7125592,30651033.2908642,100,0,3
Z3,10,6,720,17552.0,0.100997,173787.340218,175520.0,1.0,2,32.344226,112217.563774,112217.563774,1453122.0691846,4085535.0270151002,221501.36488120002,4326903.7125592,30651033.2908642,100,0,3
Z3,11,6,720,14968.0,0.100991,148211.226743,149680.0,1.0,2,32.344226,107102.341079,107102.341079,1453122.0691846,4085535.0270151002,221501.36488120002,4326903.7125592,30651033.2908642,100,0,3
Z3,12,6,720,10336.0,0.101007,102329.541517,102336.0,1.0,2,32.344226,97926.004033,97926.004033,1453122.0691846,4085535.0270151002,221501.36488120002,4326903.7125592,30651033.2908642,100,0,3
Z3,13,6,720,18344.0,0.100944,181724.520526,183440.0,1.0,2,32.344226,113804.999835,113804.999835,1453122.0691846,4085535.0270151002,221501.36488120002,4326903.7125592,30651033.2908642,100,0,3
Z3,14,6,720,20456.0,0.101039,202456.477202,202528.0,1.0,2,32.344226,117951.39117,117951.39117,1453122.0691846,4085535.0270151002,221501.36488120002,4326903.7125592,30651033.2908642,100,0,3
Z3,15,6,720,12480.0,0.101006,123557.016415,123560.0,1.0,2,32.344226,102171.499013,102171.499013,1453122.0691846,4085535.0270151002,221501.36488120002,4326903.7125592,30651033.2908642,100,0,3
Z3,16,6,720,18912.0,0.100966,187310.579799,189120.0,1.0,2,32.344226,114922.21169,114922.21169,1453122.0691846,4085535.0270151002,221501.36488120002,4326903.7125592,30651033.2908642,100,0,3
Z3,17,6,720,16112.0,0.100959,159589.536346,161120.0,1.0,2,32.344226,109378.002999,109378.002999,1453122.0691846,4085535.0270151002,221501.36488120002,4326903.7125592,30651033.2908642,100,0,3
Z3,18,6,720,16088.0,0.101057,159197.284701,159280.0,1.0,2,32.344226,109299.55267,109299.55267,1453122.0691846,4085535.0270151002,221501.36488120002,4326903.7125592,30651033.2908642,100,0,3
Z3,19,6,720,31984.0,0.10098,316735.987324,319840.0,1.0,2,32.344226,140807.293195,140807.293195,1453122.0691846,4085535.0270151002,221501.36488120002,4326903.7125592,30651033.2908642,100,0,3
Z3,20,6,720,21472.0,0.100922,212758.367848,214720.0,1.0,2,32.344226,120011.7693,120011.7693,1453122.0691846,4085535.0270151002,221501.36488120002,4326903.7125592,30651033.2908642,100,0,3
Z3,21,6,720,19320.0,0.100945,191391.351726,193200.0,1.0,2,32.344226,115738.366075,115738.366075,1453122.0691846,4085535.0270151002,221501.36488120002,4326903.7125592,30651033.2908642,100,0,3
Z3,22,6,720,33040.0,0.101017,327073.660869,327128.0,1.0,2,32.344226,142874.827904,142874.827904,1453122.0691846,4085535.0270151002,221501.36488120002,4326903.7125592,30651033.2908642,100,0,3
Z3,23,6,720,26472.0,0.101015,262060.090086,262096.0,1.0,2,32.344226,129872.113747,129872.113747,1453122.0691846,4085535.0270151002,221501.36488120002,4326903.7125592,30651033.2908642,100,0,3
Z3,24,6,720,12984.0,0.100985,128573.550527,129840.0,1.0,2,32.344226,103174.805836,103174.805836,1453122.0691846,4085535.0270151002,221501.36488120002,4326903.7125592,30651033.2908642,100,0,3
Z3,25,6,720,21128.0,0.517988,40788.589697,40864.0,1.0,2,32.344226,85617.81367,85617.81367,1453122.0691846,4085535.0270151002,221501.36488120002,4326903.7125592,30651033.2908642,100,0,3
Z3,26,6,720,21576.0,0.101024,213573.012354,213616.0,1.0,2,32.344226,120174.698201,120174.698201,1453122.0691846,4085535.0270151002,221501.36488120002,4326903.7125592,30651033.2908642,100,0,3
Z3,27,6,720,14376.0,0.100995,142343.68038,143760.0,1.0,2,32.344226,105928.831806,105928.831806,1453122.0691846,4085535.0270151002,221501.36488120002,4326903.7125592,30651033.2908642,100,0,3
Z3,28,6,720,7048.0,0.100789,69928.265981,70480.0,1.0,2,32.344226,91445.748926,91445.748926,1453122.0691846,4085535.0270151002,221501.36488120002,4326903.7125592,30651033.2908642,100,0,3
Z3,29,6,720,8656.0,0.100884,85801.514611,86560.0,1.0,2,32.344226,94620.398652,94620.398652,1453122.0691846,4085535.0270151002,221501.36488120002,4326903.7125592,30651033.2908642,100,0,3
Z3,30,6,720,9488.0,0.100973,93965.713607,94880.0,1.0,2,32.344226,96253.238451,96253.238451,1453122.0691846,4085535.0270151002,221501.36488120002,4326903.7125592,30651033.2908642,100,0,3
Z3,31,6,720,8424.0,0.100859,83522.54137,84240.0,1.0,2,32.344226,94164.604004,94164.604004,1453122.0691846,4085535.0270151002,221501.36488120002,4326903.7125592,30651033.2908642,100,0,3
Z3,32,6,720,9328.0,0.100935,92415.91123,93280.0,1.0,2,32.344226,95943.277976,95943.277976,1453122.0691846,4085535.0270151002,221501.36488120002,4326903.7125592,30651033.2908642,100,0,3
Z3,33,6,720,8680.0,0.101029,85915.92513,85936.0,1.0,2,32.344226,94643.280756,94643.280756,1453122.0691846,4085535.0270151002,221501.36488120002,4326903.7125592,30651033.2908642,100,0,3
Z3,34,6,720,7160.0,0.100947,70928.308915,71600.0,1.0,2,32.344226,91645.757513,91645.757513,1453122.0691846,4085535.0270151002,221501.36488120002,4326903.7125592,30651033.2908642,100,0,3
Z3,35,6,720,10360.0,0.101005,102569.179744,102568.0,1.0,2,32.344226,97973.931679,97973.931679,1453122.0691846,4085535.0270151002,221501.36488120002,4326903.7125592,30651033.2908642,100,0,3
Z3,36,6,720,9048.0,0.100946,89632.080518,90480.0,1.0,2,32.344226,95386.511834,95386.511834,1453122.0691846,4085535.0270151002,221501.36488120002,4326903.7125592,30651033.2908642,100,0,3
Z3,37,6,720,7176.0,0.10084,71162.237207,71760.0,1.0,2,32.344226,91692.543172,91692.543172,1453122.0691846,4085535.0270151002,221501.36488120002,4326903.7125592,30651033.2908642,100,0,3
Z3,38,6,720,8768.0,0.100884,86911.700567,87680.0,1.0,2,32.344226,94842.435844,94842.435844,1453122.0691846,4085535.0270151002,221501.36488120002,4326903.7125592,30651033.2908642,100,0,3
