Zone, Tile_no, Seg_no, Reso, Seg_d_size, Seg_d_time, Bitrate, Bitrate1, Buf_lev, Buf_limit, Elapsed, Ref_vp, Local_avg,QoE,QoE1,Z1,Z2,Z3,delay,jitter,loss
Z1,0,1,720,9960.0,0.481527,20684.198394,20704.0,1.0,2,6.1e-05,20684.198394,20684.198394,910481.9413468998,2291641.479196,172881.8498249,2631548.8215648998,16443144.200055901,150,25,3
Z2,0,1,720,8952.0,0.466753,19179.308971,19208.0,1.0,2,6.1e-05,9589.654485,9589.654485,910481.9413468998,2291641.479196,172881.8498249,2631548.8215648998,16443144.200055901,150,25,3
Z2,1,1,720,5424.0,0.131325,41302.113078,41400.0,1.0,2,6.1e-05,13767.371026,13767.371026,910481.9413468998,2291641.479196,172881.8498249,2631548.8215648998,16443144.200055901,150,25,3
Z2,2,1,720,7080.0,0.150421,47067.896105,47200.0,1.0,2,6.1e-05,11766.974026,11766.974026,910481.9413468998,2291641.479196,172881.8498249,2631548.8215648998,16443144.200055901,150,25,3
Z2,3,1,720,18976.0,0.139048,136470.858984,136512.0,1.0,2,6.1e-05,27294.171797,27294.171797,910481.9413468998,2291641.479196,172881.8498249,2631548.8215648998,16443144.200055901,150,25,3
Z2,4,1,720,8720.0,0.146364,59577.491733,59720.0,1.0,2,6.1e-05,11915.498347,11915.498347,910481.9413468998,2291641.479196,172881.8498249,2631548.8215648998,16443144.200055901,150,25,3
Z2,5,1,720,8336.0,0.167544,49754.094447,49912.0,1.0,2,6.1e-05,9950.818889,9950.818889,910481.9413468998,2291641.479196,172881.8498249,2631548.8215648998,16443144.200055901,150,25,3
Z2,6,1,720,6376.0,0.17051,37393.701249,37504.0,1.0,2,6.1e-05,7478.74025,7478.74025,910481.9413468998,2291641.479196,172881.8498249,2631548.8215648998,16443144.200055901,150,25,3
Z2,7,1,720,6872.0,0.167033,41141.570827,41144.0,1.0,2,6.1e-05,8228.314165,8228.314165,910481.9413468998,2291641.479196,172881.8498249,2631548.8215648998,16443144.200055901,150,25,3
Z3,0,1,720,7080.0,0.481815,14694.436661,14712.0,1.0,2,6.1e-05,2938.887332,2938.887332,910481.9413468998,2291641.479196,172881.8498249,2631548.8215648998,16443144.200055901,150,25,3
Z3,1,1,720,7080.0,0.166847,42434.086319,42648.0,1.0,2,6.1e-05,8486.817264,8486.817264,910481.9413468998,2291641.479196,172881.8498249,2631548.8215648998,16443144.200055901,150,25,3
Z3,2,1,720,5664.0,0.130371,43445.244725,43568.0,1.0,2,6.1e-05,8689.048945,8689.048945,910481.9413468998,2291641.479196,172881.8498249,2631548.8215648998,16443144.200055901,150,25,3
Z3,3,1,720,7080.0,0.164381,43070.671185,43168.0,1.0,2,6.1e-05,8614.134237,8614.134237,910481.9413468998,2291641.479196,172881.8498249,2631548.8215648998,16443144.200055901,150,25,3
Z3,4,1,720,7080.0,0.148564,47656.228965,47832.0,1.0,2,6.1e-05,9531.245793,9531.245793,910481.9413468998,2291641.479196,172881.8498249,2631548.8215648998,16443144.200055901,150,25,3
Z3,5,1,720,5664.0,0.174851,32393.294862,32544.0,1.0,2,6.1e-05,6478.658972,6478.658972,910481.9413468998,2291641.479196,172881.8498249,2631548.8215648998,16443144.200055901,150,25,3
Z3,6,1,720,7080.0,0.162461,43579.689895,43696.0,1.0,2,6.1e-05,8715.937979,8715.937979,910481.9413468998,2291641.479196,172881.8498249,2631548.8215648998,16443144.200055901,150,25,3
Z3,7,1,720,7080.0,0.15354,46111.762407,46272.0,1.0,2,6.1e-05,9222.352481,9222.352481,910481.9413468998,2291641.479196,172881.8498249,2631548.8215648998,16443144.200055901,150,25,3
Z3,8,1,720,5664.0,0.14397,39341.529485,39608.0,1.0,2,6.1e-05,7868.305897,7868.305897,910481.9413468998,2291641.479196,172881.8498249,2631548.8215648998,16443144.200055901,150,25,3
Z3,9,1,720,7080.0,0.148642,47631.221324,47832.0,1.0,2,6.1e-05,9526.244265,9526.244265,910481.9413468998,2291641.479196,172881.8498249,2631548.8215648998,16443144.200055901,150,25,3
Z3,10,1,720,12904.0,0.134827,95707.833001,96296.0,1.0,2,6.1e-05,19141.5666,19141.5666,910481.9413468998,2291641.479196,172881.8498249,2631548.8215648998,16443144.200055901,150,25,3
Z3,11,1,720,17344.0,0.170065,101984.535325,102016.0,1.0,2,6.1e-05,20396.907065,20396.907065,910481.9413468998,2291641.479196,172881.8498249,2631548.8215648998,16443144.200055901,150,25,3
Z3,12,1,720,16912.0,0.135983,124368.487237,125272.0,1.0,2,6.1e-05,24873.697447,24873.697447,910481.9413468998,2291641.479196,172881.8498249,2631548.8215648998,16443144.200055901,150,25,3
Z3,13,1,720,13240.0,0.142296,93045.482656,93232.0,1.0,2,6.1e-05,18609.096531,18609.096531,910481.9413468998,2291641.479196,172881.8498249,2631548.8215648998,16443144.200055901,150,25,3
Z3,14,1,720,28328.0,0.157019,180411.287806,180432.0,1.0,2,6.1e-05,36082.257561,36082.257561,910481.9413468998,2291641.479196,172881.8498249,2631548.8215648998,16443144.200055901,150,25,3
Z3,15,1,720,30528.0,0.135175,225840.57703,226128.0,1.0,2,6.1e-05,45168.115406,45168.115406,910481.9413468998,2291641.479196,172881.8498249,2631548.8215648998,16443144.200055901,150,25,3
Z3,16,1,720,16360.0,0.156438,104578.171544,104864.0,1.0,2,6.1e-05,20915.634309,20915.634309,910481.9413468998,2291641.479196,172881.8498249,2631548.8215648998,16443144.200055901,150,25,3
Z3,17,1,720,33216.0,0.17308,191911.254911,192000.0,1.0,2,6.1e-05,38382.250982,38382.250982,910481.9413468998,2291641.479196,172881.8498249,2631548.8215648998,16443144.200055901,150,25,3
Z3,18,1,720,28000.0,0.151613,184680.733183,185424.0,1.0,2,6.1e-05,36936.146637,36936.146637,910481.9413468998,2291641.479196,172881.8498249,2631548.8215648998,16443144.200055901,150,25,3
Z3,19,1,720,15744.0,0.645823,24378.196503,24408.0,1.0,2,6.1e-05,4875.639301,4875.639301,910481.9413468998,2291641.479196,172881.8498249,2631548.8215648998,16443144.200055901,150,25,3
Z3,20,1,720,16024.0,0.162015,98904.42243,98912.0,1.0,2,6.1e-05,19780.884486,19780.884486,910481.9413468998,2291641.479196,172881.8498249,2631548.8215648998,16443144.200055901,150,25,3
Z3,21,1,720,11576.0,0.132122,87615.991281,87696.0,1.0,2,6.1e-05,17523.198256,17523.198256,910481.9413468998,2291641.479196,172881.8498249,2631548.8215648998,16443144.200055901,150,25,3
Z3,22,1,720,10816.0,0.145481,74346.478234,74592.0,1.0,2,6.1e-05,14869.295647,14869.295647,910481.9413468998,2291641.479196,172881.8498249,2631548.8215648998,16443144.200055901,150,25,3
Z3,23,1,720,13224.0,0.157687,83862.334879,84224.0,1.0,2,6.1e-05,16772.466976,16772.466976,910481.9413468998,2291641.479196,172881.8498249,2631548.8215648998,16443144.200055901,150,25,3
Z3,24,1,720,17528.0,0.15714,111543.846252,111640.0,1.0,2,6.1e-05,22308.76925,22308.76925,910481.9413468998,2291641.479196,172881.8498249,2631548.8215648998,16443144.200055901,150,25,3
Z3,25,1,720,23824.0,0.17455,136488.112289,136912.0,1.0,2,6.1e-05,27297.622458,27297.622458,910481.9413468998,2291641.479196,172881.8498249,2631548.8215648998,16443144.200055901,150,25,3
Z3,26,1,720,11024.0,0.175574,62788.339959,62992.0,1.0,2,6.1e-05,12557.667992,12557.667992,910481.9413468998,2291641.479196,172881.8498249,2631548.8215648998,16443144.200055901,150,25,3
Z3,27,1,720,15112.0,0.149026,101405.123938,101416.0,1.0,2,6.1e-05,20281.024788,20281.024788,910481.9413468998,2291641.479196,172881.8498249,2631548.8215648998,16443144.200055901,150,25,3
Z3,28,1,720,24552.0,0.147227,166762.889959,167016.0,1.0,2,6.1e-05,33352.577992,33352.577992,910481.9413468998,2291641.479196,172881.8498249,2631548.8215648998,16443144.200055901,150,25,3
Z3,29,1,720,10824.0,0.137388,78784.17329,79000.0,1.0,2,6.1e-05,15756.834658,15756.834658,910481.9413468998,2291641.479196,172881.8498249,2631548.8215648998,16443144.200055901,150,25,3
Z3,30,1,720,6872.0,0.155312,44246.420109,44328.0,1.0,2,6.1e-05,8849.284022,8849.284022,910481.9413468998,2291641.479196,172881.8498249,2631548.8215648998,16443144.200055901,150,25,3
Z3,31,1,720,6872.0,0.136723,50262.208992,50528.0,1.0,2,6.1e-05,10052.441798,10052.441798,910481.9413468998,2291641.479196,172881.8498249,2631548.8215648998,16443144.200055901,150,25,3
Z3,32,1,720,6376.0,0.512076,12451.276764,12448.0,1.0,2,6.1e-05,2490.255353,2490.255353,910481.9413468998,2291641.479196,172881.8498249,2631548.8215648998,16443144.200055901,150,25,3
Z3,33,1,720,6872.0,0.1347,51017.074981,51280.0,1.0,2,6.1e-05,10203.414996,10203.414996,910481.9413468998,2291641.479196,172881.8498249,2631548.8215648998,16443144.200055901,150,25,3
Z3,34,1,720,6872.0,0.143604,47853.820228,48048.0,1.0,2,6.1e-05,9570.764046,9570.764046,910481.9413468998,2291641.479196,172881.8498249,2631548.8215648998,16443144.200055901,150,25,3
Z3,35,1,720,6376.0,0.162373,39267.612226,39352.0,1.0,2,6.1e-05,7853.522445,7853.522445,910481.9413468998,2291641.479196,172881.8498249,2631548.8215648998,16443144.200055901,150,25,3
Z3,36,1,720,6872.0,0.158859,43258.487086,43488.0,1.0,2,6.1e-05,8651.697417,8651.697417,910481.9413468998,2291641.479196,172881.8498249,2631548.8215648998,16443144.200055901,150,25,3
Z3,37,1,720,6872.0,0.1439,47755.385685,48048.0,1.0,2,6.1e-05,9551.077137,9551.077137,910481.9413468998,2291641.479196,172881.8498249,2631548.8215648998,16443144.200055901,150,25,3
Z3,38,1,720,6376.0,0.134452,47422.128343,47576.0,1.0,2,6.1e-05,9484.425669,9484.425669,910481.9413468998,2291641.479196,172881.8498249,2631548.8215648998,16443144.200055901,150,25,3
Z1,0,2,720,15344.0,0.431314,35575.010317,35600.0,1.0,2,9.125406,16599.427732,16599.427732,910481.9413468998,2291641.479196,172881.8498249,2631548.8215648998,16443144.200055901,150,25,3
Z2,0,2,720,6624.0,1.101622,6012.951811,6016.0,1.0,2,9.125406,10687.016031,10687.016031,910481.9413468998,2291641.479196,172881.8498249,2631548.8215648998,16443144.200055901,150,25,3
Z2,1,2,720,5664.0,0.135089,41927.91419,41952.0,1.0,2,9.125406,17870.008507,17870.008507,910481.9413468998,2291641.479196,172881.8498249,2631548.8215648998,16443144.200055901,150,25,3
Z2,2,2,720,7080.0,0.173959,40699.245224,40920.0,1.0,2,9.125406,17624.274714,17624.274714,910481.9413468998,2291641.479196,172881.8498249,2631548.8215648998,16443144.200055901,150,25,3
Z2,3,2,720,7080.0,0.13914,50884.001725,50928.0,1.0,2,9.125406,19661.226014,19661.226014,910481.9413468998,2291641.479196,172881.8498249,2631548.8215648998,16443144.200055901,150,25,3
Z2,4,2,720,12128.0,0.161956,74884.536541,75328.0,1.0,2,9.125406,24461.332977,24461.332977,910481.9413468998,2291641.479196,172881.8498249,2631548.8215648998,16443144.200055901,150,25,3
Z2,5,2,720,18392.0,0.145238,126633.525661,126840.0,1.0,2,9.125406,34811.130801,34811.130801,910481.9413468998,2291641.479196,172881.8498249,2631548.8215648998,16443144.200055901,150,25,3
Z2,6,2,720,10632.0,0.168862,62962.655897,63280.0,1.0,2,9.125406,22076.956848,22076.956848,910481.9413468998,2291641.479196,172881.8498249,2631548.8215648998,16443144.200055901,150,25,3
Z2,7,2,720,8048.0,0.173237,46456.588373,46520.0,1.0,2,9.125406,18775.743343,18775.743343,910481.9413468998,2291641.479196,172881.8498249,2631548.8215648998,16443144.200055901,150,25,3
Z3,0,2,720,5424.0,0.4651,11662.00817,11664.0,1.0,2,9.125406,11816.827303,11816.827303,910481.9413468998,2291641.479196,172881.8498249,2631548.8215648998,16443144.200055901,150,25,3
Z3,1,2,720,7080.0,0.150679,46987.304137,47200.0,1.0,2,9.125406,18881.886496,18881.886496,910481.9413468998,2291641.479196,172881.8498249,2631548.8215648998,16443144.200055901,150,25,3
Z3,2,2,720,7080.0,0.133549,53014.249452,53232.0,1.0,2,9.125406,20087.275559,20087.275559,910481.9413468998,2291641.479196,172881.8498249,2631548.8215648998,16443144.200055901,150,25,3
Z3,3,2,720,5664.0,0.166925,33931.40632,34120.0,1.0,2,9.125406,16270.706933,16270.706933,910481.9413468998,2291641.479196,172881.8498249,2631548.8215648998,16443144.200055901,150,25,3
Z3,4,2,720,7080.0,0.159224,44465.658443,44528.0,1.0,2,9.125406,18377.557357,18377.557357,910481.9413468998,2291641.479196,172881.8498249,2631548.8215648998,16443144.200055901,150,25,3
Z3,5,2,720,7080.0,0.175769,40280.140412,40456.0,1.0,2,9.125406,17540.453751,17540.453751,910481.9413468998,2291641.479196,172881.8498249,2631548.8215648998,16443144.200055901,150,25,3
Z3,6,2,720,5664.0,0.150967,37518.133102,37760.0,1.0,2,9.125406,16988.052289,16988.052289,910481.9413468998,2291641.479196,172881.8498249,2631548.8215648998,16443144.200055901,150,25,3
Z3,7,2,720,7080.0,0.137526,51481.174469,51672.0,1.0,2,9.125406,19780.660562,19780.660562,910481.9413468998,2291641.479196,172881.8498249,2631548.8215648998,16443144.200055901,150,25,3
Z3,8,2,720,7080.0,0.146422,48353.389518,48488.0,1.0,2,9.125406,19155.103572,19155.103572,910481.9413468998,2291641.479196,172881.8498249,2631548.8215648998,16443144.200055901,150,25,3
Z3,9,2,720,12648.0,0.641107,19728.376075,19728.0,1.0,2,9.125406,13430.100884,13430.100884,910481.9413468998,2291641.479196,172881.8498249,2631548.8215648998,16443144.200055901,150,25,3
Z3,10,2,720,17112.0,0.157075,108941.588413,108992.0,1.0,2,9.125406,31272.743351,31272.743351,910481.9413468998,2291641.479196,172881.8498249,2631548.8215648998,16443144.200055901,150,25,3
Z3,11,2,720,15320.0,0.149738,102312.03836,102816.0,1.0,2,9.125406,29946.833341,29946.833341,910481.9413468998,2291641.479196,172881.8498249,2631548.8215648998,16443144.200055901,150,25,3
Z3,12,2,720,10704.0,0.148904,71885.241498,72320.0,1.0,2,9.125406,23861.473968,23861.473968,910481.9413468998,2291641.479196,172881.8498249,2631548.8215648998,16443144.200055901,150,25,3
Z3,13,2,720,18776.0,0.147853,126990.997815,127720.0,1.0,2,9.125406,34882.625232,34882.625232,910481.9413468998,2291641.479196,172881.8498249,2631548.8215648998,16443144.200055901,150,25,3
Z3,14,2,720,21848.0,0.161145,135579.757361,135696.0,1.0,2,9.125406,36600.377141,36600.377141,910481.9413468998,2291641.479196,172881.8498249,2631548.8215648998,16443144.200055901,150,25,3
Z3,15,2,720,12752.0,0.154509,82532.409115,82800.0,1.0,2,9.125406,25990.907492,25990.907492,910481.9413468998,2291641.479196,172881.8498249,2631548.8215648998,16443144.200055901,150,25,3
Z3,16,2,720,21856.0,0.156609,139557.752109,140096.0,1.0,2,9.125406,37395.97609,37395.97609,910481.9413468998,2291641.479196,172881.8498249,2631548.8215648998,16443144.200055901,150,25,3
Z3,17,2,720,16880.0,0.158375,106582.478295,106832.0,1.0,2,9.125406,30800.921328,30800.921328,910481.9413468998,2291641.479196,172881.8498249,2631548.8215648998,16443144.200055901,150,25,3
Z3,18,2,720,9160.0,0.657087,13940.315362,13936.0,1.0,2,9.125406,12272.488741,12272.488741,910481.9413468998,2291641.479196,172881.8498249,2631548.8215648998,16443144.200055901,150,25,3
Z3,19,2,720,11592.0,0.174705,66351.850262,66616.0,1.0,2,9.125406,22754.795721,22754.795721,910481.9413468998,2291641.479196,172881.8498249,2631548.8215648998,16443144.200055901,150,25,3
Z3,20,2,720,9952.0,0.139697,71239.897779,71592.0,1.0,2,9.125406,23732.405224,23732.405224,910481.9413468998,2291641.479196,172881.8498249,2631548.8215648998,16443144.200055901,150,25,3
Z3,21,2,720,11064.0,0.176051,62845.425473,62856.0,1.0,2,9.125406,22053.510763,22053.510763,910481.9413468998,2291641.479196,172881.8498249,2631548.8215648998,16443144.200055901,150,25,3
Z3,22,2,720,14728.0,0.16157,91155.5363,91472.0,1.0,2,9.125406,27715.532929,27715.532929,910481.9413468998,2291641.479196,172881.8498249,2631548.8215648998,16443144.200055901,150,25,3
Z3,23,2,720,16264.0,0.1645,98869.300912,99168.0,1.0,2,9.125406,29258.285851,29258.285851,910481.9413468998,2291641.479196,172881.8498249,2631548.8215648998,16443144.200055901,150,25,3
Z3,24,2,720,9504.0,0.167414,56769.445805,56904.0,1.0,2,9.125406,20838.31483,20838.31483,910481.9413468998,2291641.479196,172881.8498249,2631548.8215648998,16443144.200055901,150,25,3
Z3,25,2,720,12688.0,0.154518,82113.410735,82384.0,1.0,2,9.125406,25907.107816,25907.107816,910481.9413468998,2291641.479196,172881.8498249,2631548.8215648998,16443144.200055901,150,25,3
Z3,26,2,720,17320.0,0.146563,118174.436932,118624.0,1.0,2,9.125406,33119.313055,33119.313055,910481.9413468998,2291641.479196,172881.8498249,2631548.8215648998,16443144.200055901,150,25,3
Z3,27,2,720,9320.0,0.135526,68769.092277,69032.0,1.0,2,9.125406,23238.244124,23238.244124,910481.9413468998,2291641.479196,172881.8498249,2631548.8215648998,16443144.200055901,150,25,3
Z3,28,2,720,6376.0,0.147057,43357.337631,43368.0,1.0,2,9.125406,18155.893195,18155.893195,910481.9413468998,2291641.479196,172881.8498249,2631548.8215648998,16443144.200055901,150,25,3
Z3,29,2,720,6872.0,0.148753,46197.387616,46432.0,1.0,2,9.125406,18723.903192,18723.903192,910481.9413468998,2291641.479196,172881.8498249,2631548.8215648998,16443144.200055901,150,25,3
Z3,30,2,720,6872.0,0.159313,43135.211816,43216.0,1.0,2,9.125406,18111.468032,18111.468032,910481.9413468998,2291641.479196,172881.8498249,2631548.8215648998,16443144.200055901,150,25,3
Z3,31,2,720,6376.0,0.131092,48637.598023,48664.0,1.0,2,9.125406,19211.945273,19211.945273,910481.9413468998,2291641.479196,172881.8498249,2631548.8215648998,16443144.200055901,150,25,3
Z3,32,2,720,6872.0,0.170724,40252.102809,40416.0,1.0,2,9.125406,17534.84623,17534.84623,910481.9413468998,2291641.479196,172881.8498249,2631548.8215648998,16443144.200055901,150,25,3
Z3,33,2,720,6872.0,0.126596,54282.915732,54536.0,1.0,2,9.125406,20341.008815,20341.008815,910481.9413468998,2291641.479196,172881.8498249,2631548.8215648998,16443144.200055901,150,25,3
Z3,34,2,720,6376.0,0.167114,38153.595749,38176.0,1.0,2,9.125406,17115.144818,17115.144818,910481.9413468998,2291641.479196,172881.8498249,2631548.8215648998,16443144.200055901,150,25,3
Z3,35,2,720,6872.0,0.158154,43451.3196,43488.0,1.0,2,9.125406,18174.689589,18174.689589,910481.9413468998,2291641.479196,172881.8498249,2631548.8215648998,16443144.200055901,150,25,3
Z3,36,2,720,6872.0,0.134251,51187.70065,51280.0,1.0,2,9.125406,19721.965799,19721.965799,910481.9413468998,2291641.479196,172881.8498249,2631548.8215648998,16443144.200055901,150,25,3
Z3,37,2,720,6376.0,0.162087,39336.89932,39352.0,1.0,2,9.125406,17351.805533,17351.805533,910481.9413468998,2291641.479196,172881.8498249,2631548.8215648998,16443144.200055901,150,25,3
Z3,38,2,720,6872.0,0.141106,48700.976571,48736.0,1.0,2,9.125406,19224.620983,19224.620983,910481.9413468998,2291641.479196,172881.8498249,2631548.8215648998,16443144.200055901,150,25,3
Z1,0,3,720,15304.0,0.487005,31424.728699,31424.0,1.0,2,19.048698,25509.566723,25509.566723,910481.9413468998,2291641.479196,172881.8498249,2631548.8215648998,16443144.200055901,150,25,3
Z2,0,3,720,6624.0,0.469358,14112.894635,14120.0,1.0,2,19.048698,22047.19991,22047.19991,910481.9413468998,2291641.479196,172881.8498249,2631548.8215648998,16443144.200055901,150,25,3
Z2,1,3,720,5664.0,0.142091,39861.778719,39880.0,1.0,2,19.048698,27196.976727,27196.976727,910481.9413468998,2291641.479196,172881.8498249,2631548.8215648998,16443144.200055901,150,25,3
Z2,2,3,720,7080.0,0.163888,43200.234306,43432.0,1.0,2,19.048698,27864.667844,27864.667844,910481.9413468998,2291641.479196,172881.8498249,2631548.8215648998,16443144.200055901,150,25,3
Z2,3,3,720,7080.0,0.133292,53116.466104,53232.0,1.0,2,19.048698,29847.914204,29847.914204,910481.9413468998,2291641.479196,172881.8498249,2631548.8215648998,16443144.200055901,150,25,3
Z2,4,3,720,12544.0,0.14487,86587.975426,87104.0,1.0,2,19.048698,36542.216068,36542.216068,910481.9413468998,2291641.479196,172881.8498249,2631548.8215648998,16443144.200055901,150,25,3
Z2,5,3,720,18632.0,0.141978,131231.599262,132136.0,1.0,2,19.048698,45470.940835,45470.940835,910481.9413468998,2291641.479196,172881.8498249,2631548.8215648998,16443144.200055901,150,25,3
Z2,6,3,720,10240.0,0.151544,67571.134456,67808.0,1.0,2,19.048698,32738.847874,32738.847874,910481.9413468998,2291641.479196,172881.8498249,2631548.8215648998,16443144.200055901,150,25,3
Z2,7,3,720,8424.0,0.127608,66014.669927,66328.0,1.0,2,19.048698,32427.554968,32427.554968,910481.9413468998,2291641.479196,172881.8498249,2631548.8215648998,16443144.200055901,150,25,3
Z3,0,3,720,5424.0,0.464574,11675.21213,11688.0,1.0,2,19.048698,21559.663409,21559.663409,910481.9413468998,2291641.479196,172881.8498249,2631548.8215648998,16443144.200055901,150,25,3
Z3,1,3,720,7080.0,0.164791,42963.511357,43168.0,1.0,2,19.048698,27817.323254,27817.323254,910481.9413468998,2291641.479196,172881.8498249,2631548.8215648998,16443144.200055901,150,25,3
Z3,2,3,720,7080.0,0.547968,12920.462509,12936.0,1.0,2,19.048698,21808.713485,21808.713485,910481.9413468998,2291641.479196,172881.8498249,2631548.8215648998,16443144.200055901,150,25,3
Z3,3,3,720,5664.0,0.164026,34531.110921,34536.0,1.0,2,19.048698,26130.843167,26130.843167,910481.9413468998,2291641.479196,172881.8498249,2631548.8215648998,16443144.200055901,150,25,3
Z3,4,3,720,7080.0,0.151363,46774.971426,46880.0,1.0,2,19.048698,28579.615268,28579.615268,910481.9413468998,2291641.479196,172881.8498249,2631548.8215648998,16443144.200055901,150,25,3
Z3,5,3,720,7080.0,0.13584,52120.141343,52440.0,1.0,2,19.048698,29648.649251,29648.649251,910481.9413468998,2291641.479196,172881.8498249,2631548.8215648998,16443144.200055901,150,25,3
Z3,6,3,720,5664.0,0.173684,32610.948619,32736.0,1.0,2,19.048698,25746.810707,25746.810707,910481.9413468998,2291641.479196,172881.8498249,2631548.8215648998,16443144.200055901,150,25,3
Z3,7,3,720,7080.0,0.160778,44035.875555,44248.0,1.0,2,19.048698,28031.796094,28031.796094,910481.9413468998,2291641.479196,172881.8498249,2631548.8215648998,16443144.200055901,150,25,3
Z3,8,3,720,7080.0,0.127837,55383.026823,55744.0,1.0,2,19.048698,30301.226347,30301.226347,910481.9413468998,2291641.479196,172881.8498249,2631548.8215648998,16443144.200055901,150,25,3
Z3,9,3,720,14120.0,0.174675,80835.837985,81144.0,1.0,2,19.048698,35391.78858,35391.78858,910481.9413468998,2291641.479196,172881.8498249,2631548.8215648998,16443144.200055901,150,25,3
Z3,10,3,720,17536.0,0.172914,101414.576032,101952.0,1.0,2,19.048698,39507.536189,39507.536189,910481.9413468998,2291641.479196,172881.8498249,2631548.8215648998,16443144.200055901,150,25,3
Z3,11,3,720,16008.0,0.126265,126780.976518,127040.0,1.0,2,19.048698,44580.816286,44580.816286,910481.9413468998,2291641.479196,172881.8498249,2631548.8215648998,16443144.200055901,150,25,3
Z3,12,3,720,10896.0,0.153716,70883.967837,71208.0,1.0,2,19.048698,33401.41455,33401.41455,910481.9413468998,2291641.479196,172881.8498249,2631548.8215648998,16443144.200055901,150,25,3
Z3,13,3,720,19720.0,0.126202,156257.428567,156504.0,1.0,2,19.048698,50476.106696,50476.106696,910481.9413468998,2291641.479196,172881.8498249,2631548.8215648998,16443144.200055901,150,25,3
Z3,14,3,720,20104.0,0.174532,115188.045745,115536.0,1.0,2,19.048698,42262.230132,42262.230132,910481.9413468998,2291641.479196,172881.8498249,2631548.8215648998,16443144.200055901,150,25,3
Z3,15,3,720,12504.0,0.14682,85165.508786,85640.0,1.0,2,19.048698,36257.72274,36257.72274,910481.9413468998,2291641.479196,172881.8498249,2631548.8215648998,16443144.200055901,150,25,3
Z3,16,3,720,23072.0,0.173731,132803.011552,133360.0,1.0,2,19.048698,45785.223293,45785.223293,910481.9413468998,2291641.479196,172881.8498249,2631548.8215648998,16443144.200055901,150,25,3
Z3,17,3,720,18112.0,0.169305,106978.529872,107168.0,1.0,2,19.048698,40620.326957,40620.326957,910481.9413468998,2291641.479196,172881.8498249,2631548.8215648998,16443144.200055901,150,25,3
Z3,18,3,720,9664.0,0.169492,57017.440351,57176.0,1.0,2,19.048698,30628.109053,30628.109053,910481.9413468998,2291641.479196,172881.8498249,2631548.8215648998,16443144.200055901,150,25,3
Z3,19,3,720,12280.0,0.15886,77300.767972,77720.0,1.0,2,19.048698,34684.774577,34684.774577,910481.9413468998,2291641.479196,172881.8498249,2631548.8215648998,16443144.200055901,150,25,3
Z3,20,3,720,10368.0,0.162028,63988.940183,64000.0,1.0,2,19.048698,32022.409019,32022.409019,910481.9413468998,2291641.479196,172881.8498249,2631548.8215648998,16443144.200055901,150,25,3
Z3,21,3,720,10520.0,0.155311,67735.06062,67864.0,1.0,2,19.048698,32771.633107,32771.633107,910481.9413468998,2291641.479196,172881.8498249,2631548.8215648998,16443144.200055901,150,25,3
Z3,22,3,720,15288.0,0.148312,103079.993527,103296.0,1.0,2,19.048698,39840.619688,39840.619688,910481.9413468998,2291641.479196,172881.8498249,2631548.8215648998,16443144.200055901,150,25,3
Z3,23,3,720,16344.0,0.167803,97399.927296,97864.0,1.0,2,19.048698,38704.606442,38704.606442,910481.9413468998,2291641.479196,172881.8498249,2631548.8215648998,16443144.200055901,150,25,3
Z3,24,3,720,9016.0,0.16221,55582.269897,55648.0,1.0,2,19.048698,30341.074962,30341.074962,910481.9413468998,2291641.479196,172881.8498249,2631548.8215648998,16443144.200055901,150,25,3
Z3,25,3,720,13800.0,0.598113,23072.563211,23072.0,1.0,2,19.048698,23839.133625,23839.133625,910481.9413468998,2291641.479196,172881.8498249,2631548.8215648998,16443144.200055901,150,25,3
Z3,26,3,720,17664.0,0.141682,124673.564744,125272.0,1.0,2,19.048698,44159.333932,44159.333932,910481.9413468998,2291641.479196,172881.8498249,2631548.8215648998,16443144.200055901,150,25,3
Z3,27,3,720,9896.0,0.149952,65994.451558,66416.0,1.0,2,19.048698,32423.511294,32423.511294,910481.9413468998,2291641.479196,172881.8498249,2631548.8215648998,16443144.200055901,150,25,3
Z3,28,3,720,6376.0,0.151206,42167.63885,42224.0,1.0,2,19.048698,27658.148753,27658.148753,910481.9413468998,2291641.479196,172881.8498249,2631548.8215648998,16443144.200055901,150,25,3
Z3,29,3,720,6872.0,0.16001,42947.315793,42944.0,1.0,2,19.048698,27814.084141,27814.084141,910481.9413468998,2291641.479196,172881.8498249,2631548.8215648998,16443144.200055901,150,25,3
Z3,30,3,720,6872.0,0.156114,44019.114237,44048.0,1.0,2,19.048698,28028.44383,28028.44383,910481.9413468998,2291641.479196,172881.8498249,2631548.8215648998,16443144.200055901,150,25,3
Z3,31,3,720,6376.0,0.17578,36272.613494,36432.0,1.0,2,19.048698,26479.143682,26479.143682,910481.9413468998,2291641.479196,172881.8498249,2631548.8215648998,16443144.200055901,150,25,3
Z3,32,3,720,6872.0,0.161462,42561.097967,42680.0,1.0,2,19.048698,27736.840576,27736.840576,910481.9413468998,2291641.479196,172881.8498249,2631548.8215648998,16443144.200055901,150,25,3
Z3,33,3,720,6872.0,0.144091,47692.083475,47720.0,1.0,2,19.048698,28763.037678,28763.037678,910481.9413468998,2291641.479196,172881.8498249,2631548.8215648998,16443144.200055901,150,25,3
Z3,34,3,720,6376.0,0.145984,43676.01929,43968.0,1.0,2,19.048698,27959.824841,27959.824841,910481.9413468998,2291641.479196,172881.8498249,2631548.8215648998,16443144.200055901,150,25,3
Z3,35,3,720,6872.0,0.162391,42317.616124,42416.0,1.0,2,19.048698,27688.144208,27688.144208,910481.9413468998,2291641.479196,172881.8498249,2631548.8215648998,16443144.200055901,150,25,3
Z3,36,3,720,6872.0,0.144199,47656.363775,47720.0,1.0,2,19.048698,28755.893738,28755.893738,910481.9413468998,2291641.479196,172881.8498249,2631548.8215648998,16443144.200055901,150,25,3
Z3,37,3,720,6376.0,0.168188,37909.957904,37952.0,1.0,2,19.048698,26806.612564,26806.612564,910481.9413468998,2291641.479196,172881.8498249,2631548.8215648998,16443144.200055901,150,25,3
Z3,38,3,720,6872.0,0.1673,41075.911536,41144.0,1.0,2,19.048698,27439.80329,27439.80329,910481.9413468998,2291641.479196,172881.8498249,2631548.8215648998,16443144.200055901,150,25,3
Z1,0,4,720,22592.0,0.488403,46256.882124,46288.0,1.0,2,28.278105,36691.179715,36691.179715,910481.9413468998,2291641.479196,172881.8498249,2631548.8215648998,16443144.200055901,150,25,3
Z2,0,4,720,6624.0,0.489193,13540.667998,13544.0,1.0,2,28.278105,30147.93689,30147.93689,910481.9413468998,2291641.479196,172881.8498249,2631548.8215648998,16443144.200055901,150,25,3
Z2,1,4,720,6648.0,0.142339,46705.400488,46816.0,1.0,2,28.278105,36780.883388,36780.883388,910481.9413468998,2291641.479196,172881.8498249,2631548.8215648998,16443144.200055901,150,25,3
Z2,2,4,720,7200.0,0.155418,46326.680307,46448.0,1.0,2,28.278105,36705.139351,36705.139351,910481.9413468998,2291641.479196,172881.8498249,2631548.8215648998,16443144.200055901,150,25,3
Z2,3,4,720,7296.0,0.149178,48908.015927,48960.0,1.0,2,28.278105,37221.406475,37221.406475,910481.9413468998,2291641.479196,172881.8498249,2631548.8215648998,16443144.200055901,150,25,3
Z2,4,4,720,17272.0,0.138501,124706.680818,125152.0,1.0,2,28.278105,52381.139454,52381.139454,910481.9413468998,2291641.479196,172881.8498249,2631548.8215648998,16443144.200055901,150,25,3
Z2,5,4,720,26240.0,0.169004,155262.597335,155264.0,1.0,2,28.278105,58492.322757,58492.322757,910481.9413468998,2291641.479196,172881.8498249,2631548.8215648998,16443144.200055901,150,25,3
Z2,6,4,720,12720.0,0.132625,95909.519321,96360.0,1.0,2,28.278105,46621.707154,46621.707154,910481.9413468998,2291641.479196,172881.8498249,2631548.8215648998,16443144.200055901,150,25,3
Z2,7,4,720,11496.0,0.145812,78841.247634,79280.0,1.0,2,28.278105,43208.052817,43208.052817,910481.9413468998,2291641.479196,172881.8498249,2631548.8215648998,16443144.200055901,150,25,3
Z3,0,4,720,6448.0,0.479412,13449.80935,13456.0,1.0,2,28.278105,30129.76516,30129.76516,910481.9413468998,2291641.479196,172881.8498249,2631548.8215648998,16443144.200055901,150,25,3
Z3,1,4,720,7448.0,0.150649,49439.425419,49648.0,1.0,2,28.278105,37327.688374,37327.688374,910481.9413468998,2291641.479196,172881.8498249,2631548.8215648998,16443144.200055901,150,25,3
Z3,2,4,720,7424.0,0.152278,48752.938704,48840.0,1.0,2,28.278105,37190.391031,37190.391031,910481.9413468998,2291641.479196,172881.8498249,2631548.8215648998,16443144.200055901,150,25,3
Z3,3,4,720,6648.0,0.149623,44431.671601,44616.0,1.0,2,28.278105,36326.13761,36326.13761,910481.9413468998,2291641.479196,172881.8498249,2631548.8215648998,16443144.200055901,150,25,3
Z3,4,4,720,7224.0,0.140432,51441.266948,51600.0,1.0,2,28.278105,37728.05668,37728.05668,910481.9413468998,2291641.479196,172881.8498249,2631548.8215648998,16443144.200055901,150,25,3
Z3,5,4,720,7240.0,0.170937,42354.785681,42584.0,1.0,2,28.278105,35910.760426,35910.760426,910481.9413468998,2291641.479196,172881.8498249,2631548.8215648998,16443144.200055901,150,25,3
Z3,6,4,720,6648.0,0.151038,44015.41334,44024.0,1.0,2,28.278105,36242.885958,36242.885958,910481.9413468998,2291641.479196,172881.8498249,2631548.8215648998,16443144.200055901,150,25,3
Z3,7,4,720,7232.0,0.143595,50363.870608,50568.0,1.0,2,28.278105,37512.577412,37512.577412,910481.9413468998,2291641.479196,172881.8498249,2631548.8215648998,16443144.200055901,150,25,3
Z3,8,4,720,7296.0,0.152046,47985.478079,48000.0,1.0,2,28.278105,37036.898906,37036.898906,910481.9413468998,2291641.479196,172881.8498249,2631548.8215648998,16443144.200055901,150,25,3
Z3,9,4,720,16456.0,0.168133,97874.896659,97952.0,1.0,2,28.278105,47014.782622,47014.782622,910481.9413468998,2291641.479196,172881.8498249,2631548.8215648998,16443144.200055901,150,25,3
Z3,10,4,720,25392.0,0.131231,193490.867249,193832.0,1.0,2,28.278105,66137.97674,66137.97674,910481.9413468998,2291641.479196,172881.8498249,2631548.8215648998,16443144.200055901,150,25,3
Z3,11,4,720,21592.0,0.172409,125237.081591,125528.0,1.0,2,28.278105,52487.219608,52487.219608,910481.9413468998,2291641.479196,172881.8498249,2631548.8215648998,16443144.200055901,150,25,3
Z3,12,4,720,13528.0,0.175445,77106.785602,77296.0,1.0,2,28.278105,42861.16041,42861.16041,910481.9413468998,2291641.479196,172881.8498249,2631548.8215648998,16443144.200055901,150,25,3
Z3,13,4,720,29512.0,0.169257,174362.064789,174624.0,1.0,2,28.278105,62312.216248,62312.216248,910481.9413468998,2291641.479196,172881.8498249,2631548.8215648998,16443144.200055901,150,25,3
Z3,14,4,720,29688.0,0.166136,178696.971156,178840.0,1.0,2,28.278105,63179.197521,63179.197521,910481.9413468998,2291641.479196,172881.8498249,2631548.8215648998,16443144.200055901,150,25,3
Z3,15,4,720,16760.0,0.153087,109480.230196,109536.0,1.0,2,28.278105,49335.849329,49335.849329,910481.9413468998,2291641.479196,172881.8498249,2631548.8215648998,16443144.200055901,150,25,3
Z3,16,4,720,33128.0,0.171151,193560.072684,193728.0,1.0,2,28.278105,66151.817827,66151.817827,910481.9413468998,2291641.479196,172881.8498249,2631548.8215648998,16443144.200055901,150,25,3
Z3,17,4,720,26248.0,0.154145,170281.228713,170440.0,1.0,2,28.278105,61496.049033,61496.049033,910481.9413468998,2291641.479196,172881.8498249,2631548.8215648998,16443144.200055901,150,25,3
Z3,18,4,720,14624.0,0.138662,105465.087767,105968.0,1.0,2,28.278105,48532.820844,48532.820844,910481.9413468998,2291641.479196,172881.8498249,2631548.8215648998,16443144.200055901,150,25,3
Z3,19,4,720,26816.0,0.169495,158211.156671,158672.0,1.0,2,28.278105,59082.034624,59082.034624,910481.9413468998,2291641.479196,172881.8498249,2631548.8215648998,16443144.200055901,150,25,3
Z3,20,4,720,23128.0,0.128842,179506.682603,180680.0,1.0,2,28.278105,63341.139811,63341.139811,910481.9413468998,2291641.479196,172881.8498249,2631548.8215648998,16443144.200055901,150,25,3
Z3,21,4,720,19440.0,0.133032,146130.254375,146160.0,1.0,2,28.278105,56665.854165,56665.854165,910481.9413468998,2291641.479196,172881.8498249,2631548.8215648998,16443144.200055901,150,25,3
Z3,22,4,720,29088.0,0.155524,187032.226537,187664.0,1.0,2,28.278105,64846.248598,64846.248598,910481.9413468998,2291641.479196,172881.8498249,2631548.8215648998,16443144.200055901,150,25,3
Z3,23,4,720,29840.0,0.155221,192242.029107,192512.0,1.0,2,28.278105,65888.209111,65888.209111,910481.9413468998,2291641.479196,172881.8498249,2631548.8215648998,16443144.200055901,150,25,3
Z3,24,4,720,17200.0,0.156433,109951.225125,110256.0,1.0,2,28.278105,49430.048315,49430.048315,910481.9413468998,2291641.479196,172881.8498249,2631548.8215648998,16443144.200055901,150,25,3
Z3,25,4,720,25664.0,0.16035,160049.890864,160400.0,1.0,2,28.278105,59449.781463,59449.781463,910481.9413468998,2291641.479196,172881.8498249,2631548.8215648998,16443144.200055901,150,25,3
Z3,26,4,720,26808.0,0.160148,167395.159477,167544.0,1.0,2,28.278105,60918.835186,60918.835186,910481.9413468998,2291641.479196,172881.8498249,2631548.8215648998,16443144.200055901,150,25,3
Z3,27,4,720,17472.0,0.128443,136029.211401,136496.0,1.0,2,28.278105,54645.64557,54645.64557,910481.9413468998,2291641.479196,172881.8498249,2631548.8215648998,16443144.200055901,150,25,3
Z3,28,4,720,6448.0,0.139692,46158.691979,46384.0,1.0,2,28.278105,36671.541686,36671.541686,910481.9413468998,2291641.479196,172881.8498249,2631548.8215648998,16443144.200055901,150,25,3
Z3,29,4,720,7200.0,0.170407,42251.785431,42352.0,1.0,2,28.278105,35890.160376,35890.160376,910481.9413468998,2291641.479196,172881.8498249,2631548.8215648998,16443144.200055901,150,25,3
Z3,30,4,720,7520.0,0.129347,58138.186429,58288.0,1.0,2,28.278105,39067.440576,39067.440576,910481.9413468998,2291641.479196,172881.8498249,2631548.8215648998,16443144.200055901,150,25,3
Z3,31,4,720,6728.0,0.150809,44612.722052,44848.0,1.0,2,28.278105,36362.347701,36362.347701,910481.9413468998,2291641.479196,172881.8498249,2631548.8215648998,16443144.200055901,150,25,3
Z3,32,4,720,7224.0,0.14374,50257.409211,50512.0,1.0,2,28.278105,37491.285132,37491.285132,910481.9413468998,2291641.479196,172881.8498249,2631548.8215648998,16443144.200055901,150,25,3
Z3,33,4,720,7256.0,0.169806,42731.116686,42928.0,1.0,2,28.278105,35986.026627,35986.026627,910481.9413468998,2291641.479196,172881.8498249,2631548.8215648998,16443144.200055901,150,25,3
Z3,34,4,720,6544.0,0.158485,41290.973909,41416.0,1.0,2,28.278105,35697.998072,35697.998072,910481.9413468998,2291641.479196,172881.8498249,2631548.8215648998,16443144.200055901,150,25,3
Z3,35,4,720,12272.0,0.131021,93664.374413,93672.0,1.0,2,28.278105,46172.678173,46172.678173,910481.9413468998,2291641.479196,172881.8498249,2631548.8215648998,16443144.200055901,150,25,3
Z3,36,4,720,8544.0,0.158377,53947.227186,54072.0,1.0,2,28.278105,38229.248727,38229.248727,910481.9413468998,2291641.479196,172881.8498249,2631548.8215648998,16443144.200055901,150,25,3
Z3,37,4,720,6424.0,0.157666,40744.358327,40912.0,1.0,2,28.278105,35588.674955,35588.674955,910481.9413468998,2291641.479196,172881.8498249,2631548.8215648998,16443144.200055901,150,25,3
Z3,38,4,720,6872.0,0.135437,50739.458198,50896.0,1.0,2,28.278105,37587.69493,37587.69493,910481.9413468998,2291641.479196,172881.8498249,2631548.8215648998,16443144.200055901,150,25,3
Z1,0,5,720,20272.0,0.518716,39081.115678,39128.0,1.0,2,36.577997,45403.918065,45403.918065,910481.9413468998,2291641.479196,172881.8498249,2631548.8215648998,16443144.200055901,150,25,3
Z2,0,5,720,6624.0,0.452138,14650.394349,14648.0,1.0,2,36.577997,40517.773799,40517.773799,910481.9413468998,2291641.479196,172881.8498249,2631548.8215648998,16443144.200055901,150,25,3
Z2,1,5,720,7616.0,0.139378,54642.770021,54784.0,1.0,2,36.577997,48516.248934,48516.248934,910481.9413468998,2291641.479196,172881.8498249,2631548.8215648998,16443144.200055901,150,25,3
Z2,2,5,720,8792.0,0.172019,51110.633128,51112.0,1.0,2,36.577997,47809.821555,47809.821555,910481.9413468998,2291641.479196,172881.8498249,2631548.8215648998,16443144.200055901,150,25,3
Z2,3,5,720,8816.0,0.149232,59075.801437,59160.0,1.0,2,36.577997,49402.855217,49402.855217,910481.9413468998,2291641.479196,172881.8498249,2631548.8215648998,16443144.200055901,150,25,3
Z2,4,5,720,14976.0,0.158891,94253.293138,94784.0,1.0,2,36.577997,56438.353557,56438.353557,910481.9413468998,2291641.479196,172881.8498249,2631548.8215648998,16443144.200055901,150,25,3
Z2,5,5,720,25312.0,0.156874,161352.422964,162256.0,1.0,2,36.577997,69858.179522,69858.179522,910481.9413468998,2291641.479196,172881.8498249,2631548.8215648998,16443144.200055901,150,25,3
Z2,6,5,720,13208.0,0.154201,85654.438039,85760.0,1.0,2,36.577997,54718.582537,54718.582537,910481.9413468998,2291641.479196,172881.8498249,2631548.8215648998,16443144.200055901,150,25,3
Z2,7,5,720,16320.0,0.139842,116703.136397,117408.0,1.0,2,36.577997,60928.322209,60928.322209,910481.9413468998,2291641.479196,172881.8498249,2631548.8215648998,16443144.200055901,150,25,3
Z3,0,5,720,7712.0,0.883353,8730.371663,8728.0,1.0,2,36.577997,39333.769262,39333.769262,910481.9413468998,2291641.479196,172881.8498249,2631548.8215648998,16443144.200055901,150,25,3
Z3,1,5,720,9624.0,0.172315,55851.202739,55952.0,1.0,2,36.577997,48757.935478,48757.935478,910481.9413468998,2291641.479196,172881.8498249,2631548.8215648998,16443144.200055901,150,25,3
Z3,2,5,720,9096.0,0.169001,53822.166733,53816.0,1.0,2,36.577997,48352.128276,48352.128276,910481.9413468998,2291641.479196,172881.8498249,2631548.8215648998,16443144.200055901,150,25,3
Z3,3,5,720,7632.0,0.143671,53121.367569,53368.0,1.0,2,36.577997,48211.968443,48211.968443,910481.9413468998,2291641.479196,172881.8498249,2631548.8215648998,16443144.200055901,150,25,3
Z3,4,5,720,8304.0,0.174094,47698.369846,47720.0,1.0,2,36.577997,47127.368899,47127.368899,910481.9413468998,2291641.479196,172881.8498249,2631548.8215648998,16443144.200055901,150,25,3
Z3,5,5,720,8504.0,0.162961,52184.264947,52488.0,1.0,2,36.577997,48024.547919,48024.547919,910481.9413468998,2291641.479196,172881.8498249,2631548.8215648998,16443144.200055901,150,25,3
Z3,6,5,720,7384.0,0.146277,50479.569584,50568.0,1.0,2,36.577997,47683.608846,47683.608846,910481.9413468998,2291641.479196,172881.8498249,2631548.8215648998,16443144.200055901,150,25,3
Z3,7,5,720,8968.0,0.135257,66303.407587,66424.0,1.0,2,36.577997,50848.376447,50848.376447,910481.9413468998,2291641.479196,172881.8498249,2631548.8215648998,16443144.200055901,150,25,3
Z3,8,5,720,8912.0,0.158898,56086.294352,56400.0,1.0,2,36.577997,48804.9538,48804.9538,910481.9413468998,2291641.479196,172881.8498249,2631548.8215648998,16443144.200055901,150,25,3
Z3,9,5,720,16688.0,0.132189,126243.484708,126424.0,1.0,2,36.577997,62836.391871,62836.391871,910481.9413468998,2291641.479196,172881.8498249,2631548.8215648998,16443144.200055901,150,25,3
Z3,10,5,720,23832.0,0.162368,146777.690185,147104.0,1.0,2,36.577997,66943.232967,66943.232967,910481.9413468998,2291641.479196,172881.8498249,2631548.8215648998,16443144.200055901,150,25,3
Z3,11,5,720,21144.0,0.152954,138237.640075,139104.0,1.0,2,36.577997,65235.222945,65235.222945,910481.9413468998,2291641.479196,172881.8498249,2631548.8215648998,16443144.200055901,150,25,3
Z3,12,5,720,14272.0,0.144128,99023.090586,99104.0,1.0,2,36.577997,57392.313047,57392.313047,910481.9413468998,2291641.479196,172881.8498249,2631548.8215648998,16443144.200055901,150,25,3
Z3,13,5,720,27640.0,0.160695,172002.862566,172744.0,1.0,2,36.577997,71988.267443,71988.267443,910481.9413468998,2291641.479196,172881.8498249,2631548.8215648998,16443144.200055901,150,25,3
Z3,14,5,720,33288.0,0.165874,200682.445712,201744.0,1.0,2,36.577997,77724.184072,77724.184072,910481.9413468998,2291641.479196,172881.8498249,2631548.8215648998,16443144.200055901,150,25,3
Z3,15,5,720,17576.0,0.158644,110788.936235,111240.0,1.0,2,36.577997,59745.482177,59745.482177,910481.9413468998,2291641.479196,172881.8498249,2631548.8215648998,16443144.200055901,150,25,3
Z3,16,5,720,34872.0,0.160659,217056.000598,217944.0,1.0,2,36.577997,80998.895049,80998.895049,910481.9413468998,2291641.479196,172881.8498249,2631548.8215648998,16443144.200055901,150,25,3
Z3,17,5,720,27336.0,0.146359,186773.618295,187232.0,1.0,2,36.577997,74942.418589,74942.418589,910481.9413468998,2291641.479196,172881.8498249,2631548.8215648998,16443144.200055901,150,25,3
Z3,18,5,720,18312.0,0.127587,143525.5943,144184.0,1.0,2,36.577997,66292.81379,66292.81379,910481.9413468998,2291641.479196,172881.8498249,2631548.8215648998,16443144.200055901,150,25,3
Z3,19,5,720,41432.0,0.158533,261346.218138,262224.0,1.0,2,36.577997,89856.938557,89856.938557,910481.9413468998,2291641.479196,172881.8498249,2631548.8215648998,16443144.200055901,150,25,3
Z3,20,5,720,36760.0,0.155369,236598.034357,237160.0,1.0,2,36.577997,84907.301801,84907.301801,910481.9413468998,2291641.479196,172881.8498249,2631548.8215648998,16443144.200055901,150,25,3
Z3,21,5,720,21272.0,0.16446,129344.521464,129704.0,1.0,2,36.577997,63456.599223,63456.599223,910481.9413468998,2291641.479196,172881.8498249,2631548.8215648998,16443144.200055901,150,25,3
Z3,22,5,720,43464.0,0.685826,63374.675209,63448.0,1.0,2,36.577997,50262.629972,50262.629972,910481.9413468998,2291641.479196,172881.8498249,2631548.8215648998,16443144.200055901,150,25,3
Z3,23,5,720,42000.0,0.270726,155138.40562,155552.0,1.0,2,36.577997,68615.376054,68615.376054,910481.9413468998,2291641.479196,172881.8498249,2631548.8215648998,16443144.200055901,150,25,3
Z3,24,5,720,20304.0,0.16041,126575.649897,126896.0,1.0,2,36.577997,62902.824909,62902.824909,910481.9413468998,2291641.479196,172881.8498249,2631548.8215648998,16443144.200055901,150,25,3
Z3,25,5,720,32736.0,0.153968,212615.608438,213960.0,1.0,2,36.577997,80110.816617,80110.816617,910481.9413468998,2291641.479196,172881.8498249,2631548.8215648998,16443144.200055901,150,25,3
Z3,26,5,720,34608.0,0.150959,229254.300837,230720.0,1.0,2,36.577997,83438.555097,83438.555097,910481.9413468998,2291641.479196,172881.8498249,2631548.8215648998,16443144.200055901,150,25,3
Z3,27,5,720,21272.0,0.174167,122135.651415,122248.0,1.0,2,36.577997,62014.825213,62014.825213,910481.9413468998,2291641.479196,172881.8498249,2631548.8215648998,16443144.200055901,150,25,3
Z3,28,5,720,8752.0,0.171489,51035.343375,51176.0,1.0,2,36.577997,47794.763605,47794.763605,910481.9413468998,2291641.479196,172881.8498249,2631548.8215648998,16443144.200055901,150,25,3
Z3,29,5,720,12760.0,0.175863,72556.478623,72912.0,1.0,2,36.577997,52098.990654,52098.990654,910481.9413468998,2291641.479196,172881.8498249,2631548.8215648998,16443144.200055901,150,25,3
Z3,30,5,720,15440.0,0.170046,90798.960281,90816.0,1.0,2,36.577997,55747.486986,55747.486986,910481.9413468998,2291641.479196,172881.8498249,2631548.8215648998,16443144.200055901,150,25,3
Z3,31,5,720,10000.0,0.146048,68470.63979,68488.0,1.0,2,36.577997,51281.822888,51281.822888,910481.9413468998,2291641.479196,172881.8498249,2631548.8215648998,16443144.200055901,150,25,3
Z3,32,5,720,15200.0,0.173054,87833.855328,87856.0,1.0,2,36.577997,55154.465995,55154.465995,910481.9413468998,2291641.479196,172881.8498249,2631548.8215648998,16443144.200055901,150,25,3
Z3,33,5,720,18352.0,0.131236,139839.678137,140088.0,1.0,2,36.577997,65555.630557,65555.630557,910481.9413468998,2291641.479196,172881.8498249,2631548.8215648998,16443144.200055901,150,25,3
Z3,34,5,720,11224.0,0.127841,87796.559789,88376.0,1.0,2,36.577997,55147.006888,55147.006888,910481.9413468998,2291641.479196,172881.8498249,2631548.8215648998,16443144.200055901,150,25,3
Z3,35,5,720,23240.0,0.166557,139531.811932,140000.0,1.0,2,36.577997,65494.057316,65494.057316,910481.9413468998,2291641.479196,172881.8498249,2631548.8215648998,16443144.200055901,150,25,3
Z3,36,5,720,16824.0,0.156748,107331.513002,107840.0,1.0,2,36.577997,59053.99753,59053.99753,910481.9413468998,2291641.479196,172881.8498249,2631548.8215648998,16443144.200055901,150,25,3
Z3,37,5,720,9680.0,0.143335,67534.098441,67688.0,1.0,2,36.577997,51094.514618,51094.514618,910481.9413468998,2291641.479196,172881.8498249,2631548.8215648998,16443144.200055901,150,25,3
Z3,38,5,720,12888.0,0.173181,74419.249225,74496.0,1.0,2,36.577997,52471.544775,52471.544775,910481.9413468998,2291641.479196,172881.8498249,2631548.8215648998,16443144.200055901,150,25,3
