Zone, Tile_no, Seg_no, Reso, Seg_d_size, Seg_d_time, Bitrate, Bitrate1, Buf_lev, Buf_limit, Elapsed, Ref_vp, Local_avg,QoE,QoE1,Z1,Z2,Z3,delay,jitter,loss
Z1,0,1, 720,9960.0,0.019086,521848.475322,524208.0,1.0,2,6.4e-05,521848.475322,521848.475322,1720689046.5727875,4374104314.909208,55556220.9729969,5605998972.9723,32140151656.336502,0,0,0
Z2,0,1, 720,8952.0,0.021324,419808.666292,426280.0,1.0,2,6.4e-05,209904.333146,209904.333146,1720689046.5727875,4374104314.909208,55556220.9729969,5605998972.9723,32140151656.336502,0,0,0
Z2,1,1, 720,5424.0,0.000765,7090196.078431,5424000.0,1.0,2,6.4e-05,2363398.69281,2363398.69281,1720689046.5727875,4374104314.909208,55556220.9729969,5605998972.9723,32140151656.336502,0,0,0
Z2,2,1, 720,7080.0,0.000636,11132075.471698,7080000.0,1.0,2,6.4e-05,2783018.867925,2783018.867925,1720689046.5727875,4374104314.909208,55556220.9729969,5605998972.9723,32140151656.336502,0,0,0
Z2,3,1, 720,18976.0,0.000802,23660847.880299,18976000.0,1.0,2,6.4e-05,4732169.57606,4732169.57606,1720689046.5727875,4374104314.909208,55556220.9729969,5605998972.9723,32140151656.336502,0,0,0
Z2,4,1, 720,8720.0,0.00082,10634146.341463,8720000.0,1.0,2,6.4e-05,2126829.268293,2126829.268293,1720689046.5727875,4374104314.909208,55556220.9729969,5605998972.9723,32140151656.336502,0,0,0
Z2,5,1, 720,8336.0,0.000732,11387978.142077,8336000.0,1.0,2,6.4e-05,2277595.628415,2277595.628415,1720689046.5727875,4374104314.909208,55556220.9729969,5605998972.9723,32140151656.336502,0,0,0
Z2,6,1, 720,6376.0,0.000766,8323759.791123,6376000.0,1.0,2,6.4e-05,1664751.958225,1664751.958225,1720689046.5727875,4374104314.909208,55556220.9729969,5605998972.9723,32140151656.336502,0,0,0
Z2,7,1, 720,6872.0,0.00076,9042105.263158,6872000.0,1.0,2,6.4e-05,1808421.052632,1808421.052632,1720689046.5727875,4374104314.909208,55556220.9729969,5605998972.9723,32140151656.336502,0,0,0
Z3,0,1, 720,7080.0,0.025956,272769.301896,283200.0,1.0,2,6.4e-05,54553.860379,54553.860379,1720689046.5727875,4374104314.909208,55556220.9729969,5605998972.9723,32140151656.336502,0,0,0
Z3,1,1, 720,7080.0,0.000777,9111969.111969,7080000.0,1.0,2,6.4e-05,1822393.822394,1822393.822394,1720689046.5727875,4374104314.909208,55556220.9729969,5605998972.9723,32140151656.336502,0,0,0
Z3,2,1, 720,5664.0,0.000779,7270860.077022,5664000.0,1.0,2,6.4e-05,1454172.015404,1454172.015404,1720689046.5727875,4374104314.909208,55556220.9729969,5605998972.9723,32140151656.336502,0,0,0
Z3,3,1, 720,7080.0,0.000685,10335766.423358,7080000.0,1.0,2,6.4e-05,2067153.284672,2067153.284672,1720689046.5727875,4374104314.909208,55556220.9729969,5605998972.9723,32140151656.336502,0,0,0
Z3,4,1, 720,7080.0,0.000844,8388625.592417,7080000.0,1.0,2,6.4e-05,1677725.118483,1677725.118483,1720689046.5727875,4374104314.909208,55556220.9729969,5605998972.9723,32140151656.336502,0,0,0
Z3,5,1, 720,5664.0,0.001208,4688741.721854,5664000.0,1.0,2,6.4e-05,937748.344371,937748.344371,1720689046.5727875,4374104314.909208,55556220.9729969,5605998972.9723,32140151656.336502,0,0,0
Z3,6,1, 720,7080.0,0.000775,9135483.870968,7080000.0,1.0,2,6.4e-05,1827096.774194,1827096.774194,1720689046.5727875,4374104314.909208,55556220.9729969,5605998972.9723,32140151656.336502,0,0,0
Z3,7,1, 720,7080.0,0.000881,8036322.360953,7080000.0,1.0,2,6.4e-05,1607264.472191,1607264.472191,1720689046.5727875,4374104314.909208,55556220.9729969,5605998972.9723,32140151656.336502,0,0,0
Z3,8,1, 720,5664.0,0.000938,6038379.530917,5664000.0,1.0,2,6.4e-05,1207675.906183,1207675.906183,1720689046.5727875,4374104314.909208,55556220.9729969,5605998972.9723,32140151656.336502,0,0,0
Z3,9,1, 720,7080.0,0.000702,10085470.08547,7080000.0,1.0,2,6.4e-05,2017094.017094,2017094.017094,1720689046.5727875,4374104314.909208,55556220.9729969,5605998972.9723,32140151656.336502,0,0,0
Z3,10,1, 720,12904.0,0.000861,14987224.157956,12904000.0,1.0,2,6.4e-05,2997444.831591,2997444.831591,1720689046.5727875,4374104314.909208,55556220.9729969,5605998972.9723,32140151656.336502,0,0,0
Z3,11,1, 720,17344.0,0.000788,22010152.284264,17344000.0,1.0,2,6.4e-05,4402030.456853,4402030.456853,1720689046.5727875,4374104314.909208,55556220.9729969,5605998972.9723,32140151656.336502,0,0,0
Z3,12,1, 720,16912.0,0.00076,22252631.578947,16912000.0,1.0,2,6.4e-05,4450526.315789,4450526.315789,1720689046.5727875,4374104314.909208,55556220.9729969,5605998972.9723,32140151656.336502,0,0,0
Z3,13,1, 720,13240.0,0.000867,15271049.596309,13240000.0,1.0,2,6.4e-05,3054209.919262,3054209.919262,1720689046.5727875,4374104314.909208,55556220.9729969,5605998972.9723,32140151656.336502,0,0,0
Z3,14,1, 720,28328.0,0.001016,27881889.76378,28328000.0,1.0,2,6.4e-05,5576377.952756,5576377.952756,1720689046.5727875,4374104314.909208,55556220.9729969,5605998972.9723,32140151656.336502,0,0,0
Z3,15,1, 720,30528.0,0.001362,22414096.9163,30528000.0,1.0,2,6.4e-05,4482819.38326,4482819.38326,1720689046.5727875,4374104314.909208,55556220.9729969,5605998972.9723,32140151656.336502,0,0,0
Z3,16,1, 720,16360.0,0.001039,15745909.528393,16360000.0,1.0,2,6.4e-05,3149181.905679,3149181.905679,1720689046.5727875,4374104314.909208,55556220.9729969,5605998972.9723,32140151656.336502,0,0,0
Z3,17,1, 720,33216.0,0.001209,27473945.409429,33216000.0,1.0,2,6.4e-05,5494789.081886,5494789.081886,1720689046.5727875,4374104314.909208,55556220.9729969,5605998972.9723,32140151656.336502,0,0,0
Z3,18,1, 720,28000.0,0.000838,33412887.828162,28000000.0,1.0,2,6.4e-05,6682577.565632,6682577.565632,1720689046.5727875,4374104314.909208,55556220.9729969,5605998972.9723,32140151656.336502,0,0,0
Z3,19,1, 720,15744.0,0.000907,17358324.145535,15744000.0,1.0,2,6.4e-05,3471664.829107,3471664.829107,1720689046.5727875,4374104314.909208,55556220.9729969,5605998972.9723,32140151656.336502,0,0,0
Z3,20,1, 720,16024.0,0.000789,20309252.217997,16024000.0,1.0,2,6.4e-05,4061850.443599,4061850.443599,1720689046.5727875,4374104314.909208,55556220.9729969,5605998972.9723,32140151656.336502,0,0,0
Z3,21,1, 720,11576.0,0.000792,14616161.616162,11576000.0,1.0,2,6.4e-05,2923232.323232,2923232.323232,1720689046.5727875,4374104314.909208,55556220.9729969,5605998972.9723,32140151656.336502,0,0,0
Z3,22,1, 720,10816.0,0.00079,13691139.240506,10816000.0,1.0,2,6.4e-05,2738227.848101,2738227.848101,1720689046.5727875,4374104314.909208,55556220.9729969,5605998972.9723,32140151656.336502,0,0,0
Z3,23,1, 720,13224.0,0.000843,15686832.740214,13224000.0,1.0,2,6.4e-05,3137366.548043,3137366.548043,1720689046.5727875,4374104314.909208,55556220.9729969,5605998972.9723,32140151656.336502,0,0,0
Z3,24,1, 720,17528.0,0.00094,18646808.510638,17528000.0,1.0,2,6.4e-05,3729361.702128,3729361.702128,1720689046.5727875,4374104314.909208,55556220.9729969,5605998972.9723,32140151656.336502,0,0,0
Z3,25,1, 720,23824.0,0.001135,20990308.370044,23824000.0,1.0,2,6.4e-05,4198061.674009,4198061.674009,1720689046.5727875,4374104314.909208,55556220.9729969,5605998972.9723,32140151656.336502,0,0,0
Z3,26,1, 720,11024.0,0.000966,11412008.281573,11024000.0,1.0,2,6.4e-05,2282401.656315,2282401.656315,1720689046.5727875,4374104314.909208,55556220.9729969,5605998972.9723,32140151656.336502,0,0,0
Z3,27,1, 720,15112.0,0.000956,15807531.380753,15112000.0,1.0,2,6.4e-05,3161506.276151,3161506.276151,1720689046.5727875,4374104314.909208,55556220.9729969,5605998972.9723,32140151656.336502,0,0,0
Z3,28,1, 720,24552.0,0.000893,27493840.985442,24552000.0,1.0,2,6.4e-05,5498768.197088,5498768.197088,1720689046.5727875,4374104314.909208,55556220.9729969,5605998972.9723,32140151656.336502,0,0,0
Z3,29,1, 720,10824.0,0.000643,16833592.534992,10824000.0,1.0,2,6.4e-05,3366718.506998,3366718.506998,1720689046.5727875,4374104314.909208,55556220.9729969,5605998972.9723,32140151656.336502,0,0,0
Z3,30,1, 720,6872.0,0.000818,8400977.99511,6872000.0,1.0,2,6.4e-05,1680195.599022,1680195.599022,1720689046.5727875,4374104314.909208,55556220.9729969,5605998972.9723,32140151656.336502,0,0,0
Z3,31,1, 720,6872.0,0.000806,8526054.590571,6872000.0,1.0,2,6.4e-05,1705210.918114,1705210.918114,1720689046.5727875,4374104314.909208,55556220.9729969,5605998972.9723,32140151656.336502,0,0,0
Z3,32,1, 720,6376.0,0.004259,1497065.038741,1594000.0,1.0,2,6.4e-05,299413.007748,299413.007748,1720689046.5727875,4374104314.909208,55556220.9729969,5605998972.9723,32140151656.336502,0,0,0
Z3,33,1, 720,6872.0,0.000663,10365007.541478,6872000.0,1.0,2,6.4e-05,2073001.508296,2073001.508296,1720689046.5727875,4374104314.909208,55556220.9729969,5605998972.9723,32140151656.336502,0,0,0
Z3,34,1, 720,6872.0,0.001072,6410447.761194,6872000.0,1.0,2,6.4e-05,1282089.552239,1282089.552239,1720689046.5727875,4374104314.909208,55556220.9729969,5605998972.9723,32140151656.336502,0,0,0
Z3,35,1, 720,6376.0,0.000866,7362586.605081,6376000.0,1.0,2,6.4e-05,1472517.321016,1472517.321016,1720689046.5727875,4374104314.909208,55556220.9729969,5605998972.9723,32140151656.336502,0,0,0
Z3,36,1, 720,6872.0,0.000779,8821566.110398,6872000.0,1.0,2,6.4e-05,1764313.22208,1764313.22208,1720689046.5727875,4374104314.909208,55556220.9729969,5605998972.9723,32140151656.336502,0,0,0
Z3,37,1, 720,6872.0,0.000985,6976649.746193,6872000.0,1.0,2,6.4e-05,1395329.949239,1395329.949239,1720689046.5727875,4374104314.909208,55556220.9729969,5605998972.9723,32140151656.336502,0,0,0
Z3,38,1, 720,6376.0,0.004349,1466084.157278,1594000.0,1.0,2,6.4e-05,293216.831456,293216.831456,1720689046.5727875,4374104314.909208,55556220.9729969,5605998972.9723,32140151656.336502,0,0,0
Z1,0,2, 4K,33112.0,0.019162,1728003.339944,1742736.0,1.883038,2,0.117026,638817.499444,638817.499444,1720689046.5727875,4374104314.909208,55556220.9729969,5605998972.9723,32140151656.336502,0,0,0
Z2,0,2, 4K,6624.0,0.020447,323959.505062,331200.0,1.883038,2,0.117026,358008.732468,358008.732468,1720689046.5727875,4374104314.909208,55556220.9729969,5605998972.9723,32140151656.336502,0,0,0
Z2,1,2, 4K,9736.0,0.000994,9794768.61167,9736000.0,1.883038,2,0.117026,2252170.55379,2252170.55379,1720689046.5727875,4374104314.909208,55556220.9729969,5605998972.9723,32140151656.336502,0,0,0
Z2,2,2, 4K,9976.0,0.000897,11121516.164994,9976000.0,1.883038,2,0.117026,2517520.064454,2517520.064454,1720689046.5727875,4374104314.909208,55556220.9729969,5605998972.9723,32140151656.336502,0,0,0
Z2,3,2, 4K,38152.0,0.000918,41559912.854031,38152000.0,1.883038,2,0.117026,8605199.402262,8605199.402262,1720689046.5727875,4374104314.909208,55556220.9729969,5605998972.9723,32140151656.336502,0,0,0
Z2,4,2, 4K,53912.0,0.001103,48877606.527652,53912000.0,1.883038,2,0.117026,10068738.136986,10068738.136986,1720689046.5727875,4374104314.909208,55556220.9729969,5605998972.9723,32140151656.336502,0,0,0
Z2,5,2, 4K,24608.0,0.000786,31307888.040712,24608000.0,1.883038,2,0.117026,6554794.439598,6554794.439598,1720689046.5727875,4374104314.909208,55556220.9729969,5605998972.9723,32140151656.336502,0,0,0
Z2,6,2, 4K,10280.0,0.000793,12963430.01261,10280000.0,1.883038,2,0.117026,2885902.833978,2885902.833978,1720689046.5727875,4374104314.909208,55556220.9729969,5605998972.9723,32140151656.336502,0,0,0
Z2,7,2, 4K,10280.0,0.000775,13264516.129032,10280000.0,1.883038,2,0.117026,2946120.057262,2946120.057262,1720689046.5727875,4374104314.909208,55556220.9729969,5605998972.9723,32140151656.336502,0,0,0
Z3,0,2, 4K,9976.0,0.022337,446613.242602,453448.0,1.883038,2,0.117026,382539.479976,382539.479976,1720689046.5727875,4374104314.909208,55556220.9729969,5605998972.9723,32140151656.336502,0,0,0
Z3,1,2, 4K,9976.0,0.000816,12225490.196078,9976000.0,1.883038,2,0.117026,2738314.870671,2738314.870671,1720689046.5727875,4374104314.909208,55556220.9729969,5605998972.9723,32140151656.336502,0,0,0
Z3,2,2, 4K,9976.0,0.000913,10926615.553122,9976000.0,1.883038,2,0.117026,2478539.94208,2478539.94208,1720689046.5727875,4374104314.909208,55556220.9729969,5605998972.9723,32140151656.336502,0,0,0
Z3,3,2, 4K,9976.0,0.000875,11401142.857143,9976000.0,1.883038,2,0.117026,2573445.402884,2573445.402884,1720689046.5727875,4374104314.909208,55556220.9729969,5605998972.9723,32140151656.336502,0,0,0
Z3,4,2, 4K,9976.0,0.000905,11023204.41989,9976000.0,1.883038,2,0.117026,2497857.715433,2497857.715433,1720689046.5727875,4374104314.909208,55556220.9729969,5605998972.9723,32140151656.336502,0,0,0
Z3,5,2, 4K,9976.0,0.000752,13265957.446809,9976000.0,1.883038,2,0.117026,2946408.320817,2946408.320817,1720689046.5727875,4374104314.909208,55556220.9729969,5605998972.9723,32140151656.336502,0,0,0
Z3,6,2, 4K,9976.0,0.000731,13647058.823529,9976000.0,1.883038,2,0.117026,3022628.596161,3022628.596161,1720689046.5727875,4374104314.909208,55556220.9729969,5605998972.9723,32140151656.336502,0,0,0
Z3,7,2, 4K,9976.0,0.000696,14333333.333333,9976000.0,1.883038,2,0.117026,3159883.498122,3159883.498122,1720689046.5727875,4374104314.909208,55556220.9729969,5605998972.9723,32140151656.336502,0,0,0
Z3,8,2, 4K,9976.0,0.000724,13779005.524862,9976000.0,1.883038,2,0.117026,3049017.936428,3049017.936428,1720689046.5727875,4374104314.909208,55556220.9729969,5605998972.9723,32140151656.336502,0,0,0
Z3,9,2, 4K,9976.0,0.000755,13213245.033113,9976000.0,1.883038,2,0.117026,2935865.838078,2935865.838078,1720689046.5727875,4374104314.909208,55556220.9729969,5605998972.9723,32140151656.336502,0,0,0
Z3,10,2, 4K,40320.0,0.000984,40975609.756098,40320000.0,1.883038,2,0.117026,8488338.782675,8488338.782675,1720689046.5727875,4374104314.909208,55556220.9729969,5605998972.9723,32140151656.336502,0,0,0
Z3,11,2, 4K,25056.0,0.000879,28505119.453925,25056000.0,1.883038,2,0.117026,5994240.72224,5994240.72224,1720689046.5727875,4374104314.909208,55556220.9729969,5605998972.9723,32140151656.336502,0,0,0
Z3,12,2, 4K,28696.0,0.001108,25898916.967509,28696000.0,1.883038,2,0.117026,5473000.224957,5473000.224957,1720689046.5727875,4374104314.909208,55556220.9729969,5605998972.9723,32140151656.336502,0,0,0
Z3,13,2, 4K,25792.0,0.000734,35138964.577657,25792000.0,1.883038,2,0.117026,7321009.746987,7321009.746987,1720689046.5727875,4374104314.909208,55556220.9729969,5605998972.9723,32140151656.336502,0,0,0
Z3,14,2, 4K,40168.0,0.000934,43006423.982869,40168000.0,1.883038,2,0.117026,8894501.628029,8894501.628029,1720689046.5727875,4374104314.909208,55556220.9729969,5605998972.9723,32140151656.336502,0,0,0
Z3,15,2, 4K,41448.0,0.000839,49401668.653159,41448000.0,1.883038,2,0.117026,10173550.562087,10173550.562087,1720689046.5727875,4374104314.909208,55556220.9729969,5605998972.9723,32140151656.336502,0,0,0
Z3,16,2, 4K,44560.0,0.001027,43388510.223953,44560000.0,1.883038,2,0.117026,8970918.876246,8970918.876246,1720689046.5727875,4374104314.909208,55556220.9729969,5605998972.9723,32140151656.336502,0,0,0
Z3,17,2, 4K,39312.0,0.000913,43058050.383352,39312000.0,1.883038,2,0.117026,8904826.908126,8904826.908126,1720689046.5727875,4374104314.909208,55556220.9729969,5605998972.9723,32140151656.336502,0,0,0
Z3,18,2, 4K,31560.0,0.000958,32943632.56785,31560000.0,1.883038,2,0.117026,6881943.345025,6881943.345025,1720689046.5727875,4374104314.909208,55556220.9729969,5605998972.9723,32140151656.336502,0,0,0
Z3,19,2, 4K,29312.0,0.001092,26842490.842491,29312000.0,1.883038,2,0.117026,5661714.999954,5661714.999954,1720689046.5727875,4374104314.909208,55556220.9729969,5605998972.9723,32140151656.336502,0,0,0
Z3,20,2, 4K,35968.0,0.000908,39612334.801762,35968000.0,1.883038,2,0.117026,8215683.791808,8215683.791808,1720689046.5727875,4374104314.909208,55556220.9729969,5605998972.9723,32140151656.336502,0,0,0
Z3,21,2, 4K,35592.0,0.005664,6283898.305085,7118400.0,1.883038,2,0.117026,1549996.492472,1549996.492472,1720689046.5727875,4374104314.909208,55556220.9729969,5605998972.9723,32140151656.336502,0,0,0
Z3,22,2, 4K,42440.0,0.000994,42696177.062374,42440000.0,1.883038,2,0.117026,8832452.24393,8832452.24393,1720689046.5727875,4374104314.909208,55556220.9729969,5605998972.9723,32140151656.336502,0,0,0
Z3,23,2, 4K,61624.0,0.001008,61134920.634921,61624000.0,1.883038,2,0.117026,12520200.95844,12520200.95844,1720689046.5727875,4374104314.909208,55556220.9729969,5605998972.9723,32140151656.336502,0,0,0
Z3,24,2, 4K,64952.0,0.001268,51223974.763407,64952000.0,1.883038,2,0.117026,10538011.784137,10538011.784137,1720689046.5727875,4374104314.909208,55556220.9729969,5605998972.9723,32140151656.336502,0,0,0
Z3,25,2, 4K,73400.0,0.001143,64216972.87839,73400000.0,1.883038,2,0.117026,13136611.407134,13136611.407134,1720689046.5727875,4374104314.909208,55556220.9729969,5605998972.9723,32140151656.336502,0,0,0
Z3,26,2, 4K,52792.0,0.00125,42233600.0,52792000.0,1.883038,2,0.117026,8739936.831456,8739936.831456,1720689046.5727875,4374104314.909208,55556220.9729969,5605998972.9723,32140151656.336502,0,0,0
Z3,27,2, 4K,67272.0,0.001193,56388935.456832,67272000.0,1.883038,2,0.117026,11571003.922822,11571003.922822,1720689046.5727875,4374104314.909208,55556220.9729969,5605998972.9723,32140151656.336502,0,0,0
Z3,28,2, 4K,64968.0,0.001278,50835680.751174,64968000.0,1.883038,2,0.117026,10460352.98169,10460352.98169,1720689046.5727875,4374104314.909208,55556220.9729969,5605998972.9723,32140151656.336502,0,0,0
Z3,29,2, 4K,52408.0,0.001267,41363851.617995,52408000.0,1.883038,2,0.117026,8565987.155055,8565987.155055,1720689046.5727875,4374104314.909208,55556220.9729969,5605998972.9723,32140151656.336502,0,0,0
Z3,30,2, 4K,10280.0,0.000801,12833957.553059,10280000.0,1.883038,2,0.117026,2860008.342067,2860008.342067,1720689046.5727875,4374104314.909208,55556220.9729969,5605998972.9723,32140151656.336502,0,0,0
Z3,31,2, 4K,10280.0,0.000966,10641821.94617,10280000.0,1.883038,2,0.117026,2421581.220689,2421581.220689,1720689046.5727875,4374104314.909208,55556220.9729969,5605998972.9723,32140151656.336502,0,0,0
Z3,32,2, 4K,10280.0,0.000975,10543589.74359,10280000.0,1.883038,2,0.117026,2401934.780173,2401934.780173,1720689046.5727875,4374104314.909208,55556220.9729969,5605998972.9723,32140151656.336502,0,0,0
Z3,33,2, 4K,10280.0,0.000779,13196405.648267,10280000.0,1.883038,2,0.117026,2932497.961109,2932497.961109,1720689046.5727875,4374104314.909208,55556220.9729969,5605998972.9723,32140151656.336502,0,0,0
Z3,34,2, 4K,10280.0,0.000915,11234972.677596,10280000.0,1.883038,2,0.117026,2540211.366975,2540211.366975,1720689046.5727875,4374104314.909208,55556220.9729969,5605998972.9723,32140151656.336502,0,0,0
Z3,35,2, 4K,10280.0,0.000816,12598039.215686,10280000.0,1.883038,2,0.117026,2812824.674593,2812824.674593,1720689046.5727875,4374104314.909208,55556220.9729969,5605998972.9723,32140151656.336502,0,0,0
Z3,36,2, 4K,10280.0,0.00092,11173913.043478,10280000.0,1.883038,2,0.117026,2527999.440151,2527999.440151,1720689046.5727875,4374104314.909208,55556220.9729969,5605998972.9723,32140151656.336502,0,0,0
Z3,37,2, 4K,10280.0,0.000813,12644526.445264,10280000.0,1.883038,2,0.117026,2822122.120508,2822122.120508,1720689046.5727875,4374104314.909208,55556220.9729969,5605998972.9723,32140151656.336502,0,0,0
Z3,38,2, 4K,10280.0,0.000832,12355769.230769,10280000.0,1.883038,2,0.117026,2764370.677609,2764370.677609,1720689046.5727875,4374104314.909208,55556220.9729969,5605998972.9723,32140151656.336502,0,0,0
Z1,0,3, 4K,37368.0,0.018537,2015860.171549,2076000.0,1.769006,2,0.231058,3167542.711919,3167542.711919,1720689046.5727875,4374104314.909208,55556220.9729969,5605998972.9723,32140151656.336502,0,0,0
Z2,0,3, 4K,6624.0,0.021593,306766.081601,315424.0,1.769006,2,0.231058,2825723.893929,2825723.893929,1720689046.5727875,4374104314.909208,55556220.9729969,5605998972.9723,32140151656.336502,0,0,0
Z2,1,3, 4K,9736.0,0.00084,11590476.190476,9736000.0,1.769006,2,0.231058,5082465.915705,5082465.915705,1720689046.5727875,4374104314.909208,55556220.9729969,5605998972.9723,32140151656.336502,0,0,0
Z2,2,3, 4K,9976.0,0.00077,12955844.155844,9976000.0,1.769006,2,0.231058,5355539.508778,5355539.508778,1720689046.5727875,4374104314.909208,55556220.9729969,5605998972.9723,32140151656.336502,0,0,0
Z2,3,3, 4K,41472.0,0.001012,40980237.15415,41472000.0,1.769006,2,0.231058,10960418.108439,10960418.108439,1720689046.5727875,4374104314.909208,55556220.9729969,5605998972.9723,32140151656.336502,0,0,0
Z2,4,3, 4K,64608.0,0.001221,52914004.914005,64608000.0,1.769006,2,0.231058,13347171.66041,13347171.66041,1720689046.5727875,4374104314.909208,55556220.9729969,5605998972.9723,32140151656.336502,0,0,0
Z2,5,3, 4K,26312.0,0.000851,30918918.918919,26312000.0,1.769006,2,0.231058,8948154.461393,8948154.461393,1720689046.5727875,4374104314.909208,55556220.9729969,5605998972.9723,32140151656.336502,0,0,0
Z2,6,3, 4K,10280.0,0.000767,13402868.318123,10280000.0,1.769006,2,0.231058,5444944.341234,5444944.341234,1720689046.5727875,4374104314.909208,55556220.9729969,5605998972.9723,32140151656.336502,0,0,0
Z2,7,3, 4K,10280.0,0.000824,12475728.15534,10280000.0,1.769006,2,0.231058,5259516.308677,5259516.308677,1720689046.5727875,4374104314.909208,55556220.9729969,5605998972.9723,32140151656.336502,0,0,0
Z3,0,3, 4K,9976.0,0.022129,450811.152786,453448.0,1.769006,2,0.231058,2854532.908167,2854532.908167,1720689046.5727875,4374104314.909208,55556220.9729969,5605998972.9723,32140151656.336502,0,0,0
Z3,1,3, 4K,9976.0,0.000929,10738428.417653,9976000.0,1.769006,2,0.231058,4912056.36114,4912056.36114,1720689046.5727875,4374104314.909208,55556220.9729969,5605998972.9723,32140151656.336502,0,0,0
Z3,2,3, 4K,9976.0,0.000843,11833926.453144,9976000.0,1.769006,2,0.231058,5131155.968238,5131155.968238,1720689046.5727875,4374104314.909208,55556220.9729969,5605998972.9723,32140151656.336502,0,0,0
Z3,3,3, 4K,9976.0,0.000813,12270602.706027,9976000.0,1.769006,2,0.231058,5218491.218815,5218491.218815,1720689046.5727875,4374104314.909208,55556220.9729969,5605998972.9723,32140151656.336502,0,0,0
Z3,4,3, 4K,9976.0,0.000843,11833926.453144,9976000.0,1.769006,2,0.231058,5131155.968238,5131155.968238,1720689046.5727875,4374104314.909208,55556220.9729969,5605998972.9723,32140151656.336502,0,0,0
Z3,5,3, 4K,9976.0,0.000926,10773218.142549,9976000.0,1.769006,2,0.231058,4919014.306119,4919014.306119,1720689046.5727875,4374104314.909208,55556220.9729969,5605998972.9723,32140151656.336502,0,0,0
Z3,6,3, 4K,9976.0,0.000866,11519630.484988,9976000.0,1.769006,2,0.231058,5068296.774607,5068296.774607,1720689046.5727875,4374104314.909208,55556220.9729969,5605998972.9723,32140151656.336502,0,0,0
Z3,7,3, 4K,9976.0,0.000783,12740740.740741,9976000.0,1.769006,2,0.231058,5312518.825758,5312518.825758,1720689046.5727875,4374104314.909208,55556220.9729969,5605998972.9723,32140151656.336502,0,0,0
Z3,8,3, 4K,9976.0,0.000846,11791962.174941,9976000.0,1.769006,2,0.231058,5122763.112598,5122763.112598,1720689046.5727875,4374104314.909208,55556220.9729969,5605998972.9723,32140151656.336502,0,0,0
Z3,9,3, 4K,9976.0,0.000851,11722679.20094,9976000.0,1.769006,2,0.231058,5108906.517797,5108906.517797,1720689046.5727875,4374104314.909208,55556220.9729969,5605998972.9723,32140151656.336502,0,0,0
Z3,10,3, 4K,46944.0,0.000937,50100320.170758,46944000.0,1.769006,2,0.231058,12784434.711761,12784434.711761,1720689046.5727875,4374104314.909208,55556220.9729969,5605998972.9723,32140151656.336502,0,0,0
Z3,11,3, 4K,25776.0,0.000828,31130434.782609,25776000.0,1.769006,2,0.231058,8990457.634131,8990457.634131,1720689046.5727875,4374104314.909208,55556220.9729969,5605998972.9723,32140151656.336502,0,0,0
Z3,12,3, 4K,29160.0,0.000872,33440366.972477,29160000.0,1.769006,2,0.231058,9452444.072105,9452444.072105,1720689046.5727875,4374104314.909208,55556220.9729969,5605998972.9723,32140151656.336502,0,0,0
Z3,13,3, 4K,27488.0,0.000937,29336179.295624,27488000.0,1.769006,2,0.231058,8631606.536734,8631606.536734,1720689046.5727875,4374104314.909208,55556220.9729969,5605998972.9723,32140151656.336502,0,0,0
Z3,14,3, 4K,44488.0,0.000985,45165482.233503,44488000.0,1.769006,2,0.231058,11797467.12431,11797467.12431,1720689046.5727875,4374104314.909208,55556220.9729969,5605998972.9723,32140151656.336502,0,0,0
Z3,15,3, 4K,39320.0,0.000941,41785334.750266,39320000.0,1.769006,2,0.231058,11121437.627662,11121437.627662,1720689046.5727875,4374104314.909208,55556220.9729969,5605998972.9723,32140151656.336502,0,0,0
Z3,16,3, 4K,43888.0,0.00095,46197894.736842,43888000.0,1.769006,2,0.231058,12003949.624978,12003949.624978,1720689046.5727875,4374104314.909208,55556220.9729969,5605998972.9723,32140151656.336502,0,0,0
Z3,17,3, 4K,44080.0,0.000936,47094017.094017,44080000.0,1.769006,2,0.231058,12183174.096413,12183174.096413,1720689046.5727875,4374104314.909208,55556220.9729969,5605998972.9723,32140151656.336502,0,0,0
Z3,18,3, 4K,34432.0,0.00099,34779797.979798,34432000.0,1.769006,2,0.231058,9720330.273569,9720330.273569,1720689046.5727875,4374104314.909208,55556220.9729969,5605998972.9723,32140151656.336502,0,0,0
Z3,19,3, 4K,31336.0,0.000873,35894616.26575,31336000.0,1.769006,2,0.231058,9943293.930759,9943293.930759,1720689046.5727875,4374104314.909208,55556220.9729969,5605998972.9723,32140151656.336502,0,0,0
Z3,20,3, 4K,37168.0,0.000886,41950338.600451,37168000.0,1.769006,2,0.231058,11154438.3977,11154438.3977,1720689046.5727875,4374104314.909208,55556220.9729969,5605998972.9723,32140151656.336502,0,0,0
Z3,21,3, 4K,36888.0,0.000874,42205949.656751,36888000.0,1.769006,2,0.231058,11205560.608959,11205560.608959,1720689046.5727875,4374104314.909208,55556220.9729969,5605998972.9723,32140151656.336502,0,0,0
Z3,22,3, 4K,45448.0,0.001157,39280898.876404,45448000.0,1.769006,2,0.231058,10620550.45289,10620550.45289,1720689046.5727875,4374104314.909208,55556220.9729969,5605998972.9723,32140151656.336502,0,0,0
Z3,23,3, 4K,60880.0,0.001037,58707810.99325,60880000.0,1.769006,2,0.231058,14505932.876259,14505932.876259,1720689046.5727875,4374104314.909208,55556220.9729969,5605998972.9723,32140151656.336502,0,0,0
Z3,24,3, 4K,64936.0,0.001134,57262786.59612,64936000.0,1.769006,2,0.231058,14216927.996833,14216927.996833,1720689046.5727875,4374104314.909208,55556220.9729969,5605998972.9723,32140151656.336502,0,0,0
Z3,25,3, 4K,68152.0,0.001198,56888146.911519,68152000.0,1.769006,2,0.231058,14142000.059913,14142000.059913,1720689046.5727875,4374104314.909208,55556220.9729969,5605998972.9723,32140151656.336502,0,0,0
Z3,26,3, 4K,51256.0,0.000966,53060041.407867,51256000.0,1.769006,2,0.231058,13376378.959183,13376378.959183,1720689046.5727875,4374104314.909208,55556220.9729969,5605998972.9723,32140151656.336502,0,0,0
Z3,27,3, 4K,77296.0,0.00119,64954621.848739,77296000.0,1.769006,2,0.231058,15755295.047357,15755295.047357,1720689046.5727875,4374104314.909208,55556220.9729969,5605998972.9723,32140151656.336502,0,0,0
Z3,28,3, 4K,69656.0,0.000969,71884416.924665,69656000.0,1.769006,2,0.231058,17141254.062542,17141254.062542,1720689046.5727875,4374104314.909208,55556220.9729969,5605998972.9723,32140151656.336502,0,0,0
Z3,29,3, 4K,53752.0,0.001035,51934299.516908,53752000.0,1.769006,2,0.231058,13151230.580991,13151230.580991,1720689046.5727875,4374104314.909208,55556220.9729969,5605998972.9723,32140151656.336502,0,0,0
Z3,30,3, 4K,10280.0,0.000802,12817955.112219,10280000.0,1.769006,2,0.231058,5327961.700053,5327961.700053,1720689046.5727875,4374104314.909208,55556220.9729969,5605998972.9723,32140151656.336502,0,0,0
Z3,31,3, 4K,10280.0,0.000769,13368010.403121,10280000.0,1.769006,2,0.231058,5437972.758234,5437972.758234,1720689046.5727875,4374104314.909208,55556220.9729969,5605998972.9723,32140151656.336502,0,0,0
Z3,32,3, 4K,10280.0,0.000787,13062261.753494,10280000.0,1.769006,2,0.231058,5376823.028308,5376823.028308,1720689046.5727875,4374104314.909208,55556220.9729969,5605998972.9723,32140151656.336502,0,0,0
Z3,33,3, 4K,10280.0,0.00077,13350649.350649,10280000.0,1.769006,2,0.231058,5434500.547739,5434500.547739,1720689046.5727875,4374104314.909208,55556220.9729969,5605998972.9723,32140151656.336502,0,0,0
Z3,34,3, 4K,10280.0,0.000802,12817955.112219,10280000.0,1.769006,2,0.231058,5327961.700053,5327961.700053,1720689046.5727875,4374104314.909208,55556220.9729969,5605998972.9723,32140151656.336502,0,0,0
Z3,35,3, 4K,10280.0,0.000807,12738537.7943,10280000.0,1.769006,2,0.231058,5312078.236469,5312078.236469,1720689046.5727875,4374104314.909208,55556220.9729969,5605998972.9723,32140151656.336502,0,0,0
Z3,36,3, 4K,10288.0,0.000761,13519053.876478,10288000.0,1.769006,2,0.231058,5468181.452905,5468181.452905,1720689046.5727875,4374104314.909208,55556220.9729969,5605998972.9723,32140151656.336502,0,0,0
Z3,37,3, 4K,10280.0,0.00077,13350649.350649,10280000.0,1.769006,2,0.231058,5434500.547739,5434500.547739,1720689046.5727875,4374104314.909208,55556220.9729969,5605998972.9723,32140151656.336502,0,0,0
Z3,38,3, 4K,10280.0,0.000822,12506082.725061,10280000.0,1.769006,2,0.231058,5265587.222622,5265587.222622,1720689046.5727875,4374104314.909208,55556220.9729969,5605998972.9723,32140151656.336502,0,0,0
Z1,0,4, 4K,78920.0,0.026379,2991773.75943,3035384.0,1.659876,2,1.340188,5863941.974507,5863941.974507,1720689046.5727875,4374104314.909208,55556220.9729969,5605998972.9723,32140151656.336502,0,0,0
Z2,0,4, 4K,6624.0,0.029651,223398.873562,228408.0,1.659876,2,1.340188,5310266.997334,5310266.997334,1720689046.5727875,4374104314.909208,55556220.9729969,5605998972.9723,32140151656.336502,0,0,0
Z2,1,4, 4K,9856.0,0.0024,4106666.666667,4928000.0,1.659876,2,1.340188,6086920.555955,6086920.555955,1720689046.5727875,4374104314.909208,55556220.9729969,5605998972.9723,32140151656.336502,0,0,0
Z2,2,4, 4K,10000.0,0.00129,7751937.984496,10000000.0,1.659876,2,1.340188,6815974.819521,6815974.819521,1720689046.5727875,4374104314.909208,55556220.9729969,5605998972.9723,32140151656.336502,0,0,0
Z2,3,4, 4K,61192.0,0.001951,31364428.498206,61192000.0,1.659876,2,1.340188,11538472.922263,11538472.922263,1720689046.5727875,4374104314.909208,55556220.9729969,5605998972.9723,32140151656.336502,0,0,0
Z2,4,4, 4K,105968.0,0.001462,72481532.147743,105968000.0,1.659876,2,1.340188,19761893.65217,19761893.65217,1720689046.5727875,4374104314.909208,55556220.9729969,5605998972.9723,32140151656.336502,0,0,0
Z2,5,4, 4K,53008.0,0.001265,41903557.312253,53008000.0,1.659876,2,1.340188,13646298.685072,13646298.685072,1720689046.5727875,4374104314.909208,55556220.9729969,5605998972.9723,32140151656.336502,0,0,0
Z2,6,4, 4K,17976.0,0.000968,18570247.933884,17976000.0,1.659876,2,1.340188,8979636.809398,8979636.809398,1720689046.5727875,4374104314.909208,55556220.9729969,5605998972.9723,32140151656.336502,0,0,0
Z2,7,4, 4K,11688.0,0.000944,12381355.932203,11688000.0,1.659876,2,1.340188,7741858.409062,7741858.409062,1720689046.5727875,4374104314.909208,55556220.9729969,5605998972.9723,32140151656.336502,0,0,0
Z3,0,4, 4K,10160.0,0.020295,500615.91525,508000.0,1.659876,2,1.340188,5365710.405672,5365710.405672,1720689046.5727875,4374104314.909208,55556220.9729969,5605998972.9723,32140151656.336502,0,0,0
Z3,1,4, 4K,10112.0,0.001116,9060931.899642,10112000.0,1.659876,2,1.340188,7077773.60255,7077773.60255,1720689046.5727875,4374104314.909208,55556220.9729969,5605998972.9723,32140151656.336502,0,0,0
Z3,2,4, 4K,10000.0,0.000976,10245901.639344,10000000.0,1.659876,2,1.340188,7314767.55049,7314767.55049,1720689046.5727875,4374104314.909208,55556220.9729969,5605998972.9723,32140151656.336502,0,0,0
Z3,3,4, 4K,10000.0,0.000947,10559662.090813,10000000.0,1.659876,2,1.340188,7377519.640784,7377519.640784,1720689046.5727875,4374104314.909208,55556220.9729969,5605998972.9723,32140151656.336502,0,0,0
Z3,4,4, 4K,10000.0,0.001307,7651109.410865,10000000.0,1.659876,2,1.340188,6795809.104794,6795809.104794,1720689046.5727875,4374104314.909208,55556220.9729969,5605998972.9723,32140151656.336502,0,0,0
Z3,5,4, 4K,10000.0,0.000798,12531328.320802,10000000.0,1.659876,2,1.340188,7771852.886782,7771852.886782,1720689046.5727875,4374104314.909208,55556220.9729969,5605998972.9723,32140151656.336502,0,0,0
Z3,6,4, 4K,10400.0,0.00097,10721649.484536,10400000.0,1.659876,2,1.340188,7409917.119529,7409917.119529,1720689046.5727875,4374104314.909208,55556220.9729969,5605998972.9723,32140151656.336502,0,0,0
Z3,7,4, 4K,10000.0,0.001141,8764241.893076,10000000.0,1.659876,2,1.340188,7018435.601237,7018435.601237,1720689046.5727875,4374104314.909208,55556220.9729969,5605998972.9723,32140151656.336502,0,0,0
Z3,8,4, 4K,10000.0,0.000794,12594458.438287,10000000.0,1.659876,2,1.340188,7784478.910279,7784478.910279,1720689046.5727875,4374104314.909208,55556220.9729969,5605998972.9723,32140151656.336502,0,0,0
Z3,9,4, 4K,10016.0,0.000683,14664714.494876,10016000.0,1.659876,2,1.340188,8198530.121597,8198530.121597,1720689046.5727875,4374104314.909208,55556220.9729969,5605998972.9723,32140151656.336502,0,0,0
Z3,10,4, 4K,69528.0,0.00105,66217142.857143,69528000.0,1.659876,2,1.340188,18509015.79405,18509015.79405,1720689046.5727875,4374104314.909208,55556220.9729969,5605998972.9723,32140151656.336502,0,0,0
Z3,11,4, 4K,50216.0,0.001077,46625812.441968,50216000.0,1.659876,2,1.340188,14590749.711015,14590749.711015,1720689046.5727875,4374104314.909208,55556220.9729969,5605998972.9723,32140151656.336502,0,0,0
Z3,12,4, 4K,53360.0,0.00108,49407407.407407,53360000.0,1.659876,2,1.340188,15147068.704103,15147068.704103,1720689046.5727875,4374104314.909208,55556220.9729969,5605998972.9723,32140151656.336502,0,0,0
Z3,13,4, 4K,45608.0,0.001139,40042142.230026,45608000.0,1.659876,2,1.340188,13274015.668627,13274015.668627,1720689046.5727875,4374104314.909208,55556220.9729969,5605998972.9723,32140151656.336502,0,0,0
Z3,14,4, 4K,88024.0,0.00111,79300900.900901,88024000.0,1.659876,2,1.340188,21125767.402802,21125767.402802,1720689046.5727875,4374104314.909208,55556220.9729969,5605998972.9723,32140151656.336502,0,0,0
Z3,15,4, 4K,65880.0,0.001054,62504743.833017,65880000.0,1.659876,2,1.340188,17766535.989225,17766535.989225,1720689046.5727875,4374104314.909208,55556220.9729969,5605998972.9723,32140151656.336502,0,0,0
Z3,16,4, 4K,81544.0,0.001252,65130990.415335,81544000.0,1.659876,2,1.340188,18291785.305689,18291785.305689,1720689046.5727875,4374104314.909208,55556220.9729969,5605998972.9723,32140151656.336502,0,0,0
Z3,17,4, 4K,79088.0,0.001165,67886695.27897,79088000.0,1.659876,2,1.340188,18842926.278416,18842926.278416,1720689046.5727875,4374104314.909208,55556220.9729969,5605998972.9723,32140151656.336502,0,0,0
Z3,18,4, 4K,60616.0,0.000989,61290192.113246,60616000.0,1.659876,2,1.340188,17523625.645271,17523625.645271,1720689046.5727875,4374104314.909208,55556220.9729969,5605998972.9723,32140151656.336502,0,0,0
Z3,19,4, 4K,55928.0,0.000967,57836608.066184,55928000.0,1.659876,2,1.340188,16832908.835858,16832908.835858,1720689046.5727875,4374104314.909208,55556220.9729969,5605998972.9723,32140151656.336502,0,0,0
Z3,20,4, 4K,60512.0,0.000862,70199535.962877,60512000.0,1.659876,2,1.340188,19305494.415197,19305494.415197,1720689046.5727875,4374104314.909208,55556220.9729969,5605998972.9723,32140151656.336502,0,0,0
Z3,21,4, 4K,116408.0,0.001277,91157400.156617,116408000.0,1.659876,2,1.340188,23497067.253945,23497067.253945,1720689046.5727875,4374104314.909208,55556220.9729969,5605998972.9723,32140151656.336502,0,0,0
Z3,22,4, 4K,104248.0,0.001172,88948805.460751,104248000.0,1.659876,2,1.340188,23055348.314772,23055348.314772,1720689046.5727875,4374104314.909208,55556220.9729969,5605998972.9723,32140151656.336502,0,0,0
Z3,23,4, 4K,138368.0,0.004459,31031172.908724,34592000.0,1.659876,2,1.340188,11471821.804366,11471821.804366,1720689046.5727875,4374104314.909208,55556220.9729969,5605998972.9723,32140151656.336502,0,0,0
Z3,24,4, 4K,139408.0,0.002024,68877470.355731,69704000.0,1.659876,2,1.340188,19041081.293768,19041081.293768,1720689046.5727875,4374104314.909208,55556220.9729969,5605998972.9723,32140151656.336502,0,0,0
Z3,25,4, 4K,141032.0,0.001369,103018261.504748,141032000.0,1.659876,2,1.340188,25869239.523571,25869239.523571,1720689046.5727875,4374104314.909208,55556220.9729969,5605998972.9723,32140151656.336502,0,0,0
Z3,26,4, 4K,125672.0,0.001543,81446532.728451,125672000.0,1.659876,2,1.340188,21554893.768312,21554893.768312,1720689046.5727875,4374104314.909208,55556220.9729969,5605998972.9723,32140151656.336502,0,0,0
Z3,27,4, 4K,147320.0,0.001451,101529979.324604,147320000.0,1.659876,2,1.340188,25571583.087542,25571583.087542,1720689046.5727875,4374104314.909208,55556220.9729969,5605998972.9723,32140151656.336502,0,0,0
Z3,28,4, 4K,120984.0,0.001184,102182432.432432,120984000.0,1.659876,2,1.340188,25702073.709108,25702073.709108,1720689046.5727875,4374104314.909208,55556220.9729969,5605998972.9723,32140151656.336502,0,0,0
Z3,29,4, 4K,87456.0,0.001082,80828096.118299,87456000.0,1.659876,2,1.340188,21431206.446281,21431206.446281,1720689046.5727875,4374104314.909208,55556220.9729969,5605998972.9723,32140151656.336502,0,0,0
Z3,30,4, 4K,19872.0,0.000962,20656964.656965,19872000.0,1.659876,2,1.340188,9396980.154014,9396980.154014,1720689046.5727875,4374104314.909208,55556220.9729969,5605998972.9723,32140151656.336502,0,0,0
Z3,31,4, 4K,17320.0,0.000801,21622971.285893,17320000.0,1.659876,2,1.340188,9590181.4798,9590181.4798,1720689046.5727875,4374104314.909208,55556220.9729969,5605998972.9723,32140151656.336502,0,0,0
Z3,32,4, 4K,20880.0,0.000848,24622641.509434,20880000.0,1.659876,2,1.340188,10190115.524508,10190115.524508,1720689046.5727875,4374104314.909208,55556220.9729969,5605998972.9723,32140151656.336502,0,0,0
Z3,33,4, 4K,18648.0,0.000909,20514851.485149,18648000.0,1.659876,2,1.340188,9368557.519651,9368557.519651,1720689046.5727875,4374104314.909208,55556220.9729969,5605998972.9723,32140151656.336502,0,0,0
Z3,34,4, 4K,15368.0,0.000905,16981215.469613,15368000.0,1.659876,2,1.340188,8661830.316544,8661830.316544,1720689046.5727875,4374104314.909208,55556220.9729969,5605998972.9723,32140151656.336502,0,0,0
Z3,35,4, 4K,17240.0,0.000875,19702857.142857,17240000.0,1.659876,2,1.340188,9206158.651193,9206158.651193,1720689046.5727875,4374104314.909208,55556220.9729969,5605998972.9723,32140151656.336502,0,0,0
Z3,36,4, 4K,34944.0,0.004402,7938209.904589,8736000.0,1.659876,2,1.340188,6853229.203539,6853229.203539,1720689046.5727875,4374104314.909208,55556220.9729969,5605998972.9723,32140151656.336502,0,0,0
Z3,37,4, 4K,16344.0,0.001559,10483643.361129,16344000.0,1.659876,2,1.340188,7362315.894847,7362315.894847,1720689046.5727875,4374104314.909208,55556220.9729969,5605998972.9723,32140151656.336502,0,0,0
Z3,38,4, 4K,11896.0,0.000888,13396396.396396,11896000.0,1.659876,2,1.340188,7944866.501901,7944866.501901,1720689046.5727875,4374104314.909208,55556220.9729969,5605998972.9723,32140151656.336502,0,0,0
Z1,0,5, 4K,86352.0,0.023328,3701646.090535,3754432.0,1.519051,2,1.481013,8685195.720008,8685195.720008,1720689046.5727875,4374104314.909208,55556220.9729969,5605998972.9723,32140151656.336502,0,0,0
Z2,0,5, 4K,6624.0,0.021975,301433.447099,315424.0,1.519051,2,1.481013,8005153.191321,8005153.191321,1720689046.5727875,4374104314.909208,55556220.9729969,5605998972.9723,32140151656.336502,0,0,0
Z2,1,5, 4K,15440.0,0.000911,16948408.342481,15440000.0,1.519051,2,1.481013,11334548.170397,11334548.170397,1720689046.5727875,4374104314.909208,55556220.9729969,5605998972.9723,32140151656.336502,0,0,0
Z2,2,5, 4K,14656.0,0.000869,16865362.485616,14656000.0,1.519051,2,1.481013,11317938.999024,11317938.999024,1720689046.5727875,4374104314.909208,55556220.9729969,5605998972.9723,32140151656.336502,0,0,0
Z2,3,5, 4K,59096.0,0.000967,61112719.75181,59096000.0,1.519051,2,1.481013,20167410.452263,20167410.452263,1720689046.5727875,4374104314.909208,55556220.9729969,5605998972.9723,32140151656.336502,0,0,0
Z2,4,5, 4K,117640.0,0.001385,84938628.158845,117640000.0,1.519051,2,1.481013,24932592.13367,24932592.13367,1720689046.5727875,4374104314.909208,55556220.9729969,5605998972.9723,32140151656.336502,0,0,0
Z2,5,5, 4K,68288.0,0.001044,65409961.685824,68288000.0,1.519051,2,1.481013,21026858.839066,21026858.839066,1720689046.5727875,4374104314.909208,55556220.9729969,5605998972.9723,32140151656.336502,0,0,0
Z2,6,5, 4K,47432.0,0.000955,49667015.706806,47432000.0,1.519051,2,1.481013,17878269.643262,17878269.643262,1720689046.5727875,4374104314.909208,55556220.9729969,5605998972.9723,32140151656.336502,0,0,0
Z2,7,5, 4K,40216.0,0.001133,35495145.631068,40216000.0,1.519051,2,1.481013,15043895.628114,15043895.628114,1720689046.5727875,4374104314.909208,55556220.9729969,5605998972.9723,32140151656.336502,0,0,0
Z3,0,5, 4K,16504.0,0.020546,803270.709627,825200.0,1.519051,2,1.481013,8105520.643826,8105520.643826,1720689046.5727875,4374104314.909208,55556220.9729969,5605998972.9723,32140151656.336502,0,0,0
Z3,1,5, 4K,16120.0,0.000897,17971014.492754,16120000.0,1.519051,2,1.481013,11539069.400452,11539069.400452,1720689046.5727875,4374104314.909208,55556220.9729969,5605998972.9723,32140151656.336502,0,0,0
Z3,2,5, 4K,15008.0,0.001116,13448028.673835,15008000.0,1.519051,2,1.481013,10634472.236668,10634472.236668,1720689046.5727875,4374104314.909208,55556220.9729969,5605998972.9723,32140151656.336502,0,0,0
Z3,3,5, 4K,15032.0,0.000688,21848837.209302,15032000.0,1.519051,2,1.481013,12314633.943761,12314633.943761,1720689046.5727875,4374104314.909208,55556220.9729969,5605998972.9723,32140151656.336502,0,0,0
Z3,4,5, 4K,12928.0,0.000852,15173708.920188,12928000.0,1.519051,2,1.481013,10979608.285938,10979608.285938,1720689046.5727875,4374104314.909208,55556220.9729969,5605998972.9723,32140151656.336502,0,0,0
Z3,5,5, 4K,13640.0,0.000865,15768786.127168,13640000.0,1.519051,2,1.481013,11098623.727334,11098623.727334,1720689046.5727875,4374104314.909208,55556220.9729969,5605998972.9723,32140151656.336502,0,0,0
Z3,6,5, 4K,14648.0,0.000833,17584633.853541,14648000.0,1.519051,2,1.481013,11461793.272609,11461793.272609,1720689046.5727875,4374104314.909208,55556220.9729969,5605998972.9723,32140151656.336502,0,0,0
Z3,7,5, 4K,15008.0,0.000701,21409415.121255,15008000.0,1.519051,2,1.481013,12226749.526152,12226749.526152,1720689046.5727875,4374104314.909208,55556220.9729969,5605998972.9723,32140151656.336502,0,0,0
Z3,8,5, 4K,14312.0,0.000867,16507497.116494,14312000.0,1.519051,2,1.481013,11246365.9252,11246365.9252,1720689046.5727875,4374104314.909208,55556220.9729969,5605998972.9723,32140151656.336502,0,0,0
Z3,9,5, 4K,14200.0,0.000854,16627634.660422,14200000.0,1.519051,2,1.481013,11270393.433985,11270393.433985,1720689046.5727875,4374104314.909208,55556220.9729969,5605998972.9723,32140151656.336502,0,0,0
Z3,10,5, 4K,67288.0,0.001204,55887043.189369,67288000.0,1.519051,2,1.481013,19122275.139775,19122275.139775,1720689046.5727875,4374104314.909208,55556220.9729969,5605998972.9723,32140151656.336502,0,0,0
Z3,11,5, 4K,52536.0,0.000889,59095613.048369,52536000.0,1.519051,2,1.481013,19763989.111575,19763989.111575,1720689046.5727875,4374104314.909208,55556220.9729969,5605998972.9723,32140151656.336502,0,0,0
Z3,12,5, 4K,52032.0,0.000926,56190064.794816,52032000.0,1.519051,2,1.481013,19182879.460864,19182879.460864,1720689046.5727875,4374104314.909208,55556220.9729969,5605998972.9723,32140151656.336502,0,0,0
Z3,13,5, 4K,44632.0,0.000838,53260143.198091,44632000.0,1.519051,2,1.481013,18596895.141519,18596895.141519,1720689046.5727875,4374104314.909208,55556220.9729969,5605998972.9723,32140151656.336502,0,0,0
Z3,14,5, 4K,76304.0,0.001145,66641048.034934,76304000.0,1.519051,2,1.481013,21273076.108888,21273076.108888,1720689046.5727875,4374104314.909208,55556220.9729969,5605998972.9723,32140151656.336502,0,0,0
Z3,15,5, 4K,71856.0,0.001126,63815275.310835,71856000.0,1.519051,2,1.481013,20707921.564068,20707921.564068,1720689046.5727875,4374104314.909208,55556220.9729969,5605998972.9723,32140151656.336502,0,0,0
Z3,16,5, 4K,82648.0,0.001048,78862595.419847,82648000.0,1.519051,2,1.481013,23717385.58587,23717385.58587,1720689046.5727875,4374104314.909208,55556220.9729969,5605998972.9723,32140151656.336502,0,0,0
Z3,17,5, 4K,76072.0,0.000998,76224448.897796,76072000.0,1.519051,2,1.481013,23189756.28146,23189756.28146,1720689046.5727875,4374104314.909208,55556220.9729969,5605998972.9723,32140151656.336502,0,0,0
Z3,18,5, 4K,59304.0,0.001015,58427586.206897,59304000.0,1.519051,2,1.481013,19630383.74328,19630383.74328,1720689046.5727875,4374104314.909208,55556220.9729969,5605998972.9723,32140151656.336502,0,0,0
Z3,19,5, 4K,43064.0,0.000973,44258992.805755,43064000.0,1.519051,2,1.481013,16796665.063052,16796665.063052,1720689046.5727875,4374104314.909208,55556220.9729969,5605998972.9723,32140151656.336502,0,0,0
Z3,20,5, 4K,54872.0,0.000855,64177777.777778,54872000.0,1.519051,2,1.481013,20780422.057456,20780422.057456,1720689046.5727875,4374104314.909208,55556220.9729969,5605998972.9723,32140151656.336502,0,0,0
Z3,21,5, 4K,135784.0,0.001552,87489690.721649,135784000.0,1.519051,2,1.481013,25442804.646231,25442804.646231,1720689046.5727875,4374104314.909208,55556220.9729969,5605998972.9723,32140151656.336502,0,0,0
Z3,22,5, 4K,118304.0,0.001436,82384401.114206,118304000.0,1.519051,2,1.481013,24421746.724742,24421746.724742,1720689046.5727875,4374104314.909208,55556220.9729969,5605998972.9723,32140151656.336502,0,0,0
Z3,23,5, 4K,147040.0,0.001606,91556662.515567,147040000.0,1.519051,2,1.481013,26256199.005014,26256199.005014,1720689046.5727875,4374104314.909208,55556220.9729969,5605998972.9723,32140151656.336502,0,0,0
Z3,24,5, 4K,179520.0,0.001778,100967379.077615,179520000.0,1.519051,2,1.481013,28138342.317424,28138342.317424,1720689046.5727875,4374104314.909208,55556220.9729969,5605998972.9723,32140151656.336502,0,0,0
Z3,25,5, 4K,172688.0,0.001643,105105295.191722,172688000.0,1.519051,2,1.481013,28965925.540245,28965925.540245,1720689046.5727875,4374104314.909208,55556220.9729969,5605998972.9723,32140151656.336502,0,0,0
Z3,26,5, 4K,145128.0,0.001226,118375203.915171,145128000.0,1.519051,2,1.481013,31619907.284935,31619907.284935,1720689046.5727875,4374104314.909208,55556220.9729969,5605998972.9723,32140151656.336502,0,0,0
Z3,27,5, 4K,179592.0,0.001443,124457380.45738,179592000.0,1.519051,2,1.481013,32836342.593377,32836342.593377,1720689046.5727875,4374104314.909208,55556220.9729969,5605998972.9723,32140151656.336502,0,0,0
Z3,28,5, 4K,140720.0,0.001399,100586132.952109,140720000.0,1.519051,2,1.481013,28062093.092323,28062093.092323,1720689046.5727875,4374104314.909208,55556220.9729969,5605998972.9723,32140151656.336502,0,0,0
Z3,29,5, 4K,83928.0,0.001221,68737100.737101,83928000.0,1.519051,2,1.481013,21692286.649321,21692286.649321,1720689046.5727875,4374104314.909208,55556220.9729969,5605998972.9723,32140151656.336502,0,0,0
Z3,30,5, 4K,82192.0,0.001072,76671641.791045,82192000.0,1.519051,2,1.481013,23279194.86011,23279194.86011,1720689046.5727875,4374104314.909208,55556220.9729969,5605998972.9723,32140151656.336502,0,0,0
Z3,31,5, 4K,68504.0,0.001162,58953528.399312,68504000.0,1.519051,2,1.481013,19735572.181763,19735572.181763,1720689046.5727875,4374104314.909208,55556220.9729969,5605998972.9723,32140151656.336502,0,0,0
Z3,32,5, 4K,53776.0,0.0011,48887272.727273,53776000.0,1.519051,2,1.481013,17722321.047355,17722321.047355,1720689046.5727875,4374104314.909208,55556220.9729969,5605998972.9723,32140151656.336502,0,0,0
Z3,33,5, 4K,72968.0,0.00132,55278787.878788,72968000.0,1.519051,2,1.481013,19000624.077658,19000624.077658,1720689046.5727875,4374104314.909208,55556220.9729969,5605998972.9723,32140151656.336502,0,0,0
Z3,34,5, 4K,78200.0,0.001166,67066895.368782,78200000.0,1.519051,2,1.481013,21358245.575657,21358245.575657,1720689046.5727875,4374104314.909208,55556220.9729969,5605998972.9723,32140151656.336502,0,0,0
Z3,35,5, 4K,63936.0,0.000921,69420195.439739,63936000.0,1.519051,2,1.481013,21828905.589849,21828905.589849,1720689046.5727875,4374104314.909208,55556220.9729969,5605998972.9723,32140151656.336502,0,0,0
Z3,36,5, 4K,86888.0,0.001122,77440285.204991,86888000.0,1.519051,2,1.481013,23432923.542899,23432923.542899,1720689046.5727875,4374104314.909208,55556220.9729969,5605998972.9723,32140151656.336502,0,0,0
Z3,37,5, 4K,53856.0,0.001072,50238805.970149,53856000.0,1.519051,2,1.481013,17992627.695931,17992627.695931,1720689046.5727875,4374104314.909208,55556220.9729969,5605998972.9723,32140151656.336502,0,0,0
Z3,38,5, 4K,42888.0,0.000917,46769901.853871,42888000.0,1.519051,2,1.481013,17298846.872675,17298846.872675,1720689046.5727875,4374104314.909208,55556220.9729969,5605998972.9723,32140151656.336502,0,0,0
Z1,0,6, 4K,32384.0,0.020198,1603327.062085,1619200.0,1.398136,2,2.601928,17326295.453637,17326295.453637,1720689046.5727875,4374104314.909208,55556220.9729969,5605998972.9723,32140151656.336502,0,0,0
Z2,0,6, 4K,11672.0,0.022627,515843.903301,530544.0,1.398136,2,2.601928,17108798.82188,17108798.82188,1720689046.5727875,4374104314.909208,55556220.9729969,5605998972.9723,32140151656.336502,0,0,0
Z2,1,6, 4K,36784.0,0.001117,32931065.353626,36784000.0,1.398136,2,2.601928,23591843.111945,23591843.111945,1720689046.5727875,4374104314.909208,55556220.9729969,5605998972.9723,32140151656.336502,0,0,0
Z2,2,6, 4K,30448.0,0.001022,29792563.600783,30448000.0,1.398136,2,2.601928,22964142.761376,22964142.761376,1720689046.5727875,4374104314.909208,55556220.9729969,5605998972.9723,32140151656.336502,0,0,0
Z2,3,6, 4K,89424.0,0.00144,62100000.0,89424000.0,1.398136,2,2.601928,29425630.04122,29425630.04122,1720689046.5727875,4374104314.909208,55556220.9729969,5605998972.9723,32140151656.336502,0,0,0
Z2,4,6, 4K,37976.0,0.001054,36030360.531309,37976000.0,1.398136,2,2.601928,24211702.147481,24211702.147481,1720689046.5727875,4374104314.909208,55556220.9729969,5605998972.9723,32140151656.336502,0,0,0
Z2,5,6, 4K,44392.0,0.001019,43564278.704612,44392000.0,1.398136,2,2.601928,25718485.782142,25718485.782142,1720689046.5727875,4374104314.909208,55556220.9729969,5605998972.9723,32140151656.336502,0,0,0
Z2,6,6, 4K,23176.0,0.000856,27074766.35514,23176000.0,1.398136,2,2.601928,22420583.312248,22420583.312248,1720689046.5727875,4374104314.909208,55556220.9729969,5605998972.9723,32140151656.336502,0,0,0
Z2,7,6, 4K,20712.0,0.000913,22685651.6977,20712000.0,1.398136,2,2.601928,21542760.38076,21542760.38076,1720689046.5727875,4374104314.909208,55556220.9729969,5605998972.9723,32140151656.336502,0,0,0
Z3,0,6, 4K,6624.0,0.02408,275083.056478,276000.0,1.398136,2,2.601928,17060646.652515,17060646.652515,1720689046.5727875,4374104314.909208,55556220.9729969,5605998972.9723,32140151656.336502,0,0,0
Z3,1,6, 4K,12000.0,0.000866,13856812.933025,12000000.0,1.398136,2,2.601928,19776992.627825,19776992.627825,1720689046.5727875,4374104314.909208,55556220.9729969,5605998972.9723,32140151656.336502,0,0,0
Z3,2,6, 4K,12312.0,0.000723,17029045.643154,12312000.0,1.398136,2,2.601928,20411439.16985,20411439.16985,1720689046.5727875,4374104314.909208,55556220.9729969,5605998972.9723,32140151656.336502,0,0,0
Z3,3,6, 4K,11800.0,0.000873,13516609.392898,11800000.0,1.398136,2,2.601928,19708951.919799,19708951.919799,1720689046.5727875,4374104314.909208,55556220.9729969,5605998972.9723,32140151656.336502,0,0,0
Z3,4,6, 4K,11672.0,0.000783,14906768.837803,11672000.0,1.398136,2,2.601928,19986983.80878,19986983.80878,1720689046.5727875,4374104314.909208,55556220.9729969,5605998972.9723,32140151656.336502,0,0,0
Z3,5,6, 4K,11856.0,0.000822,14423357.664234,11856000.0,1.398136,2,2.601928,19890301.574066,19890301.574066,1720689046.5727875,4374104314.909208,55556220.9729969,5605998972.9723,32140151656.336502,0,0,0
Z3,6,6, 4K,11392.0,0.000858,13277389.277389,11392000.0,1.398136,2,2.601928,19661107.896697,19661107.896697,1720689046.5727875,4374104314.909208,55556220.9729969,5605998972.9723,32140151656.336502,0,0,0
Z3,7,6, 4K,11608.0,0.000938,12375266.52452,11608000.0,1.398136,2,2.601928,19480683.346124,19480683.346124,1720689046.5727875,4374104314.909208,55556220.9729969,5605998972.9723,32140151656.336502,0,0,0
Z3,8,6, 4K,11808.0,0.001099,10744313.011829,11808000.0,1.398136,2,2.601928,19154492.643585,19154492.643585,1720689046.5727875,4374104314.909208,55556220.9729969,5605998972.9723,32140151656.336502,0,0,0
Z3,9,6, 4K,11616.0,0.001229,9451586.655818,11616000.0,1.398136,2,2.601928,18895947.372383,18895947.372383,1720689046.5727875,4374104314.909208,55556220.9729969,5605998972.9723,32140151656.336502,0,0,0
Z3,10,6, 4K,11320.0,0.000992,11411290.322581,11320000.0,1.398136,2,2.601928,19287888.105736,19287888.105736,1720689046.5727875,4374104314.909208,55556220.9729969,5605998972.9723,32140151656.336502,0,0,0
Z3,11,6, 4K,11456.0,0.000984,11642276.422764,11456000.0,1.398136,2,2.601928,19334085.325772,19334085.325772,1720689046.5727875,4374104314.909208,55556220.9729969,5605998972.9723,32140151656.336502,0,0,0
Z3,12,6, 4K,30472.0,0.001104,27601449.275362,30472000.0,1.398136,2,2.601928,22525919.896292,22525919.896292,1720689046.5727875,4374104314.909208,55556220.9729969,5605998972.9723,32140151656.336502,0,0,0
Z3,13,6, 4K,27608.0,0.000925,29846486.486486,27608000.0,1.398136,2,2.601928,22974927.338517,22974927.338517,1720689046.5727875,4374104314.909208,55556220.9729969,5605998972.9723,32140151656.336502,0,0,0
Z3,14,6, 4K,24088.0,0.001058,22767485.822306,24088000.0,1.398136,2,2.601928,21559127.205681,21559127.205681,1720689046.5727875,4374104314.909208,55556220.9729969,5605998972.9723,32140151656.336502,0,0,0
Z3,15,6, 4K,38328.0,0.004963,7722748.337699,9582000.0,1.398136,2,2.601928,18550179.708759,18550179.708759,1720689046.5727875,4374104314.909208,55556220.9729969,5605998972.9723,32140151656.336502,0,0,0
Z3,16,6, 4K,32072.0,0.000796,40291457.286432,32072000.0,1.398136,2,2.601928,25063921.498506,25063921.498506,1720689046.5727875,4374104314.909208,55556220.9729969,5605998972.9723,32140151656.336502,0,0,0
Z3,17,6, 4K,42136.0,0.001189,35438183.347351,42136000.0,1.398136,2,2.601928,24093266.71069,24093266.71069,1720689046.5727875,4374104314.909208,55556220.9729969,5605998972.9723,32140151656.336502,0,0,0
Z3,18,6, 4K,36072.0,0.001103,32703535.811423,36072000.0,1.398136,2,2.601928,23546337.203504,23546337.203504,1720689046.5727875,4374104314.909208,55556220.9729969,5605998972.9723,32140151656.336502,0,0,0
Z3,19,6, 4K,27192.0,0.000883,30795016.987542,27192000.0,1.398136,2,2.601928,23164633.438728,23164633.438728,1720689046.5727875,4374104314.909208,55556220.9729969,5605998972.9723,32140151656.336502,0,0,0
Z3,20,6, 4K,23688.0,0.001076,22014869.888476,23688000.0,1.398136,2,2.601928,21408604.018915,21408604.018915,1720689046.5727875,4374104314.909208,55556220.9729969,5605998972.9723,32140151656.336502,0,0,0
Z3,21,6, 4K,86000.0,0.001315,65399239.543726,86000000.0,1.398136,2,2.601928,30085477.949965,30085477.949965,1720689046.5727875,4374104314.909208,55556220.9729969,5605998972.9723,32140151656.336502,0,0,0
Z3,22,6, 4K,62728.0,0.001123,55857524.487979,62728000.0,1.398136,2,2.601928,28177134.938815,28177134.938815,1720689046.5727875,4374104314.909208,55556220.9729969,5605998972.9723,32140151656.336502,0,0,0
Z3,23,6, 4K,65864.0,0.001257,52397772.474145,65864000.0,1.398136,2,2.601928,27485184.536049,27485184.536049,1720689046.5727875,4374104314.909208,55556220.9729969,5605998972.9723,32140151656.336502,0,0,0
Z3,24,6, 4K,82512.0,0.001414,58353606.78925,82512000.0,1.398136,2,2.601928,28676351.39907,28676351.39907,1720689046.5727875,4374104314.909208,55556220.9729969,5605998972.9723,32140151656.336502,0,0,0
Z3,25,6, 4K,102240.0,0.001386,73766233.766234,102240000.0,1.398136,2,2.601928,31758876.794466,31758876.794466,1720689046.5727875,4374104314.909208,55556220.9729969,5605998972.9723,32140151656.336502,0,0,0
Z3,26,6, 4K,69304.0,0.001332,52030030.03003,69304000.0,1.398136,2,2.601928,27411636.047226,27411636.047226,1720689046.5727875,4374104314.909208,55556220.9729969,5605998972.9723,32140151656.336502,0,0,0
Z3,27,6, 4K,73800.0,0.001312,56250000.0,73800000.0,1.398136,2,2.601928,28255630.04122,28255630.04122,1720689046.5727875,4374104314.909208,55556220.9729969,5605998972.9723,32140151656.336502,0,0,0
Z3,28,6, 4K,59424.0,0.001014,58603550.295858,59424000.0,1.398136,2,2.601928,28726340.100391,28726340.100391,1720689046.5727875,4374104314.909208,55556220.9729969,5605998972.9723,32140151656.336502,0,0,0
Z3,29,6, 4K,38896.0,0.001255,30992828.685259,38896000.0,1.398136,2,2.601928,23204195.778271,23204195.778271,1720689046.5727875,4374104314.909208,55556220.9729969,5605998972.9723,32140151656.336502,0,0,0
Z3,30,6, 4K,30224.0,0.000998,30284569.138277,30224000.0,1.398136,2,2.601928,23062543.868875,23062543.868875,1720689046.5727875,4374104314.909208,55556220.9729969,5605998972.9723,32140151656.336502,0,0,0
Z3,31,6, 4K,34568.0,0.000944,36618644.067797,34568000.0,1.398136,2,2.601928,24329358.854779,24329358.854779,1720689046.5727875,4374104314.909208,55556220.9729969,5605998972.9723,32140151656.336502,0,0,0
Z3,32,6, 4K,62896.0,0.001165,53987982.832618,62896000.0,1.398136,2,2.601928,27803226.607743,27803226.607743,1720689046.5727875,4374104314.909208,55556220.9729969,5605998972.9723,32140151656.336502,0,0,0
Z3,33,6, 4K,50288.0,0.001038,48447013.487476,50288000.0,1.398136,2,2.601928,26695032.738715,26695032.738715,1720689046.5727875,4374104314.909208,55556220.9729969,5605998972.9723,32140151656.336502,0,0,0
Z3,34,6, 4K,37280.0,0.00096,38833333.333333,37280000.0,1.398136,2,2.601928,24772296.707886,24772296.707886,1720689046.5727875,4374104314.909208,55556220.9729969,5605998972.9723,32140151656.336502,0,0,0
Z3,35,6, 4K,26840.0,0.000832,32259615.384615,26840000.0,1.398136,2,2.601928,23457553.118143,23457553.118143,1720689046.5727875,4374104314.909208,55556220.9729969,5605998972.9723,32140151656.336502,0,0,0
Z3,36,6, 4K,30408.0,0.000793,38345523.32913,30408000.0,1.398136,2,2.601928,24674734.707046,24674734.707046,1720689046.5727875,4374104314.909208,55556220.9729969,5605998972.9723,32140151656.336502,0,0,0
Z3,37,6, 4K,24136.0,0.001018,23709233.791749,24136000.0,1.398136,2,2.601928,21747476.799569,21747476.799569,1720689046.5727875,4374104314.909208,55556220.9729969,5605998972.9723,32140151656.336502,0,0,0
Z3,38,6, 4K,21376.0,0.000831,25723225.030084,21376000.0,1.398136,2,2.601928,22150275.047236,22150275.047236,1720689046.5727875,4374104314.909208,55556220.9729969,5605998972.9723,32140151656.336502,0,0,0
Z1,0,7, 4K,33008.0,0.019711,1674597.940236,1737256.0,1.274601,2,2.725463,20014040.78913,20014040.78913,1720689046.5727875,4374104314.909208,55556220.9729969,5605998972.9723,32140151656.336502,0,0,0
Z2,0,7, 4K,11888.0,0.022696,523792.738809,540360.0,1.274601,2,2.725463,19783879.748844,19783879.748844,1720689046.5727875,4374104314.909208,55556220.9729969,5605998972.9723,32140151656.336502,0,0,0
Z2,1,7, 4K,40440.0,0.001345,30066914.498141,40440000.0,1.274601,2,2.725463,25692504.100711,25692504.100711,1720689046.5727875,4374104314.909208,55556220.9729969,5605998972.9723,32140151656.336502,0,0,0
Z2,2,7, 4K,30824.0,0.001184,26033783.783784,30824000.0,1.274601,2,2.725463,24885877.957839,24885877.957839,1720689046.5727875,4374104314.909208,55556220.9729969,5605998972.9723,32140151656.336502,0,0,0
Z2,3,7, 4K,76304.0,0.001291,59104570.100697,76304000.0,1.274601,2,2.725463,31500035.221222,31500035.221222,1720689046.5727875,4374104314.909208,55556220.9729969,5605998972.9723,32140151656.336502,0,0,0
Z2,4,7, 4K,40368.0,0.000982,41107942.973523,40368000.0,1.274601,2,2.725463,27900709.795787,27900709.795787,1720689046.5727875,4374104314.909208,55556220.9729969,5605998972.9723,32140151656.336502,0,0,0
Z2,5,7, 4K,46048.0,0.00153,30096732.026144,46048000.0,1.274601,2,2.725463,25698467.606311,25698467.606311,1720689046.5727875,4374104314.909208,55556220.9729969,5605998972.9723,32140151656.336502,0,0,0
Z2,6,7, 4K,66864.0,0.001173,57002557.544757,66864000.0,1.274601,2,2.725463,31079632.710034,31079632.710034,1720689046.5727875,4374104314.909208,55556220.9729969,5605998972.9723,32140151656.336502,0,0,0
Z2,7,7, 4K,21440.0,0.00146,14684931.506849,21440000.0,1.274601,2,2.725463,22616107.502452,22616107.502452,1720689046.5727875,4374104314.909208,55556220.9729969,5605998972.9723,32140151656.336502,0,0,0
Z3,0,7, 4K,6624.0,0.029352,225674.570728,228408.0,1.274601,2,2.725463,19724256.115228,19724256.115228,1720689046.5727875,4374104314.909208,55556220.9729969,5605998972.9723,32140151656.336502,0,0,0
Z3,1,7, 4K,12288.0,0.001076,11420074.349442,12288000.0,1.274601,2,2.725463,21963136.070971,21963136.070971,1720689046.5727875,4374104314.909208,55556220.9729969,5605998972.9723,32140151656.336502,0,0,0
Z3,2,7, 4K,12288.0,0.001211,10146985.962015,12288000.0,1.274601,2,2.725463,21708518.393486,21708518.393486,1720689046.5727875,4374104314.909208,55556220.9729969,5605998972.9723,32140151656.336502,0,0,0
Z3,3,7, 4K,12304.0,0.001023,12027370.478983,12304000.0,1.274601,2,2.725463,22084595.296879,22084595.296879,1720689046.5727875,4374104314.909208,55556220.9729969,5605998972.9723,32140151656.336502,0,0,0
Z3,4,7, 4K,11832.0,0.001105,10707692.307692,11832000.0,1.274601,2,2.725463,21820659.662621,21820659.662621,1720689046.5727875,4374104314.909208,55556220.9729969,5605998972.9723,32140151656.336502,0,0,0
Z3,5,7, 4K,12664.0,0.000786,16111959.287532,12664000.0,1.274601,2,2.725463,22901513.058589,22901513.058589,1720689046.5727875,4374104314.909208,55556220.9729969,5605998972.9723,32140151656.336502,0,0,0
Z3,6,7, 4K,11360.0,0.001247,9109863.672815,11360000.0,1.274601,2,2.725463,21501093.935646,21501093.935646,1720689046.5727875,4374104314.909208,55556220.9729969,5605998972.9723,32140151656.336502,0,0,0
Z3,7,7, 4K,11624.0,0.000854,13611241.217799,11624000.0,1.274601,2,2.725463,22401369.444642,22401369.444642,1720689046.5727875,4374104314.909208,55556220.9729969,5605998972.9723,32140151656.336502,0,0,0
Z3,8,7, 4K,12008.0,0.00078,15394871.794872,12008000.0,1.274601,2,2.725463,22758095.560057,22758095.560057,1720689046.5727875,4374104314.909208,55556220.9729969,5605998972.9723,32140151656.336502,0,0,0
Z3,9,7, 4K,11744.0,0.000915,12834972.677596,11744000.0,1.274601,2,2.725463,22246115.736602,22246115.736602,1720689046.5727875,4374104314.909208,55556220.9729969,5605998972.9723,32140151656.336502,0,0,0
Z3,10,7, 4K,11584.0,0.001104,10492753.623188,11584000.0,1.274601,2,2.725463,21777671.92572,21777671.92572,1720689046.5727875,4374104314.909208,55556220.9729969,5605998972.9723,32140151656.336502,0,0,0
Z3,11,7, 4K,11528.0,0.000703,16398293.029872,11528000.0,1.274601,2,2.725463,22958779.807057,22958779.807057,1720689046.5727875,4374104314.909208,55556220.9729969,5605998972.9723,32140151656.336502,0,0,0
Z3,12,7, 4K,32448.0,0.00101,32126732.673267,32448000.0,1.274601,2,2.725463,26104467.735736,26104467.735736,1720689046.5727875,4374104314.909208,55556220.9729969,5605998972.9723,32140151656.336502,0,0,0
Z3,13,7, 4K,29808.0,0.001009,29542120.911794,29808000.0,1.274601,2,2.725463,25587545.383441,25587545.383441,1720689046.5727875,4374104314.909208,55556220.9729969,5605998972.9723,32140151656.336502,0,0,0
Z3,14,7, 4K,26008.0,0.001384,18791907.514451,26008000.0,1.274601,2,2.725463,23437502.703973,23437502.703973,1720689046.5727875,4374104314.909208,55556220.9729969,5605998972.9723,32140151656.336502,0,0,0
Z3,15,7, 4K,43712.0,0.001301,33598770.176787,43712000.0,1.274601,2,2.725463,26398875.23644,26398875.23644,1720689046.5727875,4374104314.909208,55556220.9729969,5605998972.9723,32140151656.336502,0,0,0
Z3,16,7, 4K,42976.0,0.001431,30032145.3529,42976000.0,1.274601,2,2.725463,25685550.271663,25685550.271663,1720689046.5727875,4374104314.909208,55556220.9729969,5605998972.9723,32140151656.336502,0,0,0
Z3,17,7, 4K,80888.0,0.001327,60955538.809344,80888000.0,1.274601,2,2.725463,31870228.962951,31870228.962951,1720689046.5727875,4374104314.909208,55556220.9729969,5605998972.9723,32140151656.336502,0,0,0
Z3,18,7, 4K,51248.0,0.001167,43914310.197087,51248000.0,1.274601,2,2.725463,28461983.2405,28461983.2405,1720689046.5727875,4374104314.909208,55556220.9729969,5605998972.9723,32140151656.336502,0,0,0
Z3,19,7, 4K,29472.0,0.001432,20581005.586592,29472000.0,1.274601,2,2.725463,23795322.318401,23795322.318401,1720689046.5727875,4374104314.909208,55556220.9729969,5605998972.9723,32140151656.336502,0,0,0
Z3,20,7, 4K,23856.0,0.001584,15060606.060606,23856000.0,1.274601,2,2.725463,22691242.413204,22691242.413204,1720689046.5727875,4374104314.909208,55556220.9729969,5605998972.9723,32140151656.336502,0,0,0
Z3,21,7, 4K,78816.0,0.001315,59936121.673004,78816000.0,1.274601,2,2.725463,31666345.535683,31666345.535683,1720689046.5727875,4374104314.909208,55556220.9729969,5605998972.9723,32140151656.336502,0,0,0
Z3,22,7, 4K,66288.0,0.001466,45216916.780355,66288000.0,1.274601,2,2.725463,28722504.557153,28722504.557153,1720689046.5727875,4374104314.909208,55556220.9729969,5605998972.9723,32140151656.336502,0,0,0
Z3,23,7, 4K,69920.0,0.001423,49135628.952916,69920000.0,1.274601,2,2.725463,29506246.991666,29506246.991666,1720689046.5727875,4374104314.909208,55556220.9729969,5605998972.9723,32140151656.336502,0,0,0
Z3,24,7, 4K,81944.0,0.001624,50458128.078818,81944000.0,1.274601,2,2.725463,29770746.816846,29770746.816846,1720689046.5727875,4374104314.909208,55556220.9729969,5605998972.9723,32140151656.336502,0,0,0
Z3,25,7, 4K,102376.0,0.001803,56780920.687743,102376000.0,1.274601,2,2.725463,31035305.338631,31035305.338631,1720689046.5727875,4374104314.909208,55556220.9729969,5605998972.9723,32140151656.336502,0,0,0
Z3,26,7, 4K,76792.0,0.001243,61779565.567176,76792000.0,1.274601,2,2.725463,32035034.314518,32035034.314518,1720689046.5727875,4374104314.909208,55556220.9729969,5605998972.9723,32140151656.336502,0,0,0
Z3,27,7, 4K,81072.0,0.002005,40434912.718204,40536000.0,1.274601,2,2.725463,27766103.744723,27766103.744723,1720689046.5727875,4374104314.909208,55556220.9729969,5605998972.9723,32140151656.336502,0,0,0
Z3,28,7, 4K,62656.0,0.001196,52387959.866221,62656000.0,1.274601,2,2.725463,30156713.174327,30156713.174327,1720689046.5727875,4374104314.909208,55556220.9729969,5605998972.9723,32140151656.336502,0,0,0
Z3,29,7, 4K,41248.0,0.001682,24523186.682521,41248000.0,1.274601,2,2.725463,24583758.537587,24583758.537587,1720689046.5727875,4374104314.909208,55556220.9729969,5605998972.9723,32140151656.336502,0,0,0
Z3,30,7, 4K,51888.0,0.001539,33715399.610136,51888000.0,1.274601,2,2.725463,26422201.12311,26422201.12311,1720689046.5727875,4374104314.909208,55556220.9729969,5605998972.9723,32140151656.336502,0,0,0
Z3,31,7, 4K,60864.0,0.00142,42861971.830986,60864000.0,1.274601,2,2.725463,28251515.56728,28251515.56728,1720689046.5727875,4374104314.909208,55556220.9729969,5605998972.9723,32140151656.336502,0,0,0
Z3,32,7, 4K,30224.0,0.001469,20574540.503744,30224000.0,1.274601,2,2.725463,23794029.301831,23794029.301831,1720689046.5727875,4374104314.909208,55556220.9729969,5605998972.9723,32140151656.336502,0,0,0
Z3,33,7, 4K,29312.0,0.001246,23524879.614767,29312000.0,1.274601,2,2.725463,24384097.124036,24384097.124036,1720689046.5727875,4374104314.909208,55556220.9729969,5605998972.9723,32140151656.336502,0,0,0
Z3,34,7, 4K,25728.0,0.001209,21280397.022333,25728000.0,1.274601,2,2.725463,23935200.605549,23935200.605549,1720689046.5727875,4374104314.909208,55556220.9729969,5605998972.9723,32140151656.336502,0,0,0
Z3,35,7, 4K,27640.0,0.001106,24990958.40868,27640000.0,1.274601,2,2.725463,24677312.882819,24677312.882819,1720689046.5727875,4374104314.909208,55556220.9729969,5605998972.9723,32140151656.336502,0,0,0
Z3,36,7, 4K,32608.0,0.001226,26597063.621533,32608000.0,1.274601,2,2.725463,24998533.925389,24998533.925389,1720689046.5727875,4374104314.909208,55556220.9729969,5605998972.9723,32140151656.336502,0,0,0
Z3,37,7, 4K,25080.0,0.001071,23417366.946779,25080000.0,1.274601,2,2.725463,24362594.590438,24362594.590438,1720689046.5727875,4374104314.909208,55556220.9729969,5605998972.9723,32140151656.336502,0,0,0
Z3,38,7, 4K,21912.0,0.001726,12695249.130939,21912000.0,1.274601,2,2.725463,22218171.02727,22218171.02727,1720689046.5727875,4374104314.909208,55556220.9729969,5605998972.9723,32140151656.336502,0,0,0
Z1,0,8, 4K,12368.0,0.020889,592081.957011,618400.0,1.139187,2,3.860877,19835370.87366,19835370.87366,1720689046.5727875,4374104314.909208,55556220.9729969,5605998972.9723,32140151656.336502,0,0,0
Z2,0,8, 4K,6624.0,0.022888,289409.297448,301088.0,1.139187,2,3.860877,19774836.341748,19774836.341748,1720689046.5727875,4374104314.909208,55556220.9729969,5605998972.9723,32140151656.336502,0,0,0
Z2,1,8, 4K,12736.0,0.000992,12838709.677419,12736000.0,1.139187,2,3.860877,22284696.417742,22284696.417742,1720689046.5727875,4374104314.909208,55556220.9729969,5605998972.9723,32140151656.336502,0,0,0
Z2,2,8, 4K,12272.0,0.00095,12917894.736842,12272000.0,1.139187,2,3.860877,22300533.429627,22300533.429627,1720689046.5727875,4374104314.909208,55556220.9729969,5605998972.9723,32140151656.336502,0,0,0
Z2,3,8, 4K,47728.0,0.001083,44070175.438596,47728000.0,1.139187,2,3.860877,28530989.569977,28530989.569977,1720689046.5727875,4374104314.909208,55556220.9729969,5605998972.9723,32140151656.336502,0,0,0
Z2,4,8, 4K,47048.0,0.001009,46628344.895937,47048000.0,1.139187,2,3.860877,29042623.461445,29042623.461445,1720689046.5727875,4374104314.909208,55556220.9729969,5605998972.9723,32140151656.336502,0,0,0
Z2,5,8, 4K,46672.0,0.001121,41634255.129349,46672000.0,1.139187,2,3.860877,28043805.508128,28043805.508128,1720689046.5727875,4374104314.909208,55556220.9729969,5605998972.9723,32140151656.336502,0,0,0
Z2,6,8, 4K,116120.0,0.001907,60891452.543262,116120000.0,1.139187,2,3.860877,31895244.99091,31895244.99091,1720689046.5727875,4374104314.909208,55556220.9729969,5605998972.9723,32140151656.336502,0,0,0
Z2,7,8, 4K,109880.0,0.005031,21840588.352216,21976000.0,1.139187,2,3.860877,24085072.152701,24085072.152701,1720689046.5727875,4374104314.909208,55556220.9729969,5605998972.9723,32140151656.336502,0,0,0
Z3,0,8, 4K,13168.0,0.022555,583817.335402,598544.0,1.139187,2,3.860877,19833717.949339,19833717.949339,1720689046.5727875,4374104314.909208,55556220.9729969,5605998972.9723,32140151656.336502,0,0,0
Z3,1,8, 4K,12440.0,0.000861,14448315.911731,12440000.0,1.139187,2,3.860877,22606617.664604,22606617.664604,1720689046.5727875,4374104314.909208,55556220.9729969,5605998972.9723,32140151656.336502,0,0,0
Z3,2,8, 4K,12288.0,0.000726,16925619.834711,12288000.0,1.139187,2,3.860877,23102078.4492,23102078.4492,1720689046.5727875,4374104314.909208,55556220.9729969,5605998972.9723,32140151656.336502,0,0,0
Z3,3,8, 4K,13040.0,0.000696,18735632.183908,13040000.0,1.139187,2,3.860877,23464080.91904,23464080.91904,1720689046.5727875,4374104314.909208,55556220.9729969,5605998972.9723,32140151656.336502,0,0,0
Z3,4,8, 4K,11984.0,0.000721,16621359.223301,11984000.0,1.139187,2,3.860877,23041226.326918,23041226.326918,1720689046.5727875,4374104314.909208,55556220.9729969,5605998972.9723,32140151656.336502,0,0,0
Z3,5,8, 4K,12736.0,0.000717,17762900.97629,12736000.0,1.139187,2,3.860877,23269534.677516,23269534.677516,1720689046.5727875,4374104314.909208,55556220.9729969,5605998972.9723,32140151656.336502,0,0,0
Z3,6,8, 4K,12728.0,0.000744,17107526.88172,12728000.0,1.139187,2,3.860877,23138459.858602,23138459.858602,1720689046.5727875,4374104314.909208,55556220.9729969,5605998972.9723,32140151656.336502,0,0,0
Z3,7,8, 4K,13416.0,0.004545,2951815.181518,3354000.0,1.139187,2,3.860877,20307317.518562,20307317.518562,1720689046.5727875,4374104314.909208,55556220.9729969,5605998972.9723,32140151656.336502,0,0,0
Z3,8,8, 4K,12296.0,0.000806,15255583.126551,12296000.0,1.139187,2,3.860877,22768071.107568,22768071.107568,1720689046.5727875,4374104314.909208,55556220.9729969,5605998972.9723,32140151656.336502,0,0,0
Z3,9,8, 4K,36848.0,0.001013,36375123.395854,36848000.0,1.139187,2,3.860877,26991979.161429,26991979.161429,1720689046.5727875,4374104314.909208,55556220.9729969,5605998972.9723,32140151656.336502,0,0,0
Z3,10,8, 4K,37200.0,0.00087,42758620.689655,37200000.0,1.139187,2,3.860877,28268678.620189,28268678.620189,1720689046.5727875,4374104314.909208,55556220.9729969,5605998972.9723,32140151656.336502,0,0,0
Z3,11,8, 4K,36304.0,0.000993,36559919.436052,36304000.0,1.139187,2,3.860877,27028938.369469,27028938.369469,1720689046.5727875,4374104314.909208,55556220.9729969,5605998972.9723,32140151656.336502,0,0,0
Z3,12,8, 4K,72440.0,0.001,72440000.0,72440000.0,1.139187,2,3.860877,34204954.482258,34204954.482258,1720689046.5727875,4374104314.909208,55556220.9729969,5605998972.9723,32140151656.336502,0,0,0
Z3,13,8, 4K,94656.0,0.001192,79409395.973154,94656000.0,1.139187,2,3.860877,35598833.676889,35598833.676889,1720689046.5727875,4374104314.909208,55556220.9729969,5605998972.9723,32140151656.336502,0,0,0
Z3,14,8, 4K,126944.0,0.001255,101150597.609562,126944000.0,1.139187,2,3.860877,39947074.00417,39947074.00417,1720689046.5727875,4374104314.909208,55556220.9729969,5605998972.9723,32140151656.336502,0,0,0
Z3,15,8, 4K,91896.0,0.001202,76452579.034942,91896000.0,1.139187,2,3.860877,35007470.289246,35007470.289246,1720689046.5727875,4374104314.909208,55556220.9729969,5605998972.9723,32140151656.336502,0,0,0
Z3,16,8, 4K,51968.0,0.000959,54189781.021898,51968000.0,1.139187,2,3.860877,30554910.686638,30554910.686638,1720689046.5727875,4374104314.909208,55556220.9729969,5605998972.9723,32140151656.336502,0,0,0
Z3,17,8, 4K,33024.0,0.000987,33458966.56535,33024000.0,1.139187,2,3.860877,26408747.795328,26408747.795328,1720689046.5727875,4374104314.909208,55556220.9729969,5605998972.9723,32140151656.336502,0,0,0
Z3,18,8, 4K,183840.0,0.001796,102360801.781737,183840000.0,1.139187,2,3.860877,40189114.838606,40189114.838606,1720689046.5727875,4374104314.909208,55556220.9729969,5605998972.9723,32140151656.336502,0,0,0
Z3,19,8, 4K,154184.0,0.001444,106775623.268698,154184000.0,1.139187,2,3.860877,41072079.135998,41072079.135998,1720689046.5727875,4374104314.909208,55556220.9729969,5605998972.9723,32140151656.336502,0,0,0
Z3,20,8, 4K,155104.0,0.001618,95861557.478368,155104000.0,1.139187,2,3.860877,38889265.977932,38889265.977932,1720689046.5727875,4374104314.909208,55556220.9729969,5605998972.9723,32140151656.336502,0,0,0
Z3,21,8, 4K,164936.0,0.001396,118148997.13467,164936000.0,1.139187,2,3.860877,43346753.909192,43346753.909192,1720689046.5727875,4374104314.909208,55556220.9729969,5605998972.9723,32140151656.336502,0,0,0
Z3,22,8, 4K,148008.0,0.001627,90969883.220652,148008000.0,1.139187,2,3.860877,37910931.126388,37910931.126388,1720689046.5727875,4374104314.909208,55556220.9729969,5605998972.9723,32140151656.336502,0,0,0
Z3,23,8, 4K,158128.0,0.001626,97249692.496925,158128000.0,1.139187,2,3.860877,39166892.981643,39166892.981643,1720689046.5727875,4374104314.909208,55556220.9729969,5605998972.9723,32140151656.336502,0,0,0
Z3,24,8, 4K,212408.0,0.001722,123349593.495935,212408000.0,1.139187,2,3.860877,44386873.181445,44386873.181445,1720689046.5727875,4374104314.909208,55556220.9729969,5605998972.9723,32140151656.336502,0,0,0
Z3,25,8, 4K,148464.0,0.001631,91026364.193746,148464000.0,1.139187,2,3.860877,37922227.321007,37922227.321007,1720689046.5727875,4374104314.909208,55556220.9729969,5605998972.9723,32140151656.336502,0,0,0
Z3,26,8, 4K,105600.0,0.001793,58895705.521472,105600000.0,1.139187,2,3.860877,31496095.586553,31496095.586553,1720689046.5727875,4374104314.909208,55556220.9729969,5605998972.9723,32140151656.336502,0,0,0
Z3,27,8, 4K,99296.0,0.001414,70223479.490806,99296000.0,1.139187,2,3.860877,33761650.380419,33761650.380419,1720689046.5727875,4374104314.909208,55556220.9729969,5605998972.9723,32140151656.336502,0,0,0
Z3,28,8, 4K,81552.0,0.001267,64366219.415943,81552000.0,1.139187,2,3.860877,32590198.365447,32590198.365447,1720689046.5727875,4374104314.909208,55556220.9729969,5605998972.9723,32140151656.336502,0,0,0
Z3,29,8, 4K,74800.0,0.001315,56882129.277567,74800000.0,1.139187,2,3.860877,31093380.337771,31093380.337771,1720689046.5727875,4374104314.909208,55556220.9729969,5605998972.9723,32140151656.336502,0,0,0
Z3,30,8, 4K,60904.0,0.001501,40575616.255829,60904000.0,1.139187,2,3.860877,27832077.733424,27832077.733424,1720689046.5727875,4374104314.909208,55556220.9729969,5605998972.9723,32140151656.336502,0,0,0
Z3,31,8, 4K,56704.0,0.001087,52165593.376265,56704000.0,1.139187,2,3.860877,30150073.157511,30150073.157511,1720689046.5727875,4374104314.909208,55556220.9729969,5605998972.9723,32140151656.336502,0,0,0
Z3,32,8, 4K,77872.0,0.001266,61510268.562401,77872000.0,1.139187,2,3.860877,32019008.194738,32019008.194738,1720689046.5727875,4374104314.909208,55556220.9729969,5605998972.9723,32140151656.336502,0,0,0
Z3,33,8, 4K,87632.0,0.001594,54976160.602258,87632000.0,1.139187,2,3.860877,30712186.60271,30712186.60271,1720689046.5727875,4374104314.909208,55556220.9729969,5605998972.9723,32140151656.336502,0,0,0
Z3,34,8, 4K,57472.0,0.000991,57993945.509586,57472000.0,1.139187,2,3.860877,31315743.584175,31315743.584175,1720689046.5727875,4374104314.909208,55556220.9729969,5605998972.9723,32140151656.336502,0,0,0
Z3,35,8, 4K,71616.0,0.001084,66066420.664207,71616000.0,1.139187,2,3.860877,32930238.615099,32930238.615099,1720689046.5727875,4374104314.909208,55556220.9729969,5605998972.9723,32140151656.336502,0,0,0
Z3,36,8, 4K,59800.0,0.001133,52780229.479259,59800000.0,1.139187,2,3.860877,30273000.37811,30273000.37811,1720689046.5727875,4374104314.909208,55556220.9729969,5605998972.9723,32140151656.336502,0,0,0
Z3,37,8, 4K,54240.0,0.001295,41884169.88417,54240000.0,1.139187,2,3.860877,28093788.459092,28093788.459092,1720689046.5727875,4374104314.909208,55556220.9729969,5605998972.9723,32140151656.336502,0,0,0
Z3,38,8, 4K,48376.0,0.001289,37529868.114818,48376000.0,1.139187,2,3.860877,27222928.105222,27222928.105222,1720689046.5727875,4374104314.909208,55556220.9729969,5605998972.9723,32140151656.336502,0,0,0
Z1,0,9, 4K,143136.0,0.025676,5574700.109051,5725440.0,1.005744,2,3.99432,25658588.847753,25658588.847753,1720689046.5727875,4374104314.909208,55556220.9729969,5605998972.9723,32140151656.336502,0,0,0
Z2,0,9, 4K,6624.0,0.02186,303019.213175,315424.0,1.005744,2,3.99432,24604252.668577,24604252.668577,1720689046.5727875,4374104314.909208,55556220.9729969,5605998972.9723,32140151656.336502,0,0,0
Z2,1,9, 4K,13352.0,0.000867,15400230.680507,13352000.0,1.005744,2,3.99432,27623694.962044,27623694.962044,1720689046.5727875,4374104314.909208,55556220.9729969,5605998972.9723,32140151656.336502,0,0,0
Z2,2,9, 4K,12808.0,0.000874,14654462.242563,12808000.0,1.005744,2,3.99432,27474541.274455,27474541.274455,1720689046.5727875,4374104314.909208,55556220.9729969,5605998972.9723,32140151656.336502,0,0,0
Z2,3,9, 4K,62864.0,0.001077,58369545.032498,62864000.0,1.005744,2,3.99432,36217557.832442,36217557.832442,1720689046.5727875,4374104314.909208,55556220.9729969,5605998972.9723,32140151656.336502,0,0,0
Z2,4,9, 4K,158280.0,0.001434,110376569.037657,158280000.0,1.005744,2,3.99432,46618962.633474,46618962.633474,1720689046.5727875,4374104314.909208,55556220.9729969,5605998972.9723,32140151656.336502,0,0,0
Z2,5,9, 4K,143784.0,0.001352,106349112.426036,143784000.0,1.005744,2,3.99432,45813471.311149,45813471.311149,1720689046.5727875,4374104314.909208,55556220.9729969,5605998972.9723,32140151656.336502,0,0,0
Z2,6,9, 4K,59784.0,0.001018,58726915.520629,59784000.0,1.005744,2,3.99432,36289031.930068,36289031.930068,1720689046.5727875,4374104314.909208,55556220.9729969,5605998972.9723,32140151656.336502,0,0,0
Z2,7,9, 4K,59624.0,0.001002,59504990.01996,59624000.0,1.005744,2,3.99432,36444646.829934,36444646.829934,1720689046.5727875,4374104314.909208,55556220.9729969,5605998972.9723,32140151656.336502,0,0,0
Z3,0,9, 4K,19152.0,0.025786,742728.612425,766080.0,1.005744,2,3.99432,24692194.548427,24692194.548427,1720689046.5727875,4374104314.909208,55556220.9729969,5605998972.9723,32140151656.336502,0,0,0
Z3,1,9, 4K,15048.0,0.001494,10072289.156627,15048000.0,1.005744,2,3.99432,26558106.657268,26558106.657268,1720689046.5727875,4374104314.909208,55556220.9729969,5605998972.9723,32140151656.336502,0,0,0
Z3,2,9, 4K,13656.0,0.000939,14543130.990415,13656000.0,1.005744,2,3.99432,27452275.024025,27452275.024025,1720689046.5727875,4374104314.909208,55556220.9729969,5605998972.9723,32140151656.336502,0,0,0
Z3,3,9, 4K,15568.0,0.004043,3850605.985654,3892000.0,1.005744,2,3.99432,25313770.023073,25313770.023073,1720689046.5727875,4374104314.909208,55556220.9729969,5605998972.9723,32140151656.336502,0,0,0
Z3,4,9, 4K,19992.0,0.001687,11850622.406639,19992000.0,1.005744,2,3.99432,26913773.30727,26913773.30727,1720689046.5727875,4374104314.909208,55556220.9729969,5605998972.9723,32140151656.336502,0,0,0
Z3,5,9, 4K,43816.0,0.001271,34473642.800944,43816000.0,1.005744,2,3.99432,31438377.386131,31438377.386131,1720689046.5727875,4374104314.909208,55556220.9729969,5605998972.9723,32140151656.336502,0,0,0
Z3,6,9, 4K,32640.0,0.001337,24412864.622289,32640000.0,1.005744,2,3.99432,29426221.7504,29426221.7504,1720689046.5727875,4374104314.909208,55556220.9729969,5605998972.9723,32140151656.336502,0,0,0
Z3,7,9, 4K,13112.0,0.000909,14424642.464246,13112000.0,1.005744,2,3.99432,27428577.318792,27428577.318792,1720689046.5727875,4374104314.909208,55556220.9729969,5605998972.9723,32140151656.336502,0,0,0
Z3,8,9, 4K,12720.0,0.00164,7756097.560976,12720000.0,1.005744,2,3.99432,26094868.338137,26094868.338137,1720689046.5727875,4374104314.909208,55556220.9729969,5605998972.9723,32140151656.336502,0,0,0
Z3,9,9, 4K,11704.0,0.00107,10938317.757009,11704000.0,1.005744,2,3.99432,26731312.377344,26731312.377344,1720689046.5727875,4374104314.909208,55556220.9729969,5605998972.9723,32140151656.336502,0,0,0
Z3,10,9, 4K,56456.0,0.001299,43461123.941493,56456000.0,1.005744,2,3.99432,33235873.614241,33235873.614241,1720689046.5727875,4374104314.909208,55556220.9729969,5605998972.9723,32140151656.336502,0,0,0
Z3,11,9, 4K,42936.0,0.000835,51420359.281437,42936000.0,1.005744,2,3.99432,34827720.68223,34827720.68223,1720689046.5727875,4374104314.909208,55556220.9729969,5605998972.9723,32140151656.336502,0,0,0
Z3,12,9, 4K,49664.0,0.00115,43186086.956522,49664000.0,1.005744,2,3.99432,33180866.217247,33180866.217247,1720689046.5727875,4374104314.909208,55556220.9729969,5605998972.9723,32140151656.336502,0,0,0
Z3,13,9, 4K,55832.0,0.001084,51505535.055351,55832000.0,1.005744,2,3.99432,34844755.837012,34844755.837012,1720689046.5727875,4374104314.909208,55556220.9729969,5605998972.9723,32140151656.336502,0,0,0
Z3,14,9, 4K,101440.0,0.0016,63400000.0,101440000.0,1.005744,2,3.99432,37223648.825942,37223648.825942,1720689046.5727875,4374104314.909208,55556220.9729969,5605998972.9723,32140151656.336502,0,0,0
Z3,15,9, 4K,127064.0,0.001453,87449415.003441,127064000.0,1.005744,2,3.99432,42033531.826631,42033531.826631,1720689046.5727875,4374104314.909208,55556220.9729969,5605998972.9723,32140151656.336502,0,0,0
Z3,16,9, 4K,186256.0,0.001768,105348416.289593,186256000.0,1.005744,2,3.99432,45613332.083861,45613332.083861,1720689046.5727875,4374104314.909208,55556220.9729969,5605998972.9723,32140151656.336502,0,0,0
Z3,17,9, 4K,117264.0,0.001558,75265725.288832,117264000.0,1.005744,2,3.99432,39596793.883709,39596793.883709,1720689046.5727875,4374104314.909208,55556220.9729969,5605998972.9723,32140151656.336502,0,0,0
Z3,18,9, 4K,90064.0,0.001266,71140600.315956,90064000.0,1.005744,2,3.99432,38771768.889134,38771768.889134,1720689046.5727875,4374104314.909208,55556220.9729969,5605998972.9723,32140151656.336502,0,0,0
Z3,19,9, 4K,46808.0,0.001506,31081009.296149,46808000.0,1.005744,2,3.99432,30759850.685172,30759850.685172,1720689046.5727875,4374104314.909208,55556220.9729969,5605998972.9723,32140151656.336502,0,0,0
Z3,20,9, 4K,65080.0,0.000997,65275827.482447,65080000.0,1.005744,2,3.99432,37598814.322432,37598814.322432,1720689046.5727875,4374104314.909208,55556220.9729969,5605998972.9723,32140151656.336502,0,0,0
Z3,21,9, 4K,210712.0,0.00176,119722727.272727,210712000.0,1.005744,2,3.99432,48488194.280488,48488194.280488,1720689046.5727875,4374104314.909208,55556220.9729969,5605998972.9723,32140151656.336502,0,0,0
Z3,22,9, 4K,212696.0,0.001984,107205645.16129,212696000.0,1.005744,2,3.99432,45984777.8582,45984777.8582,1720689046.5727875,4374104314.909208,55556220.9729969,5605998972.9723,32140151656.336502,0,0,0
Z3,23,9, 4K,204264.0,0.00196,104216326.530612,204264000.0,1.005744,2,3.99432,45386914.132065,45386914.132065,1720689046.5727875,4374104314.909208,55556220.9729969,5605998972.9723,32140151656.336502,0,0,0
Z3,24,9, 4K,225960.0,0.001989,113604826.546003,225960000.0,1.005744,2,3.99432,47264614.135143,47264614.135143,1720689046.5727875,4374104314.909208,55556220.9729969,5605998972.9723,32140151656.336502,0,0,0
Z3,25,9, 4K,199056.0,0.001639,121449664.42953,199056000.0,1.005744,2,3.99432,48833581.711848,48833581.711848,1720689046.5727875,4374104314.909208,55556220.9729969,5605998972.9723,32140151656.336502,0,0,0
Z3,26,9, 4K,204104.0,0.001978,103187057.633974,204104000.0,1.005744,2,3.99432,45181060.352737,45181060.352737,1720689046.5727875,4374104314.909208,55556220.9729969,5605998972.9723,32140151656.336502,0,0,0
Z3,27,9, 4K,264656.0,0.002581,102540100.736149,132328000.0,1.005744,2,3.99432,45051668.973172,45051668.973172,1720689046.5727875,4374104314.909208,55556220.9729969,5605998972.9723,32140151656.336502,0,0,0
Z3,28,9, 4K,229440.0,0.001899,120821484.992101,229440000.0,1.005744,2,3.99432,48707945.824363,48707945.824363,1720689046.5727875,4374104314.909208,55556220.9729969,5605998972.9723,32140151656.336502,0,0,0
Z3,29,9, 4K,144400.0,0.001547,93341952.165482,144400000.0,1.005744,2,3.99432,43212039.259039,43212039.259039,1720689046.5727875,4374104314.909208,55556220.9729969,5605998972.9723,32140151656.336502,0,0,0
Z3,30,9, 4K,71424.0,0.001091,65466544.454629,71424000.0,1.005744,2,3.99432,37636957.716868,37636957.716868,1720689046.5727875,4374104314.909208,55556220.9729969,5605998972.9723,32140151656.336502,0,0,0
Z3,31,9, 4K,71768.0,0.001132,63399293.286219,71768000.0,1.005744,2,3.99432,37223507.483186,37223507.483186,1720689046.5727875,4374104314.909208,55556220.9729969,5605998972.9723,32140151656.336502,0,0,0
Z3,32,9, 4K,78016.0,0.001343,58090841.399851,78016000.0,1.005744,2,3.99432,36161817.105913,36161817.105913,1720689046.5727875,4374104314.909208,55556220.9729969,5605998972.9723,32140151656.336502,0,0,0
Z3,33,9, 4K,85112.0,0.001714,49656942.823804,85112000.0,1.005744,2,3.99432,34475037.390703,34475037.390703,1720689046.5727875,4374104314.909208,55556220.9729969,5605998972.9723,32140151656.336502,0,0,0
Z3,34,9, 4K,105792.0,0.001368,77333333.333333,105792000.0,1.005744,2,3.99432,40010315.492609,40010315.492609,1720689046.5727875,4374104314.909208,55556220.9729969,5605998972.9723,32140151656.336502,0,0,0
Z3,35,9, 4K,59104.0,0.001234,47896272.285251,59104000.0,1.005744,2,3.99432,34122903.282993,34122903.282993,1720689046.5727875,4374104314.909208,55556220.9729969,5605998972.9723,32140151656.336502,0,0,0
Z3,36,9, 4K,89744.0,0.001899,47258557.135334,89744000.0,1.005744,2,3.99432,33995360.253009,33995360.253009,1720689046.5727875,4374104314.909208,55556220.9729969,5605998972.9723,32140151656.336502,0,0,0
Z3,37,9, 4K,82576.0,0.001572,52529262.086514,82576000.0,1.005744,2,3.99432,35049501.243245,35049501.243245,1720689046.5727875,4374104314.909208,55556220.9729969,5605998972.9723,32140151656.336502,0,0,0
Z3,38,9, 4K,72616.0,0.001328,54680722.891566,72616000.0,1.005744,2,3.99432,35479793.404256,35479793.404256,1720689046.5727875,4374104314.909208,55556220.9729969,5605998972.9723,32140151656.336502,0,0,0
Z1,0,10, 4K,91896.0,0.022642,4058652.062539,4177088.0,1.0,2,5.140747,26937543.445989,26937543.445989,1720689046.5727875,4374104314.909208,55556220.9729969,5605998972.9723,32140151656.336502,0,0,0
Z2,0,10, 4K,11528.0,0.024505,470434.605183,480328.0,1.0,2,5.140747,26219899.954518,26219899.954518,1720689046.5727875,4374104314.909208,55556220.9729969,5605998972.9723,32140151656.336502,0,0,0
Z2,1,10, 4K,75360.0,0.001051,71703139.866794,75360000.0,1.0,2,5.140747,40466441.00684,40466441.00684,1720689046.5727875,4374104314.909208,55556220.9729969,5605998972.9723,32140151656.336502,0,0,0
Z2,2,10, 4K,99416.0,0.001379,72092820.884699,99416000.0,1.0,2,5.140747,40544377.210421,40544377.210421,1720689046.5727875,4374104314.909208,55556220.9729969,5605998972.9723,32140151656.336502,0,0,0
Z2,3,10, 4K,176696.0,0.001489,118667562.12223,176696000.0,1.0,2,5.140747,49859325.457927,49859325.457927,1720689046.5727875,4374104314.909208,55556220.9729969,5605998972.9723,32140151656.336502,0,0,0
Z2,4,10, 4K,150256.0,0.001205,124693775.93361,150256000.0,1.0,2,5.140747,51064568.220203,51064568.220203,1720689046.5727875,4374104314.909208,55556220.9729969,5605998972.9723,32140151656.336502,0,0,0
Z2,5,10, 4K,171632.0,0.001695,101257817.109145,171632000.0,1.0,2,5.140747,46377376.45531,46377376.45531,1720689046.5727875,4374104314.909208,55556220.9729969,5605998972.9723,32140151656.336502,0,0,0
Z2,6,10, 4K,75936.0,0.001124,67558718.86121,75936000.0,1.0,2,5.140747,39637556.805723,39637556.805723,1720689046.5727875,4374104314.909208,55556220.9729969,5605998972.9723,32140151656.336502,0,0,0
Z2,7,10, 4K,96152.0,0.00118,81484745.762712,96152000.0,1.0,2,5.140747,42422762.186024,42422762.186024,1720689046.5727875,4374104314.909208,55556220.9729969,5605998972.9723,32140151656.336502,0,0,0
Z3,0,10, 4K,6624.0,0.02434,272144.617913,276000.0,1.0,2,5.140747,26180241.957064,26180241.957064,1720689046.5727875,4374104314.909208,55556220.9729969,5605998972.9723,32140151656.336502,0,0,0
Z3,1,10, 4K,21424.0,0.001412,15172804.532578,21424000.0,1.0,2,5.140747,29160373.939997,29160373.939997,1720689046.5727875,4374104314.909208,55556220.9729969,5605998972.9723,32140151656.336502,0,0,0
Z3,2,10, 4K,61888.0,0.00125,49510400.0,61888000.0,1.0,2,5.140747,36027893.033481,36027893.033481,1720689046.5727875,4374104314.909208,55556220.9729969,5605998972.9723,32140151656.336502,0,0,0
Z3,3,10, 4K,32688.0,0.001273,25677926.15868,32688000.0,1.0,2,5.140747,31261398.265217,31261398.265217,1720689046.5727875,4374104314.909208,55556220.9729969,5605998972.9723,32140151656.336502,0,0,0
Z3,4,10, 4K,21168.0,0.001171,18076857.386849,21168000.0,1.0,2,5.140747,29741184.510851,29741184.510851,1720689046.5727875,4374104314.909208,55556220.9729969,5605998972.9723,32140151656.336502,0,0,0
Z3,5,10, 4K,28472.0,0.001468,19395095.367847,28472000.0,1.0,2,5.140747,30004832.107051,30004832.107051,1720689046.5727875,4374104314.909208,55556220.9729969,5605998972.9723,32140151656.336502,0,0,0
Z3,6,10, 4K,45352.0,0.000978,46372188.139059,45352000.0,1.0,2,5.140747,35400250.661293,35400250.661293,1720689046.5727875,4374104314.909208,55556220.9729969,5605998972.9723,32140151656.336502,0,0,0
Z3,7,10, 4K,72936.0,0.001242,58724637.681159,72936000.0,1.0,2,5.140747,37870740.569713,37870740.569713,1720689046.5727875,4374104314.909208,55556220.9729969,5605998972.9723,32140151656.336502,0,0,0
Z3,8,10, 4K,27848.0,0.000964,28887966.804979,27848000.0,1.0,2,5.140747,31903406.394477,31903406.394477,1720689046.5727875,4374104314.909208,55556220.9729969,5605998972.9723,32140151656.336502,0,0,0
Z3,9,10, 4K,13192.0,0.001088,12125000.0,13192000.0,1.0,2,5.140747,28550813.033481,28550813.033481,1720689046.5727875,4374104314.909208,55556220.9729969,5605998972.9723,32140151656.336502,0,0,0
Z3,10,10, 4K,11896.0,0.000933,12750267.95284,11896000.0,1.0,2,5.140747,28675866.624049,28675866.624049,1720689046.5727875,4374104314.909208,55556220.9729969,5605998972.9723,32140151656.336502,0,0,0
Z3,11,10, 4K,11408.0,0.001022,11162426.614481,11408000.0,1.0,2,5.140747,28358298.356378,28358298.356378,1720689046.5727875,4374104314.909208,55556220.9729969,5605998972.9723,32140151656.336502,0,0,0
Z3,12,10, 4K,100176.0,0.001233,81245742.092457,100176000.0,1.0,2,5.140747,42374961.451973,42374961.451973,1720689046.5727875,4374104314.909208,55556220.9729969,5605998972.9723,32140151656.336502,0,0,0
Z3,13,10, 4K,71264.0,0.001257,56693715.194909,71264000.0,1.0,2,5.140747,37464556.072463,37464556.072463,1720689046.5727875,4374104314.909208,55556220.9729969,5605998972.9723,32140151656.336502,0,0,0
Z3,14,10, 4K,87864.0,0.00123,71434146.341463,87864000.0,1.0,2,5.140747,40412642.301774,40412642.301774,1720689046.5727875,4374104314.909208,55556220.9729969,5605998972.9723,32140151656.336502,0,0,0
Z3,15,10, 4K,125616.0,0.001462,85920656.634747,125616000.0,1.0,2,5.140747,43309944.360431,43309944.360431,1720689046.5727875,4374104314.909208,55556220.9729969,5605998972.9723,32140151656.336502,0,0,0
Z3,16,10, 4K,148008.0,0.001761,84047700.170358,148008000.0,1.0,2,5.140747,42935353.067553,42935353.067553,1720689046.5727875,4374104314.909208,55556220.9729969,5605998972.9723,32140151656.336502,0,0,0
Z3,17,10, 4K,196960.0,0.001823,108041689.522765,196960000.0,1.0,2,5.140747,47734150.938034,47734150.938034,1720689046.5727875,4374104314.909208,55556220.9729969,5605998972.9723,32140151656.336502,0,0,0
Z3,18,10, 4K,128568.0,0.001493,86113864.701942,128568000.0,1.0,2,5.140747,43348585.97387,43348585.97387,1720689046.5727875,4374104314.909208,55556220.9729969,5605998972.9723,32140151656.336502,0,0,0
Z3,19,10, 4K,101392.0,0.00139,72943884.892086,101392000.0,1.0,2,5.140747,40714590.011899,40714590.011899,1720689046.5727875,4374104314.909208,55556220.9729969,5605998972.9723,32140151656.336502,0,0,0
Z3,20,10, 4K,96624.0,0.001293,74728538.283063,96624000.0,1.0,2,5.140747,41071520.690094,41071520.690094,1720689046.5727875,4374104314.909208,55556220.9729969,5605998972.9723,32140151656.336502,0,0,0
Z3,21,10, 4K,235888.0,0.001873,125941270.688735,235888000.0,1.0,2,5.140747,51314067.171228,51314067.171228,1720689046.5727875,4374104314.909208,55556220.9729969,5605998972.9723,32140151656.336502,0,0,0
Z3,22,10, 4K,238056.0,0.002134,111553889.40956,119028000.0,1.0,2,5.140747,48436590.915393,48436590.915393,1720689046.5727875,4374104314.909208,55556220.9729969,5605998972.9723,32140151656.336502,0,0,0
Z3,23,10, 4K,231240.0,0.005544,41709956.709957,46248000.0,1.0,2,5.140747,34467804.375473,34467804.375473,1720689046.5727875,4374104314.909208,55556220.9729969,5605998972.9723,32140151656.336502,0,0,0
Z3,24,10, 4K,299680.0,0.00212,141358490.566038,149840000.0,1.0,2,5.140747,54397511.146689,54397511.146689,1720689046.5727875,4374104314.909208,55556220.9729969,5605998972.9723,32140151656.336502,0,0,0
Z3,25,10, 4K,228120.0,0.0017,134188235.294118,228120000.0,1.0,2,5.140747,52963460.092305,52963460.092305,1720689046.5727875,4374104314.909208,55556220.9729969,5605998972.9723,32140151656.336502,0,0,0
Z3,26,10, 4K,227320.0,0.001721,132085996.513655,227320000.0,1.0,2,5.140747,52543012.336212,52543012.336212,1720689046.5727875,4374104314.909208,55556220.9729969,5605998972.9723,32140151656.336502,0,0,0
Z3,27,10, 4K,304072.0,0.002044,148763209.393346,152036000.0,1.0,2,5.140747,55878454.912151,55878454.912151,1720689046.5727875,4374104314.909208,55556220.9729969,5605998972.9723,32140151656.336502,0,0,0
Z3,28,10, 4K,353400.0,0.002362,149618966.977138,176700000.0,1.0,2,5.140747,56049606.428909,56049606.428909,1720689046.5727875,4374104314.909208,55556220.9729969,5605998972.9723,32140151656.336502,0,0,0
Z3,29,10, 4K,172656.0,0.001588,108725440.806045,172656000.0,1.0,2,5.140747,47870901.19469,47870901.19469,1720689046.5727875,4374104314.909208,55556220.9729969,5605998972.9723,32140151656.336502,0,0,0
Z3,30,10, 4K,98848.0,0.001301,75978478.093774,98848000.0,1.0,2,5.140747,41321508.652236,41321508.652236,1720689046.5727875,4374104314.909208,55556220.9729969,5605998972.9723,32140151656.336502,0,0,0
Z3,31,10, 4K,91496.0,0.001385,66062093.862816,91496000.0,1.0,2,5.140747,39338231.806045,39338231.806045,1720689046.5727875,4374104314.909208,55556220.9729969,5605998972.9723,32140151656.336502,0,0,0
Z3,32,10, 4K,97576.0,0.001394,69997130.559541,97576000.0,1.0,2,5.140747,40125239.14539,40125239.14539,1720689046.5727875,4374104314.909208,55556220.9729969,5605998972.9723,32140151656.336502,0,0,0
Z3,33,10, 4K,97704.0,0.001529,63900588.620013,97704000.0,1.0,2,5.140747,38905930.757484,38905930.757484,1720689046.5727875,4374104314.909208,55556220.9729969,5605998972.9723,32140151656.336502,0,0,0
Z3,34,10, 4K,88320.0,0.001369,64514243.973703,88320000.0,1.0,2,5.140747,39028661.828222,39028661.828222,1720689046.5727875,4374104314.909208,55556220.9729969,5605998972.9723,32140151656.336502,0,0,0
Z3,35,10, 4K,87440.0,0.001355,64531365.313653,87440000.0,1.0,2,5.140747,39032086.096212,39032086.096212,1720689046.5727875,4374104314.909208,55556220.9729969,5605998972.9723,32140151656.336502,0,0,0
Z3,36,10, 4K,104440.0,0.001608,64950248.756219,104440000.0,1.0,2,5.140747,39115862.784725,39115862.784725,1720689046.5727875,4374104314.909208,55556220.9729969,5605998972.9723,32140151656.336502,0,0,0
Z3,37,10, 4K,121960.0,0.001526,79921363.040629,121960000.0,1.0,2,5.140747,42110085.641607,42110085.641607,1720689046.5727875,4374104314.909208,55556220.9729969,5605998972.9723,32140151656.336502,0,0,0
Z3,38,10, 4K,101328.0,0.00185,54771891.891892,101328000.0,1.0,2,5.140747,37080191.41186,37080191.41186,1720689046.5727875,4374104314.909208,55556220.9729969,5605998972.9723,32140151656.336502,0,0,0
Z1,0,11, 4K,187144.0,0.022019,8499205.231845,8506544.0,1.853436,2,5.287311,33635387.452212,33635387.452212,1720689046.5727875,4374104314.909208,55556220.9729969,5605998972.9723,32140151656.336502,0,0,0
Z2,0,11, 4K,6624.0,0.027564,240313.452329,245328.0,1.853436,2,5.287311,31983609.096309,31983609.096309,1720689046.5727875,4374104314.909208,55556220.9729969,5605998972.9723,32140151656.336502,0,0,0
Z2,1,11, 4K,30984.0,0.000692,44774566.473988,30984000.0,1.853436,2,5.287311,40890459.700641,40890459.700641,1720689046.5727875,4374104314.909208,55556220.9729969,5605998972.9723,32140151656.336502,0,0,0
Z2,2,11, 4K,15416.0,0.001716,8983682.983683,15416000.0,1.853436,2,5.287311,33732283.002579,33732283.002579,1720689046.5727875,4374104314.909208,55556220.9729969,5605998972.9723,32140151656.336502,0,0,0
Z2,3,11, 4K,106528.0,0.00167,63789221.556886,106528000.0,1.853436,2,5.287311,44693390.71722,44693390.71722,1720689046.5727875,4374104314.909208,55556220.9729969,5605998972.9723,32140151656.336502,0,0,0
Z2,4,11, 4K,207096.0,0.001855,111642048.51752,207096000.0,1.853436,2,5.287311,54263956.109347,54263956.109347,1720689046.5727875,4374104314.909208,55556220.9729969,5605998972.9723,32140151656.336502,0,0,0
Z2,5,11, 4K,144872.0,0.001478,98018944.519621,144872000.0,1.853436,2,5.287311,51539335.309767,51539335.309767,1720689046.5727875,4374104314.909208,55556220.9729969,5605998972.9723,32140151656.336502,0,0,0
Z2,6,11, 4K,96736.0,0.001546,62571798.188875,96736000.0,1.853436,2,5.287311,44449906.043618,44449906.043618,1720689046.5727875,4374104314.909208,55556220.9729969,5605998972.9723,32140151656.336502,0,0,0
Z2,7,11, 4K,148752.0,0.001453,102375774.260151,148752000.0,1.853436,2,5.287311,52410701.257873,52410701.257873,1720689046.5727875,4374104314.909208,55556220.9729969,5605998972.9723,32140151656.336502,0,0,0
Z3,0,11, 4K,34936.0,0.023326,1497727.857327,1518952.0,1.853436,2,5.287311,32235091.977308,32235091.977308,1720689046.5727875,4374104314.909208,55556220.9729969,5605998972.9723,32140151656.336502,0,0,0
Z3,1,11, 4K,27632.0,0.003776,7317796.610169,9210664.0,1.853436,2,5.287311,33399105.727877,33399105.727877,1720689046.5727875,4374104314.909208,55556220.9729969,5605998972.9723,32140151656.336502,0,0,0
Z3,2,11, 4K,23520.0,0.001027,22901655.306719,23520000.0,1.853436,2,5.287311,36515877.467187,36515877.467187,1720689046.5727875,4374104314.909208,55556220.9729969,5605998972.9723,32140151656.336502,0,0,0
Z3,3,11, 4K,31368.0,0.001067,29398313.027179,31368000.0,1.853436,2,5.287311,37815209.011279,37815209.011279,1720689046.5727875,4374104314.909208,55556220.9729969,5605998972.9723,32140151656.336502,0,0,0
Z3,4,11, 4K,54312.0,0.001198,45335559.265442,54312000.0,1.853436,2,5.287311,41002658.258931,41002658.258931,1720689046.5727875,4374104314.909208,55556220.9729969,5605998972.9723,32140151656.336502,0,0,0
Z3,5,11, 4K,40752.0,0.0011,37047272.727273,40752000.0,1.853436,2,5.287311,39345000.951297,39345000.951297,1720689046.5727875,4374104314.909208,55556220.9729969,5605998972.9723,32140151656.336502,0,0,0
Z3,6,11, 4K,38360.0,0.00107,35850467.28972,38360000.0,1.853436,2,5.287311,39105639.863787,39105639.863787,1720689046.5727875,4374104314.909208,55556220.9729969,5605998972.9723,32140151656.336502,0,0,0
Z3,7,11, 4K,36560.0,0.000836,43732057.416268,36560000.0,1.853436,2,5.287311,40681957.889096,40681957.889096,1720689046.5727875,4374104314.909208,55556220.9729969,5605998972.9723,32140151656.336502,0,0,0
Z3,8,11, 4K,21080.0,0.001117,18871978.513876,21080000.0,1.853436,2,5.287311,35709942.108618,35709942.108618,1720689046.5727875,4374104314.909208,55556220.9729969,5605998972.9723,32140151656.336502,0,0,0
Z3,9,11, 4K,20560.0,0.001082,19001848.428835,20560000.0,1.853436,2,5.287311,35735916.09161,35735916.09161,1720689046.5727875,4374104314.909208,55556220.9729969,5605998972.9723,32140151656.336502,0,0,0
Z3,10,11, 4K,91920.0,0.001547,59418228.829994,91920000.0,1.853436,2,5.287311,43819192.171842,43819192.171842,1720689046.5727875,4374104314.909208,55556220.9729969,5605998972.9723,32140151656.336502,0,0,0
Z3,11,11, 4K,138720.0,0.001543,89902786.779002,138720000.0,1.853436,2,5.287311,49916103.761643,49916103.761643,1720689046.5727875,4374104314.909208,55556220.9729969,5605998972.9723,32140151656.336502,0,0,0
Z3,12,11, 4K,120856.0,0.001357,89061164.333088,120856000.0,1.853436,2,5.287311,49747779.27246,49747779.27246,1720689046.5727875,4374104314.909208,55556220.9729969,5605998972.9723,32140151656.336502,0,0,0
Z3,13,11, 4K,114584.0,0.001506,76084993.359894,114584000.0,1.853436,2,5.287311,47152545.077822,47152545.077822,1720689046.5727875,4374104314.909208,55556220.9729969,5605998972.9723,32140151656.336502,0,0,0
Z3,14,11, 4K,144272.0,0.001582,91195954.48799,144272000.0,1.853436,2,5.287311,50174737.303441,50174737.303441,1720689046.5727875,4374104314.909208,55556220.9729969,5605998972.9723,32140151656.336502,0,0,0
Z3,15,11, 4K,138616.0,0.001426,97206171.107994,138616000.0,1.853436,2,5.287311,51376780.627442,51376780.627442,1720689046.5727875,4374104314.909208,55556220.9729969,5605998972.9723,32140151656.336502,0,0,0
Z3,16,11, 4K,211528.0,0.002074,101990356.798457,105764000.0,1.853436,2,5.287311,52333617.765534,52333617.765534,1720689046.5727875,4374104314.909208,55556220.9729969,5605998972.9723,32140151656.336502,0,0,0
Z3,17,11, 4K,135616.0,0.001359,99791022.81089,135616000.0,1.853436,2,5.287311,51893750.968021,51893750.968021,1720689046.5727875,4374104314.909208,55556220.9729969,5605998972.9723,32140151656.336502,0,0,0
Z3,18,11, 4K,99488.0,0.001372,72513119.533528,99488000.0,1.853436,2,5.287311,46438170.312548,46438170.312548,1720689046.5727875,4374104314.909208,55556220.9729969,5605998972.9723,32140151656.336502,0,0,0
Z3,19,11, 4K,90224.0,0.001266,71266982.622433,90224000.0,1.853436,2,5.287311,46188942.930329,46188942.930329,1720689046.5727875,4374104314.909208,55556220.9729969,5605998972.9723,32140151656.336502,0,0,0
Z3,20,11, 4K,89648.0,0.001468,61068119.891008,89648000.0,1.853436,2,5.287311,44149170.384045,44149170.384045,1720689046.5727875,4374104314.909208,55556220.9729969,5605998972.9723,32140151656.336502,0,0,0
Z3,21,11, 4K,254456.0,0.00229,111116157.20524,127228000.0,1.853436,2,5.287311,54158777.846891,54158777.846891,1720689046.5727875,4374104314.909208,55556220.9729969,5605998972.9723,32140151656.336502,0,0,0
Z3,22,11, 4K,295200.0,0.002251,131141714.793425,147600000.0,1.853436,2,5.287311,58163889.364528,58163889.364528,1720689046.5727875,4374104314.909208,55556220.9729969,5605998972.9723,32140151656.336502,0,0,0
Z3,23,11, 4K,337696.0,0.002445,138116973.415133,168848000.0,1.853436,2,5.287311,59558941.088869,59558941.088869,1720689046.5727875,4374104314.909208,55556220.9729969,5605998972.9723,32140151656.336502,0,0,0
Z3,24,11, 4K,372720.0,0.002629,141772537.086345,186360000.0,1.853436,2,5.287311,60290053.823112,60290053.823112,1720689046.5727875,4374104314.909208,55556220.9729969,5605998972.9723,32140151656.336502,0,0,0
Z3,25,11, 4K,225672.0,0.002116,106650283.553875,112836000.0,1.853436,2,5.287311,53265603.116618,53265603.116618,1720689046.5727875,4374104314.909208,55556220.9729969,5605998972.9723,32140151656.336502,0,0,0
Z3,26,11, 4K,265312.0,0.002772,95711399.7114,132656000.0,1.853436,2,5.287311,51077826.348123,51077826.348123,1720689046.5727875,4374104314.909208,55556220.9729969,5605998972.9723,32140151656.336502,0,0,0
Z3,27,11, 4K,373248.0,0.002401,155455226.988755,186624000.0,1.853436,2,5.287311,63026591.803594,63026591.803594,1720689046.5727875,4374104314.909208,55556220.9729969,5605998972.9723,32140151656.336502,0,0,0
Z3,28,11, 4K,513952.0,0.002983,172293664.096547,256976000.0,1.853436,2,5.287311,66394279.225152,66394279.225152,1720689046.5727875,4374104314.909208,55556220.9729969,5605998972.9723,32140151656.336502,0,0,0
Z3,29,11, 4K,265808.0,0.001783,149079080.201907,265808000.0,1.853436,2,5.287311,61751362.446224,61751362.446224,1720689046.5727875,4374104314.909208,55556220.9729969,5605998972.9723,32140151656.336502,0,0,0
Z3,30,11, 4K,102392.0,0.001356,75510324.483776,102392000.0,1.853436,2,5.287311,47037611.302598,47037611.302598,1720689046.5727875,4374104314.909208,55556220.9729969,5605998972.9723,32140151656.336502,0,0,0
Z3,31,11, 4K,91552.0,0.001238,73951534.733441,91552000.0,1.853436,2,5.287311,46725853.352531,46725853.352531,1720689046.5727875,4374104314.909208,55556220.9729969,5605998972.9723,32140151656.336502,0,0,0
Z3,32,11, 4K,101968.0,0.001472,69271739.130435,101968000.0,1.853436,2,5.287311,45789894.23193,45789894.23193,1720689046.5727875,4374104314.909208,55556220.9729969,5605998972.9723,32140151656.336502,0,0,0
Z3,33,11, 4K,107392.0,0.001537,69871177.618738,107392000.0,1.853436,2,5.287311,45909781.92959,45909781.92959,1720689046.5727875,4374104314.909208,55556220.9729969,5605998972.9723,32140151656.336502,0,0,0
Z3,34,11, 4K,80560.0,0.001296,62160493.82716,80560000.0,1.853436,2,5.287311,44367645.171275,44367645.171275,1720689046.5727875,4374104314.909208,55556220.9729969,5605998972.9723,32140151656.336502,0,0,0
Z3,35,11, 4K,93112.0,0.00151,61663576.15894,93112000.0,1.853436,2,5.287311,44268261.637631,44268261.637631,1720689046.5727875,4374104314.909208,55556220.9729969,5605998972.9723,32140151656.336502,0,0,0
Z3,36,11, 4K,90024.0,0.001514,59461030.383091,90024000.0,1.853436,2,5.287311,43827752.482461,43827752.482461,1720689046.5727875,4374104314.909208,55556220.9729969,5605998972.9723,32140151656.336502,0,0,0
Z3,37,11, 4K,76112.0,0.001302,58457757.296467,76112000.0,1.853436,2,5.287311,43627097.865136,43627097.865136,1720689046.5727875,4374104314.909208,55556220.9729969,5605998972.9723,32140151656.336502,0,0,0
Z3,38,11, 4K,104384.0,0.001199,87059216.013344,104384000.0,1.853436,2,5.287311,49347389.608512,49347389.608512,1720689046.5727875,4374104314.909208,55556220.9729969,5605998972.9723,32140151656.336502,0,0,0
Z1,0,12, 4K,177168.0,0.021981,8060051.862973,8436568.0,1.701061,2,5.439686,48420350.154919,48420350.154919,1720689046.5727875,4374104314.909208,55556220.9729969,5605998972.9723,32140151656.336502,0,0,0
Z2,0,12, 4K,6624.0,0.021514,307892.535093,315424.0,1.701061,2,5.439686,46869918.289343,46869918.289343,1720689046.5727875,4374104314.909208,55556220.9729969,5605998972.9723,32140151656.336502,0,0,0
Z2,1,12, 4K,20480.0,0.000854,23981264.637002,20480000.0,1.701061,2,5.439686,51604592.709725,51604592.709725,1720689046.5727875,4374104314.909208,55556220.9729969,5605998972.9723,32140151656.336502,0,0,0
Z2,2,12, 4K,11144.0,0.000732,15224043.715847,11144000.0,1.701061,2,5.439686,49853148.525493,49853148.525493,1720689046.5727875,4374104314.909208,55556220.9729969,5605998972.9723,32140151656.336502,0,0,0
Z2,3,12, 4K,104480.0,0.001177,88768054.375531,104480000.0,1.701061,2,5.439686,64561950.65743,64561950.65743,1720689046.5727875,4374104314.909208,55556220.9729969,5605998972.9723,32140151656.336502,0,0,0
Z2,4,12, 4K,214760.0,0.005053,42501484.266772,42952000.0,1.701061,2,5.439686,55308636.635679,55308636.635679,1720689046.5727875,4374104314.909208,55556220.9729969,5605998972.9723,32140151656.336502,0,0,0
Z2,5,12, 4K,256424.0,0.002125,120670117.647059,128212000.0,1.701061,2,5.439686,70942363.311736,70942363.311736,1720689046.5727875,4374104314.909208,55556220.9729969,5605998972.9723,32140151656.336502,0,0,0
Z2,6,12, 4K,80536.0,0.001279,62967943.70602,80536000.0,1.701061,2,5.439686,59401928.523528,59401928.523528,1720689046.5727875,4374104314.909208,55556220.9729969,5605998972.9723,32140151656.336502,0,0,0
Z2,7,12, 4K,97728.0,0.001101,88762942.779292,97728000.0,1.701061,2,5.439686,64560928.338182,64560928.338182,1720689046.5727875,4374104314.909208,55556220.9729969,5605998972.9723,32140151656.336502,0,0,0
Z3,0,12, 4K,19496.0,0.02447,796730.690642,812328.0,1.701061,2,5.439686,46967685.920452,46967685.920452,1720689046.5727875,4374104314.909208,55556220.9729969,5605998972.9723,32140151656.336502,0,0,0
Z3,1,12, 4K,41600.0,0.00098,42448979.591837,41600000.0,1.701061,2,5.439686,55298135.700691,55298135.700691,1720689046.5727875,4374104314.909208,55556220.9729969,5605998972.9723,32140151656.336502,0,0,0
Z3,2,12, 4K,26232.0,0.000822,31912408.759124,26232000.0,1.701061,2,5.439686,53190821.534149,53190821.534149,1720689046.5727875,4374104314.909208,55556220.9729969,5605998972.9723,32140151656.336502,0,0,0
Z3,3,12, 4K,35912.0,0.000839,42803337.306317,35912000.0,1.701061,2,5.439686,55369007.243587,55369007.243587,1720689046.5727875,4374104314.909208,55556220.9729969,5605998972.9723,32140151656.336502,0,0,0
Z3,4,12, 4K,31912.0,0.000925,34499459.459459,31912000.0,1.701061,2,5.439686,53708231.674216,53708231.674216,1720689046.5727875,4374104314.909208,55556220.9729969,5605998972.9723,32140151656.336502,0,0,0
Z3,5,12, 4K,19240.0,0.000855,22502923.976608,19240000.0,1.701061,2,5.439686,51308924.577646,51308924.577646,1720689046.5727875,4374104314.909208,55556220.9729969,5605998972.9723,32140151656.336502,0,0,0
Z3,6,12, 4K,15136.0,0.0009,16817777.777778,15136000.0,1.701061,2,5.439686,50171895.33788,50171895.33788,1720689046.5727875,4374104314.909208,55556220.9729969,5605998972.9723,32140151656.336502,0,0,0
Z3,7,12, 4K,11880.0,0.000894,13288590.604027,11880000.0,1.701061,2,5.439686,49466057.903129,49466057.903129,1720689046.5727875,4374104314.909208,55556220.9729969,5605998972.9723,32140151656.336502,0,0,0
Z3,8,12, 4K,11424.0,0.000848,13471698.113208,11424000.0,1.701061,2,5.439686,49502679.404966,49502679.404966,1720689046.5727875,4374104314.909208,55556220.9729969,5605998972.9723,32140151656.336502,0,0,0
Z3,9,12, 4K,12184.0,0.000894,13628635.346756,12184000.0,1.701061,2,5.439686,49534066.851675,49534066.851675,1720689046.5727875,4374104314.909208,55556220.9729969,5605998972.9723,32140151656.336502,0,0,0
Z3,10,12, 4K,110704.0,0.001576,70243654.822335,110704000.0,1.701061,2,5.439686,60857070.746791,60857070.746791,1720689046.5727875,4374104314.909208,55556220.9729969,5605998972.9723,32140151656.336502,0,0,0
Z3,11,12, 4K,129784.0,0.001345,96493680.297398,129784000.0,1.701061,2,5.439686,66107075.841804,66107075.841804,1720689046.5727875,4374104314.909208,55556220.9729969,5605998972.9723,32140151656.336502,0,0,0
Z3,12,12, 4K,166568.0,0.001489,111865681.665547,166568000.0,1.701061,2,5.439686,69181476.115434,69181476.115434,1720689046.5727875,4374104314.909208,55556220.9729969,5605998972.9723,32140151656.336502,0,0,0
Z3,13,12, 4K,122960.0,0.001089,112910927.456382,122960000.0,1.701061,2,5.439686,69390525.2736,69390525.2736,1720689046.5727875,4374104314.909208,55556220.9729969,5605998972.9723,32140151656.336502,0,0,0
Z3,14,12, 4K,171640.0,0.001698,101083627.797409,171640000.0,1.701061,2,5.439686,67025065.341806,67025065.341806,1720689046.5727875,4374104314.909208,55556220.9729969,5605998972.9723,32140151656.336502,0,0,0
Z3,15,12, 4K,164560.0,0.001365,120556776.556777,164560000.0,1.701061,2,5.439686,70919695.093679,70919695.093679,1720689046.5727875,4374104314.909208,55556220.9729969,5605998972.9723,32140151656.336502,0,0,0
Z3,16,12, 4K,200832.0,0.001827,109924466.338259,200832000.0,1.701061,2,5.439686,68793233.049976,68793233.049976,1720689046.5727875,4374104314.909208,55556220.9729969,5605998972.9723,32140151656.336502,0,0,0
Z3,17,12, 4K,163440.0,0.001556,105038560.411311,163440000.0,1.701061,2,5.439686,67816051.864586,67816051.864586,1720689046.5727875,4374104314.909208,55556220.9729969,5605998972.9723,32140151656.336502,0,0,0
Z3,18,12, 4K,195408.0,0.001539,126970760.233918,195408000.0,1.701061,2,5.439686,72202491.829108,72202491.829108,1720689046.5727875,4374104314.909208,55556220.9729969,5605998972.9723,32140151656.336502,0,0,0
Z3,19,12, 4K,141952.0,0.001475,96238644.067797,141952000.0,1.701061,2,5.439686,66056068.595883,66056068.595883,1720689046.5727875,4374104314.909208,55556220.9729969,5605998972.9723,32140151656.336502,0,0,0
Z3,20,12, 4K,115864.0,0.001383,83777295.733912,115864000.0,1.701061,2,5.439686,63563798.929106,63563798.929106,1720689046.5727875,4374104314.909208,55556220.9729969,5605998972.9723,32140151656.336502,0,0,0
Z3,21,12, 4K,248576.0,0.002125,116976941.176471,124288000.0,1.701061,2,5.439686,70203728.017618,70203728.017618,1720689046.5727875,4374104314.909208,55556220.9729969,5605998972.9723,32140151656.336502,0,0,0
Z3,22,12, 4K,345040.0,0.002312,149238754.32526,172520000.0,1.701061,2,5.439686,76656090.647376,76656090.647376,1720689046.5727875,4374104314.909208,55556220.9729969,5605998972.9723,32140151656.336502,0,0,0
Z3,23,12, 4K,295296.0,0.001983,148913767.019667,295296000.0,1.701061,2,5.439686,76591093.186257,76591093.186257,1720689046.5727875,4374104314.909208,55556220.9729969,5605998972.9723,32140151656.336502,0,0,0
Z3,24,12, 4K,385520.0,0.002498,154331465.172138,192760000.0,1.701061,2,5.439686,77674632.816752,77674632.816752,1720689046.5727875,4374104314.909208,55556220.9729969,5605998972.9723,32140151656.336502,0,0,0
Z3,25,12, 4K,219952.0,0.001713,128401634.559253,219952000.0,1.701061,2,5.439686,72488666.694175,72488666.694175,1720689046.5727875,4374104314.909208,55556220.9729969,5605998972.9723,32140151656.336502,0,0,0
Z3,26,12, 4K,323240.0,0.002058,157065111.758989,161620000.0,1.701061,2,5.439686,78221362.134122,78221362.134122,1720689046.5727875,4374104314.909208,55556220.9729969,5605998972.9723,32140151656.336502,0,0,0
Z3,27,12, 4K,481656.0,0.002838,169716701.902748,240828000.0,1.701061,2,5.439686,80751680.162874,80751680.162874,1720689046.5727875,4374104314.909208,55556220.9729969,5605998972.9723,32140151656.336502,0,0,0
Z3,28,12, 4K,552784.0,0.002948,187511533.242877,276392000.0,1.701061,2,5.439686,84310646.430899,84310646.430899,1720689046.5727875,4374104314.909208,55556220.9729969,5605998972.9723,32140151656.336502,0,0,0
Z3,29,12, 4K,439328.0,0.00259,169624710.42471,219664000.0,1.701061,2,5.439686,80733281.867266,80733281.867266,1720689046.5727875,4374104314.909208,55556220.9729969,5605998972.9723,32140151656.336502,0,0,0
Z3,30,12, 4K,78928.0,0.001275,61904313.72549,78928000.0,1.701061,2,5.439686,59189202.527422,59189202.527422,1720689046.5727875,4374104314.909208,55556220.9729969,5605998972.9723,32140151656.336502,0,0,0
Z3,31,12, 4K,90936.0,0.001385,65657761.732852,90936000.0,1.701061,2,5.439686,59939892.128894,59939892.128894,1720689046.5727875,4374104314.909208,55556220.9729969,5605998972.9723,32140151656.336502,0,0,0
Z3,32,12, 4K,108688.0,0.001364,79683284.457478,108688000.0,1.701061,2,5.439686,62744996.67382,62744996.67382,1720689046.5727875,4374104314.909208,55556220.9729969,5605998972.9723,32140151656.336502,0,0,0
Z3,33,12, 4K,106656.0,0.001507,70773722.627737,106656000.0,1.701061,2,5.439686,60963084.307872,60963084.307872,1720689046.5727875,4374104314.909208,55556220.9729969,5605998972.9723,32140151656.336502,0,0,0
Z3,34,12, 4K,105120.0,0.00132,79636363.636364,105120000.0,1.701061,2,5.439686,62735612.509597,62735612.509597,1720689046.5727875,4374104314.909208,55556220.9729969,5605998972.9723,32140151656.336502,0,0,0
Z3,35,12, 4K,114168.0,0.001441,79228313.671062,114168000.0,1.701061,2,5.439686,62654002.516536,62654002.516536,1720689046.5727875,4374104314.909208,55556220.9729969,5605998972.9723,32140151656.336502,0,0,0
Z3,36,12, 4K,172408.0,0.00199,86637185.929648,172408000.0,1.701061,2,5.439686,64135776.968254,64135776.968254,1720689046.5727875,4374104314.909208,55556220.9729969,5605998972.9723,32140151656.336502,0,0,0
Z3,37,12, 4K,121920.0,0.001473,82769857.433809,121920000.0,1.701061,2,5.439686,63362311.269086,63362311.269086,1720689046.5727875,4374104314.909208,55556220.9729969,5605998972.9723,32140151656.336502,0,0,0
Z3,38,12, 4K,90808.0,0.001567,57950223.356733,90808000.0,1.701061,2,5.439686,58398384.453671,58398384.453671,1720689046.5727875,4374104314.909208,55556220.9729969,5605998972.9723,32140151656.336502,0,0,0
Z1,0,13, 4K,12072.0,0.021953,549902.063499,574856.0,1.555015,2,6.585732,51002391.243407,51002391.243407,1720689046.5727875,4374104314.909208,55556220.9729969,5605998972.9723,32140151656.336502,0,0,0
Z2,0,13, 4K,6624.0,0.022688,291960.507757,301088.0,1.555015,2,6.585732,50950802.932259,50950802.932259,1720689046.5727875,4374104314.909208,55556220.9729969,5605998972.9723,32140151656.336502,0,0,0
Z2,1,13, 4K,14096.0,0.000996,14152610.441767,14096000.0,1.555015,2,6.585732,53722932.91906,53722932.91906,1720689046.5727875,4374104314.909208,55556220.9729969,5605998972.9723,32140151656.336502,0,0,0
Z2,2,13, 4K,11568.0,0.001005,11510447.761194,11568000.0,1.555015,2,6.585732,53194500.382946,53194500.382946,1720689046.5727875,4374104314.909208,55556220.9729969,5605998972.9723,32140151656.336502,0,0,0
Z2,3,13, 4K,265632.0,0.002237,118744747.429593,132816000.0,1.555015,2,6.585732,74641360.316626,74641360.316626,1720689046.5727875,4374104314.909208,55556220.9729969,5605998972.9723,32140151656.336502,0,0,0
Z2,4,13, 4K,231376.0,0.00189,122421164.021164,231376000.0,1.555015,2,6.585732,75376643.63494,75376643.63494,1720689046.5727875,4374104314.909208,55556220.9729969,5605998972.9723,32140151656.336502,0,0,0
Z2,5,13, 4K,217208.0,0.00184,118047826.086957,217208000.0,1.555015,2,6.585732,74501976.048098,74501976.048098,1720689046.5727875,4374104314.909208,55556220.9729969,5605998972.9723,32140151656.336502,0,0,0
Z2,6,13, 4K,162672.0,0.001592,102180904.522613,162672000.0,1.555015,2,6.585732,71328591.73523,71328591.73523,1720689046.5727875,4374104314.909208,55556220.9729969,5605998972.9723,32140151656.336502,0,0,0
Z2,7,13, 4K,176832.0,0.00157,112631847.133758,176832000.0,1.555015,2,6.585732,73418780.257459,73418780.257459,1720689046.5727875,4374104314.909208,55556220.9729969,5605998972.9723,32140151656.336502,0,0,0
Z3,0,13, 4K,18240.0,0.022759,801441.188101,829088.0,1.555015,2,6.585732,51052699.068327,51052699.068327,1720689046.5727875,4374104314.909208,55556220.9729969,5605998972.9723,32140151656.336502,0,0,0
Z3,1,13, 4K,19120.0,0.000992,19274193.548387,19120000.0,1.555015,2,6.585732,54747249.540384,54747249.540384,1720689046.5727875,4374104314.909208,55556220.9729969,5605998972.9723,32140151656.336502,0,0,0
Z3,2,13, 4K,17576.0,0.000968,18157024.793388,17576000.0,1.555015,2,6.585732,54523815.789385,54523815.789385,1720689046.5727875,4374104314.909208,55556220.9729969,5605998972.9723,32140151656.336502,0,0,0
Z3,3,13, 4K,13752.0,0.000939,14645367.412141,13752000.0,1.555015,2,6.585732,53821484.313135,53821484.313135,1720689046.5727875,4374104314.909208,55556220.9729969,5605998972.9723,32140151656.336502,0,0,0
Z3,4,13, 4K,20424.0,0.001001,20403596.403596,20424000.0,1.555015,2,6.585732,54973130.111426,54973130.111426,1720689046.5727875,4374104314.909208,55556220.9729969,5605998972.9723,32140151656.336502,0,0,0
Z3,5,13, 4K,31888.0,0.001048,30427480.916031,31888000.0,1.555015,2,6.585732,56977907.013913,56977907.013913,1720689046.5727875,4374104314.909208,55556220.9729969,5605998972.9723,32140151656.336502,0,0,0
Z3,6,13, 4K,34824.0,0.001033,33711519.845111,34824000.0,1.555015,2,6.585732,57634714.799729,57634714.799729,1720689046.5727875,4374104314.909208,55556220.9729969,5605998972.9723,32140151656.336502,0,0,0
Z3,7,13, 4K,27304.0,0.001002,27249500.998004,27304000.0,1.555015,2,6.585732,56342311.030308,56342311.030308,1720689046.5727875,4374104314.909208,55556220.9729969,5605998972.9723,32140151656.336502,0,0,0
Z3,8,13, 4K,24832.0,0.001036,23969111.969112,24832000.0,1.555015,2,6.585732,55686233.224529,55686233.224529,1720689046.5727875,4374104314.909208,55556220.9729969,5605998972.9723,32140151656.336502,0,0,0
Z3,9,13, 4K,102416.0,0.001374,74538573.508006,102416000.0,1.555015,2,6.585732,65800125.532308,65800125.532308,1720689046.5727875,4374104314.909208,55556220.9729969,5605998972.9723,32140151656.336502,0,0,0
Z3,10,13, 4K,123344.0,0.0014,88102857.142857,123344000.0,1.555015,2,6.585732,68512982.259278,68512982.259278,1720689046.5727875,4374104314.909208,55556220.9729969,5605998972.9723,32140151656.336502,0,0,0
Z3,11,13, 4K,125056.0,0.00147,85072108.843537,125056000.0,1.555015,2,6.585732,67906832.599415,67906832.599415,1720689046.5727875,4374104314.909208,55556220.9729969,5605998972.9723,32140151656.336502,0,0,0
Z3,12,13, 4K,117608.0,0.001421,82764250.527797,117608000.0,1.555015,2,6.585732,67445260.936267,67445260.936267,1720689046.5727875,4374104314.909208,55556220.9729969,5605998972.9723,32140151656.336502,0,0,0
Z3,13,13, 4K,166128.0,0.0017,97722352.941176,166128000.0,1.555015,2,6.585732,70436881.418942,70436881.418942,1720689046.5727875,4374104314.909208,55556220.9729969,5605998972.9723,32140151656.336502,0,0,0
Z3,14,13, 4K,184040.0,0.001607,114523957.685128,184040000.0,1.555015,2,6.585732,73797202.367733,73797202.367733,1720689046.5727875,4374104314.909208,55556220.9729969,5605998972.9723,32140151656.336502,0,0,0
Z3,15,13, 4K,326472.0,0.002261,144392746.572313,163236000.0,1.555015,2,6.585732,79770960.14517,79770960.14517,1720689046.5727875,4374104314.909208,55556220.9729969,5605998972.9723,32140151656.336502,0,0,0
Z3,16,13, 4K,315832.0,0.002227,141819488.100584,157916000.0,1.555015,2,6.585732,79256308.450824,79256308.450824,1720689046.5727875,4374104314.909208,55556220.9729969,5605998972.9723,32140151656.336502,0,0,0
Z3,17,13, 4K,278216.0,0.001981,140442200.908632,278216000.0,1.555015,2,6.585732,78980851.012433,78980851.012433,1720689046.5727875,4374104314.909208,55556220.9729969,5605998972.9723,32140151656.336502,0,0,0
Z3,18,13, 4K,183344.0,0.001622,113035758.323058,183344000.0,1.555015,2,6.585732,73499562.495319,73499562.495319,1720689046.5727875,4374104314.909208,55556220.9729969,5605998972.9723,32140151656.336502,0,0,0
Z3,19,13, 4K,213632.0,0.001638,130422466.422466,213632000.0,1.555015,2,6.585732,76976904.1152,76976904.1152,1720689046.5727875,4374104314.909208,55556220.9729969,5605998972.9723,32140151656.336502,0,0,0
Z3,20,13, 4K,248704.0,0.001884,132008492.569002,248704000.0,1.555015,2,6.585732,77294109.344507,77294109.344507,1720689046.5727875,4374104314.909208,55556220.9729969,5605998972.9723,32140151656.336502,0,0,0
Z3,21,13, 4K,291920.0,0.002231,130847153.742716,145960000.0,1.555015,2,6.585732,77061841.57925,77061841.57925,1720689046.5727875,4374104314.909208,55556220.9729969,5605998972.9723,32140151656.336502,0,0,0
Z3,22,13, 4K,272896.0,0.001954,139660184.237462,272896000.0,1.555015,2,6.585732,78824447.678199,78824447.678199,1720689046.5727875,4374104314.909208,55556220.9729969,5605998972.9723,32140151656.336502,0,0,0
Z3,23,13, 4K,353984.0,0.002336,151534246.575342,176992000.0,1.555015,2,6.585732,81199260.145776,81199260.145776,1720689046.5727875,4374104314.909208,55556220.9729969,5605998972.9723,32140151656.336502,0,0,0
Z3,24,13, 4K,187896.0,0.001678,111976162.097735,187896000.0,1.555015,2,6.585732,73287643.250254,73287643.250254,1720689046.5727875,4374104314.909208,55556220.9729969,5605998972.9723,32140151656.336502,0,0,0
Z3,25,13, 4K,267712.0,0.001966,136170905.391658,267712000.0,1.555015,2,6.585732,78126591.909039,78126591.909039,1720689046.5727875,4374104314.909208,55556220.9729969,5605998972.9723,32140151656.336502,0,0,0
Z3,26,13, 4K,360608.0,0.002267,159068372.298191,180304000.0,1.555015,2,6.585732,82706085.290345,82706085.290345,1720689046.5727875,4374104314.909208,55556220.9729969,5605998972.9723,32140151656.336502,0,0,0
Z3,27,13, 4K,316984.0,0.001941,163309634.209171,316984000.0,1.555015,2,6.585732,83554337.672541,83554337.672541,1720689046.5727875,4374104314.909208,55556220.9729969,5605998972.9723,32140151656.336502,0,0,0
Z3,28,13, 4K,344104.0,0.002185,157484668.19222,172052000.0,1.555015,2,6.585732,82389344.469151,82389344.469151,1720689046.5727875,4374104314.909208,55556220.9729969,5605998972.9723,32140151656.336502,0,0,0
Z3,29,13, 4K,316392.0,0.001963,161177789.098319,316392000.0,1.555015,2,6.585732,83127968.650371,83127968.650371,1720689046.5727875,4374104314.909208,55556220.9729969,5605998972.9723,32140151656.336502,0,0,0
Z3,30,13, 4K,94808.0,0.001251,75785771.382894,94808000.0,1.555015,2,6.585732,66049565.107286,66049565.107286,1720689046.5727875,4374104314.909208,55556220.9729969,5605998972.9723,32140151656.336502,0,0,0
Z3,31,13, 4K,89856.0,0.001524,58960629.92126,89856000.0,1.555015,2,6.585732,62684536.814959,62684536.814959,1720689046.5727875,4374104314.909208,55556220.9729969,5605998972.9723,32140151656.336502,0,0,0
Z3,32,13, 4K,76680.0,0.001213,63215169.002473,76680000.0,1.555015,2,6.585732,63535444.631202,63535444.631202,1720689046.5727875,4374104314.909208,55556220.9729969,5605998972.9723,32140151656.336502,0,0,0
Z3,33,13, 4K,75464.0,0.001295,58273359.073359,75464000.0,1.555015,2,6.585732,62547082.645379,62547082.645379,1720689046.5727875,4374104314.909208,55556220.9729969,5605998972.9723,32140151656.336502,0,0,0
Z3,34,13, 4K,75568.0,0.001315,57466159.695817,75568000.0,1.555015,2,6.585732,62385642.769871,62385642.769871,1720689046.5727875,4374104314.909208,55556220.9729969,5605998972.9723,32140151656.336502,0,0,0
Z3,35,13, 4K,53048.0,0.005071,10461053.046736,10609600.0,1.555015,2,6.585732,52984621.440054,52984621.440054,1720689046.5727875,4374104314.909208,55556220.9729969,5605998972.9723,32140151656.336502,0,0,0
Z3,36,13, 4K,71632.0,0.001247,57443464.314354,71632000.0,1.555015,2,6.585732,62381103.693578,62381103.693578,1720689046.5727875,4374104314.909208,55556220.9729969,5605998972.9723,32140151656.336502,0,0,0
Z3,37,13, 4K,124120.0,0.0016,77575000.0,124120000.0,1.555015,2,6.585732,66407410.830707,66407410.830707,1720689046.5727875,4374104314.909208,55556220.9729969,5605998972.9723,32140151656.336502,0,0,0
Z3,38,13, 4K,159576.0,0.00139,114802877.697842,159576000.0,1.555015,2,6.585732,73852986.370275,73852986.370275,1720689046.5727875,4374104314.909208,55556220.9729969,5605998972.9723,32140151656.336502,0,0,0
Z1,0,14, 4K,36464.0,0.020878,1746527.445158,1823200.0,1.408006,2,6.732741,63266147.280994,63266147.280994,1720689046.5727875,4374104314.909208,55556220.9729969,5605998972.9723,32140151656.336502,0,0,0
Z2,0,14, 4K,6624.0,0.020573,321975.404657,331200.0,1.408006,2,6.732741,62981236.872893,62981236.872893,1720689046.5727875,4374104314.909208,55556220.9729969,5605998972.9723,32140151656.336502,0,0,0
Z2,1,14, 4K,65528.0,0.001125,58247111.111111,65528000.0,1.408006,2,6.732741,74566264.014184,74566264.014184,1720689046.5727875,4374104314.909208,55556220.9729969,5605998972.9723,32140151656.336502,0,0,0
Z2,2,14, 4K,26120.0,0.001056,24734848.484848,26120000.0,1.408006,2,6.732741,67863811.488932,67863811.488932,1720689046.5727875,4374104314.909208,55556220.9729969,5605998972.9723,32140151656.336502,0,0,0
Z2,3,14, 4K,276584.0,0.00231,119733333.333333,138292000.0,1.408006,2,6.732741,86863508.458629,86863508.458629,1720689046.5727875,4374104314.909208,55556220.9729969,5605998972.9723,32140151656.336502,0,0,0
Z2,4,14, 4K,310648.0,0.002296,135299651.567944,155324000.0,1.408006,2,6.732741,89976772.105551,89976772.105551,1720689046.5727875,4374104314.909208,55556220.9729969,5605998972.9723,32140151656.336502,0,0,0
Z2,5,14, 4K,211048.0,0.001816,116215859.030837,211048000.0,1.408006,2,6.732741,86160013.59813,86160013.59813,1720689046.5727875,4374104314.909208,55556220.9729969,5605998972.9723,32140151656.336502,0,0,0
Z2,6,14, 4K,102528.0,0.001231,83288383.428107,102528000.0,1.408006,2,6.732741,79574518.477584,79574518.477584,1720689046.5727875,4374104314.909208,55556220.9729969,5605998972.9723,32140151656.336502,0,0,0
Z2,7,14, 4K,101856.0,0.001504,67723404.255319,101856000.0,1.408006,2,6.732741,76461522.643026,76461522.643026,1720689046.5727875,4374104314.909208,55556220.9729969,5605998972.9723,32140151656.336502,0,0,0
Z3,0,14, 4K,19944.0,0.021794,915114.251629,949712.0,1.408006,2,6.732741,63099864.642288,63099864.642288,1720689046.5727875,4374104314.909208,55556220.9729969,5605998972.9723,32140151656.336502,0,0,0
Z3,1,14, 4K,27688.0,0.004787,5783998.328807,6922000.0,1.408006,2,6.732741,64073641.457724,64073641.457724,1720689046.5727875,4374104314.909208,55556220.9729969,5605998972.9723,32140151656.336502,0,0,0
Z3,2,14, 4K,29160.0,0.001107,26341463.414634,29160000.0,1.408006,2,6.732741,68185134.474889,68185134.474889,1720689046.5727875,4374104314.909208,55556220.9729969,5605998972.9723,32140151656.336502,0,0,0
Z3,3,14, 4K,17040.0,0.000937,18185699.039488,17040000.0,1.408006,2,6.732741,66553981.59986,66553981.59986,1720689046.5727875,4374104314.909208,55556220.9729969,5605998972.9723,32140151656.336502,0,0,0
Z3,4,14, 4K,29288.0,0.000877,33395667.04675,29288000.0,1.408006,2,6.732741,69595975.201312,69595975.201312,1720689046.5727875,4374104314.909208,55556220.9729969,5605998972.9723,32140151656.336502,0,0,0
Z3,5,14, 4K,29392.0,0.000996,29510040.160643,29392000.0,1.408006,2,6.732741,68818849.824091,68818849.824091,1720689046.5727875,4374104314.909208,55556220.9729969,5605998972.9723,32140151656.336502,0,0,0
Z3,6,14, 4K,19864.0,0.000903,21997785.160576,19864000.0,1.408006,2,6.732741,67316398.824077,67316398.824077,1720689046.5727875,4374104314.909208,55556220.9729969,5605998972.9723,32140151656.336502,0,0,0
Z3,7,14, 4K,46568.0,0.001334,34908545.727136,46568000.0,1.408006,2,6.732741,69898550.937389,69898550.937389,1720689046.5727875,4374104314.909208,55556220.9729969,5605998972.9723,32140151656.336502,0,0,0
Z3,8,14, 4K,77848.0,0.001617,48143475.572047,77848000.0,1.408006,2,6.732741,72545536.906372,72545536.906372,1720689046.5727875,4374104314.909208,55556220.9729969,5605998972.9723,32140151656.336502,0,0,0
Z3,9,14, 4K,121432.0,0.001753,69270964.061609,121432000.0,1.408006,2,6.732741,76771034.604284,76771034.604284,1720689046.5727875,4374104314.909208,55556220.9729969,5605998972.9723,32140151656.336502,0,0,0
Z3,10,14, 4K,178104.0,0.001825,97591232.876712,178104000.0,1.408006,2,6.732741,82435088.367305,82435088.367305,1720689046.5727875,4374104314.909208,55556220.9729969,5605998972.9723,32140151656.336502,0,0,0
Z3,11,14, 4K,144672.0,0.001642,88107186.3581,144672000.0,1.408006,2,6.732741,80538279.063582,80538279.063582,1720689046.5727875,4374104314.909208,55556220.9729969,5605998972.9723,32140151656.336502,0,0,0
Z3,12,14, 4K,153792.0,0.001619,94991970.352069,153792000.0,1.408006,2,6.732741,81915235.862376,81915235.862376,1720689046.5727875,4374104314.909208,55556220.9729969,5605998972.9723,32140151656.336502,0,0,0
Z3,13,14, 4K,193616.0,0.002014,96135054.617676,96808000.0,1.408006,2,6.732741,82143852.715497,82143852.715497,1720689046.5727875,4374104314.909208,55556220.9729969,5605998972.9723,32140151656.336502,0,0,0
Z3,14,14, 4K,215184.0,0.002026,106211253.701876,107592000.0,1.408006,2,6.732741,84159092.532337,84159092.532337,1720689046.5727875,4374104314.909208,55556220.9729969,5605998972.9723,32140151656.336502,0,0,0
Z3,15,14, 4K,391928.0,0.002606,150394474.2901,195964000.0,1.408006,2,6.732741,92995736.649982,92995736.649982,1720689046.5727875,4374104314.909208,55556220.9729969,5605998972.9723,32140151656.336502,0,0,0
Z3,16,14, 4K,320024.0,0.002435,131426694.045175,160012000.0,1.408006,2,6.732741,89202180.600997,89202180.600997,1720689046.5727875,4374104314.909208,55556220.9729969,5605998972.9723,32140151656.336502,0,0,0
Z3,17,14, 4K,268840.0,0.00218,123321100.917431,134420000.0,1.408006,2,6.732741,87581061.975448,87581061.975448,1720689046.5727875,4374104314.909208,55556220.9729969,5605998972.9723,32140151656.336502,0,0,0
Z3,18,14, 4K,275832.0,0.002181,126470426.409904,137916000.0,1.408006,2,6.732741,88210927.073943,88210927.073943,1720689046.5727875,4374104314.909208,55556220.9729969,5605998972.9723,32140151656.336502,0,0,0
Z3,19,14, 4K,163384.0,0.001624,100605911.330049,163384000.0,1.408006,2,6.732741,83038024.057972,83038024.057972,1720689046.5727875,4374104314.909208,55556220.9729969,5605998972.9723,32140151656.336502,0,0,0
Z3,20,14, 4K,193688.0,0.001539,125853151.397011,193688000.0,1.408006,2,6.732741,88087472.071364,88087472.071364,1720689046.5727875,4374104314.909208,55556220.9729969,5605998972.9723,32140151656.336502,0,0,0
Z3,21,14, 4K,225432.0,0.001572,143404580.152672,225432000.0,1.408006,2,6.732741,91597757.822497,91597757.822497,1720689046.5727875,4374104314.909208,55556220.9729969,5605998972.9723,32140151656.336502,0,0,0
Z3,22,14, 4K,248896.0,0.001837,135490473.598258,248896000.0,1.408006,2,6.732741,90014936.511614,90014936.511614,1720689046.5727875,4374104314.909208,55556220.9729969,5605998972.9723,32140151656.336502,0,0,0
Z3,23,14, 4K,266808.0,0.002024,131822134.387352,133404000.0,1.408006,2,6.732741,89281268.669432,89281268.669432,1720689046.5727875,4374104314.909208,55556220.9729969,5605998972.9723,32140151656.336502,0,0,0
Z3,24,14, 4K,164848.0,0.001624,101507389.162562,164848000.0,1.408006,2,6.732741,83218319.624474,83218319.624474,1720689046.5727875,4374104314.909208,55556220.9729969,5605998972.9723,32140151656.336502,0,0,0
Z3,25,14, 4K,188952.0,0.001475,128103050.847458,188952000.0,1.408006,2,6.732741,88537451.961454,88537451.961454,1720689046.5727875,4374104314.909208,55556220.9729969,5605998972.9723,32140151656.336502,0,0,0
Z3,26,14, 4K,335320.0,0.00224,149696428.571429,167660000.0,1.408006,2,6.732741,92856127.506248,92856127.506248,1720689046.5727875,4374104314.909208,55556220.9729969,5605998972.9723,32140151656.336502,0,0,0
Z3,27,14, 4K,365224.0,0.005425,67322396.313364,73044800.0,1.408006,2,6.732741,76381321.054635,76381321.054635,1720689046.5727875,4374104314.909208,55556220.9729969,5605998972.9723,32140151656.336502,0,0,0
Z3,28,14, 4K,392736.0,0.002224,176589928.057554,196368000.0,1.408006,2,6.732741,98234827.403473,98234827.403473,1720689046.5727875,4374104314.909208,55556220.9729969,5605998972.9723,32140151656.336502,0,0,0
Z3,29,14, 4K,324128.0,0.00197,164531979.695431,324128000.0,1.408006,2,6.732741,95823237.731048,95823237.731048,1720689046.5727875,4374104314.909208,55556220.9729969,5605998972.9723,32140151656.336502,0,0,0
Z3,30,14, 4K,37424.0,0.000919,40722524.483134,37424000.0,1.408006,2,6.732741,71061346.688589,71061346.688589,1720689046.5727875,4374104314.909208,55556220.9729969,5605998972.9723,32140151656.336502,0,0,0
Z3,31,14, 4K,36240.0,0.000881,41135073.779796,36240000.0,1.408006,2,6.732741,71143856.547921,71143856.547921,1720689046.5727875,4374104314.909208,55556220.9729969,5605998972.9723,32140151656.336502,0,0,0
Z3,32,14, 4K,32904.0,0.000869,37864211.737629,32904000.0,1.408006,2,6.732741,70489684.139488,70489684.139488,1720689046.5727875,4374104314.909208,55556220.9729969,5605998972.9723,32140151656.336502,0,0,0
Z3,33,14, 4K,33208.0,0.000875,37952000.0,33208000.0,1.408006,2,6.732741,70507241.791962,70507241.791962,1720689046.5727875,4374104314.909208,55556220.9729969,5605998972.9723,32140151656.336502,0,0,0
Z3,34,14, 4K,27104.0,0.000996,27212851.405622,27104000.0,1.408006,2,6.732741,68359412.073087,68359412.073087,1720689046.5727875,4374104314.909208,55556220.9729969,5605998972.9723,32140151656.336502,0,0,0
Z3,35,14, 4K,27712.0,0.000833,33267707.082833,27712000.0,1.408006,2,6.732741,69570383.208529,69570383.208529,1720689046.5727875,4374104314.909208,55556220.9729969,5605998972.9723,32140151656.336502,0,0,0
Z3,36,14, 4K,69480.0,0.001128,61595744.680851,69480000.0,1.408006,2,6.732741,75235990.728132,75235990.728132,1720689046.5727875,4374104314.909208,55556220.9729969,5605998972.9723,32140151656.336502,0,0,0
Z3,37,14, 4K,104904.0,0.00141,74400000.0,104904000.0,1.408006,2,6.732741,77796841.791962,77796841.791962,1720689046.5727875,4374104314.909208,55556220.9729969,5605998972.9723,32140151656.336502,0,0,0
Z3,38,14, 4K,111104.0,0.001224,90771241.830065,111104000.0,1.408006,2,6.732741,81071090.157975,81071090.157975,1720689046.5727875,4374104314.909208,55556220.9729969,5605998972.9723,32140151656.336502,0,0,0
Z1,0,15, 4K,278440.0,0.022752,12238045.007032,12656360.0,1.262036,2,7.878711,72564320.781003,72564320.781003,1720689046.5727875,4374104314.909208,55556220.9729969,5605998972.9723,32140151656.336502,0,0,0
Z2,0,15, 4K,6624.0,0.02403,275655.430712,276000.0,1.262036,2,7.878711,70171842.865739,70171842.865739,1720689046.5727875,4374104314.909208,55556220.9729969,5605998972.9723,32140151656.336502,0,0,0
Z2,1,15, 4K,92296.0,0.001227,75220863.895681,92296000.0,1.262036,2,7.878711,85160884.558733,85160884.558733,1720689046.5727875,4374104314.909208,55556220.9729969,5605998972.9723,32140151656.336502,0,0,0
Z2,2,15, 4K,97816.0,0.001358,72029455.081001,97816000.0,1.262036,2,7.878711,84522602.795797,84522602.795797,1720689046.5727875,4374104314.909208,55556220.9729969,5605998972.9723,32140151656.336502,0,0,0
Z2,3,15, 4K,40600.0,0.001003,40478564.307079,40600000.0,1.262036,2,7.878711,78212424.641013,78212424.641013,1720689046.5727875,4374104314.909208,55556220.9729969,5605998972.9723,32140151656.336502,0,0,0
Z2,4,15, 4K,232152.0,0.001947,119235747.303544,232152000.0,1.262036,2,7.878711,93963861.240306,93963861.240306,1720689046.5727875,4374104314.909208,55556220.9729969,5605998972.9723,32140151656.336502,0,0,0
Z2,5,15, 4K,255400.0,0.001905,134068241.469816,255400000.0,1.262036,2,7.878711,96930360.07356,96930360.07356,1720689046.5727875,4374104314.909208,55556220.9729969,5605998972.9723,32140151656.336502,0,0,0
Z2,6,15, 4K,249784.0,0.001995,125205012.531328,249784000.0,1.262036,2,7.878711,95157714.285862,95157714.285862,1720689046.5727875,4374104314.909208,55556220.9729969,5605998972.9723,32140151656.336502,0,0,0
Z2,7,15, 4K,288648.0,0.002117,136347661.785546,144324000.0,1.262036,2,7.878711,97386244.136706,97386244.136706,1720689046.5727875,4374104314.909208,55556220.9729969,5605998972.9723,32140151656.336502,0,0,0
Z3,0,15, 4K,12608.0,0.02292,550087.260035,573088.0,1.262036,2,7.878711,70226729.231604,70226729.231604,1720689046.5727875,4374104314.909208,55556220.9729969,5605998972.9723,32140151656.336502,0,0,0
Z3,1,15, 4K,14232.0,0.000913,15588170.865279,14232000.0,1.262036,2,7.878711,73234345.952653,73234345.952653,1720689046.5727875,4374104314.909208,55556220.9729969,5605998972.9723,32140151656.336502,0,0,0
Z3,2,15, 4K,18288.0,0.000981,18642201.834862,18288000.0,1.262036,2,7.878711,73845152.146569,73845152.146569,1720689046.5727875,4374104314.909208,55556220.9729969,5605998972.9723,32140151656.336502,0,0,0
Z3,3,15, 4K,17960.0,0.000919,19542981.501632,17960000.0,1.262036,2,7.878711,74025308.079923,74025308.079923,1720689046.5727875,4374104314.909208,55556220.9729969,5605998972.9723,32140151656.336502,0,0,0
Z3,4,15, 4K,30136.0,0.001014,29719921.104536,30136000.0,1.262036,2,7.878711,76060696.000504,76060696.000504,1720689046.5727875,4374104314.909208,55556220.9729969,5605998972.9723,32140151656.336502,0,0,0
Z3,5,15, 4K,38832.0,0.001006,38600397.614314,38832000.0,1.262036,2,7.878711,77836791.30246,77836791.30246,1720689046.5727875,4374104314.909208,55556220.9729969,5605998972.9723,32140151656.336502,0,0,0
Z3,6,15, 4K,80120.0,0.001436,55793871.866295,80120000.0,1.262036,2,7.878711,81275486.152856,81275486.152856,1720689046.5727875,4374104314.909208,55556220.9729969,5605998972.9723,32140151656.336502,0,0,0
Z3,7,15, 4K,115624.0,0.001528,75670157.068063,115624000.0,1.262036,2,7.878711,85250743.193209,85250743.193209,1720689046.5727875,4374104314.909208,55556220.9729969,5605998972.9723,32140151656.336502,0,0,0
Z3,8,15, 4K,91976.0,0.001409,65277501.774308,91976000.0,1.262036,2,7.878711,83172212.134458,83172212.134458,1720689046.5727875,4374104314.909208,55556220.9729969,5605998972.9723,32140151656.336502,0,0,0
Z3,9,15, 4K,131496.0,0.001562,84184379.00128,131496000.0,1.262036,2,7.878711,86953587.579853,86953587.579853,1720689046.5727875,4374104314.909208,55556220.9729969,5605998972.9723,32140151656.336502,0,0,0
Z3,10,15, 4K,151608.0,0.001495,101410033.444816,151608000.0,1.262036,2,7.878711,90398718.46856,90398718.46856,1720689046.5727875,4374104314.909208,55556220.9729969,5605998972.9723,32140151656.336502,0,0,0
Z3,11,15, 4K,133200.0,0.001502,88681757.656458,133200000.0,1.262036,2,7.878711,87853063.310888,87853063.310888,1720689046.5727875,4374104314.909208,55556220.9729969,5605998972.9723,32140151656.336502,0,0,0
Z3,12,15, 4K,197848.0,0.00189,104681481.481481,197848000.0,1.262036,2,7.878711,91053008.075893,91053008.075893,1720689046.5727875,4374104314.909208,55556220.9729969,5605998972.9723,32140151656.336502,0,0,0
Z3,13,15, 4K,216432.0,0.001758,123112627.986348,216432000.0,1.262036,2,7.878711,94739237.376866,94739237.376866,1720689046.5727875,4374104314.909208,55556220.9729969,5605998972.9723,32140151656.336502,0,0,0
Z3,14,15, 4K,250032.0,0.001845,135518699.186992,250032000.0,1.262036,2,7.878711,97220451.616995,97220451.616995,1720689046.5727875,4374104314.909208,55556220.9729969,5605998972.9723,32140151656.336502,0,0,0
Z3,15,15, 4K,238656.0,0.002023,117971329.708354,119328000.0,1.262036,2,7.878711,93710977.721268,93710977.721268,1720689046.5727875,4374104314.909208,55556220.9729969,5605998972.9723,32140151656.336502,0,0,0
Z3,16,15, 4K,165160.0,0.001531,107877204.441541,165160000.0,1.262036,2,7.878711,91692152.667905,91692152.667905,1720689046.5727875,4374104314.909208,55556220.9729969,5605998972.9723,32140151656.336502,0,0,0
Z3,17,15, 4K,167848.0,0.001691,99259609.698403,167848000.0,1.262036,2,7.878711,89968633.719277,89968633.719277,1720689046.5727875,4374104314.909208,55556220.9729969,5605998972.9723,32140151656.336502,0,0,0
Z3,18,15, 4K,132104.0,0.001513,87312623.925975,132104000.0,1.262036,2,7.878711,87579236.564792,87579236.564792,1720689046.5727875,4374104314.909208,55556220.9729969,5605998972.9723,32140151656.336502,0,0,0
Z3,19,15, 4K,143824.0,0.001499,95946631.087392,143824000.0,1.262036,2,7.878711,89306037.997075,89306037.997075,1720689046.5727875,4374104314.909208,55556220.9729969,5605998972.9723,32140151656.336502,0,0,0
Z3,20,15, 4K,175072.0,0.001522,115027595.269382,175072000.0,1.262036,2,7.878711,93122230.833473,93122230.833473,1720689046.5727875,4374104314.909208,55556220.9729969,5605998972.9723,32140151656.336502,0,0,0
Z3,21,15, 4K,170296.0,0.001706,99821805.392732,170296000.0,1.262036,2,7.878711,90081072.858143,90081072.858143,1720689046.5727875,4374104314.909208,55556220.9729969,5605998972.9723,32140151656.336502,0,0,0
Z3,22,15, 4K,193376.0,0.001543,125324692.158133,193376000.0,1.262036,2,7.878711,95181650.211224,95181650.211224,1720689046.5727875,4374104314.909208,55556220.9729969,5605998972.9723,32140151656.336502,0,0,0
Z3,23,15, 4K,150872.0,0.001384,109011560.693642,150872000.0,1.262036,2,7.878711,91919023.918325,91919023.918325,1720689046.5727875,4374104314.909208,55556220.9729969,5605998972.9723,32140151656.336502,0,0,0
Z3,24,15, 4K,172416.0,0.00158,109124050.632911,172416000.0,1.262036,2,7.878711,91941521.906179,91941521.906179,1720689046.5727875,4374104314.909208,55556220.9729969,5605998972.9723,32140151656.336502,0,0,0
Z3,25,15, 4K,210512.0,0.0016,131570000.0,210512000.0,1.262036,2,7.878711,96430711.779597,96430711.779597,1720689046.5727875,4374104314.909208,55556220.9729969,5605998972.9723,32140151656.336502,0,0,0
Z3,26,15, 4K,202256.0,0.001555,130068167.202572,202256000.0,1.262036,2,7.878711,96130345.220111,96130345.220111,1720689046.5727875,4374104314.909208,55556220.9729969,5605998972.9723,32140151656.336502,0,0,0
Z3,27,15, 4K,207528.0,0.001594,130193224.592221,207528000.0,1.262036,2,7.878711,96155356.698041,96155356.698041,1720689046.5727875,4374104314.909208,55556220.9729969,5605998972.9723,32140151656.336502,0,0,0
Z3,28,15, 4K,46288.0,0.000967,47867631.851086,46288000.0,1.262036,2,7.878711,79690238.149814,79690238.149814,1720689046.5727875,4374104314.909208,55556220.9729969,5605998972.9723,32140151656.336502,0,0,0
Z3,29,15, 4K,38120.0,0.008812,4325919.201089,4765000.0,1.262036,2,7.878711,70981895.619815,70981895.619815,1720689046.5727875,4374104314.909208,55556220.9729969,5605998972.9723,32140151656.336502,0,0,0
Z3,30,15, 4K,29864.0,0.000959,31140771.637122,29864000.0,1.262036,2,7.878711,76344866.107021,76344866.107021,1720689046.5727875,4374104314.909208,55556220.9729969,5605998972.9723,32140151656.336502,0,0,0
Z3,31,15, 4K,29864.0,0.000902,33108647.450111,29864000.0,1.262036,2,7.878711,76738441.269619,76738441.269619,1720689046.5727875,4374104314.909208,55556220.9729969,5605998972.9723,32140151656.336502,0,0,0
Z3,32,15, 4K,42832.0,0.000962,44523908.523909,42832000.0,1.262036,2,7.878711,79021493.484379,79021493.484379,1720689046.5727875,4374104314.909208,55556220.9729969,5605998972.9723,32140151656.336502,0,0,0
Z3,33,15, 4K,53400.0,0.001064,50187969.924812,53400000.0,1.262036,2,7.878711,80154305.764559,80154305.764559,1720689046.5727875,4374104314.909208,55556220.9729969,5605998972.9723,32140151656.336502,0,0,0
Z3,34,15, 4K,54248.0,0.001122,48349376.114082,54248000.0,1.262036,2,7.878711,79786587.002413,79786587.002413,1720689046.5727875,4374104314.909208,55556220.9729969,5605998972.9723,32140151656.336502,0,0,0
Z3,35,15, 4K,56416.0,0.001249,45168935.148118,56416000.0,1.262036,2,7.878711,79150498.809221,79150498.809221,1720689046.5727875,4374104314.909208,55556220.9729969,5605998972.9723,32140151656.336502,0,0,0
Z3,36,15, 4K,63392.0,0.001023,61966764.418377,63392000.0,1.262036,2,7.878711,82510064.663272,82510064.663272,1720689046.5727875,4374104314.909208,55556220.9729969,5605998972.9723,32140151656.336502,0,0,0
Z3,37,15, 4K,78136.0,0.001177,66385726.42311,78136000.0,1.262036,2,7.878711,83393857.064219,83393857.064219,1720689046.5727875,4374104314.909208,55556220.9729969,5605998972.9723,32140151656.336502,0,0,0
Z3,38,15, 4K,85200.0,0.001064,80075187.969925,85200000.0,1.262036,2,7.878711,86131749.373582,86131749.373582,1720689046.5727875,4374104314.909208,55556220.9729969,5605998972.9723,32140151656.336502,0,0,0
