Zone, Tile_no, Seg_no, Reso, Seg_d_size, Seg_d_time, Bitrate, Bitrate1, Buf_lev, Buf_limit, Elapsed, Ref_vp, Local_avg,QoE,QoE1,Z1,Z2,Z3,delay,jitter,loss
Z1,0,1,720,9960.0,0.153525,64875.427455,65096.0,1.0,2,6.1e-05,64875.427455,64875.427455,8841718.267316898,24030091.406445604,1121076.6340343,26856548.744976297,178740280.1362633,50,25,0
Z2,0,1,720,8952.0,0.179194,49957.029811,50008.0,1.0,2,6.1e-05,24978.514906,24978.514906,8841718.267316898,24030091.406445604,1121076.6340343,26856548.744976297,178740280.1362633,50,25,0
Z2,1,1,720,5424.0,0.065696,82562.104238,83440.0,1.0,2,6.1e-05,27520.701413,27520.701413,8841718.267316898,24030091.406445604,1121076.6340343,26856548.744976297,178740280.1362633,50,25,0
Z2,2,1,720,7080.0,0.038582,183505.261521,186312.0,1.0,2,6.1e-05,45876.31538,45876.31538,8841718.267316898,24030091.406445604,1121076.6340343,26856548.744976297,178740280.1362633,50,25,0
Z2,3,1,720,18976.0,0.053455,354990.178655,358032.0,1.0,2,6.1e-05,70998.035731,70998.035731,8841718.267316898,24030091.406445604,1121076.6340343,26856548.744976297,178740280.1362633,50,25,0
Z2,4,1,720,8720.0,0.068001,128233.408332,128232.0,1.0,2,6.1e-05,25646.681666,25646.681666,8841718.267316898,24030091.406445604,1121076.6340343,26856548.744976297,178740280.1362633,50,25,0
Z2,5,1,720,8336.0,0.037948,219669.020765,225296.0,1.0,2,6.1e-05,43933.804153,43933.804153,8841718.267316898,24030091.406445604,1121076.6340343,26856548.744976297,178740280.1362633,50,25,0
Z2,6,1,720,6376.0,0.073943,86228.581475,87336.0,1.0,2,6.1e-05,17245.716295,17245.716295,8841718.267316898,24030091.406445604,1121076.6340343,26856548.744976297,178740280.1362633,50,25,0
Z2,7,1,720,6872.0,0.064514,106519.515144,107368.0,1.0,2,6.1e-05,21303.903029,21303.903029,8841718.267316898,24030091.406445604,1121076.6340343,26856548.744976297,178740280.1362633,50,25,0
Z3,0,1,720,7080.0,0.227314,31146.343824,31184.0,1.0,2,6.1e-05,6229.268765,6229.268765,8841718.267316898,24030091.406445604,1121076.6340343,26856548.744976297,178740280.1362633,50,25,0
Z3,1,1,720,7080.0,0.057712,122678.125866,124208.0,1.0,2,6.1e-05,24535.625173,24535.625173,8841718.267316898,24030091.406445604,1121076.6340343,26856548.744976297,178740280.1362633,50,25,0
Z3,2,1,720,5664.0,0.029621,191215.69157,195304.0,1.0,2,6.1e-05,38243.138314,38243.138314,8841718.267316898,24030091.406445604,1121076.6340343,26856548.744976297,178740280.1362633,50,25,0
Z3,3,1,720,7080.0,0.034171,207193.234029,208232.0,1.0,2,6.1e-05,41438.646806,41438.646806,8841718.267316898,24030091.406445604,1121076.6340343,26856548.744976297,178740280.1362633,50,25,0
Z3,4,1,720,7080.0,0.059492,119007.59766,120000.0,1.0,2,6.1e-05,23801.519532,23801.519532,8841718.267316898,24030091.406445604,1121076.6340343,26856548.744976297,178740280.1362633,50,25,0
Z3,5,1,720,5664.0,0.034353,164876.430006,166584.0,1.0,2,6.1e-05,32975.286001,32975.286001,8841718.267316898,24030091.406445604,1121076.6340343,26856548.744976297,178740280.1362633,50,25,0
Z3,6,1,720,7080.0,0.053637,131998.433917,133584.0,1.0,2,6.1e-05,26399.686783,26399.686783,8841718.267316898,24030091.406445604,1121076.6340343,26856548.744976297,178740280.1362633,50,25,0
Z3,7,1,720,7080.0,0.070074,101036.047607,101136.0,1.0,2,6.1e-05,20207.209521,20207.209521,8841718.267316898,24030091.406445604,1121076.6340343,26856548.744976297,178740280.1362633,50,25,0
Z3,8,1,720,5664.0,0.056071,101014.784826,101136.0,1.0,2,6.1e-05,20202.956965,20202.956965,8841718.267316898,24030091.406445604,1121076.6340343,26856548.744976297,178740280.1362633,50,25,0
Z3,9,1,720,7080.0,0.049494,143047.642138,144488.0,1.0,2,6.1e-05,28609.528428,28609.528428,8841718.267316898,24030091.406445604,1121076.6340343,26856548.744976297,178740280.1362633,50,25,0
Z3,10,1,720,12904.0,0.0676,190887.573964,192592.0,1.0,2,6.1e-05,38177.514793,38177.514793,8841718.267316898,24030091.406445604,1121076.6340343,26856548.744976297,178740280.1362633,50,25,0
Z3,11,1,720,17344.0,0.058385,297062.601696,299032.0,1.0,2,6.1e-05,59412.520339,59412.520339,8841718.267316898,24030091.406445604,1121076.6340343,26856548.744976297,178740280.1362633,50,25,0
Z3,12,1,720,16912.0,0.044605,379150.319471,384360.0,1.0,2,6.1e-05,75830.063894,75830.063894,8841718.267316898,24030091.406445604,1121076.6340343,26856548.744976297,178740280.1362633,50,25,0
Z3,13,1,720,13240.0,0.064544,205131.383242,206872.0,1.0,2,6.1e-05,41026.276648,41026.276648,8841718.267316898,24030091.406445604,1121076.6340343,26856548.744976297,178740280.1362633,50,25,0
Z3,14,1,720,28328.0,0.070645,400990.869842,404680.0,1.0,2,6.1e-05,80198.173968,80198.173968,8841718.267316898,24030091.406445604,1121076.6340343,26856548.744976297,178740280.1362633,50,25,0
Z3,15,1,720,30528.0,0.052288,583843.329253,587072.0,1.0,2,6.1e-05,116768.665851,116768.665851,8841718.267316898,24030091.406445604,1121076.6340343,26856548.744976297,178740280.1362633,50,25,0
Z3,16,1,720,16360.0,0.026266,622858.448184,629224.0,1.0,2,6.1e-05,124571.689637,124571.689637,8841718.267316898,24030091.406445604,1121076.6340343,26856548.744976297,178740280.1362633,50,25,0
Z3,17,1,720,33216.0,0.051021,651026.048098,651288.0,1.0,2,6.1e-05,130205.20962,130205.20962,8841718.267316898,24030091.406445604,1121076.6340343,26856548.744976297,178740280.1362633,50,25,0
Z3,18,1,720,28000.0,0.071054,394066.484645,394360.0,1.0,2,6.1e-05,78813.296929,78813.296929,8841718.267316898,24030091.406445604,1121076.6340343,26856548.744976297,178740280.1362633,50,25,0
Z3,19,1,720,15744.0,0.072052,218508.854716,218664.0,1.0,2,6.1e-05,43701.770943,43701.770943,8841718.267316898,24030091.406445604,1121076.6340343,26856548.744976297,178740280.1362633,50,25,0
Z3,20,1,720,16024.0,0.056686,282680.026814,286136.0,1.0,2,6.1e-05,56536.005363,56536.005363,8841718.267316898,24030091.406445604,1121076.6340343,26856548.744976297,178740280.1362633,50,25,0
Z3,21,1,720,11576.0,0.072995,158586.204535,160776.0,1.0,2,6.1e-05,31717.240907,31717.240907,8841718.267316898,24030091.406445604,1121076.6340343,26856548.744976297,178740280.1362633,50,25,0
Z3,22,1,720,10816.0,0.028432,380416.432189,386280.0,1.0,2,6.1e-05,76083.286438,76083.286438,8841718.267316898,24030091.406445604,1121076.6340343,26856548.744976297,178740280.1362633,50,25,0
Z3,23,1,720,13224.0,0.037211,355378.785843,357400.0,1.0,2,6.1e-05,71075.757169,71075.757169,8841718.267316898,24030091.406445604,1121076.6340343,26856548.744976297,178740280.1362633,50,25,0
Z3,24,1,720,17528.0,0.052426,334337.923931,337072.0,1.0,2,6.1e-05,66867.584786,66867.584786,8841718.267316898,24030091.406445604,1121076.6340343,26856548.744976297,178740280.1362633,50,25,0
Z3,25,1,720,23824.0,0.046974,507174.181462,517912.0,1.0,2,6.1e-05,101434.836292,101434.836292,8841718.267316898,24030091.406445604,1121076.6340343,26856548.744976297,178740280.1362633,50,25,0
Z3,26,1,720,11024.0,0.05778,190792.661821,193400.0,1.0,2,6.1e-05,38158.532364,38158.532364,8841718.267316898,24030091.406445604,1121076.6340343,26856548.744976297,178740280.1362633,50,25,0
Z3,27,1,720,15112.0,0.056313,268357.217694,269856.0,1.0,2,6.1e-05,53671.443539,53671.443539,8841718.267316898,24030091.406445604,1121076.6340343,26856548.744976297,178740280.1362633,50,25,0
Z3,28,1,720,24552.0,0.053299,460646.541211,463240.0,1.0,2,6.1e-05,92129.308242,92129.308242,8841718.267316898,24030091.406445604,1121076.6340343,26856548.744976297,178740280.1362633,50,25,0
Z3,29,1,720,10824.0,0.03709,291830.682125,292536.0,1.0,2,6.1e-05,58366.136425,58366.136425,8841718.267316898,24030091.406445604,1121076.6340343,26856548.744976297,178740280.1362633,50,25,0
Z3,30,1,720,6872.0,0.036108,190317.935084,190888.0,1.0,2,6.1e-05,38063.587017,38063.587017,8841718.267316898,24030091.406445604,1121076.6340343,26856548.744976297,178740280.1362633,50,25,0
Z3,31,1,720,6872.0,0.067062,102472.33903,102560.0,1.0,2,6.1e-05,20494.467806,20494.467806,8841718.267316898,24030091.406445604,1121076.6340343,26856548.744976297,178740280.1362633,50,25,0
Z3,32,1,720,6376.0,0.050908,125245.540976,127520.0,1.0,2,6.1e-05,25049.108195,25049.108195,8841718.267316898,24030091.406445604,1121076.6340343,26856548.744976297,178740280.1362633,50,25,0
Z3,33,1,720,6872.0,0.030763,223385.23551,229064.0,1.0,2,6.1e-05,44677.047102,44677.047102,8841718.267316898,24030091.406445604,1121076.6340343,26856548.744976297,178740280.1362633,50,25,0
Z3,34,1,720,6872.0,0.052012,132123.356149,132152.0,1.0,2,6.1e-05,26424.67123,26424.67123,8841718.267316898,24030091.406445604,1121076.6340343,26856548.744976297,178740280.1362633,50,25,0
Z3,35,1,720,6376.0,0.034121,186864.394361,187528.0,1.0,2,6.1e-05,37372.878872,37372.878872,8841718.267316898,24030091.406445604,1121076.6340343,26856548.744976297,178740280.1362633,50,25,0
Z3,36,1,720,6872.0,0.041699,164800.115111,167608.0,1.0,2,6.1e-05,32960.023022,32960.023022,8841718.267316898,24030091.406445604,1121076.6340343,26856548.744976297,178740280.1362633,50,25,0
Z3,37,1,720,6872.0,0.038492,178530.603762,180840.0,1.0,2,6.1e-05,35706.120752,35706.120752,8841718.267316898,24030091.406445604,1121076.6340343,26856548.744976297,178740280.1362633,50,25,0
Z3,38,1,720,6376.0,0.061033,104468.074648,104520.0,1.0,2,6.1e-05,20893.61493,20893.61493,8841718.267316898,24030091.406445604,1121076.6340343,26856548.744976297,178740280.1362633,50,25,0
Z1,0,2,720,7080.0,0.178186,39733.76135,39768.0,1.0,2,2.903102,28840.3672,28840.3672,8841718.267316898,24030091.406445604,1121076.6340343,26856548.744976297,178740280.1362633,50,25,0
Z2,0,2,720,6624.0,0.172452,38410.688191,38504.0,1.0,2,2.903102,28575.752568,28575.752568,8841718.267316898,24030091.406445604,1121076.6340343,26856548.744976297,178740280.1362633,50,25,0
Z2,1,2,720,5424.0,0.073667,73628.626115,74296.0,1.0,2,2.903102,35619.340153,35619.340153,8841718.267316898,24030091.406445604,1121076.6340343,26856548.744976297,178740280.1362633,50,25,0
Z2,2,2,720,7080.0,0.041526,170495.593122,172680.0,1.0,2,2.903102,54992.733554,54992.733554,8841718.267316898,24030091.406445604,1121076.6340343,26856548.744976297,178740280.1362633,50,25,0
Z2,3,2,720,12648.0,0.073382,172358.344008,173256.0,1.0,2,2.903102,55365.283731,55365.283731,8841718.267316898,24030091.406445604,1121076.6340343,26856548.744976297,178740280.1362633,50,25,0
Z2,4,2,720,15344.0,0.058912,260456.273764,264544.0,1.0,2,2.903102,72984.869682,72984.869682,8841718.267316898,24030091.406445604,1121076.6340343,26856548.744976297,178740280.1362633,50,25,0
Z2,5,2,720,18392.0,0.047611,386297.284241,391312.0,1.0,2,2.903102,98153.071778,98153.071778,8841718.267316898,24030091.406445604,1121076.6340343,26856548.744976297,178740280.1362633,50,25,0
Z2,6,2,720,9160.0,0.051782,176895.446294,179600.0,1.0,2,2.903102,56272.704188,56272.704188,8841718.267316898,24030091.406445604,1121076.6340343,26856548.744976297,178740280.1362633,50,25,0
Z2,7,2,720,8048.0,0.057951,138875.946921,141192.0,1.0,2,2.903102,48668.804314,48668.804314,8841718.267316898,24030091.406445604,1121076.6340343,26856548.744976297,178740280.1362633,50,25,0
Z3,0,2,720,7080.0,0.209134,33853.89272,33872.0,1.0,2,2.903102,27664.393474,27664.393474,8841718.267316898,24030091.406445604,1121076.6340343,26856548.744976297,178740280.1362633,50,25,0
Z3,1,2,720,7080.0,0.048674,145457.533796,147496.0,1.0,2,2.903102,49985.121689,49985.121689,8841718.267316898,24030091.406445604,1121076.6340343,26856548.744976297,178740280.1362633,50,25,0
Z3,2,2,720,5664.0,0.027435,206451.612903,209776.0,1.0,2,2.903102,62183.93751,62183.93751,8841718.267316898,24030091.406445604,1121076.6340343,26856548.744976297,178740280.1362633,50,25,0
Z3,3,2,720,7080.0,0.031049,228026.667526,228384.0,1.0,2,2.903102,66498.948435,66498.948435,8841718.267316898,24030091.406445604,1121076.6340343,26856548.744976297,178740280.1362633,50,25,0
Z3,4,2,720,7080.0,0.030669,230852.000391,236000.0,1.0,2,2.903102,67064.015008,67064.015008,8841718.267316898,24030091.406445604,1121076.6340343,26856548.744976297,178740280.1362633,50,25,0
Z3,5,2,720,5664.0,0.040248,140727.489565,141600.0,1.0,2,2.903102,49039.112843,49039.112843,8841718.267316898,24030091.406445604,1121076.6340343,26856548.744976297,178740280.1362633,50,25,0
Z3,6,2,720,7080.0,0.035664,198519.515478,202280.0,1.0,2,2.903102,60597.518025,60597.518025,8841718.267316898,24030091.406445604,1121076.6340343,26856548.744976297,178740280.1362633,50,25,0
Z3,7,2,720,7080.0,0.066651,106224.962866,107272.0,1.0,2,2.903102,42138.607503,42138.607503,8841718.267316898,24030091.406445604,1121076.6340343,26856548.744976297,178740280.1362633,50,25,0
Z3,8,2,720,5664.0,0.032502,174266.199003,177000.0,1.0,2,2.903102,55746.85473,55746.85473,8841718.267316898,24030091.406445604,1121076.6340343,26856548.744976297,178740280.1362633,50,25,0
Z3,9,2,720,17112.0,0.074801,228766.995094,231240.0,1.0,2,2.903102,66647.013948,66647.013948,8841718.267316898,24030091.406445604,1121076.6340343,26856548.744976297,178740280.1362633,50,25,0
Z3,10,2,720,15320.0,0.057452,266657.383555,268768.0,1.0,2,2.903102,74225.091641,74225.091641,8841718.267316898,24030091.406445604,1121076.6340343,26856548.744976297,178740280.1362633,50,25,0
Z3,11,2,720,10704.0,0.05653,189350.787193,191136.0,1.0,2,2.903102,58763.772368,58763.772368,8841718.267316898,24030091.406445604,1121076.6340343,26856548.744976297,178740280.1362633,50,25,0
Z3,12,2,720,18776.0,0.062833,298823.86644,302832.0,1.0,2,2.903102,80658.388218,80658.388218,8841718.267316898,24030091.406445604,1121076.6340343,26856548.744976297,178740280.1362633,50,25,0
Z3,13,2,720,21848.0,0.05858,372960.054626,376688.0,1.0,2,2.903102,95485.625855,95485.625855,8841718.267316898,24030091.406445604,1121076.6340343,26856548.744976297,178740280.1362633,50,25,0
Z3,14,2,720,12752.0,0.068482,186209.514909,187528.0,1.0,2,2.903102,58135.517911,58135.517911,8841718.267316898,24030091.406445604,1121076.6340343,26856548.744976297,178740280.1362633,50,25,0
Z3,15,2,720,21856.0,0.068258,320196.899997,321408.0,1.0,2,2.903102,84932.994929,84932.994929,8841718.267316898,24030091.406445604,1121076.6340343,26856548.744976297,178740280.1362633,50,25,0
Z3,16,2,720,16880.0,0.034027,496076.645017,496464.0,1.0,2,2.903102,120108.943933,120108.943933,8841718.267316898,24030091.406445604,1121076.6340343,26856548.744976297,178740280.1362633,50,25,0
Z3,17,2,720,12128.0,0.026901,450838.258801,466456.0,1.0,2,2.903102,111061.26669,111061.26669,8841718.267316898,24030091.406445604,1121076.6340343,26856548.744976297,178740280.1362633,50,25,0
Z3,18,2,720,11592.0,0.028864,401607.538803,414000.0,1.0,2,2.903102,101215.12269,101215.12269,8841718.267316898,24030091.406445604,1121076.6340343,26856548.744976297,178740280.1362633,50,25,0
Z3,19,2,720,9952.0,0.070318,141528.484883,142168.0,1.0,2,2.903102,49199.311906,49199.311906,8841718.267316898,24030091.406445604,1121076.6340343,26856548.744976297,178740280.1362633,50,25,0
Z3,20,2,720,11064.0,0.03291,336189.608022,345744.0,1.0,2,2.903102,88131.536534,88131.536534,8841718.267316898,24030091.406445604,1121076.6340343,26856548.744976297,178740280.1362633,50,25,0
Z3,21,2,720,14728.0,0.034989,420932.293006,433176.0,1.0,2,2.903102,105080.073531,105080.073531,8841718.267316898,24030091.406445604,1121076.6340343,26856548.744976297,178740280.1362633,50,25,0
Z3,22,2,720,16264.0,0.057304,283819.628647,285328.0,1.0,2,2.903102,77657.540659,77657.540659,8841718.267316898,24030091.406445604,1121076.6340343,26856548.744976297,178740280.1362633,50,25,0
Z3,23,2,720,9504.0,0.043193,220035.653925,221016.0,1.0,2,2.903102,64900.745715,64900.745715,8841718.267316898,24030091.406445604,1121076.6340343,26856548.744976297,178740280.1362633,50,25,0
Z3,24,2,720,12688.0,0.045137,281099.762944,281952.0,1.0,2,2.903102,77113.567518,77113.567518,8841718.267316898,24030091.406445604,1121076.6340343,26856548.744976297,178740280.1362633,50,25,0
Z3,25,2,720,17320.0,0.066273,261343.231784,262424.0,1.0,2,2.903102,73162.261286,73162.261286,8841718.267316898,24030091.406445604,1121076.6340343,26856548.744976297,178740280.1362633,50,25,0
Z3,26,2,720,10632.0,0.040786,260677.683519,265800.0,1.0,2,2.903102,73029.151633,73029.151633,8841718.267316898,24030091.406445604,1121076.6340343,26856548.744976297,178740280.1362633,50,25,0
Z3,27,2,720,9320.0,0.03783,246365.31853,251888.0,1.0,2,2.903102,70166.678636,70166.678636,8841718.267316898,24030091.406445604,1121076.6340343,26856548.744976297,178740280.1362633,50,25,0
Z3,28,2,720,6376.0,0.058811,108415.092415,109928.0,1.0,2,2.903102,42576.633413,42576.633413,8841718.267316898,24030091.406445604,1121076.6340343,26856548.744976297,178740280.1362633,50,25,0
Z3,29,2,720,6872.0,0.057703,119092.594839,120560.0,1.0,2,2.903102,44712.133897,44712.133897,8841718.267316898,24030091.406445604,1121076.6340343,26856548.744976297,178740280.1362633,50,25,0
Z3,30,2,720,6872.0,0.047725,143991.618649,146208.0,1.0,2,2.903102,49691.938659,49691.938659,8841718.267316898,24030091.406445604,1121076.6340343,26856548.744976297,178740280.1362633,50,25,0
Z3,31,2,720,6376.0,0.042584,149727.59722,151808.0,1.0,2,2.903102,50839.134374,50839.134374,8841718.267316898,24030091.406445604,1121076.6340343,26856548.744976297,178740280.1362633,50,25,0
Z3,32,2,720,6872.0,0.054302,126551.508232,127256.0,1.0,2,2.903102,46203.916576,46203.916576,8841718.267316898,24030091.406445604,1121076.6340343,26856548.744976297,178740280.1362633,50,25,0
Z3,33,2,720,6872.0,0.039198,175315.067095,176200.0,1.0,2,2.903102,55956.628349,55956.628349,8841718.267316898,24030091.406445604,1121076.6340343,26856548.744976297,178740280.1362633,50,25,0
Z3,34,2,720,6376.0,0.035711,178544.426087,182168.0,1.0,2,2.903102,56602.500147,56602.500147,8841718.267316898,24030091.406445604,1121076.6340343,26856548.744976297,178740280.1362633,50,25,0
Z3,35,2,720,6872.0,0.056094,122508.646201,122712.0,1.0,2,2.903102,45395.34417,45395.34417,8841718.267316898,24030091.406445604,1121076.6340343,26856548.744976297,178740280.1362633,50,25,0
Z3,36,2,720,6872.0,0.043294,158728.692198,159808.0,1.0,2,2.903102,52639.353369,52639.353369,8841718.267316898,24030091.406445604,1121076.6340343,26856548.744976297,178740280.1362633,50,25,0
Z3,37,2,720,6376.0,0.066205,96306.925459,96600.0,1.0,2,2.903102,40155.000021,40155.000021,8841718.267316898,24030091.406445604,1121076.6340343,26856548.744976297,178740280.1362633,50,25,0
Z3,38,2,720,6872.0,0.052779,130203.300555,132152.0,1.0,2,2.903102,46934.275041,46934.275041,8841718.267316898,24030091.406445604,1121076.6340343,26856548.744976297,178740280.1362633,50,25,0
Z1,0,3,720,9896.0,0.171733,57624.335451,57864.0,1.0,2,5.707251,58459.142131,58459.142131,8841718.267316898,24030091.406445604,1121076.6340343,26856548.744976297,178740280.1362633,50,25,0
Z2,0,3,720,6624.0,0.154401,42901.276546,43008.0,1.0,2,5.707251,55514.53035,55514.53035,8841718.267316898,24030091.406445604,1121076.6340343,26856548.744976297,178740280.1362633,50,25,0
Z2,1,3,720,5424.0,0.067022,80928.650294,80952.0,1.0,2,5.707251,63120.005099,63120.005099,8841718.267316898,24030091.406445604,1121076.6340343,26856548.744976297,178740280.1362633,50,25,0
Z2,2,3,720,7080.0,0.030479,232291.085666,236000.0,1.0,2,5.707251,93392.492174,93392.492174,8841718.267316898,24030091.406445604,1121076.6340343,26856548.744976297,178740280.1362633,50,25,0
Z2,3,3,720,18632.0,0.034169,545289.589979,548000.0,1.0,2,5.707251,155992.193037,155992.193037,8841718.267316898,24030091.406445604,1121076.6340343,26856548.744976297,178740280.1362633,50,25,0
Z2,4,3,720,9664.0,0.034336,281453.867661,284232.0,1.0,2,5.707251,103225.048573,103225.048573,8841718.267316898,24030091.406445604,1121076.6340343,26856548.744976297,178740280.1362633,50,25,0
Z2,5,3,720,8424.0,0.061028,138035.000328,138096.0,1.0,2,5.707251,74541.275106,74541.275106,8841718.267316898,24030091.406445604,1121076.6340343,26856548.744976297,178740280.1362633,50,25,0
Z2,6,3,720,6376.0,0.057849,110217.981296,111856.0,1.0,2,5.707251,68977.8713,68977.8713,8841718.267316898,24030091.406445604,1121076.6340343,26856548.744976297,178740280.1362633,50,25,0
Z2,7,3,720,6872.0,0.063827,107666.03475,109072.0,1.0,2,5.707251,68467.481991,68467.481991,8841718.267316898,24030091.406445604,1121076.6340343,26856548.744976297,178740280.1362633,50,25,0
Z3,0,3,720,7080.0,0.210197,33682.688145,33712.0,1.0,2,5.707251,53670.81267,53670.81267,8841718.267316898,24030091.406445604,1121076.6340343,26856548.744976297,178740280.1362633,50,25,0
Z3,1,3,720,7080.0,0.035635,198681.07198,202280.0,1.0,2,5.707251,86670.489437,86670.489437,8841718.267316898,24030091.406445604,1121076.6340343,26856548.744976297,178740280.1362633,50,25,0
Z3,2,3,720,5664.0,0.045901,123396.004444,125864.0,1.0,2,5.707251,71613.47593,71613.47593,8841718.267316898,24030091.406445604,1121076.6340343,26856548.744976297,178740280.1362633,50,25,0
Z3,3,3,720,7080.0,0.038492,183934.324015,186312.0,1.0,2,5.707251,83721.139844,83721.139844,8841718.267316898,24030091.406445604,1121076.6340343,26856548.744976297,178740280.1362633,50,25,0
Z3,4,3,720,7080.0,0.047813,148076.882856,150632.0,1.0,2,5.707251,76549.651612,76549.651612,8841718.267316898,24030091.406445604,1121076.6340343,26856548.744976297,178740280.1362633,50,25,0
Z3,5,3,720,5664.0,0.058157,97391.54358,97648.0,1.0,2,5.707251,66412.583757,66412.583757,8841718.267316898,24030091.406445604,1121076.6340343,26856548.744976297,178740280.1362633,50,25,0
Z3,6,3,720,7080.0,0.041386,171072.343304,172680.0,1.0,2,5.707251,81148.743702,81148.743702,8841718.267316898,24030091.406445604,1121076.6340343,26856548.744976297,178740280.1362633,50,25,0
Z3,7,3,720,7080.0,0.066055,107183.407766,107272.0,1.0,2,5.707251,68370.956594,68370.956594,8841718.267316898,24030091.406445604,1121076.6340343,26856548.744976297,178740280.1362633,50,25,0
Z3,8,3,720,5664.0,0.032848,172430.589381,177000.0,1.0,2,5.707251,81420.392917,81420.392917,8841718.267316898,24030091.406445604,1121076.6340343,26856548.744976297,178740280.1362633,50,25,0
Z3,9,3,720,7080.0,0.032995,214577.966359,221248.0,1.0,2,5.707251,89849.868312,89849.868312,8841718.267316898,24030091.406445604,1121076.6340343,26856548.744976297,178740280.1362633,50,25,0
Z3,10,3,720,14120.0,0.054208,260478.158205,261480.0,1.0,2,5.707251,99029.906682,99029.906682,8841718.267316898,24030091.406445604,1121076.6340343,26856548.744976297,178740280.1362633,50,25,0
Z3,11,3,720,17536.0,0.064255,272912.613804,274000.0,1.0,2,5.707251,101516.797802,101516.797802,8841718.267316898,24030091.406445604,1121076.6340343,26856548.744976297,178740280.1362633,50,25,0
Z3,12,3,720,16008.0,0.03696,433116.883117,444664.0,1.0,2,5.707251,133557.651664,133557.651664,8841718.267316898,24030091.406445604,1121076.6340343,26856548.744976297,178740280.1362633,50,25,0
Z3,13,3,720,10896.0,0.047897,227488.151659,231824.0,1.0,2,5.707251,92431.905372,92431.905372,8841718.267316898,24030091.406445604,1121076.6340343,26856548.744976297,178740280.1362633,50,25,0
Z3,14,3,720,19720.0,0.042312,466061.637361,469520.0,1.0,2,5.707251,140146.602513,140146.602513,8841718.267316898,24030091.406445604,1121076.6340343,26856548.744976297,178740280.1362633,50,25,0
Z3,15,3,720,20104.0,0.056185,357817.922933,359000.0,1.0,2,5.707251,118497.859627,118497.859627,8841718.267316898,24030091.406445604,1121076.6340343,26856548.744976297,178740280.1362633,50,25,0
Z3,16,3,720,12504.0,0.039299,318176.035014,320608.0,1.0,2,5.707251,110569.482043,110569.482043,8841718.267316898,24030091.406445604,1121076.6340343,26856548.744976297,178740280.1362633,50,25,0
Z3,17,3,720,23072.0,0.05893,391515.357203,397792.0,1.0,2,5.707251,125237.346481,125237.346481,8841718.267316898,24030091.406445604,1121076.6340343,26856548.744976297,178740280.1362633,50,25,0
Z3,18,3,720,18112.0,0.075062,241293.863739,241488.0,1.0,2,5.707251,95193.047789,95193.047789,8841718.267316898,24030091.406445604,1121076.6340343,26856548.744976297,178740280.1362633,50,25,0
Z3,19,3,720,12544.0,0.051687,242691.585892,245960.0,1.0,2,5.707251,95472.592219,95472.592219,8841718.267316898,24030091.406445604,1121076.6340343,26856548.744976297,178740280.1362633,50,25,0
Z3,20,3,720,15304.0,0.062308,245618.540155,246832.0,1.0,2,5.707251,96057.983072,96057.983072,8841718.267316898,24030091.406445604,1121076.6340343,26856548.744976297,178740280.1362633,50,25,0
Z3,21,3,720,12280.0,0.056892,215847.570836,219280.0,1.0,2,5.707251,90103.789208,90103.789208,8841718.267316898,24030091.406445604,1121076.6340343,26856548.744976297,178740280.1362633,50,25,0
Z3,22,3,720,10368.0,0.073443,141170.703811,142024.0,1.0,2,5.707251,75168.415803,75168.415803,8841718.267316898,24030091.406445604,1121076.6340343,26856548.744976297,178740280.1362633,50,25,0
Z3,23,3,720,10520.0,0.051904,202681.874229,206272.0,1.0,2,5.707251,87470.649887,87470.649887,8841718.267316898,24030091.406445604,1121076.6340343,26856548.744976297,178740280.1362633,50,25,0
Z3,24,3,720,15288.0,0.030523,500868.197753,509600.0,1.0,2,5.707251,147107.914591,147107.914591,8841718.267316898,24030091.406445604,1121076.6340343,26856548.744976297,178740280.1362633,50,25,0
Z3,25,3,720,16344.0,0.054462,300099.151702,302664.0,1.0,2,5.707251,106954.105381,106954.105381,8841718.267316898,24030091.406445604,1121076.6340343,26856548.744976297,178740280.1362633,50,25,0
Z3,26,3,720,9016.0,0.047628,189300.411523,191824.0,1.0,2,5.707251,84794.357345,84794.357345,8841718.267316898,24030091.406445604,1121076.6340343,26856548.744976297,178740280.1362633,50,25,0
Z3,27,3,720,13800.0,0.071761,192305.012472,194360.0,1.0,2,5.707251,85395.277535,85395.277535,8841718.267316898,24030091.406445604,1121076.6340343,26856548.744976297,178740280.1362633,50,25,0
Z3,28,3,720,17664.0,0.034222,516159.195839,519528.0,1.0,2,5.707251,150166.114208,150166.114208,8841718.267316898,24030091.406445604,1121076.6340343,26856548.744976297,178740280.1362633,50,25,0
Z3,29,3,720,10240.0,0.071333,143552.072673,144224.0,1.0,2,5.707251,75644.689575,75644.689575,8841718.267316898,24030091.406445604,1121076.6340343,26856548.744976297,178740280.1362633,50,25,0
Z3,30,3,720,6872.0,0.052347,131277.819168,132152.0,1.0,2,5.707251,73189.838874,73189.838874,8841718.267316898,24030091.406445604,1121076.6340343,26856548.744976297,178740280.1362633,50,25,0
Z3,31,3,720,6872.0,0.064139,107142.300317,107368.0,1.0,2,5.707251,68362.735104,68362.735104,8841718.267316898,24030091.406445604,1121076.6340343,26856548.744976297,178740280.1362633,50,25,0
Z3,32,3,720,6376.0,0.027691,230255.317612,236144.0,1.0,2,5.707251,92985.338563,92985.338563,8841718.267316898,24030091.406445604,1121076.6340343,26856548.744976297,178740280.1362633,50,25,0
Z3,33,3,720,6872.0,0.035837,191757.122527,196336.0,1.0,2,5.707251,85285.699546,85285.699546,8841718.267316898,24030091.406445604,1121076.6340343,26856548.744976297,178740280.1362633,50,25,0
Z3,34,3,720,6872.0,0.064355,106782.689768,107368.0,1.0,2,5.707251,68290.812994,68290.812994,8841718.267316898,24030091.406445604,1121076.6340343,26856548.744976297,178740280.1362633,50,25,0
Z3,35,3,720,6376.0,0.048325,131939.989653,132832.0,1.0,2,5.707251,73322.272971,73322.272971,8841718.267316898,24030091.406445604,1121076.6340343,26856548.744976297,178740280.1362633,50,25,0
Z3,36,3,720,6872.0,0.070271,97792.830613,98168.0,1.0,2,5.707251,66492.841163,66492.841163,8841718.267316898,24030091.406445604,1121076.6340343,26856548.744976297,178740280.1362633,50,25,0
Z3,37,3,720,6872.0,0.040082,171448.530512,171800.0,1.0,2,5.707251,81223.981143,81223.981143,8841718.267316898,24030091.406445604,1121076.6340343,26856548.744976297,178740280.1362633,50,25,0
Z3,38,3,720,6376.0,0.054159,117727.43219,118072.0,1.0,2,5.707251,70479.761479,70479.761479,8841718.267316898,24030091.406445604,1121076.6340343,26856548.744976297,178740280.1362633,50,25,0
Z1,0,4,720,22592.0,0.185388,121863.335275,122112.0,1.0,2,8.537838,94852.428534,94852.428534,8841718.267316898,24030091.406445604,1121076.6340343,26856548.744976297,178740280.1362633,50,25,0
Z2,0,4,720,6624.0,0.194409,34072.496644,34144.0,1.0,2,8.537838,77294.260807,77294.260807,8841718.267316898,24030091.406445604,1121076.6340343,26856548.744976297,178740280.1362633,50,25,0
Z2,1,4,720,6648.0,0.040426,164448.622174,166200.0,1.0,2,8.537838,103369.485914,103369.485914,8841718.267316898,24030091.406445604,1121076.6340343,26856548.744976297,178740280.1362633,50,25,0
Z2,2,4,720,7200.0,0.040536,177619.893428,180000.0,1.0,2,8.537838,106003.740164,106003.740164,8841718.267316898,24030091.406445604,1121076.6340343,26856548.744976297,178740280.1362633,50,25,0
Z2,3,4,720,7296.0,0.049169,148386.178283,148896.0,1.0,2,8.537838,100156.997135,100156.997135,8841718.267316898,24030091.406445604,1121076.6340343,26856548.744976297,178740280.1362633,50,25,0
Z2,4,4,720,17272.0,0.075811,227829.734471,230288.0,1.0,2,8.537838,116045.708373,116045.708373,8841718.267316898,24030091.406445604,1121076.6340343,26856548.744976297,178740280.1362633,50,25,0
Z2,5,4,720,26240.0,0.07157,366634.064552,369576.0,1.0,2,8.537838,143806.574389,143806.574389,8841718.267316898,24030091.406445604,1121076.6340343,26856548.744976297,178740280.1362633,50,25,0
Z2,6,4,720,12720.0,0.044127,288258.889116,289088.0,1.0,2,8.537838,128131.539302,128131.539302,8841718.267316898,24030091.406445604,1121076.6340343,26856548.744976297,178740280.1362633,50,25,0
Z2,7,4,720,11496.0,0.034119,336938.362789,338112.0,1.0,2,8.537838,137867.434037,137867.434037,8841718.267316898,24030091.406445604,1121076.6340343,26856548.744976297,178740280.1362633,50,25,0
Z3,0,4,720,6448.0,0.189615,34005.74849,34112.0,1.0,2,8.537838,77280.911177,77280.911177,8841718.267316898,24030091.406445604,1121076.6340343,26856548.744976297,178740280.1362633,50,25,0
Z3,1,4,720,7448.0,0.061799,120519.749511,122096.0,1.0,2,8.537838,94583.711381,94583.711381,8841718.267316898,24030091.406445604,1121076.6340343,26856548.744976297,178740280.1362633,50,25,0
Z3,2,4,720,7424.0,0.036324,204382.777227,206216.0,1.0,2,8.537838,111356.316924,111356.316924,8841718.267316898,24030091.406445604,1121076.6340343,26856548.744976297,178740280.1362633,50,25,0
Z3,3,4,720,6648.0,0.062748,105947.599924,107224.0,1.0,2,8.537838,91669.281463,91669.281463,8841718.267316898,24030091.406445604,1121076.6340343,26856548.744976297,178740280.1362633,50,25,0
Z3,4,4,720,7224.0,0.048149,150034.268624,150496.0,1.0,2,8.537838,100486.615204,100486.615204,8841718.267316898,24030091.406445604,1121076.6340343,26856548.744976297,178740280.1362633,50,25,0
Z3,5,4,720,7240.0,0.030405,238118.730472,241328.0,1.0,2,8.537838,118103.507573,118103.507573,8841718.267316898,24030091.406445604,1121076.6340343,26856548.744976297,178740280.1362633,50,25,0
Z3,6,4,720,6648.0,0.045676,145546.895525,147728.0,1.0,2,8.537838,99589.140584,99589.140584,8841718.267316898,24030091.406445604,1121076.6340343,26856548.744976297,178740280.1362633,50,25,0
Z3,7,4,720,7232.0,0.065781,109940.560344,111256.0,1.0,2,8.537838,92467.873548,92467.873548,8841718.267316898,24030091.406445604,1121076.6340343,26856548.744976297,178740280.1362633,50,25,0
Z3,8,4,720,7296.0,0.057489,126911.235193,128000.0,1.0,2,8.537838,95862.008517,95862.008517,8841718.267316898,24030091.406445604,1121076.6340343,26856548.744976297,178740280.1362633,50,25,0
Z3,9,4,720,16456.0,0.045259,363596.190813,365688.0,1.0,2,8.537838,143198.999641,143198.999641,8841718.267316898,24030091.406445604,1121076.6340343,26856548.744976297,178740280.1362633,50,25,0
Z3,10,4,720,25392.0,0.044415,571698.750422,577088.0,1.0,2,8.537838,184819.511563,184819.511563,8841718.267316898,24030091.406445604,1121076.6340343,26856548.744976297,178740280.1362633,50,25,0
Z3,11,4,720,21592.0,0.052282,412991.086799,415224.0,1.0,2,8.537838,153077.978838,153077.978838,8841718.267316898,24030091.406445604,1121076.6340343,26856548.744976297,178740280.1362633,50,25,0
Z3,12,4,720,13528.0,0.059142,228737.614555,229288.0,1.0,2,8.537838,116227.28439,116227.28439,8841718.267316898,24030091.406445604,1121076.6340343,26856548.744976297,178740280.1362633,50,25,0
Z3,13,4,720,29512.0,0.056095,526107.496212,527000.0,1.0,2,8.537838,175701.260721,175701.260721,8841718.267316898,24030091.406445604,1121076.6340343,26856548.744976297,178740280.1362633,50,25,0
Z3,14,4,720,29688.0,0.062765,473002.469529,478832.0,1.0,2,8.537838,165080.255385,165080.255385,8841718.267316898,24030091.406445604,1121076.6340343,26856548.744976297,178740280.1362633,50,25,0
Z3,15,4,720,16760.0,0.038052,440449.910649,441048.0,1.0,2,8.537838,158569.743608,158569.743608,8841718.267316898,24030091.406445604,1121076.6340343,26856548.744976297,178740280.1362633,50,25,0
Z3,16,4,720,33128.0,0.061137,541864.99174,543080.0,1.0,2,8.537838,178852.759827,178852.759827,8841718.267316898,24030091.406445604,1121076.6340343,26856548.744976297,178740280.1362633,50,25,0
Z3,17,4,720,26248.0,0.042211,621828.433347,624952.0,1.0,2,8.537838,194845.448148,194845.448148,8841718.267316898,24030091.406445604,1121076.6340343,26856548.744976297,178740280.1362633,50,25,0
Z3,18,4,720,14624.0,0.05207,280852.698291,281224.0,1.0,2,8.537838,126650.301137,126650.301137,8841718.267316898,24030091.406445604,1121076.6340343,26856548.744976297,178740280.1362633,50,25,0
Z3,19,4,720,26816.0,0.036096,742907.801418,744888.0,1.0,2,8.537838,219061.321762,219061.321762,8841718.267316898,24030091.406445604,1121076.6340343,26856548.744976297,178740280.1362633,50,25,0
Z3,20,4,720,23128.0,0.053523,432113.297087,436376.0,1.0,2,8.537838,156902.420896,156902.420896,8841718.267316898,24030091.406445604,1121076.6340343,26856548.744976297,178740280.1362633,50,25,0
Z3,21,4,720,19440.0,0.041579,467543.71197,474144.0,1.0,2,8.537838,163988.503873,163988.503873,8841718.267316898,24030091.406445604,1121076.6340343,26856548.744976297,178740280.1362633,50,25,0
Z3,22,4,720,29088.0,0.074897,388373.366089,393080.0,1.0,2,8.537838,148154.434697,148154.434697,8841718.267316898,24030091.406445604,1121076.6340343,26856548.744976297,178740280.1362633,50,25,0
Z3,23,4,720,29840.0,0.043689,683009.45318,693952.0,1.0,2,8.537838,207081.652115,207081.652115,8841718.267316898,24030091.406445604,1121076.6340343,26856548.744976297,178740280.1362633,50,25,0
Z3,24,4,720,17200.0,0.075474,227893.049262,229328.0,1.0,2,8.537838,116058.371331,116058.371331,8841718.267316898,24030091.406445604,1121076.6340343,26856548.744976297,178740280.1362633,50,25,0
Z3,25,4,720,25664.0,0.070963,361653.255922,366624.0,1.0,2,8.537838,142810.412663,142810.412663,8841718.267316898,24030091.406445604,1121076.6340343,26856548.744976297,178740280.1362633,50,25,0
Z3,26,4,720,26808.0,0.060194,445360.002658,446800.0,1.0,2,8.537838,159551.76201,159551.76201,8841718.267316898,24030091.406445604,1121076.6340343,26856548.744976297,178740280.1362633,50,25,0
Z3,27,4,720,17472.0,0.056083,311538.255799,312000.0,1.0,2,8.537838,132787.412639,132787.412639,8841718.267316898,24030091.406445604,1121076.6340343,26856548.744976297,178740280.1362633,50,25,0
Z3,28,4,720,6448.0,0.039497,163252.905284,165328.0,1.0,2,8.537838,103130.342536,103130.342536,8841718.267316898,24030091.406445604,1121076.6340343,26856548.744976297,178740280.1362633,50,25,0
Z3,29,4,720,7200.0,0.066238,108698.934147,109088.0,1.0,2,8.537838,92219.548308,92219.548308,8841718.267316898,24030091.406445604,1121076.6340343,26856548.744976297,178740280.1362633,50,25,0
Z3,30,4,720,7520.0,0.046155,162929.260102,163472.0,1.0,2,8.537838,103065.613499,103065.613499,8841718.267316898,24030091.406445604,1121076.6340343,26856548.744976297,178740280.1362633,50,25,0
Z3,31,4,720,6728.0,0.053042,126842.879228,126936.0,1.0,2,8.537838,95848.337324,95848.337324,8841718.267316898,24030091.406445604,1121076.6340343,26856548.744976297,178740280.1362633,50,25,0
Z3,32,4,720,7224.0,0.057339,125987.547742,126736.0,1.0,2,8.537838,95677.271027,95677.271027,8841718.267316898,24030091.406445604,1121076.6340343,26856548.744976297,178740280.1362633,50,25,0
Z3,33,4,720,7256.0,0.056197,129117.212663,129568.0,1.0,2,8.537838,96303.204011,96303.204011,8841718.267316898,24030091.406445604,1121076.6340343,26856548.744976297,178740280.1362633,50,25,0
Z3,34,4,720,6544.0,0.054039,121097.725717,121184.0,1.0,2,8.537838,94699.306622,94699.306622,8841718.267316898,24030091.406445604,1121076.6340343,26856548.744976297,178740280.1362633,50,25,0
Z3,35,4,720,12272.0,0.037516,327113.764794,331672.0,1.0,2,8.537838,135902.514437,135902.514437,8841718.267316898,24030091.406445604,1121076.6340343,26856548.744976297,178740280.1362633,50,25,0
Z3,36,4,720,8544.0,0.02884,296255.20111,305136.0,1.0,2,8.537838,129730.801701,129730.801701,8841718.267316898,24030091.406445604,1121076.6340343,26856548.744976297,178740280.1362633,50,25,0
Z3,37,4,720,6424.0,0.073107,87871.202484,88000.0,1.0,2,8.537838,88054.001976,88054.001976,8841718.267316898,24030091.406445604,1121076.6340343,26856548.744976297,178740280.1362633,50,25,0
Z3,38,4,720,6872.0,0.035847,191703.629313,196336.0,1.0,2,8.537838,108820.487341,108820.487341,8841718.267316898,24030091.406445604,1121076.6340343,26856548.744976297,178740280.1362633,50,25,0
Z1,0,5,720,20272.0,0.210066,96503.003818,96528.0,1.0,2,11.452284,128121.088105,128121.088105,8841718.267316898,24030091.406445604,1121076.6340343,26856548.744976297,178740280.1362633,50,25,0
Z2,0,5,720,6624.0,0.197007,33623.17075,33624.0,1.0,2,11.452284,115545.121491,115545.121491,8841718.267316898,24030091.406445604,1121076.6340343,26856548.744976297,178740280.1362633,50,25,0
Z2,1,5,720,7616.0,0.039266,193959.15041,195280.0,1.0,2,11.452284,147612.317423,147612.317423,8841718.267316898,24030091.406445604,1121076.6340343,26856548.744976297,178740280.1362633,50,25,0
Z2,2,5,720,8792.0,0.042546,206646.92333,209328.0,1.0,2,11.452284,150149.872007,150149.872007,8841718.267316898,24030091.406445604,1121076.6340343,26856548.744976297,178740280.1362633,50,25,0
Z2,3,5,720,8816.0,0.061677,142938.210354,144520.0,1.0,2,11.452284,137408.129412,137408.129412,8841718.267316898,24030091.406445604,1121076.6340343,26856548.744976297,178740280.1362633,50,25,0
Z2,4,5,720,14976.0,0.048745,307231.510924,312000.0,1.0,2,11.452284,170266.789526,170266.789526,8841718.267316898,24030091.406445604,1121076.6340343,26856548.744976297,178740280.1362633,50,25,0
Z2,5,5,720,25312.0,0.06053,418172.806873,421864.0,1.0,2,11.452284,192455.048716,192455.048716,8841718.267316898,24030091.406445604,1121076.6340343,26856548.744976297,178740280.1362633,50,25,0
Z2,6,5,720,13208.0,0.046666,283032.614752,287128.0,1.0,2,11.452284,165427.010292,165427.010292,8841718.267316898,24030091.406445604,1121076.6340343,26856548.744976297,178740280.1362633,50,25,0
Z2,7,5,720,16320.0,0.038789,420737.838047,429472.0,1.0,2,11.452284,192968.054951,192968.054951,8841718.267316898,24030091.406445604,1121076.6340343,26856548.744976297,178740280.1362633,50,25,0
Z3,0,5,720,7712.0,0.142205,54231.567104,54304.0,1.0,2,11.452284,119666.800762,119666.800762,8841718.267316898,24030091.406445604,1121076.6340343,26856548.744976297,178740280.1362633,50,25,0
Z3,1,5,720,9624.0,0.06822,141072.99912,141528.0,1.0,2,11.452284,137035.087166,137035.087166,8841718.267316898,24030091.406445604,1121076.6340343,26856548.744976297,178740280.1362633,50,25,0
Z3,2,5,720,9096.0,0.02669,340801.798426,349840.0,1.0,2,11.452284,176980.847027,176980.847027,8841718.267316898,24030091.406445604,1121076.6340343,26856548.744976297,178740280.1362633,50,25,0
Z3,3,5,720,7632.0,0.04539,168142.762723,169600.0,1.0,2,11.452284,142449.039886,142449.039886,8841718.267316898,24030091.406445604,1121076.6340343,26856548.744976297,178740280.1362633,50,25,0
Z3,4,5,720,8304.0,0.07107,116842.549599,116952.0,1.0,2,11.452284,132188.997261,132188.997261,8841718.267316898,24030091.406445604,1121076.6340343,26856548.744976297,178740280.1362633,50,25,0
Z3,5,5,720,8504.0,0.072839,116750.641826,118104.0,1.0,2,11.452284,132170.615707,132170.615707,8841718.267316898,24030091.406445604,1121076.6340343,26856548.744976297,178740280.1362633,50,25,0
Z3,6,5,720,7384.0,0.034517,213923.573891,217176.0,1.0,2,11.452284,151605.20212,151605.20212,8841718.267316898,24030091.406445604,1121076.6340343,26856548.744976297,178740280.1362633,50,25,0
Z3,7,5,720,8968.0,0.048968,183140.009802,186832.0,1.0,2,11.452284,145448.489302,145448.489302,8841718.267316898,24030091.406445604,1121076.6340343,26856548.744976297,178740280.1362633,50,25,0
Z3,8,5,720,8912.0,0.0658,135440.729483,137104.0,1.0,2,11.452284,135908.633238,135908.633238,8841718.267316898,24030091.406445604,1121076.6340343,26856548.744976297,178740280.1362633,50,25,0
Z3,9,5,720,16688.0,0.057823,288604.880411,292768.0,1.0,2,11.452284,166541.463424,166541.463424,8841718.267316898,24030091.406445604,1121076.6340343,26856548.744976297,178740280.1362633,50,25,0
Z3,10,5,720,23832.0,0.038913,612443.142395,627152.0,1.0,2,11.452284,231309.11582,231309.11582,8841718.267316898,24030091.406445604,1121076.6340343,26856548.744976297,178740280.1362633,50,25,0
Z3,11,5,720,21144.0,0.051064,414068.619771,414584.0,1.0,2,11.452284,191634.211296,191634.211296,8841718.267316898,24030091.406445604,1121076.6340343,26856548.744976297,178740280.1362633,50,25,0
Z3,12,5,720,14272.0,0.054731,260766.293326,264296.0,1.0,2,11.452284,160973.746007,160973.746007,8841718.267316898,24030091.406445604,1121076.6340343,26856548.744976297,178740280.1362633,50,25,0
Z3,13,5,720,27640.0,0.051403,537711.806704,541960.0,1.0,2,11.452284,216362.848682,216362.848682,8841718.267316898,24030091.406445604,1121076.6340343,26856548.744976297,178740280.1362633,50,25,0
Z3,14,5,720,33288.0,0.041288,806239.100949,811896.0,1.0,2,11.452284,270068.307531,270068.307531,8841718.267316898,24030091.406445604,1121076.6340343,26856548.744976297,178740280.1362633,50,25,0
Z3,15,5,720,17576.0,0.063008,278948.704926,278984.0,1.0,2,11.452284,164610.228327,164610.228327,8841718.267316898,24030091.406445604,1121076.6340343,26856548.744976297,178740280.1362633,50,25,0
Z3,16,5,720,34872.0,0.060652,574952.186243,581200.0,1.0,2,11.452284,223810.92459,223810.92459,8841718.267316898,24030091.406445604,1121076.6340343,26856548.744976297,178740280.1362633,50,25,0
Z3,17,5,720,27336.0,0.075771,360771.271331,364480.0,1.0,2,11.452284,180974.741608,180974.741608,8841718.267316898,24030091.406445604,1121076.6340343,26856548.744976297,178740280.1362633,50,25,0
Z3,18,5,720,18312.0,0.069547,263303.952723,265384.0,1.0,2,11.452284,161481.277886,161481.277886,8841718.267316898,24030091.406445604,1121076.6340343,26856548.744976297,178740280.1362633,50,25,0
Z3,19,5,720,41432.0,0.071813,576942.893348,583544.0,1.0,2,11.452284,224209.066011,224209.066011,8841718.267316898,24030091.406445604,1121076.6340343,26856548.744976297,178740280.1362633,50,25,0
Z3,20,5,720,36760.0,0.042685,861192.456366,875232.0,1.0,2,11.452284,281058.978615,281058.978615,8841718.267316898,24030091.406445604,1121076.6340343,26856548.744976297,178740280.1362633,50,25,0
Z3,21,5,720,21272.0,0.045023,472469.626635,472704.0,1.0,2,11.452284,203314.412668,203314.412668,8841718.267316898,24030091.406445604,1121076.6340343,26856548.744976297,178740280.1362633,50,25,0
Z3,22,5,720,43464.0,0.04614,942002.60078,944864.0,1.0,2,11.452284,297221.007497,297221.007497,8841718.267316898,24030091.406445604,1121076.6340343,26856548.744976297,178740280.1362633,50,25,0
Z3,23,5,720,42000.0,0.070402,596573.960967,600000.0,1.0,2,11.452284,228135.279535,228135.279535,8841718.267316898,24030091.406445604,1121076.6340343,26856548.744976297,178740280.1362633,50,25,0
Z3,24,5,720,20304.0,0.040471,501692.569988,507600.0,1.0,2,11.452284,209159.001339,209159.001339,8841718.267316898,24030091.406445604,1121076.6340343,26856548.744976297,178740280.1362633,50,25,0
Z3,25,5,720,32736.0,0.067715,483437.938418,488592.0,1.0,2,11.452284,205508.075025,205508.075025,8841718.267316898,24030091.406445604,1121076.6340343,26856548.744976297,178740280.1362633,50,25,0
Z3,26,5,720,34608.0,0.051586,670879.696042,678584.0,1.0,2,11.452284,242996.42655,242996.42655,8841718.267316898,24030091.406445604,1121076.6340343,26856548.744976297,178740280.1362633,50,25,0
Z3,27,5,720,21272.0,0.074113,287021.170375,287456.0,1.0,2,11.452284,166224.721416,166224.721416,8841718.267316898,24030091.406445604,1121076.6340343,26856548.744976297,178740280.1362633,50,25,0
Z3,28,5,720,8752.0,0.066538,131533.86035,132600.0,1.0,2,11.452284,135127.259412,135127.259412,8841718.267316898,24030091.406445604,1121076.6340343,26856548.744976297,178740280.1362633,50,25,0
Z3,29,5,720,12760.0,0.032794,389095.566262,398744.0,1.0,2,11.452284,186639.600594,186639.600594,8841718.267316898,24030091.406445604,1121076.6340343,26856548.744976297,178740280.1362633,50,25,0
Z3,30,5,720,15440.0,0.069493,222180.651289,223768.0,1.0,2,11.452284,153256.617599,153256.617599,8841718.267316898,24030091.406445604,1121076.6340343,26856548.744976297,178740280.1362633,50,25,0
Z3,31,5,720,10000.0,0.038442,260132.147131,263152.0,1.0,2,11.452284,160846.916768,160846.916768,8841718.267316898,24030091.406445604,1121076.6340343,26856548.744976297,178740280.1362633,50,25,0
Z3,32,5,720,15200.0,0.035269,430973.376053,434280.0,1.0,2,11.452284,195015.162552,195015.162552,8841718.267316898,24030091.406445604,1121076.6340343,26856548.744976297,178740280.1362633,50,25,0
Z3,33,5,720,18352.0,0.062814,292164.167224,296000.0,1.0,2,11.452284,167253.320786,167253.320786,8841718.267316898,24030091.406445604,1121076.6340343,26856548.744976297,178740280.1362633,50,25,0
Z3,34,5,720,11224.0,0.058482,191922.300879,193512.0,1.0,2,11.452284,147204.947517,147204.947517,8841718.267316898,24030091.406445604,1121076.6340343,26856548.744976297,178740280.1362633,50,25,0
Z3,35,5,720,23240.0,0.04009,579695.684709,581000.0,1.0,2,11.452284,224759.624283,224759.624283,8841718.267316898,24030091.406445604,1121076.6340343,26856548.744976297,178740280.1362633,50,25,0
Z3,36,5,720,16824.0,0.072994,230484.697372,233664.0,1.0,2,11.452284,154917.426816,154917.426816,8841718.267316898,24030091.406445604,1121076.6340343,26856548.744976297,178740280.1362633,50,25,0
Z3,37,5,720,9680.0,0.049424,195856.264163,197544.0,1.0,2,11.452284,147991.740174,147991.740174,8841718.267316898,24030091.406445604,1121076.6340343,26856548.744976297,178740280.1362633,50,25,0
Z3,38,5,720,12888.0,0.071414,180468.815638,181520.0,1.0,2,11.452284,144914.250469,144914.250469,8841718.267316898,24030091.406445604,1121076.6340343,26856548.744976297,178740280.1362633,50,25,0
Z1,0,6,720,7488.0,0.20039,37367.134089,37440.0,1.0,2,14.45261,131494.062357,131494.062357,8841718.267316898,24030091.406445604,1121076.6340343,26856548.744976297,178740280.1362633,50,25,0
Z2,0,6,720,6624.0,0.194507,34055.329628,34144.0,1.0,2,14.45261,130831.701465,130831.701465,8841718.267316898,24030091.406445604,1121076.6340343,26856548.744976297,178740280.1362633,50,25,0
Z2,1,6,720,6768.0,0.055628,121665.348386,123048.0,1.0,2,14.45261,148353.705217,148353.705217,8841718.267316898,24030091.406445604,1121076.6340343,26856548.744976297,178740280.1362633,50,25,0
Z2,2,6,720,7752.0,0.038566,201006.067521,204000.0,1.0,2,14.45261,164221.849044,164221.849044,8841718.267316898,24030091.406445604,1121076.6340343,26856548.744976297,178740280.1362633,50,25,0
Z2,3,6,720,10768.0,0.068533,157121.386777,158352.0,1.0,2,14.45261,155444.912895,155444.912895,8841718.267316898,24030091.406445604,1121076.6340343,26856548.744976297,178740280.1362633,50,25,0
Z2,4,6,720,14912.0,0.035177,423913.352475,426056.0,1.0,2,14.45261,208803.306034,208803.306034,8841718.267316898,24030091.406445604,1121076.6340343,26856548.744976297,178740280.1362633,50,25,0
Z2,5,6,720,14376.0,0.049834,288477.746117,293384.0,1.0,2,14.45261,181716.184763,181716.184763,8841718.267316898,24030091.406445604,1121076.6340343,26856548.744976297,178740280.1362633,50,25,0
Z2,6,6,720,7176.0,0.055099,130238.298336,130472.0,1.0,2,14.45261,150068.295207,150068.295207,8841718.267316898,24030091.406445604,1121076.6340343,26856548.744976297,178740280.1362633,50,25,0
Z2,7,6,720,8768.0,0.043309,202452.146205,203904.0,1.0,2,14.45261,164511.064781,164511.064781,8841718.267316898,24030091.406445604,1121076.6340343,26856548.744976297,178740280.1362633,50,25,0
Z3,0,6,720,6760.0,0.197199,34280.092698,34312.0,1.0,2,14.45261,130876.654079,130876.654079,8841718.267316898,24030091.406445604,1121076.6340343,26856548.744976297,178740280.1362633,50,25,0
Z3,1,6,720,8320.0,0.02773,300036.062027,308144.0,1.0,2,14.45261,184027.847945,184027.847945,8841718.267316898,24030091.406445604,1121076.6340343,26856548.744976297,178740280.1362633,50,25,0
Z3,2,6,720,7800.0,0.037906,205772.173271,210808.0,1.0,2,14.45261,165175.070194,165175.070194,8841718.267316898,24030091.406445604,1121076.6340343,26856548.744976297,178740280.1362633,50,25,0
Z3,3,6,720,6928.0,0.067322,102908.410326,103400.0,1.0,2,14.45261,144602.317605,144602.317605,8841718.267316898,24030091.406445604,1121076.6340343,26856548.744976297,178740280.1362633,50,25,0
Z3,4,6,720,7472.0,0.037872,197296.155471,201944.0,1.0,2,14.45261,163479.866634,163479.866634,8841718.267316898,24030091.406445604,1121076.6340343,26856548.744976297,178740280.1362633,50,25,0
Z3,5,6,720,7416.0,0.070635,104990.443831,105936.0,1.0,2,14.45261,145018.724306,145018.724306,8841718.267316898,24030091.406445604,1121076.6340343,26856548.744976297,178740280.1362633,50,25,0
Z3,6,6,720,6760.0,0.041323,163589.284418,164872.0,1.0,2,14.45261,156738.492423,156738.492423,8841718.267316898,24030091.406445604,1121076.6340343,26856548.744976297,178740280.1362633,50,25,0
Z3,7,6,720,7600.0,0.069991,108585.38955,110144.0,1.0,2,14.45261,145737.713449,145737.713449,8841718.267316898,24030091.406445604,1121076.6340343,26856548.744976297,178740280.1362633,50,25,0
Z3,8,6,720,7600.0,0.065067,116802.680314,116920.0,1.0,2,14.45261,147381.171602,147381.171602,8841718.267316898,24030091.406445604,1121076.6340343,26856548.744976297,178740280.1362633,50,25,0
Z3,9,6,720,12912.0,0.055979,230657.925293,234760.0,1.0,2,14.45261,170152.220598,170152.220598,8841718.267316898,24030091.406445604,1121076.6340343,26856548.744976297,178740280.1362633,50,25,0
Z3,10,6,720,17552.0,0.060018,292445.599653,292528.0,1.0,2,14.45261,182509.75547,182509.75547,8841718.267316898,24030091.406445604,1121076.6340343,26856548.744976297,178740280.1362633,50,25,0
Z3,11,6,720,14968.0,0.04906,305095.80106,305464.0,1.0,2,14.45261,185039.795751,185039.795751,8841718.267316898,24030091.406445604,1121076.6340343,26856548.744976297,178740280.1362633,50,25,0
Z3,12,6,720,10336.0,0.033399,309470.343423,313208.0,1.0,2,14.45261,185914.704224,185914.704224,8841718.267316898,24030091.406445604,1121076.6340343,26856548.744976297,178740280.1362633,50,25,0
Z3,13,6,720,18344.0,0.058877,311564.787608,316272.0,1.0,2,14.45261,186333.593061,186333.593061,8841718.267316898,24030091.406445604,1121076.6340343,26856548.744976297,178740280.1362633,50,25,0
Z3,14,6,720,20456.0,0.064104,319106.452015,319624.0,1.0,2,14.45261,187841.925943,187841.925943,8841718.267316898,24030091.406445604,1121076.6340343,26856548.744976297,178740280.1362633,50,25,0
Z3,15,6,720,12480.0,0.050894,245215.546037,249600.0,1.0,2,14.45261,173063.744747,173063.744747,8841718.267316898,24030091.406445604,1121076.6340343,26856548.744976297,178740280.1362633,50,25,0
Z3,16,6,720,18912.0,0.062571,302248.645539,305032.0,1.0,2,14.45261,184470.364647,184470.364647,8841718.267316898,24030091.406445604,1121076.6340343,26856548.744976297,178740280.1362633,50,25,0
Z3,17,6,720,16112.0,0.040556,397277.838051,402800.0,1.0,2,14.45261,203476.20315,203476.20315,8841718.267316898,24030091.406445604,1121076.6340343,26856548.744976297,178740280.1362633,50,25,0
Z3,18,6,720,17456.0,0.047781,365333.500764,371400.0,1.0,2,14.45261,197087.335692,197087.335692,8841718.267316898,24030091.406445604,1121076.6340343,26856548.744976297,178740280.1362633,50,25,0
Z3,19,6,720,16088.0,0.064333,250073.834579,251368.0,1.0,2,14.45261,174035.402455,174035.402455,8841718.267316898,24030091.406445604,1121076.6340343,26856548.744976297,178740280.1362633,50,25,0
Z3,20,6,720,31984.0,0.067811,471663.889339,477368.0,1.0,2,14.45261,218353.413407,218353.413407,8841718.267316898,24030091.406445604,1121076.6340343,26856548.744976297,178740280.1362633,50,25,0
Z3,21,6,720,21472.0,0.055271,388485.824393,390400.0,1.0,2,14.45261,201717.800418,201717.800418,8841718.267316898,24030091.406445604,1121076.6340343,26856548.744976297,178740280.1362633,50,25,0
Z3,22,6,720,19320.0,0.061962,311804.008909,316720.0,1.0,2,14.45261,186381.437321,186381.437321,8841718.267316898,24030091.406445604,1121076.6340343,26856548.744976297,178740280.1362633,50,25,0
Z3,23,6,720,33040.0,0.032372,1020635.116768,1032496.0,1.0,2,14.45261,328147.658893,328147.658893,8841718.267316898,24030091.406445604,1121076.6340343,26856548.744976297,178740280.1362633,50,25,0
Z3,24,6,720,26472.0,0.073433,360491.876949,362624.0,1.0,2,14.45261,196119.010929,196119.010929,8841718.267316898,24030091.406445604,1121076.6340343,26856548.744976297,178740280.1362633,50,25,0
Z3,25,6,720,12984.0,0.027094,479220.491622,480888.0,1.0,2,14.45261,219864.733864,219864.733864,8841718.267316898,24030091.406445604,1121076.6340343,26856548.744976297,178740280.1362633,50,25,0
Z3,26,6,720,21128.0,0.070826,298308.530766,301824.0,1.0,2,14.45261,183682.341693,183682.341693,8841718.267316898,24030091.406445604,1121076.6340343,26856548.744976297,178740280.1362633,50,25,0
Z3,27,6,720,21576.0,0.049904,432350.112215,440320.0,1.0,2,14.45261,210490.657983,210490.657983,8841718.267316898,24030091.406445604,1121076.6340343,26856548.744976297,178740280.1362633,50,25,0
Z3,28,6,720,9568.0,0.064175,149092.325672,149496.0,1.0,2,14.45261,153839.100674,153839.100674,8841718.267316898,24030091.406445604,1121076.6340343,26856548.744976297,178740280.1362633,50,25,0
Z3,29,6,720,12800.0,0.057846,221277.184248,224560.0,1.0,2,14.45261,168276.072389,168276.072389,8841718.267316898,24030091.406445604,1121076.6340343,26856548.744976297,178740280.1362633,50,25,0
Z3,30,6,720,7048.0,0.026495,266012.45518,271072.0,1.0,2,14.45261,177223.126576,177223.126576,8841718.267316898,24030091.406445604,1121076.6340343,26856548.744976297,178740280.1362633,50,25,0
Z3,31,6,720,8656.0,0.027204,318188.501691,320592.0,1.0,2,14.45261,187658.335878,187658.335878,8841718.267316898,24030091.406445604,1121076.6340343,26856548.744976297,178740280.1362633,50,25,0
Z3,32,6,720,9488.0,0.038159,248643.832386,249680.0,1.0,2,14.45261,173749.402017,173749.402017,8841718.267316898,24030091.406445604,1121076.6340343,26856548.744976297,178740280.1362633,50,25,0
Z3,33,6,720,8424.0,0.038837,216906.558179,221680.0,1.0,2,14.45261,167401.947175,167401.947175,8841718.267316898,24030091.406445604,1121076.6340343,26856548.744976297,178740280.1362633,50,25,0
Z3,34,6,720,9328.0,0.053623,173955.205789,176000.0,1.0,2,14.45261,158811.676697,158811.676697,8841718.267316898,24030091.406445604,1121076.6340343,26856548.744976297,178740280.1362633,50,25,0
Z3,35,6,720,8680.0,0.038164,227439.471753,228416.0,1.0,2,14.45261,169508.52989,169508.52989,8841718.267316898,24030091.406445604,1121076.6340343,26856548.744976297,178740280.1362633,50,25,0
Z3,36,6,720,7160.0,0.059067,121218.277549,121352.0,1.0,2,14.45261,148264.291049,148264.291049,8841718.267316898,24030091.406445604,1121076.6340343,26856548.744976297,178740280.1362633,50,25,0
Z3,37,6,720,10360.0,0.054884,188761.752059,191848.0,1.0,2,14.45261,161772.985951,161772.985951,8841718.267316898,24030091.406445604,1121076.6340343,26856548.744976297,178740280.1362633,50,25,0
Z3,38,6,720,9048.0,0.044428,203655.35248,205632.0,1.0,2,14.45261,164751.706036,164751.706036,8841718.267316898,24030091.406445604,1121076.6340343,26856548.744976297,178740280.1362633,50,25,0
Z1,0,7,720,14352.0,0.168204,85324.962545,85424.0,1.0,2,17.344913,155776.038434,155776.038434,8841718.267316898,24030091.406445604,1121076.6340343,26856548.744976297,178740280.1362633,50,25,0
Z2,0,7,720,6624.0,0.197992,33455.897208,33624.0,1.0,2,17.344913,145402.225366,145402.225366,8841718.267316898,24030091.406445604,1121076.6340343,26856548.744976297,178740280.1362633,50,25,0
Z2,1,7,720,6792.0,0.028404,239121.250528,242568.0,1.0,2,17.344913,186535.29603,186535.29603,8841718.267316898,24030091.406445604,1121076.6340343,26856548.744976297,178740280.1362633,50,25,0
Z2,2,7,720,7408.0,0.051929,142656.319205,145248.0,1.0,2,17.344913,167242.309766,167242.309766,8841718.267316898,24030091.406445604,1121076.6340343,26856548.744976297,178740280.1362633,50,25,0
Z2,3,7,720,7464.0,0.051543,144811.128572,146352.0,1.0,2,17.344913,167673.271639,167673.271639,8841718.267316898,24030091.406445604,1121076.6340343,26856548.744976297,178740280.1362633,50,25,0
Z2,4,7,720,10144.0,0.054312,186772.720577,187848.0,1.0,2,17.344913,176065.59004,176065.59004,8841718.267316898,24030091.406445604,1121076.6340343,26856548.744976297,178740280.1362633,50,25,0
Z2,5,7,720,16856.0,0.062835,268258.136389,271864.0,1.0,2,17.344913,192362.673202,192362.673202,8841718.267316898,24030091.406445604,1121076.6340343,26856548.744976297,178740280.1362633,50,25,0
Z2,6,7,720,9672.0,0.045586,212170.403194,214928.0,1.0,2,17.344913,181145.126563,181145.126563,8841718.267316898,24030091.406445604,1121076.6340343,26856548.744976297,178740280.1362633,50,25,0
Z2,7,7,720,13368.0,0.037486,356613.135571,361296.0,1.0,2,17.344913,210033.673039,210033.673039,8841718.267316898,24030091.406445604,1121076.6340343,26856548.744976297,178740280.1362633,50,25,0
Z3,0,7,720,6656.0,0.226513,29384.626931,29448.0,1.0,2,17.344913,144587.971311,144587.971311,8841718.267316898,24030091.406445604,1121076.6340343,26856548.744976297,178740280.1362633,50,25,0
Z3,1,7,720,7664.0,0.042498,180337.898254,182472.0,1.0,2,17.344913,174778.625575,174778.625575,8841718.267316898,24030091.406445604,1121076.6340343,26856548.744976297,178740280.1362633,50,25,0
Z3,2,7,720,7664.0,0.056131,136537.742068,136856.0,1.0,2,17.344913,166018.594338,166018.594338,8841718.267316898,24030091.406445604,1121076.6340343,26856548.744976297,178740280.1362633,50,25,0
Z3,3,7,720,6920.0,0.061768,112032.120192,113440.0,1.0,2,17.344913,161117.469963,161117.469963,8841718.267316898,24030091.406445604,1121076.6340343,26856548.744976297,178740280.1362633,50,25,0
Z3,4,7,720,7504.0,0.0404,185742.574257,187600.0,1.0,2,17.344913,175859.560776,175859.560776,8841718.267316898,24030091.406445604,1121076.6340343,26856548.744976297,178740280.1362633,50,25,0
Z3,5,7,720,7480.0,0.037085,201698.800054,202160.0,1.0,2,17.344913,179050.805935,179050.805935,8841718.267316898,24030091.406445604,1121076.6340343,26856548.744976297,178740280.1362633,50,25,0
Z3,6,7,720,6728.0,0.069262,97138.40201,97504.0,1.0,2,17.344913,158138.726326,158138.726326,8841718.267316898,24030091.406445604,1121076.6340343,26856548.744976297,178740280.1362633,50,25,0
Z3,7,7,720,7632.0,0.027835,274187.174421,282664.0,1.0,2,17.344913,193548.480809,193548.480809,8841718.267316898,24030091.406445604,1121076.6340343,26856548.744976297,178740280.1362633,50,25,0
Z3,8,7,720,7392.0,0.048557,152233.457586,154000.0,1.0,2,17.344913,169157.737442,169157.737442,8841718.267316898,24030091.406445604,1121076.6340343,26856548.744976297,178740280.1362633,50,25,0
Z3,9,7,720,12800.0,0.050287,254538.946447,256000.0,1.0,2,17.344913,189618.835214,189618.835214,8841718.267316898,24030091.406445604,1121076.6340343,26856548.744976297,178740280.1362633,50,25,0
Z3,10,7,720,16760.0,0.044284,378466.26321,380904.0,1.0,2,17.344913,214404.298567,214404.298567,8841718.267316898,24030091.406445604,1121076.6340343,26856548.744976297,178740280.1362633,50,25,0
Z3,11,7,720,14104.0,0.028205,500053.18206,503712.0,1.0,2,17.344913,238721.682337,238721.682337,8841718.267316898,24030091.406445604,1121076.6340343,26856548.744976297,178740280.1362633,50,25,0
Z3,12,7,720,9704.0,0.068037,142628.275791,142704.0,1.0,2,17.344913,167236.701083,167236.701083,8841718.267316898,24030091.406445604,1121076.6340343,26856548.744976297,178740280.1362633,50,25,0
Z3,13,7,720,17248.0,0.054169,318410.899223,319400.0,1.0,2,17.344913,202393.225769,202393.225769,8841718.267316898,24030091.406445604,1121076.6340343,26856548.744976297,178740280.1362633,50,25,0
Z3,14,7,720,21552.0,0.048077,448280.882751,449000.0,1.0,2,17.344913,228367.222475,228367.222475,8841718.267316898,24030091.406445604,1121076.6340343,26856548.744976297,178740280.1362633,50,25,0
Z3,15,7,720,16688.0,0.057511,290170.576064,292768.0,1.0,2,17.344913,196745.161137,196745.161137,8841718.267316898,24030091.406445604,1121076.6340343,26856548.744976297,178740280.1362633,50,25,0
Z3,16,7,720,23312.0,0.053416,436423.543508,439848.0,1.0,2,17.344913,225995.754626,225995.754626,8841718.267316898,24030091.406445604,1121076.6340343,26856548.744976297,178740280.1362633,50,25,0
Z3,17,7,720,14952.0,0.040624,368058.290666,373800.0,1.0,2,17.344913,212322.704058,212322.704058,8841718.267316898,24030091.406445604,1121076.6340343,26856548.744976297,178740280.1362633,50,25,0
Z3,18,7,720,23928.0,0.05734,417300.313917,419784.0,1.0,2,17.344913,222171.108708,222171.108708,8841718.267316898,24030091.406445604,1121076.6340343,26856548.744976297,178740280.1362633,50,25,0
Z3,19,7,720,29544.0,0.06788,435238.656453,440952.0,1.0,2,17.344913,225758.777215,225758.777215,8841718.267316898,24030091.406445604,1121076.6340343,26856548.744976297,178740280.1362633,50,25,0
Z3,20,7,720,31920.0,0.062812,508183.149717,514832.0,1.0,2,17.344913,240347.675868,240347.675868,8841718.267316898,24030091.406445604,1121076.6340343,26856548.744976297,178740280.1362633,50,25,0
Z3,21,7,720,15096.0,0.05825,259158.798283,260272.0,1.0,2,17.344913,190542.805581,190542.805581,8841718.267316898,24030091.406445604,1121076.6340343,26856548.744976297,178740280.1362633,50,25,0
Z3,22,7,720,22296.0,0.058527,380952.380952,384408.0,1.0,2,17.344913,214901.522115,214901.522115,8841718.267316898,24030091.406445604,1121076.6340343,26856548.744976297,178740280.1362633,50,25,0
Z3,23,7,720,24272.0,0.067953,357188.056451,362264.0,1.0,2,17.344913,210148.657215,210148.657215,8841718.267316898,24030091.406445604,1121076.6340343,26856548.744976297,178740280.1362633,50,25,0
Z3,24,7,720,13368.0,0.07296,183223.684211,185664.0,1.0,2,17.344913,175355.782767,175355.782767,8841718.267316898,24030091.406445604,1121076.6340343,26856548.744976297,178740280.1362633,50,25,0
Z3,25,7,720,21768.0,0.06341,343289.70194,345520.0,1.0,2,17.344913,207368.986312,207368.986312,8841718.267316898,24030091.406445604,1121076.6340343,26856548.744976297,178740280.1362633,50,25,0
Z3,26,7,720,21680.0,0.067826,319641.435438,323576.0,1.0,2,17.344913,202639.333012,202639.333012,8841718.267316898,24030091.406445604,1121076.6340343,26856548.744976297,178740280.1362633,50,25,0
Z3,27,7,720,15008.0,0.051325,292411.105699,294272.0,1.0,2,17.344913,197193.267064,197193.267064,8841718.267316898,24030091.406445604,1121076.6340343,26856548.744976297,178740280.1362633,50,25,0
Z3,28,7,720,13424.0,0.066491,201891.985381,203392.0,1.0,2,17.344913,179089.443001,179089.443001,8841718.267316898,24030091.406445604,1121076.6340343,26856548.744976297,178740280.1362633,50,25,0
Z3,29,7,720,8064.0,0.07227,111581.569116,112000.0,1.0,2,17.344913,161027.359748,161027.359748,8841718.267316898,24030091.406445604,1121076.6340343,26856548.744976297,178740280.1362633,50,25,0
Z3,30,7,720,9424.0,0.051881,181646.460168,184784.0,1.0,2,17.344913,175040.337958,175040.337958,8841718.267316898,24030091.406445604,1121076.6340343,26856548.744976297,178740280.1362633,50,25,0
Z3,31,7,720,7368.0,0.075401,97717.536903,98240.0,1.0,2,17.344913,158254.553305,158254.553305,8841718.267316898,24030091.406445604,1121076.6340343,26856548.744976297,178740280.1362633,50,25,0
Z3,32,7,720,8792.0,0.035054,250813.031323,251200.0,1.0,2,17.344913,188873.652189,188873.652189,8841718.267316898,24030091.406445604,1121076.6340343,26856548.744976297,178740280.1362633,50,25,0
Z3,33,7,720,8568.0,0.051805,165389.441174,168000.0,1.0,2,17.344913,171788.934159,171788.934159,8841718.267316898,24030091.406445604,1121076.6340343,26856548.744976297,178740280.1362633,50,25,0
Z3,34,7,720,7064.0,0.054779,128954.52637,130808.0,1.0,2,17.344913,164501.951198,164501.951198,8841718.267316898,24030091.406445604,1121076.6340343,26856548.744976297,178740280.1362633,50,25,0
Z3,35,7,720,10104.0,0.026863,376130.737446,388608.0,1.0,2,17.344913,213937.193414,213937.193414,8841718.267316898,24030091.406445604,1121076.6340343,26856548.744976297,178740280.1362633,50,25,0
Z3,36,7,720,8640.0,0.032792,263478.897292,270000.0,1.0,2,17.344913,191406.825383,191406.825383,8841718.267316898,24030091.406445604,1121076.6340343,26856548.744976297,178740280.1362633,50,25,0
Z3,37,7,720,7168.0,0.055953,128107.51881,130320.0,1.0,2,17.344913,164332.549687,164332.549687,8841718.267316898,24030091.406445604,1121076.6340343,26856548.744976297,178740280.1362633,50,25,0
Z3,38,7,720,8160.0,0.049654,164337.213518,166528.0,1.0,2,17.344913,171578.488628,171578.488628,8841718.267316898,24030091.406445604,1121076.6340343,26856548.744976297,178740280.1362633,50,25,0
Z1,0,8,720,7744.0,0.156815,49383.03096,49640.0,1.0,2,20.3066,157909.608382,157909.608382,8841718.267316898,24030091.406445604,1121076.6340343,26856548.744976297,178740280.1362633,50,25,0
Z2,0,8,720,6624.0,0.183074,36182.090302,36192.0,1.0,2,20.3066,155269.42025,155269.42025,8841718.267316898,24030091.406445604,1121076.6340343,26856548.744976297,178740280.1362633,50,25,0
Z2,1,8,720,6968.0,0.073072,95358.003065,95448.0,1.0,2,20.3066,167104.602803,167104.602803,8841718.267316898,24030091.406445604,1121076.6340343,26856548.744976297,178740280.1362633,50,25,0
Z2,2,8,720,7968.0,0.068557,116224.455563,117176.0,1.0,2,20.3066,171277.893302,171277.893302,8841718.267316898,24030091.406445604,1121076.6340343,26856548.744976297,178740280.1362633,50,25,0
Z2,3,8,720,12752.0,0.051981,245320.405533,250032.0,1.0,2,20.3066,197097.083297,197097.083297,8841718.267316898,24030091.406445604,1121076.6340343,26856548.744976297,178740280.1362633,50,25,0
Z2,4,8,720,18720.0,0.065919,283984.890547,288000.0,1.0,2,20.3066,204829.980299,204829.980299,8841718.267316898,24030091.406445604,1121076.6340343,26856548.744976297,178740280.1362633,50,25,0
Z2,5,8,720,25648.0,0.057271,447835.728379,449960.0,1.0,2,20.3066,237600.147866,237600.147866,8841718.267316898,24030091.406445604,1121076.6340343,26856548.744976297,178740280.1362633,50,25,0
Z2,6,8,720,9784.0,0.033148,295161.095692,296480.0,1.0,2,20.3066,207065.221328,207065.221328,8841718.267316898,24030091.406445604,1121076.6340343,26856548.744976297,178740280.1362633,50,25,0
Z2,7,8,720,13192.0,0.067927,194208.488524,196888.0,1.0,2,20.3066,186874.699895,186874.699895,8841718.267316898,24030091.406445604,1121076.6340343,26856548.744976297,178740280.1362633,50,25,0
Z3,0,8,720,6768.0,0.165965,40779.682463,41016.0,1.0,2,20.3066,156188.938683,156188.938683,8841718.267316898,24030091.406445604,1121076.6340343,26856548.744976297,178740280.1362633,50,25,0
Z3,1,8,720,8032.0,0.073388,109445.685943,110024.0,1.0,2,20.3066,169922.139379,169922.139379,8841718.267316898,24030091.406445604,1121076.6340343,26856548.744976297,178740280.1362633,50,25,0
Z3,2,8,720,7872.0,0.033838,232637.862758,238544.0,1.0,2,20.3066,194560.574742,194560.574742,8841718.267316898,24030091.406445604,1121076.6340343,26856548.744976297,178740280.1362633,50,25,0
Z3,3,8,720,7024.0,0.037773,185952.929341,189832.0,1.0,2,20.3066,185223.588058,185223.588058,8841718.267316898,24030091.406445604,1121076.6340343,26856548.744976297,178740280.1362633,50,25,0
Z3,4,8,720,7816.0,0.037232,209926.944564,211240.0,1.0,2,20.3066,190018.391103,190018.391103,8841718.267316898,24030091.406445604,1121076.6340343,26856548.744976297,178740280.1362633,50,25,0
Z3,5,8,720,7936.0,0.037463,211835.677869,214480.0,1.0,2,20.3066,190400.137764,190400.137764,8841718.267316898,24030091.406445604,1121076.6340343,26856548.744976297,178740280.1362633,50,25,0
Z3,6,8,720,6928.0,0.028049,246996.327855,247424.0,1.0,2,20.3066,197432.267761,197432.267761,8841718.267316898,24030091.406445604,1121076.6340343,26856548.744976297,178740280.1362633,50,25,0
Z3,7,8,720,8048.0,0.048678,165331.36119,167664.0,1.0,2,20.3066,181099.274428,181099.274428,8841718.267316898,24030091.406445604,1121076.6340343,26856548.744976297,178740280.1362633,50,25,0
Z3,8,8,720,7664.0,0.04341,176549.182216,178232.0,1.0,2,20.3066,183342.838633,183342.838633,8841718.267316898,24030091.406445604,1121076.6340343,26856548.744976297,178740280.1362633,50,25,0
Z3,9,8,720,14248.0,0.052249,272694.214243,274000.0,1.0,2,20.3066,202571.845039,202571.845039,8841718.267316898,24030091.406445604,1121076.6340343,26856548.744976297,178740280.1362633,50,25,0
Z3,10,8,720,19448.0,0.046752,415982.20397,422776.0,1.0,2,20.3066,231229.442984,231229.442984,8841718.267316898,24030091.406445604,1121076.6340343,26856548.744976297,178740280.1362633,50,25,0
Z3,11,8,720,17344.0,0.074161,233869.554078,234376.0,1.0,2,20.3066,194806.913006,194806.913006,8841718.267316898,24030091.406445604,1121076.6340343,26856548.744976297,178740280.1362633,50,25,0
Z3,12,8,720,11952.0,0.03251,367640.72593,373496.0,1.0,2,20.3066,221561.147376,221561.147376,8841718.267316898,24030091.406445604,1121076.6340343,26856548.744976297,178740280.1362633,50,25,0
Z3,13,8,720,25224.0,0.046424,543339.651904,548344.0,1.0,2,20.3066,256700.932571,256700.932571,8841718.267316898,24030091.406445604,1121076.6340343,26856548.744976297,178740280.1362633,50,25,0
Z3,14,8,720,35992.0,0.049285,730283.04758,734528.0,1.0,2,20.3066,294089.611706,294089.611706,8841718.267316898,24030091.406445604,1121076.6340343,26856548.744976297,178740280.1362633,50,25,0
Z3,15,8,720,20016.0,0.056159,356416.60286,357424.0,1.0,2,20.3066,219316.322762,219316.322762,8841718.267316898,24030091.406445604,1121076.6340343,26856548.744976297,178740280.1362633,50,25,0
Z3,16,8,720,36432.0,0.072497,502531.13922,506000.0,1.0,2,20.3066,248539.230034,248539.230034,8841718.267316898,24030091.406445604,1121076.6340343,26856548.744976297,178740280.1362633,50,25,0
Z3,17,8,720,22472.0,0.057957,387735.735114,394240.0,1.0,2,20.3066,225580.149213,225580.149213,8841718.267316898,24030091.406445604,1121076.6340343,26856548.744976297,178740280.1362633,50,25,0
Z3,18,8,720,21736.0,0.051116,425228.89115,426192.0,1.0,2,20.3066,233078.78042,233078.78042,8841718.267316898,24030091.406445604,1121076.6340343,26856548.744976297,178740280.1362633,50,25,0
Z3,19,8,720,16848.0,0.06245,269783.827062,271736.0,1.0,2,20.3066,201989.767602,201989.767602,8841718.267316898,24030091.406445604,1121076.6340343,26856548.744976297,178740280.1362633,50,25,0
Z3,20,8,720,47160.0,0.044098,1069436.255612,1071816.0,1.0,2,20.3066,361920.253312,361920.253312,8841718.267316898,24030091.406445604,1121076.6340343,26856548.744976297,178740280.1362633,50,25,0
Z3,21,8,720,39472.0,0.046816,843130.553657,858080.0,1.0,2,20.3066,316659.112921,316659.112921,8841718.267316898,24030091.406445604,1121076.6340343,26856548.744976297,178740280.1362633,50,25,0
Z3,22,8,720,26968.0,0.073159,368621.769024,369424.0,1.0,2,20.3066,221757.355995,221757.355995,8841718.267316898,24030091.406445604,1121076.6340343,26856548.744976297,178740280.1362633,50,25,0
Z3,23,8,720,39776.0,0.039003,1019818.988283,1019896.0,1.0,2,20.3066,351996.799847,351996.799847,8841718.267316898,24030091.406445604,1121076.6340343,26856548.744976297,178740280.1362633,50,25,0
Z3,24,8,720,34992.0,0.071068,492373.501435,492840.0,1.0,2,20.3066,246507.702477,246507.702477,8841718.267316898,24030091.406445604,1121076.6340343,26856548.744976297,178740280.1362633,50,25,0
Z3,25,8,720,22464.0,0.06708,334883.72093,335280.0,1.0,2,20.3066,215009.746376,215009.746376,8841718.267316898,24030091.406445604,1121076.6340343,26856548.744976297,178740280.1362633,50,25,0
Z3,26,8,720,43144.0,0.069627,619644.67807,625272.0,1.0,2,20.3066,271961.937804,271961.937804,8841718.267316898,24030091.406445604,1121076.6340343,26856548.744976297,178740280.1362633,50,25,0
Z3,27,8,720,43672.0,0.064101,681299.823716,682368.0,1.0,2,20.3066,284292.966933,284292.966933,8841718.267316898,24030091.406445604,1121076.6340343,26856548.744976297,178740280.1362633,50,25,0
Z3,28,8,720,18320.0,0.04808,381031.613977,381664.0,1.0,2,20.3066,224239.324985,224239.324985,8841718.267316898,24030091.406445604,1121076.6340343,26856548.744976297,178740280.1362633,50,25,0
Z3,29,8,720,24560.0,0.075159,326773.905986,327464.0,1.0,2,20.3066,213387.783387,213387.783387,8841718.267316898,24030091.406445604,1121076.6340343,26856548.744976297,178740280.1362633,50,25,0
Z3,30,8,720,19040.0,0.042245,450704.225352,453328.0,1.0,2,20.3066,238173.84726,238173.84726,8841718.267316898,24030091.406445604,1121076.6340343,26856548.744976297,178740280.1362633,50,25,0
Z3,31,8,720,20160.0,0.030442,662242.953814,672000.0,1.0,2,20.3066,280481.592953,280481.592953,8841718.267316898,24030091.406445604,1121076.6340343,26856548.744976297,178740280.1362633,50,25,0
Z3,32,8,720,16496.0,0.029258,563811.607082,568824.0,1.0,2,20.3066,260795.323606,260795.323606,8841718.267316898,24030091.406445604,1121076.6340343,26856548.744976297,178740280.1362633,50,25,0
Z3,33,8,720,11624.0,0.057184,203273.642977,203928.0,1.0,2,20.3066,188687.730785,188687.730785,8841718.267316898,24030091.406445604,1121076.6340343,26856548.744976297,178740280.1362633,50,25,0
Z3,34,8,720,21024.0,0.069682,301713.498464,304688.0,1.0,2,20.3066,208375.701883,208375.701883,8841718.267316898,24030091.406445604,1121076.6340343,26856548.744976297,178740280.1362633,50,25,0
Z3,35,8,720,28496.0,0.074763,381151.104156,385080.0,1.0,2,20.3066,224263.223021,224263.223021,8841718.267316898,24030091.406445604,1121076.6340343,26856548.744976297,178740280.1362633,50,25,0
Z3,36,8,720,12416.0,0.028468,436138.822538,443424.0,1.0,2,20.3066,235260.766697,235260.766697,8841718.267316898,24030091.406445604,1121076.6340343,26856548.744976297,178740280.1362633,50,25,0
Z3,37,8,720,17312.0,0.029242,592025.169277,596960.0,1.0,2,20.3066,266438.036045,266438.036045,8841718.267316898,24030091.406445604,1121076.6340343,26856548.744976297,178740280.1362633,50,25,0
Z3,38,8,720,14664.0,0.029749,492924.131904,505648.0,1.0,2,20.3066,246617.828571,246617.828571,8841718.267316898,24030091.406445604,1121076.6340343,26856548.744976297,178740280.1362633,50,25,0
Z1,0,9,720,7696.0,0.178284,43167.081735,43232.0,1.0,2,23.168465,216910.519055,216910.519055,8841718.267316898,24030091.406445604,1121076.6340343,26856548.744976297,178740280.1362633,50,25,0
Z2,0,9,720,6624.0,0.18149,36497.878671,36592.0,1.0,2,23.168465,215576.678442,215576.678442,8841718.267316898,24030091.406445604,1121076.6340343,26856548.744976297,178740280.1362633,50,25,0
Z2,1,9,720,6776.0,0.041922,161633.509852,165264.0,1.0,2,23.168465,240603.804678,240603.804678,8841718.267316898,24030091.406445604,1121076.6340343,26856548.744976297,178740280.1362633,50,25,0
Z2,2,9,720,7496.0,0.046302,161893.654702,162952.0,1.0,2,23.168465,240655.833648,240655.833648,8841718.267316898,24030091.406445604,1121076.6340343,26856548.744976297,178740280.1362633,50,25,0
Z2,3,9,720,16056.0,0.033596,477914.037385,486544.0,1.0,2,23.168465,303859.910185,303859.910185,8841718.267316898,24030091.406445604,1121076.6340343,26856548.744976297,178740280.1362633,50,25,0
Z2,4,9,720,24464.0,0.073698,331949.30663,335120.0,1.0,2,23.168465,274666.964034,274666.964034,8841718.267316898,24030091.406445604,1121076.6340343,26856548.744976297,178740280.1362633,50,25,0
Z2,5,9,720,36648.0,0.069521,527150.069763,531128.0,1.0,2,23.168465,313707.116661,313707.116661,8841718.267316898,24030091.406445604,1121076.6340343,26856548.744976297,178740280.1362633,50,25,0
Z2,6,9,720,11344.0,0.034846,325546.691155,333640.0,1.0,2,23.168465,273386.440939,273386.440939,8841718.267316898,24030091.406445604,1121076.6340343,26856548.744976297,178740280.1362633,50,25,0
Z2,7,9,720,15808.0,0.036576,432195.975503,439104.0,1.0,2,23.168465,294716.297809,294716.297809,8841718.267316898,24030091.406445604,1121076.6340343,26856548.744976297,178740280.1362633,50,25,0
Z3,0,9,720,6752.0,0.180138,37482.374624,37504.0,1.0,2,23.168465,215773.577633,215773.577633,8841718.267316898,24030091.406445604,1121076.6340343,26856548.744976297,178740280.1362633,50,25,0
Z3,1,9,720,9824.0,0.032952,298130.614227,307000.0,1.0,2,23.168465,267903.225553,267903.225553,8841718.267316898,24030091.406445604,1121076.6340343,26856548.744976297,178740280.1362633,50,25,0
Z3,2,9,720,8640.0,0.043418,198995.80819,200928.0,1.0,2,23.168465,248076.264346,248076.264346,8841718.267316898,24030091.406445604,1121076.6340343,26856548.744976297,178740280.1362633,50,25,0
Z3,3,9,720,7248.0,0.030474,237842.094901,241600.0,1.0,2,23.168465,255845.521688,255845.521688,8841718.267316898,24030091.406445604,1121076.6340343,26856548.744976297,178740280.1362633,50,25,0
Z3,4,9,720,8336.0,0.054811,152086.260057,154368.0,1.0,2,23.168465,238694.354719,238694.354719,8841718.267316898,24030091.406445604,1121076.6340343,26856548.744976297,178740280.1362633,50,25,0
Z3,5,9,720,9640.0,0.055005,175256.794837,175272.0,1.0,2,23.168465,243328.461675,243328.461675,8841718.267316898,24030091.406445604,1121076.6340343,26856548.744976297,178740280.1362633,50,25,0
Z3,6,9,720,10312.0,0.043941,234678.318655,239808.0,1.0,2,23.168465,255212.766439,255212.766439,8841718.267316898,24030091.406445604,1121076.6340343,26856548.744976297,178740280.1362633,50,25,0
Z3,7,9,720,21208.0,0.052366,404995.607837,407840.0,1.0,2,23.168465,289276.224275,289276.224275,8841718.267316898,24030091.406445604,1121076.6340343,26856548.744976297,178740280.1362633,50,25,0
Z3,8,9,720,8000.0,0.049023,163188.707341,163264.0,1.0,2,23.168465,240914.844176,240914.844176,8841718.267316898,24030091.406445604,1121076.6340343,26856548.744976297,178740280.1362633,50,25,0
Z3,9,9,720,16880.0,0.040575,416019.716574,422000.0,1.0,2,23.168465,291481.046023,291481.046023,8841718.267316898,24030091.406445604,1121076.6340343,26856548.744976297,178740280.1362633,50,25,0
Z3,10,9,720,23240.0,0.075797,306608.440967,309864.0,1.0,2,23.168465,269598.790901,269598.790901,8841718.267316898,24030091.406445604,1121076.6340343,26856548.744976297,178740280.1362633,50,25,0
Z3,11,9,720,21680.0,0.048473,447259.298991,451664.0,1.0,2,23.168465,297728.962506,297728.962506,8841718.267316898,24030091.406445604,1121076.6340343,26856548.744976297,178740280.1362633,50,25,0
Z3,12,9,720,16096.0,0.061436,261996.223712,263864.0,1.0,2,23.168465,260676.34745,260676.34745,8841718.267316898,24030091.406445604,1121076.6340343,26856548.744976297,178740280.1362633,50,25,0
Z3,13,9,720,39872.0,0.065735,606556.628889,613408.0,1.0,2,23.168465,329588.428486,329588.428486,8841718.267316898,24030091.406445604,1121076.6340343,26856548.744976297,178740280.1362633,50,25,0
Z3,14,9,720,46392.0,0.059688,777241.656614,786304.0,1.0,2,23.168465,363725.434031,363725.434031,8841718.267316898,24030091.406445604,1121076.6340343,26856548.744976297,178740280.1362633,50,25,0
Z3,15,9,720,26168.0,0.074417,351640.082239,353616.0,1.0,2,23.168465,278605.119156,278605.119156,8841718.267316898,24030091.406445604,1121076.6340343,26856548.744976297,178740280.1362633,50,25,0
Z3,16,9,720,48816.0,0.051047,956295.178953,957176.0,1.0,2,23.168465,399536.138499,399536.138499,8841718.267316898,24030091.406445604,1121076.6340343,26856548.744976297,178740280.1362633,50,25,0
Z3,17,9,720,38664.0,0.050367,767645.482161,773280.0,1.0,2,23.168465,361806.19914,361806.19914,8841718.267316898,24030091.406445604,1121076.6340343,26856548.744976297,178740280.1362633,50,25,0
Z3,18,9,720,26344.0,0.072831,361714.105257,365888.0,1.0,2,23.168465,280619.923759,280619.923759,8841718.267316898,24030091.406445604,1121076.6340343,26856548.744976297,178740280.1362633,50,25,0
Z3,19,9,720,19912.0,0.066319,300245.781752,301696.0,1.0,2,23.168465,268326.259058,268326.259058,8841718.267316898,24030091.406445604,1121076.6340343,26856548.744976297,178740280.1362633,50,25,0
Z3,20,9,720,61688.0,0.070096,880050.216845,881256.0,1.0,2,23.168465,384287.146077,384287.146077,8841718.267316898,24030091.406445604,1121076.6340343,26856548.744976297,178740280.1362633,50,25,0
Z3,21,9,720,59200.0,0.072537,816135.213753,822216.0,1.0,2,23.168465,371504.145459,371504.145459,8841718.267316898,24030091.406445604,1121076.6340343,26856548.744976297,178740280.1362633,50,25,0
Z3,22,9,720,41064.0,0.042299,970803.092272,977712.0,1.0,2,23.168465,402437.721162,402437.721162,8841718.267316898,24030091.406445604,1121076.6340343,26856548.744976297,178740280.1362633,50,25,0
Z3,23,9,720,55576.0,0.060241,922561.046463,926264.0,1.0,2,23.168465,392789.312001,392789.312001,8841718.267316898,24030091.406445604,1121076.6340343,26856548.744976297,178740280.1362633,50,25,0
Z3,24,9,720,50200.0,0.062613,801750.435213,809672.0,1.0,2,23.168465,368627.189751,368627.189751,8841718.267316898,24030091.406445604,1121076.6340343,26856548.744976297,178740280.1362633,50,25,0
Z3,25,9,720,30056.0,0.052087,577034.576766,578000.0,1.0,2,23.168465,323684.018061,323684.018061,8841718.267316898,24030091.406445604,1121076.6340343,26856548.744976297,178740280.1362633,50,25,0
Z3,26,9,720,59504.0,0.067344,883582.798765,888112.0,1.0,2,23.168465,384993.662461,384993.662461,8841718.267316898,24030091.406445604,1121076.6340343,26856548.744976297,178740280.1362633,50,25,0
Z3,27,9,720,65232.0,0.070796,921407.989152,931880.0,1.0,2,23.168465,392558.700538,392558.700538,8841718.267316898,24030091.406445604,1121076.6340343,26856548.744976297,178740280.1362633,50,25,0
Z3,28,9,720,23952.0,0.06478,369743.74807,374248.0,1.0,2,23.168465,282225.852322,282225.852322,8841718.267316898,24030091.406445604,1121076.6340343,26856548.744976297,178740280.1362633,50,25,0
Z3,29,9,720,32816.0,0.057235,573355.464314,575712.0,1.0,2,23.168465,322948.195571,322948.195571,8841718.267316898,24030091.406445604,1121076.6340343,26856548.744976297,178740280.1362633,50,25,0
Z3,30,9,720,8856.0,0.053573,165307.15099,167088.0,1.0,2,23.168465,241338.532906,241338.532906,8841718.267316898,24030091.406445604,1121076.6340343,26856548.744976297,178740280.1362633,50,25,0
Z3,31,9,720,14088.0,0.040739,345811.139203,352200.0,1.0,2,23.168465,277439.330549,277439.330549,8841718.267316898,24030091.406445604,1121076.6340343,26856548.744976297,178740280.1362633,50,25,0
Z3,32,9,720,15104.0,0.041723,362006.567121,368384.0,1.0,2,23.168465,280678.416132,280678.416132,8841718.267316898,24030091.406445604,1121076.6340343,26856548.744976297,178740280.1362633,50,25,0
Z3,33,9,720,11784.0,0.029117,404712.023904,406344.0,1.0,2,23.168465,289219.507489,289219.507489,8841718.267316898,24030091.406445604,1121076.6340343,26856548.744976297,178740280.1362633,50,25,0
Z3,34,9,720,18496.0,0.065451,282593.084903,284552.0,1.0,2,23.168465,264795.719689,264795.719689,8841718.267316898,24030091.406445604,1121076.6340343,26856548.744976297,178740280.1362633,50,25,0
Z3,35,9,720,22376.0,0.050221,445550.666056,447520.0,1.0,2,23.168465,297387.235919,297387.235919,8841718.267316898,24030091.406445604,1121076.6340343,26856548.744976297,178740280.1362633,50,25,0
Z3,36,9,720,8792.0,0.055861,157390.666118,159848.0,1.0,2,23.168465,239755.235932,239755.235932,8841718.267316898,24030091.406445604,1121076.6340343,26856548.744976297,178740280.1362633,50,25,0
Z3,37,9,720,19464.0,0.049791,390914.020606,397224.0,1.0,2,23.168465,286459.906829,286459.906829,8841718.267316898,24030091.406445604,1121076.6340343,26856548.744976297,178740280.1362633,50,25,0
Z3,38,9,720,20360.0,0.056079,363059.255693,363568.0,1.0,2,23.168465,280888.953847,280888.953847,8841718.267316898,24030091.406445604,1121076.6340343,26856548.744976297,178740280.1362633,50,25,0
Z1,0,10,720,7480.0,0.214112,34934.987296,34952.0,1.0,2,26.14364,251782.188178,251782.188178,8841718.267316898,24030091.406445604,1121076.6340343,26856548.744976297,178740280.1362633,50,25,0
Z2,0,10,720,6624.0,0.179811,36838.680615,37000.0,1.0,2,26.14364,252162.926842,252162.926842,8841718.267316898,24030091.406445604,1121076.6340343,26856548.744976297,178740280.1362633,50,25,0
Z2,1,10,720,7008.0,0.075079,93341.680097,93440.0,1.0,2,26.14364,263463.526738,263463.526738,8841718.267316898,24030091.406445604,1121076.6340343,26856548.744976297,178740280.1362633,50,25,0
Z2,2,10,720,7832.0,0.067843,115443.008122,116888.0,1.0,2,26.14364,267883.792343,267883.792343,8841718.267316898,24030091.406445604,1121076.6340343,26856548.744976297,178740280.1362633,50,25,0
Z2,3,10,720,29728.0,0.060136,494346.14873,495464.0,1.0,2,26.14364,343664.420465,343664.420465,8841718.267316898,24030091.406445604,1121076.6340343,26856548.744976297,178740280.1362633,50,25,0
Z2,4,10,720,35840.0,0.064115,558995.554862,560000.0,1.0,2,26.14364,356594.301691,356594.301691,8841718.267316898,24030091.406445604,1121076.6340343,26856548.744976297,178740280.1362633,50,25,0
Z2,5,10,720,43888.0,0.061878,709266.621416,719472.0,1.0,2,26.14364,386648.515002,386648.515002,8841718.267316898,24030091.406445604,1121076.6340343,26856548.744976297,178740280.1362633,50,25,0
Z2,6,10,720,17936.0,0.058247,307930.022147,309240.0,1.0,2,26.14364,306381.195148,306381.195148,8841718.267316898,24030091.406445604,1121076.6340343,26856548.744976297,178740280.1362633,50,25,0
Z2,7,10,720,24920.0,0.071081,350585.951239,350984.0,1.0,2,26.14364,314912.380967,314912.380967,8841718.267316898,24030091.406445604,1121076.6340343,26856548.744976297,178740280.1362633,50,25,0
Z3,0,10,720,6840.0,0.210843,32441.200324,32568.0,1.0,2,26.14364,251283.430784,251283.430784,8841718.267316898,24030091.406445604,1121076.6340343,26856548.744976297,178740280.1362633,50,25,0
Z3,1,10,720,22064.0,0.037222,592767.718016,596320.0,1.0,2,26.14364,363348.734322,363348.734322,8841718.267316898,24030091.406445604,1121076.6340343,26856548.744976297,178740280.1362633,50,25,0
Z3,2,10,720,15312.0,0.040614,377012.852711,382800.0,1.0,2,26.14364,320197.761261,320197.761261,8841718.267316898,24030091.406445604,1121076.6340343,26856548.744976297,178740280.1362633,50,25,0
Z3,3,10,720,7752.0,0.068465,113225.735777,114000.0,1.0,2,26.14364,267440.337874,267440.337874,8841718.267316898,24030091.406445604,1121076.6340343,26856548.744976297,178740280.1362633,50,25,0
Z3,4,10,720,11432.0,0.051967,219985.760194,224152.0,1.0,2,26.14364,288792.342758,288792.342758,8841718.267316898,24030091.406445604,1121076.6340343,26856548.744976297,178740280.1362633,50,25,0
Z3,5,10,720,17232.0,0.02832,608474.576271,615424.0,1.0,2,26.14364,366490.105973,366490.105973,8841718.267316898,24030091.406445604,1121076.6340343,26856548.744976297,178740280.1362633,50,25,0
Z3,6,10,720,23328.0,0.039901,584647.001328,598152.0,1.0,2,26.14364,361724.590985,361724.590985,8841718.267316898,24030091.406445604,1121076.6340343,26856548.744976297,178740280.1362633,50,25,0
Z3,7,10,720,18496.0,0.072626,254674.634428,256888.0,1.0,2,26.14364,295730.117605,295730.117605,8841718.267316898,24030091.406445604,1121076.6340343,26856548.744976297,178740280.1362633,50,25,0
Z3,8,10,720,7968.0,0.026283,303161.739527,306456.0,1.0,2,26.14364,305427.538624,305427.538624,8841718.267316898,24030091.406445604,1121076.6340343,26856548.744976297,178740280.1362633,50,25,0
Z3,9,10,720,19568.0,0.056934,343696.209646,349424.0,1.0,2,26.14364,313534.432648,313534.432648,8841718.267316898,24030091.406445604,1121076.6340343,26856548.744976297,178740280.1362633,50,25,0
Z3,10,10,720,36064.0,0.066399,543140.70995,546424.0,1.0,2,26.14364,353423.332709,353423.332709,8841718.267316898,24030091.406445604,1121076.6340343,26856548.744976297,178740280.1362633,50,25,0
Z3,11,10,720,29248.0,0.039254,745096.041168,749944.0,1.0,2,26.14364,393814.398952,393814.398952,8841718.267316898,24030091.406445604,1121076.6340343,26856548.744976297,178740280.1362633,50,25,0
Z3,12,10,720,24216.0,0.059427,407491.544248,410440.0,1.0,2,26.14364,326293.499568,326293.499568,8841718.267316898,24030091.406445604,1121076.6340343,26856548.744976297,178740280.1362633,50,25,0
Z3,13,10,720,54424.0,0.047833,1137791.900989,1157952.0,1.0,2,26.14364,472353.570917,472353.570917,8841718.267316898,24030091.406445604,1121076.6340343,26856548.744976297,178740280.1362633,50,25,0
Z3,14,10,720,56832.0,0.058571,970309.53885,979856.0,1.0,2,26.14364,438857.098489,438857.098489,8841718.267316898,24030091.406445604,1121076.6340343,26856548.744976297,178740280.1362633,50,25,0
Z3,15,10,720,29576.0,0.041552,711782.826338,721360.0,1.0,2,26.14364,387151.755986,387151.755986,8841718.267316898,24030091.406445604,1121076.6340343,26856548.744976297,178740280.1362633,50,25,0
Z3,16,10,720,52328.0,0.071027,736733.918087,737008.0,1.0,2,26.14364,392141.974336,392141.974336,8841718.267316898,24030091.406445604,1121076.6340343,26856548.744976297,178740280.1362633,50,25,0
Z3,17,10,720,52840.0,0.057592,917488.540075,927016.0,1.0,2,26.14364,428292.898734,428292.898734,8841718.267316898,24030091.406445604,1121076.6340343,26856548.744976297,178740280.1362633,50,25,0
Z3,18,10,720,35136.0,0.065483,536566.742513,540552.0,1.0,2,26.14364,352108.539222,352108.539222,8841718.267316898,24030091.406445604,1121076.6340343,26856548.744976297,178740280.1362633,50,25,0
Z3,19,10,720,23160.0,0.07474,309874.230666,312968.0,1.0,2,26.14364,306770.036852,306770.036852,8841718.267316898,24030091.406445604,1121076.6340343,26856548.744976297,178740280.1362633,50,25,0
Z3,20,10,720,77048.0,0.075572,1019531.043244,1027304.0,1.0,2,26.14364,448701.399368,448701.399368,8841718.267316898,24030091.406445604,1121076.6340343,26856548.744976297,178740280.1362633,50,25,0
Z3,21,10,720,68968.0,0.059983,1149792.441192,1168944.0,1.0,2,26.14364,474753.678957,474753.678957,8841718.267316898,24030091.406445604,1121076.6340343,26856548.744976297,178740280.1362633,50,25,0
Z3,22,10,720,52224.0,0.072295,722373.608133,725328.0,1.0,2,26.14364,389269.912346,389269.912346,8841718.267316898,24030091.406445604,1121076.6340343,26856548.744976297,178740280.1362633,50,25,0
Z3,23,10,720,76384.0,0.072936,1047274.322694,1060888.0,1.0,2,26.14364,454250.055258,454250.055258,8841718.267316898,24030091.406445604,1121076.6340343,26856548.744976297,178740280.1362633,50,25,0
Z3,24,10,720,57512.0,0.074927,767573.771805,777184.0,1.0,2,26.14364,398309.94508,398309.94508,8841718.267316898,24030091.406445604,1121076.6340343,26856548.744976297,178740280.1362633,50,25,0
Z3,25,10,720,35600.0,0.052529,677720.877991,684608.0,1.0,2,26.14364,380339.366317,380339.366317,8841718.267316898,24030091.406445604,1121076.6340343,26856548.744976297,178740280.1362633,50,25,0
Z3,26,10,720,72816.0,0.059117,1231726.914424,1234168.0,1.0,2,26.14364,491140.573604,491140.573604,8841718.267316898,24030091.406445604,1121076.6340343,26856548.744976297,178740280.1362633,50,25,0
Z3,27,10,720,93600.0,0.064678,1447169.052846,1462496.0,1.0,2,26.14364,534229.001288,534229.001288,8841718.267316898,24030091.406445604,1121076.6340343,26856548.744976297,178740280.1362633,50,25,0
Z3,28,10,720,23040.0,0.060554,380486.838194,384000.0,1.0,2,26.14364,320892.558358,320892.558358,8841718.267316898,24030091.406445604,1121076.6340343,26856548.744976297,178740280.1362633,50,25,0
Z3,29,10,720,35840.0,0.075048,477561.027609,477864.0,1.0,2,26.14364,340307.396241,340307.396241,8841718.267316898,24030091.406445604,1121076.6340343,26856548.744976297,178740280.1362633,50,25,0
Z3,30,10,720,13072.0,0.042246,309425.744449,311232.0,1.0,2,26.14364,306680.339609,306680.339609,8841718.267316898,24030091.406445604,1121076.6340343,26856548.744976297,178740280.1362633,50,25,0
Z3,31,10,720,20608.0,0.072539,284095.452102,286216.0,1.0,2,26.14364,301614.281139,301614.281139,8841718.267316898,24030091.406445604,1121076.6340343,26856548.744976297,178740280.1362633,50,25,0
Z3,32,10,720,22584.0,0.033042,683493.735246,684360.0,1.0,2,26.14364,381493.937768,381493.937768,8841718.267316898,24030091.406445604,1121076.6340343,26856548.744976297,178740280.1362633,50,25,0
Z3,33,10,720,14712.0,0.073049,201399.060904,201528.0,1.0,2,26.14364,285075.0029,285075.0029,8841718.267316898,24030091.406445604,1121076.6340343,26856548.744976297,178740280.1362633,50,25,0
Z3,34,10,720,20512.0,0.072196,284115.463461,284888.0,1.0,2,26.14364,301618.283411,301618.283411,8841718.267316898,24030091.406445604,1121076.6340343,26856548.744976297,178740280.1362633,50,25,0
Z3,35,10,720,17992.0,0.072868,246912.224845,249888.0,1.0,2,26.14364,294177.635688,294177.635688,8841718.267316898,24030091.406445604,1121076.6340343,26856548.744976297,178740280.1362633,50,25,0
Z3,36,10,720,11464.0,0.043475,263691.776883,266600.0,1.0,2,26.14364,297533.546096,297533.546096,8841718.267316898,24030091.406445604,1121076.6340343,26856548.744976297,178740280.1362633,50,25,0
Z3,37,10,720,22376.0,0.062008,360856.663656,360896.0,1.0,2,26.14364,316966.52345,316966.52345,8841718.267316898,24030091.406445604,1121076.6340343,26856548.744976297,178740280.1362633,50,25,0
Z3,38,10,720,29088.0,0.070633,411818.83822,415536.0,1.0,2,26.14364,327158.958363,327158.958363,8841718.267316898,24030091.406445604,1121076.6340343,26856548.744976297,178740280.1362633,50,25,0
Z1,0,11,720,41864.0,0.207381,201869.98809,202240.0,1.0,2,29.427695,326801.885485,326801.885485,8841718.267316898,24030091.406445604,1121076.6340343,26856548.744976297,178740280.1362633,50,25,0
Z2,0,11,720,10080.0,0.192614,52332.644564,52496.0,1.0,2,29.427695,296894.41678,296894.41678,8841718.267316898,24030091.406445604,1121076.6340343,26856548.744976297,178740280.1362633,50,25,0
Z2,1,11,720,36112.0,0.053772,671576.285055,681352.0,1.0,2,29.427695,420743.144878,420743.144878,8841718.267316898,24030091.406445604,1121076.6340343,26856548.744976297,178740280.1362633,50,25,0
Z2,2,11,720,36680.0,0.040367,908663.016821,917000.0,1.0,2,29.427695,468160.491231,468160.491231,8841718.267316898,24030091.406445604,1121076.6340343,26856548.744976297,178740280.1362633,50,25,0
Z2,3,11,720,39392.0,0.073693,534541.951067,539616.0,1.0,2,29.427695,393336.27808,393336.27808,8841718.267316898,24030091.406445604,1121076.6340343,26856548.744976297,178740280.1362633,50,25,0
Z2,4,11,720,43216.0,0.049957,865063.955001,881952.0,1.0,2,29.427695,459440.678867,459440.678867,8841718.267316898,24030091.406445604,1121076.6340343,26856548.744976297,178740280.1362633,50,25,0
Z2,5,11,720,50760.0,0.074841,678237.864272,685944.0,1.0,2,29.427695,422075.460721,422075.460721,8841718.267316898,24030091.406445604,1121076.6340343,26856548.744976297,178740280.1362633,50,25,0
Z2,6,11,720,17768.0,0.067951,261482.538888,265192.0,1.0,2,29.427695,338724.395644,338724.395644,8841718.267316898,24030091.406445604,1121076.6340343,26856548.744976297,178740280.1362633,50,25,0
Z2,7,11,720,33352.0,0.052549,634683.818912,641384.0,1.0,2,29.427695,413364.651649,413364.651649,8841718.267316898,24030091.406445604,1121076.6340343,26856548.744976297,178740280.1362633,50,25,0
Z3,0,11,720,6624.0,0.176136,37607.303447,37632.0,1.0,2,29.427695,293949.348556,293949.348556,8841718.267316898,24030091.406445604,1121076.6340343,26856548.744976297,178740280.1362633,50,25,0
Z3,1,11,720,11320.0,0.032296,350507.802824,353744.0,1.0,2,29.427695,356529.448432,356529.448432,8841718.267316898,24030091.406445604,1121076.6340343,26856548.744976297,178740280.1362633,50,25,0
Z3,2,11,720,16208.0,0.065372,247934.895674,249352.0,1.0,2,29.427695,336014.867002,336014.867002,8841718.267316898,24030091.406445604,1121076.6340343,26856548.744976297,178740280.1362633,50,25,0
Z3,3,11,720,12920.0,0.050688,254892.676768,258400.0,1.0,2,29.427695,337406.42322,337406.42322,8841718.267316898,24030091.406445604,1121076.6340343,26856548.744976297,178740280.1362633,50,25,0
Z3,4,11,720,8968.0,0.047671,188122.758071,190808.0,1.0,2,29.427695,324052.439481,324052.439481,8841718.267316898,24030091.406445604,1121076.6340343,26856548.744976297,178740280.1362633,50,25,0
Z3,5,11,720,12016.0,0.04548,264204.045734,267016.0,1.0,2,29.427695,339268.697014,339268.697014,8841718.267316898,24030091.406445604,1121076.6340343,26856548.744976297,178740280.1362633,50,25,0
Z3,6,11,720,21880.0,0.066873,327187.355136,331512.0,1.0,2,29.427695,351865.358894,351865.358894,8841718.267316898,24030091.406445604,1121076.6340343,26856548.744976297,178740280.1362633,50,25,0
Z3,7,11,720,13408.0,0.069924,191751.043991,194312.0,1.0,2,29.427695,324778.096665,324778.096665,8841718.267316898,24030091.406445604,1121076.6340343,26856548.744976297,178740280.1362633,50,25,0
Z3,8,11,720,14528.0,0.06248,232522.40717,234320.0,1.0,2,29.427695,332932.369301,332932.369301,8841718.267316898,24030091.406445604,1121076.6340343,26856548.744976297,178740280.1362633,50,25,0
Z3,9,11,720,15928.0,0.032855,484796.834576,497744.0,1.0,2,29.427695,383387.254782,383387.254782,8841718.267316898,24030091.406445604,1121076.6340343,26856548.744976297,178740280.1362633,50,25,0
Z3,10,11,720,8224.0,0.028411,289465.347929,293712.0,1.0,2,29.427695,344320.957453,344320.957453,8841718.267316898,24030091.406445604,1121076.6340343,26856548.744976297,178740280.1362633,50,25,0
Z3,11,11,720,8720.0,0.040881,213302.022945,218000.0,1.0,2,29.427695,329088.292456,329088.292456,8841718.267316898,24030091.406445604,1121076.6340343,26856548.744976297,178740280.1362633,50,25,0
Z3,12,11,720,23504.0,0.063558,369803.958589,373072.0,1.0,2,29.427695,360388.679585,360388.679585,8841718.267316898,24030091.406445604,1121076.6340343,26856548.744976297,178740280.1362633,50,25,0
Z3,13,11,720,50640.0,0.061088,828968.046097,830160.0,1.0,2,29.427695,452221.497086,452221.497086,8841718.267316898,24030091.406445604,1121076.6340343,26856548.744976297,178740280.1362633,50,25,0
Z3,14,11,720,47296.0,0.072185,655205.375078,656888.0,1.0,2,29.427695,417468.962882,417468.962882,8841718.267316898,24030091.406445604,1121076.6340343,26856548.744976297,178740280.1362633,50,25,0
Z3,15,11,720,34344.0,0.057094,601534.311837,602520.0,1.0,2,29.427695,406734.750234,406734.750234,8841718.267316898,24030091.406445604,1121076.6340343,26856548.744976297,178740280.1362633,50,25,0
Z3,16,11,720,73648.0,0.066331,1110310.412929,1115872.0,1.0,2,29.427695,508489.970453,508489.970453,8841718.267316898,24030091.406445604,1121076.6340343,26856548.744976297,178740280.1362633,50,25,0
Z3,17,11,720,59920.0,0.053002,1130523.376476,1130560.0,1.0,2,29.427695,512532.563162,512532.563162,8841718.267316898,24030091.406445604,1121076.6340343,26856548.744976297,178740280.1362633,50,25,0
Z3,18,11,720,40664.0,0.055572,731735.40632,739344.0,1.0,2,29.427695,432774.969131,432774.969131,8841718.267316898,24030091.406445604,1121076.6340343,26856548.744976297,178740280.1362633,50,25,0
Z3,19,11,720,56880.0,0.071592,794502.179014,801120.0,1.0,2,29.427695,445328.32367,445328.32367,8841718.267316898,24030091.406445604,1121076.6340343,26856548.744976297,178740280.1362633,50,25,0
Z3,20,11,720,57216.0,0.072573,788392.37733,794664.0,1.0,2,29.427695,444106.363333,444106.363333,8841718.267316898,24030091.406445604,1121076.6340343,26856548.744976297,178740280.1362633,50,25,0
Z3,21,11,720,28160.0,0.054381,517827.917839,521480.0,1.0,2,29.427695,389993.471435,389993.471435,8841718.267316898,24030091.406445604,1121076.6340343,26856548.744976297,178740280.1362633,50,25,0
Z3,22,11,720,76696.0,0.075899,1010500.797112,1022608.0,1.0,2,29.427695,488528.047289,488528.047289,8841718.267316898,24030091.406445604,1121076.6340343,26856548.744976297,178740280.1362633,50,25,0
Z3,23,11,720,80520.0,0.073885,1089801.718887,1103008.0,1.0,2,29.427695,504388.231644,504388.231644,8841718.267316898,24030091.406445604,1121076.6340343,26856548.744976297,178740280.1362633,50,25,0
Z3,24,11,720,66560.0,0.075497,881624.435408,887464.0,1.0,2,29.427695,462752.774948,462752.774948,8841718.267316898,24030091.406445604,1121076.6340343,26856548.744976297,178740280.1362633,50,25,0
Z3,25,11,720,77808.0,0.068367,1138092.939576,1144232.0,1.0,2,29.427695,514046.475782,514046.475782,8841718.267316898,24030091.406445604,1121076.6340343,26856548.744976297,178740280.1362633,50,25,0
Z3,26,11,720,55056.0,0.067951,810230.901679,821728.0,1.0,2,29.427695,448474.068203,448474.068203,8841718.267316898,24030091.406445604,1121076.6340343,26856548.744976297,178740280.1362633,50,25,0
Z3,27,11,720,36552.0,0.064468,566978.966309,571120.0,1.0,2,29.427695,399823.681129,399823.681129,8841718.267316898,24030091.406445604,1121076.6340343,26856548.744976297,178740280.1362633,50,25,0
Z3,28,11,720,100304.0,0.072487,1383751.569247,1393104.0,1.0,2,29.427695,563178.201716,563178.201716,8841718.267316898,24030091.406445604,1121076.6340343,26856548.744976297,178740280.1362633,50,25,0
Z3,29,11,720,133264.0,0.099963,1333133.259306,1346096.0,1.0,2,29.427695,553054.539728,553054.539728,8841718.267316898,24030091.406445604,1121076.6340343,26856548.744976297,178740280.1362633,50,25,0
Z3,30,11,720,14528.0,0.03434,423063.482819,427288.0,1.0,2,29.427695,371040.584431,371040.584431,8841718.267316898,24030091.406445604,1121076.6340343,26856548.744976297,178740280.1362633,50,25,0
Z3,31,11,720,24392.0,0.07475,326314.381271,329616.0,1.0,2,29.427695,351690.764121,351690.764121,8841718.267316898,24030091.406445604,1121076.6340343,26856548.744976297,178740280.1362633,50,25,0
Z3,32,11,720,22216.0,0.063058,352310.57122,352632.0,1.0,2,29.427695,356890.002111,356890.002111,8841718.267316898,24030091.406445604,1121076.6340343,26856548.744976297,178740280.1362633,50,25,0
Z3,33,11,720,14368.0,0.052152,275502.377665,276304.0,1.0,2,29.427695,341528.3634,341528.3634,8841718.267316898,24030091.406445604,1121076.6340343,26856548.744976297,178740280.1362633,50,25,0
Z3,34,11,720,21288.0,0.045861,464185.255446,473064.0,1.0,2,29.427695,379264.938956,379264.938956,8841718.267316898,24030091.406445604,1121076.6340343,26856548.744976297,178740280.1362633,50,25,0
Z3,35,11,720,18544.0,0.033033,561378.015923,561936.0,1.0,2,29.427695,398703.491052,398703.491052,8841718.267316898,24030091.406445604,1121076.6340343,26856548.744976297,178740280.1362633,50,25,0
Z3,36,11,720,12272.0,0.037943,323432.517197,331672.0,1.0,2,29.427695,351114.391306,351114.391306,8841718.267316898,24030091.406445604,1121076.6340343,26856548.744976297,178740280.1362633,50,25,0
Z3,37,11,720,21736.0,0.059131,367590.603913,368400.0,1.0,2,29.427695,359946.008649,359946.008649,8841718.267316898,24030091.406445604,1121076.6340343,26856548.744976297,178740280.1362633,50,25,0
Z3,38,11,720,22688.0,0.074178,305858.879991,306592.0,1.0,2,29.427695,347599.663865,347599.663865,8841718.267316898,24030091.406445604,1121076.6340343,26856548.744976297,178740280.1362633,50,25,0
Z1,0,12,720,65984.0,0.228696,288522.755098,289400.0,1.0,2,32.667239,372436.772181,372436.772181,8841718.267316898,24030091.406445604,1121076.6340343,26856548.744976297,178740280.1362633,50,25,0
Z2,0,12,720,6624.0,0.194956,33976.897351,34144.0,1.0,2,32.667239,321527.600632,321527.600632,8841718.267316898,24030091.406445604,1121076.6340343,26856548.744976297,178740280.1362633,50,25,0
Z2,1,12,720,6760.0,0.059195,114198.834361,114576.0,1.0,2,32.667239,337571.988034,337571.988034,8841718.267316898,24030091.406445604,1121076.6340343,26856548.744976297,178740280.1362633,50,25,0
Z2,2,12,720,7528.0,0.034039,221158.083375,221408.0,1.0,2,32.667239,358963.837837,358963.837837,8841718.267316898,24030091.406445604,1121076.6340343,26856548.744976297,178740280.1362633,50,25,0
Z2,3,12,720,7704.0,0.044721,172268.061984,175088.0,1.0,2,32.667239,349185.833558,349185.833558,8841718.267316898,24030091.406445604,1121076.6340343,26856548.744976297,178740280.1362633,50,25,0
Z2,4,12,720,58576.0,0.063106,928216.017494,929776.0,1.0,2,32.667239,500375.42466,500375.42466,8841718.267316898,24030091.406445604,1121076.6340343,26856548.744976297,178740280.1362633,50,25,0
Z2,5,12,720,36544.0,0.043579,838569.035545,849856.0,1.0,2,32.667239,482446.028271,482446.028271,8841718.267316898,24030091.406445604,1121076.6340343,26856548.744976297,178740280.1362633,50,25,0
Z2,6,12,720,62000.0,0.064321,963915.362012,968744.0,1.0,2,32.667239,507515.293564,507515.293564,8841718.267316898,24030091.406445604,1121076.6340343,26856548.744976297,178740280.1362633,50,25,0
Z2,7,12,720,77544.0,0.071749,1080767.676205,1092168.0,1.0,2,32.667239,530885.756402,530885.756402,8841718.267316898,24030091.406445604,1121076.6340343,26856548.744976297,178740280.1362633,50,25,0
Z3,0,12,720,7896.0,0.192201,41081.992289,41120.0,1.0,2,32.667239,322948.619619,322948.619619,8841718.267316898,24030091.406445604,1121076.6340343,26856548.744976297,178740280.1362633,50,25,0
Z3,1,12,720,10520.0,0.072346,145412.324109,146104.0,1.0,2,32.667239,343814.685983,343814.685983,8841718.267316898,24030091.406445604,1121076.6340343,26856548.744976297,178740280.1362633,50,25,0
Z3,2,12,720,20088.0,0.036946,543712.44519,558000.0,1.0,2,32.667239,423474.7102,423474.7102,8841718.267316898,24030091.406445604,1121076.6340343,26856548.744976297,178740280.1362633,50,25,0
Z3,3,12,720,10320.0,0.06882,149956.408021,151760.0,1.0,2,32.667239,344723.502766,344723.502766,8841718.267316898,24030091.406445604,1121076.6340343,26856548.744976297,178740280.1362633,50,25,0
Z3,4,12,720,12664.0,0.031538,401547.339717,408512.0,1.0,2,32.667239,395041.689105,395041.689105,8841718.267316898,24030091.406445604,1121076.6340343,26856548.744976297,178740280.1362633,50,25,0
Z3,5,12,720,15440.0,0.055055,280446.825901,280720.0,1.0,2,32.667239,370821.586342,370821.586342,8841718.267316898,24030091.406445604,1121076.6340343,26856548.744976297,178740280.1362633,50,25,0
Z3,6,12,720,7712.0,0.035224,218941.630706,220336.0,1.0,2,32.667239,358520.547303,358520.547303,8841718.267316898,24030091.406445604,1121076.6340343,26856548.744976297,178740280.1362633,50,25,0
Z3,7,12,720,10120.0,0.05639,179464.44405,180712.0,1.0,2,32.667239,350625.109972,350625.109972,8841718.267316898,24030091.406445604,1121076.6340343,26856548.744976297,178740280.1362633,50,25,0
Z3,8,12,720,7576.0,0.040416,187450.514648,189400.0,1.0,2,32.667239,352222.324091,352222.324091,8841718.267316898,24030091.406445604,1121076.6340343,26856548.744976297,178740280.1362633,50,25,0
Z3,9,12,720,24720.0,0.043017,574656.531139,574880.0,1.0,2,32.667239,429663.527389,429663.527389,8841718.267316898,24030091.406445604,1121076.6340343,26856548.744976297,178740280.1362633,50,25,0
Z3,10,12,720,60536.0,0.067112,902014.542854,903520.0,1.0,2,32.667239,495135.129732,495135.129732,8841718.267316898,24030091.406445604,1121076.6340343,26856548.744976297,178740280.1362633,50,25,0
Z3,11,12,720,65616.0,0.068533,957436.563407,964936.0,1.0,2,32.667239,506219.533843,506219.533843,8841718.267316898,24030091.406445604,1121076.6340343,26856548.744976297,178740280.1362633,50,25,0
Z3,12,12,720,38936.0,0.06062,642296.271857,648928.0,1.0,2,32.667239,443191.475533,443191.475533,8841718.267316898,24030091.406445604,1121076.6340343,26856548.744976297,178740280.1362633,50,25,0
Z3,13,12,720,87896.0,0.071399,1231053.656214,1237968.0,1.0,2,32.667239,560942.952404,560942.952404,8841718.267316898,24030091.406445604,1121076.6340343,26856548.744976297,178740280.1362633,50,25,0
Z3,14,12,720,78296.0,0.070484,1110833.664378,1118512.0,1.0,2,32.667239,536898.954037,536898.954037,8841718.267316898,24030091.406445604,1121076.6340343,26856548.744976297,178740280.1362633,50,25,0
Z3,15,12,720,45720.0,0.058653,779499.769833,788272.0,1.0,2,32.667239,470632.175128,470632.175128,8841718.267316898,24030091.406445604,1121076.6340343,26856548.744976297,178740280.1362633,50,25,0
Z3,16,12,720,82616.0,0.074728,1105556.150305,1116432.0,1.0,2,32.667239,535843.451223,535843.451223,8841718.267316898,24030091.406445604,1121076.6340343,26856548.744976297,178740280.1362633,50,25,0
Z3,17,12,720,109704.0,0.065583,1672750.560359,1687752.0,1.0,2,32.667239,649282.333233,649282.333233,8841718.267316898,24030091.406445604,1121076.6340343,26856548.744976297,178740280.1362633,50,25,0
Z3,18,12,720,28840.0,0.06985,412884.753042,417968.0,1.0,2,32.667239,397309.17177,397309.17177,8841718.267316898,24030091.406445604,1121076.6340343,26856548.744976297,178740280.1362633,50,25,0
Z3,19,12,720,75104.0,0.054542,1376993.876279,1390808.0,1.0,2,32.667239,590130.996417,590130.996417,8841718.267316898,24030091.406445604,1121076.6340343,26856548.744976297,178740280.1362633,50,25,0
Z3,20,12,720,96504.0,0.071797,1344123.013496,1359208.0,1.0,2,32.667239,583556.823861,583556.823861,8841718.267316898,24030091.406445604,1121076.6340343,26856548.744976297,178740280.1362633,50,25,0
Z3,21,12,720,42960.0,0.066239,648560.515708,650904.0,1.0,2,32.667239,444444.324303,444444.324303,8841718.267316898,24030091.406445604,1121076.6340343,26856548.744976297,178740280.1362633,50,25,0
Z3,22,12,720,68064.0,0.063764,1067436.17088,1080376.0,1.0,2,32.667239,528219.455338,528219.455338,8841718.267316898,24030091.406445604,1121076.6340343,26856548.744976297,178740280.1362633,50,25,0
Z3,23,12,720,50352.0,0.04233,1189510.985117,1198856.0,1.0,2,32.667239,552634.418185,552634.418185,8841718.267316898,24030091.406445604,1121076.6340343,26856548.744976297,178740280.1362633,50,25,0
Z3,24,12,720,31856.0,0.044089,722538.501667,724000.0,1.0,2,32.667239,459239.921495,459239.921495,8841718.267316898,24030091.406445604,1121076.6340343,26856548.744976297,178740280.1362633,50,25,0
Z3,25,12,720,130312.0,0.098604,1321569.104702,1329712.0,1.0,2,32.667239,579046.042102,579046.042102,8841718.267316898,24030091.406445604,1121076.6340343,26856548.744976297,178740280.1362633,50,25,0
Z3,26,12,720,138080.0,0.114359,1207425.738245,1211224.0,1.0,2,32.667239,556217.368811,556217.368811,8841718.267316898,24030091.406445604,1121076.6340343,26856548.744976297,178740280.1362633,50,25,0
Z3,27,12,720,50256.0,0.074101,678209.470857,679128.0,1.0,2,32.667239,450374.115333,450374.115333,8841718.267316898,24030091.406445604,1121076.6340343,26856548.744976297,178740280.1362633,50,25,0
Z3,28,12,720,14080.0,0.050135,280841.727336,281600.0,1.0,2,32.667239,370900.566629,370900.566629,8841718.267316898,24030091.406445604,1121076.6340343,26856548.744976297,178740280.1362633,50,25,0
Z3,29,12,720,21056.0,0.071015,296500.73928,296560.0,1.0,2,32.667239,374032.369018,374032.369018,8841718.267316898,24030091.406445604,1121076.6340343,26856548.744976297,178740280.1362633,50,25,0
Z3,30,12,720,21064.0,0.047831,440383.851477,448168.0,1.0,2,32.667239,402808.991457,402808.991457,8841718.267316898,24030091.406445604,1121076.6340343,26856548.744976297,178740280.1362633,50,25,0
Z3,31,12,720,16432.0,0.032742,501863.050516,513496.0,1.0,2,32.667239,415104.831265,415104.831265,8841718.267316898,24030091.406445604,1121076.6340343,26856548.744976297,178740280.1362633,50,25,0
Z3,32,12,720,26024.0,0.058194,447193.868784,448688.0,1.0,2,32.667239,404170.994918,404170.994918,8841718.267316898,24030091.406445604,1121076.6340343,26856548.744976297,178740280.1362633,50,25,0
Z3,33,12,720,25696.0,0.03997,642882.161621,658864.0,1.0,2,32.667239,443308.653486,443308.653486,8841718.267316898,24030091.406445604,1121076.6340343,26856548.744976297,178740280.1362633,50,25,0
Z3,34,12,720,13400.0,0.069186,193680.802474,194200.0,1.0,2,32.667239,353468.381656,353468.381656,8841718.267316898,24030091.406445604,1121076.6340343,26856548.744976297,178740280.1362633,50,25,0
Z3,35,12,720,31112.0,0.075878,410026.621682,414824.0,1.0,2,32.667239,396737.545498,396737.545498,8841718.267316898,24030091.406445604,1121076.6340343,26856548.744976297,178740280.1362633,50,25,0
Z3,36,12,720,34872.0,0.056331,619055.22714,622712.0,1.0,2,32.667239,438543.26659,438543.26659,8841718.267316898,24030091.406445604,1121076.6340343,26856548.744976297,178740280.1362633,50,25,0
Z3,37,12,720,18096.0,0.043375,417198.847262,420832.0,1.0,2,32.667239,398171.990614,398171.990614,8841718.267316898,24030091.406445604,1121076.6340343,26856548.744976297,178740280.1362633,50,25,0
Z3,38,12,720,26888.0,0.061256,438944.756432,440784.0,1.0,2,32.667239,402521.172448,402521.172448,8841718.267316898,24030091.406445604,1121076.6340343,26856548.744976297,178740280.1362633,50,25,0
