Zone, Tile_no, Seg_no, Reso, Seg_d_size, Seg_d_time, Bitrate, Bitrate1, Buf_lev, Buf_limit, Elapsed, Ref_vp, Local_avg,QoE,QoE1,Z1,Z2,Z3,delay,jitter,loss
Z1,0,1,720,9960.0,0.330336,30151.118861,30176.0,1.0,2,6.5e-05,30151.118861,30151.118861,1778940.0045674997,4846031.4590814,231972.9120291,5388529.887157099,36059444.4322961,100,25,0
Z2,0,1,720,8952.0,0.328703,27234.311826,27288.0,1.0,2,6.5e-05,13617.155913,13617.155913,1778940.0045674997,4846031.4590814,231972.9120291,5388529.887157099,36059444.4322961,100,25,0
Z2,1,1,720,5424.0,0.08708,62287.551677,62344.0,1.0,2,6.5e-05,20762.517226,20762.517226,1778940.0045674997,4846031.4590814,231972.9120291,5388529.887157099,36059444.4322961,100,25,0
Z2,2,1,720,7080.0,0.112585,62885.819603,63208.0,1.0,2,6.5e-05,15721.454901,15721.454901,1778940.0045674997,4846031.4590814,231972.9120291,5388529.887157099,36059444.4322961,100,25,0
Z2,3,1,720,18976.0,0.124027,152998.943778,153032.0,1.0,2,6.5e-05,30599.788756,30599.788756,1778940.0045674997,4846031.4590814,231972.9120291,5388529.887157099,36059444.4322961,100,25,0
Z2,4,1,720,8720.0,0.105284,82823.600927,83040.0,1.0,2,6.5e-05,16564.720185,16564.720185,1778940.0045674997,4846031.4590814,231972.9120291,5388529.887157099,36059444.4322961,100,25,0
Z2,5,1,720,8336.0,0.097972,85085.534643,85936.0,1.0,2,6.5e-05,17017.106929,17017.106929,1778940.0045674997,4846031.4590814,231972.9120291,5388529.887157099,36059444.4322961,100,25,0
Z2,6,1,720,6376.0,0.076265,83603.225595,83888.0,1.0,2,6.5e-05,16720.645119,16720.645119,1778940.0045674997,4846031.4590814,231972.9120291,5388529.887157099,36059444.4322961,100,25,0
Z2,7,1,720,6872.0,0.098495,69770.039088,70120.0,1.0,2,6.5e-05,13954.007818,13954.007818,1778940.0045674997,4846031.4590814,231972.9120291,5388529.887157099,36059444.4322961,100,25,0
Z3,0,1,720,7080.0,0.332888,21268.414602,21320.0,1.0,2,6.5e-05,4253.68292,4253.68292,1778940.0045674997,4846031.4590814,231972.9120291,5388529.887157099,36059444.4322961,100,25,0
Z3,1,1,720,7080.0,0.080724,87706.258362,88496.0,1.0,2,6.5e-05,17541.251672,17541.251672,1778940.0045674997,4846031.4590814,231972.9120291,5388529.887157099,36059444.4322961,100,25,0
Z3,2,1,720,5664.0,0.105532,53670.924459,53936.0,1.0,2,6.5e-05,10734.184892,10734.184892,1778940.0045674997,4846031.4590814,231972.9120291,5388529.887157099,36059444.4322961,100,25,0
Z3,3,1,720,7080.0,0.089952,78708.64461,79544.0,1.0,2,6.5e-05,15741.728922,15741.728922,1778940.0045674997,4846031.4590814,231972.9120291,5388529.887157099,36059444.4322961,100,25,0
Z3,4,1,720,7080.0,0.090353,78359.323985,78664.0,1.0,2,6.5e-05,15671.864797,15671.864797,1778940.0045674997,4846031.4590814,231972.9120291,5388529.887157099,36059444.4322961,100,25,0
Z3,5,1,720,5664.0,0.080146,70671.025379,70800.0,1.0,2,6.5e-05,14134.205076,14134.205076,1778940.0045674997,4846031.4590814,231972.9120291,5388529.887157099,36059444.4322961,100,25,0
Z3,6,1,720,7080.0,0.092157,76825.417494,76952.0,1.0,2,6.5e-05,15365.083499,15365.083499,1778940.0045674997,4846031.4590814,231972.9120291,5388529.887157099,36059444.4322961,100,25,0
Z3,7,1,720,7080.0,0.096084,73685.525165,73744.0,1.0,2,6.5e-05,14737.105033,14737.105033,1778940.0045674997,4846031.4590814,231972.9120291,5388529.887157099,36059444.4322961,100,25,0
Z3,8,1,720,5664.0,0.096128,58921.438083,59000.0,1.0,2,6.5e-05,11784.287617,11784.287617,1778940.0045674997,4846031.4590814,231972.9120291,5388529.887157099,36059444.4322961,100,25,0
Z3,9,1,720,7080.0,0.093609,75633.753165,76128.0,1.0,2,6.5e-05,15126.750633,15126.750633,1778940.0045674997,4846031.4590814,231972.9120291,5388529.887157099,36059444.4322961,100,25,0
Z3,10,1,720,12904.0,0.099027,130307.895826,130336.0,1.0,2,6.5e-05,26061.579165,26061.579165,1778940.0045674997,4846031.4590814,231972.9120291,5388529.887157099,36059444.4322961,100,25,0
Z3,11,1,720,17344.0,0.105116,164998.668138,165176.0,1.0,2,6.5e-05,32999.733628,32999.733628,1778940.0045674997,4846031.4590814,231972.9120291,5388529.887157099,36059444.4322961,100,25,0
Z3,12,1,720,16912.0,0.085273,198327.723899,198960.0,1.0,2,6.5e-05,39665.54478,39665.54478,1778940.0045674997,4846031.4590814,231972.9120291,5388529.887157099,36059444.4322961,100,25,0
Z3,13,1,720,13240.0,0.101594,130322.65685,131088.0,1.0,2,6.5e-05,26064.53137,26064.53137,1778940.0045674997,4846031.4590814,231972.9120291,5388529.887157099,36059444.4322961,100,25,0
Z3,14,1,720,28328.0,0.125081,226477.242747,226624.0,1.0,2,6.5e-05,45295.448549,45295.448549,1778940.0045674997,4846031.4590814,231972.9120291,5388529.887157099,36059444.4322961,100,25,0
Z3,15,1,720,30528.0,0.09626,317141.076252,318000.0,1.0,2,6.5e-05,63428.21525,63428.21525,1778940.0045674997,4846031.4590814,231972.9120291,5388529.887157099,36059444.4322961,100,25,0
Z3,16,1,720,16360.0,0.095889,170613.939034,172208.0,1.0,2,6.5e-05,34122.787807,34122.787807,1778940.0045674997,4846031.4590814,231972.9120291,5388529.887157099,36059444.4322961,100,25,0
Z3,17,1,720,33216.0,0.109086,304493.702217,304728.0,1.0,2,6.5e-05,60898.740443,60898.740443,1778940.0045674997,4846031.4590814,231972.9120291,5388529.887157099,36059444.4322961,100,25,0
Z3,18,1,720,28000.0,0.107235,261108.779783,261680.0,1.0,2,6.5e-05,52221.755957,52221.755957,1778940.0045674997,4846031.4590814,231972.9120291,5388529.887157099,36059444.4322961,100,25,0
Z3,19,1,720,15744.0,0.125285,125665.482699,125952.0,1.0,2,6.5e-05,25133.09654,25133.09654,1778940.0045674997,4846031.4590814,231972.9120291,5388529.887157099,36059444.4322961,100,25,0
Z3,20,1,720,16024.0,0.076045,210717.338418,210840.0,1.0,2,6.5e-05,42143.467684,42143.467684,1778940.0045674997,4846031.4590814,231972.9120291,5388529.887157099,36059444.4322961,100,25,0
Z3,21,1,720,11576.0,0.092649,124944.683699,125824.0,1.0,2,6.5e-05,24988.93674,24988.93674,1778940.0045674997,4846031.4590814,231972.9120291,5388529.887157099,36059444.4322961,100,25,0
Z3,22,1,720,10816.0,0.083089,130173.669198,130312.0,1.0,2,6.5e-05,26034.73384,26034.73384,1778940.0045674997,4846031.4590814,231972.9120291,5388529.887157099,36059444.4322961,100,25,0
Z3,23,1,720,13224.0,0.080738,163789.04605,165296.0,1.0,2,6.5e-05,32757.80921,32757.80921,1778940.0045674997,4846031.4590814,231972.9120291,5388529.887157099,36059444.4322961,100,25,0
Z3,24,1,720,17528.0,0.080448,217879.872713,219096.0,1.0,2,6.5e-05,43575.974543,43575.974543,1778940.0045674997,4846031.4590814,231972.9120291,5388529.887157099,36059444.4322961,100,25,0
Z3,25,1,720,23824.0,0.092146,258546.220129,258952.0,1.0,2,6.5e-05,51709.244026,51709.244026,1778940.0045674997,4846031.4590814,231972.9120291,5388529.887157099,36059444.4322961,100,25,0
Z3,26,1,720,11024.0,0.1183,93186.813187,93416.0,1.0,2,6.5e-05,18637.362637,18637.362637,1778940.0045674997,4846031.4590814,231972.9120291,5388529.887157099,36059444.4322961,100,25,0
Z3,27,1,720,15112.0,0.104589,144489.382249,145304.0,1.0,2,6.5e-05,28897.87645,28897.87645,1778940.0045674997,4846031.4590814,231972.9120291,5388529.887157099,36059444.4322961,100,25,0
Z3,28,1,720,24552.0,0.113787,215771.573203,217272.0,1.0,2,6.5e-05,43154.314641,43154.314641,1778940.0045674997,4846031.4590814,231972.9120291,5388529.887157099,36059444.4322961,100,25,0
Z3,29,1,720,10824.0,0.093701,115516.376559,116384.0,1.0,2,6.5e-05,23103.275312,23103.275312,1778940.0045674997,4846031.4590814,231972.9120291,5388529.887157099,36059444.4322961,100,25,0
Z3,30,1,720,6872.0,0.113946,60309.269303,60808.0,1.0,2,6.5e-05,12061.853861,12061.853861,1778940.0045674997,4846031.4590814,231972.9120291,5388529.887157099,36059444.4322961,100,25,0
Z3,31,1,720,6872.0,0.086907,79073.032092,79904.0,1.0,2,6.5e-05,15814.606418,15814.606418,1778940.0045674997,4846031.4590814,231972.9120291,5388529.887157099,36059444.4322961,100,25,0
Z3,32,1,720,6376.0,0.100253,63599.094291,63760.0,1.0,2,6.5e-05,12719.818858,12719.818858,1778940.0045674997,4846031.4590814,231972.9120291,5388529.887157099,36059444.4322961,100,25,0
Z3,33,1,720,6872.0,0.110347,62276.273936,62472.0,1.0,2,6.5e-05,12455.254787,12455.254787,1778940.0045674997,4846031.4590814,231972.9120291,5388529.887157099,36059444.4322961,100,25,0
Z3,34,1,720,6872.0,0.12385,55486.475575,55864.0,1.0,2,6.5e-05,11097.295115,11097.295115,1778940.0045674997,4846031.4590814,231972.9120291,5388529.887157099,36059444.4322961,100,25,0
Z3,35,1,720,6376.0,0.082386,77391.789867,77752.0,1.0,2,6.5e-05,15478.357973,15478.357973,1778940.0045674997,4846031.4590814,231972.9120291,5388529.887157099,36059444.4322961,100,25,0
Z3,36,1,720,6872.0,0.102585,66988.351123,67368.0,1.0,2,6.5e-05,13397.670225,13397.670225,1778940.0045674997,4846031.4590814,231972.9120291,5388529.887157099,36059444.4322961,100,25,0
Z3,37,1,720,6872.0,0.085627,80255.059736,80840.0,1.0,2,6.5e-05,16051.011947,16051.011947,1778940.0045674997,4846031.4590814,231972.9120291,5388529.887157099,36059444.4322961,100,25,0
Z3,38,1,720,6376.0,0.112457,56697.226495,56928.0,1.0,2,6.5e-05,11339.445299,11339.445299,1778940.0045674997,4846031.4590814,231972.9120291,5388529.887157099,36059444.4322961,100,25,0
Z1,0,2,720,9320.0,0.344733,27035.415815,27088.0,1.0,2,5.428196,16746.528462,16746.528462,1778940.0045674997,4846031.4590814,231972.9120291,5388529.887157099,36059444.4322961,100,25,0
Z2,0,2,720,6624.0,0.356481,18581.635487,18600.0,1.0,2,5.428196,15055.772396,15055.772396,1778940.0045674997,4846031.4590814,231972.9120291,5388529.887157099,36059444.4322961,100,25,0
Z2,1,2,720,5424.0,0.091302,59407.241901,59600.0,1.0,2,5.428196,23220.893679,23220.893679,1778940.0045674997,4846031.4590814,231972.9120291,5388529.887157099,36059444.4322961,100,25,0
Z2,2,2,720,7080.0,0.109643,64573.205768,64952.0,1.0,2,5.428196,24254.086453,24254.086453,1778940.0045674997,4846031.4590814,231972.9120291,5388529.887157099,36059444.4322961,100,25,0
Z2,3,2,720,18392.0,0.094988,193624.457826,195656.0,1.0,2,5.428196,50064.336864,50064.336864,1778940.0045674997,4846031.4590814,231972.9120291,5388529.887157099,36059444.4322961,100,25,0
Z2,4,2,720,9160.0,0.12574,72848.735486,73280.0,1.0,2,5.428196,25909.192396,25909.192396,1778940.0045674997,4846031.4590814,231972.9120291,5388529.887157099,36059444.4322961,100,25,0
Z2,5,2,720,8048.0,0.099125,81190.416141,81288.0,1.0,2,5.428196,27577.528527,27577.528527,1778940.0045674997,4846031.4590814,231972.9120291,5388529.887157099,36059444.4322961,100,25,0
Z2,6,2,720,6376.0,0.079706,79993.977869,80704.0,1.0,2,5.428196,27338.240873,27338.240873,1778940.0045674997,4846031.4590814,231972.9120291,5388529.887157099,36059444.4322961,100,25,0
Z2,7,2,720,6872.0,0.080393,85480.079111,85896.0,1.0,2,5.428196,28435.461121,28435.461121,1778940.0045674997,4846031.4590814,231972.9120291,5388529.887157099,36059444.4322961,100,25,0
Z3,0,2,720,7080.0,0.312681,22642.885241,22688.0,1.0,2,5.428196,15868.022347,15868.022347,1778940.0045674997,4846031.4590814,231972.9120291,5388529.887157099,36059444.4322961,100,25,0
Z3,1,2,720,7080.0,0.078443,90256.619456,90768.0,1.0,2,5.428196,29390.76919,29390.76919,1778940.0045674997,4846031.4590814,231972.9120291,5388529.887157099,36059444.4322961,100,25,0
Z3,2,2,720,5664.0,0.102116,55466.332406,55528.0,1.0,2,5.428196,22432.71178,22432.71178,1778940.0045674997,4846031.4590814,231972.9120291,5388529.887157099,36059444.4322961,100,25,0
Z3,3,2,720,7080.0,0.095516,74123.707023,74520.0,1.0,2,5.428196,26164.186704,26164.186704,1778940.0045674997,4846031.4590814,231972.9120291,5388529.887157099,36059444.4322961,100,25,0
Z3,4,2,720,7080.0,0.120033,58983.779461,59000.0,1.0,2,5.428196,23136.201191,23136.201191,1778940.0045674997,4846031.4590814,231972.9120291,5388529.887157099,36059444.4322961,100,25,0
Z3,5,2,720,5664.0,0.114169,49610.664892,49680.0,1.0,2,5.428196,21261.578277,21261.578277,1778940.0045674997,4846031.4590814,231972.9120291,5388529.887157099,36059444.4322961,100,25,0
Z3,6,2,720,7080.0,0.107461,65884.367352,66168.0,1.0,2,5.428196,24516.318769,24516.318769,1778940.0045674997,4846031.4590814,231972.9120291,5388529.887157099,36059444.4322961,100,25,0
Z3,7,2,720,7080.0,0.125743,56305.321171,56640.0,1.0,2,5.428196,22600.509533,22600.509533,1778940.0045674997,4846031.4590814,231972.9120291,5388529.887157099,36059444.4322961,100,25,0
Z3,8,2,720,5664.0,0.079908,70881.513741,71696.0,1.0,2,5.428196,25515.748047,25515.748047,1778940.0045674997,4846031.4590814,231972.9120291,5388529.887157099,36059444.4322961,100,25,0
Z3,9,2,720,7080.0,0.085412,82892.33363,83288.0,1.0,2,5.428196,27917.912025,27917.912025,1778940.0045674997,4846031.4590814,231972.9120291,5388529.887157099,36059444.4322961,100,25,0
Z3,10,2,720,12648.0,0.121837,103810.829223,104528.0,1.0,2,5.428196,32101.611144,32101.611144,1778940.0045674997,4846031.4590814,231972.9120291,5388529.887157099,36059444.4322961,100,25,0
Z3,11,2,720,17112.0,0.105304,162500.949632,162968.0,1.0,2,5.428196,43839.635225,43839.635225,1778940.0045674997,4846031.4590814,231972.9120291,5388529.887157099,36059444.4322961,100,25,0
Z3,12,2,720,15320.0,0.079621,192411.549717,193920.0,1.0,2,5.428196,49821.755242,49821.755242,1778940.0045674997,4846031.4590814,231972.9120291,5388529.887157099,36059444.4322961,100,25,0
Z3,13,2,720,10704.0,0.111968,95598.742498,96432.0,1.0,2,5.428196,30459.193799,30459.193799,1778940.0045674997,4846031.4590814,231972.9120291,5388529.887157099,36059444.4322961,100,25,0
Z3,14,2,720,18776.0,0.106206,176788.505358,177128.0,1.0,2,5.428196,46697.146371,46697.146371,1778940.0045674997,4846031.4590814,231972.9120291,5388529.887157099,36059444.4322961,100,25,0
Z3,15,2,720,21848.0,0.119502,182825.392044,183592.0,1.0,2,5.428196,47904.523708,47904.523708,1778940.0045674997,4846031.4590814,231972.9120291,5388529.887157099,36059444.4322961,100,25,0
Z3,16,2,720,12752.0,0.117182,108822.174054,108984.0,1.0,2,5.428196,33103.88011,33103.88011,1778940.0045674997,4846031.4590814,231972.9120291,5388529.887157099,36059444.4322961,100,25,0
Z3,17,2,720,21856.0,0.096448,226609.157266,227664.0,1.0,2,5.428196,56661.276752,56661.276752,1778940.0045674997,4846031.4590814,231972.9120291,5388529.887157099,36059444.4322961,100,25,0
Z3,18,2,720,16880.0,0.086871,194311.104972,196272.0,1.0,2,5.428196,50201.666293,50201.666293,1778940.0045674997,4846031.4590814,231972.9120291,5388529.887157099,36059444.4322961,100,25,0
Z3,19,2,720,12128.0,0.118195,102610.09349,102776.0,1.0,2,5.428196,31861.463997,31861.463997,1778940.0045674997,4846031.4590814,231972.9120291,5388529.887157099,36059444.4322961,100,25,0
Z3,20,2,720,15344.0,0.096832,158460.013219,159832.0,1.0,2,5.428196,43031.447943,43031.447943,1778940.0045674997,4846031.4590814,231972.9120291,5388529.887157099,36059444.4322961,100,25,0
Z3,21,2,720,11592.0,0.097427,118981.391195,119504.0,1.0,2,5.428196,35135.723538,35135.723538,1778940.0045674997,4846031.4590814,231972.9120291,5388529.887157099,36059444.4322961,100,25,0
Z3,22,2,720,9952.0,0.085198,116810.253762,117080.0,1.0,2,5.428196,34701.496051,34701.496051,1778940.0045674997,4846031.4590814,231972.9120291,5388529.887157099,36059444.4322961,100,25,0
Z3,23,2,720,11064.0,0.11793,93818.366828,94560.0,1.0,2,5.428196,30103.118665,30103.118665,1778940.0045674997,4846031.4590814,231972.9120291,5388529.887157099,36059444.4322961,100,25,0
Z3,24,2,720,14728.0,0.118718,124058.693711,124808.0,1.0,2,5.428196,36151.184041,36151.184041,1778940.0045674997,4846031.4590814,231972.9120291,5388529.887157099,36059444.4322961,100,25,0
Z3,25,2,720,16264.0,0.10633,152957.772971,153432.0,1.0,2,5.428196,41930.999893,41930.999893,1778940.0045674997,4846031.4590814,231972.9120291,5388529.887157099,36059444.4322961,100,25,0
Z3,26,2,720,9504.0,0.114334,83124.879738,83368.0,1.0,2,5.428196,27964.421247,27964.421247,1778940.0045674997,4846031.4590814,231972.9120291,5388529.887157099,36059444.4322961,100,25,0
Z3,27,2,720,12688.0,0.099411,127631.751013,128160.0,1.0,2,5.428196,36865.795502,36865.795502,1778940.0045674997,4846031.4590814,231972.9120291,5388529.887157099,36059444.4322961,100,25,0
Z3,28,2,720,17320.0,0.103561,167244.42599,168152.0,1.0,2,5.428196,44788.330497,44788.330497,1778940.0045674997,4846031.4590814,231972.9120291,5388529.887157099,36059444.4322961,100,25,0
Z3,29,2,720,10632.0,0.122788,86588.265954,87144.0,1.0,2,5.428196,28657.09849,28657.09849,1778940.0045674997,4846031.4590814,231972.9120291,5388529.887157099,36059444.4322961,100,25,0
Z3,30,2,720,6872.0,0.096912,70909.691266,71576.0,1.0,2,5.428196,25521.383552,25521.383552,1778940.0045674997,4846031.4590814,231972.9120291,5388529.887157099,36059444.4322961,100,25,0
Z3,31,2,720,6872.0,0.100129,68631.46541,68720.0,1.0,2,5.428196,25065.738381,25065.738381,1778940.0045674997,4846031.4590814,231972.9120291,5388529.887157099,36059444.4322961,100,25,0
Z3,32,2,720,6376.0,0.089103,71557.635545,71640.0,1.0,2,5.428196,25650.972408,25650.972408,1778940.0045674997,4846031.4590814,231972.9120291,5388529.887157099,36059444.4322961,100,25,0
Z3,33,2,720,6872.0,0.116502,58986.111826,59240.0,1.0,2,5.428196,23136.667664,23136.667664,1778940.0045674997,4846031.4590814,231972.9120291,5388529.887157099,36059444.4322961,100,25,0
Z3,34,2,720,6872.0,0.101058,68000.554137,68032.0,1.0,2,5.428196,24939.556127,24939.556127,1778940.0045674997,4846031.4590814,231972.9120291,5388529.887157099,36059444.4322961,100,25,0
Z3,35,2,720,6376.0,0.108512,58758.478325,59032.0,1.0,2,5.428196,23091.140964,23091.140964,1778940.0045674997,4846031.4590814,231972.9120291,5388529.887157099,36059444.4322961,100,25,0
Z3,36,2,720,6872.0,0.096629,71117.366422,71576.0,1.0,2,5.428196,25562.918584,25562.918584,1778940.0045674997,4846031.4590814,231972.9120291,5388529.887157099,36059444.4322961,100,25,0
Z3,37,2,720,6872.0,0.115675,59407.823644,59752.0,1.0,2,5.428196,23221.010028,23221.010028,1778940.0045674997,4846031.4590814,231972.9120291,5388529.887157099,36059444.4322961,100,25,0
Z3,38,2,720,6376.0,0.105003,60722.074607,60720.0,1.0,2,5.428196,23483.860221,23483.860221,1778940.0045674997,4846031.4590814,231972.9120291,5388529.887157099,36059444.4322961,100,25,0
Z1,0,3,720,15304.0,0.369444,41424.410736,41472.0,1.0,2,11.094011,31768.742368,31768.742368,1778940.0045674997,4846031.4590814,231972.9120291,5388529.887157099,36059444.4322961,100,25,0
Z2,0,3,720,6624.0,0.325313,20361.928358,20376.0,1.0,2,11.094011,27556.245892,27556.245892,1778940.0045674997,4846031.4590814,231972.9120291,5388529.887157099,36059444.4322961,100,25,0
Z2,1,3,720,5664.0,0.093751,60415.35557,60896.0,1.0,2,11.094011,35566.931334,35566.931334,1778940.0045674997,4846031.4590814,231972.9120291,5388529.887157099,36059444.4322961,100,25,0
Z2,2,3,720,7080.0,0.088284,80195.731956,80448.0,1.0,2,11.094011,39523.006612,39523.006612,1778940.0045674997,4846031.4590814,231972.9120291,5388529.887157099,36059444.4322961,100,25,0
Z2,3,3,720,7080.0,0.120013,58993.609026,59000.0,1.0,2,11.094011,35282.582026,35282.582026,1778940.0045674997,4846031.4590814,231972.9120291,5388529.887157099,36059444.4322961,100,25,0
Z2,4,3,720,12544.0,0.126042,99522.381428,99552.0,1.0,2,11.094011,43388.336506,43388.336506,1778940.0045674997,4846031.4590814,231972.9120291,5388529.887157099,36059444.4322961,100,25,0
Z2,5,3,720,18632.0,0.098629,188909.95549,190120.0,1.0,2,11.094011,61265.851319,61265.851319,1778940.0045674997,4846031.4590814,231972.9120291,5388529.887157099,36059444.4322961,100,25,0
Z2,6,3,720,10240.0,0.08958,114311.230185,115056.0,1.0,2,11.094011,46346.106258,46346.106258,1778940.0045674997,4846031.4590814,231972.9120291,5388529.887157099,36059444.4322961,100,25,0
Z2,7,3,720,8424.0,0.093062,90520.298296,90576.0,1.0,2,11.094011,41587.91988,41587.91988,1778940.0045674997,4846031.4590814,231972.9120291,5388529.887157099,36059444.4322961,100,25,0
Z3,0,3,720,5424.0,0.30942,17529.571456,17552.0,1.0,2,11.094011,26989.774512,26989.774512,1778940.0045674997,4846031.4590814,231972.9120291,5388529.887157099,36059444.4322961,100,25,0
Z3,1,3,720,7080.0,0.090565,78175.895765,78664.0,1.0,2,11.094011,39119.039374,39119.039374,1778940.0045674997,4846031.4590814,231972.9120291,5388529.887157099,36059444.4322961,100,25,0
Z3,2,3,720,7080.0,0.100225,70641.05762,70800.0,1.0,2,11.094011,37612.071745,37612.071745,1778940.0045674997,4846031.4590814,231972.9120291,5388529.887157099,36059444.4322961,100,25,0
Z3,3,3,720,5664.0,0.116921,48442.965763,48824.0,1.0,2,11.094011,33172.453373,33172.453373,1778940.0045674997,4846031.4590814,231972.9120291,5388529.887157099,36059444.4322961,100,25,0
Z3,4,3,720,7080.0,0.120204,58899.870221,59000.0,1.0,2,11.094011,35263.834265,35263.834265,1778940.0045674997,4846031.4590814,231972.9120291,5388529.887157099,36059444.4322961,100,25,0
Z3,5,3,720,7080.0,0.079856,88659.587257,89616.0,1.0,2,11.094011,41215.777672,41215.777672,1778940.0045674997,4846031.4590814,231972.9120291,5388529.887157099,36059444.4322961,100,25,0
Z3,6,3,720,5664.0,0.106079,53394.168497,53432.0,1.0,2,11.094011,34162.69392,34162.69392,1778940.0045674997,4846031.4590814,231972.9120291,5388529.887157099,36059444.4322961,100,25,0
Z3,7,3,720,7080.0,0.10195,69445.806768,70096.0,1.0,2,11.094011,37373.021574,37373.021574,1778940.0045674997,4846031.4590814,231972.9120291,5388529.887157099,36059444.4322961,100,25,0
Z3,8,3,720,7080.0,0.078656,90012.205045,90768.0,1.0,2,11.094011,41486.30123,41486.30123,1778940.0045674997,4846031.4590814,231972.9120291,5388529.887157099,36059444.4322961,100,25,0
Z3,9,3,720,14120.0,0.079821,176895.804362,178728.0,1.0,2,11.094011,58863.021093,58863.021093,1778940.0045674997,4846031.4590814,231972.9120291,5388529.887157099,36059444.4322961,100,25,0
Z3,10,3,720,17536.0,0.103598,169269.677021,170248.0,1.0,2,11.094011,57337.795625,57337.795625,1778940.0045674997,4846031.4590814,231972.9120291,5388529.887157099,36059444.4322961,100,25,0
Z3,11,3,720,16008.0,0.09626,166299.605236,166744.0,1.0,2,11.094011,56743.781268,56743.781268,1778940.0045674997,4846031.4590814,231972.9120291,5388529.887157099,36059444.4322961,100,25,0
Z3,12,3,720,10896.0,0.121987,89320.993221,90048.0,1.0,2,11.094011,41348.058865,41348.058865,1778940.0045674997,4846031.4590814,231972.9120291,5388529.887157099,36059444.4322961,100,25,0
Z3,13,3,720,19720.0,0.105796,186396.461114,187808.0,1.0,2,11.094011,60763.152443,60763.152443,1778940.0045674997,4846031.4590814,231972.9120291,5388529.887157099,36059444.4322961,100,25,0
Z3,14,3,720,20104.0,0.079117,254104.68041,254480.0,1.0,2,11.094011,74304.796303,74304.796303,1778940.0045674997,4846031.4590814,231972.9120291,5388529.887157099,36059444.4322961,100,25,0
Z3,15,3,720,12504.0,0.076922,162554.27576,164520.0,1.0,2,11.094011,55994.715373,55994.715373,1778940.0045674997,4846031.4590814,231972.9120291,5388529.887157099,36059444.4322961,100,25,0
Z3,16,3,720,23072.0,0.118033,195470.758178,195520.0,1.0,2,11.094011,62578.011856,62578.011856,1778940.0045674997,4846031.4590814,231972.9120291,5388529.887157099,36059444.4322961,100,25,0
Z3,17,3,720,18112.0,0.096545,187601.636543,188664.0,1.0,2,11.094011,61004.187529,61004.187529,1778940.0045674997,4846031.4590814,231972.9120291,5388529.887157099,36059444.4322961,100,25,0
Z3,18,3,720,9664.0,0.08576,112686.567164,113688.0,1.0,2,11.094011,46021.173653,46021.173653,1778940.0045674997,4846031.4590814,231972.9120291,5388529.887157099,36059444.4322961,100,25,0
Z3,19,3,720,12280.0,0.102405,119916.019726,120392.0,1.0,2,11.094011,47467.064166,47467.064166,1778940.0045674997,4846031.4590814,231972.9120291,5388529.887157099,36059444.4322961,100,25,0
Z3,20,3,720,10368.0,0.115315,89910.245848,90152.0,1.0,2,11.094011,41465.90939,41465.90939,1778940.0045674997,4846031.4590814,231972.9120291,5388529.887157099,36059444.4322961,100,25,0
Z3,21,3,720,10520.0,0.092628,113572.569849,114344.0,1.0,2,11.094011,46198.37419,46198.37419,1778940.0045674997,4846031.4590814,231972.9120291,5388529.887157099,36059444.4322961,100,25,0
Z3,22,3,720,15288.0,0.080132,190785.204413,191096.0,1.0,2,11.094011,61640.901103,61640.901103,1778940.0045674997,4846031.4590814,231972.9120291,5388529.887157099,36059444.4322961,100,25,0
Z3,23,3,720,16344.0,0.117419,139193.827234,139688.0,1.0,2,11.094011,51322.625667,51322.625667,1778940.0045674997,4846031.4590814,231972.9120291,5388529.887157099,36059444.4322961,100,25,0
Z3,24,3,720,9016.0,0.0916,98427.947598,99072.0,1.0,2,11.094011,43169.44974,43169.44974,1778940.0045674997,4846031.4590814,231972.9120291,5388529.887157099,36059444.4322961,100,25,0
Z3,25,3,720,13800.0,0.101938,135376.405266,136632.0,1.0,2,11.094011,50559.141274,50559.141274,1778940.0045674997,4846031.4590814,231972.9120291,5388529.887157099,36059444.4322961,100,25,0
Z3,26,3,720,17664.0,0.099983,176670.033906,178424.0,1.0,2,11.094011,58817.867002,58817.867002,1778940.0045674997,4846031.4590814,231972.9120291,5388529.887157099,36059444.4322961,100,25,0
Z3,27,3,720,9896.0,0.078794,125593.319288,126864.0,1.0,2,11.094011,48602.524078,48602.524078,1778940.0045674997,4846031.4590814,231972.9120291,5388529.887157099,36059444.4322961,100,25,0
Z3,28,3,720,6376.0,0.088115,72359.984112,72448.0,1.0,2,11.094011,37955.857043,37955.857043,1778940.0045674997,4846031.4590814,231972.9120291,5388529.887157099,36059444.4322961,100,25,0
Z3,29,3,720,6872.0,0.10018,68596.526253,68720.0,1.0,2,11.094011,37203.165471,37203.165471,1778940.0045674997,4846031.4590814,231972.9120291,5388529.887157099,36059444.4322961,100,25,0
Z3,30,3,720,6872.0,0.098951,69448.514922,70120.0,1.0,2,11.094011,37373.563205,37373.563205,1778940.0045674997,4846031.4590814,231972.9120291,5388529.887157099,36059444.4322961,100,25,0
Z3,31,3,720,6376.0,0.07768,82080.329557,82800.0,1.0,2,11.094011,39899.926132,39899.926132,1778940.0045674997,4846031.4590814,231972.9120291,5388529.887157099,36059444.4322961,100,25,0
Z3,32,3,720,6872.0,0.116331,59072.818079,59240.0,1.0,2,11.094011,35298.423836,35298.423836,1778940.0045674997,4846031.4590814,231972.9120291,5388529.887157099,36059444.4322961,100,25,0
Z3,33,3,720,6872.0,0.084504,81321.594244,81808.0,1.0,2,11.094011,39748.179069,39748.179069,1778940.0045674997,4846031.4590814,231972.9120291,5388529.887157099,36059444.4322961,100,25,0
Z3,34,3,720,6376.0,0.095389,66842.08871,67112.0,1.0,2,11.094011,36852.277963,36852.277963,1778940.0045674997,4846031.4590814,231972.9120291,5388529.887157099,36059444.4322961,100,25,0
Z3,35,3,720,6872.0,0.113404,60597.509788,60808.0,1.0,2,11.094011,35603.362178,35603.362178,1778940.0045674997,4846031.4590814,231972.9120291,5388529.887157099,36059444.4322961,100,25,0
Z3,36,3,720,6872.0,0.098253,69941.884726,70120.0,1.0,2,11.094011,37472.237166,37472.237166,1778940.0045674997,4846031.4590814,231972.9120291,5388529.887157099,36059444.4322961,100,25,0
Z3,37,3,720,6376.0,0.10072,63304.20969,63760.0,1.0,2,11.094011,36144.702159,36144.702159,1778940.0045674997,4846031.4590814,231972.9120291,5388529.887157099,36059444.4322961,100,25,0
Z3,38,3,720,6872.0,0.082725,83070.414022,83800.0,1.0,2,11.094011,40097.943025,40097.943025,1778940.0045674997,4846031.4590814,231972.9120291,5388529.887157099,36059444.4322961,100,25,0
Z1,0,4,720,7200.0,0.367973,19566.652988,19616.0,1.0,2,16.509448,44011.273623,44011.273623,1778940.0045674997,4846031.4590814,231972.9120291,5388529.887157099,36059444.4322961,100,25,0
Z2,0,4,720,6624.0,0.347464,19063.845463,19088.0,1.0,2,16.509448,43910.712118,43910.712118,1778940.0045674997,4846031.4590814,231972.9120291,5388529.887157099,36059444.4322961,100,25,0
Z2,1,4,720,6648.0,0.08282,80270.466071,81072.0,1.0,2,16.509448,56152.036239,56152.036239,1778940.0045674997,4846031.4590814,231972.9120291,5388529.887157099,36059444.4322961,100,25,0
Z2,2,4,720,7296.0,0.110119,66255.596219,66320.0,1.0,2,16.509448,53349.062269,53349.062269,1778940.0045674997,4846031.4590814,231972.9120291,5388529.887157099,36059444.4322961,100,25,0
Z2,3,4,720,17272.0,0.093036,185648.566146,185720.0,1.0,2,16.509448,77227.656254,77227.656254,1778940.0045674997,4846031.4590814,231972.9120291,5388529.887157099,36059444.4322961,100,25,0
Z2,4,4,720,22592.0,0.11896,189912.575656,191456.0,1.0,2,16.509448,78080.458156,78080.458156,1778940.0045674997,4846031.4590814,231972.9120291,5388529.887157099,36059444.4322961,100,25,0
Z2,5,4,720,17472.0,0.118931,146908.711774,148064.0,1.0,2,16.509448,69479.68538,69479.68538,1778940.0045674997,4846031.4590814,231972.9120291,5388529.887157099,36059444.4322961,100,25,0
Z2,6,4,720,6424.0,0.091993,69831.400215,70592.0,1.0,2,16.509448,54064.223068,54064.223068,1778940.0045674997,4846031.4590814,231972.9120291,5388529.887157099,36059444.4322961,100,25,0
Z2,7,4,720,6872.0,0.109041,63022.165974,63040.0,1.0,2,16.509448,52702.37622,52702.37622,1778940.0045674997,4846031.4590814,231972.9120291,5388529.887157099,36059444.4322961,100,25,0
Z3,0,4,720,6448.0,0.316507,20372.37723,20400.0,1.0,2,16.509448,44172.418471,44172.418471,1778940.0045674997,4846031.4590814,231972.9120291,5388529.887157099,36059444.4322961,100,25,0
Z3,1,4,720,7448.0,0.111435,66837.16965,67096.0,1.0,2,16.509448,53465.376955,53465.376955,1778940.0045674997,4846031.4590814,231972.9120291,5388529.887157099,36059444.4322961,100,25,0
Z3,2,4,720,7424.0,0.098392,75453.288885,75752.0,1.0,2,16.509448,55188.600802,55188.600802,1778940.0045674997,4846031.4590814,231972.9120291,5388529.887157099,36059444.4322961,100,25,0
Z3,3,4,720,6648.0,0.09851,67485.534464,67832.0,1.0,2,16.509448,53595.049918,53595.049918,1778940.0045674997,4846031.4590814,231972.9120291,5388529.887157099,36059444.4322961,100,25,0
Z3,4,4,720,7224.0,0.101725,71014.991398,71520.0,1.0,2,16.509448,54300.941305,54300.941305,1778940.0045674997,4846031.4590814,231972.9120291,5388529.887157099,36059444.4322961,100,25,0
Z3,5,4,720,7240.0,0.092062,78642.653864,78688.0,1.0,2,16.509448,55826.473798,55826.473798,1778940.0045674997,4846031.4590814,231972.9120291,5388529.887157099,36059444.4322961,100,25,0
Z3,6,4,720,6648.0,0.111789,59469.178542,59888.0,1.0,2,16.509448,51991.778733,51991.778733,1778940.0045674997,4846031.4590814,231972.9120291,5388529.887157099,36059444.4322961,100,25,0
Z3,7,4,720,7232.0,0.103248,70044.940338,70208.0,1.0,2,16.509448,54106.931093,54106.931093,1778940.0045674997,4846031.4590814,231972.9120291,5388529.887157099,36059444.4322961,100,25,0
Z3,8,4,720,7296.0,0.113906,64052.815479,64560.0,1.0,2,16.509448,52908.506121,52908.506121,1778940.0045674997,4846031.4590814,231972.9120291,5388529.887157099,36059444.4322961,100,25,0
Z3,9,4,720,16456.0,0.110032,149556.492657,149600.0,1.0,2,16.509448,70009.241556,70009.241556,1778940.0045674997,4846031.4590814,231972.9120291,5388529.887157099,36059444.4322961,100,25,0
Z3,10,4,720,25392.0,0.101803,249422.905022,251400.0,1.0,2,16.509448,89982.52403,89982.52403,1778940.0045674997,4846031.4590814,231972.9120291,5388529.887157099,36059444.4322961,100,25,0
Z3,11,4,720,21592.0,0.115351,187185.199955,187752.0,1.0,2,16.509448,77534.983016,77534.983016,1778940.0045674997,4846031.4590814,231972.9120291,5388529.887157099,36059444.4322961,100,25,0
Z3,12,4,720,13528.0,0.091866,147257.962685,148656.0,1.0,2,16.509448,69549.535562,69549.535562,1778940.0045674997,4846031.4590814,231972.9120291,5388529.887157099,36059444.4322961,100,25,0
Z3,13,4,720,29512.0,0.122962,240009.108505,241896.0,1.0,2,16.509448,88099.764726,88099.764726,1778940.0045674997,4846031.4590814,231972.9120291,5388529.887157099,36059444.4322961,100,25,0
Z3,14,4,720,29688.0,0.122092,243160.895063,243344.0,1.0,2,16.509448,88730.122038,88730.122038,1778940.0045674997,4846031.4590814,231972.9120291,5388529.887157099,36059444.4322961,100,25,0
Z3,15,4,720,16760.0,0.086499,193759.465427,194880.0,1.0,2,16.509448,78849.836111,78849.836111,1778940.0045674997,4846031.4590814,231972.9120291,5388529.887157099,36059444.4322961,100,25,0
Z3,16,4,720,33128.0,0.119243,277819.243058,278384.0,1.0,2,16.509448,95661.791637,95661.791637,1778940.0045674997,4846031.4590814,231972.9120291,5388529.887157099,36059444.4322961,100,25,0
Z3,17,4,720,26248.0,0.119279,220055.50013,220568.0,1.0,2,16.509448,84109.043051,84109.043051,1778940.0045674997,4846031.4590814,231972.9120291,5388529.887157099,36059444.4322961,100,25,0
Z3,18,4,720,26240.0,0.116802,224653.687437,226200.0,1.0,2,16.509448,85028.680512,85028.680512,1778940.0045674997,4846031.4590814,231972.9120291,5388529.887157099,36059444.4322961,100,25,0
Z3,19,4,720,14624.0,0.095416,153265.699673,153936.0,1.0,2,16.509448,70751.08296,70751.08296,1778940.0045674997,4846031.4590814,231972.9120291,5388529.887157099,36059444.4322961,100,25,0
Z3,20,4,720,26816.0,0.125568,213557.594292,214528.0,1.0,2,16.509448,82809.461883,82809.461883,1778940.0045674997,4846031.4590814,231972.9120291,5388529.887157099,36059444.4322961,100,25,0
Z3,21,4,720,23128.0,0.11633,198813.719591,199376.0,1.0,2,16.509448,79860.686943,79860.686943,1778940.0045674997,4846031.4590814,231972.9120291,5388529.887157099,36059444.4322961,100,25,0
Z3,22,4,720,19440.0,0.11395,170601.140851,172032.0,1.0,2,16.509448,74218.171195,74218.171195,1778940.0045674997,4846031.4590814,231972.9120291,5388529.887157099,36059444.4322961,100,25,0
Z3,23,4,720,29088.0,0.115678,251456.62961,252936.0,1.0,2,16.509448,90389.268947,90389.268947,1778940.0045674997,4846031.4590814,231972.9120291,5388529.887157099,36059444.4322961,100,25,0
Z3,24,4,720,29840.0,0.11089,269095.500045,271272.0,1.0,2,16.509448,93917.043034,93917.043034,1778940.0045674997,4846031.4590814,231972.9120291,5388529.887157099,36059444.4322961,100,25,0
Z3,25,4,720,17200.0,0.120583,142640.33902,143328.0,1.0,2,16.509448,68626.010829,68626.010829,1778940.0045674997,4846031.4590814,231972.9120291,5388529.887157099,36059444.4322961,100,25,0
Z3,26,4,720,25664.0,0.096148,266921.828847,267328.0,1.0,2,16.509448,93482.308794,93482.308794,1778940.0045674997,4846031.4590814,231972.9120291,5388529.887157099,36059444.4322961,100,25,0
Z3,27,4,720,26808.0,0.083456,321223.159509,322984.0,1.0,2,16.509448,104342.574927,104342.574927,1778940.0045674997,4846031.4590814,231972.9120291,5388529.887157099,36059444.4322961,100,25,0
Z3,28,4,720,12720.0,0.082471,154236.034485,155120.0,1.0,2,16.509448,70945.149922,70945.149922,1778940.0045674997,4846031.4590814,231972.9120291,5388529.887157099,36059444.4322961,100,25,0
Z3,29,4,720,11496.0,0.103642,110920.283283,111608.0,1.0,2,16.509448,62281.999682,62281.999682,1778940.0045674997,4846031.4590814,231972.9120291,5388529.887157099,36059444.4322961,100,25,0
Z3,30,4,720,6448.0,0.095528,67498.534461,67872.0,1.0,2,16.509448,53597.649917,53597.649917,1778940.0045674997,4846031.4590814,231972.9120291,5388529.887157099,36059444.4322961,100,25,0
Z3,31,4,720,7200.0,0.123636,58235.465398,58536.0,1.0,2,16.509448,51745.036105,51745.036105,1778940.0045674997,4846031.4590814,231972.9120291,5388529.887157099,36059444.4322961,100,25,0
Z3,32,4,720,7520.0,0.10513,71530.486065,71616.0,1.0,2,16.509448,54404.040238,54404.040238,1778940.0045674997,4846031.4590814,231972.9120291,5388529.887157099,36059444.4322961,100,25,0
Z3,33,4,720,6728.0,0.112728,59683.485913,60064.0,1.0,2,16.509448,52034.640208,52034.640208,1778940.0045674997,4846031.4590814,231972.9120291,5388529.887157099,36059444.4322961,100,25,0
Z3,34,4,720,7224.0,0.08268,87373.004354,88096.0,1.0,2,16.509448,57572.543896,57572.543896,1778940.0045674997,4846031.4590814,231972.9120291,5388529.887157099,36059444.4322961,100,25,0
Z3,35,4,720,7256.0,0.111103,65308.76754,65368.0,1.0,2,16.509448,53159.696533,53159.696533,1778940.0045674997,4846031.4590814,231972.9120291,5388529.887157099,36059444.4322961,100,25,0
Z3,36,4,720,6544.0,0.124222,52679.87957,52768.0,1.0,2,16.509448,50633.918939,50633.918939,1778940.0045674997,4846031.4590814,231972.9120291,5388529.887157099,36059444.4322961,100,25,0
Z3,37,4,720,12272.0,0.102039,120267.740766,120312.0,1.0,2,16.509448,64151.491178,64151.491178,1778940.0045674997,4846031.4590814,231972.9120291,5388529.887157099,36059444.4322961,100,25,0
Z3,38,4,720,8544.0,0.087486,97661.3401,98200.0,1.0,2,16.509448,59630.211045,59630.211045,1778940.0045674997,4846031.4590814,231972.9120291,5388529.887157099,36059444.4322961,100,25,0
Z1,0,5,720,8792.0,0.352586,24935.760354,24976.0,1.0,2,22.318815,64617.363116,64617.363116,1778940.0045674997,4846031.4590814,231972.9120291,5388529.887157099,36059444.4322961,100,25,0
Z2,0,5,720,6624.0,0.313514,21128.243077,21160.0,1.0,2,22.318815,63855.85966,63855.85966,1778940.0045674997,4846031.4590814,231972.9120291,5388529.887157099,36059444.4322961,100,25,0
Z2,1,5,720,7616.0,0.099134,76825.30716,76928.0,1.0,2,22.318815,74995.272477,74995.272477,1778940.0045674997,4846031.4590814,231972.9120291,5388529.887157099,36059444.4322961,100,25,0
Z2,2,5,720,8816.0,0.104404,84441.209149,84768.0,1.0,2,22.318815,76518.452875,76518.452875,1778940.0045674997,4846031.4590814,231972.9120291,5388529.887157099,36059444.4322961,100,25,0
Z2,3,5,720,14976.0,0.100569,148912.686812,149760.0,1.0,2,22.318815,89412.748407,89412.748407,1778940.0045674997,4846031.4590814,231972.9120291,5388529.887157099,36059444.4322961,100,25,0
Z2,4,5,720,20272.0,0.08594,235885.501513,238488.0,1.0,2,22.318815,106807.311348,106807.311348,1778940.0045674997,4846031.4590814,231972.9120291,5388529.887157099,36059444.4322961,100,25,0
Z2,5,5,720,21272.0,0.10129,210010.859907,210608.0,1.0,2,22.318815,101632.383027,101632.383027,1778940.0045674997,4846031.4590814,231972.9120291,5388529.887157099,36059444.4322961,100,25,0
Z2,6,5,720,9680.0,0.125294,77258.288505,77440.0,1.0,2,22.318815,75081.868746,75081.868746,1778940.0045674997,4846031.4590814,231972.9120291,5388529.887157099,36059444.4322961,100,25,0
Z2,7,5,720,12888.0,0.086941,148238.460565,149856.0,1.0,2,22.318815,89277.903158,89277.903158,1778940.0045674997,4846031.4590814,231972.9120291,5388529.887157099,36059444.4322961,100,25,0
Z3,0,5,720,7712.0,0.333957,23092.793384,23152.0,1.0,2,22.318815,64248.769722,64248.769722,1778940.0045674997,4846031.4590814,231972.9120291,5388529.887157099,36059444.4322961,100,25,0
Z3,1,5,720,9624.0,0.102111,94250.374592,94352.0,1.0,2,22.318815,78480.285964,78480.285964,1778940.0045674997,4846031.4590814,231972.9120291,5388529.887157099,36059444.4322961,100,25,0
Z3,2,5,720,9096.0,0.084097,108160.814298,108280.0,1.0,2,22.318815,81262.373905,81262.373905,1778940.0045674997,4846031.4590814,231972.9120291,5388529.887157099,36059444.4322961,100,25,0
Z3,3,5,720,7632.0,0.114475,66669.578511,66944.0,1.0,2,22.318815,72964.126747,72964.126747,1778940.0045674997,4846031.4590814,231972.9120291,5388529.887157099,36059444.4322961,100,25,0
Z3,4,5,720,8304.0,0.112538,73788.409248,74136.0,1.0,2,22.318815,74387.892895,74387.892895,1778940.0045674997,4846031.4590814,231972.9120291,5388529.887157099,36059444.4322961,100,25,0
Z3,5,5,720,8504.0,0.10611,80143.247573,80224.0,1.0,2,22.318815,75658.86056,75658.86056,1778940.0045674997,4846031.4590814,231972.9120291,5388529.887157099,36059444.4322961,100,25,0
Z3,6,5,720,7384.0,0.089584,82425.433113,82960.0,1.0,2,22.318815,76115.297668,76115.297668,1778940.0045674997,4846031.4590814,231972.9120291,5388529.887157099,36059444.4322961,100,25,0
Z3,7,5,720,8968.0,0.079579,112693.047161,113512.0,1.0,2,22.318815,82168.820477,82168.820477,1778940.0045674997,4846031.4590814,231972.9120291,5388529.887157099,36059444.4322961,100,25,0
Z3,8,5,720,8912.0,0.11149,79935.420217,80288.0,1.0,2,22.318815,75617.295088,75617.295088,1778940.0045674997,4846031.4590814,231972.9120291,5388529.887157099,36059444.4322961,100,25,0
Z3,9,5,720,16688.0,0.114131,146217.94254,146384.0,1.0,2,22.318815,88873.799553,88873.799553,1778940.0045674997,4846031.4590814,231972.9120291,5388529.887157099,36059444.4322961,100,25,0
Z3,10,5,720,23832.0,0.101621,234518.455831,235960.0,1.0,2,22.318815,106533.902211,106533.902211,1778940.0045674997,4846031.4590814,231972.9120291,5388529.887157099,36059444.4322961,100,25,0
Z3,11,5,720,21144.0,0.108621,194658.491452,195776.0,1.0,2,22.318815,98561.909335,98561.909335,1778940.0045674997,4846031.4590814,231972.9120291,5388529.887157099,36059444.4322961,100,25,0
Z3,12,5,720,14272.0,0.08759,162940.974997,164040.0,1.0,2,22.318815,92218.406044,92218.406044,1778940.0045674997,4846031.4590814,231972.9120291,5388529.887157099,36059444.4322961,100,25,0
Z3,13,5,720,27640.0,0.108414,254948.622872,255920.0,1.0,2,22.318815,110619.935619,110619.935619,1778940.0045674997,4846031.4590814,231972.9120291,5388529.887157099,36059444.4322961,100,25,0
Z3,14,5,720,33288.0,0.087887,378759.088375,382616.0,1.0,2,22.318815,135382.02872,135382.02872,1778940.0045674997,4846031.4590814,231972.9120291,5388529.887157099,36059444.4322961,100,25,0
Z3,15,5,720,17576.0,0.106275,165382.262997,165808.0,1.0,2,22.318815,92706.663644,92706.663644,1778940.0045674997,4846031.4590814,231972.9120291,5388529.887157099,36059444.4322961,100,25,0
Z3,16,5,720,34872.0,0.121912,286042.391233,288192.0,1.0,2,22.318815,116838.689292,116838.689292,1778940.0045674997,4846031.4590814,231972.9120291,5388529.887157099,36059444.4322961,100,25,0
Z3,17,5,720,27336.0,0.125629,217593.071663,218688.0,1.0,2,22.318815,103148.825378,103148.825378,1778940.0045674997,4846031.4590814,231972.9120291,5388529.887157099,36059444.4322961,100,25,0
Z3,18,5,720,25312.0,0.103639,244232.383562,245744.0,1.0,2,22.318815,108476.687758,108476.687758,1778940.0045674997,4846031.4590814,231972.9120291,5388529.887157099,36059444.4322961,100,25,0
Z3,19,5,720,18312.0,0.110021,166440.952182,166472.0,1.0,2,22.318815,92918.401481,92918.401481,1778940.0045674997,4846031.4590814,231972.9120291,5388529.887157099,36059444.4322961,100,25,0
Z3,20,5,720,41432.0,0.116568,355432.02251,357168.0,1.0,2,22.318815,130716.615547,130716.615547,1778940.0045674997,4846031.4590814,231972.9120291,5388529.887157099,36059444.4322961,100,25,0
Z3,21,5,720,36760.0,0.117358,313229.60514,314184.0,1.0,2,22.318815,122276.132073,122276.132073,1778940.0045674997,4846031.4590814,231972.9120291,5388529.887157099,36059444.4322961,100,25,0
Z3,22,5,720,21272.0,0.124243,171212.865111,171544.0,1.0,2,22.318815,93872.784067,93872.784067,1778940.0045674997,4846031.4590814,231972.9120291,5388529.887157099,36059444.4322961,100,25,0
Z3,23,5,720,43464.0,0.121862,356665.736653,359200.0,1.0,2,22.318815,130963.358376,130963.358376,1778940.0045674997,4846031.4590814,231972.9120291,5388529.887157099,36059444.4322961,100,25,0
Z3,24,5,720,42000.0,0.09206,456224.201608,456520.0,1.0,2,22.318815,150875.051367,150875.051367,1778940.0045674997,4846031.4590814,231972.9120291,5388529.887157099,36059444.4322961,100,25,0
Z3,25,5,720,20304.0,0.112416,180614.859095,181280.0,1.0,2,22.318815,95753.182864,95753.182864,1778940.0045674997,4846031.4590814,231972.9120291,5388529.887157099,36059444.4322961,100,25,0
Z3,26,5,720,32736.0,0.105931,309031.350596,311768.0,1.0,2,22.318815,121436.481164,121436.481164,1778940.0045674997,4846031.4590814,231972.9120291,5388529.887157099,36059444.4322961,100,25,0
Z3,27,5,720,34608.0,0.120837,286402.343653,288400.0,1.0,2,22.318815,116910.679776,116910.679776,1778940.0045674997,4846031.4590814,231972.9120291,5388529.887157099,36059444.4322961,100,25,0
Z3,28,5,720,13208.0,0.121966,108292.474952,109152.0,1.0,2,22.318815,81288.706035,81288.706035,1778940.0045674997,4846031.4590814,231972.9120291,5388529.887157099,36059444.4322961,100,25,0
Z3,29,5,720,16320.0,0.115324,141514.342201,141912.0,1.0,2,22.318815,87933.079485,87933.079485,1778940.0045674997,4846031.4590814,231972.9120291,5388529.887157099,36059444.4322961,100,25,0
Z3,30,5,720,8752.0,0.090133,97100.950817,97240.0,1.0,2,22.318815,79050.401208,79050.401208,1778940.0045674997,4846031.4590814,231972.9120291,5388529.887157099,36059444.4322961,100,25,0
Z3,31,5,720,12760.0,0.121844,104724.073405,105448.0,1.0,2,22.318815,80575.025726,80575.025726,1778940.0045674997,4846031.4590814,231972.9120291,5388529.887157099,36059444.4322961,100,25,0
Z3,32,5,720,15440.0,0.124645,123871.7959,124512.0,1.0,2,22.318815,84404.570225,84404.570225,1778940.0045674997,4846031.4590814,231972.9120291,5388529.887157099,36059444.4322961,100,25,0
Z3,33,5,720,10000.0,0.12169,82176.021037,82640.0,1.0,2,22.318815,76065.415252,76065.415252,1778940.0045674997,4846031.4590814,231972.9120291,5388529.887157099,36059444.4322961,100,25,0
Z3,34,5,720,15200.0,0.106238,143074.982586,143392.0,1.0,2,22.318815,88245.207562,88245.207562,1778940.0045674997,4846031.4590814,231972.9120291,5388529.887157099,36059444.4322961,100,25,0
Z3,35,5,720,18352.0,0.119407,153692.832079,154216.0,1.0,2,22.318815,90368.777461,90368.777461,1778940.0045674997,4846031.4590814,231972.9120291,5388529.887157099,36059444.4322961,100,25,0
Z3,36,5,720,11224.0,0.085691,130982.250178,132040.0,1.0,2,22.318815,85826.661081,85826.661081,1778940.0045674997,4846031.4590814,231972.9120291,5388529.887157099,36059444.4322961,100,25,0
Z3,37,5,720,23240.0,0.123695,187881.482679,188936.0,1.0,2,22.318815,97206.507581,97206.507581,1778940.0045674997,4846031.4590814,231972.9120291,5388529.887157099,36059444.4322961,100,25,0
Z3,38,5,720,16824.0,0.083219,202165.370889,202696.0,1.0,2,22.318815,100063.285223,100063.285223,1778940.0045674997,4846031.4590814,231972.9120291,5388529.887157099,36059444.4322961,100,25,0
Z1,0,6,720,14912.0,0.33752,44181.085565,44248.0,1.0,2,28.1301,97560.057037,97560.057037,1778940.0045674997,4846031.4590814,231972.9120291,5388529.887157099,36059444.4322961,100,25,0
Z2,0,6,720,6624.0,0.351097,18866.58103,18864.0,1.0,2,28.1301,92497.15613,92497.15613,1778940.0045674997,4846031.4590814,231972.9120291,5388529.887157099,36059444.4322961,100,25,0
Z2,1,6,720,6768.0,0.1058,63969.754253,64456.0,1.0,2,28.1301,101517.790774,101517.790774,1778940.0045674997,4846031.4590814,231972.9120291,5388529.887157099,36059444.4322961,100,25,0
Z2,2,6,720,7488.0,0.095072,78761.359812,78816.0,1.0,2,28.1301,104476.111886,104476.111886,1778940.0045674997,4846031.4590814,231972.9120291,5388529.887157099,36059444.4322961,100,25,0
Z2,3,6,720,7752.0,0.076421,101438.08639,102000.0,1.0,2,28.1301,109011.457202,109011.457202,1778940.0045674997,4846031.4590814,231972.9120291,5388529.887157099,36059444.4322961,100,25,0
Z2,4,6,720,10768.0,0.09804,109832.721338,109872.0,1.0,2,28.1301,110690.384191,110690.384191,1778940.0045674997,4846031.4590814,231972.9120291,5388529.887157099,36059444.4322961,100,25,0
Z2,5,6,720,17456.0,0.083445,209191.683145,210312.0,1.0,2,28.1301,130562.176553,130562.176553,1778940.0045674997,4846031.4590814,231972.9120291,5388529.887157099,36059444.4322961,100,25,0
Z2,6,6,720,9568.0,0.076272,125445.773023,125888.0,1.0,2,28.1301,113812.994528,113812.994528,1778940.0045674997,4846031.4590814,231972.9120291,5388529.887157099,36059444.4322961,100,25,0
Z2,7,6,720,12800.0,0.120697,106050.688915,106664.0,1.0,2,28.1301,109933.977707,109933.977707,1778940.0045674997,4846031.4590814,231972.9120291,5388529.887157099,36059444.4322961,100,25,0
Z3,0,6,720,6760.0,0.309375,21850.505051,21872.0,1.0,2,28.1301,93093.940934,93093.940934,1778940.0045674997,4846031.4590814,231972.9120291,5388529.887157099,36059444.4322961,100,25,0
Z3,1,6,720,8320.0,0.114776,72489.022095,72976.0,1.0,2,28.1301,103221.644343,103221.644343,1778940.0045674997,4846031.4590814,231972.9120291,5388529.887157099,36059444.4322961,100,25,0
Z3,2,6,720,7800.0,0.105625,73846.153846,74280.0,1.0,2,28.1301,103493.070693,103493.070693,1778940.0045674997,4846031.4590814,231972.9120291,5388529.887157099,36059444.4322961,100,25,0
Z3,3,6,720,6928.0,0.079799,86818.130553,87696.0,1.0,2,28.1301,106087.466034,106087.466034,1778940.0045674997,4846031.4590814,231972.9120291,5388529.887157099,36059444.4322961,100,25,0
Z3,4,6,720,7472.0,0.090768,82319.760268,83016.0,1.0,2,28.1301,105187.791977,105187.791977,1778940.0045674997,4846031.4590814,231972.9120291,5388529.887157099,36059444.4322961,100,25,0
Z3,5,6,720,7416.0,0.095539,77622.750918,78056.0,1.0,2,28.1301,104248.390107,104248.390107,1778940.0045674997,4846031.4590814,231972.9120291,5388529.887157099,36059444.4322961,100,25,0
Z3,6,6,720,6760.0,0.115906,58323.123911,58776.0,1.0,2,28.1301,100388.464706,100388.464706,1778940.0045674997,4846031.4590814,231972.9120291,5388529.887157099,36059444.4322961,100,25,0
Z3,7,6,720,7600.0,0.121056,62780.86175,62808.0,1.0,2,28.1301,101280.012274,101280.012274,1778940.0045674997,4846031.4590814,231972.9120291,5388529.887157099,36059444.4322961,100,25,0
Z3,8,6,720,7600.0,0.124453,61067.230199,61288.0,1.0,2,28.1301,100937.285964,100937.285964,1778940.0045674997,4846031.4590814,231972.9120291,5388529.887157099,36059444.4322961,100,25,0
Z3,9,6,720,12912.0,0.120865,106829.934224,107600.0,1.0,2,28.1301,110089.826769,110089.826769,1778940.0045674997,4846031.4590814,231972.9120291,5388529.887157099,36059444.4322961,100,25,0
Z3,10,6,720,17552.0,0.117539,149329.158832,150016.0,1.0,2,28.1301,118589.67169,118589.67169,1778940.0045674997,4846031.4590814,231972.9120291,5388529.887157099,36059444.4322961,100,25,0
Z3,11,6,720,14968.0,0.12341,121286.767685,121688.0,1.0,2,28.1301,112981.193461,112981.193461,1778940.0045674997,4846031.4590814,231972.9120291,5388529.887157099,36059444.4322961,100,25,0
Z3,12,6,720,10336.0,0.089804,115095.095987,116128.0,1.0,2,28.1301,111742.859121,111742.859121,1778940.0045674997,4846031.4590814,231972.9120291,5388529.887157099,36059444.4322961,100,25,0
Z3,13,6,720,18344.0,0.076543,239656.140993,241368.0,1.0,2,28.1301,136655.068122,136655.068122,1778940.0045674997,4846031.4590814,231972.9120291,5388529.887157099,36059444.4322961,100,25,0
Z3,14,6,720,20456.0,0.121951,167739.501931,169056.0,1.0,2,28.1301,122271.74031,122271.74031,1778940.0045674997,4846031.4590814,231972.9120291,5388529.887157099,36059444.4322961,100,25,0
Z3,15,6,720,12480.0,0.109545,113925.783924,114488.0,1.0,2,28.1301,111508.996709,111508.996709,1778940.0045674997,4846031.4590814,231972.9120291,5388529.887157099,36059444.4322961,100,25,0
Z3,16,6,720,18912.0,0.118753,159254.924086,160264.0,1.0,2,28.1301,120574.824741,120574.824741,1778940.0045674997,4846031.4590814,231972.9120291,5388529.887157099,36059444.4322961,100,25,0
Z3,17,6,720,16112.0,0.079417,202878.4769,203944.0,1.0,2,28.1301,129299.535304,129299.535304,1778940.0045674997,4846031.4590814,231972.9120291,5388529.887157099,36059444.4322961,100,25,0
Z3,18,6,720,16088.0,0.118837,135378.712017,136336.0,1.0,2,28.1301,115799.582327,115799.582327,1778940.0045674997,4846031.4590814,231972.9120291,5388529.887157099,36059444.4322961,100,25,0
Z3,19,6,720,31984.0,0.112099,285319.226755,285568.0,1.0,2,28.1301,145787.685275,145787.685275,1778940.0045674997,4846031.4590814,231972.9120291,5388529.887157099,36059444.4322961,100,25,0
Z3,20,6,720,21472.0,0.115771,185469.59083,186712.0,1.0,2,28.1301,125817.75809,125817.75809,1778940.0045674997,4846031.4590814,231972.9120291,5388529.887157099,36059444.4322961,100,25,0
Z3,21,6,720,19320.0,0.082484,234227.244072,235608.0,1.0,2,28.1301,135569.288738,135569.288738,1778940.0045674997,4846031.4590814,231972.9120291,5388529.887157099,36059444.4322961,100,25,0
Z3,22,6,720,33040.0,0.110185,299859.327495,300360.0,1.0,2,28.1301,148695.705423,148695.705423,1778940.0045674997,4846031.4590814,231972.9120291,5388529.887157099,36059444.4322961,100,25,0
Z3,23,6,720,26472.0,0.09701,272879.08463,272904.0,1.0,2,28.1301,143299.65685,143299.65685,1778940.0045674997,4846031.4590814,231972.9120291,5388529.887157099,36059444.4322961,100,25,0
Z3,24,6,720,12984.0,0.102625,126518.879415,127288.0,1.0,2,28.1301,114027.615807,114027.615807,1778940.0045674997,4846031.4590814,231972.9120291,5388529.887157099,36059444.4322961,100,25,0
Z3,25,6,720,21128.0,0.107794,196003.488135,197456.0,1.0,2,28.1301,127924.537551,127924.537551,1778940.0045674997,4846031.4590814,231972.9120291,5388529.887157099,36059444.4322961,100,25,0
Z3,26,6,720,21576.0,0.106189,203184.887324,203544.0,1.0,2,28.1301,129360.817388,129360.817388,1778940.0045674997,4846031.4590814,231972.9120291,5388529.887157099,36059444.4322961,100,25,0
Z3,27,6,720,14376.0,0.119291,120512.025216,120800.0,1.0,2,28.1301,112826.244967,112826.244967,1778940.0045674997,4846031.4590814,231972.9120291,5388529.887157099,36059444.4322961,100,25,0
Z3,28,6,720,7048.0,0.094285,74752.081455,74976.0,1.0,2,28.1301,103674.256215,103674.256215,1778940.0045674997,4846031.4590814,231972.9120291,5388529.887157099,36059444.4322961,100,25,0
Z3,29,6,720,8656.0,0.092243,93839.098902,94080.0,1.0,2,28.1301,107491.659704,107491.659704,1778940.0045674997,4846031.4590814,231972.9120291,5388529.887157099,36059444.4322961,100,25,0
Z3,30,6,720,9488.0,0.076862,123442.012958,124840.0,1.0,2,28.1301,113412.242515,113412.242515,1778940.0045674997,4846031.4590814,231972.9120291,5388529.887157099,36059444.4322961,100,25,0
Z3,31,6,720,8424.0,0.123099,68432.72488,68480.0,1.0,2,28.1301,102410.3849,102410.3849,1778940.0045674997,4846031.4590814,231972.9120291,5388529.887157099,36059444.4322961,100,25,0
Z3,32,6,720,9328.0,0.124121,75152.472184,75224.0,1.0,2,28.1301,103754.334361,103754.334361,1778940.0045674997,4846031.4590814,231972.9120291,5388529.887157099,36059444.4322961,100,25,0
Z3,33,6,720,8680.0,0.094231,92114.060129,92336.0,1.0,2,28.1301,107146.65195,107146.65195,1778940.0045674997,4846031.4590814,231972.9120291,5388529.887157099,36059444.4322961,100,25,0
Z3,34,6,720,7160.0,0.103156,69409.438133,69512.0,1.0,2,28.1301,102605.72755,102605.72755,1778940.0045674997,4846031.4590814,231972.9120291,5388529.887157099,36059444.4322961,100,25,0
Z3,35,6,720,10360.0,0.094673,109429.298744,110208.0,1.0,2,28.1301,110609.699673,110609.699673,1778940.0045674997,4846031.4590814,231972.9120291,5388529.887157099,36059444.4322961,100,25,0
Z3,36,6,720,9048.0,0.120954,74805.297882,75400.0,1.0,2,28.1301,103684.8995,103684.8995,1778940.0045674997,4846031.4590814,231972.9120291,5388529.887157099,36059444.4322961,100,25,0
Z3,37,6,720,7176.0,0.114865,62473.338267,62944.0,1.0,2,28.1301,101218.507577,101218.507577,1778940.0045674997,4846031.4590814,231972.9120291,5388529.887157099,36059444.4322961,100,25,0
Z3,38,6,720,8768.0,0.105187,83356.308289,83504.0,1.0,2,28.1301,105395.101582,105395.101582,1778940.0045674997,4846031.4590814,231972.9120291,5388529.887157099,36059444.4322961,100,25,0
Z1,0,7,720,14352.0,0.320371,44798.062247,44848.0,1.0,2,33.812683,102210.299109,102210.299109,1778940.0045674997,4846031.4590814,231972.9120291,5388529.887157099,36059444.4322961,100,25,0
Z2,0,7,720,6624.0,0.32254,20536.98766,20568.0,1.0,2,33.812683,97358.084192,97358.084192,1778940.0045674997,4846031.4590814,231972.9120291,5388529.887157099,36059444.4322961,100,25,0
Z2,1,7,720,6792.0,0.098023,69289.860543,69304.0,1.0,2,33.812683,107108.658769,107108.658769,1778940.0045674997,4846031.4590814,231972.9120291,5388529.887157099,36059444.4322961,100,25,0
Z2,2,7,720,7408.0,0.084017,88172.631729,88184.0,1.0,2,33.812683,110885.213006,110885.213006,1778940.0045674997,4846031.4590814,231972.9120291,5388529.887157099,36059444.4322961,100,25,0
Z2,3,7,720,7464.0,0.124172,60110.169765,60192.0,1.0,2,33.812683,105272.720613,105272.720613,1778940.0045674997,4846031.4590814,231972.9120291,5388529.887157099,36059444.4322961,100,25,0
Z2,4,7,720,10144.0,0.11125,91182.022472,91384.0,1.0,2,33.812683,111487.091154,111487.091154,1778940.0045674997,4846031.4590814,231972.9120291,5388529.887157099,36059444.4322961,100,25,0
Z2,5,7,720,16856.0,0.096572,174543.345897,175576.0,1.0,2,33.812683,128159.35584,128159.35584,1778940.0045674997,4846031.4590814,231972.9120291,5388529.887157099,36059444.4322961,100,25,0
Z2,6,7,720,9672.0,0.092748,104282.572131,105128.0,1.0,2,33.812683,114107.201086,114107.201086,1778940.0045674997,4846031.4590814,231972.9120291,5388529.887157099,36059444.4322961,100,25,0
Z2,7,7,720,13368.0,0.090482,147742.09235,148528.0,1.0,2,33.812683,122799.10513,122799.10513,1778940.0045674997,4846031.4590814,231972.9120291,5388529.887157099,36059444.4322961,100,25,0
Z3,0,7,720,6656.0,0.349432,19048.055129,19064.0,1.0,2,33.812683,97060.297686,97060.297686,1778940.0045674997,4846031.4590814,231972.9120291,5388529.887157099,36059444.4322961,100,25,0
Z3,1,7,720,7664.0,0.125428,61102.784067,61312.0,1.0,2,33.812683,105471.243474,105471.243474,1778940.0045674997,4846031.4590814,231972.9120291,5388529.887157099,36059444.4322961,100,25,0
Z3,2,7,720,7664.0,0.111807,68546.692068,69040.0,1.0,2,33.812683,106960.025074,106960.025074,1778940.0045674997,4846031.4590814,231972.9120291,5388529.887157099,36059444.4322961,100,25,0
Z3,3,7,720,6920.0,0.084113,82270.279267,82376.0,1.0,2,33.812683,109704.742514,109704.742514,1778940.0045674997,4846031.4590814,231972.9120291,5388529.887157099,36059444.4322961,100,25,0
Z3,4,7,720,7504.0,0.09864,76074.614761,76568.0,1.0,2,33.812683,108465.609612,108465.609612,1778940.0045674997,4846031.4590814,231972.9120291,5388529.887157099,36059444.4322961,100,25,0
Z3,5,7,720,7480.0,0.094445,79199.53412,79568.0,1.0,2,33.812683,109090.593484,109090.593484,1778940.0045674997,4846031.4590814,231972.9120291,5388529.887157099,36059444.4322961,100,25,0
Z3,6,7,720,6728.0,0.10905,61696.469509,61720.0,1.0,2,33.812683,105589.980562,105589.980562,1778940.0045674997,4846031.4590814,231972.9120291,5388529.887157099,36059444.4322961,100,25,0
Z3,7,7,720,7632.0,0.07651,99751.666449,100416.0,1.0,2,33.812683,113201.01995,113201.01995,1778940.0045674997,4846031.4590814,231972.9120291,5388529.887157099,36059444.4322961,100,25,0
Z3,8,7,720,7392.0,0.106662,69303.032008,69728.0,1.0,2,33.812683,107111.293062,107111.293062,1778940.0045674997,4846031.4590814,231972.9120291,5388529.887157099,36059444.4322961,100,25,0
Z3,9,7,720,12800.0,0.084957,150664.453783,152376.0,1.0,2,33.812683,123383.577417,123383.577417,1778940.0045674997,4846031.4590814,231972.9120291,5388529.887157099,36059444.4322961,100,25,0
Z3,10,7,720,16760.0,0.103685,161643.439263,162712.0,1.0,2,33.812683,125579.374513,125579.374513,1778940.0045674997,4846031.4590814,231972.9120291,5388529.887157099,36059444.4322961,100,25,0
Z3,11,7,720,14104.0,0.080779,174599.834115,176296.0,1.0,2,33.812683,128170.653483,128170.653483,1778940.0045674997,4846031.4590814,231972.9120291,5388529.887157099,36059444.4322961,100,25,0
Z3,12,7,720,9704.0,0.077247,125623.001541,126024.0,1.0,2,33.812683,118375.286968,118375.286968,1778940.0045674997,4846031.4590814,231972.9120291,5388529.887157099,36059444.4322961,100,25,0
Z3,13,7,720,17248.0,0.096669,178423.279438,179664.0,1.0,2,33.812683,128935.342548,128935.342548,1778940.0045674997,4846031.4590814,231972.9120291,5388529.887157099,36059444.4322961,100,25,0
Z3,14,7,720,21552.0,0.106072,203182.743797,203320.0,1.0,2,33.812683,133887.235419,133887.235419,1778940.0045674997,4846031.4590814,231972.9120291,5388529.887157099,36059444.4322961,100,25,0
Z3,15,7,720,16688.0,0.096934,172158.375802,173832.0,1.0,2,33.812683,127682.36182,127682.36182,1778940.0045674997,4846031.4590814,231972.9120291,5388529.887157099,36059444.4322961,100,25,0
Z3,16,7,720,23312.0,0.110182,211577.208618,211920.0,1.0,2,33.812683,135566.128384,135566.128384,1778940.0045674997,4846031.4590814,231972.9120291,5388529.887157099,36059444.4322961,100,25,0
Z3,17,7,720,14952.0,0.077979,191743.931058,194176.0,1.0,2,33.812683,131599.472872,131599.472872,1778940.0045674997,4846031.4590814,231972.9120291,5388529.887157099,36059444.4322961,100,25,0
Z3,18,7,720,23928.0,0.114852,208337.686762,209888.0,1.0,2,33.812683,134918.224012,134918.224012,1778940.0045674997,4846031.4590814,231972.9120291,5388529.887157099,36059444.4322961,100,25,0
Z3,19,7,720,29544.0,0.103015,286793.185458,286832.0,1.0,2,33.812683,150609.323752,150609.323752,1778940.0045674997,4846031.4590814,231972.9120291,5388529.887157099,36059444.4322961,100,25,0
Z3,20,7,720,31920.0,0.122738,260066.15718,261632.0,1.0,2,33.812683,145263.918096,145263.918096,1778940.0045674997,4846031.4590814,231972.9120291,5388529.887157099,36059444.4322961,100,25,0
Z3,21,7,720,15096.0,0.095175,158613.081166,158904.0,1.0,2,33.812683,124973.302893,124973.302893,1778940.0045674997,4846031.4590814,231972.9120291,5388529.887157099,36059444.4322961,100,25,0
Z3,22,7,720,22296.0,0.102036,218511.113725,218584.0,1.0,2,33.812683,136952.909405,136952.909405,1778940.0045674997,4846031.4590814,231972.9120291,5388529.887157099,36059444.4322961,100,25,0
Z3,23,7,720,24272.0,0.114931,211187.582114,212912.0,1.0,2,33.812683,135488.203083,135488.203083,1778940.0045674997,4846031.4590814,231972.9120291,5388529.887157099,36059444.4322961,100,25,0
Z3,24,7,720,13368.0,0.121125,110365.325077,110472.0,1.0,2,33.812683,115323.751676,115323.751676,1778940.0045674997,4846031.4590814,231972.9120291,5388529.887157099,36059444.4322961,100,25,0
Z3,25,7,720,21768.0,0.125758,173094.355826,174144.0,1.0,2,33.812683,127869.557825,127869.557825,1778940.0045674997,4846031.4590814,231972.9120291,5388529.887157099,36059444.4322961,100,25,0
Z3,26,7,720,21680.0,0.093016,233078.180098,233112.0,1.0,2,33.812683,139866.32268,139866.32268,1778940.0045674997,4846031.4590814,231972.9120291,5388529.887157099,36059444.4322961,100,25,0
Z3,27,7,720,15008.0,0.118026,127158.42272,127184.0,1.0,2,33.812683,118682.371204,118682.371204,1778940.0045674997,4846031.4590814,231972.9120291,5388529.887157099,36059444.4322961,100,25,0
Z3,28,7,720,13424.0,0.087936,152656.477438,154296.0,1.0,2,33.812683,123781.982148,123781.982148,1778940.0045674997,4846031.4590814,231972.9120291,5388529.887157099,36059444.4322961,100,25,0
Z3,29,7,720,8064.0,0.119678,67380.805161,67760.0,1.0,2,33.812683,106726.847692,106726.847692,1778940.0045674997,4846031.4590814,231972.9120291,5388529.887157099,36059444.4322961,100,25,0
Z3,30,7,720,9424.0,0.093542,100746.188878,101328.0,1.0,2,33.812683,113399.924436,113399.924436,1778940.0045674997,4846031.4590814,231972.9120291,5388529.887157099,36059444.4322961,100,25,0
Z3,31,7,720,7368.0,0.115846,63601.67809,64064.0,1.0,2,33.812683,105971.022278,105971.022278,1778940.0045674997,4846031.4590814,231972.9120291,5388529.887157099,36059444.4322961,100,25,0
Z3,32,7,720,8792.0,0.076414,115057.450205,115680.0,1.0,2,33.812683,116262.176701,116262.176701,1778940.0045674997,4846031.4590814,231972.9120291,5388529.887157099,36059444.4322961,100,25,0
Z3,33,7,720,8568.0,0.109737,78077.5855,78600.0,1.0,2,33.812683,108866.20376,108866.20376,1778940.0045674997,4846031.4590814,231972.9120291,5388529.887157099,36059444.4322961,100,25,0
Z3,34,7,720,7064.0,0.083457,84642.390692,85104.0,1.0,2,33.812683,110179.164799,110179.164799,1778940.0045674997,4846031.4590814,231972.9120291,5388529.887157099,36059444.4322961,100,25,0
Z3,35,7,720,10104.0,0.094916,106452.020734,107488.0,1.0,2,33.812683,114541.090807,114541.090807,1778940.0045674997,4846031.4590814,231972.9120291,5388529.887157099,36059444.4322961,100,25,0
Z3,36,7,720,8640.0,0.123946,69707.775967,70240.0,1.0,2,33.812683,107192.241853,107192.241853,1778940.0045674997,4846031.4590814,231972.9120291,5388529.887157099,36059444.4322961,100,25,0
Z3,37,7,720,7168.0,0.09393,76312.147344,77072.0,1.0,2,33.812683,108513.116129,108513.116129,1778940.0045674997,4846031.4590814,231972.9120291,5388529.887157099,36059444.4322961,100,25,0
Z3,38,7,720,8160.0,0.101936,80050.227594,80792.0,1.0,2,33.812683,109260.732179,109260.732179,1778940.0045674997,4846031.4590814,231972.9120291,5388529.887157099,36059444.4322961,100,25,0
