Zone, Tile_no, Seg_no, Reso, Seg_d_size, Seg_d_time, Bitrate, Bitrate1, Buf_lev, Buf_limit, Elapsed, Ref_vp, Local_avg,QoE,QoE1,Z1,Z2,Z3,delay,jitter,loss
Z1,0,1,720,9960.0,0.172401,57772.286704,57904.0,1.0,2,6.2e-05,57772.286704,57772.286704,5643899.3837885,15706677.909737702,875144.3861567,16770994.3782627,117398779.6377547,50,0,3
Z2,0,1,720,8952.0,1.532089,5843.002593,5840.0,1.0,2,6.2e-05,2921.501297,2921.501297,5643899.3837885,15706677.909737702,875144.3861567,16770994.3782627,117398779.6377547,50,0,3
Z2,1,1,720,5424.0,0.050952,106453.13236,108480.0,1.0,2,6.2e-05,35484.377453,35484.377453,5643899.3837885,15706677.909737702,875144.3861567,16770994.3782627,117398779.6377547,50,0,3
Z2,2,1,720,7080.0,0.050855,139219.34913,141600.0,1.0,2,6.2e-05,34804.837282,34804.837282,5643899.3837885,15706677.909737702,875144.3861567,16770994.3782627,117398779.6377547,50,0,3
Z2,3,1,720,18976.0,0.050974,372268.215169,379520.0,1.0,2,6.2e-05,74453.643034,74453.643034,5643899.3837885,15706677.909737702,875144.3861567,16770994.3782627,117398779.6377547,50,0,3
Z2,4,1,720,8720.0,0.050942,171175.061835,174400.0,1.0,2,6.2e-05,34235.012367,34235.012367,5643899.3837885,15706677.909737702,875144.3861567,16770994.3782627,117398779.6377547,50,0,3
Z2,5,1,720,8336.0,0.05097,163547.184618,166720.0,1.0,2,6.2e-05,32709.436924,32709.436924,5643899.3837885,15706677.909737702,875144.3861567,16770994.3782627,117398779.6377547,50,0,3
Z2,6,1,720,6376.0,0.050916,125225.862204,127520.0,1.0,2,6.2e-05,25045.172441,25045.172441,5643899.3837885,15706677.909737702,875144.3861567,16770994.3782627,117398779.6377547,50,0,3
Z2,7,1,720,6872.0,0.050962,134845.57121,137440.0,1.0,2,6.2e-05,26969.114242,26969.114242,5643899.3837885,15706677.909737702,875144.3861567,16770994.3782627,117398779.6377547,50,0,3
Z3,0,1,720,7080.0,0.505025,14019.107965,14016.0,1.0,2,6.2e-05,2803.821593,2803.821593,5643899.3837885,15706677.909737702,875144.3861567,16770994.3782627,117398779.6377547,50,0,3
Z3,1,1,720,7080.0,0.050942,138981.586903,141600.0,1.0,2,6.2e-05,27796.317381,27796.317381,5643899.3837885,15706677.909737702,875144.3861567,16770994.3782627,117398779.6377547,50,0,3
Z3,2,1,720,5664.0,0.055248,102519.548219,102976.0,1.0,2,6.2e-05,20503.909644,20503.909644,5643899.3837885,15706677.909737702,875144.3861567,16770994.3782627,117398779.6377547,50,0,3
Z3,3,1,720,7080.0,0.054901,128959.399647,131104.0,1.0,2,6.2e-05,25791.879929,25791.879929,5643899.3837885,15706677.909737702,875144.3861567,16770994.3782627,117398779.6377547,50,0,3
Z3,4,1,720,7080.0,0.050899,139098.99998,141600.0,1.0,2,6.2e-05,27819.799996,27819.799996,5643899.3837885,15706677.909737702,875144.3861567,16770994.3782627,117398779.6377547,50,0,3
Z3,5,1,720,5664.0,0.050889,111301.067028,113280.0,1.0,2,6.2e-05,22260.213406,22260.213406,5643899.3837885,15706677.909737702,875144.3861567,16770994.3782627,117398779.6377547,50,0,3
Z3,6,1,720,7080.0,0.050868,139183.769757,141600.0,1.0,2,6.2e-05,27836.753951,27836.753951,5643899.3837885,15706677.909737702,875144.3861567,16770994.3782627,117398779.6377547,50,0,3
Z3,7,1,720,7080.0,0.050914,139058.019405,141600.0,1.0,2,6.2e-05,27811.603881,27811.603881,5643899.3837885,15706677.909737702,875144.3861567,16770994.3782627,117398779.6377547,50,0,3
Z3,8,1,720,5664.0,0.050841,111406.148581,113280.0,1.0,2,6.2e-05,22281.229716,22281.229716,5643899.3837885,15706677.909737702,875144.3861567,16770994.3782627,117398779.6377547,50,0,3
Z3,9,1,720,7080.0,0.050899,139098.99998,141600.0,1.0,2,6.2e-05,27819.799996,27819.799996,5643899.3837885,15706677.909737702,875144.3861567,16770994.3782627,117398779.6377547,50,0,3
Z3,10,1,720,12904.0,0.050997,253034.492225,258080.0,1.0,2,6.2e-05,50606.898445,50606.898445,5643899.3837885,15706677.909737702,875144.3861567,16770994.3782627,117398779.6377547,50,0,3
Z3,11,1,720,17344.0,0.051037,339831.88667,340072.0,1.0,2,6.2e-05,67966.377334,67966.377334,5643899.3837885,15706677.909737702,875144.3861567,16770994.3782627,117398779.6377547,50,0,3
Z3,12,1,720,16912.0,0.051056,331244.124099,331600.0,1.0,2,6.2e-05,66248.82482,66248.82482,5643899.3837885,15706677.909737702,875144.3861567,16770994.3782627,117398779.6377547,50,0,3
Z3,13,1,720,13240.0,0.051016,259526.423083,259600.0,1.0,2,6.2e-05,51905.284617,51905.284617,5643899.3837885,15706677.909737702,875144.3861567,16770994.3782627,117398779.6377547,50,0,3
Z3,14,1,720,28328.0,0.051127,554071.234377,555448.0,1.0,2,6.2e-05,110814.246875,110814.246875,5643899.3837885,15706677.909737702,875144.3861567,16770994.3782627,117398779.6377547,50,0,3
Z3,15,1,720,30528.0,0.051053,597966.818796,598584.0,1.0,2,6.2e-05,119593.363759,119593.363759,5643899.3837885,15706677.909737702,875144.3861567,16770994.3782627,117398779.6377547,50,0,3
Z3,16,1,720,16360.0,0.051074,320319.536359,320784.0,1.0,2,6.2e-05,64063.907272,64063.907272,5643899.3837885,15706677.909737702,875144.3861567,16770994.3782627,117398779.6377547,50,0,3
Z3,17,1,720,33216.0,0.051137,649549.250054,651288.0,1.0,2,6.2e-05,129909.850011,129909.850011,5643899.3837885,15706677.909737702,875144.3861567,16770994.3782627,117398779.6377547,50,0,3
Z3,18,1,720,28000.0,0.051046,548524.85993,549016.0,1.0,2,6.2e-05,109704.971986,109704.971986,5643899.3837885,15706677.909737702,875144.3861567,16770994.3782627,117398779.6377547,50,0,3
Z3,19,1,720,15744.0,0.051042,308451.863172,308704.0,1.0,2,6.2e-05,61690.372634,61690.372634,5643899.3837885,15706677.909737702,875144.3861567,16770994.3782627,117398779.6377547,50,0,3
Z3,20,1,720,16024.0,0.051074,313740.846615,314192.0,1.0,2,6.2e-05,62748.169323,62748.169323,5643899.3837885,15706677.909737702,875144.3861567,16770994.3782627,117398779.6377547,50,0,3
Z3,21,1,720,11576.0,0.050967,227127.356917,231520.0,1.0,2,6.2e-05,45425.471383,45425.471383,5643899.3837885,15706677.909737702,875144.3861567,16770994.3782627,117398779.6377547,50,0,3
Z3,22,1,720,10816.0,0.051033,211941.292889,212072.0,1.0,2,6.2e-05,42388.258578,42388.258578,5643899.3837885,15706677.909737702,875144.3861567,16770994.3782627,117398779.6377547,50,0,3
Z3,23,1,720,13224.0,0.051063,258974.208331,259288.0,1.0,2,6.2e-05,51794.841666,51794.841666,5643899.3837885,15706677.909737702,875144.3861567,16770994.3782627,117398779.6377547,50,0,3
Z3,24,1,720,17528.0,0.051037,343437.11425,343680.0,1.0,2,6.2e-05,68687.42285,68687.42285,5643899.3837885,15706677.909737702,875144.3861567,16770994.3782627,117398779.6377547,50,0,3
Z3,25,1,720,23824.0,0.051124,466004.225022,467136.0,1.0,2,6.2e-05,93200.845004,93200.845004,5643899.3837885,15706677.909737702,875144.3861567,16770994.3782627,117398779.6377547,50,0,3
Z3,26,1,720,11024.0,0.050974,216267.116569,220480.0,1.0,2,6.2e-05,43253.423314,43253.423314,5643899.3837885,15706677.909737702,875144.3861567,16770994.3782627,117398779.6377547,50,0,3
Z3,27,1,720,15112.0,0.050977,296447.417463,302240.0,1.0,2,6.2e-05,59289.483493,59289.483493,5643899.3837885,15706677.909737702,875144.3861567,16770994.3782627,117398779.6377547,50,0,3
Z3,28,1,720,24552.0,0.051104,480432.060113,481408.0,1.0,2,6.2e-05,96086.412023,96086.412023,5643899.3837885,15706677.909737702,875144.3861567,16770994.3782627,117398779.6377547,50,0,3
Z3,29,1,720,10824.0,0.051037,212081.431119,212232.0,1.0,2,6.2e-05,42416.286224,42416.286224,5643899.3837885,15706677.909737702,875144.3861567,16770994.3782627,117398779.6377547,50,0,3
Z3,30,1,720,6872.0,0.050988,134776.81023,137440.0,1.0,2,6.2e-05,26955.362046,26955.362046,5643899.3837885,15706677.909737702,875144.3861567,16770994.3782627,117398779.6377547,50,0,3
Z3,31,1,720,6872.0,0.050913,134975.350107,137440.0,1.0,2,6.2e-05,26995.070021,26995.070021,5643899.3837885,15706677.909737702,875144.3861567,16770994.3782627,117398779.6377547,50,0,3
Z3,32,1,720,6376.0,0.050986,125053.936375,127520.0,1.0,2,6.2e-05,25010.787275,25010.787275,5643899.3837885,15706677.909737702,875144.3861567,16770994.3782627,117398779.6377547,50,0,3
Z3,33,1,720,6872.0,0.050966,134834.988031,137440.0,1.0,2,6.2e-05,26966.997606,26966.997606,5643899.3837885,15706677.909737702,875144.3861567,16770994.3782627,117398779.6377547,50,0,3
Z3,34,1,720,6872.0,0.050983,134790.028049,137440.0,1.0,2,6.2e-05,26958.00561,26958.00561,5643899.3837885,15706677.909737702,875144.3861567,16770994.3782627,117398779.6377547,50,0,3
Z3,35,1,720,6376.0,0.05099,125044.126299,127520.0,1.0,2,6.2e-05,25008.82526,25008.82526,5643899.3837885,15706677.909737702,875144.3861567,16770994.3782627,117398779.6377547,50,0,3
Z3,36,1,720,6872.0,0.050989,134774.166977,137440.0,1.0,2,6.2e-05,26954.833395,26954.833395,5643899.3837885,15706677.909737702,875144.3861567,16770994.3782627,117398779.6377547,50,0,3
Z3,37,1,720,6872.0,0.051043,134631.585134,134744.0,1.0,2,6.2e-05,26926.317027,26926.317027,5643899.3837885,15706677.909737702,875144.3861567,16770994.3782627,117398779.6377547,50,0,3
Z3,38,1,720,6376.0,0.050986,125053.936375,127520.0,1.0,2,6.2e-05,25010.787275,25010.787275,5643899.3837885,15706677.909737702,875144.3861567,16770994.3782627,117398779.6377547,50,0,3
Z1,0,2,720,9320.0,0.172798,53935.809442,54184.0,1.0,2,4.519169,35797.949163,35797.949163,5643899.3837885,15706677.909737702,875144.3861567,16770994.3782627,117398779.6377547,50,0,3
Z2,0,2,720,6624.0,0.17323,38238.180454,38288.0,1.0,2,4.519169,32658.423366,32658.423366,5643899.3837885,15706677.909737702,875144.3861567,16770994.3782627,117398779.6377547,50,0,3
Z2,1,2,720,5424.0,0.050958,106440.59814,108480.0,1.0,2,4.519169,46298.906903,46298.906903,5643899.3837885,15706677.909737702,875144.3861567,16770994.3782627,117398779.6377547,50,0,3
Z2,2,2,720,7080.0,0.051007,138804.477817,138816.0,1.0,2,4.519169,52771.682838,52771.682838,5643899.3837885,15706677.909737702,875144.3861567,16770994.3782627,117398779.6377547,50,0,3
Z2,3,2,720,18392.0,0.051061,360196.627563,360624.0,1.0,2,4.519169,97050.112788,97050.112788,5643899.3837885,15706677.909737702,875144.3861567,16770994.3782627,117398779.6377547,50,0,3
Z2,4,2,720,9160.0,0.050974,179699.454624,183200.0,1.0,2,4.519169,60950.6782,60950.6782,5643899.3837885,15706677.909737702,875144.3861567,16770994.3782627,117398779.6377547,50,0,3
Z2,5,2,720,8048.0,0.050901,158110.842616,160960.0,1.0,2,4.519169,56632.955798,56632.955798,5643899.3837885,15706677.909737702,875144.3861567,16770994.3782627,117398779.6377547,50,0,3
Z2,6,2,720,6376.0,0.050968,125098.100769,127520.0,1.0,2,4.519169,50030.407429,50030.407429,5643899.3837885,15706677.909737702,875144.3861567,16770994.3782627,117398779.6377547,50,0,3
Z2,7,2,720,6872.0,0.050917,134964.746548,137440.0,1.0,2,4.519169,52003.736585,52003.736585,5643899.3837885,15706677.909737702,875144.3861567,16770994.3782627,117398779.6377547,50,0,3
Z3,0,2,720,7080.0,0.173201,40877.36214,40920.0,1.0,2,4.519169,33186.259703,33186.259703,5643899.3837885,15706677.909737702,875144.3861567,16770994.3782627,117398779.6377547,50,0,3
Z3,1,2,720,7080.0,0.050969,138907.963664,141600.0,1.0,2,4.519169,52792.380008,52792.380008,5643899.3837885,15706677.909737702,875144.3861567,16770994.3782627,117398779.6377547,50,0,3
Z3,2,2,720,5664.0,0.050877,111327.318828,113280.0,1.0,2,4.519169,47276.25104,47276.25104,5643899.3837885,15706677.909737702,875144.3861567,16770994.3782627,117398779.6377547,50,0,3
Z3,3,2,720,7080.0,0.051088,138584.403382,138816.0,1.0,2,4.519169,52727.667951,52727.667951,5643899.3837885,15706677.909737702,875144.3861567,16770994.3782627,117398779.6377547,50,0,3
Z3,4,2,720,7080.0,0.051533,137387.693323,138816.0,1.0,2,4.519169,52488.325939,52488.325939,5643899.3837885,15706677.909737702,875144.3861567,16770994.3782627,117398779.6377547,50,0,3
Z3,5,2,720,5664.0,0.326007,17373.86007,17368.0,1.0,2,4.519169,28485.559289,28485.559289,5643899.3837885,15706677.909737702,875144.3861567,16770994.3782627,117398779.6377547,50,0,3
Z3,6,2,720,7080.0,0.05085,139233.038348,141600.0,1.0,2,4.519169,52857.394945,52857.394945,5643899.3837885,15706677.909737702,875144.3861567,16770994.3782627,117398779.6377547,50,0,3
Z3,7,2,720,7080.0,0.050882,139145.473841,141600.0,1.0,2,4.519169,52839.882043,52839.882043,5643899.3837885,15706677.909737702,875144.3861567,16770994.3782627,117398779.6377547,50,0,3
Z3,8,2,720,5664.0,0.050811,111471.92537,113280.0,1.0,2,4.519169,47305.172349,47305.172349,5643899.3837885,15706677.909737702,875144.3861567,16770994.3782627,117398779.6377547,50,0,3
Z3,9,2,720,7080.0,0.050859,139208.399693,141600.0,1.0,2,4.519169,52852.467214,52852.467214,5643899.3837885,15706677.909737702,875144.3861567,16770994.3782627,117398779.6377547,50,0,3
Z3,10,2,720,12648.0,0.215074,58807.666199,58824.0,1.0,2,4.519169,36772.320515,36772.320515,5643899.3837885,15706677.909737702,875144.3861567,16770994.3782627,117398779.6377547,50,0,3
Z3,11,2,720,17112.0,0.050972,335713.725182,342240.0,1.0,2,4.519169,92153.532311,92153.532311,5643899.3837885,15706677.909737702,875144.3861567,16770994.3782627,117398779.6377547,50,0,3
Z3,12,2,720,15320.0,0.05092,300864.10055,306400.0,1.0,2,4.519169,85183.607385,85183.607385,5643899.3837885,15706677.909737702,875144.3861567,16770994.3782627,117398779.6377547,50,0,3
Z3,13,2,720,10704.0,0.050893,210323.620144,214080.0,1.0,2,4.519169,67075.511304,67075.511304,5643899.3837885,15706677.909737702,875144.3861567,16770994.3782627,117398779.6377547,50,0,3
Z3,14,2,720,18776.0,0.050825,369424.495819,375520.0,1.0,2,4.519169,98895.686439,98895.686439,5643899.3837885,15706677.909737702,875144.3861567,16770994.3782627,117398779.6377547,50,0,3
Z3,15,2,720,21848.0,0.050909,429157.909211,436960.0,1.0,2,4.519169,110842.369117,110842.369117,5643899.3837885,15706677.909737702,875144.3861567,16770994.3782627,117398779.6377547,50,0,3
Z3,16,2,720,12752.0,0.050878,250638.782971,255040.0,1.0,2,4.519169,75138.543869,75138.543869,5643899.3837885,15706677.909737702,875144.3861567,16770994.3782627,117398779.6377547,50,0,3
Z3,17,2,720,21856.0,0.050928,429154.885328,437120.0,1.0,2,4.519169,110841.764341,110841.764341,5643899.3837885,15706677.909737702,875144.3861567,16770994.3782627,117398779.6377547,50,0,3
Z3,18,2,720,16880.0,0.051,330980.392157,330976.0,1.0,2,4.519169,91206.865706,91206.865706,5643899.3837885,15706677.909737702,875144.3861567,16770994.3782627,117398779.6377547,50,0,3
Z3,19,2,720,12128.0,0.050996,237822.57432,242560.0,1.0,2,4.519169,72575.302139,72575.302139,5643899.3837885,15706677.909737702,875144.3861567,16770994.3782627,117398779.6377547,50,0,3
Z3,20,2,720,15344.0,0.050976,301004.394225,306880.0,1.0,2,4.519169,85211.66612,85211.66612,5643899.3837885,15706677.909737702,875144.3861567,16770994.3782627,117398779.6377547,50,0,3
Z3,21,2,720,11592.0,0.050902,227731.719775,231840.0,1.0,2,4.519169,70557.13123,70557.13123,5643899.3837885,15706677.909737702,875144.3861567,16770994.3782627,117398779.6377547,50,0,3
Z3,22,2,720,9952.0,0.050944,195351.758794,199040.0,1.0,2,4.519169,64081.139034,64081.139034,5643899.3837885,15706677.909737702,875144.3861567,16770994.3782627,117398779.6377547,50,0,3
Z3,23,2,720,11064.0,0.050961,217107.199623,221280.0,1.0,2,4.519169,68432.2272,68432.2272,5643899.3837885,15706677.909737702,875144.3861567,16770994.3782627,117398779.6377547,50,0,3
Z3,24,2,720,14728.0,0.050888,289419.902531,294560.0,1.0,2,4.519169,82894.767781,82894.767781,5643899.3837885,15706677.909737702,875144.3861567,16770994.3782627,117398779.6377547,50,0,3
Z3,25,2,720,16264.0,0.051054,318564.65703,318896.0,1.0,2,4.519169,88723.718681,88723.718681,5643899.3837885,15706677.909737702,875144.3861567,16770994.3782627,117398779.6377547,50,0,3
Z3,26,2,720,9504.0,0.050968,186469.941924,190080.0,1.0,2,4.519169,62304.77566,62304.77566,5643899.3837885,15706677.909737702,875144.3861567,16770994.3782627,117398779.6377547,50,0,3
Z3,27,2,720,12688.0,0.216624,58571.534087,58736.0,1.0,2,4.519169,36725.094092,36725.094092,5643899.3837885,15706677.909737702,875144.3861567,16770994.3782627,117398779.6377547,50,0,3
Z3,28,2,720,17320.0,0.051034,339381.588745,339600.0,1.0,2,4.519169,92887.105024,92887.105024,5643899.3837885,15706677.909737702,875144.3861567,16770994.3782627,117398779.6377547,50,0,3
Z3,29,2,720,10632.0,0.051014,208413.37672,208464.0,1.0,2,4.519169,66693.462619,66693.462619,5643899.3837885,15706677.909737702,875144.3861567,16770994.3782627,117398779.6377547,50,0,3
Z3,30,2,720,6872.0,0.303275,22659.302613,22672.0,1.0,2,4.519169,29542.647798,29542.647798,5643899.3837885,15706677.909737702,875144.3861567,16770994.3782627,117398779.6377547,50,0,3
Z3,31,2,720,6872.0,0.050751,135406.198893,137440.0,1.0,2,4.519169,52092.027053,52092.027053,5643899.3837885,15706677.909737702,875144.3861567,16770994.3782627,117398779.6377547,50,0,3
Z3,32,2,720,6376.0,0.050831,125435.265881,127520.0,1.0,2,4.519169,50097.840451,50097.840451,5643899.3837885,15706677.909737702,875144.3861567,16770994.3782627,117398779.6377547,50,0,3
Z3,33,2,720,6872.0,0.050759,135384.857858,137440.0,1.0,2,4.519169,52087.758846,52087.758846,5643899.3837885,15706677.909737702,875144.3861567,16770994.3782627,117398779.6377547,50,0,3
Z3,34,2,720,6872.0,0.050934,134919.700004,137440.0,1.0,2,4.519169,51994.727276,51994.727276,5643899.3837885,15706677.909737702,875144.3861567,16770994.3782627,117398779.6377547,50,0,3
Z3,35,2,720,6376.0,0.050845,125400.727702,127520.0,1.0,2,4.519169,50090.932815,50090.932815,5643899.3837885,15706677.909737702,875144.3861567,16770994.3782627,117398779.6377547,50,0,3
Z3,36,2,720,6872.0,0.050932,134924.998037,137440.0,1.0,2,4.519169,51995.786882,51995.786882,5643899.3837885,15706677.909737702,875144.3861567,16770994.3782627,117398779.6377547,50,0,3
Z3,37,2,720,6872.0,0.050842,135163.840919,137440.0,1.0,2,4.519169,52043.555459,52043.555459,5643899.3837885,15706677.909737702,875144.3861567,16770994.3782627,117398779.6377547,50,0,3
Z3,38,2,720,6376.0,0.050923,125208.648351,127520.0,1.0,2,4.519169,50052.516945,50052.516945,5643899.3837885,15706677.909737702,875144.3861567,16770994.3782627,117398779.6377547,50,0,3
Z1,0,3,720,15304.0,0.171931,89012.45267,89496.0,1.0,2,8.19555,67855.007479,67855.007479,5643899.3837885,15706677.909737702,875144.3861567,16770994.3782627,117398779.6377547,50,0,3
Z2,0,3,720,6624.0,0.175199,37808.43498,37848.0,1.0,2,8.19555,57614.203941,57614.203941,5643899.3837885,15706677.909737702,875144.3861567,16770994.3782627,117398779.6377547,50,0,3
Z2,1,3,720,5664.0,0.050902,111272.641547,113280.0,1.0,2,8.19555,72307.045255,72307.045255,5643899.3837885,15706677.909737702,875144.3861567,16770994.3782627,117398779.6377547,50,0,3
Z2,2,3,720,7080.0,0.050936,138997.958222,141600.0,1.0,2,8.19555,77852.10859,77852.10859,5643899.3837885,15706677.909737702,875144.3861567,16770994.3782627,117398779.6377547,50,0,3
Z2,3,3,720,7080.0,0.050951,138957.037153,141600.0,1.0,2,8.19555,77843.924376,77843.924376,5643899.3837885,15706677.909737702,875144.3861567,16770994.3782627,117398779.6377547,50,0,3
Z2,4,3,720,12544.0,0.05099,246009.021377,250880.0,1.0,2,8.19555,99254.321221,99254.321221,5643899.3837885,15706677.909737702,875144.3861567,16770994.3782627,117398779.6377547,50,0,3
Z2,5,3,720,18632.0,0.215993,86262.054789,86656.0,1.0,2,8.19555,67304.927903,67304.927903,5643899.3837885,15706677.909737702,875144.3861567,16770994.3782627,117398779.6377547,50,0,3
Z2,6,3,720,10240.0,0.050959,200945.858435,204800.0,1.0,2,8.19555,90241.688632,90241.688632,5643899.3837885,15706677.909737702,875144.3861567,16770994.3782627,117398779.6377547,50,0,3
Z2,7,3,720,8424.0,0.050881,165562.78375,168480.0,1.0,2,8.19555,83165.073695,83165.073695,5643899.3837885,15706677.909737702,875144.3861567,16770994.3782627,117398779.6377547,50,0,3
Z3,0,3,720,5424.0,0.388016,13978.804998,13976.0,1.0,2,8.19555,52848.277945,52848.277945,5643899.3837885,15706677.909737702,875144.3861567,16770994.3782627,117398779.6377547,50,0,3
Z3,1,3,720,7080.0,0.05097,138905.238376,141600.0,1.0,2,8.19555,77833.56462,77833.56462,5643899.3837885,15706677.909737702,875144.3861567,16770994.3782627,117398779.6377547,50,0,3
Z3,2,3,720,7080.0,0.050986,138861.648296,141600.0,1.0,2,8.19555,77824.846604,77824.846604,5643899.3837885,15706677.909737702,875144.3861567,16770994.3782627,117398779.6377547,50,0,3
Z3,3,3,720,5664.0,0.050972,111119.830495,113280.0,1.0,2,8.19555,72276.483044,72276.483044,5643899.3837885,15706677.909737702,875144.3861567,16770994.3782627,117398779.6377547,50,0,3
Z3,4,3,720,7080.0,0.051026,138752.792694,138816.0,1.0,2,8.19555,77803.075484,77803.075484,5643899.3837885,15706677.909737702,875144.3861567,16770994.3782627,117398779.6377547,50,0,3
Z3,5,3,720,7080.0,0.051019,138771.830103,138816.0,1.0,2,8.19555,77806.882966,77806.882966,5643899.3837885,15706677.909737702,875144.3861567,16770994.3782627,117398779.6377547,50,0,3
Z3,6,3,720,5664.0,0.050998,111063.178948,113280.0,1.0,2,8.19555,72265.152735,72265.152735,5643899.3837885,15706677.909737702,875144.3861567,16770994.3782627,117398779.6377547,50,0,3
Z3,7,3,720,7080.0,0.050992,138845.309068,141600.0,1.0,2,8.19555,77821.578759,77821.578759,5643899.3837885,15706677.909737702,875144.3861567,16770994.3782627,117398779.6377547,50,0,3
Z3,8,3,720,7080.0,0.050988,138856.201459,141600.0,1.0,2,8.19555,77823.757237,77823.757237,5643899.3837885,15706677.909737702,875144.3861567,16770994.3782627,117398779.6377547,50,0,3
Z3,9,3,720,14120.0,0.051057,276553.655718,276856.0,1.0,2,8.19555,105363.248089,105363.248089,5643899.3837885,15706677.909737702,875144.3861567,16770994.3782627,117398779.6377547,50,0,3
Z3,10,3,720,17536.0,0.051031,343634.261527,343840.0,1.0,2,8.19555,118779.369251,118779.369251,5643899.3837885,15706677.909737702,875144.3861567,16770994.3782627,117398779.6377547,50,0,3
Z3,11,3,720,16008.0,0.051025,313728.564429,313880.0,1.0,2,8.19555,112798.229831,112798.229831,5643899.3837885,15706677.909737702,875144.3861567,16770994.3782627,117398779.6377547,50,0,3
Z3,12,3,720,10896.0,0.050921,213978.51574,217920.0,1.0,2,8.19555,92848.220093,92848.220093,5643899.3837885,15706677.909737702,875144.3861567,16770994.3782627,117398779.6377547,50,0,3
Z3,13,3,720,19720.0,0.051113,385811.828693,386664.0,1.0,2,8.19555,127214.882684,127214.882684,5643899.3837885,15706677.909737702,875144.3861567,16770994.3782627,117398779.6377547,50,0,3
Z3,14,3,720,20104.0,0.051071,393648.058585,394192.0,1.0,2,8.19555,128782.128662,128782.128662,5643899.3837885,15706677.909737702,875144.3861567,16770994.3782627,117398779.6377547,50,0,3
Z3,15,3,720,12504.0,0.051091,244739.778043,245176.0,1.0,2,8.19555,99000.472554,99000.472554,5643899.3837885,15706677.909737702,875144.3861567,16770994.3782627,117398779.6377547,50,0,3
Z3,16,3,720,23072.0,0.05099,452480.878604,461440.0,1.0,2,8.19555,140548.692666,140548.692666,5643899.3837885,15706677.909737702,875144.3861567,16770994.3782627,117398779.6377547,50,0,3
Z3,17,3,720,18112.0,0.051095,354476.954692,355136.0,1.0,2,8.19555,120947.907884,120947.907884,5643899.3837885,15706677.909737702,875144.3861567,16770994.3782627,117398779.6377547,50,0,3
Z3,18,3,720,9664.0,0.051072,189223.057644,189488.0,1.0,2,8.19555,87897.128474,87897.128474,5643899.3837885,15706677.909737702,875144.3861567,16770994.3782627,117398779.6377547,50,0,3
Z3,19,3,720,12280.0,0.050912,241200.502828,245600.0,1.0,2,8.19555,98292.617511,98292.617511,5643899.3837885,15706677.909737702,875144.3861567,16770994.3782627,117398779.6377547,50,0,3
Z3,20,3,720,10368.0,0.051101,202892.311305,203288.0,1.0,2,8.19555,90630.979206,90630.979206,5643899.3837885,15706677.909737702,875144.3861567,16770994.3782627,117398779.6377547,50,0,3
Z3,21,3,720,10520.0,0.051041,206108.814482,206272.0,1.0,2,8.19555,91274.279842,91274.279842,5643899.3837885,15706677.909737702,875144.3861567,16770994.3782627,117398779.6377547,50,0,3
Z3,22,3,720,15288.0,0.051106,299142.957774,299760.0,1.0,2,8.19555,109881.1085,109881.1085,5643899.3837885,15706677.909737702,875144.3861567,16770994.3782627,117398779.6377547,50,0,3
Z3,23,3,720,16344.0,0.05105,320156.709109,320464.0,1.0,2,8.19555,114083.858767,114083.858767,5643899.3837885,15706677.909737702,875144.3861567,16770994.3782627,117398779.6377547,50,0,3
Z3,24,3,720,9016.0,0.051025,176697.697207,176784.0,1.0,2,8.19555,85392.056387,85392.056387,5643899.3837885,15706677.909737702,875144.3861567,16770994.3782627,117398779.6377547,50,0,3
Z3,25,3,720,13800.0,0.051059,270275.563564,270584.0,1.0,2,8.19555,104107.629658,104107.629658,5643899.3837885,15706677.909737702,875144.3861567,16770994.3782627,117398779.6377547,50,0,3
Z3,26,3,720,17664.0,0.051038,346095.066421,346352.0,1.0,2,8.19555,119271.530229,119271.530229,5643899.3837885,15706677.909737702,875144.3861567,16770994.3782627,117398779.6377547,50,0,3
Z3,27,3,720,9896.0,0.051073,193761.870264,194032.0,1.0,2,8.19555,88804.890998,88804.890998,5643899.3837885,15706677.909737702,875144.3861567,16770994.3782627,117398779.6377547,50,0,3
Z3,28,3,720,6376.0,0.050926,125201.272435,127520.0,1.0,2,8.19555,75092.771432,75092.771432,5643899.3837885,15706677.909737702,875144.3861567,16770994.3782627,117398779.6377547,50,0,3
Z3,29,3,720,6872.0,0.051004,134734.530625,134744.0,1.0,2,8.19555,76999.42307,76999.42307,5643899.3837885,15706677.909737702,875144.3861567,16770994.3782627,117398779.6377547,50,0,3
Z3,30,3,720,6872.0,0.050986,134782.097046,137440.0,1.0,2,8.19555,77008.936354,77008.936354,5643899.3837885,15706677.909737702,875144.3861567,16770994.3782627,117398779.6377547,50,0,3
Z3,31,3,720,6376.0,0.050962,125112.829167,127520.0,1.0,2,8.19555,75075.082779,75075.082779,5643899.3837885,15706677.909737702,875144.3861567,16770994.3782627,117398779.6377547,50,0,3
Z3,32,3,720,6872.0,0.331126,20753.429208,20760.0,1.0,2,8.19555,54203.202787,54203.202787,5643899.3837885,15706677.909737702,875144.3861567,16770994.3782627,117398779.6377547,50,0,3
Z3,33,3,720,6872.0,0.050964,134840.279413,137440.0,1.0,2,8.19555,77020.572828,77020.572828,5643899.3837885,15706677.909737702,875144.3861567,16770994.3782627,117398779.6377547,50,0,3
Z3,34,3,720,6376.0,0.050965,125105.464534,127520.0,1.0,2,8.19555,75073.609852,75073.609852,5643899.3837885,15706677.909737702,875144.3861567,16770994.3782627,117398779.6377547,50,0,3
Z3,35,3,720,6872.0,0.050973,134816.471465,137440.0,1.0,2,8.19555,77015.811238,77015.811238,5643899.3837885,15706677.909737702,875144.3861567,16770994.3782627,117398779.6377547,50,0,3
Z3,36,3,720,6872.0,0.307057,22380.209538,22384.0,1.0,2,8.19555,54528.558853,54528.558853,5643899.3837885,15706677.909737702,875144.3861567,16770994.3782627,117398779.6377547,50,0,3
Z3,37,3,720,6376.0,0.050957,125125.105481,127520.0,1.0,2,8.19555,75077.538041,75077.538041,5643899.3837885,15706677.909737702,875144.3861567,16770994.3782627,117398779.6377547,50,0,3
Z3,38,3,720,6872.0,0.050963,134842.92526,137440.0,1.0,2,8.19555,77021.101997,77021.101997,5643899.3837885,15706677.909737702,875144.3861567,16770994.3782627,117398779.6377547,50,0,3
Z1,0,4,720,22592.0,0.172451,131005.32905,131344.0,1.0,2,11.934224,103222.167807,103222.167807,5643899.3837885,15706677.909737702,875144.3861567,16770994.3782627,117398779.6377547,50,0,3
Z2,0,4,720,6624.0,0.173753,38123.082767,38288.0,1.0,2,11.934224,84645.718551,84645.718551,5643899.3837885,15706677.909737702,875144.3861567,16770994.3782627,117398779.6377547,50,0,3
Z2,1,4,720,6648.0,0.050979,130406.638027,132960.0,1.0,2,11.934224,103102.429603,103102.429603,5643899.3837885,15706677.909737702,875144.3861567,16770994.3782627,117398779.6377547,50,0,3
Z2,2,4,720,7200.0,0.050972,141254.021816,144000.0,1.0,2,11.934224,105271.90636,105271.90636,5643899.3837885,15706677.909737702,875144.3861567,16770994.3782627,117398779.6377547,50,0,3
Z2,3,4,720,7296.0,0.050955,143185.163379,145920.0,1.0,2,11.934224,105658.134673,105658.134673,5643899.3837885,15706677.909737702,875144.3861567,16770994.3782627,117398779.6377547,50,0,3
Z2,4,4,720,17272.0,0.051031,338460.93551,338664.0,1.0,2,11.934224,144713.289099,144713.289099,5643899.3837885,15706677.909737702,875144.3861567,16770994.3782627,117398779.6377547,50,0,3
Z2,5,4,720,26240.0,0.051149,513011.007058,514504.0,1.0,2,11.934224,179623.303409,179623.303409,5643899.3837885,15706677.909737702,875144.3861567,16770994.3782627,117398779.6377547,50,0,3
Z2,6,4,720,12720.0,0.050982,249499.823467,254400.0,1.0,2,11.934224,126921.066691,126921.066691,5643899.3837885,15706677.909737702,875144.3861567,16770994.3782627,117398779.6377547,50,0,3
Z2,7,4,720,11496.0,0.050955,225610.833088,229920.0,1.0,2,11.934224,122143.268615,122143.268615,5643899.3837885,15706677.909737702,875144.3861567,16770994.3782627,117398779.6377547,50,0,3
Z3,0,4,720,6448.0,0.173797,37100.755479,37264.0,1.0,2,11.934224,84441.253093,84441.253093,5643899.3837885,15706677.909737702,875144.3861567,16770994.3782627,117398779.6377547,50,0,3
Z3,1,4,720,7448.0,0.050919,146271.529292,148960.0,1.0,2,11.934224,106275.407855,106275.407855,5643899.3837885,15706677.909737702,875144.3861567,16770994.3782627,117398779.6377547,50,0,3
Z3,2,4,720,7424.0,0.050965,145668.596095,148480.0,1.0,2,11.934224,106154.821216,106154.821216,5643899.3837885,15706677.909737702,875144.3861567,16770994.3782627,117398779.6377547,50,0,3
Z3,3,4,720,6648.0,0.051032,130271.202383,130352.0,1.0,2,11.934224,103075.342474,103075.342474,5643899.3837885,15706677.909737702,875144.3861567,16770994.3782627,117398779.6377547,50,0,3
Z3,4,4,720,7224.0,0.050915,141883.531376,144480.0,1.0,2,11.934224,105397.808272,105397.808272,5643899.3837885,15706677.909737702,875144.3861567,16770994.3782627,117398779.6377547,50,0,3
Z3,5,4,720,7240.0,0.050971,142041.55304,144800.0,1.0,2,11.934224,105429.412605,105429.412605,5643899.3837885,15706677.909737702,875144.3861567,16770994.3782627,117398779.6377547,50,0,3
Z3,6,4,720,6648.0,0.050964,130445.020014,132960.0,1.0,2,11.934224,103110.106,103110.106,5643899.3837885,15706677.909737702,875144.3861567,16770994.3782627,117398779.6377547,50,0,3
Z3,7,4,720,7232.0,0.050942,141965.372384,144640.0,1.0,2,11.934224,105414.176474,105414.176474,5643899.3837885,15706677.909737702,875144.3861567,16770994.3782627,117398779.6377547,50,0,3
Z3,8,4,720,7296.0,0.050996,143070.044709,145920.0,1.0,2,11.934224,105635.110939,105635.110939,5643899.3837885,15706677.909737702,875144.3861567,16770994.3782627,117398779.6377547,50,0,3
Z3,9,4,720,16456.0,0.213784,76974.890544,77256.0,1.0,2,11.934224,92416.080106,92416.080106,5643899.3837885,15706677.909737702,875144.3861567,16770994.3782627,117398779.6377547,50,0,3
Z3,10,4,720,25392.0,0.051112,496791.36015,497880.0,1.0,2,11.934224,176379.374027,176379.374027,5643899.3837885,15706677.909737702,875144.3861567,16770994.3782627,117398779.6377547,50,0,3
Z3,11,4,720,21592.0,0.051131,422287.848859,423368.0,1.0,2,11.934224,161478.671769,161478.671769,5643899.3837885,15706677.909737702,875144.3861567,16770994.3782627,117398779.6377547,50,0,3
Z3,12,4,720,13528.0,0.051057,264958.771569,265248.0,1.0,2,11.934224,130012.856311,130012.856311,5643899.3837885,15706677.909737702,875144.3861567,16770994.3782627,117398779.6377547,50,0,3
Z3,13,4,720,29512.0,0.051121,577297.001232,578664.0,1.0,2,11.934224,192480.502244,192480.502244,5643899.3837885,15706677.909737702,875144.3861567,16770994.3782627,117398779.6377547,50,0,3
Z3,14,4,720,29688.0,0.051073,581285.610792,582112.0,1.0,2,11.934224,193278.224156,193278.224156,5643899.3837885,15706677.909737702,875144.3861567,16770994.3782627,117398779.6377547,50,0,3
Z3,15,4,720,16760.0,0.051079,328119.187925,328624.0,1.0,2,11.934224,142644.939582,142644.939582,5643899.3837885,15706677.909737702,875144.3861567,16770994.3782627,117398779.6377547,50,0,3
Z3,16,4,720,33128.0,0.051159,647549.795735,649568.0,1.0,2,11.934224,206531.061144,206531.061144,5643899.3837885,15706677.909737702,875144.3861567,16770994.3782627,117398779.6377547,50,0,3
Z3,17,4,720,26248.0,0.051104,513619.286162,514664.0,1.0,2,11.934224,179744.959229,179744.959229,5643899.3837885,15706677.909737702,875144.3861567,16770994.3782627,117398779.6377547,50,0,3
Z3,18,4,720,14624.0,0.051028,286587.755742,286744.0,1.0,2,11.934224,134338.653146,134338.653146,5643899.3837885,15706677.909737702,875144.3861567,16770994.3782627,117398779.6377547,50,0,3
Z3,19,4,720,26816.0,0.051095,524826.303944,525800.0,1.0,2,11.934224,181986.362786,181986.362786,5643899.3837885,15706677.909737702,875144.3861567,16770994.3782627,117398779.6377547,50,0,3
Z3,20,4,720,23128.0,0.051087,452717.91258,453488.0,1.0,2,11.934224,167564.684513,167564.684513,5643899.3837885,15706677.909737702,875144.3861567,16770994.3782627,117398779.6377547,50,0,3
Z3,21,4,720,19440.0,0.051028,380967.312064,381176.0,1.0,2,11.934224,153214.56441,153214.56441,5643899.3837885,15706677.909737702,875144.3861567,16770994.3782627,117398779.6377547,50,0,3
Z3,22,4,720,29088.0,0.051126,568947.306654,570352.0,1.0,2,11.934224,190810.563328,190810.563328,5643899.3837885,15706677.909737702,875144.3861567,16770994.3782627,117398779.6377547,50,0,3
Z3,23,4,720,29840.0,0.051083,584147.368009,585096.0,1.0,2,11.934224,193850.575599,193850.575599,5643899.3837885,15706677.909737702,875144.3861567,16770994.3782627,117398779.6377547,50,0,3
Z3,24,4,720,17200.0,0.051073,336772.854542,337248.0,1.0,2,11.934224,144375.672905,144375.672905,5643899.3837885,15706677.909737702,875144.3861567,16770994.3782627,117398779.6377547,50,0,3
Z3,25,4,720,25664.0,0.051103,502201.436315,503208.0,1.0,2,11.934224,177461.38926,177461.38926,5643899.3837885,15706677.909737702,875144.3861567,16770994.3782627,117398779.6377547,50,0,3
Z3,26,4,720,26808.0,0.051102,524597.863097,525640.0,1.0,2,11.934224,181940.674617,181940.674617,5643899.3837885,15706677.909737702,875144.3861567,16770994.3782627,117398779.6377547,50,0,3
Z3,27,4,720,17472.0,0.050965,342823.506328,349440.0,1.0,2,11.934224,145585.803263,145585.803263,5643899.3837885,15706677.909737702,875144.3861567,16770994.3782627,117398779.6377547,50,0,3
Z3,28,4,720,6448.0,0.051017,126389.242801,126424.0,1.0,2,11.934224,102298.950557,102298.950557,5643899.3837885,15706677.909737702,875144.3861567,16770994.3782627,117398779.6377547,50,0,3
Z3,29,4,720,7200.0,0.051015,141134.960306,141176.0,1.0,2,11.934224,105248.094058,105248.094058,5643899.3837885,15706677.909737702,875144.3861567,16770994.3782627,117398779.6377547,50,0,3
Z3,30,4,720,7520.0,0.051004,147439.416516,147448.0,1.0,2,11.934224,106508.9853,106508.9853,5643899.3837885,15706677.909737702,875144.3861567,16770994.3782627,117398779.6377547,50,0,3
Z3,31,4,720,6728.0,0.050964,132014.755514,134560.0,1.0,2,11.934224,103424.0531,103424.0531,5643899.3837885,15706677.909737702,875144.3861567,16770994.3782627,117398779.6377547,50,0,3
Z3,32,4,720,7224.0,0.051006,141630.396424,141640.0,1.0,2,11.934224,105347.181282,105347.181282,5643899.3837885,15706677.909737702,875144.3861567,16770994.3782627,117398779.6377547,50,0,3
Z3,33,4,720,7256.0,0.050972,142352.664208,145120.0,1.0,2,11.934224,105491.634839,105491.634839,5643899.3837885,15706677.909737702,875144.3861567,16770994.3782627,117398779.6377547,50,0,3
Z3,34,4,720,6544.0,0.050929,128492.607355,130880.0,1.0,2,11.934224,102719.623468,102719.623468,5643899.3837885,15706677.909737702,875144.3861567,16770994.3782627,117398779.6377547,50,0,3
Z3,35,4,720,12272.0,0.051024,240514.267796,240624.0,1.0,2,11.934224,125123.955556,125123.955556,5643899.3837885,15706677.909737702,875144.3861567,16770994.3782627,117398779.6377547,50,0,3
Z3,36,4,720,8544.0,0.050872,167950.935682,170880.0,1.0,2,11.934224,110611.289133,110611.289133,5643899.3837885,15706677.909737702,875144.3861567,16770994.3782627,117398779.6377547,50,0,3
Z3,37,4,720,6424.0,0.05096,126059.654631,128480.0,1.0,2,11.934224,102233.032923,102233.032923,5643899.3837885,15706677.909737702,875144.3861567,16770994.3782627,117398779.6377547,50,0,3
Z3,38,4,720,6872.0,0.050936,134914.402387,137440.0,1.0,2,11.934224,104003.982475,104003.982475,5643899.3837885,15706677.909737702,875144.3861567,16770994.3782627,117398779.6377547,50,0,3
Z1,0,5,720,20272.0,0.171998,117861.835603,118544.0,1.0,2,14.919801,127576.349595,127576.349595,5643899.3837885,15706677.909737702,875144.3861567,16770994.3782627,117398779.6377547,50,0,3
Z2,0,5,720,6624.0,0.173091,38268.887464,38288.0,1.0,2,14.919801,111657.759967,111657.759967,5643899.3837885,15706677.909737702,875144.3861567,16770994.3782627,117398779.6377547,50,0,3
Z2,1,5,720,7616.0,0.050919,149570.887095,152320.0,1.0,2,14.919801,133918.159894,133918.159894,5643899.3837885,15706677.909737702,875144.3861567,16770994.3782627,117398779.6377547,50,0,3
Z2,2,5,720,8792.0,0.051014,172344.846513,172392.0,1.0,2,14.919801,138472.951777,138472.951777,5643899.3837885,15706677.909737702,875144.3861567,16770994.3782627,117398779.6377547,50,0,3
Z2,3,5,720,8816.0,0.050978,172937.345522,176320.0,1.0,2,14.919801,138591.451579,138591.451579,5643899.3837885,15706677.909737702,875144.3861567,16770994.3782627,117398779.6377547,50,0,3
Z2,4,5,720,14976.0,0.05106,293301.99765,293640.0,1.0,2,14.919801,162664.382005,162664.382005,5643899.3837885,15706677.909737702,875144.3861567,16770994.3782627,117398779.6377547,50,0,3
Z2,5,5,720,25312.0,0.05116,494761.532447,496312.0,1.0,2,14.919801,202956.288964,202956.288964,5643899.3837885,15706677.909737702,875144.3861567,16770994.3782627,117398779.6377547,50,0,3
Z2,6,5,720,13208.0,0.050966,259153.160931,264160.0,1.0,2,14.919801,155834.614661,155834.614661,5643899.3837885,15706677.909737702,875144.3861567,16770994.3782627,117398779.6377547,50,0,3
Z2,7,5,720,16320.0,0.051021,319868.289528,320000.0,1.0,2,14.919801,167977.64038,167977.64038,5643899.3837885,15706677.909737702,875144.3861567,16770994.3782627,117398779.6377547,50,0,3
Z3,0,5,720,7712.0,0.173185,44530.415452,44576.0,1.0,2,14.919801,112910.065565,112910.065565,5643899.3837885,15706677.909737702,875144.3861567,16770994.3782627,117398779.6377547,50,0,3
Z3,1,5,720,9624.0,0.050922,188994.933428,192480.0,1.0,2,14.919801,141802.96916,141802.96916,5643899.3837885,15706677.909737702,875144.3861567,16770994.3782627,117398779.6377547,50,0,3
Z3,2,5,720,9096.0,0.051037,178223.641672,178352.0,1.0,2,14.919801,139648.710809,139648.710809,5643899.3837885,15706677.909737702,875144.3861567,16770994.3782627,117398779.6377547,50,0,3
Z3,3,5,720,7632.0,0.051061,149468.283034,149640.0,1.0,2,14.919801,133897.639081,133897.639081,5643899.3837885,15706677.909737702,875144.3861567,16770994.3782627,117398779.6377547,50,0,3
Z3,4,5,720,8304.0,0.051061,162629.012358,162816.0,1.0,2,14.919801,136529.784946,136529.784946,5643899.3837885,15706677.909737702,875144.3861567,16770994.3782627,117398779.6377547,50,0,3
Z3,5,5,720,8504.0,0.050923,166997.231114,170080.0,1.0,2,14.919801,137403.428697,137403.428697,5643899.3837885,15706677.909737702,875144.3861567,16770994.3782627,117398779.6377547,50,0,3
Z3,6,5,720,7384.0,0.050957,144906.489786,147680.0,1.0,2,14.919801,132985.280432,132985.280432,5643899.3837885,15706677.909737702,875144.3861567,16770994.3782627,117398779.6377547,50,0,3
Z3,7,5,720,8968.0,0.05098,175912.122401,179360.0,1.0,2,14.919801,139186.406955,139186.406955,5643899.3837885,15706677.909737702,875144.3861567,16770994.3782627,117398779.6377547,50,0,3
Z3,8,5,720,8912.0,0.050929,174988.709772,178240.0,1.0,2,14.919801,139001.724429,139001.724429,5643899.3837885,15706677.909737702,875144.3861567,16770994.3782627,117398779.6377547,50,0,3
Z3,9,5,720,16688.0,0.051084,326677.629003,327208.0,1.0,2,14.919801,169339.508275,169339.508275,5643899.3837885,15706677.909737702,875144.3861567,16770994.3782627,117398779.6377547,50,0,3
Z3,10,5,720,23832.0,0.051068,466671.888462,467288.0,1.0,2,14.919801,197338.360167,197338.360167,5643899.3837885,15706677.909737702,875144.3861567,16770994.3782627,117398779.6377547,50,0,3
Z3,11,5,720,21144.0,0.051093,413833.597557,414584.0,1.0,2,14.919801,186770.701986,186770.701986,5643899.3837885,15706677.909737702,875144.3861567,16770994.3782627,117398779.6377547,50,0,3
Z3,12,5,720,14272.0,0.051062,279503.34887,279840.0,1.0,2,14.919801,159904.652249,159904.652249,5643899.3837885,15706677.909737702,875144.3861567,16770994.3782627,117398779.6377547,50,0,3
Z3,13,5,720,27640.0,0.051047,541461.790115,541960.0,1.0,2,14.919801,212296.340498,212296.340498,5643899.3837885,15706677.909737702,875144.3861567,16770994.3782627,117398779.6377547,50,0,3
Z3,14,5,720,33288.0,0.178175,186827.557177,187008.0,1.0,2,14.919801,141369.49391,141369.49391,5643899.3837885,15706677.909737702,875144.3861567,16770994.3782627,117398779.6377547,50,0,3
Z3,15,5,720,17576.0,0.051053,344269.680528,344624.0,1.0,2,14.919801,172857.91858,172857.91858,5643899.3837885,15706677.909737702,875144.3861567,16770994.3782627,117398779.6377547,50,0,3
Z3,16,5,720,34872.0,0.051192,681200.187529,683760.0,1.0,2,14.919801,240244.01998,240244.01998,5643899.3837885,15706677.909737702,875144.3861567,16770994.3782627,117398779.6377547,50,0,3
Z3,17,5,720,27336.0,0.051155,534375.916333,536000.0,1.0,2,14.919801,210879.165741,210879.165741,5643899.3837885,15706677.909737702,875144.3861567,16770994.3782627,117398779.6377547,50,0,3
Z3,18,5,720,18312.0,0.051873,353016.019895,359056.0,1.0,2,14.919801,174607.186454,174607.186454,5643899.3837885,15706677.909737702,875144.3861567,16770994.3782627,117398779.6377547,50,0,3
Z3,19,5,720,41432.0,0.051105,810723.021231,812392.0,1.0,2,14.919801,266148.586721,266148.586721,5643899.3837885,15706677.909737702,875144.3861567,16770994.3782627,117398779.6377547,50,0,3
Z3,20,5,720,36760.0,0.051083,719613.178553,720784.0,1.0,2,14.919801,247926.618185,247926.618185,5643899.3837885,15706677.909737702,875144.3861567,16770994.3782627,117398779.6377547,50,0,3
Z3,21,5,720,21272.0,0.051064,416575.278082,417096.0,1.0,2,14.919801,187319.038091,187319.038091,5643899.3837885,15706677.909737702,875144.3861567,16770994.3782627,117398779.6377547,50,0,3
Z3,22,5,720,43464.0,0.051371,846080.473419,852232.0,1.0,2,14.919801,273220.077158,273220.077158,5643899.3837885,15706677.909737702,875144.3861567,16770994.3782627,117398779.6377547,50,0,3
Z3,23,5,720,42000.0,0.05113,821435.556425,823528.0,1.0,2,14.919801,268291.09376,268291.09376,5643899.3837885,15706677.909737702,875144.3861567,16770994.3782627,117398779.6377547,50,0,3
Z3,24,5,720,20304.0,0.050985,398234.774934,406080.0,1.0,2,14.919801,183650.937461,183650.937461,5643899.3837885,15706677.909737702,875144.3861567,16770994.3782627,117398779.6377547,50,0,3
Z3,25,5,720,32736.0,0.051058,641153.198323,641880.0,1.0,2,14.919801,232234.622139,232234.622139,5643899.3837885,15706677.909737702,875144.3861567,16770994.3782627,117398779.6377547,50,0,3
Z3,26,5,720,34608.0,0.051067,677697.926254,678584.0,1.0,2,14.919801,239543.567725,239543.567725,5643899.3837885,15706677.909737702,875144.3861567,16770994.3782627,117398779.6377547,50,0,3
Z3,27,5,720,21272.0,0.051128,416053.825692,417096.0,1.0,2,14.919801,187214.747613,187214.747613,5643899.3837885,15706677.909737702,875144.3861567,16770994.3782627,117398779.6377547,50,0,3
Z3,28,5,720,8752.0,0.050959,171745.913381,175040.0,1.0,2,14.919801,138353.165151,138353.165151,5643899.3837885,15706677.909737702,875144.3861567,16770994.3782627,117398779.6377547,50,0,3
Z3,29,5,720,12760.0,0.050979,250299.142784,255200.0,1.0,2,14.919801,154063.811031,154063.811031,5643899.3837885,15706677.909737702,875144.3861567,16770994.3782627,117398779.6377547,50,0,3
Z3,30,5,720,15440.0,0.050983,302846.046721,308800.0,1.0,2,14.919801,164573.191819,164573.191819,5643899.3837885,15706677.909737702,875144.3861567,16770994.3782627,117398779.6377547,50,0,3
Z3,31,5,720,10000.0,0.050854,196641.365478,200000.0,1.0,2,14.919801,143332.25557,143332.25557,5643899.3837885,15706677.909737702,875144.3861567,16770994.3782627,117398779.6377547,50,0,3
Z3,32,5,720,15200.0,0.05098,298156.139663,304000.0,1.0,2,14.919801,163635.210407,163635.210407,5643899.3837885,15706677.909737702,875144.3861567,16770994.3782627,117398779.6377547,50,0,3
Z3,33,5,720,18352.0,0.050944,360238.693467,367040.0,1.0,2,14.919801,176051.721168,176051.721168,5643899.3837885,15706677.909737702,875144.3861567,16770994.3782627,117398779.6377547,50,0,3
Z3,34,5,720,11224.0,0.050949,220298.730103,224480.0,1.0,2,14.919801,148063.728495,148063.728495,5643899.3837885,15706677.909737702,875144.3861567,16770994.3782627,117398779.6377547,50,0,3
Z3,35,5,720,23240.0,0.050995,455730.954015,464800.0,1.0,2,14.919801,195150.173278,195150.173278,5643899.3837885,15706677.909737702,875144.3861567,16770994.3782627,117398779.6377547,50,0,3
Z3,36,5,720,16824.0,0.050973,330057.089047,336480.0,1.0,2,14.919801,170015.400284,170015.400284,5643899.3837885,15706677.909737702,875144.3861567,16770994.3782627,117398779.6377547,50,0,3
Z3,37,5,720,9680.0,0.051051,189614.307261,189800.0,1.0,2,14.919801,141926.843927,141926.843927,5643899.3837885,15706677.909737702,875144.3861567,16770994.3782627,117398779.6377547,50,0,3
Z3,38,5,720,12888.0,0.051038,252517.731886,252704.0,1.0,2,14.919801,154507.528852,154507.528852,5643899.3837885,15706677.909737702,875144.3861567,16770994.3782627,117398779.6377547,50,0,3
Z1,0,6,720,14912.0,0.174283,85561.98826,85696.0,1.0,2,17.869464,146609.139229,146609.139229,5643899.3837885,15706677.909737702,875144.3861567,16770994.3782627,117398779.6377547,50,0,3
Z2,0,6,720,6624.0,0.173763,38120.888797,38288.0,1.0,2,17.869464,137120.919336,137120.919336,5643899.3837885,15706677.909737702,875144.3861567,16770994.3782627,117398779.6377547,50,0,3
Z2,1,6,720,6768.0,0.050918,132919.596214,135360.0,1.0,2,17.869464,156080.66082,156080.66082,5643899.3837885,15706677.909737702,875144.3861567,16770994.3782627,117398779.6377547,50,0,3
Z2,2,6,720,7488.0,0.050902,147106.204078,149760.0,1.0,2,17.869464,158917.982393,158917.982393,5643899.3837885,15706677.909737702,875144.3861567,16770994.3782627,117398779.6377547,50,0,3
Z2,3,6,720,7752.0,0.050936,152190.984765,155040.0,1.0,2,17.869464,159934.93853,159934.93853,5643899.3837885,15706677.909737702,875144.3861567,16770994.3782627,117398779.6377547,50,0,3
Z2,4,6,720,10768.0,0.051058,210897.410788,211136.0,1.0,2,17.869464,171676.223734,171676.223734,5643899.3837885,15706677.909737702,875144.3861567,16770994.3782627,117398779.6377547,50,0,3
Z2,5,6,720,17456.0,0.051028,342086.697499,342272.0,1.0,2,17.869464,197914.081077,197914.081077,5643899.3837885,15706677.909737702,875144.3861567,16770994.3782627,117398779.6377547,50,0,3
Z2,6,6,720,9568.0,0.051069,187354.363704,187600.0,1.0,2,17.869464,166967.614318,166967.614318,5643899.3837885,15706677.909737702,875144.3861567,16770994.3782627,117398779.6377547,50,0,3
Z2,7,6,720,12800.0,0.051083,250572.597537,250976.0,1.0,2,17.869464,179611.261084,179611.261084,5643899.3837885,15706677.909737702,875144.3861567,16770994.3782627,117398779.6377547,50,0,3
Z3,0,6,720,6760.0,0.174114,38825.137554,38848.0,1.0,2,17.869464,137261.769088,137261.769088,5643899.3837885,15706677.909737702,875144.3861567,16770994.3782627,117398779.6377547,50,0,3
Z3,1,6,720,8320.0,0.050977,163210.8598,166400.0,1.0,2,17.869464,162138.913537,162138.913537,5643899.3837885,15706677.909737702,875144.3861567,16770994.3782627,117398779.6377547,50,0,3
Z3,2,6,720,7800.0,0.310292,25137.612314,25160.0,1.0,2,17.869464,134524.26404,134524.26404,5643899.3837885,15706677.909737702,875144.3861567,16770994.3782627,117398779.6377547,50,0,3
Z3,3,6,720,6928.0,0.050904,136099.324218,138560.0,1.0,2,17.869464,156716.60642,156716.60642,5643899.3837885,15706677.909737702,875144.3861567,16770994.3782627,117398779.6377547,50,0,3
Z3,4,6,720,7472.0,0.050942,146676.612618,149440.0,1.0,2,17.869464,158832.064101,158832.064101,5643899.3837885,15706677.909737702,875144.3861567,16770994.3782627,117398779.6377547,50,0,3
Z3,5,6,720,7416.0,0.050905,145683.135252,148320.0,1.0,2,17.869464,158633.368627,158633.368627,5643899.3837885,15706677.909737702,875144.3861567,16770994.3782627,117398779.6377547,50,0,3
Z3,6,6,720,6760.0,0.050942,132699.933257,135200.0,1.0,2,17.869464,156036.728228,156036.728228,5643899.3837885,15706677.909737702,875144.3861567,16770994.3782627,117398779.6377547,50,0,3
Z3,7,6,720,7600.0,0.050967,149116.094728,152000.0,1.0,2,17.869464,159319.960522,159319.960522,5643899.3837885,15706677.909737702,875144.3861567,16770994.3782627,117398779.6377547,50,0,3
Z3,8,6,720,7600.0,0.050951,149162.921238,152000.0,1.0,2,17.869464,159329.325824,159329.325824,5643899.3837885,15706677.909737702,875144.3861567,16770994.3782627,117398779.6377547,50,0,3
Z3,9,6,720,12912.0,0.050961,253370.224289,258240.0,1.0,2,17.869464,180170.786435,180170.786435,5643899.3837885,15706677.909737702,875144.3861567,16770994.3782627,117398779.6377547,50,0,3
Z3,10,6,720,17552.0,0.051001,344150.114704,344152.0,1.0,2,17.869464,198326.764518,198326.764518,5643899.3837885,15706677.909737702,875144.3861567,16770994.3782627,117398779.6377547,50,0,3
Z3,11,6,720,14968.0,0.050995,293518.972448,299360.0,1.0,2,17.869464,188200.536067,188200.536067,5643899.3837885,15706677.909737702,875144.3861567,16770994.3782627,117398779.6377547,50,0,3
Z3,12,6,720,10336.0,0.05097,202785.952521,206720.0,1.0,2,17.869464,170053.932081,170053.932081,5643899.3837885,15706677.909737702,875144.3861567,16770994.3782627,117398779.6377547,50,0,3
Z3,13,6,720,18344.0,0.051084,359094.824211,359680.0,1.0,2,17.869464,201315.706419,201315.706419,5643899.3837885,15706677.909737702,875144.3861567,16770994.3782627,117398779.6377547,50,0,3
Z3,14,6,720,20456.0,0.050973,401310.497714,409120.0,1.0,2,17.869464,209758.84112,209758.84112,5643899.3837885,15706677.909737702,875144.3861567,16770994.3782627,117398779.6377547,50,0,3
Z3,15,6,720,12480.0,0.050967,244864.323974,249600.0,1.0,2,17.869464,178469.606372,178469.606372,5643899.3837885,15706677.909737702,875144.3861567,16770994.3782627,117398779.6377547,50,0,3
Z3,16,6,720,18912.0,0.051071,370308.002585,370816.0,1.0,2,17.869464,203558.342094,203558.342094,5643899.3837885,15706677.909737702,875144.3861567,16770994.3782627,117398779.6377547,50,0,3
Z3,17,6,720,16112.0,0.051016,315822.487063,315920.0,1.0,2,17.869464,192661.238989,192661.238989,5643899.3837885,15706677.909737702,875144.3861567,16770994.3782627,117398779.6377547,50,0,3
Z3,18,6,720,16088.0,0.051027,315284.065299,315448.0,1.0,2,17.869464,192553.554637,192553.554637,5643899.3837885,15706677.909737702,875144.3861567,16770994.3782627,117398779.6377547,50,0,3
Z3,19,6,720,31984.0,0.051049,626535.289624,627136.0,1.0,2,17.869464,254803.799502,254803.799502,5643899.3837885,15706677.909737702,875144.3861567,16770994.3782627,117398779.6377547,50,0,3
Z3,20,6,720,21472.0,0.051014,420904.065551,421016.0,1.0,2,17.869464,213677.554687,213677.554687,5643899.3837885,15706677.909737702,875144.3861567,16770994.3782627,117398779.6377547,50,0,3
Z3,21,6,720,19320.0,0.051016,378704.720088,378816.0,1.0,2,17.869464,205237.685594,205237.685594,5643899.3837885,15706677.909737702,875144.3861567,16770994.3782627,117398779.6377547,50,0,3
Z3,22,6,720,33040.0,0.051104,646524.733876,647840.0,1.0,2,17.869464,258801.688352,258801.688352,5643899.3837885,15706677.909737702,875144.3861567,16770994.3782627,117398779.6377547,50,0,3
Z3,23,6,720,26472.0,0.051068,518367.666641,519056.0,1.0,2,17.869464,233170.274905,233170.274905,5643899.3837885,15706677.909737702,875144.3861567,16770994.3782627,117398779.6377547,50,0,3
Z3,24,6,720,12984.0,0.050983,254673.126336,259680.0,1.0,2,17.869464,180431.366844,180431.366844,5643899.3837885,15706677.909737702,875144.3861567,16770994.3782627,117398779.6377547,50,0,3
Z3,25,6,720,21128.0,0.05107,413706.67711,414272.0,1.0,2,17.869464,212238.076999,212238.076999,5643899.3837885,15706677.909737702,875144.3861567,16770994.3782627,117398779.6377547,50,0,3
Z3,26,6,720,21576.0,0.051002,423042.233638,423056.0,1.0,2,17.869464,214105.188304,214105.188304,5643899.3837885,15706677.909737702,875144.3861567,16770994.3782627,117398779.6377547,50,0,3
Z3,27,6,720,14376.0,0.050982,281981.875956,287520.0,1.0,2,17.869464,185893.116768,185893.116768,5643899.3837885,15706677.909737702,875144.3861567,16770994.3782627,117398779.6377547,50,0,3
Z3,28,6,720,7048.0,0.050959,138307.266626,140960.0,1.0,2,17.869464,157158.194902,157158.194902,5643899.3837885,15706677.909737702,875144.3861567,16770994.3782627,117398779.6377547,50,0,3
Z3,29,6,720,8656.0,0.050916,170005.499254,173120.0,1.0,2,17.869464,163497.841428,163497.841428,5643899.3837885,15706677.909737702,875144.3861567,16770994.3782627,117398779.6377547,50,0,3
Z3,30,6,720,9488.0,0.050987,186086.649538,189760.0,1.0,2,17.869464,166714.071484,166714.071484,5643899.3837885,15706677.909737702,875144.3861567,16770994.3782627,117398779.6377547,50,0,3
Z3,31,6,720,8424.0,0.050963,165296.3915,168480.0,1.0,2,17.869464,162556.019877,162556.019877,5643899.3837885,15706677.909737702,875144.3861567,16770994.3782627,117398779.6377547,50,0,3
Z3,32,6,720,9328.0,0.050955,183063.487391,186560.0,1.0,2,17.869464,166109.439055,166109.439055,5643899.3837885,15706677.909737702,875144.3861567,16770994.3782627,117398779.6377547,50,0,3
Z3,33,6,720,8680.0,0.050925,170446.735395,173600.0,1.0,2,17.869464,163586.088656,163586.088656,5643899.3837885,15706677.909737702,875144.3861567,16770994.3782627,117398779.6377547,50,0,3
Z3,34,6,720,7160.0,0.306705,23344.907973,23392.0,1.0,2,17.869464,134165.723172,134165.723172,5643899.3837885,15706677.909737702,875144.3861567,16770994.3782627,117398779.6377547,50,0,3
Z3,35,6,720,10360.0,0.050974,203240.867893,207200.0,1.0,2,17.869464,170144.915156,170144.915156,5643899.3837885,15706677.909737702,875144.3861567,16770994.3782627,117398779.6377547,50,0,3
Z3,36,6,720,9048.0,0.050807,178085.696853,180960.0,1.0,2,17.869464,165113.880947,165113.880947,5643899.3837885,15706677.909737702,875144.3861567,16770994.3782627,117398779.6377547,50,0,3
Z3,37,6,720,7176.0,0.050897,140990.628131,143520.0,1.0,2,17.869464,157694.867203,157694.867203,5643899.3837885,15706677.909737702,875144.3861567,16770994.3782627,117398779.6377547,50,0,3
Z3,38,6,720,8768.0,0.050991,171951.913083,175360.0,1.0,2,17.869464,163887.124193,163887.124193,5643899.3837885,15706677.909737702,875144.3861567,16770994.3782627,117398779.6377547,50,0,3
Z1,0,7,720,7408.0,0.171482,43199.869374,43320.0,1.0,2,21.208383,147485.368398,147485.368398,5643899.3837885,15706677.909737702,875144.3861567,16770994.3782627,117398779.6377547,50,0,3
Z2,0,7,720,6624.0,0.173481,38182.855759,38288.0,1.0,2,21.208383,146481.965675,146481.965675,5643899.3837885,15706677.909737702,875144.3861567,16770994.3782627,117398779.6377547,50,0,3
Z2,1,7,720,6792.0,0.051009,133152.973005,133176.0,1.0,2,21.208383,165475.989124,165475.989124,5643899.3837885,15706677.909737702,875144.3861567,16770994.3782627,117398779.6377547,50,0,3
Z2,2,7,720,7464.0,0.050917,146591.511676,149280.0,1.0,2,21.208383,168163.696858,168163.696858,5643899.3837885,15706677.909737702,875144.3861567,16770994.3782627,117398779.6377547,50,0,3
Z2,3,7,720,10144.0,0.050933,199163.607092,202880.0,1.0,2,21.208383,178678.115941,178678.115941,5643899.3837885,15706677.909737702,875144.3861567,16770994.3782627,117398779.6377547,50,0,3
Z2,4,7,720,14352.0,0.050856,282208.588957,287040.0,1.0,2,21.208383,195287.112315,195287.112315,5643899.3837885,15706677.909737702,875144.3861567,16770994.3782627,117398779.6377547,50,0,3
Z2,5,7,720,15008.0,0.050978,294401.506532,300160.0,1.0,2,21.208383,197725.69583,197725.69583,5643899.3837885,15706677.909737702,875144.3861567,16770994.3782627,117398779.6377547,50,0,3
Z2,6,7,720,7168.0,0.0508,141102.362205,143360.0,1.0,2,21.208383,167065.866964,167065.866964,5643899.3837885,15706677.909737702,875144.3861567,16770994.3782627,117398779.6377547,50,0,3
Z2,7,7,720,8160.0,0.05095,160157.016683,163200.0,1.0,2,21.208383,170876.79786,170876.79786,5643899.3837885,15706677.909737702,875144.3861567,16770994.3782627,117398779.6377547,50,0,3
Z3,0,7,720,6656.0,0.173351,38396.086553,38472.0,1.0,2,21.208383,146524.611834,146524.611834,5643899.3837885,15706677.909737702,875144.3861567,16770994.3782627,117398779.6377547,50,0,3
Z3,1,7,720,7664.0,0.050872,150652.618336,153280.0,1.0,2,21.208383,168975.91819,168975.91819,5643899.3837885,15706677.909737702,875144.3861567,16770994.3782627,117398779.6377547,50,0,3
Z3,2,7,720,7664.0,0.050952,150416.077877,153280.0,1.0,2,21.208383,168928.610099,168928.610099,5643899.3837885,15706677.909737702,875144.3861567,16770994.3782627,117398779.6377547,50,0,3
Z3,3,7,720,6920.0,0.050918,135904.788091,138400.0,1.0,2,21.208383,166026.352141,166026.352141,5643899.3837885,15706677.909737702,875144.3861567,16770994.3782627,117398779.6377547,50,0,3
Z3,4,7,720,7504.0,0.050934,147327.914556,150080.0,1.0,2,21.208383,168310.977434,168310.977434,5643899.3837885,15706677.909737702,875144.3861567,16770994.3782627,117398779.6377547,50,0,3
Z3,5,7,720,7480.0,0.050929,146871.134324,149600.0,1.0,2,21.208383,168219.621388,168219.621388,5643899.3837885,15706677.909737702,875144.3861567,16770994.3782627,117398779.6377547,50,0,3
Z3,6,7,720,6728.0,0.050855,132297.709173,134560.0,1.0,2,21.208383,165304.936358,165304.936358,5643899.3837885,15706677.909737702,875144.3861567,16770994.3782627,117398779.6377547,50,0,3
Z3,7,7,720,7632.0,0.050929,149855.681439,152640.0,1.0,2,21.208383,168816.530811,168816.530811,5643899.3837885,15706677.909737702,875144.3861567,16770994.3782627,117398779.6377547,50,0,3
Z3,8,7,720,7392.0,0.05094,145111.896349,147840.0,1.0,2,21.208383,167867.773793,167867.773793,5643899.3837885,15706677.909737702,875144.3861567,16770994.3782627,117398779.6377547,50,0,3
Z3,9,7,720,12800.0,0.051,250980.392157,250976.0,1.0,2,21.208383,189041.472954,189041.472954,5643899.3837885,15706677.909737702,875144.3861567,16770994.3782627,117398779.6377547,50,0,3
Z3,10,7,720,16760.0,0.051008,328575.909661,328624.0,1.0,2,21.208383,204560.576455,204560.576455,5643899.3837885,15706677.909737702,875144.3861567,16770994.3782627,117398779.6377547,50,0,3
Z3,11,7,720,14104.0,0.05096,276766.091052,282080.0,1.0,2,21.208383,194198.612733,194198.612733,5643899.3837885,15706677.909737702,875144.3861567,16770994.3782627,117398779.6377547,50,0,3
Z3,12,7,720,9704.0,0.050994,190296.897674,194080.0,1.0,2,21.208383,176904.774058,176904.774058,5643899.3837885,15706677.909737702,875144.3861567,16770994.3782627,117398779.6377547,50,0,3
Z3,13,7,720,17248.0,0.051012,338116.521603,338192.0,1.0,2,21.208383,206468.698844,206468.698844,5643899.3837885,15706677.909737702,875144.3861567,16770994.3782627,117398779.6377547,50,0,3
Z3,14,7,720,21552.0,0.050968,422853.555172,431040.0,1.0,2,21.208383,223416.105557,223416.105557,5643899.3837885,15706677.909737702,875144.3861567,16770994.3782627,117398779.6377547,50,0,3
Z3,15,7,720,16688.0,0.051024,327061.774851,327208.0,1.0,2,21.208383,204257.749493,204257.749493,5643899.3837885,15706677.909737702,875144.3861567,16770994.3782627,117398779.6377547,50,0,3
Z3,16,7,720,23312.0,0.050974,457331.188449,466240.0,1.0,2,21.208383,230311.632213,230311.632213,5643899.3837885,15706677.909737702,875144.3861567,16770994.3782627,117398779.6377547,50,0,3
Z3,17,7,720,14952.0,0.050983,293274.228664,299040.0,1.0,2,21.208383,197500.240256,197500.240256,5643899.3837885,15706677.909737702,875144.3861567,16770994.3782627,117398779.6377547,50,0,3
Z3,18,7,720,16856.0,0.051016,330406.147091,330504.0,1.0,2,21.208383,204926.623941,204926.623941,5643899.3837885,15706677.909737702,875144.3861567,16770994.3782627,117398779.6377547,50,0,3
Z3,19,7,720,23928.0,0.050979,469369.740481,478560.0,1.0,2,21.208383,232719.342619,232719.342619,5643899.3837885,15706677.909737702,875144.3861567,16770994.3782627,117398779.6377547,50,0,3
Z3,20,7,720,29544.0,0.051075,578443.465492,579288.0,1.0,2,21.208383,254534.087621,254534.087621,5643899.3837885,15706677.909737702,875144.3861567,16770994.3782627,117398779.6377547,50,0,3
Z3,21,7,720,31920.0,0.05094,626619.552415,638400.0,1.0,2,21.208383,264169.305006,264169.305006,5643899.3837885,15706677.909737702,875144.3861567,16770994.3782627,117398779.6377547,50,0,3
Z3,22,7,720,15096.0,0.051012,295930.369325,296000.0,1.0,2,21.208383,198031.468388,198031.468388,5643899.3837885,15706677.909737702,875144.3861567,16770994.3782627,117398779.6377547,50,0,3
Z3,23,7,720,22296.0,0.05105,436748.285994,437176.0,1.0,2,21.208383,226195.051722,226195.051722,5643899.3837885,15706677.909737702,875144.3861567,16770994.3782627,117398779.6377547,50,0,3
Z3,24,7,720,24272.0,0.050973,476173.660565,485440.0,1.0,2,21.208383,234080.126636,234080.126636,5643899.3837885,15706677.909737702,875144.3861567,16770994.3782627,117398779.6377547,50,0,3
Z3,25,7,720,13368.0,0.051008,262076.537014,262112.0,1.0,2,21.208383,191260.701926,191260.701926,5643899.3837885,15706677.909737702,875144.3861567,16770994.3782627,117398779.6377547,50,0,3
Z3,26,7,720,21768.0,0.05103,426572.60435,426816.0,1.0,2,21.208383,224159.915393,224159.915393,5643899.3837885,15706677.909737702,875144.3861567,16770994.3782627,117398779.6377547,50,0,3
Z3,27,7,720,21680.0,0.05106,424598.511555,425096.0,1.0,2,21.208383,223765.096834,223765.096834,5643899.3837885,15706677.909737702,875144.3861567,16770994.3782627,117398779.6377547,50,0,3
Z3,28,7,720,9672.0,0.050975,189740.068661,193440.0,1.0,2,21.208383,176793.408255,176793.408255,5643899.3837885,15706677.909737702,875144.3861567,16770994.3782627,117398779.6377547,50,0,3
Z3,29,7,720,13368.0,0.050911,262575.867691,267360.0,1.0,2,21.208383,191360.568061,191360.568061,5643899.3837885,15706677.909737702,875144.3861567,16770994.3782627,117398779.6377547,50,0,3
Z3,30,7,720,13424.0,0.051005,263189.883345,263208.0,1.0,2,21.208383,191483.371192,191483.371192,5643899.3837885,15706677.909737702,875144.3861567,16770994.3782627,117398779.6377547,50,0,3
Z3,31,7,720,8064.0,0.050994,158136.251324,161280.0,1.0,2,21.208383,170472.644788,170472.644788,5643899.3837885,15706677.909737702,875144.3861567,16770994.3782627,117398779.6377547,50,0,3
Z3,32,7,720,9424.0,0.051068,184538.262709,184784.0,1.0,2,21.208383,175753.047065,175753.047065,5643899.3837885,15706677.909737702,875144.3861567,16770994.3782627,117398779.6377547,50,0,3
Z3,33,7,720,7368.0,0.303149,24304.879779,24312.0,1.0,2,21.208383,143706.370479,143706.370479,5643899.3837885,15706677.909737702,875144.3861567,16770994.3782627,117398779.6377547,50,0,3
Z3,34,7,720,8792.0,0.050946,172574.88321,175840.0,1.0,2,21.208383,173360.371165,173360.371165,5643899.3837885,15706677.909737702,875144.3861567,16770994.3782627,117398779.6377547,50,0,3
Z3,35,7,720,8568.0,0.050916,168277.162385,171360.0,1.0,2,21.208383,172500.827,172500.827,5643899.3837885,15706677.909737702,875144.3861567,16770994.3782627,117398779.6377547,50,0,3
Z3,36,7,720,7064.0,0.050915,138741.038987,141280.0,1.0,2,21.208383,166593.60232,166593.60232,5643899.3837885,15706677.909737702,875144.3861567,16770994.3782627,117398779.6377547,50,0,3
Z3,37,7,720,10104.0,0.0509,198506.876228,202080.0,1.0,2,21.208383,178546.769769,178546.769769,5643899.3837885,15706677.909737702,875144.3861567,16770994.3782627,117398779.6377547,50,0,3
Z3,38,7,720,8640.0,0.050952,169571.361281,172800.0,1.0,2,21.208383,172759.666779,172759.666779,5643899.3837885,15706677.909737702,875144.3861567,16770994.3782627,117398779.6377547,50,0,3
Z1,0,8,720,7744.0,0.172179,44976.448928,45016.0,1.0,2,24.279196,154786.371513,154786.371513,5643899.3837885,15706677.909737702,875144.3861567,16770994.3782627,117398779.6377547,50,0,3
Z2,0,8,720,6624.0,0.17215,38478.071449,38504.0,1.0,2,24.279196,153486.696017,153486.696017,5643899.3837885,15706677.909737702,875144.3861567,16770994.3782627,117398779.6377547,50,0,3
Z2,1,8,720,6968.0,0.050961,136732.010753,139360.0,1.0,2,24.279196,173137.483878,173137.483878,5643899.3837885,15706677.909737702,875144.3861567,16770994.3782627,117398779.6377547,50,0,3
Z2,2,8,720,7968.0,0.051019,156177.110488,156232.0,1.0,2,24.279196,177026.503825,177026.503825,5643899.3837885,15706677.909737702,875144.3861567,16770994.3782627,117398779.6377547,50,0,3
Z2,3,8,720,12752.0,0.05102,249941.19953,250032.0,1.0,2,24.279196,195779.321633,195779.321633,5643899.3837885,15706677.909737702,875144.3861567,16770994.3782627,117398779.6377547,50,0,3
Z2,4,8,720,18720.0,0.051037,366792.719008,367056.0,1.0,2,24.279196,219149.625529,219149.625529,5643899.3837885,15706677.909737702,875144.3861567,16770994.3782627,117398779.6377547,50,0,3
Z2,5,8,720,25648.0,0.050966,503237.452419,512960.0,1.0,2,24.279196,246438.572211,246438.572211,5643899.3837885,15706677.909737702,875144.3861567,16770994.3782627,117398779.6377547,50,0,3
Z2,6,8,720,9784.0,0.05093,192106.813273,195680.0,1.0,2,24.279196,184212.444382,184212.444382,5643899.3837885,15706677.909737702,875144.3861567,16770994.3782627,117398779.6377547,50,0,3
Z2,7,8,720,13192.0,0.050873,259312.405402,263840.0,1.0,2,24.279196,197653.562808,197653.562808,5643899.3837885,15706677.909737702,875144.3861567,16770994.3782627,117398779.6377547,50,0,3
Z3,0,8,720,6768.0,0.172356,39267.562487,39344.0,1.0,2,24.279196,153644.594225,153644.594225,5643899.3837885,15706677.909737702,875144.3861567,16770994.3782627,117398779.6377547,50,0,3
Z3,1,8,720,8032.0,0.32516,24701.685324,24712.0,1.0,2,24.279196,150731.418792,150731.418792,5643899.3837885,15706677.909737702,875144.3861567,16770994.3782627,117398779.6377547,50,0,3
Z3,2,8,720,7872.0,0.050933,154555.985314,157440.0,1.0,2,24.279196,176702.27879,176702.27879,5643899.3837885,15706677.909737702,875144.3861567,16770994.3782627,117398779.6377547,50,0,3
Z3,3,8,720,7024.0,0.05088,138050.314465,140480.0,1.0,2,24.279196,173401.144621,173401.144621,5643899.3837885,15706677.909737702,875144.3861567,16770994.3782627,117398779.6377547,50,0,3
Z3,4,8,720,7816.0,0.050953,153396.267148,156320.0,1.0,2,24.279196,176470.335157,176470.335157,5643899.3837885,15706677.909737702,875144.3861567,16770994.3782627,117398779.6377547,50,0,3
Z3,5,8,720,7936.0,0.050869,156008.571035,158720.0,1.0,2,24.279196,176992.795935,176992.795935,5643899.3837885,15706677.909737702,875144.3861567,16770994.3782627,117398779.6377547,50,0,3
Z3,6,8,720,6928.0,0.050908,136088.630471,138560.0,1.0,2,24.279196,173008.807822,173008.807822,5643899.3837885,15706677.909737702,875144.3861567,16770994.3782627,117398779.6377547,50,0,3
Z3,7,8,720,8048.0,0.050947,157968.08448,160960.0,1.0,2,24.279196,177384.698623,177384.698623,5643899.3837885,15706677.909737702,875144.3861567,16770994.3782627,117398779.6377547,50,0,3
Z3,8,8,720,7664.0,0.050925,150495.827197,153280.0,1.0,2,24.279196,175890.247167,175890.247167,5643899.3837885,15706677.909737702,875144.3861567,16770994.3782627,117398779.6377547,50,0,3
Z3,9,8,720,14248.0,0.050962,279580.864173,284960.0,1.0,2,24.279196,201707.254562,201707.254562,5643899.3837885,15706677.909737702,875144.3861567,16770994.3782627,117398779.6377547,50,0,3
Z3,10,8,720,19448.0,0.050953,381685.082331,388960.0,1.0,2,24.279196,222128.098194,222128.098194,5643899.3837885,15706677.909737702,875144.3861567,16770994.3782627,117398779.6377547,50,0,3
Z3,11,8,720,17344.0,0.051052,339732.037922,340072.0,1.0,2,24.279196,213737.489312,213737.489312,5643899.3837885,15706677.909737702,875144.3861567,16770994.3782627,117398779.6377547,50,0,3
Z3,12,8,720,11952.0,0.050917,234734.960819,239040.0,1.0,2,24.279196,192738.073891,192738.073891,5643899.3837885,15706677.909737702,875144.3861567,16770994.3782627,117398779.6377547,50,0,3
Z3,13,8,720,25224.0,0.050892,495637.821269,504480.0,1.0,2,24.279196,244918.645981,244918.645981,5643899.3837885,15706677.909737702,875144.3861567,16770994.3782627,117398779.6377547,50,0,3
Z3,14,8,720,35992.0,0.050983,705960.810466,719840.0,1.0,2,24.279196,286983.243821,286983.243821,5643899.3837885,15706677.909737702,875144.3861567,16770994.3782627,117398779.6377547,50,0,3
Z3,15,8,720,20016.0,0.050942,392917.435515,400320.0,1.0,2,24.279196,224374.56883,224374.56883,5643899.3837885,15706677.909737702,875144.3861567,16770994.3782627,117398779.6377547,50,0,3
Z3,16,8,720,36432.0,0.051023,714030.927229,714352.0,1.0,2,24.279196,288597.267173,288597.267173,5643899.3837885,15706677.909737702,875144.3861567,16770994.3782627,117398779.6377547,50,0,3
Z3,17,8,720,22472.0,0.050926,441267.721792,449440.0,1.0,2,24.279196,234044.626086,234044.626086,5643899.3837885,15706677.909737702,875144.3861567,16770994.3782627,117398779.6377547,50,0,3
Z3,18,8,720,21736.0,0.050936,426731.584734,434720.0,1.0,2,24.279196,231137.398674,231137.398674,5643899.3837885,15706677.909737702,875144.3861567,16770994.3782627,117398779.6377547,50,0,3
Z3,19,8,720,16848.0,0.050941,330735.556821,336960.0,1.0,2,24.279196,211938.193092,211938.193092,5643899.3837885,15706677.909737702,875144.3861567,16770994.3782627,117398779.6377547,50,0,3
Z3,20,8,720,47160.0,0.152142,309973.577316,310256.0,1.0,2,24.279196,207785.797191,207785.797191,5643899.3837885,15706677.909737702,875144.3861567,16770994.3782627,117398779.6377547,50,0,3
Z3,21,8,720,39472.0,0.177339,222579.353667,223000.0,1.0,2,24.279196,190306.952461,190306.952461,5643899.3837885,15706677.909737702,875144.3861567,16770994.3782627,117398779.6377547,50,0,3
Z3,22,8,720,26968.0,0.101764,265005.306395,267008.0,1.0,2,24.279196,198792.143006,198792.143006,5643899.3837885,15706677.909737702,875144.3861567,16770994.3782627,117398779.6377547,50,0,3
Z3,23,8,720,39776.0,0.152196,261347.210176,261680.0,1.0,2,24.279196,198060.523763,198060.523763,5643899.3837885,15706677.909737702,875144.3861567,16770994.3782627,117398779.6377547,50,0,3
Z3,24,8,720,34992.0,0.101915,343344.944316,346448.0,1.0,2,24.279196,214460.070591,214460.070591,5643899.3837885,15706677.909737702,875144.3861567,16770994.3782627,117398779.6377547,50,0,3
Z3,25,8,720,22464.0,0.050974,440695.256405,449280.0,1.0,2,24.279196,233930.133008,233930.133008,5643899.3837885,15706677.909737702,875144.3861567,16770994.3782627,117398779.6377547,50,0,3
Z3,26,8,720,43144.0,0.101883,423466.132721,427168.0,1.0,2,24.279196,230484.308272,230484.308272,5643899.3837885,15706677.909737702,875144.3861567,16770994.3782627,117398779.6377547,50,0,3
Z3,27,8,720,43672.0,0.101787,429052.825999,432392.0,1.0,2,24.279196,231601.646927,231601.646927,5643899.3837885,15706677.909737702,875144.3861567,16770994.3782627,117398779.6377547,50,0,3
Z3,28,8,720,18320.0,0.051064,358765.470782,359208.0,1.0,2,24.279196,217544.175884,217544.175884,5643899.3837885,15706677.909737702,875144.3861567,16770994.3782627,117398779.6377547,50,0,3
Z3,29,8,720,24560.0,0.05103,481285.518323,481568.0,1.0,2,24.279196,242048.185392,242048.185392,5643899.3837885,15706677.909737702,875144.3861567,16770994.3782627,117398779.6377547,50,0,3
Z3,30,8,720,19040.0,0.05086,374360.990956,380800.0,1.0,2,24.279196,220663.279919,220663.279919,5643899.3837885,15706677.909737702,875144.3861567,16770994.3782627,117398779.6377547,50,0,3
Z3,31,8,720,20160.0,0.051004,395263.116618,395288.0,1.0,2,24.279196,224843.705051,224843.705051,5643899.3837885,15706677.909737702,875144.3861567,16770994.3782627,117398779.6377547,50,0,3
Z3,32,8,720,16496.0,0.050923,323940.066375,329920.0,1.0,2,24.279196,210579.095002,210579.095002,5643899.3837885,15706677.909737702,875144.3861567,16770994.3782627,117398779.6377547,50,0,3
Z3,33,8,720,11624.0,0.051077,227577.970515,227920.0,1.0,2,24.279196,191306.67583,191306.67583,5643899.3837885,15706677.909737702,875144.3861567,16770994.3782627,117398779.6377547,50,0,3
Z3,34,8,720,21024.0,0.051059,411758.945534,412232.0,1.0,2,24.279196,228142.870834,228142.870834,5643899.3837885,15706677.909737702,875144.3861567,16770994.3782627,117398779.6377547,50,0,3
Z3,35,8,720,28496.0,0.05102,558526.068209,558744.0,1.0,2,24.279196,257496.295369,257496.295369,5643899.3837885,15706677.909737702,875144.3861567,16770994.3782627,117398779.6377547,50,0,3
Z3,36,8,720,12416.0,0.050922,243823.887514,248320.0,1.0,2,24.279196,194555.85923,194555.85923,5643899.3837885,15706677.909737702,875144.3861567,16770994.3782627,117398779.6377547,50,0,3
Z3,37,8,720,17312.0,0.053889,321252.94587,326640.0,1.0,2,24.279196,210041.670901,210041.670901,5643899.3837885,15706677.909737702,875144.3861567,16770994.3782627,117398779.6377547,50,0,3
Z3,38,8,720,14664.0,0.050934,287901.990812,293280.0,1.0,2,24.279196,203371.47989,203371.47989,5643899.3837885,15706677.909737702,875144.3861567,16770994.3782627,117398779.6377547,50,0,3
Z1,0,9,720,7696.0,0.172462,44624.323039,44744.0,1.0,2,27.905944,185313.46402,185313.46402,5643899.3837885,15706677.909737702,875144.3861567,16770994.3782627,117398779.6377547,50,0,3
Z2,0,9,720,6624.0,0.173779,38117.37897,38288.0,1.0,2,27.905944,184012.075206,184012.075206,5643899.3837885,15706677.909737702,875144.3861567,16770994.3782627,117398779.6377547,50,0,3
Z2,1,9,720,6776.0,0.050965,132953.988031,135520.0,1.0,2,27.905944,202979.397019,202979.397019,5643899.3837885,15706677.909737702,875144.3861567,16770994.3782627,117398779.6377547,50,0,3
Z2,2,9,720,7496.0,0.050975,147052.476704,149920.0,1.0,2,27.905944,205799.094753,205799.094753,5643899.3837885,15706677.909737702,875144.3861567,16770994.3782627,117398779.6377547,50,0,3
Z2,3,9,720,16056.0,0.051025,314669.279765,314816.0,1.0,2,27.905944,239322.455365,239322.455365,5643899.3837885,15706677.909737702,875144.3861567,16770994.3782627,117398779.6377547,50,0,3
Z2,4,9,720,24464.0,0.051141,478363.739465,479680.0,1.0,2,27.905944,272061.347305,272061.347305,5643899.3837885,15706677.909737702,875144.3861567,16770994.3782627,117398779.6377547,50,0,3
Z2,5,9,720,36648.0,0.051119,716915.432618,718584.0,1.0,2,27.905944,319771.685936,319771.685936,5643899.3837885,15706677.909737702,875144.3861567,16770994.3782627,117398779.6377547,50,0,3
Z2,6,9,720,11344.0,0.051,222431.372549,222424.0,1.0,2,27.905944,220874.873922,220874.873922,5643899.3837885,15706677.909737702,875144.3861567,16770994.3782627,117398779.6377547,50,0,3
Z2,7,9,720,15808.0,0.050894,310606.358313,316160.0,1.0,2,27.905944,238509.871075,238509.871075,5643899.3837885,15706677.909737702,875144.3861567,16770994.3782627,117398779.6377547,50,0,3
Z3,0,9,720,6752.0,0.173638,38885.497414,39024.0,1.0,2,27.905944,184165.698895,184165.698895,5643899.3837885,15706677.909737702,875144.3861567,16770994.3782627,117398779.6377547,50,0,3
Z3,1,9,720,9824.0,0.050977,192714.361379,196480.0,1.0,2,27.905944,214931.471688,214931.471688,5643899.3837885,15706677.909737702,875144.3861567,16770994.3782627,117398779.6377547,50,0,3
Z3,2,9,720,8640.0,0.051023,169335.397762,169408.0,1.0,2,27.905944,210255.678965,210255.678965,5643899.3837885,15706677.909737702,875144.3861567,16770994.3782627,117398779.6377547,50,0,3
Z3,3,9,720,7248.0,0.050965,142215.245757,144960.0,1.0,2,27.905944,204831.648564,204831.648564,5643899.3837885,15706677.909737702,875144.3861567,16770994.3782627,117398779.6377547,50,0,3
Z3,4,9,720,8336.0,0.051019,163390.109567,163448.0,1.0,2,27.905944,209066.621326,209066.621326,5643899.3837885,15706677.909737702,875144.3861567,16770994.3782627,117398779.6377547,50,0,3
Z3,5,9,720,9640.0,0.051074,188745.741473,189016.0,1.0,2,27.905944,214137.747707,214137.747707,5643899.3837885,15706677.909737702,875144.3861567,16770994.3782627,117398779.6377547,50,0,3
Z3,6,9,720,10312.0,0.051064,201942.660191,202192.0,1.0,2,27.905944,216777.131451,216777.131451,5643899.3837885,15706677.909737702,875144.3861567,16770994.3782627,117398779.6377547,50,0,3
Z3,7,9,720,21208.0,0.051021,415671.978205,415840.0,1.0,2,27.905944,259522.995053,259522.995053,5643899.3837885,15706677.909737702,875144.3861567,16770994.3782627,117398779.6377547,50,0,3
Z3,8,9,720,8000.0,0.051,156862.745098,156856.0,1.0,2,27.905944,207761.148432,207761.148432,5643899.3837885,15706677.909737702,875144.3861567,16770994.3782627,117398779.6377547,50,0,3
Z3,9,9,720,16880.0,0.217172,77726.410403,77784.0,1.0,2,27.905944,191933.881493,191933.881493,5643899.3837885,15706677.909737702,875144.3861567,16770994.3782627,117398779.6377547,50,0,3
Z3,10,9,720,23240.0,0.051098,454812.321422,455680.0,1.0,2,27.905944,267351.063697,267351.063697,5643899.3837885,15706677.909737702,875144.3861567,16770994.3782627,117398779.6377547,50,0,3
Z3,11,9,720,21680.0,0.051111,424174.835163,425096.0,1.0,2,27.905944,261223.566445,261223.566445,5643899.3837885,15706677.909737702,875144.3861567,16770994.3782627,117398779.6377547,50,0,3
Z3,12,9,720,16096.0,0.051092,315039.536522,315600.0,1.0,2,27.905944,239396.506717,239396.506717,5643899.3837885,15706677.909737702,875144.3861567,16770994.3782627,117398779.6377547,50,0,3
Z3,13,9,720,39872.0,0.051133,779770.402675,781800.0,1.0,2,27.905944,332342.679947,332342.679947,5643899.3837885,15706677.909737702,875144.3861567,16770994.3782627,117398779.6377547,50,0,3
Z3,14,9,720,46392.0,0.152391,304427.426817,305208.0,1.0,2,27.905944,237274.084776,237274.084776,5643899.3837885,15706677.909737702,875144.3861567,16770994.3782627,117398779.6377547,50,0,3
Z3,15,9,720,26168.0,0.051083,512264.35409,513096.0,1.0,2,27.905944,278841.47023,278841.47023,5643899.3837885,15706677.909737702,875144.3861567,16770994.3782627,117398779.6377547,50,0,3
Z3,16,9,720,48816.0,0.203026,240442.110863,240472.0,1.0,2,27.905944,224477.021585,224477.021585,5643899.3837885,15706677.909737702,875144.3861567,16770994.3782627,117398779.6377547,50,0,3
Z3,17,9,720,38664.0,0.101843,379643.176262,382808.0,1.0,2,27.905944,252317.234665,252317.234665,5643899.3837885,15706677.909737702,875144.3861567,16770994.3782627,117398779.6377547,50,0,3
Z3,18,9,720,26344.0,0.051099,515548.249477,516544.0,1.0,2,27.905944,279498.249308,279498.249308,5643899.3837885,15706677.909737702,875144.3861567,16770994.3782627,117398779.6377547,50,0,3
Z3,19,9,720,19912.0,0.051032,390186.549616,390424.0,1.0,2,27.905944,254425.909336,254425.909336,5643899.3837885,15706677.909737702,875144.3861567,16770994.3782627,117398779.6377547,50,0,3
Z3,20,9,720,61688.0,0.101938,605152.151308,610768.0,1.0,2,27.905944,297419.029674,297419.029674,5643899.3837885,15706677.909737702,875144.3861567,16770994.3782627,117398779.6377547,50,0,3
Z3,21,9,720,59200.0,0.101803,581515.27951,586136.0,1.0,2,27.905944,292691.655314,292691.655314,5643899.3837885,15706677.909737702,875144.3861567,16770994.3782627,117398779.6377547,50,0,3
Z3,22,9,720,41064.0,0.051201,802015.585633,805176.0,1.0,2,27.905944,336791.716539,336791.716539,5643899.3837885,15706677.909737702,875144.3861567,16770994.3782627,117398779.6377547,50,0,3
Z3,23,9,720,55576.0,0.152348,364796.387219,365624.0,1.0,2,27.905944,249347.876856,249347.876856,5643899.3837885,15706677.909737702,875144.3861567,16770994.3782627,117398779.6377547,50,0,3
Z3,24,9,720,50200.0,0.101929,492499.681151,497024.0,1.0,2,27.905944,274888.535642,274888.535642,5643899.3837885,15706677.909737702,875144.3861567,16770994.3782627,117398779.6377547,50,0,3
Z3,25,9,720,30056.0,0.051064,588594.704684,589328.0,1.0,2,27.905944,294107.540349,294107.540349,5643899.3837885,15706677.909737702,875144.3861567,16770994.3782627,117398779.6377547,50,0,3
Z3,26,9,720,59504.0,0.101902,583933.583247,589144.0,1.0,2,27.905944,293175.316062,293175.316062,5643899.3837885,15706677.909737702,875144.3861567,16770994.3782627,117398779.6377547,50,0,3
Z3,27,9,720,65232.0,0.230622,282852.459869,283616.0,1.0,2,27.905944,232959.091386,232959.091386,5643899.3837885,15706677.909737702,875144.3861567,16770994.3782627,117398779.6377547,50,0,3
Z3,28,9,720,23952.0,0.101655,235620.481039,237144.0,1.0,2,27.905944,223512.69562,223512.69562,5643899.3837885,15706677.909737702,875144.3861567,16770994.3782627,117398779.6377547,50,0,3
Z3,29,9,720,32816.0,0.10175,322515.970516,324904.0,1.0,2,27.905944,240891.793516,240891.793516,5643899.3837885,15706677.909737702,875144.3861567,16770994.3782627,117398779.6377547,50,0,3
Z3,30,9,720,8856.0,0.051034,173531.371243,173640.0,1.0,2,27.905944,211094.873661,211094.873661,5643899.3837885,15706677.909737702,875144.3861567,16770994.3782627,117398779.6377547,50,0,3
Z3,31,9,720,14088.0,0.051097,275710.902793,276232.0,1.0,2,27.905944,231530.779971,231530.779971,5643899.3837885,15706677.909737702,875144.3861567,16770994.3782627,117398779.6377547,50,0,3
Z3,32,9,720,15104.0,0.051041,295918.967105,296152.0,1.0,2,27.905944,235572.392833,235572.392833,5643899.3837885,15706677.909737702,875144.3861567,16770994.3782627,117398779.6377547,50,0,3
Z3,33,9,720,11784.0,0.050955,231262.879011,235680.0,1.0,2,27.905944,222641.175214,222641.175214,5643899.3837885,15706677.909737702,875144.3861567,16770994.3782627,117398779.6377547,50,0,3
Z3,34,9,720,18496.0,0.051021,362517.394798,362664.0,1.0,2,27.905944,248892.078372,248892.078372,5643899.3837885,15706677.909737702,875144.3861567,16770994.3782627,117398779.6377547,50,0,3
Z3,35,9,720,22376.0,0.051099,437895.06644,438744.0,1.0,2,27.905944,263967.6127,263967.6127,5643899.3837885,15706677.909737702,875144.3861567,16770994.3782627,117398779.6377547,50,0,3
Z3,36,9,720,8792.0,0.303454,28973.089826,29016.0,1.0,2,27.905944,182183.217377,182183.217377,5643899.3837885,15706677.909737702,875144.3861567,16770994.3782627,117398779.6377547,50,0,3
Z3,37,9,720,19464.0,0.051186,380260.227406,381640.0,1.0,2,27.905944,252440.644894,252440.644894,5643899.3837885,15706677.909737702,875144.3861567,16770994.3782627,117398779.6377547,50,0,3
Z3,38,9,720,20360.0,0.12881,158062.262247,159056.0,1.0,2,27.905944,208001.051862,208001.051862,5643899.3837885,15706677.909737702,875144.3861567,16770994.3782627,117398779.6377547,50,0,3
Z1,0,10,720,35840.0,0.172895,207293.443998,208368.0,1.0,2,32.116491,198956.194284,198956.194284,5643899.3837885,15706677.909737702,875144.3861567,16770994.3782627,117398779.6377547,50,0,3
Z2,0,10,720,6624.0,0.251127,26377.092069,26384.0,1.0,2,32.116491,162772.923898,162772.923898,5643899.3837885,15706677.909737702,875144.3861567,16770994.3782627,117398779.6377547,50,0,3
Z2,1,10,720,7008.0,0.050985,137452.191821,140160.0,1.0,2,32.116491,184987.943849,184987.943849,5643899.3837885,15706677.909737702,875144.3861567,16770994.3782627,117398779.6377547,50,0,3
Z2,2,10,720,7480.0,0.050969,146755.871216,149600.0,1.0,2,32.116491,186848.679728,186848.679728,5643899.3837885,15706677.909737702,875144.3861567,16770994.3782627,117398779.6377547,50,0,3
Z2,3,10,720,7832.0,0.050961,153686.152156,156640.0,1.0,2,32.116491,188234.735916,188234.735916,5643899.3837885,15706677.909737702,875144.3861567,16770994.3782627,117398779.6377547,50,0,3
Z2,4,10,720,29728.0,0.370906,80149.687522,80344.0,1.0,2,32.116491,173527.442989,173527.442989,5643899.3837885,15706677.909737702,875144.3861567,16770994.3782627,117398779.6377547,50,0,3
Z2,5,10,720,35136.0,0.051077,687902.57846,688936.0,1.0,2,32.116491,295078.021176,295078.021176,5643899.3837885,15706677.909737702,875144.3861567,16770994.3782627,117398779.6377547,50,0,3
Z2,6,10,720,23040.0,0.05107,451145.486587,451760.0,1.0,2,32.116491,247726.602802,247726.602802,5643899.3837885,15706677.909737702,875144.3861567,16770994.3782627,117398779.6377547,50,0,3
Z2,7,10,720,35840.0,0.051067,701823.09515,702744.0,1.0,2,32.116491,297862.124514,297862.124514,5643899.3837885,15706677.909737702,875144.3861567,16770994.3782627,117398779.6377547,50,0,3
Z3,0,10,720,6840.0,0.174208,39263.409258,39304.0,1.0,2,32.116491,165350.187336,165350.187336,5643899.3837885,15706677.909737702,875144.3861567,16770994.3782627,117398779.6377547,50,0,3
Z3,1,10,720,22064.0,0.051134,431493.722377,432624.0,1.0,2,32.116491,243796.24996,243796.24996,5643899.3837885,15706677.909737702,875144.3861567,16770994.3782627,117398779.6377547,50,0,3
Z3,2,10,720,15312.0,0.051088,299718.133417,300232.0,1.0,2,32.116491,217441.132168,217441.132168,5643899.3837885,15706677.909737702,875144.3861567,16770994.3782627,117398779.6377547,50,0,3
Z3,3,10,720,7752.0,0.051035,151895.757813,152000.0,1.0,2,32.116491,187876.657047,187876.657047,5643899.3837885,15706677.909737702,875144.3861567,16770994.3782627,117398779.6377547,50,0,3
Z3,4,10,720,11432.0,0.050981,224240.403287,228640.0,1.0,2,32.116491,202345.586142,202345.586142,5643899.3837885,15706677.909737702,875144.3861567,16770994.3782627,117398779.6377547,50,0,3
Z3,5,10,720,17232.0,0.050972,338067.958879,344640.0,1.0,2,32.116491,225111.09726,225111.09726,5643899.3837885,15706677.909737702,875144.3861567,16770994.3782627,117398779.6377547,50,0,3
Z3,6,10,720,23328.0,0.051059,456883.213537,457408.0,1.0,2,32.116491,248874.148192,248874.148192,5643899.3837885,15706677.909737702,875144.3861567,16770994.3782627,117398779.6377547,50,0,3
Z3,7,10,720,18496.0,0.050811,364015.665899,369920.0,1.0,2,32.116491,230300.638664,230300.638664,5643899.3837885,15706677.909737702,875144.3861567,16770994.3782627,117398779.6377547,50,0,3
Z3,8,10,720,7968.0,0.050894,156560.694777,159360.0,1.0,2,32.116491,188809.64444,188809.64444,5643899.3837885,15706677.909737702,875144.3861567,16770994.3782627,117398779.6377547,50,0,3
Z3,9,10,720,19568.0,0.051026,383490.769412,383680.0,1.0,2,32.116491,234195.659367,234195.659367,5643899.3837885,15706677.909737702,875144.3861567,16770994.3782627,117398779.6377547,50,0,3
Z3,10,10,720,36064.0,0.051084,705974.473416,707136.0,1.0,2,32.116491,298692.400168,298692.400168,5643899.3837885,15706677.909737702,875144.3861567,16770994.3782627,117398779.6377547,50,0,3
Z3,11,10,720,29248.0,0.178685,163684.696533,164312.0,1.0,2,32.116491,190234.444791,190234.444791,5643899.3837885,15706677.909737702,875144.3861567,16770994.3782627,117398779.6377547,50,0,3
Z3,12,10,720,24216.0,0.051034,474507.191284,474816.0,1.0,2,32.116491,252398.943741,252398.943741,5643899.3837885,15706677.909737702,875144.3861567,16770994.3782627,117398779.6377547,50,0,3
Z3,13,10,720,54424.0,0.264882,205465.075015,206144.0,1.0,2,32.116491,198590.520487,198590.520487,5643899.3837885,15706677.909737702,875144.3861567,16770994.3782627,117398779.6377547,50,0,3
Z3,14,10,720,56832.0,0.101731,558649.772439,562688.0,1.0,2,32.116491,269227.459972,269227.459972,5643899.3837885,15706677.909737702,875144.3861567,16770994.3782627,117398779.6377547,50,0,3
Z3,15,10,720,29576.0,0.051035,579523.856177,579920.0,1.0,2,32.116491,273402.27672,273402.27672,5643899.3837885,15706677.909737702,875144.3861567,16770994.3782627,117398779.6377547,50,0,3
Z3,16,10,720,52328.0,0.051146,1023110.311657,1026032.0,1.0,2,32.116491,362119.567816,362119.567816,5643899.3837885,15706677.909737702,875144.3861567,16770994.3782627,117398779.6377547,50,0,3
Z3,17,10,720,52840.0,0.051111,1033828.334409,1036072.0,1.0,2,32.116491,364263.172366,364263.172366,5643899.3837885,15706677.909737702,875144.3861567,16770994.3782627,117398779.6377547,50,0,3
Z3,18,10,720,23160.0,0.051001,454108.742966,454112.0,1.0,2,32.116491,248319.254078,248319.254078,5643899.3837885,15706677.909737702,875144.3861567,16770994.3782627,117398779.6377547,50,0,3
Z3,19,10,720,77048.0,0.101829,756641.035461,762848.0,1.0,2,32.116491,308825.712577,308825.712577,5643899.3837885,15706677.909737702,875144.3861567,16770994.3782627,117398779.6377547,50,0,3
Z3,20,10,720,68968.0,0.051215,1346636.727521,1352312.0,1.0,2,32.116491,426824.850989,426824.850989,5643899.3837885,15706677.909737702,875144.3861567,16770994.3782627,117398779.6377547,50,0,3
Z3,21,10,720,52224.0,0.051144,1021116.846551,1024000.0,1.0,2,32.116491,361720.874795,361720.874795,5643899.3837885,15706677.909737702,875144.3861567,16770994.3782627,117398779.6377547,50,0,3
Z3,22,10,720,76384.0,0.101754,750673.192209,756272.0,1.0,2,32.116491,307632.143926,307632.143926,5643899.3837885,15706677.909737702,875144.3861567,16770994.3782627,117398779.6377547,50,0,3
Z3,23,10,720,57512.0,0.051167,1124005.706803,1127680.0,1.0,2,32.116491,382298.646845,382298.646845,5643899.3837885,15706677.909737702,875144.3861567,16770994.3782627,117398779.6377547,50,0,3
Z3,24,10,720,35600.0,0.051083,696905.036901,698032.0,1.0,2,32.116491,296878.512865,296878.512865,5643899.3837885,15706677.909737702,875144.3861567,16770994.3782627,117398779.6377547,50,0,3
Z3,25,10,720,72816.0,0.051352,1417977.878174,1427760.0,1.0,2,32.116491,441093.081119,441093.081119,5643899.3837885,15706677.909737702,875144.3861567,16770994.3782627,117398779.6377547,50,0,3
Z3,26,10,720,93600.0,0.101978,917845.025398,926728.0,1.0,2,32.116491,341066.510564,341066.510564,5643899.3837885,15706677.909737702,875144.3861567,16770994.3782627,117398779.6377547,50,0,3
Z3,27,10,720,43888.0,0.051017,860262.265519,860544.0,1.0,2,32.116491,329549.958588,329549.958588,5643899.3837885,15706677.909737702,875144.3861567,16770994.3782627,117398779.6377547,50,0,3
Z3,28,10,720,13072.0,0.050982,256404.221098,261440.0,1.0,2,32.116491,208778.349704,208778.349704,5643899.3837885,15706677.909737702,875144.3861567,16770994.3782627,117398779.6377547,50,0,3
Z3,29,10,720,20608.0,0.051043,403738.024803,404072.0,1.0,2,32.116491,238245.110445,238245.110445,5643899.3837885,15706677.909737702,875144.3861567,16770994.3782627,117398779.6377547,50,0,3
Z3,30,10,720,22584.0,0.050938,443362.519141,451680.0,1.0,2,32.116491,246170.009313,246170.009313,5643899.3837885,15706677.909737702,875144.3861567,16770994.3782627,117398779.6377547,50,0,3
Z3,31,10,720,14712.0,0.051015,288385.768892,288464.0,1.0,2,32.116491,215174.659263,215174.659263,5643899.3837885,15706677.909737702,875144.3861567,16770994.3782627,117398779.6377547,50,0,3
Z3,32,10,720,20512.0,0.050998,402211.851445,410240.0,1.0,2,32.116491,237939.875773,237939.875773,5643899.3837885,15706677.909737702,875144.3861567,16770994.3782627,117398779.6377547,50,0,3
Z3,33,10,720,17992.0,0.051047,352459.49811,352784.0,1.0,2,32.116491,227989.405106,227989.405106,5643899.3837885,15706677.909737702,875144.3861567,16770994.3782627,117398779.6377547,50,0,3
Z3,34,10,720,11464.0,0.051019,224700.601737,224784.0,1.0,2,32.116491,202437.625832,202437.625832,5643899.3837885,15706677.909737702,875144.3861567,16770994.3782627,117398779.6377547,50,0,3
Z3,35,10,720,22376.0,0.051116,437749.432663,438744.0,1.0,2,32.116491,245047.392017,245047.392017,5643899.3837885,15706677.909737702,875144.3861567,16770994.3782627,117398779.6377547,50,0,3
Z3,36,10,720,29088.0,0.051129,568913.923605,570352.0,1.0,2,32.116491,271280.290205,271280.290205,5643899.3837885,15706677.909737702,875144.3861567,16770994.3782627,117398779.6377547,50,0,3
Z3,37,10,720,17936.0,0.051036,351438.200486,351680.0,1.0,2,32.116491,227785.145582,227785.145582,5643899.3837885,15706677.909737702,875144.3861567,16770994.3782627,117398779.6377547,50,0,3
Z3,38,10,720,24920.0,0.051034,488301.916369,488624.0,1.0,2,32.116491,255157.888758,255157.888758,5643899.3837885,15706677.909737702,875144.3861567,16770994.3782627,117398779.6377547,50,0,3
