Zone, Tile_no, Seg_no, Reso, Seg_d_size, Seg_d_time, Bitrate, Bitrate1, Buf_lev, Buf_limit, Elapsed, Ref_vp, Local_avg
Z1, 0, 1, 720, 9960.000000, 0.173270, 57482.541698, 57568.000000, 1.000000, 2, 0.000061, 57482.541698, 57482.541698
Z2, 0, 1, 720, 8952.000000, 0.174660, 51253.864651, 51448.000000, 1.000000, 2, 0.000061, 25626.932326, 25626.932326
Z2, 1, 1, 720, 5424.000000, 0.050937, 106484.480829, 108480.000000, 1.000000, 2, 0.000061, 35494.826943, 35494.826943
Z2, 2, 1, 720, 7080.000000, 0.050923, 139033.442649, 141600.000000, 1.000000, 2, 0.000061, 34758.360662, 34758.360662
Z2, 3, 1, 720, 18976.000000, 0.050990, 372151.402236, 379520.000000, 1.000000, 2, 0.000061, 74430.280447, 74430.280447
Z2, 4, 1, 720, 8720.000000, 0.050891, 171346.603525, 174400.000000, 1.000000, 2, 0.000061, 34269.320705, 34269.320705
Z2, 5, 1, 720, 8336.000000, 0.050952, 163604.961532, 166720.000000, 1.000000, 2, 0.000061, 32720.992306, 32720.992306
Z2, 6, 1, 720, 6376.000000, 0.050854, 125378.534629, 127520.000000, 1.000000, 2, 0.000061, 25075.706926, 25075.706926
Z2, 7, 1, 720, 6872.000000, 0.050977, 134805.892854, 137440.000000, 1.000000, 2, 0.000061, 26961.178571, 26961.178571
Z3, 0, 1, 720, 7080.000000, 0.173812, 40733.666260, 40920.000000, 1.000000, 2, 0.000061, 8146.733252, 8146.733252
Z3, 1, 1, 720, 7080.000000, 0.054544, 129803.461426, 131104.000000, 1.000000, 2, 0.000061, 25960.692285, 25960.692285
Z3, 2, 1, 720, 5664.000000, 0.050911, 111252.970871, 113280.000000, 1.000000, 2, 0.000061, 22250.594174, 22250.594174
Z3, 3, 1, 720, 7080.000000, 0.051050, 138687.561214, 138816.000000, 1.000000, 2, 0.000061, 27737.512243, 27737.512243
Z3, 4, 1, 720, 7080.000000, 0.050911, 139066.213588, 141600.000000, 1.000000, 2, 0.000061, 27813.242718, 27813.242718
Z3, 5, 1, 720, 5664.000000, 0.050913, 111248.600554, 113280.000000, 1.000000, 2, 0.000061, 22249.720111, 22249.720111
Z3, 6, 1, 720, 7080.000000, 0.050996, 138834.418386, 141600.000000, 1.000000, 2, 0.000061, 27766.883677, 27766.883677
Z3, 7, 1, 720, 7080.000000, 0.050953, 138951.582831, 141600.000000, 1.000000, 2, 0.000061, 27790.316566, 27790.316566
Z3, 8, 1, 720, 5664.000000, 0.050998, 111063.178948, 113280.000000, 1.000000, 2, 0.000061, 22212.635790, 22212.635790
Z3, 9, 1, 720, 7080.000000, 0.051000, 138823.529412, 138816.000000, 1.000000, 2, 0.000061, 27764.705882, 27764.705882
Z3, 10, 1, 720, 12904.000000, 0.051055, 252747.037509, 253016.000000, 1.000000, 2, 0.000061, 50549.407502, 50549.407502
Z3, 11, 1, 720, 17344.000000, 0.051080, 339545.810493, 340072.000000, 1.000000, 2, 0.000061, 67909.162099, 67909.162099
Z3, 12, 1, 720, 16912.000000, 0.051110, 330894.149873, 331600.000000, 1.000000, 2, 0.000061, 66178.829975, 66178.829975
Z3, 13, 1, 720, 13240.000000, 0.051043, 259389.142488, 259600.000000, 1.000000, 2, 0.000061, 51877.828498, 51877.828498
Z3, 14, 1, 720, 28328.000000, 0.051239, 552860.126076, 555448.000000, 1.000000, 2, 0.000061, 110572.025215, 110572.025215
Z3, 15, 1, 720, 30528.000000, 0.051084, 597603.946441, 598584.000000, 1.000000, 2, 0.000061, 119520.789288, 119520.789288
Z3, 16, 1, 720, 16360.000000, 0.051092, 320206.685978, 320784.000000, 1.000000, 2, 0.000061, 64041.337196, 64041.337196
Z3, 17, 1, 720, 33216.000000, 0.051175, 649066.927211, 651288.000000, 1.000000, 2, 0.000061, 129813.385442, 129813.385442
Z3, 18, 1, 720, 28000.000000, 0.054057, 517971.770539, 518512.000000, 1.000000, 2, 0.000061, 103594.354108, 103594.354108
Z3, 19, 1, 720, 15744.000000, 0.051157, 307758.469027, 308704.000000, 1.000000, 2, 0.000061, 61551.693805, 61551.693805
Z3, 20, 1, 720, 16024.000000, 0.051059, 313833.016706, 314192.000000, 1.000000, 2, 0.000061, 62766.603341, 62766.603341
Z3, 21, 1, 720, 11576.000000, 0.051149, 226319.185126, 226976.000000, 1.000000, 2, 0.000061, 45263.837025, 45263.837025
Z3, 22, 1, 720, 10816.000000, 0.050959, 212249.062972, 216320.000000, 1.000000, 2, 0.000061, 42449.812594, 42449.812594
Z3, 23, 1, 720, 13224.000000, 0.050899, 259808.640641, 264480.000000, 1.000000, 2, 0.000061, 51961.728128, 51961.728128
Z3, 24, 1, 720, 17528.000000, 0.051025, 343517.883390, 343680.000000, 1.000000, 2, 0.000061, 68703.576678, 68703.576678
Z3, 25, 1, 720, 23824.000000, 0.051315, 464269.706713, 467136.000000, 1.000000, 2, 0.000061, 92853.941343, 92853.941343
Z3, 26, 1, 720, 11024.000000, 0.050962, 216318.040893, 220480.000000, 1.000000, 2, 0.000061, 43263.608179, 43263.608179
Z3, 27, 1, 720, 15112.000000, 0.051041, 296075.703846, 296312.000000, 1.000000, 2, 0.000061, 59215.140769, 59215.140769
Z3, 28, 1, 720, 24552.000000, 0.050956, 481827.458984, 491040.000000, 1.000000, 2, 0.000061, 96365.491797, 96365.491797
Z3, 29, 1, 720, 10824.000000, 0.050923, 212556.212321, 216480.000000, 1.000000, 2, 0.000061, 42511.242464, 42511.242464
Z3, 30, 1, 720, 6872.000000, 0.050887, 135044.313872, 137440.000000, 1.000000, 2, 0.000061, 27008.862774, 27008.862774
Z3, 31, 1, 720, 6872.000000, 0.050799, 135278.253509, 137440.000000, 1.000000, 2, 0.000061, 27055.650702, 27055.650702
Z3, 32, 1, 720, 6376.000000, 0.050828, 125442.669395, 127520.000000, 1.000000, 2, 0.000061, 25088.533879, 25088.533879
Z3, 33, 1, 720, 6872.000000, 0.310079, 22162.094176, 22160.000000, 1.000000, 2, 0.000061, 4432.418835, 4432.418835
Z3, 34, 1, 720, 6872.000000, 0.050980, 134797.959984, 137440.000000, 1.000000, 2, 0.000061, 26959.591997, 26959.591997
Z3, 35, 1, 720, 6376.000000, 0.050944, 125157.035176, 127520.000000, 1.000000, 2, 0.000061, 25031.407035, 25031.407035
Z3, 36, 1, 720, 6872.000000, 0.050914, 134972.699061, 137440.000000, 1.000000, 2, 0.000061, 26994.539812, 26994.539812
Z3, 37, 1, 720, 6872.000000, 0.050999, 134747.740152, 137440.000000, 1.000000, 2, 0.000061, 26949.548030, 26949.548030
Z3, 38, 1, 720, 6376.000000, 0.051029, 124948.558663, 125016.000000, 1.000000, 2, 0.000061, 24989.711733, 24989.711733
Z1, 0, 2, 720, 9320.000000, 0.171875, 54225.454545, 54496.000000, 1.000000, 2, 3.089031, 35834.802642, 35834.802642
Z2, 0, 2, 720, 6624.000000, 0.173663, 38142.839868, 38288.000000, 1.000000, 2, 3.089031, 32618.279706, 32618.279706
Z2, 1, 2, 720, 5424.000000, 0.050930, 106499.116434, 108480.000000, 1.000000, 2, 3.089031, 46289.535019, 46289.535019
Z2, 2, 2, 720, 7080.000000, 0.050987, 138858.924824, 141600.000000, 1.000000, 2, 3.089031, 52761.496697, 52761.496697
Z2, 3, 2, 720, 18392.000000, 0.215853, 85206.135657, 85544.000000, 1.000000, 2, 3.089031, 42030.938864, 42030.938864
Z2, 4, 2, 720, 9160.000000, 0.051051, 179428.414723, 179600.000000, 1.000000, 2, 3.089031, 60875.394677, 60875.394677
Z2, 5, 2, 720, 8048.000000, 0.051030, 157711.150304, 157800.000000, 1.000000, 2, 3.089031, 56531.941793, 56531.941793
Z2, 6, 2, 720, 6376.000000, 0.050942, 125161.948883, 127520.000000, 1.000000, 2, 3.089031, 50022.101509, 50022.101509
Z2, 7, 2, 720, 6872.000000, 0.051002, 134739.814125, 134744.000000, 1.000000, 2, 3.089031, 51937.674558, 51937.674558
Z3, 0, 2, 720, 7080.000000, 0.172933, 40940.711142, 41160.000000, 1.000000, 2, 3.089031, 33177.853961, 33177.853961
Z3, 1, 2, 720, 7080.000000, 0.050976, 138888.888889, 141600.000000, 1.000000, 2, 3.089031, 52767.489510, 52767.489510
Z3, 2, 2, 720, 5664.000000, 0.051008, 111041.405270, 111056.000000, 1.000000, 2, 3.089031, 47197.992786, 47197.992786
Z3, 3, 2, 720, 7080.000000, 0.051024, 138758.231421, 138816.000000, 1.000000, 2, 3.089031, 52741.358017, 52741.358017
Z3, 4, 2, 720, 7080.000000, 0.050996, 138834.418386, 141600.000000, 1.000000, 2, 3.089031, 52756.595410, 52756.595410
Z3, 5, 2, 720, 5664.000000, 0.050927, 111218.017947, 113280.000000, 1.000000, 2, 3.089031, 47233.315322, 47233.315322
Z3, 6, 2, 720, 7080.000000, 0.050923, 139033.442649, 141600.000000, 1.000000, 2, 3.089031, 52796.400262, 52796.400262
Z3, 7, 2, 720, 7080.000000, 0.050915, 139055.288225, 141600.000000, 1.000000, 2, 3.089031, 52800.769378, 52800.769378
Z3, 8, 2, 720, 5664.000000, 0.050933, 111204.916263, 113280.000000, 1.000000, 2, 3.089031, 47230.694985, 47230.694985
Z3, 9, 2, 720, 7080.000000, 0.050917, 139049.826188, 141600.000000, 1.000000, 2, 3.089031, 52799.676970, 52799.676970
Z3, 10, 2, 720, 12648.000000, 0.050973, 248131.363663, 252960.000000, 1.000000, 2, 3.089031, 74615.984465, 74615.984465
Z3, 11, 2, 720, 17112.000000, 0.050958, 335805.957848, 342240.000000, 1.000000, 2, 3.089031, 92150.903302, 92150.903302
Z3, 12, 2, 720, 15320.000000, 0.050934, 300781.403385, 306400.000000, 1.000000, 2, 3.089031, 85145.992409, 85145.992409
Z3, 13, 2, 720, 10704.000000, 0.050916, 210228.611831, 214080.000000, 1.000000, 2, 3.089031, 67035.434099, 67035.434099
Z3, 14, 2, 720, 18776.000000, 0.051018, 368026.970873, 368152.000000, 1.000000, 2, 3.089031, 98595.105907, 98595.105907
Z3, 15, 2, 720, 21848.000000, 0.050999, 428400.556874, 436960.000000, 1.000000, 2, 3.089031, 110669.823107, 110669.823107
Z3, 16, 2, 720, 12752.000000, 0.050989, 250093.157348, 255040.000000, 1.000000, 2, 3.089031, 75008.343202, 75008.343202
Z3, 17, 2, 720, 21856.000000, 0.051017, 428406.217535, 428544.000000, 1.000000, 2, 3.089031, 110670.955240, 110670.955240
Z3, 18, 2, 720, 16880.000000, 0.051014, 330889.559729, 330976.000000, 1.000000, 2, 3.089031, 91167.623678, 91167.623678
Z3, 19, 2, 720, 12128.000000, 0.050975, 237920.549289, 242560.000000, 1.000000, 2, 3.089031, 72573.821590, 72573.821590
Z3, 20, 2, 720, 15344.000000, 0.050935, 301246.686954, 306880.000000, 1.000000, 2, 3.089031, 85239.049123, 85239.049123
Z3, 21, 2, 720, 11592.000000, 0.050941, 227557.370291, 231840.000000, 1.000000, 2, 3.089031, 70501.185791, 70501.185791
Z3, 22, 2, 720, 9952.000000, 0.050956, 195305.753984, 199040.000000, 1.000000, 2, 3.089031, 64050.862529, 64050.862529
Z3, 23, 2, 720, 11064.000000, 0.050922, 217273.477083, 221280.000000, 1.000000, 2, 3.089031, 68444.407149, 68444.407149
Z3, 24, 2, 720, 14728.000000, 0.050891, 289402.841367, 294560.000000, 1.000000, 2, 3.089031, 82870.280006, 82870.280006
Z3, 25, 2, 720, 16264.000000, 0.050945, 319246.245952, 325280.000000, 1.000000, 2, 3.089031, 88838.960923, 88838.960923
Z3, 26, 2, 720, 9504.000000, 0.050932, 186601.743501, 190080.000000, 1.000000, 2, 3.089031, 62310.060433, 62310.060433
Z3, 27, 2, 720, 12688.000000, 0.050931, 249121.360272, 253760.000000, 1.000000, 2, 3.089031, 74813.983787, 74813.983787
Z3, 28, 2, 720, 17320.000000, 0.050896, 340301.791889, 346400.000000, 1.000000, 2, 3.089031, 93050.070110, 93050.070110
Z3, 29, 2, 720, 10632.000000, 0.050888, 208929.413614, 212640.000000, 1.000000, 2, 3.089031, 66775.594455, 66775.594455
Z3, 30, 2, 720, 6872.000000, 0.050835, 135182.453034, 137440.000000, 1.000000, 2, 3.089031, 52026.202339, 52026.202339
Z3, 31, 2, 720, 6872.000000, 0.050855, 135129.289155, 137440.000000, 1.000000, 2, 3.089031, 52015.569564, 52015.569564
Z3, 32, 2, 720, 6376.000000, 0.050837, 125420.461475, 127520.000000, 1.000000, 2, 3.089031, 50073.804028, 50073.804028
Z3, 33, 2, 720, 6872.000000, 0.050810, 135248.966739, 137440.000000, 1.000000, 2, 3.089031, 52039.505080, 52039.505080
Z3, 34, 2, 720, 6872.000000, 0.050797, 135283.579739, 137440.000000, 1.000000, 2, 3.089031, 52046.427680, 52046.427680
Z3, 35, 2, 720, 6376.000000, 0.050861, 125361.278779, 127520.000000, 1.000000, 2, 3.089031, 50061.967488, 50061.967488
Z3, 36, 2, 720, 6872.000000, 0.050849, 135145.233928, 137440.000000, 1.000000, 2, 3.089031, 52018.758518, 52018.758518
Z3, 37, 2, 720, 6872.000000, 0.050858, 135121.318180, 137440.000000, 1.000000, 2, 3.089031, 52013.975369, 52013.975369
Z3, 38, 2, 720, 6376.000000, 0.050837, 125420.461475, 127520.000000, 1.000000, 2, 3.089031, 50073.804028, 50073.804028
Z1, 0, 3, 720, 9896.000000, 0.337843, 29291.712423, 29360.000000, 1.000000, 2, 6.071674, 55932.146512, 55932.146512
Z2, 0, 3, 720, 6624.000000, 0.173129, 38260.487844, 38288.000000, 1.000000, 2, 6.071674, 57725.901596, 57725.901596
Z2, 1, 3, 720, 5424.000000, 0.050990, 106373.798784, 108480.000000, 1.000000, 2, 6.071674, 71348.563784, 71348.563784
Z2, 2, 3, 720, 7080.000000, 0.050990, 138850.755050, 141600.000000, 1.000000, 2, 6.071674, 77843.955038, 77843.955038
Z2, 3, 3, 720, 18632.000000, 0.051013, 365240.232882, 365328.000000, 1.000000, 2, 6.071674, 123121.850604, 123121.850604
Z2, 4, 3, 720, 9664.000000, 0.050843, 190075.329937, 193280.000000, 1.000000, 2, 6.071674, 88088.870015, 88088.870015
Z2, 5, 3, 720, 8424.000000, 0.050826, 165741.943100, 168480.000000, 1.000000, 2, 6.071674, 83222.192648, 83222.192648
Z2, 6, 3, 720, 6376.000000, 0.050948, 125147.208919, 127520.000000, 1.000000, 2, 6.071674, 75103.245811, 75103.245811
Z2, 7, 3, 720, 6872.000000, 0.050939, 134906.456742, 137440.000000, 1.000000, 2, 6.071674, 77055.095376, 77055.095376
Z3, 0, 3, 720, 7080.000000, 1.285106, 5509.273165, 5504.000000, 1.000000, 2, 6.071674, 51175.658661, 51175.658661
Z3, 1, 3, 720, 7080.000000, 0.050939, 138989.772080, 141600.000000, 1.000000, 2, 6.071674, 77871.758444, 77871.758444
Z3, 2, 3, 720, 5664.000000, 0.050853, 111379.859595, 113280.000000, 1.000000, 2, 6.071674, 72349.775947, 72349.775947
Z3, 3, 3, 720, 7080.000000, 0.050867, 139186.505986, 141600.000000, 1.000000, 2, 6.071674, 77911.105225, 77911.105225
Z3, 4, 3, 720, 7080.000000, 0.050948, 138965.219439, 141600.000000, 1.000000, 2, 6.071674, 77866.847915, 77866.847915
Z3, 5, 3, 720, 5664.000000, 0.050909, 111257.341531, 113280.000000, 1.000000, 2, 6.071674, 72325.272334, 72325.272334
Z3, 6, 3, 720, 7080.000000, 0.050940, 138987.043581, 141600.000000, 1.000000, 2, 6.071674, 77871.212744, 77871.212744
Z3, 7, 3, 720, 7080.000000, 0.050941, 138984.315188, 141600.000000, 1.000000, 2, 6.071674, 77870.667065, 77870.667065
Z3, 8, 3, 720, 5664.000000, 0.050882, 111316.379073, 113280.000000, 1.000000, 2, 6.071674, 72337.079842, 72337.079842
Z3, 9, 3, 720, 7080.000000, 0.050890, 139123.599921, 141600.000000, 1.000000, 2, 6.071674, 77898.524012, 77898.524012
Z3, 10, 3, 720, 14120.000000, 0.051016, 276775.913439, 276856.000000, 1.000000, 2, 6.071674, 105428.986715, 105428.986715
Z3, 11, 3, 720, 17536.000000, 0.051007, 343795.949576, 343840.000000, 1.000000, 2, 6.071674, 118832.993943, 118832.993943
Z3, 12, 3, 720, 16008.000000, 0.050966, 314091.747439, 320160.000000, 1.000000, 2, 6.071674, 112892.153515, 112892.153515
Z3, 13, 3, 720, 10896.000000, 0.050931, 213936.502327, 217920.000000, 1.000000, 2, 6.071674, 92861.104493, 92861.104493
Z3, 14, 3, 720, 19720.000000, 0.051019, 386522.668026, 386664.000000, 1.000000, 2, 6.071674, 127378.337633, 127378.337633
Z3, 15, 3, 720, 20104.000000, 0.051090, 393501.663731, 394192.000000, 1.000000, 2, 6.071674, 128774.136774, 128774.136774
Z3, 16, 3, 720, 12504.000000, 0.217437, 57506.312173, 57616.000000, 1.000000, 2, 6.071674, 61575.066462, 61575.066462
Z3, 17, 3, 720, 23072.000000, 0.101439, 227447.037136, 228432.000000, 1.000000, 2, 6.071674, 95563.211455, 95563.211455
Z3, 18, 3, 720, 18112.000000, 0.051009, 355074.594679, 355136.000000, 1.000000, 2, 6.071674, 121088.722963, 121088.722963
Z3, 19, 3, 720, 12544.000000, 0.050896, 246463.376297, 250880.000000, 1.000000, 2, 6.071674, 99366.479287, 99366.479287
Z3, 20, 3, 720, 15304.000000, 0.050814, 301176.841028, 306080.000000, 1.000000, 2, 6.071674, 110309.172233, 110309.172233
Z3, 21, 3, 720, 12280.000000, 0.050902, 241247.888099, 245600.000000, 1.000000, 2, 6.071674, 98323.381647, 98323.381647
Z3, 22, 3, 720, 10368.000000, 0.051064, 203039.323202, 203288.000000, 1.000000, 2, 6.071674, 90681.668668, 90681.668668
Z3, 23, 3, 720, 10520.000000, 0.055445, 189737.577780, 191272.000000, 1.000000, 2, 6.071674, 88021.319583, 88021.319583
Z3, 24, 3, 720, 15288.000000, 0.050897, 300371.338193, 305760.000000, 1.000000, 2, 6.071674, 110148.071666, 110148.071666
Z3, 25, 3, 720, 16344.000000, 0.051211, 319150.182578, 320464.000000, 1.000000, 2, 6.071674, 113903.840543, 113903.840543
Z3, 26, 3, 720, 9016.000000, 0.051024, 176701.160238, 176784.000000, 1.000000, 2, 6.071674, 85414.036075, 85414.036075
Z3, 27, 3, 720, 13800.000000, 0.050814, 271578.698784, 276000.000000, 1.000000, 2, 6.071674, 104389.543784, 104389.543784
Z3, 28, 3, 720, 17664.000000, 0.050895, 347067.491895, 353280.000000, 1.000000, 2, 6.071674, 119487.302407, 119487.302407
Z3, 29, 3, 720, 10240.000000, 0.050981, 200859.143603, 204800.000000, 1.000000, 2, 6.071674, 90245.632748, 90245.632748
Z3, 30, 3, 720, 6872.000000, 0.050937, 134911.753735, 137440.000000, 1.000000, 2, 6.071674, 77056.154775, 77056.154775
Z3, 31, 3, 720, 6872.000000, 0.050915, 134970.048119, 137440.000000, 1.000000, 2, 6.071674, 77067.813651, 77067.813651
Z3, 32, 3, 720, 6376.000000, 0.050945, 125154.578467, 127520.000000, 1.000000, 2, 6.071674, 75104.719721, 75104.719721
Z3, 33, 3, 720, 6872.000000, 0.050858, 135121.318180, 137440.000000, 1.000000, 2, 6.071674, 77098.067664, 77098.067664
Z3, 34, 3, 720, 6872.000000, 0.050936, 134914.402387, 137440.000000, 1.000000, 2, 6.071674, 77056.684505, 77056.684505
Z3, 35, 3, 720, 6376.000000, 0.050917, 125223.402793, 127520.000000, 1.000000, 2, 6.071674, 75118.484586, 75118.484586
Z3, 36, 3, 720, 6872.000000, 0.050939, 134906.456742, 137440.000000, 1.000000, 2, 6.071674, 77055.095376, 77055.095376
Z3, 37, 3, 720, 6872.000000, 0.050896, 135020.433826, 137440.000000, 1.000000, 2, 6.071674, 77077.890793, 77077.890793
Z3, 38, 3, 720, 6376.000000, 0.050884, 125304.614417, 127520.000000, 1.000000, 2, 6.071674, 75134.726911, 75134.726911
Z1, 0, 4, 720, 22592.000000, 0.172192, 131202.378740, 131344.000000, 1.000000, 2, 10.388847, 101375.202659, 101375.202659
Z2, 0, 4, 720, 6624.000000, 0.172810, 38331.115098, 38504.000000, 1.000000, 2, 10.388847, 82800.949930, 82800.949930
Z2, 1, 4, 720, 6648.000000, 0.051040, 130250.783699, 130352.000000, 1.000000, 2, 10.388847, 101184.883651, 101184.883651
Z2, 2, 4, 720, 7200.000000, 0.050968, 141265.107518, 144000.000000, 1.000000, 2, 10.388847, 103387.748415, 103387.748415
Z2, 3, 4, 720, 7296.000000, 0.051018, 143008.349994, 143056.000000, 1.000000, 2, 10.388847, 103736.396910, 103736.396910
Z2, 4, 4, 720, 17272.000000, 0.051084, 338109.779970, 338664.000000, 1.000000, 2, 10.388847, 142756.682905, 142756.682905
Z2, 5, 4, 720, 26240.000000, 0.051060, 513905.209557, 514504.000000, 1.000000, 2, 10.388847, 177915.768822, 177915.768822
Z2, 6, 4, 720, 12720.000000, 0.050973, 249543.876170, 254400.000000, 1.000000, 2, 10.388847, 125043.502145, 125043.502145
Z2, 7, 4, 720, 11496.000000, 0.050879, 225947.837025, 229920.000000, 1.000000, 2, 10.388847, 120324.294316, 120324.294316
Z3, 0, 4, 720, 6448.000000, 0.590997, 10910.376872, 10928.000000, 1.000000, 2, 10.388847, 77316.802285, 77316.802285
Z3, 1, 4, 720, 7448.000000, 0.050960, 146153.846154, 148960.000000, 1.000000, 2, 10.388847, 104365.496142, 104365.496142
Z3, 2, 4, 720, 7424.000000, 0.050941, 145737.225418, 148480.000000, 1.000000, 2, 10.388847, 104282.171994, 104282.171994
Z3, 3, 4, 720, 6648.000000, 0.050847, 130745.176707, 132960.000000, 1.000000, 2, 10.388847, 101283.762252, 101283.762252
Z3, 4, 4, 720, 7224.000000, 0.050871, 142006.251106, 144480.000000, 1.000000, 2, 10.388847, 103535.977132, 103535.977132
Z3, 5, 4, 720, 7240.000000, 0.050873, 142315.177009, 144800.000000, 1.000000, 2, 10.388847, 103597.762313, 103597.762313
Z3, 6, 4, 720, 6648.000000, 0.050794, 130881.600189, 132960.000000, 1.000000, 2, 10.388847, 101311.046949, 101311.046949
Z3, 7, 4, 720, 7232.000000, 0.050829, 142280.981330, 144640.000000, 1.000000, 2, 10.388847, 103590.923177, 103590.923177
Z3, 8, 4, 720, 7296.000000, 0.050878, 143401.863281, 145920.000000, 1.000000, 2, 10.388847, 103815.099567, 103815.099567
Z3, 9, 4, 720, 16456.000000, 0.050941, 323040.380048, 329120.000000, 1.000000, 2, 10.388847, 139742.802920, 139742.802920
Z3, 10, 4, 720, 25392.000000, 0.050923, 498635.194313, 507840.000000, 1.000000, 2, 10.388847, 174861.765774, 174861.765774
Z3, 11, 4, 720, 21592.000000, 0.051026, 423156.822012, 423368.000000, 1.000000, 2, 10.388847, 159766.091313, 159766.091313
Z3, 12, 4, 720, 13528.000000, 0.050902, 265765.588778, 270560.000000, 1.000000, 2, 10.388847, 128287.844667, 128287.844667
Z3, 13, 4, 720, 29512.000000, 0.050922, 579553.041907, 590240.000000, 1.000000, 2, 10.388847, 191045.335292, 191045.335292
Z3, 14, 4, 720, 29688.000000, 0.051049, 581558.894396, 582112.000000, 1.000000, 2, 10.388847, 191446.505790, 191446.505790
Z3, 15, 4, 720, 16760.000000, 0.050992, 328679.008472, 335200.000000, 1.000000, 2, 10.388847, 140870.528605, 140870.528605
Z3, 16, 4, 720, 33128.000000, 0.051092, 648398.966570, 649568.000000, 1.000000, 2, 10.388847, 204814.520225, 204814.520225
Z3, 17, 4, 720, 26248.000000, 0.051008, 514585.947302, 514664.000000, 1.000000, 2, 10.388847, 178051.916371, 178051.916371
Z3, 18, 4, 720, 14624.000000, 0.051006, 286711.367290, 286744.000000, 1.000000, 2, 10.388847, 132477.000369, 132477.000369
Z3, 19, 4, 720, 26816.000000, 0.051022, 525577.201991, 525800.000000, 1.000000, 2, 10.388847, 180250.167309, 180250.167309
Z3, 20, 4, 720, 23128.000000, 0.051046, 453081.534302, 453488.000000, 1.000000, 2, 10.388847, 165751.033771, 165751.033771
Z3, 21, 4, 720, 19440.000000, 0.050978, 381340.970615, 388800.000000, 1.000000, 2, 10.388847, 151402.921034, 151402.921034
Z3, 22, 4, 720, 29088.000000, 0.051081, 569448.522934, 570352.000000, 1.000000, 2, 10.388847, 189024.431498, 189024.431498
Z3, 23, 4, 720, 29840.000000, 0.051044, 584593.683881, 585096.000000, 1.000000, 2, 10.388847, 192053.463687, 192053.463687
Z3, 24, 4, 720, 17200.000000, 0.050923, 337764.860672, 344000.000000, 1.000000, 2, 10.388847, 142687.699045, 142687.699045
Z3, 25, 4, 720, 25664.000000, 0.051073, 502496.426683, 503208.000000, 1.000000, 2, 10.388847, 175634.012248, 175634.012248
Z3, 26, 4, 720, 26808.000000, 0.051167, 523931.440186, 525640.000000, 1.000000, 2, 10.388847, 179921.014948, 179921.014948
Z3, 27, 4, 720, 17472.000000, 0.051003, 342568.084230, 342584.000000, 1.000000, 2, 10.388847, 143648.343757, 143648.343757
Z3, 28, 4, 720, 6448.000000, 0.050903, 126672.298293, 128960.000000, 1.000000, 2, 10.388847, 100469.186570, 100469.186570
Z3, 29, 4, 720, 7200.000000, 0.050899, 141456.610150, 144000.000000, 1.000000, 2, 10.388847, 103426.048941, 103426.048941
Z3, 30, 4, 720, 7520.000000, 0.050942, 147618.860665, 150400.000000, 1.000000, 2, 10.388847, 104658.499044, 104658.499044
Z3, 31, 4, 720, 6728.000000, 0.050949, 132053.622250, 134560.000000, 1.000000, 2, 10.388847, 101545.451361, 101545.451361
Z3, 32, 4, 720, 7224.000000, 0.050866, 142020.209963, 144480.000000, 1.000000, 2, 10.388847, 103538.768904, 103538.768904
Z3, 33, 4, 720, 7256.000000, 0.050882, 142604.457372, 145120.000000, 1.000000, 2, 10.388847, 103655.618385, 103655.618385
Z3, 34, 4, 720, 6544.000000, 0.050907, 128548.136798, 130880.000000, 1.000000, 2, 10.388847, 100844.354271, 100844.354271
Z3, 35, 4, 720, 12272.000000, 0.050931, 240953.446820, 245440.000000, 1.000000, 2, 10.388847, 123325.416275, 123325.416275
Z3, 36, 4, 720, 8544.000000, 0.053278, 160366.380119, 161200.000000, 1.000000, 2, 10.388847, 107208.002935, 107208.002935
Z3, 37, 4, 720, 6424.000000, 0.050947, 126091.820912, 128480.000000, 1.000000, 2, 10.388847, 100353.091093, 100353.091093
Z3, 38, 4, 720, 6872.000000, 0.050973, 134816.471465, 137440.000000, 1.000000, 2, 10.388847, 102098.021204, 102098.021204
Z1, 0, 5, 720, 20272.000000, 0.297261, 68195.962471, 68248.000000, 1.000000, 2, 13.628206, 115737.213698, 115737.213698
Z2, 0, 5, 720, 6624.000000, 0.173951, 38079.689108, 38288.000000, 1.000000, 2, 13.628206, 109713.959026, 109713.959026
Z2, 1, 5, 720, 7616.000000, 0.050978, 149397.779434, 152320.000000, 1.000000, 2, 13.628206, 131977.577091, 131977.577091
Z2, 2, 5, 720, 8792.000000, 0.051026, 172304.315447, 172392.000000, 1.000000, 2, 13.628206, 136558.884293, 136558.884293
Z2, 3, 5, 720, 8816.000000, 0.304248, 28976.361389, 29000.000000, 1.000000, 2, 13.628206, 107893.293482, 107893.293482
Z2, 4, 5, 720, 14976.000000, 0.051058, 293313.486623, 293640.000000, 1.000000, 2, 13.628206, 160760.718529, 160760.718529
Z2, 5, 5, 720, 25312.000000, 0.051076, 495575.221239, 496312.000000, 1.000000, 2, 13.628206, 201213.065452, 201213.065452
Z2, 6, 5, 720, 13208.000000, 0.051027, 258843.357438, 258976.000000, 1.000000, 2, 13.628206, 153866.692692, 153866.692692
Z2, 7, 5, 720, 16320.000000, 0.051035, 319780.542765, 320000.000000, 1.000000, 2, 13.628206, 166054.129757, 166054.129757
Z3, 0, 5, 720, 7712.000000, 0.173908, 44345.286013, 44576.000000, 1.000000, 2, 13.628206, 110967.078407, 110967.078407
Z3, 1, 5, 720, 9624.000000, 0.051068, 188454.609540, 188704.000000, 1.000000, 2, 13.628206, 139788.943112, 139788.943112
Z3, 2, 5, 720, 9096.000000, 0.051038, 178220.149692, 178352.000000, 1.000000, 2, 13.628206, 137742.051142, 137742.051142
Z3, 3, 5, 720, 7632.000000, 0.050880, 150000.000000, 152640.000000, 1.000000, 2, 13.628206, 132098.021204, 132098.021204
Z3, 4, 5, 720, 8304.000000, 0.051034, 162715.052710, 162816.000000, 1.000000, 2, 13.628206, 134641.031746, 134641.031746
Z3, 5, 5, 720, 8504.000000, 0.051017, 166689.534861, 166744.000000, 1.000000, 2, 13.628206, 135435.928176, 135435.928176
Z3, 6, 5, 720, 7384.000000, 0.050967, 144878.058351, 147680.000000, 1.000000, 2, 13.628206, 131073.632874, 131073.632874
Z3, 7, 5, 720, 8968.000000, 0.050974, 175932.828501, 179360.000000, 1.000000, 2, 13.628206, 137284.586904, 137284.586904
Z3, 8, 5, 720, 8912.000000, 0.050989, 174782.796289, 178240.000000, 1.000000, 2, 13.628206, 137054.580462, 137054.580462
Z3, 9, 5, 720, 16688.000000, 0.051043, 326940.030954, 327208.000000, 1.000000, 2, 13.628206, 167486.027395, 167486.027395
Z3, 10, 5, 720, 23832.000000, 0.050970, 467569.158328, 476640.000000, 1.000000, 2, 13.628206, 195611.852870, 195611.852870
Z3, 11, 5, 720, 21144.000000, 0.051042, 414247.090631, 414584.000000, 1.000000, 2, 13.628206, 184947.439330, 184947.439330
Z3, 12, 5, 720, 14272.000000, 0.050928, 280238.768457, 285440.000000, 1.000000, 2, 13.628206, 158145.774895, 158145.774895
Z3, 13, 5, 720, 27640.000000, 0.051055, 541376.946430, 541960.000000, 1.000000, 2, 13.628206, 210373.410490, 210373.410490
Z3, 14, 5, 720, 33288.000000, 0.051079, 651696.391864, 652704.000000, 1.000000, 2, 13.628206, 232437.299577, 232437.299577
Z3, 15, 5, 720, 17576.000000, 0.050932, 345087.567737, 351520.000000, 1.000000, 2, 13.628206, 171115.534751, 171115.534751
Z3, 16, 5, 720, 34872.000000, 0.050985, 683965.872315, 697440.000000, 1.000000, 2, 13.628206, 238891.195667, 238891.195667
Z3, 17, 5, 720, 27336.000000, 0.051037, 535611.419166, 536000.000000, 1.000000, 2, 13.628206, 209220.305037, 209220.305037
Z3, 18, 5, 720, 18312.000000, 0.050999, 359065.864037, 366240.000000, 1.000000, 2, 13.628206, 173911.194011, 173911.194011
Z3, 19, 5, 720, 41432.000000, 0.051064, 811373.962087, 812392.000000, 1.000000, 2, 13.628206, 264372.813621, 264372.813621
Z3, 20, 5, 720, 36760.000000, 0.051020, 720501.764014, 720784.000000, 1.000000, 2, 13.628206, 246198.374007, 246198.374007
Z3, 21, 5, 720, 21272.000000, 0.051024, 416901.850110, 417096.000000, 1.000000, 2, 13.628206, 185478.391226, 185478.391226
Z3, 22, 5, 720, 43464.000000, 0.051098, 850600.806294, 852232.000000, 1.000000, 2, 13.628206, 272218.182463, 272218.182463
Z3, 23, 5, 720, 42000.000000, 0.051101, 821901.724037, 823528.000000, 1.000000, 2, 13.628206, 266478.366011, 266478.366011
Z3, 24, 5, 720, 20304.000000, 0.051040, 397805.642633, 398112.000000, 1.000000, 2, 13.628206, 181659.149731, 181659.149731
Z3, 25, 5, 720, 32736.000000, 0.051028, 641530.140315, 641880.000000, 1.000000, 2, 13.628206, 230404.049267, 230404.049267
Z3, 26, 5, 720, 34608.000000, 0.051093, 677353.062063, 678584.000000, 1.000000, 2, 13.628206, 237568.633617, 237568.633617
Z3, 27, 5, 720, 21272.000000, 0.050945, 417548.336441, 425440.000000, 1.000000, 2, 13.628206, 185607.688492, 185607.688492
Z3, 28, 5, 720, 8752.000000, 0.050953, 171766.137421, 175040.000000, 1.000000, 2, 13.628206, 136451.248688, 136451.248688
Z3, 29, 5, 720, 12760.000000, 0.051023, 250083.295769, 250192.000000, 1.000000, 2, 13.628206, 152114.680358, 152114.680358
Z3, 30, 5, 720, 15440.000000, 0.051002, 302733.226148, 302744.000000, 1.000000, 2, 13.628206, 162644.666434, 162644.666434
Z3, 31, 5, 720, 10000.000000, 0.050914, 196409.631928, 200000.000000, 1.000000, 2, 13.628206, 141379.947590, 141379.947590
Z3, 32, 5, 720, 15200.000000, 0.050993, 298080.128645, 304000.000000, 1.000000, 2, 13.628206, 161714.046933, 161714.046933
Z3, 33, 5, 720, 18352.000000, 0.217643, 84321.572483, 84568.000000, 1.000000, 2, 13.628206, 118962.335701, 118962.335701
Z3, 34, 5, 720, 11224.000000, 0.050951, 220290.082628, 224480.000000, 1.000000, 2, 13.628206, 146156.037730, 146156.037730
Z3, 35, 5, 720, 23240.000000, 0.051046, 455275.633742, 455680.000000, 1.000000, 2, 13.628206, 193153.147952, 193153.147952
Z3, 36, 5, 720, 16824.000000, 0.050969, 330082.991622, 336480.000000, 1.000000, 2, 13.628206, 168114.619528, 168114.619528
Z3, 37, 5, 720, 9680.000000, 0.050883, 190240.355325, 193600.000000, 1.000000, 2, 13.628206, 140146.092269, 140146.092269
Z3, 38, 5, 720, 12888.000000, 0.050933, 253038.305225, 257760.000000, 1.000000, 2, 13.628206, 152705.682249, 152705.682249
Z1, 0, 6, 720, 7488.000000, 0.172903, 43307.519245, 43528.000000, 1.000000, 2, 16.995774, 136377.474365, 136377.474365
Z2, 0, 6, 720, 6624.000000, 0.173786, 38115.843624, 38288.000000, 1.000000, 2, 16.995774, 135339.139241, 135339.139241
Z2, 1, 6, 720, 6768.000000, 0.050908, 132945.705979, 135360.000000, 1.000000, 2, 16.995774, 154305.111712, 154305.111712
Z2, 2, 6, 720, 7752.000000, 0.050959, 152122.294394, 155040.000000, 1.000000, 2, 16.995774, 158140.429395, 158140.429395
Z2, 3, 6, 720, 10768.000000, 0.051006, 211112.418147, 211136.000000, 1.000000, 2, 16.995774, 169938.454146, 169938.454146
Z2, 4, 6, 720, 14912.000000, 0.050848, 293266.205160, 298240.000000, 1.000000, 2, 16.995774, 186369.211548, 186369.211548
Z2, 5, 6, 720, 14376.000000, 0.050911, 282375.125219, 287520.000000, 1.000000, 2, 16.995774, 184190.995560, 184190.995560
Z2, 6, 6, 720, 7176.000000, 0.051011, 140675.540570, 140704.000000, 1.000000, 2, 16.995774, 155851.078630, 155851.078630
Z2, 7, 6, 720, 8768.000000, 0.050995, 171938.425336, 175360.000000, 1.000000, 2, 16.995774, 162103.655584, 162103.655584
Z3, 0, 6, 720, 6760.000000, 0.175611, 38494.171777, 38624.000000, 1.000000, 2, 16.995774, 135414.804872, 135414.804872
Z3, 1, 6, 720, 8320.000000, 0.050898, 163464.183268, 166400.000000, 1.000000, 2, 16.995774, 160408.807170, 160408.807170
Z3, 2, 6, 720, 7800.000000, 0.050903, 153232.618903, 156000.000000, 1.000000, 2, 16.995774, 158362.494297, 158362.494297
Z3, 3, 6, 720, 6928.000000, 0.050869, 136192.966247, 138560.000000, 1.000000, 2, 16.995774, 154954.563766, 154954.563766
Z3, 4, 6, 720, 7472.000000, 0.050923, 146731.339473, 149440.000000, 1.000000, 2, 16.995774, 157062.238411, 157062.238411
Z3, 5, 6, 720, 7416.000000, 0.050909, 145671.688699, 148320.000000, 1.000000, 2, 16.995774, 156850.308256, 156850.308256
Z3, 6, 6, 720, 6760.000000, 0.050901, 132806.821084, 135200.000000, 1.000000, 2, 16.995774, 154277.334733, 154277.334733
Z3, 7, 6, 720, 7600.000000, 0.050875, 149385.749386, 152000.000000, 1.000000, 2, 16.995774, 157593.120394, 157593.120394
Z3, 8, 6, 720, 7600.000000, 0.050879, 149374.004992, 152000.000000, 1.000000, 2, 16.995774, 157590.771515, 157590.771515
Z3, 9, 6, 720, 12912.000000, 0.050963, 253360.280988, 258240.000000, 1.000000, 2, 16.995774, 178388.026714, 178388.026714
Z3, 10, 6, 720, 17552.000000, 0.050977, 344312.140769, 351040.000000, 1.000000, 2, 16.995774, 196578.398670, 196578.398670
Z3, 11, 6, 720, 14968.000000, 0.051012, 293421.155806, 293488.000000, 1.000000, 2, 16.995774, 186400.201678, 186400.201678
Z3, 12, 6, 720, 10336.000000, 0.050959, 202829.725858, 206720.000000, 1.000000, 2, 16.995774, 168281.915688, 168281.915688
Z3, 13, 6, 720, 18344.000000, 0.050972, 359883.857804, 366880.000000, 1.000000, 2, 16.995774, 199692.742077, 199692.742077
Z3, 14, 6, 720, 20456.000000, 0.051068, 400563.953944, 401096.000000, 1.000000, 2, 16.995774, 207828.761305, 207828.761305
Z3, 15, 6, 720, 12480.000000, 0.050985, 244777.875846, 249600.000000, 1.000000, 2, 16.995774, 176671.545686, 176671.545686
Z3, 16, 6, 720, 18912.000000, 0.051002, 370808.987883, 370816.000000, 1.000000, 2, 16.995774, 201877.768093, 201877.768093
Z3, 17, 6, 720, 16112.000000, 0.051050, 315612.144956, 315920.000000, 1.000000, 2, 16.995774, 190838.399508, 190838.399508
Z3, 18, 6, 720, 17456.000000, 0.050981, 342402.071360, 349120.000000, 1.000000, 2, 16.995774, 196196.384788, 196196.384788
Z3, 19, 6, 720, 16088.000000, 0.050969, 315642.841727, 321760.000000, 1.000000, 2, 16.995774, 190844.538862, 190844.538862
Z3, 20, 6, 720, 31984.000000, 0.051026, 626817.700780, 627136.000000, 1.000000, 2, 16.995774, 253079.510672, 253079.510672
Z3, 21, 6, 720, 21472.000000, 0.050990, 421102.176897, 429440.000000, 1.000000, 2, 16.995774, 211936.405896, 211936.405896
Z3, 22, 6, 720, 19320.000000, 0.050995, 378860.672615, 386400.000000, 1.000000, 2, 16.995774, 203488.105039, 203488.105039
Z3, 23, 6, 720, 33040.000000, 0.051041, 647322.740542, 647840.000000, 1.000000, 2, 16.995774, 257180.518625, 257180.518625
Z3, 24, 6, 720, 26472.000000, 0.051020, 518855.350843, 519056.000000, 1.000000, 2, 16.995774, 231487.040685, 231487.040685
Z3, 25, 6, 720, 12984.000000, 0.050994, 254618.190375, 259680.000000, 1.000000, 2, 16.995774, 178639.608591, 178639.608591
Z3, 26, 6, 720, 21128.000000, 0.051004, 414242.020234, 414272.000000, 1.000000, 2, 16.995774, 210564.374563, 210564.374563
Z3, 27, 6, 720, 21576.000000, 0.050959, 423399.203281, 431520.000000, 1.000000, 2, 16.995774, 212395.811173, 212395.811173
Z3, 28, 6, 720, 9568.000000, 0.050915, 187921.044879, 191360.000000, 1.000000, 2, 16.995774, 165300.179492, 165300.179492
Z3, 29, 6, 720, 12800.000000, 0.050911, 251419.143211, 256000.000000, 1.000000, 2, 16.995774, 177999.799159, 177999.799159
Z3, 30, 6, 720, 7048.000000, 0.050974, 138266.567270, 140960.000000, 1.000000, 2, 16.995774, 155369.283970, 155369.283970
Z3, 31, 6, 720, 8656.000000, 0.311627, 27776.797261, 27832.000000, 1.000000, 2, 16.995774, 133271.329969, 133271.329969
Z3, 32, 6, 720, 9488.000000, 0.050996, 186053.808142, 189760.000000, 1.000000, 2, 16.995774, 164926.732145, 164926.732145
Z3, 33, 6, 720, 8424.000000, 0.050917, 165445.725396, 168480.000000, 1.000000, 2, 16.995774, 160805.115596, 160805.115596
Z3, 34, 6, 720, 9328.000000, 0.050960, 183045.525903, 186560.000000, 1.000000, 2, 16.995774, 164325.075697, 164325.075697
Z3, 35, 6, 720, 8680.000000, 0.051015, 170146.035480, 170192.000000, 1.000000, 2, 16.995774, 161745.177612, 161745.177612
Z3, 36, 6, 720, 7160.000000, 0.050962, 140496.840783, 143200.000000, 1.000000, 2, 16.995774, 155815.338673, 155815.338673
Z3, 37, 6, 720, 10360.000000, 0.050989, 203181.078272, 207200.000000, 1.000000, 2, 16.995774, 168352.186171, 168352.186171
Z3, 38, 6, 720, 9048.000000, 0.051064, 177189.409369, 177408.000000, 1.000000, 2, 16.995774, 163153.852390, 163153.852390
Z1, 0, 7, 720, 7408.000000, 0.172593, 42921.787094, 43064.000000, 1.000000, 2, 20.079189, 146654.117514, 146654.117514
Z2, 0, 7, 720, 6624.000000, 0.172236, 38458.858775, 38504.000000, 1.000000, 2, 20.079189, 145761.531850, 145761.531850
Z2, 1, 7, 720, 6792.000000, 0.050941, 133330.715926, 135840.000000, 1.000000, 2, 20.079189, 164735.903280, 164735.903280
Z2, 2, 7, 720, 7464.000000, 0.051022, 146289.835757, 146352.000000, 1.000000, 2, 20.079189, 167327.727247, 167327.727247
Z2, 3, 7, 720, 10144.000000, 0.051045, 198726.613772, 198896.000000, 1.000000, 2, 20.079189, 177815.082850, 177815.082850
Z2, 4, 7, 720, 14352.000000, 0.051007, 281373.144862, 281408.000000, 1.000000, 2, 20.079189, 194344.389068, 194344.389068
Z2, 5, 7, 720, 15008.000000, 0.050980, 294389.956846, 300160.000000, 1.000000, 2, 20.079189, 196947.751464, 196947.751464
Z2, 6, 7, 720, 7168.000000, 0.050868, 140913.737517, 143360.000000, 1.000000, 2, 20.079189, 166252.507598, 166252.507598
Z2, 7, 7, 720, 8160.000000, 0.050909, 160286.000511, 163200.000000, 1.000000, 2, 20.079189, 170126.960197, 170126.960197
Z3, 0, 7, 720, 6656.000000, 0.172649, 38552.207079, 38696.000000, 1.000000, 2, 20.079189, 145780.201511, 145780.201511
Z3, 1, 7, 720, 7664.000000, 0.050989, 150306.928945, 153280.000000, 1.000000, 2, 20.079189, 168131.145884, 168131.145884
Z3, 2, 7, 720, 7664.000000, 0.050969, 150365.908690, 153280.000000, 1.000000, 2, 20.079189, 168142.941833, 168142.941833
Z3, 3, 7, 720, 6920.000000, 0.051033, 135598.534282, 135680.000000, 1.000000, 2, 20.079189, 165189.466951, 165189.466951
Z3, 4, 7, 720, 7504.000000, 0.050987, 147174.770039, 150080.000000, 1.000000, 2, 20.079189, 167504.714103, 167504.714103
Z3, 5, 7, 720, 7480.000000, 0.050895, 146969.250418, 149600.000000, 1.000000, 2, 20.079189, 167463.610179, 167463.610179
Z3, 6, 7, 720, 6728.000000, 0.050890, 132206.720377, 134560.000000, 1.000000, 2, 20.079189, 164511.104171, 164511.104171
Z3, 7, 7, 720, 7632.000000, 0.303942, 25110.053892, 25184.000000, 1.000000, 2, 20.079189, 143091.770873, 143091.770873
Z3, 8, 7, 720, 7392.000000, 0.050900, 145225.933202, 147840.000000, 1.000000, 2, 20.079189, 167114.946736, 167114.946736
Z3, 9, 7, 720, 12800.000000, 0.050987, 251044.383863, 256000.000000, 1.000000, 2, 20.079189, 188278.636868, 188278.636868
Z3, 10, 7, 720, 16760.000000, 0.050882, 329389.568020, 335200.000000, 1.000000, 2, 20.079189, 203947.673699, 203947.673699
Z3, 11, 7, 720, 14104.000000, 0.050974, 276690.077294, 282080.000000, 1.000000, 2, 20.079189, 193407.775554, 193407.775554
Z3, 12, 7, 720, 9704.000000, 0.050955, 190442.547346, 194080.000000, 1.000000, 2, 20.079189, 176158.269564, 176158.269564
Z3, 13, 7, 720, 17248.000000, 0.051063, 337778.822239, 338192.000000, 1.000000, 2, 20.079189, 205625.524543, 205625.524543
Z3, 14, 7, 720, 21552.000000, 0.051083, 421901.611103, 422584.000000, 1.000000, 2, 20.079189, 222450.082316, 222450.082316
Z3, 15, 7, 720, 16688.000000, 0.051051, 326888.797477, 327208.000000, 1.000000, 2, 20.079189, 203447.519591, 203447.519591
Z3, 16, 7, 720, 23312.000000, 0.051103, 456176.741092, 457096.000000, 1.000000, 2, 20.079189, 229305.108313, 229305.108313
Z3, 17, 7, 720, 14952.000000, 0.050954, 293441.142992, 299040.000000, 1.000000, 2, 20.079189, 196757.988693, 196757.988693
Z3, 18, 7, 720, 16856.000000, 0.051017, 330399.670698, 330504.000000, 1.000000, 2, 20.079189, 204149.694235, 204149.694235
Z3, 19, 7, 720, 23928.000000, 0.051057, 468652.682296, 469176.000000, 1.000000, 2, 20.079189, 231800.296554, 231800.296554
Z3, 20, 7, 720, 29544.000000, 0.051066, 578545.411820, 579288.000000, 1.000000, 2, 20.079189, 253778.842459, 253778.842459
Z3, 21, 7, 720, 31920.000000, 0.051030, 625514.403292, 625880.000000, 1.000000, 2, 20.079189, 263172.640754, 263172.640754
Z3, 22, 7, 720, 15096.000000, 0.051002, 295988.392612, 296000.000000, 1.000000, 2, 20.079189, 197267.438618, 197267.438618
Z3, 23, 7, 720, 22296.000000, 0.051018, 437022.227449, 437176.000000, 1.000000, 2, 20.079189, 225474.205585, 225474.205585
Z3, 24, 7, 720, 24272.000000, 0.051026, 475679.065574, 475920.000000, 1.000000, 2, 20.079189, 233205.573210, 233205.573210
Z3, 25, 7, 720, 13368.000000, 0.050990, 262169.052755, 267360.000000, 1.000000, 2, 20.079189, 190503.570646, 190503.570646
Z3, 26, 7, 720, 21768.000000, 0.051065, 426280.231078, 426816.000000, 1.000000, 2, 20.079189, 223325.806311, 223325.806311
Z3, 27, 7, 720, 21680.000000, 0.051015, 424973.047143, 425096.000000, 1.000000, 2, 20.079189, 223064.369524, 223064.369524
Z3, 28, 7, 720, 9672.000000, 0.050985, 189702.853781, 193440.000000, 1.000000, 2, 20.079189, 176010.330851, 176010.330851
Z3, 29, 7, 720, 13368.000000, 0.050847, 262906.366157, 267360.000000, 1.000000, 2, 20.079189, 190651.033327, 190651.033327
Z3, 30, 7, 720, 13424.000000, 0.050916, 263649.933223, 268480.000000, 1.000000, 2, 20.079189, 190799.746740, 190799.746740
Z3, 31, 7, 720, 8064.000000, 0.306520, 26308.234373, 26352.000000, 1.000000, 2, 20.079189, 143331.406970, 143331.406970
Z3, 32, 7, 720, 9424.000000, 0.050947, 184976.544252, 188480.000000, 1.000000, 2, 20.079189, 175065.068945, 175065.068945
Z3, 33, 7, 720, 7368.000000, 0.050931, 144666.313247, 147360.000000, 1.000000, 2, 20.079189, 167003.022745, 167003.022745
Z3, 34, 7, 720, 8792.000000, 0.050932, 172622.319956, 175840.000000, 1.000000, 2, 20.079189, 172594.224086, 172594.224086
Z3, 35, 7, 720, 8568.000000, 0.050953, 168154.966342, 171360.000000, 1.000000, 2, 20.079189, 171700.753363, 171700.753363
Z3, 36, 7, 720, 7064.000000, 0.050929, 138702.900116, 141280.000000, 1.000000, 2, 20.079189, 165810.340118, 165810.340118
Z3, 37, 7, 720, 10104.000000, 0.050926, 198405.529592, 202080.000000, 1.000000, 2, 20.079189, 177750.866013, 177750.866013
Z3, 38, 7, 720, 8640.000000, 0.050874, 169831.348036, 172800.000000, 1.000000, 2, 20.079189, 172036.029702, 172036.029702
Z1, 0, 8, 720, 7744.000000, 0.172689, 44843.620613, 45016.000000, 1.000000, 2, 23.406888, 155943.830942, 155943.830942
Z2, 0, 8, 720, 6624.000000, 0.173932, 38083.848860, 38288.000000, 1.000000, 2, 23.406888, 154591.876591, 154591.876591
Z2, 1, 8, 720, 6968.000000, 0.051017, 136581.923673, 136624.000000, 1.000000, 2, 23.406888, 174291.491553, 174291.491553
Z2, 2, 8, 720, 7968.000000, 0.050980, 156296.586897, 159360.000000, 1.000000, 2, 23.406888, 178234.424198, 178234.424198
Z2, 3, 8, 720, 12752.000000, 0.051011, 249985.297289, 250032.000000, 1.000000, 2, 23.406888, 196972.166277, 196972.166277
Z2, 4, 8, 720, 18720.000000, 0.051056, 366656.220620, 367056.000000, 1.000000, 2, 23.406888, 220306.350943, 220306.350943
Z2, 5, 8, 720, 25648.000000, 0.051105, 501868.701693, 502896.000000, 1.000000, 2, 23.406888, 247348.847157, 247348.847157
Z2, 6, 8, 720, 9784.000000, 0.051042, 191685.278790, 191840.000000, 1.000000, 2, 23.406888, 185312.162577, 185312.162577
Z2, 7, 8, 720, 13192.000000, 0.051035, 258489.272068, 258664.000000, 1.000000, 2, 23.406888, 198672.961233, 198672.961233
Z3, 0, 8, 720, 6768.000000, 0.173028, 39115.056523, 39120.000000, 1.000000, 2, 23.406888, 154798.118123, 154798.118123
Z3, 1, 8, 720, 8032.000000, 0.050877, 157870.943648, 160640.000000, 1.000000, 2, 23.406888, 178549.295549, 178549.295549
Z3, 2, 8, 720, 7872.000000, 0.051039, 154234.996767, 154352.000000, 1.000000, 2, 23.406888, 177822.106172, 177822.106172
Z3, 3, 8, 720, 7024.000000, 0.050917, 137949.997054, 140480.000000, 1.000000, 2, 23.406888, 174565.106230, 174565.106230
Z3, 4, 8, 720, 7816.000000, 0.051245, 152522.197288, 153248.000000, 1.000000, 2, 23.406888, 177479.546276, 177479.546276
Z3, 5, 8, 720, 7936.000000, 0.051087, 155342.846517, 155600.000000, 1.000000, 2, 23.406888, 178043.676122, 178043.676122
Z3, 6, 8, 720, 6928.000000, 0.051067, 135664.910803, 135840.000000, 1.000000, 2, 23.406888, 174108.088980, 174108.088980
Z3, 7, 8, 720, 8048.000000, 0.051138, 157378.075013, 157800.000000, 1.000000, 2, 23.406888, 178450.721821, 178450.721821
Z3, 8, 8, 720, 7664.000000, 0.051012, 150239.159413, 150272.000000, 1.000000, 2, 23.406888, 177022.938702, 177022.938702
Z3, 9, 8, 720, 14248.000000, 0.051048, 279109.857389, 279368.000000, 1.000000, 2, 23.406888, 202797.078297, 202797.078297
Z3, 10, 8, 720, 19448.000000, 0.051169, 380073.872853, 381328.000000, 1.000000, 2, 23.406888, 222989.881389, 222989.881389
Z3, 11, 8, 720, 17344.000000, 0.051083, 339525.869663, 340072.000000, 1.000000, 2, 23.406888, 214880.280752, 214880.280752
Z3, 12, 8, 720, 11952.000000, 0.051144, 233693.101830, 234352.000000, 1.000000, 2, 23.406888, 193713.727185, 193713.727185
Z3, 13, 8, 720, 25224.000000, 0.051185, 492800.625183, 494584.000000, 1.000000, 2, 23.406888, 245535.231856, 245535.231856
Z3, 14, 8, 720, 35992.000000, 0.051316, 701379.686647, 705720.000000, 1.000000, 2, 23.406888, 287251.044148, 287251.044148
Z3, 15, 8, 720, 20016.000000, 0.051044, 392132.278035, 392464.000000, 1.000000, 2, 23.406888, 225401.562426, 225401.562426
Z3, 16, 8, 720, 36432.000000, 0.050962, 714885.601036, 728640.000000, 1.000000, 2, 23.406888, 289952.227026, 289952.227026
Z3, 17, 8, 720, 22472.000000, 0.051027, 440394.301056, 440624.000000, 1.000000, 2, 23.406888, 235053.967030, 235053.967030
Z3, 18, 8, 720, 21736.000000, 0.050991, 426271.302779, 434720.000000, 1.000000, 2, 23.406888, 232229.367375, 232229.367375
Z3, 19, 8, 720, 16848.000000, 0.051049, 330035.847911, 330352.000000, 1.000000, 2, 23.406888, 212982.276401, 212982.276401
Z3, 20, 8, 720, 47160.000000, 0.051124, 922463.031062, 924704.000000, 1.000000, 2, 23.406888, 331467.713031, 331467.713031
Z3, 21, 8, 720, 39472.000000, 0.051143, 771796.726825, 773960.000000, 1.000000, 2, 23.406888, 301334.452184, 301334.452184
Z3, 22, 8, 720, 26968.000000, 0.051096, 527790.825114, 528784.000000, 1.000000, 2, 23.406888, 252533.271842, 252533.271842
Z3, 23, 8, 720, 39776.000000, 0.051131, 777923.373296, 779920.000000, 1.000000, 2, 23.406888, 302559.781478, 302559.781478
Z3, 24, 8, 720, 34992.000000, 0.051165, 683905.013193, 686112.000000, 1.000000, 2, 23.406888, 283756.109457, 283756.109457
Z3, 25, 8, 720, 22464.000000, 0.051093, 439668.839176, 440464.000000, 1.000000, 2, 23.406888, 234908.874654, 234908.874654
Z3, 26, 8, 720, 43144.000000, 0.362161, 119129.337505, 119176.000000, 1.000000, 2, 23.406888, 170800.974320, 170800.974320
Z3, 27, 8, 720, 43672.000000, 0.051119, 854320.311430, 856312.000000, 1.000000, 2, 23.406888, 317839.169105, 317839.169105
Z3, 28, 8, 720, 18320.000000, 0.051059, 358800.603224, 359208.000000, 1.000000, 2, 23.406888, 218735.227464, 218735.227464
Z3, 29, 8, 720, 24560.000000, 0.051119, 480447.583090, 481568.000000, 1.000000, 2, 23.406888, 243064.623437, 243064.623437
Z3, 30, 8, 720, 19040.000000, 0.051152, 372223.959962, 373328.000000, 1.000000, 2, 23.406888, 221419.898811, 221419.898811
Z3, 31, 8, 720, 20160.000000, 0.050976, 395480.225989, 403200.000000, 1.000000, 2, 23.406888, 226071.152017, 226071.152017
Z3, 32, 8, 720, 16496.000000, 0.051035, 323229.156461, 323448.000000, 1.000000, 2, 23.406888, 211620.938111, 211620.938111
Z3, 33, 8, 720, 11624.000000, 0.051028, 227796.503880, 227920.000000, 1.000000, 2, 23.406888, 192534.407595, 192534.407595
Z3, 34, 8, 720, 21024.000000, 0.051121, 411259.560650, 412232.000000, 1.000000, 2, 23.406888, 229227.018949, 229227.018949
Z3, 35, 8, 720, 28496.000000, 0.051063, 558055.735072, 558744.000000, 1.000000, 2, 23.406888, 258586.253833, 258586.253833
Z3, 36, 8, 720, 12416.000000, 0.051098, 242984.069827, 243448.000000, 1.000000, 2, 23.406888, 195571.920784, 195571.920784
Z3, 37, 8, 720, 17312.000000, 0.051022, 339304.613696, 339448.000000, 1.000000, 2, 23.406888, 214836.029558, 214836.029558
Z3, 38, 8, 720, 14664.000000, 0.051039, 287309.704344, 287528.000000, 1.000000, 2, 23.406888, 204437.047688, 204437.047688
Z1, 0, 9, 720, 7696.000000, 0.172525, 44608.027822, 44744.000000, 1.000000, 2, 26.543133, 186395.358959, 186395.358959
Z2, 0, 9, 720, 6624.000000, 0.172339, 38435.873482, 38504.000000, 1.000000, 2, 26.543133, 185160.928091, 185160.928091
Z2, 1, 9, 720, 6776.000000, 0.051026, 132795.045663, 132856.000000, 1.000000, 2, 26.543133, 204032.762527, 204032.762527
Z2, 2, 9, 720, 7496.000000, 0.051139, 146580.887385, 146976.000000, 1.000000, 2, 26.543133, 206789.930872, 206789.930872
Z2, 3, 9, 720, 16056.000000, 0.050991, 314879.096311, 321120.000000, 1.000000, 2, 26.543133, 240449.572657, 240449.572657
Z2, 4, 9, 720, 24464.000000, 0.051165, 478139.353073, 479680.000000, 1.000000, 2, 26.543133, 273101.624009, 273101.624009
Z2, 5, 9, 720, 36648.000000, 0.051139, 716635.053482, 718584.000000, 1.000000, 2, 26.543133, 320800.764091, 320800.764091
Z2, 6, 9, 720, 11344.000000, 0.050877, 222969.121607, 226880.000000, 1.000000, 2, 26.543133, 222067.577716, 222067.577716
Z2, 7, 9, 720, 15808.000000, 0.051009, 309906.095003, 309960.000000, 1.000000, 2, 26.543133, 239454.972395, 239454.972395
Z3, 0, 9, 720, 6752.000000, 0.173782, 38853.275943, 39024.000000, 1.000000, 2, 26.543133, 185244.408583, 185244.408583
Z3, 1, 9, 720, 9824.000000, 0.050988, 192672.785754, 196480.000000, 1.000000, 2, 26.543133, 216008.310545, 216008.310545
Z3, 2, 9, 720, 8640.000000, 0.050975, 169494.850417, 172800.000000, 1.000000, 2, 26.543133, 211372.723478, 211372.723478
Z3, 3, 9, 720, 7248.000000, 0.051009, 142092.571899, 142112.000000, 1.000000, 2, 26.543133, 205892.267774, 205892.267774
Z3, 4, 9, 720, 8336.000000, 0.051032, 163348.487224, 163448.000000, 1.000000, 2, 26.543133, 210143.450839, 210143.450839
Z3, 5, 9, 720, 9640.000000, 0.050962, 189160.550999, 192800.000000, 1.000000, 2, 26.543133, 215305.863594, 215305.863594
Z3, 6, 9, 720, 10312.000000, 0.050961, 202350.817292, 206240.000000, 1.000000, 2, 26.543133, 217943.916853, 217943.916853
Z3, 7, 9, 720, 21208.000000, 0.051065, 415313.815725, 415840.000000, 1.000000, 2, 26.543133, 260536.516540, 260536.516540
Z3, 8, 9, 720, 8000.000000, 0.051099, 156558.836768, 156856.000000, 1.000000, 2, 26.543133, 208785.520748, 208785.520748
Z3, 9, 9, 720, 16880.000000, 0.051050, 330656.219393, 330976.000000, 1.000000, 2, 26.543133, 243604.997273, 243604.997273
Z3, 10, 9, 720, 23240.000000, 0.050973, 455927.647970, 464800.000000, 1.000000, 2, 26.543133, 268659.282989, 268659.282989
Z3, 11, 9, 720, 21680.000000, 0.051046, 424714.962975, 425096.000000, 1.000000, 2, 26.543133, 262416.745990, 262416.745990
Z3, 12, 9, 720, 16096.000000, 0.217312, 74068.620233, 74168.000000, 1.000000, 2, 26.543133, 192287.477441, 192287.477441
Z3, 13, 9, 720, 39872.000000, 0.268048, 148749.477705, 148776.000000, 1.000000, 2, 26.543133, 207223.648936, 207223.648936
Z3, 14, 9, 720, 46392.000000, 0.101808, 455681.282414, 459320.000000, 1.000000, 2, 26.543133, 268610.009877, 268610.009877
Z3, 15, 9, 720, 26168.000000, 0.355517, 73605.481594, 73712.000000, 1.000000, 2, 26.543133, 192194.849714, 192194.849714
Z3, 16, 9, 720, 48816.000000, 0.051257, 952377.236280, 957176.000000, 1.000000, 2, 26.543133, 367949.200651, 367949.200651
Z3, 17, 9, 720, 38664.000000, 0.051069, 757093.344299, 758112.000000, 1.000000, 2, 26.543133, 328892.422254, 328892.422254
Z3, 18, 9, 720, 26344.000000, 0.051109, 515447.377174, 516544.000000, 1.000000, 2, 26.543133, 280563.228829, 280563.228829
Z3, 19, 9, 720, 19912.000000, 0.051055, 390010.772696, 390424.000000, 1.000000, 2, 26.543133, 255475.907934, 255475.907934
Z3, 20, 9, 720, 61688.000000, 0.152419, 404726.444866, 405840.000000, 1.000000, 2, 26.543133, 258419.042368, 258419.042368
Z3, 21, 9, 720, 59200.000000, 0.179118, 330508.379951, 330720.000000, 1.000000, 2, 26.543133, 243575.429385, 243575.429385
Z3, 22, 9, 720, 41064.000000, 0.193377, 212352.037729, 212760.000000, 1.000000, 2, 26.543133, 219944.160941, 219944.160941
Z3, 23, 9, 720, 55576.000000, 0.152436, 364585.793382, 365624.000000, 1.000000, 2, 26.543133, 250390.912071, 250390.912071
Z3, 24, 9, 720, 50200.000000, 0.101802, 493114.084203, 497024.000000, 1.000000, 2, 26.543133, 276096.570235, 276096.570235
Z3, 25, 9, 720, 30056.000000, 0.051073, 588490.983494, 589328.000000, 1.000000, 2, 26.543133, 295171.950093, 295171.950093
Z3, 26, 9, 720, 59504.000000, 0.101741, 584857.628685, 589144.000000, 1.000000, 2, 26.543133, 294445.279132, 294445.279132
Z3, 27, 9, 720, 65232.000000, 0.101899, 640163.298953, 645856.000000, 1.000000, 2, 26.543133, 305506.413185, 305506.413185
Z3, 28, 9, 720, 23952.000000, 0.051055, 469141.122319, 469640.000000, 1.000000, 2, 26.543133, 271301.977858, 271301.977858
Z3, 29, 9, 720, 32816.000000, 0.051127, 641852.641461, 643448.000000, 1.000000, 2, 26.543133, 305844.281687, 305844.281687
Z3, 30, 9, 720, 8856.000000, 0.051079, 173378.492140, 173640.000000, 1.000000, 2, 26.543133, 212149.451823, 212149.451823
Z3, 31, 9, 720, 14088.000000, 0.051058, 275921.501038, 276232.000000, 1.000000, 2, 26.543133, 232658.053602, 232658.053602
Z3, 32, 9, 720, 15104.000000, 0.051117, 295478.999159, 296152.000000, 1.000000, 2, 26.543133, 236569.553226, 236569.553226
Z3, 33, 9, 720, 11784.000000, 0.050986, 231122.268858, 235680.000000, 1.000000, 2, 26.543133, 223698.207166, 223698.207166
Z3, 34, 9, 720, 18496.000000, 0.051115, 361850.728749, 362664.000000, 1.000000, 2, 26.543133, 249843.899144, 249843.899144
Z3, 35, 9, 720, 22376.000000, 0.051081, 438049.372565, 438744.000000, 1.000000, 2, 26.543133, 265083.627908, 265083.627908
Z3, 36, 9, 720, 8792.000000, 0.050957, 172537.629766, 175840.000000, 1.000000, 2, 26.543133, 211981.279348, 211981.279348
Z3, 37, 9, 720, 19464.000000, 0.050998, 381662.025962, 389280.000000, 1.000000, 2, 26.543133, 253806.158587, 253806.158587
Z3, 38, 9, 720, 20360.000000, 0.051095, 398473.431843, 399208.000000, 1.000000, 2, 26.543133, 257168.439763, 257168.439763
Z1, 0, 10, 720, 7480.000000, 0.171473, 43622.027958, 43736.000000, 1.000000, 2, 30.730540, 215285.184310, 215285.184310
Z2, 0, 10, 720, 6624.000000, 0.173543, 38169.214546, 38288.000000, 1.000000, 2, 30.730540, 214194.621628, 214194.621628
Z2, 1, 10, 720, 7008.000000, 0.050947, 137554.713722, 140160.000000, 1.000000, 2, 30.730540, 234071.721463, 234071.721463
Z2, 2, 10, 720, 7832.000000, 0.050900, 153870.333988, 156640.000000, 1.000000, 2, 30.730540, 237334.845516, 237334.845516
Z2, 3, 10, 720, 29728.000000, 0.051029, 582570.695095, 582896.000000, 1.000000, 2, 30.730540, 323074.917737, 323074.917737
Z2, 4, 10, 720, 35840.000000, 0.267898, 133782.260413, 134232.000000, 1.000000, 2, 30.730540, 233317.230801, 233317.230801
Z2, 5, 10, 720, 43888.000000, 0.051017, 860262.265519, 860544.000000, 1.000000, 2, 30.730540, 378613.231822, 378613.231822
Z2, 6, 10, 720, 17936.000000, 0.050949, 352038.312823, 358720.000000, 1.000000, 2, 30.730540, 276968.441283, 276968.441283
Z2, 7, 10, 720, 24920.000000, 0.050983, 488790.381107, 498400.000000, 1.000000, 2, 30.730540, 304318.854940, 304318.854940
Z3, 0, 10, 720, 6840.000000, 0.173966, 39318.027661, 39536.000000, 1.000000, 2, 30.730540, 214424.384250, 214424.384250
Z3, 1, 10, 720, 22064.000000, 0.051038, 432305.341118, 432624.000000, 1.000000, 2, 30.730540, 293021.846942, 293021.846942
Z3, 2, 10, 720, 15312.000000, 0.051023, 300099.954922, 300232.000000, 1.000000, 2, 30.730540, 266580.769703, 266580.769703
Z3, 3, 10, 720, 7752.000000, 0.051104, 151690.670006, 152000.000000, 1.000000, 2, 30.730540, 236898.912720, 236898.912720
Z3, 4, 10, 720, 11432.000000, 0.051058, 223902.228838, 224152.000000, 1.000000, 2, 30.730540, 251341.224486, 251341.224486
Z3, 5, 10, 720, 17232.000000, 0.051005, 337849.230468, 337880.000000, 1.000000, 2, 30.730540, 274130.624812, 274130.624812
Z3, 6, 10, 720, 23328.000000, 0.051075, 456740.088106, 457408.000000, 1.000000, 2, 30.730540, 297908.796339, 297908.796339
Z3, 7, 10, 720, 18496.000000, 0.051153, 361581.920904, 362664.000000, 1.000000, 2, 30.730540, 278877.162899, 278877.162899
Z3, 8, 10, 720, 7968.000000, 0.051031, 156140.385256, 156232.000000, 1.000000, 2, 30.730540, 237788.855769, 237788.855769
Z3, 9, 10, 720, 19568.000000, 0.051058, 383250.421090, 383680.000000, 1.000000, 2, 30.730540, 283210.862936, 283210.862936
Z3, 10, 10, 720, 36064.000000, 0.051125, 705408.312958, 707136.000000, 1.000000, 2, 30.730540, 347642.441310, 347642.441310
Z3, 11, 10, 720, 29248.000000, 0.051083, 572558.385373, 573488.000000, 1.000000, 2, 30.730540, 321072.455793, 321072.455793
Z3, 12, 10, 720, 24216.000000, 0.051055, 474312.016453, 474816.000000, 1.000000, 2, 30.730540, 301423.182009, 301423.182009
Z3, 13, 10, 720, 54424.000000, 0.051133, 1064361.566894, 1067136.000000, 1.000000, 2, 30.730540, 419433.092097, 419433.092097
Z3, 14, 10, 720, 56832.000000, 0.101778, 558391.793904, 562688.000000, 1.000000, 2, 30.730540, 318239.137499, 318239.137499
Z3, 15, 10, 720, 29576.000000, 0.051036, 579512.500980, 579920.000000, 1.000000, 2, 30.730540, 322463.278914, 322463.278914
Z3, 16, 10, 720, 52328.000000, 0.051067, 1024693.050306, 1026032.000000, 1.000000, 2, 30.730540, 411499.388780, 411499.388780
Z3, 17, 10, 720, 52840.000000, 0.051134, 1033363.319905, 1036072.000000, 1.000000, 2, 30.730540, 413233.442699, 413233.442699
Z3, 18, 10, 720, 35136.000000, 0.051031, 688522.662695, 688936.000000, 1.000000, 2, 30.730540, 344265.311257, 344265.311257
Z3, 19, 10, 720, 23160.000000, 0.051026, 453886.254067, 454112.000000, 1.000000, 2, 30.730540, 297338.029532, 297338.029532
Z3, 20, 10, 720, 77048.000000, 0.101826, 756663.327637, 762848.000000, 1.000000, 2, 30.730540, 357893.444246, 357893.444246
Z3, 21, 10, 720, 68968.000000, 0.051281, 1344903.570523, 1352312.000000, 1.000000, 2, 30.730540, 475541.492823, 475541.492823
Z3, 22, 10, 720, 52224.000000, 0.051119, 1021616.228799, 1024000.000000, 1.000000, 2, 30.730540, 410884.024478, 410884.024478
Z3, 23, 10, 720, 76384.000000, 0.051298, 1489024.913252, 1497720.000000, 1.000000, 2, 30.730540, 504365.761369, 504365.761369
Z3, 24, 10, 720, 57512.000000, 0.051192, 1123456.790123, 1127680.000000, 1.000000, 2, 30.730540, 431252.136743, 431252.136743
Z3, 25, 10, 720, 35600.000000, 0.051009, 697916.054030, 698032.000000, 1.000000, 2, 30.730540, 346143.989524, 346143.989524
Z3, 26, 10, 720, 72816.000000, 0.051224, 1421521.161955, 1427760.000000, 1.000000, 2, 30.730540, 490865.011109, 490865.011109
Z3, 27, 10, 720, 93600.000000, 0.101890, 918637.746589, 926728.000000, 1.000000, 2, 30.730540, 390288.328036, 390288.328036
Z3, 28, 10, 720, 23040.000000, 0.050968, 452048.344059, 460800.000000, 1.000000, 2, 30.730540, 296970.447530, 296970.447530
Z3, 29, 10, 720, 35840.000000, 0.051062, 701891.817790, 702744.000000, 1.000000, 2, 30.730540, 346939.142276, 346939.142276
Z3, 30, 10, 720, 13072.000000, 0.050949, 256570.295786, 261440.000000, 1.000000, 2, 30.730540, 257874.837875, 257874.837875
Z3, 31, 10, 720, 20608.000000, 0.050997, 404102.202090, 412160.000000, 1.000000, 2, 30.730540, 287381.219136, 287381.219136
Z3, 32, 10, 720, 22584.000000, 0.050881, 443859.200880, 451680.000000, 1.000000, 2, 30.730540, 295332.618894, 295332.618894
Z3, 33, 10, 720, 14712.000000, 0.050980, 288583.758337, 294240.000000, 1.000000, 2, 30.730540, 264277.530386, 264277.530386
Z3, 34, 10, 720, 20512.000000, 0.051007, 402140.882624, 402192.000000, 1.000000, 2, 30.730540, 286988.955243, 286988.955243
Z3, 35, 10, 720, 17992.000000, 0.050966, 353019.660166, 359840.000000, 1.000000, 2, 30.730540, 277164.710751, 277164.710751
Z3, 36, 10, 720, 11464.000000, 0.050912, 225172.847266, 229280.000000, 1.000000, 2, 30.730540, 251595.348171, 251595.348171
Z3, 37, 10, 720, 22376.000000, 0.050977, 438943.052749, 447520.000000, 1.000000, 2, 30.730540, 294349.389268, 294349.389268
Z3, 38, 10, 720, 29088.000000, 0.050989, 570475.985016, 581760.000000, 1.000000, 2, 30.730540, 320655.975722, 320655.975722
