Zone, Tile_no, Seg_no, Reso, Seg_d_size, Seg_d_time, Bitrate, Bitrate1, Buf_lev, Buf_limit, Elapsed, Ref_vp, Local_avg
Z1, 0, 1, 720, 9960.000000, 0.355419, 28023.262684, 28056.000000, 1.000000, 2, 0.000065, 28023.262684, 28023.262684
Z2, 0, 1, 720, 8952.000000, 0.323357, 27684.571542, 27712.000000, 1.000000, 2, 0.000065, 13842.285771, 13842.285771
Z2, 1, 1, 720, 5424.000000, 0.101047, 53677.991430, 53696.000000, 1.000000, 2, 0.000065, 17892.663810, 17892.663810
Z2, 2, 1, 720, 7080.000000, 0.095079, 74464.392768, 74520.000000, 1.000000, 2, 0.000065, 18616.098192, 18616.098192
Z2, 3, 1, 720, 18976.000000, 0.087272, 217435.145293, 218112.000000, 1.000000, 2, 0.000065, 43487.029059, 43487.029059
Z2, 4, 1, 720, 8720.000000, 0.120117, 72595.885678, 72664.000000, 1.000000, 2, 0.000065, 14519.177136, 14519.177136
Z2, 5, 1, 720, 8336.000000, 0.117376, 71019.629226, 71240.000000, 1.000000, 2, 0.000065, 14203.925845, 14203.925845
Z2, 6, 1, 720, 6376.000000, 0.103330, 61705.216297, 61896.000000, 1.000000, 2, 0.000065, 12341.043259, 12341.043259
Z2, 7, 1, 720, 6872.000000, 0.105584, 65085.619033, 65440.000000, 1.000000, 2, 0.000065, 13017.123807, 13017.123807
Z3, 0, 1, 720, 7080.000000, 0.329632, 21478.497233, 21512.000000, 1.000000, 2, 0.000065, 4295.699447, 4295.699447
Z3, 1, 1, 720, 7080.000000, 0.102081, 69356.687337, 69408.000000, 1.000000, 2, 0.000065, 13871.337467, 13871.337467
Z3, 2, 1, 720, 5664.000000, 0.121769, 46514.301670, 46808.000000, 1.000000, 2, 0.000065, 9302.860334, 9302.860334
Z3, 3, 1, 720, 7080.000000, 0.082354, 85970.323239, 86336.000000, 1.000000, 2, 0.000065, 17194.064648, 17194.064648
Z3, 4, 1, 720, 7080.000000, 0.076743, 92255.971229, 93152.000000, 1.000000, 2, 0.000065, 18451.194246, 18451.194246
Z3, 5, 1, 720, 5664.000000, 0.124676, 45429.753922, 45672.000000, 1.000000, 2, 0.000065, 9085.950784, 9085.950784
Z3, 6, 1, 720, 7080.000000, 0.119047, 59472.309256, 59488.000000, 1.000000, 2, 0.000065, 11894.461851, 11894.461851
Z3, 7, 1, 720, 7080.000000, 0.123059, 57533.378298, 57560.000000, 1.000000, 2, 0.000065, 11506.675660, 11506.675660
Z3, 8, 1, 720, 5664.000000, 0.104888, 54000.457631, 54456.000000, 1.000000, 2, 0.000065, 10800.091526, 10800.091526
Z3, 9, 1, 720, 7080.000000, 0.117968, 60016.275600, 60512.000000, 1.000000, 2, 0.000065, 12003.255120, 12003.255120
Z3, 10, 1, 720, 12904.000000, 0.076573, 168518.929649, 169784.000000, 1.000000, 2, 0.000065, 33703.785930, 33703.785930
Z3, 11, 1, 720, 17344.000000, 0.109419, 158509.947998, 159112.000000, 1.000000, 2, 0.000065, 31701.989600, 31701.989600
Z3, 12, 1, 720, 16912.000000, 0.121385, 139325.287309, 139768.000000, 1.000000, 2, 0.000065, 27865.057462, 27865.057462
Z3, 13, 1, 720, 13240.000000, 0.087072, 152058.066887, 152176.000000, 1.000000, 2, 0.000065, 30411.613377, 30411.613377
Z3, 14, 1, 720, 28328.000000, 0.125302, 226077.796045, 226624.000000, 1.000000, 2, 0.000065, 45215.559209, 45215.559209
Z3, 15, 1, 720, 30528.000000, 0.084587, 360906.522279, 363424.000000, 1.000000, 2, 0.000065, 72181.304456, 72181.304456
Z3, 16, 1, 720, 16360.000000, 0.097199, 168314.488832, 168656.000000, 1.000000, 2, 0.000065, 33662.897766, 33662.897766
Z3, 17, 1, 720, 33216.000000, 0.099644, 333346.714303, 335512.000000, 1.000000, 2, 0.000065, 66669.342861, 66669.342861
Z3, 18, 1, 720, 28000.000000, 0.087608, 319605.515478, 321832.000000, 1.000000, 2, 0.000065, 63921.103096, 63921.103096
Z3, 19, 1, 720, 15744.000000, 0.121345, 129745.766204, 130112.000000, 1.000000, 2, 0.000065, 25949.153241, 25949.153241
Z3, 20, 1, 720, 16024.000000, 0.083730, 191377.045265, 193056.000000, 1.000000, 2, 0.000065, 38275.409053, 38275.409053
Z3, 21, 1, 720, 11576.000000, 0.082820, 139773.001690, 141168.000000, 1.000000, 2, 0.000065, 27954.600338, 27954.600338
Z3, 22, 1, 720, 10816.000000, 0.080627, 134148.610267, 135200.000000, 1.000000, 2, 0.000065, 26829.722053, 26829.722053
Z3, 23, 1, 720, 13224.000000, 0.090055, 146843.595580, 146928.000000, 1.000000, 2, 0.000065, 29368.719116, 29368.719116
Z3, 24, 1, 720, 17528.000000, 0.103498, 169355.929583, 170168.000000, 1.000000, 2, 0.000065, 33871.185917, 33871.185917
Z3, 25, 1, 720, 23824.000000, 0.117031, 203569.994275, 203616.000000, 1.000000, 2, 0.000065, 40713.998855, 40713.998855
Z3, 26, 1, 720, 11024.000000, 0.083556, 131935.468428, 132816.000000, 1.000000, 2, 0.000065, 26387.093686, 26387.093686
Z3, 27, 1, 720, 15112.000000, 0.097918, 154333.217590, 155792.000000, 1.000000, 2, 0.000065, 30866.643518, 30866.643518
Z3, 28, 1, 720, 24552.000000, 0.111590, 220019.715028, 221184.000000, 1.000000, 2, 0.000065, 44003.943006, 44003.943006
Z3, 29, 1, 720, 10824.000000, 0.077881, 138981.266291, 140568.000000, 1.000000, 2, 0.000065, 27796.253258, 27796.253258
Z3, 30, 1, 720, 6872.000000, 0.078329, 87732.512862, 88096.000000, 1.000000, 2, 0.000065, 17546.502572, 17546.502572
Z3, 31, 1, 720, 6872.000000, 0.078747, 87266.816514, 88096.000000, 1.000000, 2, 0.000065, 17453.363303, 17453.363303
Z3, 32, 1, 720, 6376.000000, 0.116236, 54853.917891, 54960.000000, 1.000000, 2, 0.000065, 10970.783578, 10970.783578
Z3, 33, 1, 720, 6872.000000, 0.098144, 70019.563091, 70120.000000, 1.000000, 2, 0.000065, 14003.912618, 14003.912618
Z3, 34, 1, 720, 6872.000000, 0.076783, 89498.977638, 90416.000000, 1.000000, 2, 0.000065, 17899.795528, 17899.795528
Z3, 35, 1, 720, 6376.000000, 0.107404, 59364.641913, 59584.000000, 1.000000, 2, 0.000065, 11872.928383, 11872.928383
Z3, 36, 1, 720, 6872.000000, 0.082318, 83481.134138, 83800.000000, 1.000000, 2, 0.000065, 16696.226828, 16696.226828
Z3, 37, 1, 720, 6872.000000, 0.077424, 88758.007853, 89240.000000, 1.000000, 2, 0.000065, 17751.601571, 17751.601571
Z3, 38, 1, 720, 6376.000000, 0.087881, 72552.656433, 73280.000000, 1.000000, 2, 0.000065, 14510.531287, 14510.531287
Z1, 0, 2, 720, 9320.000000, 0.370579, 25149.833099, 25184.000000, 1.000000, 2, 5.460015, 19540.497906, 19540.497906
Z2, 0, 2, 720, 6624.000000, 0.342333, 19349.580671, 19368.000000, 1.000000, 2, 5.460015, 18380.447421, 18380.447421
Z2, 1, 2, 720, 5424.000000, 0.115612, 46915.545099, 47160.000000, 1.000000, 2, 5.460015, 23893.640306, 23893.640306
Z2, 2, 2, 720, 7080.000000, 0.085695, 82618.589183, 83288.000000, 1.000000, 2, 5.460015, 31034.249123, 31034.249123
Z2, 3, 2, 720, 18392.000000, 0.104816, 175469.393986, 176840.000000, 1.000000, 2, 5.460015, 49604.410084, 49604.410084
Z2, 4, 2, 720, 9160.000000, 0.119011, 76967.675257, 76968.000000, 1.000000, 2, 5.460015, 29904.066338, 29904.066338
Z2, 5, 2, 720, 8048.000000, 0.080905, 99474.692541, 100600.000000, 1.000000, 2, 5.460015, 34405.469795, 34405.469795
Z2, 6, 2, 720, 6376.000000, 0.111305, 57284.039351, 57440.000000, 1.000000, 2, 5.460015, 25967.339157, 25967.339157
Z2, 7, 2, 720, 6872.000000, 0.100655, 68272.813074, 68720.000000, 1.000000, 2, 5.460015, 28165.093901, 28165.093901
Z3, 0, 2, 720, 7080.000000, 0.352669, 20075.481542, 20112.000000, 1.000000, 2, 5.460015, 18525.627595, 18525.627595
Z3, 1, 2, 720, 7080.000000, 0.078200, 90537.084399, 90768.000000, 1.000000, 2, 5.460015, 32617.948166, 32617.948166
Z3, 2, 2, 720, 5664.000000, 0.112379, 50400.875608, 50568.000000, 1.000000, 2, 5.460015, 24590.706408, 24590.706408
Z3, 3, 2, 720, 7080.000000, 0.106486, 66487.613395, 66792.000000, 1.000000, 2, 5.460015, 27808.053966, 27808.053966
Z3, 4, 2, 720, 7080.000000, 0.087367, 81037.462658, 81376.000000, 1.000000, 2, 5.460015, 30718.023818, 30718.023818
Z3, 5, 2, 720, 5664.000000, 0.122429, 46263.548669, 46424.000000, 1.000000, 2, 5.460015, 23763.241020, 23763.241020
Z3, 6, 2, 720, 7080.000000, 0.120434, 58787.385622, 59000.000000, 1.000000, 2, 5.460015, 26268.008411, 26268.008411
Z3, 7, 2, 720, 7080.000000, 0.125057, 56614.183932, 56640.000000, 1.000000, 2, 5.460015, 25833.368073, 25833.368073
Z3, 8, 2, 720, 5664.000000, 0.097232, 58252.427184, 58384.000000, 1.000000, 2, 5.460015, 26161.016724, 26161.016724
Z3, 9, 2, 720, 7080.000000, 0.083696, 84591.856242, 85296.000000, 1.000000, 2, 5.460015, 31428.902535, 31428.902535
Z3, 10, 2, 720, 12648.000000, 0.099820, 126708.074534, 127752.000000, 1.000000, 2, 5.460015, 39852.146193, 39852.146193
Z3, 11, 2, 720, 17112.000000, 0.108315, 157983.658773, 158440.000000, 1.000000, 2, 5.460015, 46107.263041, 46107.263041
Z3, 12, 2, 720, 15320.000000, 0.100041, 153137.213742, 153200.000000, 1.000000, 2, 5.460015, 45137.974035, 45137.974035
Z3, 13, 2, 720, 10704.000000, 0.103161, 103760.141914, 103920.000000, 1.000000, 2, 5.460015, 35262.559669, 35262.559669
Z3, 14, 2, 720, 18776.000000, 0.125476, 149638.177819, 150208.000000, 1.000000, 2, 5.460015, 44438.166850, 44438.166850
Z3, 15, 2, 720, 21848.000000, 0.103819, 210443.175141, 212112.000000, 1.000000, 2, 5.460015, 56599.166315, 56599.166315
Z3, 16, 2, 720, 12752.000000, 0.114716, 111161.477039, 111856.000000, 1.000000, 2, 5.460015, 36742.826694, 36742.826694
Z3, 17, 2, 720, 21856.000000, 0.118796, 183979.258561, 185216.000000, 1.000000, 2, 5.460015, 51306.382999, 51306.382999
Z3, 18, 2, 720, 16880.000000, 0.079181, 213182.455387, 213664.000000, 1.000000, 2, 5.460015, 57147.022364, 57147.022364
Z3, 19, 2, 720, 12128.000000, 0.100345, 120863.022572, 121280.000000, 1.000000, 2, 5.460015, 38683.135801, 38683.135801
Z3, 20, 2, 720, 15344.000000, 0.092984, 165017.637443, 166776.000000, 1.000000, 2, 5.460015, 47514.058775, 47514.058775
Z3, 21, 2, 720, 11592.000000, 0.089152, 130025.125628, 130240.000000, 1.000000, 2, 5.460015, 40515.556412, 40515.556412
Z3, 22, 2, 720, 9952.000000, 0.093002, 107008.451431, 107008.000000, 1.000000, 2, 5.460015, 35912.221573, 35912.221573
Z3, 23, 2, 720, 11064.000000, 0.094420, 117178.563864, 117696.000000, 1.000000, 2, 5.460015, 37946.244059, 37946.244059
Z3, 24, 2, 720, 14728.000000, 0.095177, 154743.267806, 155024.000000, 1.000000, 2, 5.460015, 45459.184848, 45459.184848
Z3, 25, 2, 720, 16264.000000, 0.107694, 151020.483964, 152000.000000, 1.000000, 2, 5.460015, 44714.628079, 44714.628079
Z3, 26, 2, 720, 9504.000000, 0.079005, 120296.183786, 120296.000000, 1.000000, 2, 5.460015, 38569.768044, 38569.768044
Z3, 27, 2, 720, 12688.000000, 0.111131, 114171.563290, 114304.000000, 1.000000, 2, 5.460015, 37344.843945, 37344.843945
Z3, 28, 2, 720, 17320.000000, 0.110975, 156071.187204, 157448.000000, 1.000000, 2, 5.460015, 45724.768727, 45724.768727
Z3, 29, 2, 720, 10632.000000, 0.095826, 110951.098867, 111912.000000, 1.000000, 2, 5.460015, 36700.751060, 36700.751060
Z3, 30, 2, 720, 6872.000000, 0.092679, 74148.404709, 74688.000000, 1.000000, 2, 5.460015, 29340.212228, 29340.212228
Z3, 31, 2, 720, 6872.000000, 0.085692, 80194.183821, 80840.000000, 1.000000, 2, 5.460015, 30549.368051, 30549.368051
Z3, 32, 2, 720, 6376.000000, 0.096552, 66036.954180, 66416.000000, 1.000000, 2, 5.460015, 27717.922123, 27717.922123
Z3, 33, 2, 720, 6872.000000, 0.113648, 60467.408137, 60808.000000, 1.000000, 2, 5.460015, 26604.012914, 26604.012914
Z3, 34, 2, 720, 6872.000000, 0.077344, 88849.813819, 89240.000000, 1.000000, 2, 5.460015, 32280.494050, 32280.494050
Z3, 35, 2, 720, 6376.000000, 0.122435, 52076.612080, 52256.000000, 1.000000, 2, 5.460015, 24925.853703, 24925.853703
Z3, 36, 2, 720, 6872.000000, 0.091561, 75053.789277, 75512.000000, 1.000000, 2, 5.460015, 29521.289142, 29521.289142
Z3, 37, 2, 720, 6872.000000, 0.108433, 63375.540656, 63624.000000, 1.000000, 2, 5.460015, 27185.639418, 27185.639418
Z3, 38, 2, 720, 6376.000000, 0.106084, 60103.314355, 60144.000000, 1.000000, 2, 5.460015, 26531.194158, 26531.194158
Z1, 0, 3, 720, 15304.000000, 0.349916, 43736.210976, 43848.000000, 1.000000, 2, 11.101808, 35278.436353, 35278.436353
Z2, 0, 3, 720, 6624.000000, 0.376741, 17582.370913, 17616.000000, 1.000000, 2, 11.101808, 30047.668340, 30047.668340
Z2, 1, 3, 720, 5664.000000, 0.124793, 45387.161139, 45672.000000, 1.000000, 2, 11.101808, 35608.626385, 35608.626385
Z2, 2, 3, 720, 7080.000000, 0.093165, 75994.203832, 76128.000000, 1.000000, 2, 11.101808, 41730.034924, 41730.034924
Z2, 3, 3, 720, 7080.000000, 0.097527, 72595.281307, 72984.000000, 1.000000, 2, 11.101808, 41050.250419, 41050.250419
Z2, 4, 3, 720, 12544.000000, 0.088997, 140948.571300, 142544.000000, 1.000000, 2, 11.101808, 54720.908418, 54720.908418
Z2, 5, 3, 720, 18632.000000, 0.079335, 234852.208987, 235848.000000, 1.000000, 2, 11.101808, 73501.635955, 73501.635955
Z2, 6, 3, 720, 10240.000000, 0.100853, 101533.915699, 102400.000000, 1.000000, 2, 11.101808, 46837.977297, 46837.977297
Z2, 7, 3, 720, 8424.000000, 0.108706, 77493.422626, 78000.000000, 1.000000, 2, 11.101808, 42029.878683, 42029.878683
Z3, 0, 3, 720, 5424.000000, 0.347055, 15628.646756, 15624.000000, 1.000000, 2, 11.101808, 29656.923509, 29656.923509
Z3, 1, 3, 720, 7080.000000, 0.096344, 73486.672756, 73744.000000, 1.000000, 2, 11.101808, 41228.528709, 41228.528709
Z3, 2, 3, 720, 7080.000000, 0.122980, 57570.336640, 58032.000000, 1.000000, 2, 11.101808, 38045.261486, 38045.261486
Z3, 3, 3, 720, 5664.000000, 0.100656, 56270.863138, 56640.000000, 1.000000, 2, 11.101808, 37785.366785, 37785.366785
Z3, 4, 3, 720, 7080.000000, 0.085496, 82810.891738, 83288.000000, 1.000000, 2, 11.101808, 43093.372505, 43093.372505
Z3, 5, 3, 720, 7080.000000, 0.105664, 67004.845548, 67424.000000, 1.000000, 2, 11.101808, 39932.163267, 39932.163267
Z3, 6, 3, 720, 5664.000000, 0.099461, 56946.944028, 57208.000000, 1.000000, 2, 11.101808, 37920.582963, 37920.582963
Z3, 7, 3, 720, 7080.000000, 0.076885, 92085.582363, 93152.000000, 1.000000, 2, 11.101808, 44948.310630, 44948.310630
Z3, 8, 3, 720, 7080.000000, 0.123665, 57251.445437, 57560.000000, 1.000000, 2, 11.101808, 37981.483245, 37981.483245
Z3, 9, 3, 720, 14120.000000, 0.123015, 114782.750071, 114792.000000, 1.000000, 2, 11.101808, 49487.744172, 49487.744172
Z3, 10, 3, 720, 17536.000000, 0.078813, 222501.363988, 224816.000000, 1.000000, 2, 11.101808, 71031.466955, 71031.466955
Z3, 11, 3, 720, 16008.000000, 0.076391, 209553.481431, 210624.000000, 1.000000, 2, 11.101808, 68441.890444, 68441.890444
Z3, 12, 3, 720, 10896.000000, 0.106027, 102766.276514, 102792.000000, 1.000000, 2, 11.101808, 47084.449460, 47084.449460
Z3, 13, 3, 720, 19720.000000, 0.099704, 197785.444917, 199184.000000, 1.000000, 2, 11.101808, 66088.283141, 66088.283141
Z3, 14, 3, 720, 20104.000000, 0.105010, 191448.433483, 191464.000000, 1.000000, 2, 11.101808, 64820.880854, 64820.880854
Z3, 15, 3, 720, 12504.000000, 0.113252, 110408.646205, 110648.000000, 1.000000, 2, 11.101808, 48612.923399, 48612.923399
Z3, 16, 3, 720, 23072.000000, 0.089547, 257652.405999, 259232.000000, 1.000000, 2, 11.101808, 78061.675357, 78061.675357
Z3, 17, 3, 720, 18112.000000, 0.078317, 231265.242540, 232200.000000, 1.000000, 2, 11.101808, 72784.242666, 72784.242666
Z3, 18, 3, 720, 9664.000000, 0.076893, 125681.141326, 127152.000000, 1.000000, 2, 11.101808, 51667.422423, 51667.422423
Z3, 19, 3, 720, 12280.000000, 0.108719, 112951.737967, 113696.000000, 1.000000, 2, 11.101808, 49121.541751, 49121.541751
Z3, 20, 3, 720, 10368.000000, 0.120137, 86301.472486, 86400.000000, 1.000000, 2, 11.101808, 43791.488655, 43791.488655
Z3, 21, 3, 720, 10520.000000, 0.098333, 106983.413503, 107344.000000, 1.000000, 2, 11.101808, 47927.876858, 47927.876858
Z3, 22, 3, 720, 15288.000000, 0.089194, 171401.663789, 171768.000000, 1.000000, 2, 11.101808, 60811.526915, 60811.526915
Z3, 23, 3, 720, 16344.000000, 0.110007, 148572.363577, 148576.000000, 1.000000, 2, 11.101808, 56245.666873, 56245.666873
Z3, 24, 3, 720, 9016.000000, 0.102828, 87680.398335, 88392.000000, 1.000000, 2, 11.101808, 44067.273825, 44067.273825
Z3, 25, 3, 720, 13800.000000, 0.090200, 152993.348115, 153328.000000, 1.000000, 2, 11.101808, 57129.863781, 57129.863781
Z3, 26, 3, 720, 17664.000000, 0.105744, 167044.938720, 168224.000000, 1.000000, 2, 11.101808, 59940.181902, 59940.181902
Z3, 27, 3, 720, 9896.000000, 0.121370, 81535.799621, 81784.000000, 1.000000, 2, 11.101808, 42838.354082, 42838.354082
Z3, 28, 3, 720, 6376.000000, 0.111865, 56997.273499, 57440.000000, 1.000000, 2, 11.101808, 37930.648857, 37930.648857
Z3, 29, 3, 720, 6872.000000, 0.083546, 82254.087569, 82792.000000, 1.000000, 2, 11.101808, 42982.011671, 42982.011671
Z3, 30, 3, 720, 6872.000000, 0.100677, 68257.894057, 68720.000000, 1.000000, 2, 11.101808, 40182.772969, 40182.772969
Z3, 31, 3, 720, 6376.000000, 0.089245, 71443.778363, 71640.000000, 1.000000, 2, 11.101808, 40819.949830, 40819.949830
Z3, 32, 3, 720, 6872.000000, 0.097201, 70698.861123, 70840.000000, 1.000000, 2, 11.101808, 40670.966382, 40670.966382
Z3, 33, 3, 720, 6872.000000, 0.084186, 81628.774381, 81808.000000, 1.000000, 2, 11.101808, 42856.949034, 42856.949034
Z3, 34, 3, 720, 6376.000000, 0.081636, 78102.797785, 78712.000000, 1.000000, 2, 11.101808, 42151.753715, 42151.753715
Z3, 35, 3, 720, 6872.000000, 0.082327, 83472.007968, 83800.000000, 1.000000, 2, 11.101808, 43225.595751, 43225.595751
Z3, 36, 3, 720, 6872.000000, 0.109972, 62488.633470, 63040.000000, 1.000000, 2, 11.101808, 39028.920852, 39028.920852
Z3, 37, 3, 720, 6376.000000, 0.096281, 66222.826934, 66416.000000, 1.000000, 2, 11.101808, 39775.759544, 39775.759544
Z3, 38, 3, 720, 6872.000000, 0.086478, 79465.297532, 79904.000000, 1.000000, 2, 11.101808, 42424.253664, 42424.253664
Z1, 0, 4, 720, 7200.000000, 0.387839, 18564.404302, 18600.000000, 1.000000, 2, 16.604554, 46137.134524, 46137.134524
Z2, 0, 4, 720, 6624.000000, 0.332261, 19936.134545, 19944.000000, 1.000000, 2, 16.604554, 46411.480573, 46411.480573
Z2, 1, 4, 720, 6648.000000, 0.079273, 83862.096805, 84144.000000, 1.000000, 2, 16.604554, 59196.673025, 59196.673025
Z2, 2, 4, 720, 7296.000000, 0.113961, 64021.902230, 64560.000000, 1.000000, 2, 16.604554, 55228.634110, 55228.634110
Z2, 3, 4, 720, 17272.000000, 0.084201, 205128.205128, 205616.000000, 1.000000, 2, 16.604554, 83449.894690, 83449.894690
Z2, 4, 4, 720, 22592.000000, 0.122339, 184667.195253, 185176.000000, 1.000000, 2, 16.604554, 79357.692715, 79357.692715
Z2, 5, 4, 720, 17472.000000, 0.106965, 163343.149628, 164824.000000, 1.000000, 2, 16.604554, 75092.883590, 75092.883590
Z2, 6, 4, 720, 6424.000000, 0.101133, 63520.314833, 63600.000000, 1.000000, 2, 16.604554, 55128.316631, 55128.316631
Z2, 7, 4, 720, 6872.000000, 0.084963, 80882.266398, 81808.000000, 1.000000, 2, 16.604554, 58600.706944, 58600.706944
Z3, 0, 4, 720, 6448.000000, 0.333827, 19315.393902, 19360.000000, 1.000000, 2, 16.604554, 46287.332444, 46287.332444
Z3, 1, 4, 720, 7448.000000, 0.076793, 96988.006719, 98000.000000, 1.000000, 2, 16.604554, 61821.855008, 61821.855008
Z3, 2, 4, 720, 7424.000000, 0.104785, 70849.835377, 71384.000000, 1.000000, 2, 16.604554, 56594.220739, 56594.220739
Z3, 3, 4, 720, 6648.000000, 0.121032, 54927.622447, 54936.000000, 1.000000, 2, 16.604554, 53409.778153, 53409.778153
Z3, 4, 4, 720, 7224.000000, 0.119773, 60314.094161, 60704.000000, 1.000000, 2, 16.604554, 54487.072496, 54487.072496
Z3, 5, 4, 720, 7240.000000, 0.093403, 77513.570228, 77848.000000, 1.000000, 2, 16.604554, 57926.967710, 57926.967710
Z3, 6, 4, 720, 6648.000000, 0.082531, 80551.550327, 81072.000000, 1.000000, 2, 16.604554, 58534.563729, 58534.563729
Z3, 7, 4, 720, 7232.000000, 0.118518, 61020.266964, 61288.000000, 1.000000, 2, 16.604554, 54628.307057, 54628.307057
Z3, 8, 4, 720, 7296.000000, 0.123923, 58875.269320, 59312.000000, 1.000000, 2, 16.604554, 54199.307528, 54199.307528
Z3, 9, 4, 720, 16456.000000, 0.113518, 144963.794288, 145624.000000, 1.000000, 2, 16.604554, 71417.012522, 71417.012522
Z3, 10, 4, 720, 25392.000000, 0.114992, 220815.361069, 222736.000000, 1.000000, 2, 16.604554, 86587.325878, 86587.325878
Z3, 11, 4, 720, 21592.000000, 0.109622, 196967.761946, 198088.000000, 1.000000, 2, 16.604554, 81817.806053, 81817.806053
Z3, 12, 4, 720, 13528.000000, 0.120238, 112510.188127, 112728.000000, 1.000000, 2, 16.604554, 64926.291289, 64926.291289
Z3, 13, 4, 720, 29512.000000, 0.093283, 316370.614153, 317328.000000, 1.000000, 2, 16.604554, 105698.376495, 105698.376495
Z3, 14, 4, 720, 29688.000000, 0.101004, 293928.953309, 293936.000000, 1.000000, 2, 16.604554, 101210.044326, 101210.044326
Z3, 15, 4, 720, 16760.000000, 0.096931, 172906.500500, 174576.000000, 1.000000, 2, 16.604554, 77005.553764, 77005.553764
Z3, 16, 4, 720, 33128.000000, 0.123517, 268205.995936, 269328.000000, 1.000000, 2, 16.604554, 96065.452851, 96065.452851
Z3, 17, 4, 720, 26248.000000, 0.113511, 231237.501211, 232280.000000, 1.000000, 2, 16.604554, 88671.753906, 88671.753906
Z3, 18, 4, 720, 26240.000000, 0.110568, 237320.020259, 238544.000000, 1.000000, 2, 16.604554, 89888.257716, 89888.257716
Z3, 19, 4, 720, 14624.000000, 0.102324, 142918.572378, 143368.000000, 1.000000, 2, 16.604554, 71007.968140, 71007.968140
Z3, 20, 4, 720, 26816.000000, 0.125431, 213790.849152, 214528.000000, 1.000000, 2, 16.604554, 85182.423494, 85182.423494
Z3, 21, 4, 720, 23128.000000, 0.110461, 209377.065209, 210248.000000, 1.000000, 2, 16.604554, 84299.666706, 84299.666706
Z3, 22, 4, 720, 19440.000000, 0.104364, 186271.127975, 186920.000000, 1.000000, 2, 16.604554, 79678.479259, 79678.479259
Z3, 23, 4, 720, 29088.000000, 0.120695, 241004.184100, 242400.000000, 1.000000, 2, 16.604554, 90625.090484, 90625.090484
Z3, 24, 4, 720, 29840.000000, 0.083466, 357510.842738, 359512.000000, 1.000000, 2, 16.604554, 113926.422212, 113926.422212
Z3, 25, 4, 720, 17200.000000, 0.083799, 205253.045979, 207224.000000, 1.000000, 2, 16.604554, 83474.862860, 83474.862860
Z3, 26, 4, 720, 25664.000000, 0.089948, 285320.407346, 288352.000000, 1.000000, 2, 16.604554, 99488.335133, 99488.335133
Z3, 27, 4, 720, 26808.000000, 0.113541, 236108.542289, 237232.000000, 1.000000, 2, 16.604554, 89645.962122, 89645.962122
Z3, 28, 4, 720, 12720.000000, 0.118178, 107634.246645, 107792.000000, 1.000000, 2, 16.604554, 63951.102993, 63951.102993
Z3, 29, 4, 720, 11496.000000, 0.076518, 150239.159413, 151256.000000, 1.000000, 2, 16.604554, 72472.085547, 72472.085547
Z3, 30, 4, 720, 6448.000000, 0.091490, 70477.647830, 70856.000000, 1.000000, 2, 16.604554, 56519.783230, 56519.783230
Z3, 31, 4, 720, 7200.000000, 0.118991, 60508.777975, 61016.000000, 1.000000, 2, 16.604554, 54526.009259, 54526.009259
Z3, 32, 4, 720, 7520.000000, 0.110333, 68157.305611, 68360.000000, 1.000000, 2, 16.604554, 56055.714786, 56055.714786
Z3, 33, 4, 720, 6728.000000, 0.092184, 72984.465851, 73128.000000, 1.000000, 2, 16.604554, 57021.146834, 57021.146834
Z3, 34, 4, 720, 7224.000000, 0.113526, 63633.000370, 63928.000000, 1.000000, 2, 16.604554, 55150.853738, 55150.853738
Z3, 35, 4, 720, 7256.000000, 0.076282, 95120.736216, 95472.000000, 1.000000, 2, 16.604554, 61448.400907, 61448.400907
Z3, 36, 4, 720, 6544.000000, 0.101405, 64533.307036, 64792.000000, 1.000000, 2, 16.604554, 55330.915071, 55330.915071
Z3, 37, 4, 720, 12272.000000, 0.118548, 103519.249587, 104000.000000, 1.000000, 2, 16.604554, 63128.103581, 63128.103581
Z3, 38, 4, 720, 8544.000000, 0.099048, 86261.206688, 86296.000000, 1.000000, 2, 16.604554, 59676.495002, 59676.495002
Z1, 0, 5, 720, 8792.000000, 0.334981, 26246.264714, 26320.000000, 1.000000, 2, 22.347272, 64925.747944, 64925.747944
Z2, 0, 5, 720, 6624.000000, 0.313942, 21099.438750, 21160.000000, 1.000000, 2, 22.347272, 63896.382752, 63896.382752
Z2, 1, 5, 720, 7616.000000, 0.116963, 65114.608893, 65648.000000, 1.000000, 2, 22.347272, 72699.416780, 72699.416780
Z2, 2, 5, 720, 8816.000000, 0.108132, 81529.981874, 81624.000000, 1.000000, 2, 22.347272, 75982.491376, 75982.491376
Z2, 3, 5, 720, 14976.000000, 0.108295, 138288.933007, 138664.000000, 1.000000, 2, 22.347272, 87334.281603, 87334.281603
Z2, 4, 5, 720, 20272.000000, 0.113977, 177860.445528, 179392.000000, 1.000000, 2, 22.347272, 95248.584107, 95248.584107
Z2, 5, 5, 720, 21272.000000, 0.103760, 205011.565150, 206520.000000, 1.000000, 2, 22.347272, 100678.808032, 100678.808032
Z2, 6, 5, 720, 9680.000000, 0.096915, 99881.339318, 100832.000000, 1.000000, 2, 22.347272, 79652.762865, 79652.762865
Z2, 7, 5, 720, 12888.000000, 0.083448, 154443.485764, 155272.000000, 1.000000, 2, 22.347272, 90565.192154, 90565.192154
Z3, 0, 5, 720, 7712.000000, 0.368720, 20915.599913, 20952.000000, 1.000000, 2, 22.347272, 63859.614984, 63859.614984
Z3, 1, 5, 720, 9624.000000, 0.119042, 80845.415904, 80872.000000, 1.000000, 2, 22.347272, 75845.578182, 75845.578182
Z3, 2, 5, 720, 9096.000000, 0.098200, 92627.291242, 92816.000000, 1.000000, 2, 22.347272, 78201.953250, 78201.953250
Z3, 3, 5, 720, 7632.000000, 0.080953, 94276.926118, 95400.000000, 1.000000, 2, 22.347272, 78531.880225, 78531.880225
Z3, 4, 5, 720, 8304.000000, 0.094147, 88202.491848, 88336.000000, 1.000000, 2, 22.347272, 77316.993371, 77316.993371
Z3, 5, 5, 720, 8504.000000, 0.094962, 89551.610118, 90464.000000, 1.000000, 2, 22.347272, 77586.817025, 77586.817025
Z3, 6, 5, 720, 7384.000000, 0.077670, 95068.881164, 95896.000000, 1.000000, 2, 22.347272, 78690.271234, 78690.271234
Z3, 7, 5, 720, 8968.000000, 0.113727, 78855.504849, 79360.000000, 1.000000, 2, 22.347272, 75447.595971, 75447.595971
Z3, 8, 5, 720, 8912.000000, 0.117250, 76008.528785, 76168.000000, 1.000000, 2, 22.347272, 74878.200758, 74878.200758
Z3, 9, 5, 720, 16688.000000, 0.116749, 142939.125817, 143856.000000, 1.000000, 2, 22.347272, 88264.320165, 88264.320165
Z3, 10, 5, 720, 23832.000000, 0.115684, 206009.474085, 207232.000000, 1.000000, 2, 22.347272, 100878.389818, 100878.389818
Z3, 11, 5, 720, 21144.000000, 0.120603, 175319.021915, 176200.000000, 1.000000, 2, 22.347272, 94740.299385, 94740.299385
Z3, 12, 5, 720, 14272.000000, 0.110441, 129227.370270, 129744.000000, 1.000000, 2, 22.347272, 85521.969056, 85521.969056
Z3, 13, 5, 720, 27640.000000, 0.123457, 223883.619398, 224712.000000, 1.000000, 2, 22.347272, 104453.218881, 104453.218881
Z3, 14, 5, 720, 33288.000000, 0.105075, 316802.284083, 317024.000000, 1.000000, 2, 22.347272, 123036.951818, 123036.951818
Z3, 15, 5, 720, 17576.000000, 0.097519, 180231.544622, 181192.000000, 1.000000, 2, 22.347272, 95722.803926, 95722.803926
Z3, 16, 5, 720, 34872.000000, 0.100339, 347541.833186, 348720.000000, 1.000000, 2, 22.347272, 129184.861639, 129184.861639
Z3, 17, 5, 720, 27336.000000, 0.096147, 284314.643203, 284744.000000, 1.000000, 2, 22.347272, 116539.423642, 116539.423642
Z3, 18, 5, 720, 25312.000000, 0.123411, 205103.272804, 205784.000000, 1.000000, 2, 22.347272, 100697.149562, 100697.149562
Z3, 19, 5, 720, 18312.000000, 0.103625, 176714.113390, 177784.000000, 1.000000, 2, 22.347272, 95019.317679, 95019.317679
Z3, 20, 5, 720, 41432.000000, 0.100828, 410917.602253, 414320.000000, 1.000000, 2, 22.347272, 141860.015452, 141860.015452
Z3, 21, 5, 720, 36760.000000, 0.112200, 327629.233512, 328208.000000, 1.000000, 2, 22.347272, 125202.341704, 125202.341704
Z3, 22, 5, 720, 21272.000000, 0.092261, 230563.293266, 231216.000000, 1.000000, 2, 22.347272, 105789.153655, 105789.153655
Z3, 23, 5, 720, 43464.000000, 0.116503, 373071.938062, 374688.000000, 1.000000, 2, 22.347272, 134290.882614, 134290.882614
Z3, 24, 5, 720, 42000.000000, 0.125933, 333510.676312, 336000.000000, 1.000000, 2, 22.347272, 126378.630264, 126378.630264
Z3, 25, 5, 720, 20304.000000, 0.124340, 163294.193341, 163736.000000, 1.000000, 2, 22.347272, 92335.333670, 92335.333670
Z3, 26, 5, 720, 32736.000000, 0.100343, 326240.993393, 327360.000000, 1.000000, 2, 22.347272, 124924.693680, 124924.693680
Z3, 27, 5, 720, 34608.000000, 0.108367, 319359.214521, 320440.000000, 1.000000, 2, 22.347272, 123548.337906, 123548.337906
Z3, 28, 5, 720, 13208.000000, 0.091645, 144121.337771, 145136.000000, 1.000000, 2, 22.347272, 88500.762556, 88500.762556
Z3, 29, 5, 720, 16320.000000, 0.102744, 158841.392198, 160000.000000, 1.000000, 2, 22.347272, 91444.773441, 91444.773441
Z3, 30, 5, 720, 8752.000000, 0.098393, 88949.417133, 89304.000000, 1.000000, 2, 22.347272, 77466.378428, 77466.378428
Z3, 31, 5, 720, 12760.000000, 0.105228, 121260.501007, 121520.000000, 1.000000, 2, 22.347272, 83928.595203, 83928.595203
Z3, 32, 5, 720, 15440.000000, 0.119791, 128891.152090, 129744.000000, 1.000000, 2, 22.347272, 85454.725420, 85454.725420
Z3, 33, 5, 720, 10000.000000, 0.113505, 88101.845734, 88488.000000, 1.000000, 2, 22.347272, 77296.864148, 77296.864148
Z3, 34, 5, 720, 15200.000000, 0.108519, 140067.637925, 140736.000000, 1.000000, 2, 22.347272, 87690.022587, 87690.022587
Z3, 35, 5, 720, 18352.000000, 0.080485, 228017.643039, 229400.000000, 1.000000, 2, 22.347272, 105280.023609, 105280.023609
Z3, 36, 5, 720, 11224.000000, 0.099224, 113117.794082, 113368.000000, 1.000000, 2, 22.347272, 82300.053818, 82300.053818
Z3, 37, 5, 720, 23240.000000, 0.112805, 206019.236736, 207496.000000, 1.000000, 2, 22.347272, 100880.342349, 100880.342349
Z3, 38, 5, 720, 16824.000000, 0.076812, 219028.276832, 221368.000000, 1.000000, 2, 22.347272, 103482.150368, 103482.150368
Z1, 0, 6, 720, 7488.000000, 0.334294, 22399.444800, 22416.000000, 1.000000, 2, 28.102443, 93451.508041, 93451.508041
Z2, 0, 6, 720, 6624.000000, 0.324640, 20404.139970, 20440.000000, 1.000000, 2, 28.102443, 93052.447075, 93052.447075
Z2, 1, 6, 720, 6768.000000, 0.112336, 60247.827945, 60424.000000, 1.000000, 2, 28.102443, 101021.184670, 101021.184670
Z2, 2, 6, 720, 7752.000000, 0.079578, 97413.858101, 98120.000000, 1.000000, 2, 28.102443, 108454.390702, 108454.390702
Z2, 3, 6, 720, 10768.000000, 0.124423, 86543.484725, 86832.000000, 1.000000, 2, 28.102443, 106280.316026, 106280.316026
Z2, 4, 6, 720, 14912.000000, 0.101026, 147605.566884, 147640.000000, 1.000000, 2, 28.102443, 118492.732458, 118492.732458
Z2, 5, 6, 720, 14376.000000, 0.102426, 140354.987991, 140936.000000, 1.000000, 2, 28.102443, 117042.616680, 117042.616680
Z2, 6, 6, 720, 7176.000000, 0.083249, 86199.233624, 86456.000000, 1.000000, 2, 28.102443, 106211.465806, 106211.465806
Z2, 7, 6, 720, 8768.000000, 0.096110, 91228.800333, 91328.000000, 1.000000, 2, 28.102443, 107217.379148, 107217.379148
Z3, 0, 6, 720, 6760.000000, 0.378123, 17877.780511, 17880.000000, 1.000000, 2, 28.102443, 92547.175183, 92547.175183
Z3, 1, 6, 720, 8320.000000, 0.096020, 86648.614872, 86664.000000, 1.000000, 2, 28.102443, 106301.342056, 106301.342056
Z3, 2, 6, 720, 7800.000000, 0.106091, 73521.787899, 73584.000000, 1.000000, 2, 28.102443, 103675.976661, 103675.976661
Z3, 3, 6, 720, 6928.000000, 0.116672, 59380.142622, 59720.000000, 1.000000, 2, 28.102443, 100847.647606, 100847.647606
Z3, 4, 6, 720, 7472.000000, 0.121370, 61563.813133, 61752.000000, 1.000000, 2, 28.102443, 101284.381708, 101284.381708
Z3, 5, 6, 720, 7416.000000, 0.079419, 93378.158879, 93872.000000, 1.000000, 2, 28.102443, 107647.250857, 107647.250857
Z3, 6, 6, 720, 6760.000000, 0.111925, 60397.587670, 60896.000000, 1.000000, 2, 28.102443, 101051.136615, 101051.136615
Z3, 7, 6, 720, 7600.000000, 0.082828, 91756.410876, 92680.000000, 1.000000, 2, 28.102443, 107322.901256, 107322.901256
Z3, 8, 6, 720, 7600.000000, 0.125304, 60652.493137, 60800.000000, 1.000000, 2, 28.102443, 101102.117709, 101102.117709
Z3, 9, 6, 720, 12912.000000, 0.105436, 122462.915892, 122968.000000, 1.000000, 2, 28.102443, 113464.202260, 113464.202260
Z3, 10, 6, 720, 17552.000000, 0.103401, 169746.907670, 170400.000000, 1.000000, 2, 28.102443, 122921.000615, 122921.000615
Z3, 11, 6, 720, 14968.000000, 0.087107, 171834.640155, 172040.000000, 1.000000, 2, 28.102443, 123338.547112, 123338.547112
Z3, 12, 6, 720, 10336.000000, 0.120524, 85758.853009, 86128.000000, 1.000000, 2, 28.102443, 106123.389683, 106123.389683
Z3, 13, 6, 720, 18344.000000, 0.086455, 212179.746689, 213296.000000, 1.000000, 2, 28.102443, 131407.568419, 131407.568419
Z3, 14, 6, 720, 20456.000000, 0.101721, 201099.084751, 202528.000000, 1.000000, 2, 28.102443, 129191.436032, 129191.436032
Z3, 15, 6, 720, 12480.000000, 0.123614, 100959.438251, 101456.000000, 1.000000, 2, 28.102443, 109163.506732, 109163.506732
Z3, 16, 6, 720, 18912.000000, 0.105773, 178797.991926, 180112.000000, 1.000000, 2, 28.102443, 124731.217467, 124731.217467
Z3, 17, 6, 720, 16112.000000, 0.114888, 140240.930297, 141328.000000, 1.000000, 2, 28.102443, 117019.805141, 117019.805141
Z3, 18, 6, 720, 17456.000000, 0.093953, 185795.025172, 187696.000000, 1.000000, 2, 28.102443, 126130.624116, 126130.624116
Z3, 19, 6, 720, 16088.000000, 0.081724, 196857.716216, 198616.000000, 1.000000, 2, 28.102443, 128343.162324, 128343.162324
Z3, 20, 6, 720, 31984.000000, 0.092711, 344986.031862, 347648.000000, 1.000000, 2, 28.102443, 157968.825454, 157968.825454
Z3, 21, 6, 720, 21472.000000, 0.103646, 207166.702043, 208464.000000, 1.000000, 2, 28.102443, 130404.959490, 130404.959490
Z3, 22, 6, 720, 19320.000000, 0.107054, 180469.669513, 180560.000000, 1.000000, 2, 28.102443, 125065.552984, 125065.552984
Z3, 23, 6, 720, 33040.000000, 0.103787, 318344.301309, 320776.000000, 1.000000, 2, 28.102443, 152640.479343, 152640.479343
Z3, 24, 6, 720, 26472.000000, 0.107722, 245743.673530, 247400.000000, 1.000000, 2, 28.102443, 138120.353787, 138120.353787
Z3, 25, 6, 720, 12984.000000, 0.097754, 132823.209280, 133848.000000, 1.000000, 2, 28.102443, 115536.260937, 115536.260937
Z3, 26, 6, 720, 21128.000000, 0.101456, 208247.910424, 209184.000000, 1.000000, 2, 28.102443, 130621.201166, 130621.201166
Z3, 27, 6, 720, 21576.000000, 0.089915, 239959.962187, 242424.000000, 1.000000, 2, 28.102443, 136963.611519, 136963.611519
Z3, 28, 6, 720, 9568.000000, 0.083308, 114850.914678, 115272.000000, 1.000000, 2, 28.102443, 111941.802017, 111941.802017
Z3, 29, 6, 720, 12800.000000, 0.078182, 163720.549487, 164096.000000, 1.000000, 2, 28.102443, 121715.728979, 121715.728979
Z3, 30, 6, 720, 7048.000000, 0.099425, 70887.603721, 71184.000000, 1.000000, 2, 28.102443, 103149.139826, 103149.139826
Z3, 31, 6, 720, 8656.000000, 0.080232, 107887.127331, 108200.000000, 1.000000, 2, 28.102443, 110549.044547, 110549.044547
Z3, 32, 6, 720, 9488.000000, 0.125153, 75811.207083, 75904.000000, 1.000000, 2, 28.102443, 104133.860498, 104133.860498
Z3, 33, 6, 720, 8424.000000, 0.096439, 87350.553199, 87744.000000, 1.000000, 2, 28.102443, 106441.729721, 106441.729721
Z3, 34, 6, 720, 9328.000000, 0.098248, 94943.408517, 95176.000000, 1.000000, 2, 28.102443, 107960.300785, 107960.300785
Z3, 35, 6, 720, 8680.000000, 0.110515, 78541.374474, 78904.000000, 1.000000, 2, 28.102443, 104679.893976, 104679.893976
Z3, 36, 6, 720, 7160.000000, 0.089334, 80148.655607, 80448.000000, 1.000000, 2, 28.102443, 105001.350203, 105001.350203
Z3, 37, 6, 720, 10360.000000, 0.113923, 90938.616434, 91680.000000, 1.000000, 2, 28.102443, 107159.342368, 107159.342368
Z3, 38, 6, 720, 9048.000000, 0.093252, 97027.409600, 97288.000000, 1.000000, 2, 28.102443, 108377.101001, 108377.101001
Z1, 0, 7, 720, 14352.000000, 0.347374, 41315.700081, 41360.000000, 1.000000, 2, 33.682471, 104619.578147, 104619.578147
Z2, 0, 7, 720, 6624.000000, 0.332957, 19894.460846, 19944.000000, 1.000000, 2, 33.682471, 100335.330300, 100335.330300
Z2, 1, 7, 720, 6792.000000, 0.084336, 80535.002846, 80856.000000, 1.000000, 2, 33.682471, 112463.438699, 112463.438699
Z2, 2, 7, 720, 7408.000000, 0.102301, 72413.759396, 72624.000000, 1.000000, 2, 33.682471, 110839.190010, 110839.190010
Z2, 3, 7, 720, 7464.000000, 0.095678, 78011.664123, 78568.000000, 1.000000, 2, 33.682471, 111958.770955, 111958.770955
Z2, 4, 7, 720, 10144.000000, 0.080225, 126444.375195, 126800.000000, 1.000000, 2, 33.682471, 121645.313169, 121645.313169
Z2, 5, 7, 720, 16856.000000, 0.080976, 208160.442600, 210696.000000, 1.000000, 2, 33.682471, 137988.526650, 137988.526650
Z2, 6, 7, 720, 9672.000000, 0.113831, 84968.066695, 85592.000000, 1.000000, 2, 33.682471, 113350.051469, 113350.051469
Z2, 7, 7, 720, 13368.000000, 0.101761, 131366.633583, 132352.000000, 1.000000, 2, 33.682471, 122629.764847, 122629.764847
Z3, 0, 7, 720, 6656.000000, 0.350772, 18975.288792, 19016.000000, 1.000000, 2, 33.682471, 100151.495889, 100151.495889
Z3, 1, 7, 720, 7664.000000, 0.115103, 66583.842298, 66640.000000, 1.000000, 2, 33.682471, 109673.206590, 109673.206590
Z3, 2, 7, 720, 7664.000000, 0.110840, 69144.713100, 69672.000000, 1.000000, 2, 33.682471, 110185.380750, 110185.380750
Z3, 3, 7, 720, 6920.000000, 0.080339, 86135.002925, 86496.000000, 1.000000, 2, 33.682471, 113583.438715, 113583.438715
Z3, 4, 7, 720, 7504.000000, 0.082755, 90677.300465, 91512.000000, 1.000000, 2, 33.682471, 114491.898223, 114491.898223
Z3, 5, 7, 720, 7480.000000, 0.101684, 73561.228905, 74056.000000, 1.000000, 2, 33.682471, 111068.683911, 111068.683911
Z3, 6, 7, 720, 6728.000000, 0.120091, 56024.181662, 56064.000000, 1.000000, 2, 33.682471, 107561.274463, 107561.274463
Z3, 7, 7, 720, 7632.000000, 0.103261, 73909.801377, 74096.000000, 1.000000, 2, 33.682471, 111138.398406, 111138.398406
Z3, 8, 7, 720, 7392.000000, 0.123617, 59797.600654, 60096.000000, 1.000000, 2, 33.682471, 108315.958261, 108315.958261
Z3, 9, 7, 720, 12800.000000, 0.105999, 120755.856187, 121904.000000, 1.000000, 2, 33.682471, 120507.609368, 120507.609368
Z3, 10, 7, 720, 16760.000000, 0.078232, 214234.584313, 214864.000000, 1.000000, 2, 33.682471, 139203.354993, 139203.354993
Z3, 11, 7, 720, 14104.000000, 0.076655, 183993.216359, 185576.000000, 1.000000, 2, 33.682471, 133155.081402, 133155.081402
Z3, 12, 7, 720, 9704.000000, 0.098887, 98132.211514, 99016.000000, 1.000000, 2, 33.682471, 115982.880433, 115982.880433
Z3, 13, 7, 720, 17248.000000, 0.101762, 169493.524105, 170768.000000, 1.000000, 2, 33.682471, 130255.142951, 130255.142951
Z3, 14, 7, 720, 21552.000000, 0.102503, 210257.260763, 211288.000000, 1.000000, 2, 33.682471, 138407.890283, 138407.890283
Z3, 15, 7, 720, 16688.000000, 0.088162, 189287.901817, 189632.000000, 1.000000, 2, 33.682471, 134214.018494, 134214.018494
Z3, 16, 7, 720, 23312.000000, 0.123415, 188891.139651, 189528.000000, 1.000000, 2, 33.682471, 134134.666060, 134134.666060
Z3, 17, 7, 720, 14952.000000, 0.117288, 127481.072232, 127792.000000, 1.000000, 2, 33.682471, 121852.652577, 121852.652577
Z3, 18, 7, 720, 23928.000000, 0.118805, 201405.664745, 202776.000000, 1.000000, 2, 33.682471, 136637.571079, 136637.571079
Z3, 19, 7, 720, 29544.000000, 0.120320, 245545.212766, 246200.000000, 1.000000, 2, 33.682471, 145465.480683, 145465.480683
Z3, 20, 7, 720, 31920.000000, 0.120948, 263915.070940, 266000.000000, 1.000000, 2, 33.682471, 149139.452318, 149139.452318
Z3, 21, 7, 720, 15096.000000, 0.080551, 187409.219004, 188696.000000, 1.000000, 2, 33.682471, 133838.281931, 133838.281931
Z3, 22, 7, 720, 22296.000000, 0.099856, 223281.525397, 225208.000000, 1.000000, 2, 33.682471, 141012.743210, 141012.743210
Z3, 23, 7, 720, 24272.000000, 0.113936, 213031.877545, 214792.000000, 1.000000, 2, 33.682471, 138962.813639, 138962.813639
Z3, 24, 7, 720, 13368.000000, 0.118294, 113006.576834, 113288.000000, 1.000000, 2, 33.682471, 118957.753497, 118957.753497
Z3, 25, 7, 720, 21768.000000, 0.114381, 190311.327930, 190944.000000, 1.000000, 2, 33.682471, 134418.703716, 134418.703716
Z3, 26, 7, 720, 21680.000000, 0.118916, 182313.565878, 183728.000000, 1.000000, 2, 33.682471, 132819.151306, 132819.151306
Z3, 27, 7, 720, 15008.000000, 0.090671, 165521.500811, 166752.000000, 1.000000, 2, 33.682471, 129460.738292, 129460.738292
Z3, 28, 7, 720, 13424.000000, 0.079684, 168465.438482, 169920.000000, 1.000000, 2, 33.682471, 130049.525827, 130049.525827
Z3, 29, 7, 720, 8064.000000, 0.080316, 100403.406544, 100800.000000, 1.000000, 2, 33.682471, 116437.119439, 116437.119439
Z3, 30, 7, 720, 9424.000000, 0.091621, 102858.514969, 103560.000000, 1.000000, 2, 33.682471, 116928.141124, 116928.141124
Z3, 31, 7, 720, 7368.000000, 0.108172, 68113.744777, 68216.000000, 1.000000, 2, 33.682471, 109979.187086, 109979.187086
Z3, 32, 7, 720, 8792.000000, 0.106887, 82255.091826, 82936.000000, 1.000000, 2, 33.682471, 112807.456495, 112807.456495
Z3, 33, 7, 720, 8568.000000, 0.114272, 74978.997480, 75152.000000, 1.000000, 2, 33.682471, 111352.237626, 111352.237626
Z3, 34, 7, 720, 7064.000000, 0.099726, 70834.085394, 71352.000000, 1.000000, 2, 33.682471, 110523.255209, 110523.255209
Z3, 35, 7, 720, 10104.000000, 0.121986, 82829.177119, 83504.000000, 1.000000, 2, 33.682471, 112922.273554, 112922.273554
Z3, 36, 7, 720, 8640.000000, 0.114081, 75735.661504, 75784.000000, 1.000000, 2, 33.682471, 111503.570431, 111503.570431
Z3, 37, 7, 720, 7168.000000, 0.096830, 74026.644635, 74664.000000, 1.000000, 2, 33.682471, 111161.767057, 111161.767057
Z3, 38, 7, 720, 8160.000000, 0.097293, 83870.370941, 84120.000000, 1.000000, 2, 33.682471, 113130.512319, 113130.512319
