Zone, Tile_no, Seg_no, Reso, Seg_d_size, Seg_d_time, Bitrate, Bitrate1, Buf_lev, Buf_limit, Elapsed, Ref_vp, Local_avg,QoE,QoE1,Z1,Z2,Z3,delay,jitter,loss
Z1,0,1,720,9960.0,0.334182,29804.118714,29816.0,1.0,2,6.2e-05,29804.118714,29804.118714,1814619.0251729,4810926.516706001,241159.05023,5486025.633373,35449100.548704006,100,25,0
Z2,0,1,720,8952.0,0.347251,25779.623385,25792.0,1.0,2,6.2e-05,12889.811692,12889.811692,1814619.0251729,4810926.516706001,241159.05023,5486025.633373,35449100.548704006,100,25,0
Z2,1,1,720,5424.0,0.109192,49673.968789,49760.0,1.0,2,6.2e-05,16557.989596,16557.989596,1814619.0251729,4810926.516706001,241159.05023,5486025.633373,35449100.548704006,100,25,0
Z2,2,1,720,7080.0,0.122755,57675.858417,58032.0,1.0,2,6.2e-05,14418.964604,14418.964604,1814619.0251729,4810926.516706001,241159.05023,5486025.633373,35449100.548704006,100,25,0
Z2,3,1,720,18976.0,0.093735,202443.057556,204040.0,1.0,2,6.2e-05,40488.611511,40488.611511,1814619.0251729,4810926.516706001,241159.05023,5486025.633373,35449100.548704006,100,25,0
Z2,4,1,720,8720.0,0.123678,70505.667944,70888.0,1.0,2,6.2e-05,14101.133589,14101.133589,1814619.0251729,4810926.516706001,241159.05023,5486025.633373,35449100.548704006,100,25,0
Z2,5,1,720,8336.0,0.101436,82179.896684,82528.0,1.0,2,6.2e-05,16435.979337,16435.979337,1814619.0251729,4810926.516706001,241159.05023,5486025.633373,35449100.548704006,100,25,0
Z2,6,1,720,6376.0,0.076467,83382.374096,83888.0,1.0,2,6.2e-05,16676.474819,16676.474819,1814619.0251729,4810926.516706001,241159.05023,5486025.633373,35449100.548704006,100,25,0
Z2,7,1,720,6872.0,0.096858,70949.224638,71576.0,1.0,2,6.2e-05,14189.844928,14189.844928,1814619.0251729,4810926.516706001,241159.05023,5486025.633373,35449100.548704006,100,25,0
Z3,0,1,720,7080.0,0.355668,19906.204663,19936.0,1.0,2,6.2e-05,3981.240933,3981.240933,1814619.0251729,4810926.516706001,241159.05023,5486025.633373,35449100.548704006,100,25,0
Z3,1,1,720,7080.0,0.107676,65752.813998,66168.0,1.0,2,6.2e-05,13150.5628,13150.5628,1814619.0251729,4810926.516706001,241159.05023,5486025.633373,35449100.548704006,100,25,0
Z3,2,1,720,5664.0,0.12425,45585.513078,45672.0,1.0,2,6.2e-05,9117.102616,9117.102616,1814619.0251729,4810926.516706001,241159.05023,5486025.633373,35449100.548704006,100,25,0
Z3,3,1,720,7080.0,0.07781,90990.875209,91944.0,1.0,2,6.2e-05,18198.175042,18198.175042,1814619.0251729,4810926.516706001,241159.05023,5486025.633373,35449100.548704006,100,25,0
Z3,4,1,720,7080.0,0.11842,59787.198108,60000.0,1.0,2,6.2e-05,11957.439622,11957.439622,1814619.0251729,4810926.516706001,241159.05023,5486025.633373,35449100.548704006,100,25,0
Z3,5,1,720,5664.0,0.107673,52603.716809,52928.0,1.0,2,6.2e-05,10520.743362,10520.743362,1814619.0251729,4810926.516706001,241159.05023,5486025.633373,35449100.548704006,100,25,0
Z3,6,1,720,7080.0,0.088196,80275.749467,80448.0,1.0,2,6.2e-05,16055.149893,16055.149893,1814619.0251729,4810926.516706001,241159.05023,5486025.633373,35449100.548704006,100,25,0
Z3,7,1,720,7080.0,0.078427,90275.032833,90768.0,1.0,2,6.2e-05,18055.006567,18055.006567,1814619.0251729,4810926.516706001,241159.05023,5486025.633373,35449100.548704006,100,25,0
Z3,8,1,720,5664.0,0.110721,51155.607337,51488.0,1.0,2,6.2e-05,10231.121467,10231.121467,1814619.0251729,4810926.516706001,241159.05023,5486025.633373,35449100.548704006,100,25,0
Z3,9,1,720,7080.0,0.117798,60102.887995,60512.0,1.0,2,6.2e-05,12020.577599,12020.577599,1814619.0251729,4810926.516706001,241159.05023,5486025.633373,35449100.548704006,100,25,0
Z3,10,1,720,12904.0,0.095564,135029.927588,135824.0,1.0,2,6.2e-05,27005.985518,27005.985518,1814619.0251729,4810926.516706001,241159.05023,5486025.633373,35449100.548704006,100,25,0
Z3,11,1,720,17344.0,0.12479,138985.495633,139864.0,1.0,2,6.2e-05,27797.099127,27797.099127,1814619.0251729,4810926.516706001,241159.05023,5486025.633373,35449100.548704006,100,25,0
Z3,12,1,720,16912.0,0.092009,183808.105729,183824.0,1.0,2,6.2e-05,36761.621146,36761.621146,1814619.0251729,4810926.516706001,241159.05023,5486025.633373,35449100.548704006,100,25,0
Z3,13,1,720,13240.0,0.113571,116579.056273,117168.0,1.0,2,6.2e-05,23315.811255,23315.811255,1814619.0251729,4810926.516706001,241159.05023,5486025.633373,35449100.548704006,100,25,0
Z3,14,1,720,28328.0,0.120291,235495.589861,236064.0,1.0,2,6.2e-05,47099.117972,47099.117972,1814619.0251729,4810926.516706001,241159.05023,5486025.633373,35449100.548704006,100,25,0
Z3,15,1,720,30528.0,0.111931,272739.455557,275024.0,1.0,2,6.2e-05,54547.891111,54547.891111,1814619.0251729,4810926.516706001,241159.05023,5486025.633373,35449100.548704006,100,25,0
Z3,16,1,720,16360.0,0.106605,153463.721214,154336.0,1.0,2,6.2e-05,30692.744243,30692.744243,1814619.0251729,4810926.516706001,241159.05023,5486025.633373,35449100.548704006,100,25,0
Z3,17,1,720,33216.0,0.11779,281993.378046,283896.0,1.0,2,6.2e-05,56398.675609,56398.675609,1814619.0251729,4810926.516706001,241159.05023,5486025.633373,35449100.548704006,100,25,0
Z3,18,1,720,28000.0,0.121285,230861.194707,231400.0,1.0,2,6.2e-05,46172.238941,46172.238941,1814619.0251729,4810926.516706001,241159.05023,5486025.633373,35449100.548704006,100,25,0
Z3,19,1,720,15744.0,0.10984,143335.761107,144440.0,1.0,2,6.2e-05,28667.152221,28667.152221,1814619.0251729,4810926.516706001,241159.05023,5486025.633373,35449100.548704006,100,25,0
Z3,20,1,720,16024.0,0.119696,133872.476942,134648.0,1.0,2,6.2e-05,26774.495388,26774.495388,1814619.0251729,4810926.516706001,241159.05023,5486025.633373,35449100.548704006,100,25,0
Z3,21,1,720,11576.0,0.107791,107393.010548,108184.0,1.0,2,6.2e-05,21478.60211,21478.60211,1814619.0251729,4810926.516706001,241159.05023,5486025.633373,35449100.548704006,100,25,0
Z3,22,1,720,10816.0,0.118528,91252.699784,91656.0,1.0,2,6.2e-05,18250.539957,18250.539957,1814619.0251729,4810926.516706001,241159.05023,5486025.633373,35449100.548704006,100,25,0
Z3,23,1,720,13224.0,0.086146,153506.83723,153760.0,1.0,2,6.2e-05,30701.367446,30701.367446,1814619.0251729,4810926.516706001,241159.05023,5486025.633373,35449100.548704006,100,25,0
Z3,24,1,720,17528.0,0.084823,206642.066421,208664.0,1.0,2,6.2e-05,41328.413284,41328.413284,1814619.0251729,4810926.516706001,241159.05023,5486025.633373,35449100.548704006,100,25,0
Z3,25,1,720,23824.0,0.110852,214917.18688,216576.0,1.0,2,6.2e-05,42983.437376,42983.437376,1814619.0251729,4810926.516706001,241159.05023,5486025.633373,35449100.548704006,100,25,0
Z3,26,1,720,11024.0,0.081066,135987.960427,136096.0,1.0,2,6.2e-05,27197.592085,27197.592085,1814619.0251729,4810926.516706001,241159.05023,5486025.633373,35449100.548704006,100,25,0
Z3,27,1,720,15112.0,0.123875,121993.94551,122856.0,1.0,2,6.2e-05,24398.789102,24398.789102,1814619.0251729,4810926.516706001,241159.05023,5486025.633373,35449100.548704006,100,25,0
Z3,28,1,720,24552.0,0.098455,249372.809913,250528.0,1.0,2,6.2e-05,49874.561983,49874.561983,1814619.0251729,4810926.516706001,241159.05023,5486025.633373,35449100.548704006,100,25,0
Z3,29,1,720,10824.0,0.100888,107287.288875,108240.0,1.0,2,6.2e-05,21457.457775,21457.457775,1814619.0251729,4810926.516706001,241159.05023,5486025.633373,35449100.548704006,100,25,0
Z3,30,1,720,6872.0,0.112735,60957.111811,61352.0,1.0,2,6.2e-05,12191.422362,12191.422362,1814619.0251729,4810926.516706001,241159.05023,5486025.633373,35449100.548704006,100,25,0
Z3,31,1,720,6872.0,0.102445,67079.89653,67368.0,1.0,2,6.2e-05,13415.979306,13415.979306,1814619.0251729,4810926.516706001,241159.05023,5486025.633373,35449100.548704006,100,25,0
Z3,32,1,720,6376.0,0.087342,73000.389274,73280.0,1.0,2,6.2e-05,14600.077855,14600.077855,1814619.0251729,4810926.516706001,241159.05023,5486025.633373,35449100.548704006,100,25,0
Z3,33,1,720,6872.0,0.105087,65393.435915,65440.0,1.0,2,6.2e-05,13078.687183,13078.687183,1814619.0251729,4810926.516706001,241159.05023,5486025.633373,35449100.548704006,100,25,0
Z3,34,1,720,6872.0,0.098446,69804.766065,70120.0,1.0,2,6.2e-05,13960.953213,13960.953213,1814619.0251729,4810926.516706001,241159.05023,5486025.633373,35449100.548704006,100,25,0
Z3,35,1,720,6376.0,0.09646,66099.937798,66416.0,1.0,2,6.2e-05,13219.98756,13219.98756,1814619.0251729,4810926.516706001,241159.05023,5486025.633373,35449100.548704006,100,25,0
Z3,36,1,720,6872.0,0.104095,66016.619434,66072.0,1.0,2,6.2e-05,13203.323887,13203.323887,1814619.0251729,4810926.516706001,241159.05023,5486025.633373,35449100.548704006,100,25,0
Z3,37,1,720,6872.0,0.108356,63420.576618,63624.0,1.0,2,6.2e-05,12684.115324,12684.115324,1814619.0251729,4810926.516706001,241159.05023,5486025.633373,35449100.548704006,100,25,0
Z3,38,1,720,6376.0,0.123543,51609.561044,51832.0,1.0,2,6.2e-05,10321.912209,10321.912209,1814619.0251729,4810926.516706001,241159.05023,5486025.633373,35449100.548704006,100,25,0
Z1,0,2,720,9320.0,0.312889,29786.92124,29864.0,1.0,2,5.783437,16279.296457,16279.296457,1814619.0251729,4810926.516706001,241159.05023,5486025.633373,35449100.548704006,100,25,0
Z2,0,2,720,6624.0,0.311307,21278.031011,21296.0,1.0,2,5.783437,14577.518411,14577.518411,1814619.0251729,4810926.516706001,241159.05023,5486025.633373,35449100.548704006,100,25,0
Z2,1,2,720,5424.0,0.101245,53573.015951,53696.0,1.0,2,5.783437,21036.515399,21036.515399,1814619.0251729,4810926.516706001,241159.05023,5486025.633373,35449100.548704006,100,25,0
Z2,2,2,720,7080.0,0.101995,69415.16741,70096.0,1.0,2,5.783437,24204.945691,24204.945691,1814619.0251729,4810926.516706001,241159.05023,5486025.633373,35449100.548704006,100,25,0
Z2,3,2,720,18392.0,0.103338,177979.05901,178560.0,1.0,2,5.783437,45917.724011,45917.724011,1814619.0251729,4810926.516706001,241159.05023,5486025.633373,35449100.548704006,100,25,0
Z2,4,2,720,9160.0,0.098452,93040.263276,93464.0,1.0,2,5.783437,28929.964864,28929.964864,1814619.0251729,4810926.516706001,241159.05023,5486025.633373,35449100.548704006,100,25,0
Z2,5,2,720,8048.0,0.077097,104387.97878,104512.0,1.0,2,5.783437,31199.507965,31199.507965,1814619.0251729,4810926.516706001,241159.05023,5486025.633373,35449100.548704006,100,25,0
Z2,6,2,720,6376.0,0.091794,69459.877552,70064.0,1.0,2,5.783437,24213.887719,24213.887719,1814619.0251729,4810926.516706001,241159.05023,5486025.633373,35449100.548704006,100,25,0
Z2,7,2,720,6872.0,0.081119,84715.048262,84832.0,1.0,2,5.783437,27264.921861,27264.921861,1814619.0251729,4810926.516706001,241159.05023,5486025.633373,35449100.548704006,100,25,0
Z3,0,2,720,7080.0,0.310767,22782.341754,22832.0,1.0,2,5.783437,14878.38056,14878.38056,1814619.0251729,4810926.516706001,241159.05023,5486025.633373,35449100.548704006,100,25,0
Z3,1,2,720,7080.0,0.12297,57575.018297,58032.0,1.0,2,5.783437,21836.915868,21836.915868,1814619.0251729,4810926.516706001,241159.05023,5486025.633373,35449100.548704006,100,25,0
Z3,2,2,720,5664.0,0.094536,59913.683676,60248.0,1.0,2,5.783437,22304.648944,22304.648944,1814619.0251729,4810926.516706001,241159.05023,5486025.633373,35449100.548704006,100,25,0
Z3,3,2,720,7080.0,0.085826,82492.484795,83288.0,1.0,2,5.783437,26820.409168,26820.409168,1814619.0251729,4810926.516706001,241159.05023,5486025.633373,35449100.548704006,100,25,0
Z3,4,2,720,7080.0,0.091715,77195.66047,77800.0,1.0,2,5.783437,25761.044303,25761.044303,1814619.0251729,4810926.516706001,241159.05023,5486025.633373,35449100.548704006,100,25,0
Z3,5,2,720,5664.0,0.081699,69327.653949,69920.0,1.0,2,5.783437,24187.442999,24187.442999,1814619.0251729,4810926.516706001,241159.05023,5486025.633373,35449100.548704006,100,25,0
Z3,6,2,720,7080.0,0.07802,90745.962574,90768.0,1.0,2,5.783437,28471.104723,28471.104723,1814619.0251729,4810926.516706001,241159.05023,5486025.633373,35449100.548704006,100,25,0
Z3,7,2,720,7080.0,0.110729,63939.889279,64360.0,1.0,2,5.783437,23109.890065,23109.890065,1814619.0251729,4810926.516706001,241159.05023,5486025.633373,35449100.548704006,100,25,0
Z3,8,2,720,5664.0,0.118735,47702.867731,48000.0,1.0,2,5.783437,19862.485755,19862.485755,1814619.0251729,4810926.516706001,241159.05023,5486025.633373,35449100.548704006,100,25,0
Z3,9,2,720,7080.0,0.094301,75078.737235,75312.0,1.0,2,5.783437,25337.659656,25337.659656,1814619.0251729,4810926.516706001,241159.05023,5486025.633373,35449100.548704006,100,25,0
Z3,10,2,720,12648.0,0.11668,108399.04011,109032.0,1.0,2,5.783437,32001.720231,32001.720231,1814619.0251729,4810926.516706001,241159.05023,5486025.633373,35449100.548704006,100,25,0
Z3,11,2,720,17112.0,0.090237,189633.963895,190128.0,1.0,2,5.783437,48248.704988,48248.704988,1814619.0251729,4810926.516706001,241159.05023,5486025.633373,35449100.548704006,100,25,0
Z3,12,2,720,15320.0,0.102449,149537.818817,150192.0,1.0,2,5.783437,40229.475972,40229.475972,1814619.0251729,4810926.516706001,241159.05023,5486025.633373,35449100.548704006,100,25,0
Z3,13,2,720,10704.0,0.103285,103635.571477,103920.0,1.0,2,5.783437,31049.026504,31049.026504,1814619.0251729,4810926.516706001,241159.05023,5486025.633373,35449100.548704006,100,25,0
Z3,14,2,720,18776.0,0.121156,154973.752848,155168.0,1.0,2,5.783437,41316.662778,41316.662778,1814619.0251729,4810926.516706001,241159.05023,5486025.633373,35449100.548704006,100,25,0
Z3,15,2,720,21848.0,0.113911,191798.860514,193344.0,1.0,2,5.783437,48681.684311,48681.684311,1814619.0251729,4810926.516706001,241159.05023,5486025.633373,35449100.548704006,100,25,0
Z3,16,2,720,12752.0,0.086881,146775.4745,148272.0,1.0,2,5.783437,39677.007109,39677.007109,1814619.0251729,4810926.516706001,241159.05023,5486025.633373,35449100.548704006,100,25,0
Z3,17,2,720,21856.0,0.122152,178924.618508,179144.0,1.0,2,5.783437,46106.83591,46106.83591,1814619.0251729,4810926.516706001,241159.05023,5486025.633373,35449100.548704006,100,25,0
Z3,18,2,720,16880.0,0.105866,159446.847902,160760.0,1.0,2,5.783437,42211.281789,42211.281789,1814619.0251729,4810926.516706001,241159.05023,5486025.633373,35449100.548704006,100,25,0
Z3,19,2,720,12128.0,0.108454,111826.212035,112296.0,1.0,2,5.783437,32687.154616,32687.154616,1814619.0251729,4810926.516706001,241159.05023,5486025.633373,35449100.548704006,100,25,0
Z3,20,2,720,15344.0,0.104067,147443.473916,147536.0,1.0,2,5.783437,39810.606992,39810.606992,1814619.0251729,4810926.516706001,241159.05023,5486025.633373,35449100.548704006,100,25,0
Z3,21,2,720,11592.0,0.088672,130728.978708,131720.0,1.0,2,5.783437,36467.70795,36467.70795,1814619.0251729,4810926.516706001,241159.05023,5486025.633373,35449100.548704006,100,25,0
Z3,22,2,720,9952.0,0.086419,115159.860679,115720.0,1.0,2,5.783437,33353.884344,33353.884344,1814619.0251729,4810926.516706001,241159.05023,5486025.633373,35449100.548704006,100,25,0
Z3,23,2,720,11064.0,0.079757,138721.36615,140048.0,1.0,2,5.783437,38066.185439,38066.185439,1814619.0251729,4810926.516706001,241159.05023,5486025.633373,35449100.548704006,100,25,0
Z3,24,2,720,14728.0,0.087636,168058.788626,169280.0,1.0,2,5.783437,43933.669934,43933.669934,1814619.0251729,4810926.516706001,241159.05023,5486025.633373,35449100.548704006,100,25,0
Z3,25,2,720,16264.0,0.109313,148783.767713,149208.0,1.0,2,5.783437,40078.665751,40078.665751,1814619.0251729,4810926.516706001,241159.05023,5486025.633373,35449100.548704006,100,25,0
Z3,26,2,720,9504.0,0.122014,77892.700838,77896.0,1.0,2,5.783437,25900.452376,25900.452376,1814619.0251729,4810926.516706001,241159.05023,5486025.633373,35449100.548704006,100,25,0
Z3,27,2,720,12688.0,0.083968,151105.182927,152864.0,1.0,2,5.783437,40542.948794,40542.948794,1814619.0251729,4810926.516706001,241159.05023,5486025.633373,35449100.548704006,100,25,0
Z3,28,2,720,17320.0,0.112088,154521.447434,154640.0,1.0,2,5.783437,41226.201696,41226.201696,1814619.0251729,4810926.516706001,241159.05023,5486025.633373,35449100.548704006,100,25,0
Z3,29,2,720,10632.0,0.10054,105748.95564,106320.0,1.0,2,5.783437,31471.703337,31471.703337,1814619.0251729,4810926.516706001,241159.05023,5486025.633373,35449100.548704006,100,25,0
Z3,30,2,720,6872.0,0.103947,66110.614063,66712.0,1.0,2,5.783437,23544.035021,23544.035021,1814619.0251729,4810926.516706001,241159.05023,5486025.633373,35449100.548704006,100,25,0
Z3,31,2,720,6872.0,0.097906,70189.773865,70840.0,1.0,2,5.783437,24359.866982,24359.866982,1814619.0251729,4810926.516706001,241159.05023,5486025.633373,35449100.548704006,100,25,0
Z3,32,2,720,6376.0,0.122895,51881.68762,52256.0,1.0,2,5.783437,20698.249733,20698.249733,1814619.0251729,4810926.516706001,241159.05023,5486025.633373,35449100.548704006,100,25,0
Z3,33,2,720,6872.0,0.100622,68295.203832,68720.0,1.0,2,5.783437,23980.952975,23980.952975,1814619.0251729,4810926.516706001,241159.05023,5486025.633373,35449100.548704006,100,25,0
Z3,34,2,720,6872.0,0.085155,80699.900182,80840.0,1.0,2,5.783437,26461.892245,26461.892245,1814619.0251729,4810926.516706001,241159.05023,5486025.633373,35449100.548704006,100,25,0
Z3,35,2,720,6376.0,0.103946,61339.541685,61896.0,1.0,2,5.783437,22589.820546,22589.820546,1814619.0251729,4810926.516706001,241159.05023,5486025.633373,35449100.548704006,100,25,0
Z3,36,2,720,6872.0,0.120222,57160.918967,57264.0,1.0,2,5.783437,21754.096002,21754.096002,1814619.0251729,4810926.516706001,241159.05023,5486025.633373,35449100.548704006,100,25,0
Z3,37,2,720,6872.0,0.113613,60486.035929,60808.0,1.0,2,5.783437,22419.119395,22419.119395,1814619.0251729,4810926.516706001,241159.05023,5486025.633373,35449100.548704006,100,25,0
Z3,38,2,720,6376.0,0.10595,60179.329873,60720.0,1.0,2,5.783437,22357.778183,22357.778183,1814619.0251729,4810926.516706001,241159.05023,5486025.633373,35449100.548704006,100,25,0
Z1,0,3,720,15304.0,0.320648,47728.350091,47824.0,1.0,2,11.25931,31903.448201,31903.448201,1814619.0251729,4810926.516706001,241159.05023,5486025.633373,35449100.548704006,100,25,0
Z2,0,3,720,6624.0,0.313738,21113.158113,21160.0,1.0,2,11.25931,26580.409806,26580.409806,1814619.0251729,4810926.516706001,241159.05023,5486025.633373,35449100.548704006,100,25,0
Z2,1,3,720,5664.0,0.087352,64841.102665,65096.0,1.0,2,11.25931,35325.998716,35325.998716,1814619.0251729,4810926.516706001,241159.05023,5486025.633373,35449100.548704006,100,25,0
Z2,2,3,720,7080.0,0.114443,61864.858489,62104.0,1.0,2,11.25931,34730.749881,34730.749881,1814619.0251729,4810926.516706001,241159.05023,5486025.633373,35449100.548704006,100,25,0
Z2,3,3,720,7080.0,0.112947,62684.267842,63208.0,1.0,2,11.25931,34894.631752,34894.631752,1814619.0251729,4810926.516706001,241159.05023,5486025.633373,35449100.548704006,100,25,0
Z2,4,3,720,12544.0,0.07799,160841.133479,162904.0,1.0,2,11.25931,54526.004879,54526.004879,1814619.0251729,4810926.516706001,241159.05023,5486025.633373,35449100.548704006,100,25,0
Z2,5,3,720,18632.0,0.081149,229602.336443,230024.0,1.0,2,11.25931,68278.245472,68278.245472,1814619.0251729,4810926.516706001,241159.05023,5486025.633373,35449100.548704006,100,25,0
Z2,6,3,720,10240.0,0.121603,84208.448805,84624.0,1.0,2,11.25931,39199.467944,39199.467944,1814619.0251729,4810926.516706001,241159.05023,5486025.633373,35449100.548704006,100,25,0
Z2,7,3,720,8424.0,0.123359,68288.491314,68480.0,1.0,2,11.25931,36015.476446,36015.476446,1814619.0251729,4810926.516706001,241159.05023,5486025.633373,35449100.548704006,100,25,0
Z3,0,3,720,5424.0,0.335757,16154.540337,16184.0,1.0,2,11.25931,25588.686251,25588.686251,1814619.0251729,4810926.516706001,241159.05023,5486025.633373,35449100.548704006,100,25,0
Z3,1,3,720,7080.0,0.088549,79955.730725,80448.0,1.0,2,11.25931,38348.924328,38348.924328,1814619.0251729,4810926.516706001,241159.05023,5486025.633373,35449100.548704006,100,25,0
Z3,2,3,720,7080.0,0.106518,66467.639272,66792.0,1.0,2,11.25931,35651.306038,35651.306038,1814619.0251729,4810926.516706001,241159.05023,5486025.633373,35449100.548704006,100,25,0
Z3,3,3,720,5664.0,0.11952,47389.558233,47592.0,1.0,2,11.25931,31835.68983,31835.68983,1814619.0251729,4810926.516706001,241159.05023,5486025.633373,35449100.548704006,100,25,0
Z3,4,3,720,7080.0,0.085578,82731.543154,83288.0,1.0,2,11.25931,38904.086814,38904.086814,1814619.0251729,4810926.516706001,241159.05023,5486025.633373,35449100.548704006,100,25,0
Z3,5,3,720,7080.0,0.088732,79790.830816,80448.0,1.0,2,11.25931,38315.944346,38315.944346,1814619.0251729,4810926.516706001,241159.05023,5486025.633373,35449100.548704006,100,25,0
Z3,6,3,720,5664.0,0.095147,59528.939431,59616.0,1.0,2,11.25931,34263.566069,34263.566069,1814619.0251729,4810926.516706001,241159.05023,5486025.633373,35449100.548704006,100,25,0
Z3,7,3,720,7080.0,0.109857,64447.418007,64952.0,1.0,2,11.25931,35247.261785,35247.261785,1814619.0251729,4810926.516706001,241159.05023,5486025.633373,35449100.548704006,100,25,0
Z3,8,3,720,7080.0,0.100273,70607.242229,70800.0,1.0,2,11.25931,36479.226629,36479.226629,1814619.0251729,4810926.516706001,241159.05023,5486025.633373,35449100.548704006,100,25,0
Z3,9,3,720,14120.0,0.081515,173219.652825,174320.0,1.0,2,11.25931,57001.708748,57001.708748,1814619.0251729,4810926.516706001,241159.05023,5486025.633373,35449100.548704006,100,25,0
Z3,10,3,720,17536.0,0.113383,154661.633578,155184.0,1.0,2,11.25931,53290.104899,53290.104899,1814619.0251729,4810926.516706001,241159.05023,5486025.633373,35449100.548704006,100,25,0
Z3,11,3,720,16008.0,0.092691,172702.85141,174000.0,1.0,2,11.25931,56898.348465,56898.348465,1814619.0251729,4810926.516706001,241159.05023,5486025.633373,35449100.548704006,100,25,0
Z3,12,3,720,10896.0,0.118564,91899.733477,92336.0,1.0,2,11.25931,40737.724879,40737.724879,1814619.0251729,4810926.516706001,241159.05023,5486025.633373,35449100.548704006,100,25,0
Z3,13,3,720,19720.0,0.108723,181378.365203,182592.0,1.0,2,11.25931,58633.451224,58633.451224,1814619.0251729,4810926.516706001,241159.05023,5486025.633373,35449100.548704006,100,25,0
Z3,14,3,720,20104.0,0.076168,263942.863145,264520.0,1.0,2,11.25931,75146.350812,75146.350812,1814619.0251729,4810926.516706001,241159.05023,5486025.633373,35449100.548704006,100,25,0
Z3,15,3,720,12504.0,0.123504,101243.684415,101656.0,1.0,2,11.25931,42606.515066,42606.515066,1814619.0251729,4810926.516706001,241159.05023,5486025.633373,35449100.548704006,100,25,0
Z3,16,3,720,23072.0,0.106781,216068.401682,217656.0,1.0,2,11.25931,65571.45852,65571.45852,1814619.0251729,4810926.516706001,241159.05023,5486025.633373,35449100.548704006,100,25,0
Z3,17,3,720,18112.0,0.115548,156748.710493,157488.0,1.0,2,11.25931,53707.520282,53707.520282,1814619.0251729,4810926.516706001,241159.05023,5486025.633373,35449100.548704006,100,25,0
Z3,18,3,720,9664.0,0.115005,84031.129081,84032.0,1.0,2,11.25931,39164.003999,39164.003999,1814619.0251729,4810926.516706001,241159.05023,5486025.633373,35449100.548704006,100,25,0
Z3,19,3,720,12280.0,0.080261,153000.834777,153496.0,1.0,2,11.25931,52957.945139,52957.945139,1814619.0251729,4810926.516706001,241159.05023,5486025.633373,35449100.548704006,100,25,0
Z3,20,3,720,10368.0,0.115502,89764.679399,90152.0,1.0,2,11.25931,40310.714063,40310.714063,1814619.0251729,4810926.516706001,241159.05023,5486025.633373,35449100.548704006,100,25,0
Z3,21,3,720,10520.0,0.124784,84305.680215,84832.0,1.0,2,11.25931,39218.914226,39218.914226,1814619.0251729,4810926.516706001,241159.05023,5486025.633373,35449100.548704006,100,25,0
Z3,22,3,720,15288.0,0.098796,154743.107008,156000.0,1.0,2,11.25931,53306.399585,53306.399585,1814619.0251729,4810926.516706001,241159.05023,5486025.633373,35449100.548704006,100,25,0
Z3,23,3,720,16344.0,0.096726,168972.14813,170248.0,1.0,2,11.25931,56152.207809,56152.207809,1814619.0251729,4810926.516706001,241159.05023,5486025.633373,35449100.548704006,100,25,0
Z3,24,3,720,9016.0,0.098031,91970.907162,92000.0,1.0,2,11.25931,40751.959616,40751.959616,1814619.0251729,4810926.516706001,241159.05023,5486025.633373,35449100.548704006,100,25,0
Z3,25,3,720,13800.0,0.103297,133595.360949,133976.0,1.0,2,11.25931,49076.850373,49076.850373,1814619.0251729,4810926.516706001,241159.05023,5486025.633373,35449100.548704006,100,25,0
Z3,26,3,720,17664.0,0.120414,146693.906024,147200.0,1.0,2,11.25931,51696.559388,51696.559388,1814619.0251729,4810926.516706001,241159.05023,5486025.633373,35449100.548704006,100,25,0
Z3,27,3,720,9896.0,0.117484,84232.746587,84576.0,1.0,2,11.25931,39204.327501,39204.327501,1814619.0251729,4810926.516706001,241159.05023,5486025.633373,35449100.548704006,100,25,0
Z3,28,3,720,6376.0,0.118226,53930.607481,54032.0,1.0,2,11.25931,33143.899679,33143.899679,1814619.0251729,4810926.516706001,241159.05023,5486025.633373,35449100.548704006,100,25,0
Z3,29,3,720,6872.0,0.122953,55891.275528,56320.0,1.0,2,11.25931,33536.033289,33536.033289,1814619.0251729,4810926.516706001,241159.05023,5486025.633373,35449100.548704006,100,25,0
Z3,30,3,720,6872.0,0.076783,89498.977638,90416.0,1.0,2,11.25931,40257.573711,40257.573711,1814619.0251729,4810926.516706001,241159.05023,5486025.633373,35449100.548704006,100,25,0
Z3,31,3,720,6376.0,0.08273,77069.986704,77752.0,1.0,2,11.25931,37771.775524,37771.775524,1814619.0251729,4810926.516706001,241159.05023,5486025.633373,35449100.548704006,100,25,0
Z3,32,3,720,6872.0,0.118336,58071.930773,58232.0,1.0,2,11.25931,33972.164338,33972.164338,1814619.0251729,4810926.516706001,241159.05023,5486025.633373,35449100.548704006,100,25,0
Z3,33,3,720,6872.0,0.115035,59738.340505,59752.0,1.0,2,11.25931,34305.446284,34305.446284,1814619.0251729,4810926.516706001,241159.05023,5486025.633373,35449100.548704006,100,25,0
Z3,34,3,720,6376.0,0.102346,62298.477713,62504.0,1.0,2,11.25931,34817.473726,34817.473726,1814619.0251729,4810926.516706001,241159.05023,5486025.633373,35449100.548704006,100,25,0
Z3,35,3,720,6872.0,0.1205,57029.045643,57264.0,1.0,2,11.25931,33763.587312,33763.587312,1814619.0251729,4810926.516706001,241159.05023,5486025.633373,35449100.548704006,100,25,0
Z3,36,3,720,6872.0,0.123814,55502.608752,55864.0,1.0,2,11.25931,33458.299934,33458.299934,1814619.0251729,4810926.516706001,241159.05023,5486025.633373,35449100.548704006,100,25,0
Z3,37,3,720,6376.0,0.124123,51368.400699,51416.0,1.0,2,11.25931,32631.458323,32631.458323,1814619.0251729,4810926.516706001,241159.05023,5486025.633373,35449100.548704006,100,25,0
Z3,38,3,720,6872.0,0.078385,87669.83479,88096.0,1.0,2,11.25931,39891.745141,39891.745141,1814619.0251729,4810926.516706001,241159.05023,5486025.633373,35449100.548704006,100,25,0
Z1,0,4,720,7200.0,0.303619,23713.930946,23760.0,1.0,2,16.940578,44634.53133,44634.53133,1814619.0251729,4810926.516706001,241159.05023,5486025.633373,35449100.548704006,100,25,0
Z2,0,4,720,6624.0,0.325977,20320.452056,20376.0,1.0,2,16.940578,43955.835552,43955.835552,1814619.0251729,4810926.516706001,241159.05023,5486025.633373,35449100.548704006,100,25,0
Z2,1,4,720,6648.0,0.08849,75127.133009,75544.0,1.0,2,16.940578,54917.171743,54917.171743,1814619.0251729,4810926.516706001,241159.05023,5486025.633373,35449100.548704006,100,25,0
Z2,2,4,720,7296.0,0.088444,82492.876849,82904.0,1.0,2,16.940578,56390.320511,56390.320511,1814619.0251729,4810926.516706001,241159.05023,5486025.633373,35449100.548704006,100,25,0
Z2,3,4,720,17272.0,0.11168,154656.160458,155600.0,1.0,2,16.940578,70822.977233,70822.977233,1814619.0251729,4810926.516706001,241159.05023,5486025.633373,35449100.548704006,100,25,0
Z2,4,4,720,22592.0,0.123757,182551.290028,183672.0,1.0,2,16.940578,76402.003147,76402.003147,1814619.0251729,4810926.516706001,241159.05023,5486025.633373,35449100.548704006,100,25,0
Z2,5,4,720,17472.0,0.09115,191684.037301,192000.0,1.0,2,16.940578,78228.552601,78228.552601,1814619.0251729,4810926.516706001,241159.05023,5486025.633373,35449100.548704006,100,25,0
Z2,6,4,720,6424.0,0.084005,76471.638593,76472.0,1.0,2,16.940578,55186.07286,55186.07286,1814619.0251729,4810926.516706001,241159.05023,5486025.633373,35449100.548704006,100,25,0
Z2,7,4,720,6872.0,0.095089,72269.137334,72336.0,1.0,2,16.940578,54345.572608,54345.572608,1814619.0251729,4810926.516706001,241159.05023,5486025.633373,35449100.548704006,100,25,0
Z3,0,4,720,6448.0,0.32717,19708.408473,19712.0,1.0,2,16.940578,43833.426836,43833.426836,1814619.0251729,4810926.516706001,241159.05023,5486025.633373,35449100.548704006,100,25,0
Z3,1,4,720,7448.0,0.078126,95333.179735,95480.0,1.0,2,16.940578,58958.381088,58958.381088,1814619.0251729,4810926.516706001,241159.05023,5486025.633373,35449100.548704006,100,25,0
Z3,2,4,720,7424.0,0.087029,85304.898367,85328.0,1.0,2,16.940578,56952.724815,56952.724815,1814619.0251729,4810926.516706001,241159.05023,5486025.633373,35449100.548704006,100,25,0
Z3,3,4,720,6648.0,0.07887,84290.604793,85224.0,1.0,2,16.940578,56749.8661,56749.8661,1814619.0251729,4810926.516706001,241159.05023,5486025.633373,35449100.548704006,100,25,0
Z3,4,4,720,7224.0,0.105287,68612.459278,68800.0,1.0,2,16.940578,53614.236997,53614.236997,1814619.0251729,4810926.516706001,241159.05023,5486025.633373,35449100.548704006,100,25,0
Z3,5,4,720,7240.0,0.105454,68655.527529,68952.0,1.0,2,16.940578,53622.850647,53622.850647,1814619.0251729,4810926.516706001,241159.05023,5486025.633373,35449100.548704006,100,25,0
Z3,6,4,720,6648.0,0.114929,57844.408287,58312.0,1.0,2,16.940578,51460.626799,51460.626799,1814619.0251729,4810926.516706001,241159.05023,5486025.633373,35449100.548704006,100,25,0
Z3,7,4,720,7232.0,0.12043,60051.482189,60264.0,1.0,2,16.940578,51902.041579,51902.041579,1814619.0251729,4810926.516706001,241159.05023,5486025.633373,35449100.548704006,100,25,0
Z3,8,4,720,7296.0,0.106356,68599.796908,68824.0,1.0,2,16.940578,53611.704523,53611.704523,1814619.0251729,4810926.516706001,241159.05023,5486025.633373,35449100.548704006,100,25,0
Z3,9,4,720,16456.0,0.097335,169065.598192,169648.0,1.0,2,16.940578,73704.86478,73704.86478,1814619.0251729,4810926.516706001,241159.05023,5486025.633373,35449100.548704006,100,25,0
Z3,10,4,720,25392.0,0.10969,231488.740997,232952.0,1.0,2,16.940578,86189.493341,86189.493341,1814619.0251729,4810926.516706001,241159.05023,5486025.633373,35449100.548704006,100,25,0
Z3,11,4,720,21592.0,0.11202,192751.294412,192784.0,1.0,2,16.940578,78442.004024,78442.004024,1814619.0251729,4810926.516706001,241159.05023,5486025.633373,35449100.548704006,100,25,0
Z3,12,4,720,13528.0,0.118497,114163.227761,114640.0,1.0,2,16.940578,62724.390693,62724.390693,1814619.0251729,4810926.516706001,241159.05023,5486025.633373,35449100.548704006,100,25,0
Z3,13,4,720,29512.0,0.118433,249187.304214,250096.0,1.0,2,16.940578,89729.205984,89729.205984,1814619.0251729,4810926.516706001,241159.05023,5486025.633373,35449100.548704006,100,25,0
Z3,14,4,720,29688.0,0.124947,237604.744412,239416.0,1.0,2,16.940578,87412.694024,87412.694024,1814619.0251729,4810926.516706001,241159.05023,5486025.633373,35449100.548704006,100,25,0
Z3,15,4,720,16760.0,0.076,220526.315789,220520.0,1.0,2,16.940578,83997.008299,83997.008299,1814619.0251729,4810926.516706001,241159.05023,5486025.633373,35449100.548704006,100,25,0
Z3,16,4,720,33128.0,0.10454,316893.05529,318536.0,1.0,2,16.940578,103270.356199,103270.356199,1814619.0251729,4810926.516706001,241159.05023,5486025.633373,35449100.548704006,100,25,0
Z3,17,4,720,26248.0,0.114859,228523.66815,230240.0,1.0,2,16.940578,85596.478771,85596.478771,1814619.0251729,4810926.516706001,241159.05023,5486025.633373,35449100.548704006,100,25,0
Z3,18,4,720,26240.0,0.100853,260180.658979,262400.0,1.0,2,16.940578,91927.876937,91927.876937,1814619.0251729,4810926.516706001,241159.05023,5486025.633373,35449100.548704006,100,25,0
Z3,19,4,720,14624.0,0.108751,134472.326691,135400.0,1.0,2,16.940578,66786.210479,66786.210479,1814619.0251729,4810926.516706001,241159.05023,5486025.633373,35449100.548704006,100,25,0
Z3,20,4,720,26816.0,0.117846,227551.210902,229192.0,1.0,2,16.940578,85401.987322,85401.987322,1814619.0251729,4810926.516706001,241159.05023,5486025.633373,35449100.548704006,100,25,0
Z3,21,4,720,23128.0,0.113976,202919.912964,204672.0,1.0,2,16.940578,80475.727734,80475.727734,1814619.0251729,4810926.516706001,241159.05023,5486025.633373,35449100.548704006,100,25,0
Z3,22,4,720,19440.0,0.121858,159529.94469,160656.0,1.0,2,16.940578,71797.734079,71797.734079,1814619.0251729,4810926.516706001,241159.05023,5486025.633373,35449100.548704006,100,25,0
Z3,23,4,720,29088.0,0.116723,249205.383686,250752.0,1.0,2,16.940578,89732.821878,89732.821878,1814619.0251729,4810926.516706001,241159.05023,5486025.633373,35449100.548704006,100,25,0
Z3,24,4,720,29840.0,0.116547,256034.04635,257240.0,1.0,2,16.940578,91098.554411,91098.554411,1814619.0251729,4810926.516706001,241159.05023,5486025.633373,35449100.548704006,100,25,0
Z3,25,4,720,17200.0,0.120196,143099.60398,143328.0,1.0,2,16.940578,68511.665937,68511.665937,1814619.0251729,4810926.516706001,241159.05023,5486025.633373,35449100.548704006,100,25,0
Z3,26,4,720,25664.0,0.116392,220496.254038,221240.0,1.0,2,16.940578,83990.995949,83990.995949,1814619.0251729,4810926.516706001,241159.05023,5486025.633373,35449100.548704006,100,25,0
Z3,27,4,720,26808.0,0.110019,243667.002972,243704.0,1.0,2,16.940578,88625.145736,88625.145736,1814619.0251729,4810926.516706001,241159.05023,5486025.633373,35449100.548704006,100,25,0
Z3,28,4,720,12720.0,0.11753,108227.686548,108712.0,1.0,2,16.940578,61537.282451,61537.282451,1814619.0251729,4810926.516706001,241159.05023,5486025.633373,35449100.548704006,100,25,0
Z3,29,4,720,11496.0,0.087248,131762.332661,132136.0,1.0,2,16.940578,66244.211673,66244.211673,1814619.0251729,4810926.516706001,241159.05023,5486025.633373,35449100.548704006,100,25,0
Z3,30,4,720,6448.0,0.097293,66274.038214,66472.0,1.0,2,16.940578,53146.552784,53146.552784,1814619.0251729,4810926.516706001,241159.05023,5486025.633373,35449100.548704006,100,25,0
Z3,31,4,720,7200.0,0.123178,58451.996298,58536.0,1.0,2,16.940578,51582.144401,51582.144401,1814619.0251729,4810926.516706001,241159.05023,5486025.633373,35449100.548704006,100,25,0
Z3,32,4,720,7520.0,0.090906,82722.812576,83552.0,1.0,2,16.940578,56436.307656,56436.307656,1814619.0251729,4810926.516706001,241159.05023,5486025.633373,35449100.548704006,100,25,0
Z3,33,4,720,6728.0,0.08604,78196.18782,78232.0,1.0,2,16.940578,55530.982705,55530.982705,1814619.0251729,4810926.516706001,241159.05023,5486025.633373,35449100.548704006,100,25,0
Z3,34,4,720,7224.0,0.118084,61176.789404,61216.0,1.0,2,16.940578,52127.103022,52127.103022,1814619.0251729,4810926.516706001,241159.05023,5486025.633373,35449100.548704006,100,25,0
Z3,35,4,720,7256.0,0.118394,61286.889538,61488.0,1.0,2,16.940578,52149.123049,52149.123049,1814619.0251729,4810926.516706001,241159.05023,5486025.633373,35449100.548704006,100,25,0
Z3,36,4,720,6544.0,0.088623,73840.876522,74360.0,1.0,2,16.940578,54659.920446,54659.920446,1814619.0251729,4810926.516706001,241159.05023,5486025.633373,35449100.548704006,100,25,0
Z3,37,4,720,12272.0,0.115129,106593.473408,106712.0,1.0,2,16.940578,61210.439823,61210.439823,1814619.0251729,4810926.516706001,241159.05023,5486025.633373,35449100.548704006,100,25,0
Z3,38,4,720,8544.0,0.091996,92873.6032,93888.0,1.0,2,16.940578,58466.465781,58466.465781,1814619.0251729,4810926.516706001,241159.05023,5486025.633373,35449100.548704006,100,25,0
Z1,0,5,720,8792.0,0.365335,24065.583642,24080.0,1.0,2,22.637872,63279.58251,63279.58251,1814619.0251729,4810926.516706001,241159.05023,5486025.633373,35449100.548704006,100,25,0
Z2,0,5,720,6624.0,0.338917,19544.608267,19592.0,1.0,2,22.637872,62375.387435,62375.387435,1814619.0251729,4810926.516706001,241159.05023,5486025.633373,35449100.548704006,100,25,0
Z2,1,5,720,7616.0,0.081848,93050.532695,94024.0,1.0,2,22.637872,77076.57232,77076.57232,1814619.0251729,4810926.516706001,241159.05023,5486025.633373,35449100.548704006,100,25,0
Z2,2,5,720,8816.0,0.082405,106983.799527,107512.0,1.0,2,22.637872,79863.225687,79863.225687,1814619.0251729,4810926.516706001,241159.05023,5486025.633373,35449100.548704006,100,25,0
Z2,3,5,720,14976.0,0.106058,141205.755341,141280.0,1.0,2,22.637872,86707.616849,86707.616849,1814619.0251729,4810926.516706001,241159.05023,5486025.633373,35449100.548704006,100,25,0
Z2,4,5,720,20272.0,0.089589,226277.779638,227768.0,1.0,2,22.637872,103722.021709,103722.021709,1814619.0251729,4810926.516706001,241159.05023,5486025.633373,35449100.548704006,100,25,0
Z2,5,5,720,21272.0,0.095116,223642.709954,223912.0,1.0,2,22.637872,103195.007772,103195.007772,1814619.0251729,4810926.516706001,241159.05023,5486025.633373,35449100.548704006,100,25,0
Z2,6,5,720,9680.0,0.097847,98929.962084,99792.0,1.0,2,22.637872,78252.458198,78252.458198,1814619.0251729,4810926.516706001,241159.05023,5486025.633373,35449100.548704006,100,25,0
Z2,7,5,720,12888.0,0.103375,124672.309553,125120.0,1.0,2,22.637872,83400.927692,83400.927692,1814619.0251729,4810926.516706001,241159.05023,5486025.633373,35449100.548704006,100,25,0
Z3,0,5,720,7712.0,0.287717,26804.116545,26864.0,1.0,2,22.637872,63827.28909,63827.28909,1814619.0251729,4810926.516706001,241159.05023,5486025.633373,35449100.548704006,100,25,0
Z3,1,5,720,9624.0,0.09473,101594.004011,102376.0,1.0,2,22.637872,78785.266583,78785.266583,1814619.0251729,4810926.516706001,241159.05023,5486025.633373,35449100.548704006,100,25,0
Z3,2,5,720,9096.0,0.093511,97271.978698,97800.0,1.0,2,22.637872,77920.861521,77920.861521,1814619.0251729,4810926.516706001,241159.05023,5486025.633373,35449100.548704006,100,25,0
Z3,3,5,720,7632.0,0.083815,91057.686572,91944.0,1.0,2,22.637872,76678.003096,76678.003096,1814619.0251729,4810926.516706001,241159.05023,5486025.633373,35449100.548704006,100,25,0
Z3,4,5,720,8304.0,0.111431,74521.452738,74808.0,1.0,2,22.637872,73370.756329,73370.756329,1814619.0251729,4810926.516706001,241159.05023,5486025.633373,35449100.548704006,100,25,0
Z3,5,5,720,8504.0,0.099142,85775.957717,85896.0,1.0,2,22.637872,75621.657325,75621.657325,1814619.0251729,4810926.516706001,241159.05023,5486025.633373,35449100.548704006,100,25,0
Z3,6,5,720,7384.0,0.125381,58892.495673,59072.0,1.0,2,22.637872,70244.964916,70244.964916,1814619.0251729,4810926.516706001,241159.05023,5486025.633373,35449100.548704006,100,25,0
Z3,7,5,720,8968.0,0.080564,111315.227645,112096.0,1.0,2,22.637872,80729.51131,80729.51131,1814619.0251729,4810926.516706001,241159.05023,5486025.633373,35449100.548704006,100,25,0
Z3,8,5,720,8912.0,0.123863,71950.461397,72448.0,1.0,2,22.637872,72856.558061,72856.558061,1814619.0251729,4810926.516706001,241159.05023,5486025.633373,35449100.548704006,100,25,0
Z3,9,5,720,16688.0,0.086131,193751.378714,194040.0,1.0,2,22.637872,97216.741524,97216.741524,1814619.0251729,4810926.516706001,241159.05023,5486025.633373,35449100.548704006,100,25,0
Z3,10,5,720,23832.0,0.115874,205671.677857,207232.0,1.0,2,22.637872,99600.801353,99600.801353,1814619.0251729,4810926.516706001,241159.05023,5486025.633373,35449100.548704006,100,25,0
Z3,11,5,720,21144.0,0.102103,207085.0024,207288.0,1.0,2,22.637872,99883.466261,99883.466261,1814619.0251729,4810926.516706001,241159.05023,5486025.633373,35449100.548704006,100,25,0
Z3,12,5,720,14272.0,0.098418,145014.123433,145632.0,1.0,2,22.637872,87469.290468,87469.290468,1814619.0251729,4810926.516706001,241159.05023,5486025.633373,35449100.548704006,100,25,0
Z3,13,5,720,27640.0,0.092211,299747.31865,300432.0,1.0,2,22.637872,118415.929511,118415.929511,1814619.0251729,4810926.516706001,241159.05023,5486025.633373,35449100.548704006,100,25,0
Z3,14,5,720,33288.0,0.113211,294035.031932,294584.0,1.0,2,22.637872,117273.472168,117273.472168,1814619.0251729,4810926.516706001,241159.05023,5486025.633373,35449100.548704006,100,25,0
Z3,15,5,720,17576.0,0.08962,196116.938183,197480.0,1.0,2,22.637872,97689.853418,97689.853418,1814619.0251729,4810926.516706001,241159.05023,5486025.633373,35449100.548704006,100,25,0
Z3,16,5,720,34872.0,0.111287,313351.963841,314160.0,1.0,2,22.637872,121136.858549,121136.858549,1814619.0251729,4810926.516706001,241159.05023,5486025.633373,35449100.548704006,100,25,0
Z3,17,5,720,27336.0,0.090524,301975.166807,303728.0,1.0,2,22.637872,118861.499143,118861.499143,1814619.0251729,4810926.516706001,241159.05023,5486025.633373,35449100.548704006,100,25,0
Z3,18,5,720,25312.0,0.108316,233686.620629,234368.0,1.0,2,22.637872,105203.789907,105203.789907,1814619.0251729,4810926.516706001,241159.05023,5486025.633373,35449100.548704006,100,25,0
Z3,19,5,720,18312.0,0.090108,203222.799307,203464.0,1.0,2,22.637872,99111.025643,99111.025643,1814619.0251729,4810926.516706001,241159.05023,5486025.633373,35449100.548704006,100,25,0
Z3,20,5,720,41432.0,0.1251,331191.047162,331456.0,1.0,2,22.637872,124704.675214,124704.675214,1814619.0251729,4810926.516706001,241159.05023,5486025.633373,35449100.548704006,100,25,0
Z3,21,5,720,36760.0,0.125352,293254.196184,294080.0,1.0,2,22.637872,117117.305018,117117.305018,1814619.0251729,4810926.516706001,241159.05023,5486025.633373,35449100.548704006,100,25,0
Z3,22,5,720,21272.0,0.103177,206169.979744,206520.0,1.0,2,22.637872,99700.46173,99700.46173,1814619.0251729,4810926.516706001,241159.05023,5486025.633373,35449100.548704006,100,25,0
Z3,23,5,720,43464.0,0.099178,438242.352135,439024.0,1.0,2,22.637872,146114.936208,146114.936208,1814619.0251729,4810926.516706001,241159.05023,5486025.633373,35449100.548704006,100,25,0
Z3,24,5,720,42000.0,0.101833,412439.975254,415840.0,1.0,2,22.637872,140954.460832,140954.460832,1814619.0251729,4810926.516706001,241159.05023,5486025.633373,35449100.548704006,100,25,0
Z3,25,5,720,20304.0,0.102444,198196.087619,199056.0,1.0,2,22.637872,98105.683305,98105.683305,1814619.0251729,4810926.516706001,241159.05023,5486025.633373,35449100.548704006,100,25,0
Z3,26,5,720,32736.0,0.125645,260543.59505,261888.0,1.0,2,22.637872,110575.184791,110575.184791,1814619.0251729,4810926.516706001,241159.05023,5486025.633373,35449100.548704006,100,25,0
Z3,27,5,720,34608.0,0.122162,283295.951278,283672.0,1.0,2,22.637872,115125.656037,115125.656037,1814619.0251729,4810926.516706001,241159.05023,5486025.633373,35449100.548704006,100,25,0
Z3,28,5,720,13208.0,0.079105,166967.953985,167184.0,1.0,2,22.637872,91860.056578,91860.056578,1814619.0251729,4810926.516706001,241159.05023,5486025.633373,35449100.548704006,100,25,0
Z3,29,5,720,16320.0,0.122484,133241.892819,133768.0,1.0,2,22.637872,85114.844345,85114.844345,1814619.0251729,4810926.516706001,241159.05023,5486025.633373,35449100.548704006,100,25,0
Z3,30,5,720,8752.0,0.098571,88788.791835,89304.0,1.0,2,22.637872,76224.224148,76224.224148,1814619.0251729,4810926.516706001,241159.05023,5486025.633373,35449100.548704006,100,25,0
Z3,31,5,720,12760.0,0.101959,125148.343942,126336.0,1.0,2,22.637872,83496.13457,83496.13457,1814619.0251729,4810926.516706001,241159.05023,5486025.633373,35449100.548704006,100,25,0
Z3,32,5,720,15440.0,0.084596,182514.539695,183808.0,1.0,2,22.637872,94969.37372,94969.37372,1814619.0251729,4810926.516706001,241159.05023,5486025.633373,35449100.548704006,100,25,0
Z3,33,5,720,10000.0,0.104091,96069.785092,96152.0,1.0,2,22.637872,77680.4228,77680.4228,1814619.0251729,4810926.516706001,241159.05023,5486025.633373,35449100.548704006,100,25,0
Z3,34,5,720,15200.0,0.107618,141240.312959,142056.0,1.0,2,22.637872,86714.528373,86714.528373,1814619.0251729,4810926.516706001,241159.05023,5486025.633373,35449100.548704006,100,25,0
Z3,35,5,720,18352.0,0.095202,192769.059474,193176.0,1.0,2,22.637872,97020.277676,97020.277676,1814619.0251729,4810926.516706001,241159.05023,5486025.633373,35449100.548704006,100,25,0
Z3,36,5,720,11224.0,0.121386,92465.358443,92760.0,1.0,2,22.637872,76959.53747,76959.53747,1814619.0251729,4810926.516706001,241159.05023,5486025.633373,35449100.548704006,100,25,0
Z3,37,5,720,23240.0,0.113861,204108.518281,205656.0,1.0,2,22.637872,99288.169437,99288.169437,1814619.0251729,4810926.516706001,241159.05023,5486025.633373,35449100.548704006,100,25,0
Z3,38,5,720,16824.0,0.077263,217749.763794,218488.0,1.0,2,22.637872,102016.41854,102016.41854,1814619.0251729,4810926.516706001,241159.05023,5486025.633373,35449100.548704006,100,25,0
Z1,0,6,720,14912.0,0.311084,47935.605817,47944.0,1.0,2,28.214487,101281.627495,101281.627495,1814619.0251729,4810926.516706001,241159.05023,5486025.633373,35449100.548704006,100,25,0
Z2,0,6,720,6624.0,0.36106,18345.981277,18344.0,1.0,2,28.214487,95363.702587,95363.702587,1814619.0251729,4810926.516706001,241159.05023,5486025.633373,35449100.548704006,100,25,0
Z2,1,6,720,6768.0,0.081837,82700.978775,83552.0,1.0,2,28.214487,108234.702086,108234.702086,1814619.0251729,4810926.516706001,241159.05023,5486025.633373,35449100.548704006,100,25,0
Z2,2,6,720,7488.0,0.077119,97096.694719,97240.0,1.0,2,28.214487,111113.845275,111113.845275,1814619.0251729,4810926.516706001,241159.05023,5486025.633373,35449100.548704006,100,25,0
Z2,3,6,720,7752.0,0.099159,78177.472544,78296.0,1.0,2,28.214487,107330.00084,107330.00084,1814619.0251729,4810926.516706001,241159.05023,5486025.633373,35449100.548704006,100,25,0
Z2,4,6,720,10768.0,0.120108,89652.645952,89728.0,1.0,2,28.214487,109625.035522,109625.035522,1814619.0251729,4810926.516706001,241159.05023,5486025.633373,35449100.548704006,100,25,0
Z2,5,6,720,17456.0,0.098323,177537.30053,178120.0,1.0,2,28.214487,127201.966437,127201.966437,1814619.0251729,4810926.516706001,241159.05023,5486025.633373,35449100.548704006,100,25,0
Z2,6,6,720,9568.0,0.083143,115078.840071,115272.0,1.0,2,28.214487,114710.274345,114710.274345,1814619.0251729,4810926.516706001,241159.05023,5486025.633373,35449100.548704006,100,25,0
Z2,7,6,720,12800.0,0.105952,120809.423135,121904.0,1.0,2,28.214487,115856.390958,115856.390958,1814619.0251729,4810926.516706001,241159.05023,5486025.633373,35449100.548704006,100,25,0
Z3,0,6,720,6760.0,0.329313,20527.583181,20544.0,1.0,2,28.214487,95800.022967,95800.022967,1814619.0251729,4810926.516706001,241159.05023,5486025.633373,35449100.548704006,100,25,0
Z3,1,6,720,8320.0,0.089494,92967.126288,93480.0,1.0,2,28.214487,110287.931589,110287.931589,1814619.0251729,4810926.516706001,241159.05023,5486025.633373,35449100.548704006,100,25,0
Z3,2,6,720,7800.0,0.080263,97180.519044,97496.0,1.0,2,28.214487,111130.61014,111130.61014,1814619.0251729,4810926.516706001,241159.05023,5486025.633373,35449100.548704006,100,25,0
Z3,3,6,720,6928.0,0.091881,75401.878517,76128.0,1.0,2,28.214487,106774.882035,106774.882035,1814619.0251729,4810926.516706001,241159.05023,5486025.633373,35449100.548704006,100,25,0
Z3,4,6,720,7472.0,0.081313,91891.825415,92240.0,1.0,2,28.214487,110072.871414,110072.871414,1814619.0251729,4810926.516706001,241159.05023,5486025.633373,35449100.548704006,100,25,0
Z3,5,6,720,7416.0,0.102221,72548.693517,72704.0,1.0,2,28.214487,106204.245035,106204.245035,1814619.0251729,4810926.516706001,241159.05023,5486025.633373,35449100.548704006,100,25,0
Z3,6,6,720,6760.0,0.088342,76520.794186,76816.0,1.0,2,28.214487,106998.665169,106998.665169,1814619.0251729,4810926.516706001,241159.05023,5486025.633373,35449100.548704006,100,25,0
Z3,7,6,720,7600.0,0.078778,96473.634771,97432.0,1.0,2,28.214487,110989.233285,110989.233285,1814619.0251729,4810926.516706001,241159.05023,5486025.633373,35449100.548704006,100,25,0
Z3,8,6,720,7600.0,0.110891,68535.769359,69088.0,1.0,2,28.214487,105401.660203,105401.660203,1814619.0251729,4810926.516706001,241159.05023,5486025.633373,35449100.548704006,100,25,0
Z3,9,6,720,12912.0,0.104878,123114.475867,124152.0,1.0,2,28.214487,116317.401505,116317.401505,1814619.0251729,4810926.516706001,241159.05023,5486025.633373,35449100.548704006,100,25,0
Z3,10,6,720,17552.0,0.09287,188995.369872,190776.0,1.0,2,28.214487,129493.580306,129493.580306,1814619.0251729,4810926.516706001,241159.05023,5486025.633373,35449100.548704006,100,25,0
Z3,11,6,720,14968.0,0.094975,157599.368255,159232.0,1.0,2,28.214487,123214.379982,123214.379982,1814619.0251729,4810926.516706001,241159.05023,5486025.633373,35449100.548704006,100,25,0
Z3,12,6,720,10336.0,0.117884,87679.413661,88336.0,1.0,2,28.214487,109230.389063,109230.389063,1814619.0251729,4810926.516706001,241159.05023,5486025.633373,35449100.548704006,100,25,0
Z3,13,6,720,18344.0,0.105335,174149.14321,174704.0,1.0,2,28.214487,126524.334973,126524.334973,1814619.0251729,4810926.516706001,241159.05023,5486025.633373,35449100.548704006,100,25,0
Z3,14,6,720,20456.0,0.10633,192382.206339,192976.0,1.0,2,28.214487,130170.947599,130170.947599,1814619.0251729,4810926.516706001,241159.05023,5486025.633373,35449100.548704006,100,25,0
Z3,15,6,720,12480.0,0.096869,128833.785834,130000.0,1.0,2,28.214487,117461.263498,117461.263498,1814619.0251729,4810926.516706001,241159.05023,5486025.633373,35449100.548704006,100,25,0
Z3,16,6,720,18912.0,0.102665,184210.782643,185408.0,1.0,2,28.214487,128536.66286,128536.66286,1814619.0251729,4810926.516706001,241159.05023,5486025.633373,35449100.548704006,100,25,0
Z3,17,6,720,16112.0,0.114046,141276.327096,141328.0,1.0,2,28.214487,119949.77175,119949.77175,1814619.0251729,4810926.516706001,241159.05023,5486025.633373,35449100.548704006,100,25,0
Z3,18,6,720,16088.0,0.122217,131634.715301,131864.0,1.0,2,28.214487,118021.449392,118021.449392,1814619.0251729,4810926.516706001,241159.05023,5486025.633373,35449100.548704006,100,25,0
Z3,19,6,720,31984.0,0.120337,265786.91508,266528.0,1.0,2,28.214487,144851.889347,144851.889347,1814619.0251729,4810926.516706001,241159.05023,5486025.633373,35449100.548704006,100,25,0
Z3,20,6,720,21472.0,0.102278,209937.620994,210504.0,1.0,2,28.214487,133682.03053,133682.03053,1814619.0251729,4810926.516706001,241159.05023,5486025.633373,35449100.548704006,100,25,0
Z3,21,6,720,19320.0,0.11878,162653.645395,163728.0,1.0,2,28.214487,124225.23541,124225.23541,1814619.0251729,4810926.516706001,241159.05023,5486025.633373,35449100.548704006,100,25,0
Z3,22,6,720,33040.0,0.092076,358834.00669,359128.0,1.0,2,28.214487,163461.307669,163461.307669,1814619.0251729,4810926.516706001,241159.05023,5486025.633373,35449100.548704006,100,25,0
Z3,23,6,720,26472.0,0.114945,230301.448519,232208.0,1.0,2,28.214487,137754.796035,137754.796035,1814619.0251729,4810926.516706001,241159.05023,5486025.633373,35449100.548704006,100,25,0
Z3,24,6,720,12984.0,0.09122,142337.206753,142680.0,1.0,2,28.214487,120161.947682,120161.947682,1814619.0251729,4810926.516706001,241159.05023,5486025.633373,35449100.548704006,100,25,0
Z3,25,6,720,21128.0,0.099816,211669.471828,213408.0,1.0,2,28.214487,134028.400697,134028.400697,1814619.0251729,4810926.516706001,241159.05023,5486025.633373,35449100.548704006,100,25,0
Z3,26,6,720,21576.0,0.12514,172414.895317,172608.0,1.0,2,28.214487,126177.485395,126177.485395,1814619.0251729,4810926.516706001,241159.05023,5486025.633373,35449100.548704006,100,25,0
Z3,27,6,720,14376.0,0.091282,157489.976118,157976.0,1.0,2,28.214487,123192.501555,123192.501555,1814619.0251729,4810926.516706001,241159.05023,5486025.633373,35449100.548704006,100,25,0
Z3,28,6,720,7048.0,0.078544,89733.143206,90352.0,1.0,2,28.214487,109641.134973,109641.134973,1814619.0251729,4810926.516706001,241159.05023,5486025.633373,35449100.548704006,100,25,0
Z3,29,6,720,8656.0,0.085011,101822.117138,101832.0,1.0,2,28.214487,112058.929759,112058.929759,1814619.0251729,4810926.516706001,241159.05023,5486025.633373,35449100.548704006,100,25,0
Z3,30,6,720,9488.0,0.107211,88498.381696,88672.0,1.0,2,28.214487,109394.18267,109394.18267,1814619.0251729,4810926.516706001,241159.05023,5486025.633373,35449100.548704006,100,25,0
Z3,31,6,720,8424.0,0.113827,74007.04578,74544.0,1.0,2,28.214487,106495.915487,106495.915487,1814619.0251729,4810926.516706001,241159.05023,5486025.633373,35449100.548704006,100,25,0
Z3,32,6,720,9328.0,0.104706,89087.540351,89688.0,1.0,2,28.214487,109512.014401,109512.014401,1814619.0251729,4810926.516706001,241159.05023,5486025.633373,35449100.548704006,100,25,0
Z3,33,6,720,8680.0,0.109555,79229.610698,79632.0,1.0,2,28.214487,107540.428471,107540.428471,1814619.0251729,4810926.516706001,241159.05023,5486025.633373,35449100.548704006,100,25,0
Z3,34,6,720,7160.0,0.080213,89262.339022,89496.0,1.0,2,28.214487,109546.974136,109546.974136,1814619.0251729,4810926.516706001,241159.05023,5486025.633373,35449100.548704006,100,25,0
Z3,35,6,720,10360.0,0.104223,99402.243267,99608.0,1.0,2,28.214487,111574.954985,111574.954985,1814619.0251729,4810926.516706001,241159.05023,5486025.633373,35449100.548704006,100,25,0
Z3,36,6,720,9048.0,0.110621,81792.787988,82248.0,1.0,2,28.214487,108053.063929,108053.063929,1814619.0251729,4810926.516706001,241159.05023,5486025.633373,35449100.548704006,100,25,0
Z3,37,6,720,7176.0,0.107655,66657.377734,67064.0,1.0,2,28.214487,105025.981878,105025.981878,1814619.0251729,4810926.516706001,241159.05023,5486025.633373,35449100.548704006,100,25,0
Z3,38,6,720,8768.0,0.11926,73520.040248,73680.0,1.0,2,28.214487,106398.514381,106398.514381,1814619.0251729,4810926.516706001,241159.05023,5486025.633373,35449100.548704006,100,25,0
Z1,0,7,720,14352.0,0.375276,38243.852525,38272.0,1.0,2,33.74715,102011.418911,102011.418911,1814619.0251729,4810926.516706001,241159.05023,5486025.633373,35449100.548704006,100,25,0
Z2,0,7,720,6624.0,0.319656,20722.276447,20760.0,1.0,2,33.74715,98507.103696,98507.103696,1814619.0251729,4810926.516706001,241159.05023,5486025.633373,35449100.548704006,100,25,0
Z2,1,7,720,6792.0,0.11997,56614.153538,57072.0,1.0,2,33.74715,105685.479114,105685.479114,1814619.0251729,4810926.516706001,241159.05023,5486025.633373,35449100.548704006,100,25,0
Z2,2,7,720,7408.0,0.121223,61110.515331,61216.0,1.0,2,33.74715,106584.751473,106584.751473,1814619.0251729,4810926.516706001,241159.05023,5486025.633373,35449100.548704006,100,25,0
Z2,3,7,720,7464.0,0.124599,59904.172586,60192.0,1.0,2,33.74715,106343.482924,106343.482924,1814619.0251729,4810926.516706001,241159.05023,5486025.633373,35449100.548704006,100,25,0
Z2,4,7,720,10144.0,0.083942,120845.345596,122216.0,1.0,2,33.74715,118531.717526,118531.717526,1814619.0251729,4810926.516706001,241159.05023,5486025.633373,35449100.548704006,100,25,0
Z2,5,7,720,16856.0,0.114119,147705.465348,147856.0,1.0,2,33.74715,123903.741476,123903.741476,1814619.0251729,4810926.516706001,241159.05023,5486025.633373,35449100.548704006,100,25,0
Z2,6,7,720,9672.0,0.090393,106999.435797,107464.0,1.0,2,33.74715,115762.535566,115762.535566,1814619.0251729,4810926.516706001,241159.05023,5486025.633373,35449100.548704006,100,25,0
Z2,7,7,720,13368.0,0.077235,173082.151874,173608.0,1.0,2,33.74715,128979.078781,128979.078781,1814619.0251729,4810926.516706001,241159.05023,5486025.633373,35449100.548704006,100,25,0
Z3,0,7,720,6656.0,0.340207,19564.559224,19576.0,1.0,2,33.74715,98275.560251,98275.560251,1814619.0251729,4810926.516706001,241159.05023,5486025.633373,35449100.548704006,100,25,0
Z3,1,7,720,7664.0,0.104251,73514.882351,73688.0,1.0,2,33.74715,109065.624877,109065.624877,1814619.0251729,4810926.516706001,241159.05023,5486025.633373,35449100.548704006,100,25,0
Z3,2,7,720,7664.0,0.092179,83142.581282,83304.0,1.0,2,33.74715,110991.164663,110991.164663,1814619.0251729,4810926.516706001,241159.05023,5486025.633373,35449100.548704006,100,25,0
Z3,3,7,720,6920.0,0.109791,63028.845716,63480.0,1.0,2,33.74715,106968.41755,106968.41755,1814619.0251729,4810926.516706001,241159.05023,5486025.633373,35449100.548704006,100,25,0
Z3,4,7,720,7504.0,0.107025,70114.459238,70128.0,1.0,2,33.74715,108385.540254,108385.540254,1814619.0251729,4810926.516706001,241159.05023,5486025.633373,35449100.548704006,100,25,0
Z3,5,7,720,7480.0,0.10034,74546.541758,74800.0,1.0,2,33.74715,109271.956758,109271.956758,1814619.0251729,4810926.516706001,241159.05023,5486025.633373,35449100.548704006,100,25,0
Z3,6,7,720,6728.0,0.083186,80878.994062,81056.0,1.0,2,33.74715,110538.447219,110538.447219,1814619.0251729,4810926.516706001,241159.05023,5486025.633373,35449100.548704006,100,25,0
Z3,7,7,720,7632.0,0.118292,64518.310621,64672.0,1.0,2,33.74715,107266.310531,107266.310531,1814619.0251729,4810926.516706001,241159.05023,5486025.633373,35449100.548704006,100,25,0
Z3,8,7,720,7392.0,0.110681,66786.53066,67200.0,1.0,2,33.74715,107719.954538,107719.954538,1814619.0251729,4810926.516706001,241159.05023,5486025.633373,35449100.548704006,100,25,0
Z3,9,7,720,12800.0,0.122315,104647.835507,104912.0,1.0,2,33.74715,115292.215508,115292.215508,1814619.0251729,4810926.516706001,241159.05023,5486025.633373,35449100.548704006,100,25,0
Z3,10,7,720,16760.0,0.124018,135141.672983,135160.0,1.0,2,33.74715,121390.983003,121390.983003,1814619.0251729,4810926.516706001,241159.05023,5486025.633373,35449100.548704006,100,25,0
Z3,11,7,720,14104.0,0.084697,166523.017344,167904.0,1.0,2,33.74715,127667.251875,127667.251875,1814619.0251729,4810926.516706001,241159.05023,5486025.633373,35449100.548704006,100,25,0
Z3,12,7,720,9704.0,0.076168,127402.583762,127680.0,1.0,2,33.74715,119843.165159,119843.165159,1814619.0251729,4810926.516706001,241159.05023,5486025.633373,35449100.548704006,100,25,0
Z3,13,7,720,17248.0,0.106133,162513.073219,162712.0,1.0,2,33.74715,126865.26305,126865.26305,1814619.0251729,4810926.516706001,241159.05023,5486025.633373,35449100.548704006,100,25,0
Z3,14,7,720,21552.0,0.120832,178363.347458,179600.0,1.0,2,33.74715,130035.317898,130035.317898,1814619.0251729,4810926.516706001,241159.05023,5486025.633373,35449100.548704006,100,25,0
Z3,15,7,720,16688.0,0.104193,160164.310462,160456.0,1.0,2,33.74715,126395.510499,126395.510499,1814619.0251729,4810926.516706001,241159.05023,5486025.633373,35449100.548704006,100,25,0
Z3,16,7,720,23312.0,0.124643,187030.158132,188000.0,1.0,2,33.74715,131768.680033,131768.680033,1814619.0251729,4810926.516706001,241159.05023,5486025.633373,35449100.548704006,100,25,0
Z3,17,7,720,14952.0,0.101195,147754.335689,148032.0,1.0,2,33.74715,123913.515544,123913.515544,1814619.0251729,4810926.516706001,241159.05023,5486025.633373,35449100.548704006,100,25,0
Z3,18,7,720,23928.0,0.102387,233701.544141,234584.0,1.0,2,33.74715,141102.957235,141102.957235,1814619.0251729,4810926.516706001,241159.05023,5486025.633373,35449100.548704006,100,25,0
Z3,19,7,720,29544.0,0.109748,269198.527536,271040.0,1.0,2,33.74715,148202.353914,148202.353914,1814619.0251729,4810926.516706001,241159.05023,5486025.633373,35449100.548704006,100,25,0
Z3,20,7,720,31920.0,0.107929,295749.983786,298312.0,1.0,2,33.74715,153512.645164,153512.645164,1814619.0251729,4810926.516706001,241159.05023,5486025.633373,35449100.548704006,100,25,0
Z3,21,7,720,15096.0,0.115997,130141.296758,131264.0,1.0,2,33.74715,120390.907758,120390.907758,1814619.0251729,4810926.516706001,241159.05023,5486025.633373,35449100.548704006,100,25,0
Z3,22,7,720,22296.0,0.122094,182613.396236,182752.0,1.0,2,33.74715,130885.327654,130885.327654,1814619.0251729,4810926.516706001,241159.05023,5486025.633373,35449100.548704006,100,25,0
Z3,23,7,720,24272.0,0.124963,194233.493114,195736.0,1.0,2,33.74715,133209.347029,133209.347029,1814619.0251729,4810926.516706001,241159.05023,5486025.633373,35449100.548704006,100,25,0
Z3,24,7,720,13368.0,0.107548,124297.987875,124928.0,1.0,2,33.74715,119222.245981,119222.245981,1814619.0251729,4810926.516706001,241159.05023,5486025.633373,35449100.548704006,100,25,0
Z3,25,7,720,21768.0,0.124822,174392.334685,175544.0,1.0,2,33.74715,129241.115343,129241.115343,1814619.0251729,4810926.516706001,241159.05023,5486025.633373,35449100.548704006,100,25,0
Z3,26,7,720,21680.0,0.125173,173200.290798,173440.0,1.0,2,33.74715,129002.706566,129002.706566,1814619.0251729,4810926.516706001,241159.05023,5486025.633373,35449100.548704006,100,25,0
Z3,27,7,720,15008.0,0.099521,150802.343224,151592.0,1.0,2,33.74715,124523.117051,124523.117051,1814619.0251729,4810926.516706001,241159.05023,5486025.633373,35449100.548704006,100,25,0
Z3,28,7,720,13424.0,0.115459,116266.380274,116728.0,1.0,2,33.74715,117615.924461,117615.924461,1814619.0251729,4810926.516706001,241159.05023,5486025.633373,35449100.548704006,100,25,0
Z3,29,7,720,8064.0,0.116824,69026.912278,69512.0,1.0,2,33.74715,108168.030862,108168.030862,1814619.0251729,4810926.516706001,241159.05023,5486025.633373,35449100.548704006,100,25,0
Z3,30,7,720,9424.0,0.101848,92530.044773,93304.0,1.0,2,33.74715,112868.657361,112868.657361,1814619.0251729,4810926.516706001,241159.05023,5486025.633373,35449100.548704006,100,25,0
Z3,31,7,720,7368.0,0.09488,77655.986509,78376.0,1.0,2,33.74715,109893.845708,109893.845708,1814619.0251729,4810926.516706001,241159.05023,5486025.633373,35449100.548704006,100,25,0
Z3,32,7,720,8792.0,0.085223,103164.638654,103432.0,1.0,2,33.74715,114995.576137,114995.576137,1814619.0251729,4810926.516706001,241159.05023,5486025.633373,35449100.548704006,100,25,0
Z3,33,7,720,8568.0,0.123265,69508.781893,69656.0,1.0,2,33.74715,108264.404785,108264.404785,1814619.0251729,4810926.516706001,241159.05023,5486025.633373,35449100.548704006,100,25,0
Z3,34,7,720,7064.0,0.11483,61517.025168,61960.0,1.0,2,33.74715,106666.05344,106666.05344,1814619.0251729,4810926.516706001,241159.05023,5486025.633373,35449100.548704006,100,25,0
Z3,35,7,720,10104.0,0.108366,93239.576989,93552.0,1.0,2,33.74715,113010.563804,113010.563804,1814619.0251729,4810926.516706001,241159.05023,5486025.633373,35449100.548704006,100,25,0
Z3,36,7,720,8640.0,0.120355,71787.628266,72000.0,1.0,2,33.74715,108720.17406,108720.17406,1814619.0251729,4810926.516706001,241159.05023,5486025.633373,35449100.548704006,100,25,0
Z3,37,7,720,7168.0,0.094994,75457.397309,76248.0,1.0,2,33.74715,109454.127868,109454.127868,1814619.0251729,4810926.516706001,241159.05023,5486025.633373,35449100.548704006,100,25,0
Z3,38,7,720,8160.0,0.124654,65461.196592,65800.0,1.0,2,33.74715,107454.887725,107454.887725,1814619.0251729,4810926.516706001,241159.05023,5486025.633373,35449100.548704006,100,25,0
