Zone, Tile_no, Seg_no, Reso, Seg_d_size, Seg_d_time, Bitrate, Bitrate1, Buf_lev, Buf_limit, Elapsed, Ref_vp, Local_avg,QoE,QoE1,Z1,Z2,Z3,delay,jitter,loss
Z1,0,1, 720,9960.0,0.046506,214165.914076,216520.0,1.0,2,6.1e-05,214165.914076,214165.914076,284745629.5772432,671469285.1083446,34601238.4566335,868415875.5253326,4735652430.836346,0,25,0
Z2,0,1, 720,8952.0,0.057846,154755.730733,157048.0,1.0,2,6.1e-05,77377.865367,77377.865367,284745629.5772432,671469285.1083446,34601238.4566335,868415875.5253326,4735652430.836346,0,25,0
Z2,1,1, 720,5424.0,0.004837,1121356.212528,1356000.0,1.0,2,6.1e-05,373785.404176,373785.404176,284745629.5772432,671469285.1083446,34601238.4566335,868415875.5253326,4735652430.836346,0,25,0
Z2,2,1, 720,7080.0,0.007529,940363.926152,1011424.0,1.0,2,6.1e-05,235090.981538,235090.981538,284745629.5772432,671469285.1083446,34601238.4566335,868415875.5253326,4735652430.836346,0,25,0
Z2,3,1, 720,18976.0,0.000897,21154960.981048,18976000.0,1.0,2,6.1e-05,4230992.19621,4230992.19621,284745629.5772432,671469285.1083446,34601238.4566335,868415875.5253326,4735652430.836346,0,25,0
Z2,4,1, 720,8720.0,0.020652,422235.134612,436000.0,1.0,2,6.1e-05,84447.026922,84447.026922,284745629.5772432,671469285.1083446,34601238.4566335,868415875.5253326,4735652430.836346,0,25,0
Z2,5,1, 720,8336.0,0.015475,538675.282714,555728.0,1.0,2,6.1e-05,107735.056543,107735.056543,284745629.5772432,671469285.1083446,34601238.4566335,868415875.5253326,4735652430.836346,0,25,0
Z2,6,1, 720,6376.0,0.024418,261118.846752,265664.0,1.0,2,6.1e-05,52223.76935,52223.76935,284745629.5772432,671469285.1083446,34601238.4566335,868415875.5253326,4735652430.836346,0,25,0
Z2,7,1, 720,6872.0,0.000794,8654911.838791,6872000.0,1.0,2,6.1e-05,1730982.367758,1730982.367758,284745629.5772432,671469285.1083446,34601238.4566335,868415875.5253326,4735652430.836346,0,25,0
Z3,0,1, 720,7080.0,0.040167,176264.097393,177000.0,1.0,2,6.1e-05,35252.819479,35252.819479,284745629.5772432,671469285.1083446,34601238.4566335,868415875.5253326,4735652430.836346,0,25,0
Z3,1,1, 720,7080.0,0.000645,10976744.186047,7080000.0,1.0,2,6.1e-05,2195348.837209,2195348.837209,284745629.5772432,671469285.1083446,34601238.4566335,868415875.5253326,4735652430.836346,0,25,0
Z3,2,1, 720,5664.0,0.01531,369954.27825,377600.0,1.0,2,6.1e-05,73990.85565,73990.85565,284745629.5772432,671469285.1083446,34601238.4566335,868415875.5253326,4735652430.836346,0,25,0
Z3,3,1, 720,7080.0,0.000789,8973384.030418,7080000.0,1.0,2,6.1e-05,1794676.806084,1794676.806084,284745629.5772432,671469285.1083446,34601238.4566335,868415875.5253326,4735652430.836346,0,25,0
Z3,4,1, 720,7080.0,0.00073,9698630.136986,7080000.0,1.0,2,6.1e-05,1939726.027397,1939726.027397,284745629.5772432,671469285.1083446,34601238.4566335,868415875.5253326,4735652430.836346,0,25,0
Z3,5,1, 720,5664.0,0.000786,7206106.870229,5664000.0,1.0,2,6.1e-05,1441221.374046,1441221.374046,284745629.5772432,671469285.1083446,34601238.4566335,868415875.5253326,4735652430.836346,0,25,0
Z3,6,1, 720,7080.0,0.003739,1893554.426317,2360000.0,1.0,2,6.1e-05,378710.885263,378710.885263,284745629.5772432,671469285.1083446,34601238.4566335,868415875.5253326,4735652430.836346,0,25,0
Z3,7,1, 720,7080.0,0.000695,10187050.359712,7080000.0,1.0,2,6.1e-05,2037410.071942,2037410.071942,284745629.5772432,671469285.1083446,34601238.4566335,868415875.5253326,4735652430.836346,0,25,0
Z3,8,1, 720,5664.0,0.000773,7327296.248383,5664000.0,1.0,2,6.1e-05,1465459.249677,1465459.249677,284745629.5772432,671469285.1083446,34601238.4566335,868415875.5253326,4735652430.836346,0,25,0
Z3,9,1, 720,7080.0,0.000639,11079812.206573,7080000.0,1.0,2,6.1e-05,2215962.441315,2215962.441315,284745629.5772432,671469285.1083446,34601238.4566335,868415875.5253326,4735652430.836346,0,25,0
Z3,10,1, 720,12904.0,0.018647,692014.801309,716888.0,1.0,2,6.1e-05,138402.960262,138402.960262,284745629.5772432,671469285.1083446,34601238.4566335,868415875.5253326,4735652430.836346,0,25,0
Z3,11,1, 720,17344.0,0.000915,18955191.256831,17344000.0,1.0,2,6.1e-05,3791038.251366,3791038.251366,284745629.5772432,671469285.1083446,34601238.4566335,868415875.5253326,4735652430.836346,0,25,0
Z3,12,1, 720,16912.0,0.000942,17953290.870488,16912000.0,1.0,2,6.1e-05,3590658.174098,3590658.174098,284745629.5772432,671469285.1083446,34601238.4566335,868415875.5253326,4735652430.836346,0,25,0
Z3,13,1, 720,13240.0,0.006172,2145171.743357,2206664.0,1.0,2,6.1e-05,429034.348671,429034.348671,284745629.5772432,671469285.1083446,34601238.4566335,868415875.5253326,4735652430.836346,0,25,0
Z3,14,1, 720,28328.0,0.001028,27556420.233463,28328000.0,1.0,2,6.1e-05,5511284.046693,5511284.046693,284745629.5772432,671469285.1083446,34601238.4566335,868415875.5253326,4735652430.836346,0,25,0
Z3,15,1, 720,30528.0,0.000768,39750000.0,30528000.0,1.0,2,6.1e-05,7950000.0,7950000.0,284745629.5772432,671469285.1083446,34601238.4566335,868415875.5253326,4735652430.836346,0,25,0
Z3,16,1, 720,16360.0,0.000815,20073619.631902,16360000.0,1.0,2,6.1e-05,4014723.92638,4014723.92638,284745629.5772432,671469285.1083446,34601238.4566335,868415875.5253326,4735652430.836346,0,25,0
Z3,17,1, 720,33216.0,0.000952,34890756.302521,33216000.0,1.0,2,6.1e-05,6978151.260504,6978151.260504,284745629.5772432,671469285.1083446,34601238.4566335,868415875.5253326,4735652430.836346,0,25,0
Z3,18,1, 720,28000.0,0.024197,1157168.243997,1166664.0,1.0,2,6.1e-05,231433.648799,231433.648799,284745629.5772432,671469285.1083446,34601238.4566335,868415875.5253326,4735652430.836346,0,25,0
Z3,19,1, 720,15744.0,0.004786,3289594.651066,3936000.0,1.0,2,6.1e-05,657918.930213,657918.930213,284745629.5772432,671469285.1083446,34601238.4566335,868415875.5253326,4735652430.836346,0,25,0
Z3,20,1, 720,16024.0,0.007764,2063884.595569,2289136.0,1.0,2,6.1e-05,412776.919114,412776.919114,284745629.5772432,671469285.1083446,34601238.4566335,868415875.5253326,4735652430.836346,0,25,0
Z3,21,1, 720,11576.0,0.000958,12083507.306889,11576000.0,1.0,2,6.1e-05,2416701.461378,2416701.461378,284745629.5772432,671469285.1083446,34601238.4566335,868415875.5253326,4735652430.836346,0,25,0
Z3,22,1, 720,10816.0,0.000841,12860879.904875,10816000.0,1.0,2,6.1e-05,2572175.980975,2572175.980975,284745629.5772432,671469285.1083446,34601238.4566335,868415875.5253326,4735652430.836346,0,25,0
Z3,23,1, 720,13224.0,0.000863,15323290.845886,13224000.0,1.0,2,6.1e-05,3064658.169177,3064658.169177,284745629.5772432,671469285.1083446,34601238.4566335,868415875.5253326,4735652430.836346,0,25,0
Z3,24,1, 720,17528.0,0.022814,768300.166564,796720.0,1.0,2,6.1e-05,153660.033313,153660.033313,284745629.5772432,671469285.1083446,34601238.4566335,868415875.5253326,4735652430.836346,0,25,0
Z3,25,1, 720,23824.0,0.001259,18922954.725973,23824000.0,1.0,2,6.1e-05,3784590.945195,3784590.945195,284745629.5772432,671469285.1083446,34601238.4566335,868415875.5253326,4735652430.836346,0,25,0
Z3,26,1, 720,11024.0,0.000825,13362424.242424,11024000.0,1.0,2,6.1e-05,2672484.848485,2672484.848485,284745629.5772432,671469285.1083446,34601238.4566335,868415875.5253326,4735652430.836346,0,25,0
Z3,27,1, 720,15112.0,0.008063,1874240.357187,1889000.0,1.0,2,6.1e-05,374848.071437,374848.071437,284745629.5772432,671469285.1083446,34601238.4566335,868415875.5253326,4735652430.836346,0,25,0
Z3,28,1, 720,24552.0,0.006626,3705402.958044,4092000.0,1.0,2,6.1e-05,741080.591609,741080.591609,284745629.5772432,671469285.1083446,34601238.4566335,868415875.5253326,4735652430.836346,0,25,0
Z3,29,1, 720,10824.0,0.000976,11090163.934426,10824000.0,1.0,2,6.1e-05,2218032.786885,2218032.786885,284745629.5772432,671469285.1083446,34601238.4566335,868415875.5253326,4735652430.836346,0,25,0
Z3,30,1, 720,6872.0,0.00077,8924675.324675,6872000.0,1.0,2,6.1e-05,1784935.064935,1784935.064935,284745629.5772432,671469285.1083446,34601238.4566335,868415875.5253326,4735652430.836346,0,25,0
Z3,31,1, 720,6872.0,0.000751,9150466.045273,6872000.0,1.0,2,6.1e-05,1830093.209055,1830093.209055,284745629.5772432,671469285.1083446,34601238.4566335,868415875.5253326,4735652430.836346,0,25,0
Z3,32,1, 720,6376.0,0.000763,8356487.549148,6376000.0,1.0,2,6.1e-05,1671297.50983,1671297.50983,284745629.5772432,671469285.1083446,34601238.4566335,868415875.5253326,4735652430.836346,0,25,0
Z3,33,1, 720,6872.0,0.023514,292251.424683,298776.0,1.0,2,6.1e-05,58450.284937,58450.284937,284745629.5772432,671469285.1083446,34601238.4566335,868415875.5253326,4735652430.836346,0,25,0
Z3,34,1, 720,6872.0,0.000795,8644025.157233,6872000.0,1.0,2,6.1e-05,1728805.031447,1728805.031447,284745629.5772432,671469285.1083446,34601238.4566335,868415875.5253326,4735652430.836346,0,25,0
Z3,35,1, 720,6376.0,0.000767,8312907.431551,6376000.0,1.0,2,6.1e-05,1662581.48631,1662581.48631,284745629.5772432,671469285.1083446,34601238.4566335,868415875.5253326,4735652430.836346,0,25,0
Z3,36,1, 720,6872.0,0.022636,303587.20622,312360.0,1.0,2,6.1e-05,60717.441244,60717.441244,284745629.5772432,671469285.1083446,34601238.4566335,868415875.5253326,4735652430.836346,0,25,0
Z3,37,1, 720,6872.0,0.016341,420537.298819,429496.0,1.0,2,6.1e-05,84107.459764,84107.459764,284745629.5772432,671469285.1083446,34601238.4566335,868415875.5253326,4735652430.836346,0,25,0
Z3,38,1, 720,6376.0,0.000916,6960698.689956,6376000.0,1.0,2,6.1e-05,1392139.737991,1392139.737991,284745629.5772432,671469285.1083446,34601238.4566335,868415875.5253326,4735652430.836346,0,25,0
Z1,0,2, 4K,33112.0,0.028682,1154452.269716,1182568.0,1.572859,2,0.427202,1623030.191935,1623030.191935,284745629.5772432,671469285.1083446,34601238.4566335,868415875.5253326,4735652430.836346,0,25,0
Z2,0,2, 4K,6624.0,0.0329,201337.386018,207000.0,1.572859,2,0.427202,1432407.215195,1432407.215195,284745629.5772432,671469285.1083446,34601238.4566335,868415875.5253326,4735652430.836346,0,25,0
Z2,1,2, 4K,9736.0,0.00094,10357446.808511,9736000.0,1.572859,2,0.427202,3463629.099693,3463629.099693,284745629.5772432,671469285.1083446,34601238.4566335,868415875.5253326,4735652430.836346,0,25,0
Z2,2,2, 4K,9976.0,0.015908,627105.858687,665064.0,1.572859,2,0.427202,1517560.909729,1517560.909729,284745629.5772432,671469285.1083446,34601238.4566335,868415875.5253326,4735652430.836346,0,25,0
Z2,3,2, 4K,38152.0,0.004383,8704540.269222,9538000.0,1.572859,2,0.427202,3133047.791836,3133047.791836,284745629.5772432,671469285.1083446,34601238.4566335,868415875.5253326,4735652430.836346,0,25,0
Z2,4,2, 4K,53912.0,0.02364,2280541.455161,2344000.0,1.572859,2,0.427202,1848248.029023,1848248.029023,284745629.5772432,671469285.1083446,34601238.4566335,868415875.5253326,4735652430.836346,0,25,0
Z2,5,2, 4K,24608.0,0.000941,26150903.294368,24608000.0,1.572859,2,0.427202,6622320.396865,6622320.396865,284745629.5772432,671469285.1083446,34601238.4566335,868415875.5253326,4735652430.836346,0,25,0
Z2,6,2, 4K,10280.0,0.02219,463271.744029,467272.0,1.572859,2,0.427202,1484794.086797,1484794.086797,284745629.5772432,671469285.1083446,34601238.4566335,868415875.5253326,4735652430.836346,0,25,0
Z2,7,2, 4K,10280.0,0.00085,12094117.647059,10280000.0,1.572859,2,0.427202,3810963.267403,3810963.267403,284745629.5772432,671469285.1083446,34601238.4566335,868415875.5253326,4735652430.836346,0,25,0
Z3,0,2, 4K,9976.0,0.026435,377378.475506,383688.0,1.572859,2,0.427202,1467615.433092,1467615.433092,284745629.5772432,671469285.1083446,34601238.4566335,868415875.5253326,4735652430.836346,0,25,0
Z3,1,2, 4K,9976.0,0.004996,1996797.43795,2494000.0,1.572859,2,0.427202,1791499.225581,1791499.225581,284745629.5772432,671469285.1083446,34601238.4566335,868415875.5253326,4735652430.836346,0,25,0
Z3,2,2, 4K,9976.0,0.019559,510046.525896,525048.0,1.572859,2,0.427202,1494149.04317,1494149.04317,284745629.5772432,671469285.1083446,34601238.4566335,868415875.5253326,4735652430.836346,0,25,0
Z3,3,2, 4K,9976.0,0.000879,11349260.523322,9976000.0,1.572859,2,0.427202,3661991.842656,3661991.842656,284745629.5772432,671469285.1083446,34601238.4566335,868415875.5253326,4735652430.836346,0,25,0
Z3,4,2, 4K,9976.0,0.000891,11196408.529742,9976000.0,1.572859,2,0.427202,3631421.44394,3631421.44394,284745629.5772432,671469285.1083446,34601238.4566335,868415875.5253326,4735652430.836346,0,25,0
Z3,5,2, 4K,9976.0,0.024078,414320.126256,415664.0,1.572859,2,0.427202,1475003.763243,1475003.763243,284745629.5772432,671469285.1083446,34601238.4566335,868415875.5253326,4735652430.836346,0,25,0
Z3,6,2, 4K,9976.0,0.025862,385739.695306,399040.0,1.572859,2,0.427202,1469287.677052,1469287.677052,284745629.5772432,671469285.1083446,34601238.4566335,868415875.5253326,4735652430.836346,0,25,0
Z3,7,2, 4K,9976.0,0.022501,443358.072975,453448.0,1.572859,2,0.427202,1480811.352586,1480811.352586,284745629.5772432,671469285.1083446,34601238.4566335,868415875.5253326,4735652430.836346,0,25,0
Z3,8,2, 4K,9976.0,0.000876,11388127.853881,9976000.0,1.572859,2,0.427202,3669765.308768,3669765.308768,284745629.5772432,671469285.1083446,34601238.4566335,868415875.5253326,4735652430.836346,0,25,0
Z3,9,2, 4K,9976.0,0.000938,10635394.45629,9976000.0,1.572859,2,0.427202,3519218.629249,3519218.629249,284745629.5772432,671469285.1083446,34601238.4566335,868415875.5253326,4735652430.836346,0,25,0
Z3,10,2, 4K,40320.0,0.001125,35840000.0,40320000.0,1.572859,2,0.427202,8560139.737991,8560139.737991,284745629.5772432,671469285.1083446,34601238.4566335,868415875.5253326,4735652430.836346,0,25,0
Z3,11,2, 4K,25056.0,0.015984,1567567.567568,1670400.0,1.572859,2,0.427202,1705653.251505,1705653.251505,284745629.5772432,671469285.1083446,34601238.4566335,868415875.5253326,4735652430.836346,0,25,0
Z3,12,2, 4K,28696.0,0.001022,28078277.886497,28696000.0,1.572859,2,0.427202,7007795.315291,7007795.315291,284745629.5772432,671469285.1083446,34601238.4566335,868415875.5253326,4735652430.836346,0,25,0
Z3,13,2, 4K,25792.0,0.001906,13532004.197272,25792000.0,1.572859,2,0.427202,4098540.577446,4098540.577446,284745629.5772432,671469285.1083446,34601238.4566335,868415875.5253326,4735652430.836346,0,25,0
Z3,14,2, 4K,40168.0,0.001061,37858623.93968,40168000.0,1.572859,2,0.427202,8963864.525927,8963864.525927,284745629.5772432,671469285.1083446,34601238.4566335,868415875.5253326,4735652430.836346,0,25,0
Z3,15,2, 4K,41448.0,0.001009,41078295.341923,41448000.0,1.572859,2,0.427202,9607798.806376,9607798.806376,284745629.5772432,671469285.1083446,34601238.4566335,868415875.5253326,4735652430.836346,0,25,0
Z3,16,2, 4K,44560.0,0.013738,3243558.014267,3427688.0,1.572859,2,0.427202,2040851.340845,2040851.340845,284745629.5772432,671469285.1083446,34601238.4566335,868415875.5253326,4735652430.836346,0,25,0
Z3,17,2, 4K,39312.0,0.000985,39910659.898477,39312000.0,1.572859,2,0.427202,9374271.717687,9374271.717687,284745629.5772432,671469285.1083446,34601238.4566335,868415875.5253326,4735652430.836346,0,25,0
Z3,18,2, 4K,31560.0,0.019234,1640844.338151,1661048.0,1.572859,2,0.427202,1720308.605622,1720308.605622,284745629.5772432,671469285.1083446,34601238.4566335,868415875.5253326,4735652430.836346,0,25,0
Z3,19,2, 4K,29312.0,0.010575,2771820.330969,2931200.0,1.572859,2,0.427202,1946503.804185,1946503.804185,284745629.5772432,671469285.1083446,34601238.4566335,868415875.5253326,4735652430.836346,0,25,0
Z3,20,2, 4K,35968.0,0.000931,38633727.175081,35968000.0,1.572859,2,0.427202,9118885.173007,9118885.173007,284745629.5772432,671469285.1083446,34601238.4566335,868415875.5253326,4735652430.836346,0,25,0
Z3,21,2, 4K,35592.0,0.012738,2794159.208667,2966000.0,1.572859,2,0.427202,1950971.579725,1950971.579725,284745629.5772432,671469285.1083446,34601238.4566335,868415875.5253326,4735652430.836346,0,25,0
Z3,22,2, 4K,42440.0,0.022577,1879789.165965,1929088.0,1.572859,2,0.427202,1768097.571184,1768097.571184,284745629.5772432,671469285.1083446,34601238.4566335,868415875.5253326,4735652430.836346,0,25,0
Z3,23,2, 4K,61624.0,0.009136,6745183.887916,6847104.0,1.572859,2,0.427202,2741176.515574,2741176.515574,284745629.5772432,671469285.1083446,34601238.4566335,868415875.5253326,4735652430.836346,0,25,0
Z3,24,2, 4K,64952.0,0.017063,3806599.07402,3820704.0,1.572859,2,0.427202,2153459.552795,2153459.552795,284745629.5772432,671469285.1083446,34601238.4566335,868415875.5253326,4735652430.836346,0,25,0
Z3,25,2, 4K,73400.0,0.009888,7423139.158576,8155552.0,1.572859,2,0.427202,2876767.569706,2876767.569706,284745629.5772432,671469285.1083446,34601238.4566335,868415875.5253326,4735652430.836346,0,25,0
Z3,26,2, 4K,52792.0,0.002276,23195079.086116,26396000.0,1.572859,2,0.427202,6031155.555214,6031155.555214,284745629.5772432,671469285.1083446,34601238.4566335,868415875.5253326,4735652430.836346,0,25,0
Z3,27,2, 4K,67272.0,0.012468,5395572.666025,5606000.0,1.572859,2,0.427202,2471254.271196,2471254.271196,284745629.5772432,671469285.1083446,34601238.4566335,868415875.5253326,4735652430.836346,0,25,0
Z3,28,2, 4K,64968.0,0.01958,3318079.673136,3419368.0,1.572859,2,0.427202,2055755.672618,2055755.672618,284745629.5772432,671469285.1083446,34601238.4566335,868415875.5253326,4735652430.836346,0,25,0
Z3,29,2, 4K,52408.0,0.001056,49628787.878788,52408000.0,1.572859,2,0.427202,11317897.313749,11317897.313749,284745629.5772432,671469285.1083446,34601238.4566335,868415875.5253326,4735652430.836346,0,25,0
Z3,30,2, 4K,10280.0,0.000891,11537598.204265,10280000.0,1.572859,2,0.427202,3699659.378844,3699659.378844,284745629.5772432,671469285.1083446,34601238.4566335,868415875.5253326,4735652430.836346,0,25,0
Z3,31,2, 4K,10280.0,0.000904,11371681.415929,10280000.0,1.572859,2,0.427202,3666476.021177,3666476.021177,284745629.5772432,671469285.1083446,34601238.4566335,868415875.5253326,4735652430.836346,0,25,0
Z3,32,2, 4K,10280.0,0.001053,9762583.095916,10280000.0,1.572859,2,0.427202,3344656.357175,3344656.357175,284745629.5772432,671469285.1083446,34601238.4566335,868415875.5253326,4735652430.836346,0,25,0
Z3,33,2, 4K,10280.0,0.001025,10029268.292683,10280000.0,1.572859,2,0.427202,3397993.396528,3397993.396528,284745629.5772432,671469285.1083446,34601238.4566335,868415875.5253326,4735652430.836346,0,25,0
Z3,34,2, 4K,10280.0,0.001286,7993779.160187,10280000.0,1.572859,2,0.427202,2990895.570029,2990895.570029,284745629.5772432,671469285.1083446,34601238.4566335,868415875.5253326,4735652430.836346,0,25,0
Z3,35,2, 4K,10280.0,0.000965,10652849.740933,10280000.0,1.572859,2,0.427202,3522709.686178,3522709.686178,284745629.5772432,671469285.1083446,34601238.4566335,868415875.5253326,4735652430.836346,0,25,0
Z3,36,2, 4K,10280.0,0.000923,11137594.799567,10280000.0,1.572859,2,0.427202,3619658.697905,3619658.697905,284745629.5772432,671469285.1083446,34601238.4566335,868415875.5253326,4735652430.836346,0,25,0
Z3,37,2, 4K,10280.0,0.001065,9652582.159624,10280000.0,1.572859,2,0.427202,3322656.169916,3322656.169916,284745629.5772432,671469285.1083446,34601238.4566335,868415875.5253326,4735652430.836346,0,25,0
Z3,38,2, 4K,10280.0,0.000917,11210468.920393,10280000.0,1.572859,2,0.427202,3634233.52207,3634233.52207,284745629.5772432,671469285.1083446,34601238.4566335,868415875.5253326,4735652430.836346,0,25,0
Z1,0,3, 4K,37368.0,0.033329,1121185.754148,1132360.0,1.124813,2,0.875248,3858470.672899,3858470.672899,284745629.5772432,671469285.1083446,34601238.4566335,868415875.5253326,4735652430.836346,0,25,0
Z2,0,3, 4K,6624.0,0.055102,120213.42238,120432.0,1.124813,2,0.875248,3658276.206546,3658276.206546,284745629.5772432,671469285.1083446,34601238.4566335,868415875.5253326,4735652430.836346,0,25,0
Z2,1,3, 4K,9736.0,0.000893,10902575.587906,9736000.0,1.124813,2,0.875248,5814748.639651,5814748.639651,284745629.5772432,671469285.1083446,34601238.4566335,868415875.5253326,4735652430.836346,0,25,0
Z2,2,3, 4K,9976.0,0.000852,11708920.187793,9976000.0,1.124813,2,0.875248,5976017.559628,5976017.559628,284745629.5772432,671469285.1083446,34601238.4566335,868415875.5253326,4735652430.836346,0,25,0
Z2,3,3, 4K,41472.0,0.001006,41224652.087475,41472000.0,1.124813,2,0.875248,11879163.939565,11879163.939565,284745629.5772432,671469285.1083446,34601238.4566335,868415875.5253326,4735652430.836346,0,25,0
Z2,4,3, 4K,64608.0,0.01437,4496033.402923,4614856.0,1.124813,2,0.875248,4533440.202654,4533440.202654,284745629.5772432,671469285.1083446,34601238.4566335,868415875.5253326,4735652430.836346,0,25,0
Z2,5,3, 4K,26312.0,0.037495,701746.899587,711128.0,1.124813,2,0.875248,3774582.901987,3774582.901987,284745629.5772432,671469285.1083446,34601238.4566335,868415875.5253326,4735652430.836346,0,25,0
Z2,6,3, 4K,10280.0,0.021047,488430.6552,489520.0,1.124813,2,0.875248,3731919.65311,3731919.65311,284745629.5772432,671469285.1083446,34601238.4566335,868415875.5253326,4735652430.836346,0,25,0
Z2,7,3, 4K,10280.0,0.00296,3472972.972973,5140000.0,1.124813,2,0.875248,4328828.116664,4328828.116664,284745629.5772432,671469285.1083446,34601238.4566335,868415875.5253326,4735652430.836346,0,25,0
Z3,0,3, 4K,9976.0,0.057204,174393.399063,175016.0,1.124813,2,0.875248,3669112.201882,3669112.201882,284745629.5772432,671469285.1083446,34601238.4566335,868415875.5253326,4735652430.836346,0,25,0
Z3,1,3, 4K,9976.0,0.000957,10424242.424242,9976000.0,1.124813,2,0.875248,5719082.006918,5719082.006918,284745629.5772432,671469285.1083446,34601238.4566335,868415875.5253326,4735652430.836346,0,25,0
Z3,2,3, 4K,9976.0,0.000872,11440366.972477,9976000.0,1.124813,2,0.875248,5922306.916565,5922306.916565,284745629.5772432,671469285.1083446,34601238.4566335,868415875.5253326,4735652430.836346,0,25,0
Z3,3,3, 4K,9976.0,0.007278,1370706.237977,1425136.0,1.124813,2,0.875248,3908374.769665,3908374.769665,284745629.5772432,671469285.1083446,34601238.4566335,868415875.5253326,4735652430.836346,0,25,0
Z3,4,3, 4K,9976.0,0.000905,11023204.41989,9976000.0,1.124813,2,0.875248,5838874.406048,5838874.406048,284745629.5772432,671469285.1083446,34601238.4566335,868415875.5253326,4735652430.836346,0,25,0
Z3,5,3, 4K,9976.0,0.000857,11640606.767795,9976000.0,1.124813,2,0.875248,5962354.875629,5962354.875629,284745629.5772432,671469285.1083446,34601238.4566335,868415875.5253326,4735652430.836346,0,25,0
Z3,6,3, 4K,9976.0,0.012047,828089.980908,831328.0,1.124813,2,0.875248,3799851.518251,3799851.518251,284745629.5772432,671469285.1083446,34601238.4566335,868415875.5253326,4735652430.836346,0,25,0
Z3,7,3, 4K,9976.0,0.010477,952180.967834,997600.0,1.124813,2,0.875248,3824669.715637,3824669.715637,284745629.5772432,671469285.1083446,34601238.4566335,868415875.5253326,4735652430.836346,0,25,0
Z3,8,3, 4K,9976.0,0.013191,756273.216587,767384.0,1.124813,2,0.875248,3785488.165387,3785488.165387,284745629.5772432,671469285.1083446,34601238.4566335,868415875.5253326,4735652430.836346,0,25,0
Z3,9,3, 4K,9976.0,0.015862,628924.473585,665064.0,1.124813,2,0.875248,3760018.416787,3760018.416787,284745629.5772432,671469285.1083446,34601238.4566335,868415875.5253326,4735652430.836346,0,25,0
Z3,10,3, 4K,46944.0,0.013599,3452018.530774,3611072.0,1.124813,2,0.875248,4324637.228225,4324637.228225,284745629.5772432,671469285.1083446,34601238.4566335,868415875.5253326,4735652430.836346,0,25,0
Z3,11,3, 4K,25776.0,0.016778,1536297.532483,1611000.0,1.124813,2,0.875248,3941493.028566,3941493.028566,284745629.5772432,671469285.1083446,34601238.4566335,868415875.5253326,4735652430.836346,0,25,0
Z3,12,3, 4K,29160.0,0.006993,4169884.169884,4860000.0,1.124813,2,0.875248,4468210.356047,4468210.356047,284745629.5772432,671469285.1083446,34601238.4566335,868415875.5253326,4735652430.836346,0,25,0
Z3,13,3, 4K,27488.0,0.037075,741416.04855,742912.0,1.124813,2,0.875248,3782516.73178,3782516.73178,284745629.5772432,671469285.1083446,34601238.4566335,868415875.5253326,4735652430.836346,0,25,0
Z3,14,3, 4K,44488.0,0.01439,3091591.382905,3177712.0,1.124813,2,0.875248,4252551.798651,4252551.798651,284745629.5772432,671469285.1083446,34601238.4566335,868415875.5253326,4735652430.836346,0,25,0
Z3,15,3, 4K,39320.0,0.024624,1596816.11436,1638328.0,1.124813,2,0.875248,3953596.744942,3953596.744942,284745629.5772432,671469285.1083446,34601238.4566335,868415875.5253326,4735652430.836346,0,25,0
Z3,16,3, 4K,43888.0,0.014314,3066089.143496,3134856.0,1.124813,2,0.875248,4247451.350769,4247451.350769,284745629.5772432,671469285.1083446,34601238.4566335,868415875.5253326,4735652430.836346,0,25,0
Z3,17,3, 4K,44080.0,0.028167,1564951.89406,1574280.0,1.124813,2,0.875248,3947223.900882,3947223.900882,284745629.5772432,671469285.1083446,34601238.4566335,868415875.5253326,4735652430.836346,0,25,0
Z3,18,3, 4K,34432.0,0.011252,3060078.208319,3130176.0,1.124813,2,0.875248,4246249.163733,4246249.163733,284745629.5772432,671469285.1083446,34601238.4566335,868415875.5253326,4735652430.836346,0,25,0
Z3,19,3, 4K,31336.0,0.000868,36101382.488479,31336000.0,1.124813,2,0.875248,10854510.019766,10854510.019766,284745629.5772432,671469285.1083446,34601238.4566335,868415875.5253326,4735652430.836346,0,25,0
Z3,20,3, 4K,37168.0,0.022295,1667100.246692,1689448.0,1.124813,2,0.875248,3967653.571408,3967653.571408,284745629.5772432,671469285.1083446,34601238.4566335,868415875.5253326,4735652430.836346,0,25,0
Z3,21,3, 4K,36888.0,0.024138,1528212.776535,1537000.0,1.124813,2,0.875248,3939876.077377,3939876.077377,284745629.5772432,671469285.1083446,34601238.4566335,868415875.5253326,4735652430.836346,0,25,0
Z3,22,3, 4K,45448.0,0.016967,2678611.422172,2840496.0,1.124813,2,0.875248,4169955.806504,4169955.806504,284745629.5772432,671469285.1083446,34601238.4566335,868415875.5253326,4735652430.836346,0,25,0
Z3,23,3, 4K,60880.0,0.014639,4158754.013252,4348568.0,1.124813,2,0.875248,4465984.32472,4465984.32472,284745629.5772432,671469285.1083446,34601238.4566335,868415875.5253326,4735652430.836346,0,25,0
Z3,24,3, 4K,64936.0,0.013277,4890863.899977,4995072.0,1.124813,2,0.875248,4612406.302065,4612406.302065,284745629.5772432,671469285.1083446,34601238.4566335,868415875.5253326,4735652430.836346,0,25,0
Z3,25,3, 4K,68152.0,0.012306,5538111.49033,5679328.0,1.124813,2,0.875248,4741855.820136,4741855.820136,284745629.5772432,671469285.1083446,34601238.4566335,868415875.5253326,4735652430.836346,0,25,0
Z3,26,3, 4K,51256.0,0.024808,2066107.707191,2135664.0,1.124813,2,0.875248,4047455.063508,4047455.063508,284745629.5772432,671469285.1083446,34601238.4566335,868415875.5253326,4735652430.836346,0,25,0
Z3,27,3, 4K,77296.0,0.021957,3520335.200619,3680760.0,1.124813,2,0.875248,4338300.562194,4338300.562194,284745629.5772432,671469285.1083446,34601238.4566335,868415875.5253326,4735652430.836346,0,25,0
Z3,28,3, 4K,69656.0,0.038646,1802411.633804,1833048.0,1.124813,2,0.875248,3994715.848831,3994715.848831,284745629.5772432,671469285.1083446,34601238.4566335,868415875.5253326,4735652430.836346,0,25,0
Z3,29,3, 4K,53752.0,0.025743,2088023.928835,2150080.0,1.124813,2,0.875248,4051838.307837,4051838.307837,284745629.5772432,671469285.1083446,34601238.4566335,868415875.5253326,4735652430.836346,0,25,0
Z3,30,3, 4K,10280.0,0.008799,1168314.581202,1285000.0,1.124813,2,0.875248,3867896.43831,3867896.43831,284745629.5772432,671469285.1083446,34601238.4566335,868415875.5253326,4735652430.836346,0,25,0
Z3,31,3, 4K,10280.0,0.000723,14218533.886584,10280000.0,1.124813,2,0.875248,6477940.299387,6477940.299387,284745629.5772432,671469285.1083446,34601238.4566335,868415875.5253326,4735652430.836346,0,25,0
Z3,32,3, 4K,10280.0,0.016751,613694.704794,642496.0,1.124813,2,0.875248,3756972.463029,3756972.463029,284745629.5772432,671469285.1083446,34601238.4566335,868415875.5253326,4735652430.836346,0,25,0
Z3,33,3, 4K,10280.0,0.011013,933442.295469,934544.0,1.124813,2,0.875248,3820921.981164,3820921.981164,284745629.5772432,671469285.1083446,34601238.4566335,868415875.5253326,4735652430.836346,0,25,0
Z3,34,3, 4K,10280.0,0.000837,12281959.378734,10280000.0,1.124813,2,0.875248,6090625.397816,6090625.397816,284745629.5772432,671469285.1083446,34601238.4566335,868415875.5253326,4735652430.836346,0,25,0
Z3,35,3, 4K,10280.0,0.017131,600081.723192,604704.0,1.124813,2,0.875248,3754249.866708,3754249.866708,284745629.5772432,671469285.1083446,34601238.4566335,868415875.5253326,4735652430.836346,0,25,0
Z3,36,3, 4K,10288.0,0.000791,13006321.112516,10288000.0,1.124813,2,0.875248,6235497.744573,6235497.744573,284745629.5772432,671469285.1083446,34601238.4566335,868415875.5253326,4735652430.836346,0,25,0
Z3,37,3, 4K,10280.0,0.005227,1966711.306677,2056000.0,1.124813,2,0.875248,4027575.783405,4027575.783405,284745629.5772432,671469285.1083446,34601238.4566335,868415875.5253326,4735652430.836346,0,25,0
Z3,38,3, 4K,10280.0,0.005447,1887277.400404,2056000.0,1.124813,2,0.875248,4011689.002151,4011689.002151,284745629.5772432,671469285.1083446,34601238.4566335,868415875.5253326,4735652430.836346,0,25,0
Z1,0,4, 4K,61192.0,0.04053,1509795.213422,1529800.0,1.0,2,2.618964,4313648.044835,4313648.044835,284745629.5772432,671469285.1083446,34601238.4566335,868415875.5253326,4735652430.836346,0,25,0
Z2,0,4, 4K,10016.0,0.043298,231327.082082,232928.0,1.0,2,2.618964,4057954.418567,4057954.418567,284745629.5772432,671469285.1083446,34601238.4566335,868415875.5253326,4735652430.836346,0,25,0
Z2,1,4, 4K,69528.0,0.003418,20341720.304272,23176000.0,1.0,2,2.618964,8080033.063005,8080033.063005,284745629.5772432,671469285.1083446,34601238.4566335,868415875.5253326,4735652430.836346,0,25,0
Z2,2,4, 4K,60512.0,0.022637,2673145.734859,2750544.0,1.0,2,2.618964,4546318.149122,4546318.149122,284745629.5772432,671469285.1083446,34601238.4566335,868415875.5253326,4735652430.836346,0,25,0
Z2,3,4, 4K,105968.0,0.032253,3285523.827241,3311496.0,1.0,2,2.618964,4668793.767599,4668793.767599,284745629.5772432,671469285.1083446,34601238.4566335,868415875.5253326,4735652430.836346,0,25,0
Z2,4,4, 4K,53008.0,0.027072,1958037.825059,1963256.0,1.0,2,2.618964,4403296.567162,4403296.567162,284745629.5772432,671469285.1083446,34601238.4566335,868415875.5253326,4735652430.836346,0,25,0
Z2,5,4, 4K,78920.0,0.01927,4095485.210171,4153680.0,1.0,2,2.618964,4830786.044185,4830786.044185,284745629.5772432,671469285.1083446,34601238.4566335,868415875.5253326,4735652430.836346,0,25,0
Z2,6,4, 4K,17976.0,0.000821,21895249.695493,17976000.0,1.0,2,2.618964,8390738.941249,8390738.941249,284745629.5772432,671469285.1083446,34601238.4566335,868415875.5253326,4735652430.836346,0,25,0
Z2,7,4, 4K,11688.0,0.021752,537329.900699,556568.0,1.0,2,2.618964,4119154.98229,4119154.98229,284745629.5772432,671469285.1083446,34601238.4566335,868415875.5253326,4735652430.836346,0,25,0
Z3,0,4, 4K,6624.0,0.057462,115276.182521,116208.0,1.0,2,2.618964,4034744.238655,4034744.238655,284745629.5772432,671469285.1083446,34601238.4566335,868415875.5253326,4735652430.836346,0,25,0
Z3,1,4, 4K,9856.0,0.01317,748367.501898,758152.0,1.0,2,2.618964,4161362.50253,4161362.50253,284745629.5772432,671469285.1083446,34601238.4566335,868415875.5253326,4735652430.836346,0,25,0
Z3,2,4, 4K,10160.0,0.000839,12109654.350417,10160000.0,1.0,2,2.618964,6433619.872234,6433619.872234,284745629.5772432,671469285.1083446,34601238.4566335,868415875.5253326,4735652430.836346,0,25,0
Z3,3,4, 4K,10112.0,0.000856,11813084.11215,10112000.0,1.0,2,2.618964,6374305.82458,6374305.82458,284745629.5772432,671469285.1083446,34601238.4566335,868415875.5253326,4735652430.836346,0,25,0
Z3,4,4, 4K,10000.0,0.000851,11750881.316099,10000000.0,1.0,2,2.618964,6361865.26537,6361865.26537,284745629.5772432,671469285.1083446,34601238.4566335,868415875.5253326,4735652430.836346,0,25,0
Z3,5,4, 4K,10000.0,0.013636,733352.88941,769224.0,1.0,2,2.618964,4158359.580033,4158359.580033,284745629.5772432,671469285.1083446,34601238.4566335,868415875.5253326,4735652430.836346,0,25,0
Z3,6,4, 4K,10000.0,0.019632,509372.453138,526312.0,1.0,2,2.618964,4113563.492778,4113563.492778,284745629.5772432,671469285.1083446,34601238.4566335,868415875.5253326,4735652430.836346,0,25,0
Z3,7,4, 4K,10000.0,0.000894,11185682.326622,10000000.0,1.0,2,2.618964,6248825.467475,6248825.467475,284745629.5772432,671469285.1083446,34601238.4566335,868415875.5253326,4735652430.836346,0,25,0
Z3,8,4, 4K,10400.0,0.016234,640630.774917,650000.0,1.0,2,2.618964,4139815.157134,4139815.157134,284745629.5772432,671469285.1083446,34601238.4566335,868415875.5253326,4735652430.836346,0,25,0
Z3,9,4, 4K,10000.0,0.000889,11248593.925759,10000000.0,1.0,2,2.618964,6261407.787302,6261407.787302,284745629.5772432,671469285.1083446,34601238.4566335,868415875.5253326,4735652430.836346,0,25,0
Z3,10,4, 4K,10000.0,0.000855,11695906.432749,10000000.0,1.0,2,2.618964,6350870.2887,6350870.2887,284745629.5772432,671469285.1083446,34601238.4566335,868415875.5253326,4735652430.836346,0,25,0
Z3,11,4, 4K,10000.0,0.000892,11210762.331839,10000000.0,1.0,2,2.618964,6253841.468518,6253841.468518,284745629.5772432,671469285.1083446,34601238.4566335,868415875.5253326,4735652430.836346,0,25,0
Z3,12,4, 4K,50216.0,0.004849,10355949.680346,12554000.0,1.0,2,2.618964,6082878.93822,6082878.93822,284745629.5772432,671469285.1083446,34601238.4566335,868415875.5253326,4735652430.836346,0,25,0
Z3,13,4, 4K,53360.0,0.022575,2363676.633444,2425448.0,1.0,2,2.618964,4484424.328839,4484424.328839,284745629.5772432,671469285.1083446,34601238.4566335,868415875.5253326,4735652430.836346,0,25,0
Z3,14,4, 4K,45608.0,0.014388,3169863.775368,3257712.0,1.0,2,2.618964,4645661.757224,4645661.757224,284745629.5772432,671469285.1083446,34601238.4566335,868415875.5253326,4735652430.836346,0,25,0
Z3,15,4, 4K,88024.0,0.018542,4747276.453457,4890216.0,1.0,2,2.618964,4961144.292842,4961144.292842,284745629.5772432,671469285.1083446,34601238.4566335,868415875.5253326,4735652430.836346,0,25,0
Z3,16,4, 4K,65880.0,0.020609,3196661.652676,3294000.0,1.0,2,2.618964,4651021.332686,4651021.332686,284745629.5772432,671469285.1083446,34601238.4566335,868415875.5253326,4735652430.836346,0,25,0
Z3,17,4, 4K,81544.0,0.015277,5337697.191857,5436264.0,1.0,2,2.618964,5079228.440522,5079228.440522,284745629.5772432,671469285.1083446,34601238.4566335,868415875.5253326,4735652430.836346,0,25,0
Z3,18,4, 4K,79088.0,0.015505,5100806.191551,5272528.0,1.0,2,2.618964,5031850.240461,5031850.240461,284745629.5772432,671469285.1083446,34601238.4566335,868415875.5253326,4735652430.836346,0,25,0
Z3,19,4, 4K,60616.0,0.001736,34917050.691244,60616000.0,1.0,2,2.618964,10995099.140399,10995099.140399,284745629.5772432,671469285.1083446,34601238.4566335,868415875.5253326,4735652430.836346,0,25,0
Z3,20,4, 4K,55928.0,0.026066,2145630.323026,2151072.0,1.0,2,2.618964,4440815.066756,4440815.066756,284745629.5772432,671469285.1083446,34601238.4566335,868415875.5253326,4735652430.836346,0,25,0
Z3,21,4, 4K,116408.0,0.016383,7105414.148813,7275496.0,1.0,2,2.618964,5432771.831913,5432771.831913,284745629.5772432,671469285.1083446,34601238.4566335,868415875.5253326,4735652430.836346,0,25,0
Z3,22,4, 4K,104248.0,0.039676,2627482.609134,2673024.0,1.0,2,2.618964,4537185.523977,4537185.523977,284745629.5772432,671469285.1083446,34601238.4566335,868415875.5253326,4735652430.836346,0,25,0
Z3,23,4, 4K,138368.0,0.049818,2777469.990766,2823832.0,1.0,2,2.618964,4567183.000304,4567183.000304,284745629.5772432,671469285.1083446,34601238.4566335,868415875.5253326,4735652430.836346,0,25,0
Z3,24,4, 4K,139408.0,0.030791,4527556.753597,4646928.0,1.0,2,2.618964,4917200.35287,4917200.35287,284745629.5772432,671469285.1083446,34601238.4566335,868415875.5253326,4735652430.836346,0,25,0
Z3,25,4, 4K,141032.0,0.013612,10360858.066412,10848608.0,1.0,2,2.618964,6083860.615433,6083860.615433,284745629.5772432,671469285.1083446,34601238.4566335,868415875.5253326,4735652430.836346,0,25,0
Z3,26,4, 4K,125672.0,0.019707,6377023.392703,6614312.0,1.0,2,2.618964,5287093.680691,5287093.680691,284745629.5772432,671469285.1083446,34601238.4566335,868415875.5253326,4735652430.836346,0,25,0
Z3,27,4, 4K,147320.0,0.036165,4073551.77658,4092216.0,1.0,2,2.618964,4826399.357466,4826399.357466,284745629.5772432,671469285.1083446,34601238.4566335,868415875.5253326,4735652430.836346,0,25,0
Z3,28,4, 4K,120984.0,0.031228,3874215.447675,3902704.0,1.0,2,2.618964,4786532.091686,4786532.091686,284745629.5772432,671469285.1083446,34601238.4566335,868415875.5253326,4735652430.836346,0,25,0
Z3,29,4, 4K,87456.0,0.035693,2450228.336088,2498736.0,1.0,2,2.618964,4501734.669368,4501734.669368,284745629.5772432,671469285.1083446,34601238.4566335,868415875.5253326,4735652430.836346,0,25,0
Z3,30,4, 4K,19872.0,0.016635,1194589.720469,1242000.0,1.0,2,2.618964,4250606.946244,4250606.946244,284745629.5772432,671469285.1083446,34601238.4566335,868415875.5253326,4735652430.836346,0,25,0
Z3,31,4, 4K,17320.0,0.022309,776368.281859,787272.0,1.0,2,2.618964,4166962.658522,4166962.658522,284745629.5772432,671469285.1083446,34601238.4566335,868415875.5253326,4735652430.836346,0,25,0
Z3,32,4, 4K,20880.0,0.015032,1389036.72166,1392000.0,1.0,2,2.618964,4289496.346483,4289496.346483,284745629.5772432,671469285.1083446,34601238.4566335,868415875.5253326,4735652430.836346,0,25,0
Z3,33,4, 4K,18648.0,0.019215,970491.803279,981472.0,1.0,2,2.618964,4205787.362806,4205787.362806,284745629.5772432,671469285.1083446,34601238.4566335,868415875.5253326,4735652430.836346,0,25,0
Z3,34,4, 4K,15368.0,0.004444,3458145.814581,3842000.0,1.0,2,2.618964,4703318.165067,4703318.165067,284745629.5772432,671469285.1083446,34601238.4566335,868415875.5253326,4735652430.836346,0,25,0
Z3,35,4, 4K,17240.0,0.010634,1621214.970848,1724000.0,1.0,2,2.618964,4335931.99632,4335931.99632,284745629.5772432,671469285.1083446,34601238.4566335,868415875.5253326,4735652430.836346,0,25,0
Z3,36,4, 4K,34944.0,0.023822,1466879.355218,1519304.0,1.0,2,2.618964,4305064.873194,4305064.873194,284745629.5772432,671469285.1083446,34601238.4566335,868415875.5253326,4735652430.836346,0,25,0
Z3,37,4, 4K,16344.0,0.023482,696022.485308,710608.0,1.0,2,2.618964,4150893.499212,4150893.499212,284745629.5772432,671469285.1083446,34601238.4566335,868415875.5253326,4735652430.836346,0,25,0
Z3,38,4, 4K,11896.0,0.001033,11515972.894482,11896000.0,1.0,2,2.618964,6314883.581047,6314883.581047,284745629.5772432,671469285.1083446,34601238.4566335,868415875.5253326,4735652430.836346,0,25,0
Z1,0,5, 4K,86352.0,0.024645,3503834.449178,3598000.0,1.105995,2,3.512969,7015650.470883,7015650.470883,284745629.5772432,671469285.1083446,34601238.4566335,868415875.5253326,4735652430.836346,0,25,0
Z2,0,5, 4K,6624.0,0.025383,260962.061222,264960.0,1.105995,2,3.512969,6367075.993291,6367075.993291,284745629.5772432,671469285.1083446,34601238.4566335,868415875.5253326,4735652430.836346,0,25,0
Z2,1,5, 4K,15440.0,0.000954,16184486.373166,15440000.0,1.105995,2,3.512969,9551780.85568,9551780.85568,284745629.5772432,671469285.1083446,34601238.4566335,868415875.5253326,4735652430.836346,0,25,0
Z2,2,5, 4K,14656.0,0.00835,1755209.580838,1832000.0,1.105995,2,3.512969,6665925.497215,6665925.497215,284745629.5772432,671469285.1083446,34601238.4566335,868415875.5253326,4735652430.836346,0,25,0
Z2,3,5, 4K,59096.0,0.00109,54216513.761468,59096000.0,1.105995,2,3.512969,17158186.333341,17158186.333341,284745629.5772432,671469285.1083446,34601238.4566335,868415875.5253326,4735652430.836346,0,25,0
Z2,4,5, 4K,117640.0,0.024778,4747760.109775,4901664.0,1.105995,2,3.512969,7264435.603002,7264435.603002,284745629.5772432,671469285.1083446,34601238.4566335,868415875.5253326,4735652430.836346,0,25,0
Z2,5,5, 4K,68288.0,0.039523,1727804.063457,1750968.0,1.105995,2,3.512969,6660444.393738,6660444.393738,284745629.5772432,671469285.1083446,34601238.4566335,868415875.5253326,4735652430.836346,0,25,0
Z2,6,5, 4K,47432.0,0.015153,3130205.239886,3162128.0,1.105995,2,3.512969,6940924.629024,6940924.629024,284745629.5772432,671469285.1083446,34601238.4566335,868415875.5253326,4735652430.836346,0,25,0
Z2,7,5, 4K,40216.0,0.025658,1567386.39021,1608640.0,1.105995,2,3.512969,6628360.859089,6628360.859089,284745629.5772432,671469285.1083446,34601238.4566335,868415875.5253326,4735652430.836346,0,25,0
Z3,0,5, 4K,16504.0,0.033754,488949.457842,500120.0,1.105995,2,3.512969,6412673.472615,6412673.472615,284745629.5772432,671469285.1083446,34601238.4566335,868415875.5253326,4735652430.836346,0,25,0
Z3,1,5, 4K,16120.0,0.001196,13478260.869565,16120000.0,1.105995,2,3.512969,9010535.75496,9010535.75496,284745629.5772432,671469285.1083446,34601238.4566335,868415875.5253326,4735652430.836346,0,25,0
Z3,2,5, 4K,15008.0,0.000897,16731326.64437,15008000.0,1.105995,2,3.512969,9661148.909921,9661148.909921,284745629.5772432,671469285.1083446,34601238.4566335,868415875.5253326,4735652430.836346,0,25,0
Z3,3,5, 4K,15032.0,0.00092,16339130.434783,15032000.0,1.105995,2,3.512969,9582709.668004,9582709.668004,284745629.5772432,671469285.1083446,34601238.4566335,868415875.5253326,4735652430.836346,0,25,0
Z3,4,5, 4K,12928.0,0.015611,828134.008071,861864.0,1.105995,2,3.512969,6480510.382661,6480510.382661,284745629.5772432,671469285.1083446,34601238.4566335,868415875.5253326,4735652430.836346,0,25,0
Z3,5,5, 4K,13640.0,0.000988,13805668.016194,13640000.0,1.105995,2,3.512969,9076017.184286,9076017.184286,284745629.5772432,671469285.1083446,34601238.4566335,868415875.5253326,4735652430.836346,0,25,0
Z3,6,5, 4K,14648.0,0.000965,15179274.611399,14648000.0,1.105995,2,3.512969,9350738.503327,9350738.503327,284745629.5772432,671469285.1083446,34601238.4566335,868415875.5253326,4735652430.836346,0,25,0
Z3,7,5, 4K,15008.0,0.012619,1189317.695538,1250664.0,1.105995,2,3.512969,6552747.120155,6552747.120155,284745629.5772432,671469285.1083446,34601238.4566335,868415875.5253326,4735652430.836346,0,25,0
Z3,8,5, 4K,14312.0,0.000805,17778881.987578,14312000.0,1.105995,2,3.512969,9870659.978563,9870659.978563,284745629.5772432,671469285.1083446,34601238.4566335,868415875.5253326,4735652430.836346,0,25,0
Z3,9,5, 4K,14200.0,0.006021,2358412.223883,2366664.0,1.105995,2,3.512969,6786566.025824,6786566.025824,284745629.5772432,671469285.1083446,34601238.4566335,868415875.5253326,4735652430.836346,0,25,0
Z3,10,5, 4K,67288.0,0.018762,3586398.038589,3738216.0,1.105995,2,3.512969,7032163.188765,7032163.188765,284745629.5772432,671469285.1083446,34601238.4566335,868415875.5253326,4735652430.836346,0,25,0
Z3,11,5, 4K,52536.0,0.021003,2501356.949007,2501712.0,1.105995,2,3.512969,6815154.970848,6815154.970848,284745629.5772432,671469285.1083446,34601238.4566335,868415875.5253326,4735652430.836346,0,25,0
Z3,12,5, 4K,52032.0,0.015736,3306558.210473,3468800.0,1.105995,2,3.512969,6976195.223142,6976195.223142,284745629.5772432,671469285.1083446,34601238.4566335,868415875.5253326,4735652430.836346,0,25,0
Z3,13,5, 4K,44632.0,0.0172,2594883.72093,2625408.0,1.105995,2,3.512969,6833860.325233,6833860.325233,284745629.5772432,671469285.1083446,34601238.4566335,868415875.5253326,4735652430.836346,0,25,0
Z3,14,5, 4K,76304.0,0.002256,33822695.035461,38152000.0,1.105995,2,3.512969,13079422.588139,13079422.588139,284745629.5772432,671469285.1083446,34601238.4566335,868415875.5253326,4735652430.836346,0,25,0
Z3,15,5, 4K,71856.0,0.010568,6799394.398183,7185600.0,1.105995,2,3.512969,7674762.460684,7674762.460684,284745629.5772432,671469285.1083446,34601238.4566335,868415875.5253326,4735652430.836346,0,25,0
Z3,16,5, 4K,82648.0,0.020901,3954260.561696,4132400.0,1.105995,2,3.512969,7105735.693386,7105735.693386,284745629.5772432,671469285.1083446,34601238.4566335,868415875.5253326,4735652430.836346,0,25,0
Z3,17,5, 4K,76072.0,0.013657,5570183.788533,5851688.0,1.105995,2,3.512969,7428920.338754,7428920.338754,284745629.5772432,671469285.1083446,34601238.4566335,868415875.5253326,4735652430.836346,0,25,0
Z3,18,5, 4K,59304.0,0.005724,10360587.002096,11860800.0,1.105995,2,3.512969,8387000.981466,8387000.981466,284745629.5772432,671469285.1083446,34601238.4566335,868415875.5253326,4735652430.836346,0,25,0
Z3,19,5, 4K,43064.0,0.001047,41130850.047755,43064000.0,1.105995,2,3.512969,14541053.590598,14541053.590598,284745629.5772432,671469285.1083446,34601238.4566335,868415875.5253326,4735652430.836346,0,25,0
Z3,20,5, 4K,54872.0,0.011404,4811645.036829,4988360.0,1.105995,2,3.512969,7277212.588413,7277212.588413,284745629.5772432,671469285.1083446,34601238.4566335,868415875.5253326,4735652430.836346,0,25,0
Z3,21,5, 4K,135784.0,0.016924,8023162.372961,8486496.0,1.105995,2,3.512969,7919516.055639,7919516.055639,284745629.5772432,671469285.1083446,34601238.4566335,868415875.5253326,4735652430.836346,0,25,0
Z3,22,5, 4K,118304.0,0.024633,4802663.094223,4929328.0,1.105995,2,3.512969,7275416.199892,7275416.199892,284745629.5772432,671469285.1083446,34601238.4566335,868415875.5253326,4735652430.836346,0,25,0
Z3,23,5, 4K,147040.0,0.028487,5161652.68368,5251424.0,1.105995,2,3.512969,7347214.117783,7347214.117783,284745629.5772432,671469285.1083446,34601238.4566335,868415875.5253326,4735652430.836346,0,25,0
Z3,24,5, 4K,179520.0,0.042699,4204313.918359,4274280.0,1.105995,2,3.512969,7155746.364719,7155746.364719,284745629.5772432,671469285.1083446,34601238.4566335,868415875.5253326,4735652430.836346,0,25,0
Z3,25,5, 4K,172688.0,0.0255,6772078.431373,6907520.0,1.105995,2,3.512969,7669299.267321,7669299.267321,284745629.5772432,671469285.1083446,34601238.4566335,868415875.5253326,4735652430.836346,0,25,0
Z3,26,5, 4K,145128.0,0.021028,6901654.936275,6910856.0,1.105995,2,3.512969,7695214.568302,7695214.568302,284745629.5772432,671469285.1083446,34601238.4566335,868415875.5253326,4735652430.836346,0,25,0
Z3,27,5, 4K,179592.0,0.021267,8444632.529271,8552000.0,1.105995,2,3.512969,8003810.086901,8003810.086901,284745629.5772432,671469285.1083446,34601238.4566335,868415875.5253326,4735652430.836346,0,25,0
Z3,28,5, 4K,140720.0,0.041645,3379037.099292,3432192.0,1.105995,2,3.512969,6990691.000905,6990691.000905,284745629.5772432,671469285.1083446,34601238.4566335,868415875.5253326,4735652430.836346,0,25,0
Z3,29,5, 4K,83928.0,0.035413,2369977.127044,2397936.0,1.105995,2,3.512969,6788879.006456,6788879.006456,284745629.5772432,671469285.1083446,34601238.4566335,868415875.5253326,4735652430.836346,0,25,0
Z3,30,5, 4K,82192.0,0.008952,9181411.974978,10274000.0,1.105995,2,3.512969,8151165.976043,8151165.976043,284745629.5772432,671469285.1083446,34601238.4566335,868415875.5253326,4735652430.836346,0,25,0
Z3,31,5, 4K,68504.0,0.001738,39415420.023015,68504000.0,1.105995,2,3.512969,14197967.58565,14197967.58565,284745629.5772432,671469285.1083446,34601238.4566335,868415875.5253326,4735652430.836346,0,25,0
Z3,32,5, 4K,53776.0,0.013739,3914113.108669,4136608.0,1.105995,2,3.512969,7097706.202781,7097706.202781,284745629.5772432,671469285.1083446,34601238.4566335,868415875.5253326,4735652430.836346,0,25,0
Z3,33,5, 4K,72968.0,0.015729,4639074.321317,4864528.0,1.105995,2,3.512969,7242698.44531,7242698.44531,284745629.5772432,671469285.1083446,34601238.4566335,868415875.5253326,4735652430.836346,0,25,0
Z3,34,5, 4K,78200.0,0.021359,3661220.094574,3723808.0,1.105995,2,3.512969,7047127.599962,7047127.599962,284745629.5772432,671469285.1083446,34601238.4566335,868415875.5253326,4735652430.836346,0,25,0
Z3,35,5, 4K,63936.0,0.025757,2482276.662655,2557440.0,1.105995,2,3.512969,6811338.913578,6811338.913578,284745629.5772432,671469285.1083446,34601238.4566335,868415875.5253326,4735652430.836346,0,25,0
Z3,36,5, 4K,86888.0,0.018367,4730658.245767,4827104.0,1.105995,2,3.512969,7261015.2302,7261015.2302,284745629.5772432,671469285.1083446,34601238.4566335,868415875.5253326,4735652430.836346,0,25,0
Z3,37,5, 4K,53856.0,0.019866,2710963.45515,2834520.0,1.105995,2,3.512969,6857076.272077,6857076.272077,284745629.5772432,671469285.1083446,34601238.4566335,868415875.5253326,4735652430.836346,0,25,0
Z3,38,5, 4K,42888.0,0.024519,1749174.109874,1787000.0,1.105995,2,3.512969,6664718.403022,6664718.403022,284745629.5772432,671469285.1083446,34601238.4566335,868415875.5253326,4735652430.836346,0,25,0
Z1,0,6, 4K,44392.0,0.077949,569500.570886,576512.0,1.314161,2,4.304803,5386478.779208,5386478.779208,284745629.5772432,671469285.1083446,34601238.4566335,868415875.5253326,4735652430.836346,0,25,0
Z2,0,6, 4K,6624.0,0.03805,174086.727989,174312.0,1.314161,2,4.304803,5307396.010628,5307396.010628,284745629.5772432,671469285.1083446,34601238.4566335,868415875.5253326,4735652430.836346,0,25,0
Z2,1,6, 4K,12000.0,0.005516,2175489.485134,2400000.0,1.314161,2,4.304803,5707676.562057,5707676.562057,284745629.5772432,671469285.1083446,34601238.4566335,868415875.5253326,4735652430.836346,0,25,0
Z2,2,6, 4K,11456.0,0.017901,639964.247807,673880.0,1.314161,2,4.304803,5400571.514592,5400571.514592,284745629.5772432,671469285.1083446,34601238.4566335,868415875.5253326,4735652430.836346,0,25,0
Z2,3,6, 4K,32384.0,0.014039,2306717.002636,2313136.0,1.314161,2,4.304803,5733922.065558,5733922.065558,284745629.5772432,671469285.1083446,34601238.4566335,868415875.5253326,4735652430.836346,0,25,0
Z2,4,6, 4K,89424.0,0.028455,3142646.283606,3193712.0,1.314161,2,4.304803,5901107.921752,5901107.921752,284745629.5772432,671469285.1083446,34601238.4566335,868415875.5253326,4735652430.836346,0,25,0
Z2,5,6, 4K,37976.0,0.020683,1836097.277958,1898800.0,1.314161,2,4.304803,5639798.120622,5639798.120622,284745629.5772432,671469285.1083446,34601238.4566335,868415875.5253326,4735652430.836346,0,25,0
Z2,6,6, 4K,23176.0,0.001807,12825677.919203,23176000.0,1.314161,2,4.304803,7837714.248871,7837714.248871,284745629.5772432,671469285.1083446,34601238.4566335,868415875.5253326,4735652430.836346,0,25,0
Z2,7,6, 4K,20712.0,0.0008,25890000.0,20712000.0,1.314161,2,4.304803,10450578.665031,10450578.665031,284745629.5772432,671469285.1083446,34601238.4566335,868415875.5253326,4735652430.836346,0,25,0
Z3,0,6, 4K,12312.0,0.038626,318749.029151,324000.0,1.314161,2,4.304803,5336328.470861,5336328.470861,284745629.5772432,671469285.1083446,34601238.4566335,868415875.5253326,4735652430.836346,0,25,0
Z3,1,6, 4K,11800.0,0.020974,562601.315915,590000.0,1.314161,2,4.304803,5385098.928213,5385098.928213,284745629.5772432,671469285.1083446,34601238.4566335,868415875.5253326,4735652430.836346,0,25,0
Z3,2,6, 4K,11672.0,0.000801,14571785.268414,11672000.0,1.314161,2,4.304803,8186935.718713,8186935.718713,284745629.5772432,671469285.1083446,34601238.4566335,868415875.5253326,4735652430.836346,0,25,0
Z3,3,6, 4K,11856.0,0.01583,748957.6753,790400.0,1.314161,2,4.304803,5422370.200091,5422370.200091,284745629.5772432,671469285.1083446,34601238.4566335,868415875.5253326,4735652430.836346,0,25,0
Z3,4,6, 4K,11392.0,0.000779,14623876.765083,11392000.0,1.314161,2,4.304803,8197354.018047,8197354.018047,284745629.5772432,671469285.1083446,34601238.4566335,868415875.5253326,4735652430.836346,0,25,0
Z3,5,6, 4K,11608.0,0.022163,523755.809232,527632.0,1.314161,2,4.304803,5377329.826877,5377329.826877,284745629.5772432,671469285.1083446,34601238.4566335,868415875.5253326,4735652430.836346,0,25,0
Z3,6,6, 4K,11808.0,0.000881,13402951.191827,11808000.0,1.314161,2,4.304803,7953168.903396,7953168.903396,284745629.5772432,671469285.1083446,34601238.4566335,868415875.5253326,4735652430.836346,0,25,0
Z3,7,6, 4K,11616.0,0.000749,15508678.23765,11616000.0,1.314161,2,4.304803,8374314.312561,8374314.312561,284745629.5772432,671469285.1083446,34601238.4566335,868415875.5253326,4735652430.836346,0,25,0
Z3,8,6, 4K,11320.0,0.0119,951260.504202,1029088.0,1.314161,2,4.304803,5462830.765871,5462830.765871,284745629.5772432,671469285.1083446,34601238.4566335,868415875.5253326,4735652430.836346,0,25,0
Z3,9,6, 4K,11672.0,0.000714,16347338.935574,11672000.0,1.314161,2,4.304803,8542046.452145,8542046.452145,284745629.5772432,671469285.1083446,34601238.4566335,868415875.5253326,4735652430.836346,0,25,0
Z3,10,6, 4K,36784.0,0.014953,2459974.587039,2627424.0,1.314161,2,4.304803,5764573.582438,5764573.582438,284745629.5772432,671469285.1083446,34601238.4566335,868415875.5253326,4735652430.836346,0,25,0
Z3,11,6, 4K,30472.0,0.014658,2078864.783736,2176568.0,1.314161,2,4.304803,5688351.621778,5688351.621778,284745629.5772432,671469285.1083446,34601238.4566335,868415875.5253326,4735652430.836346,0,25,0
Z3,12,6, 4K,27608.0,0.006361,4340198.082063,4601328.0,1.314161,2,4.304803,6140618.281443,6140618.281443,284745629.5772432,671469285.1083446,34601238.4566335,868415875.5253326,4735652430.836346,0,25,0
Z3,13,6, 4K,24088.0,0.010249,2350278.07591,2408800.0,1.314161,2,4.304803,5742634.280212,5742634.280212,284745629.5772432,671469285.1083446,34601238.4566335,868415875.5253326,4735652430.836346,0,25,0
Z3,14,6, 4K,38328.0,0.000977,39230296.827021,38328000.0,1.314161,2,4.304803,13118638.030435,13118638.030435,284745629.5772432,671469285.1083446,34601238.4566335,868415875.5253326,4735652430.836346,0,25,0
Z3,15,6, 4K,32072.0,0.001197,26793650.793651,32072000.0,1.314161,2,4.304803,10631308.823761,10631308.823761,284745629.5772432,671469285.1083446,34601238.4566335,868415875.5253326,4735652430.836346,0,25,0
Z3,16,6, 4K,42136.0,0.000986,42734279.918864,42136000.0,1.314161,2,4.304803,13819434.648803,13819434.648803,284745629.5772432,671469285.1083446,34601238.4566335,868415875.5253326,4735652430.836346,0,25,0
Z3,17,6, 4K,36072.0,0.010513,3431180.443261,3607200.0,1.314161,2,4.304803,5958814.753683,5958814.753683,284745629.5772432,671469285.1083446,34601238.4566335,868415875.5253326,4735652430.836346,0,25,0
Z3,18,6, 4K,27192.0,0.011517,2361031.518625,2472000.0,1.314161,2,4.304803,5744784.968755,5744784.968755,284745629.5772432,671469285.1083446,34601238.4566335,868415875.5253326,4735652430.836346,0,25,0
Z3,19,6, 4K,23688.0,0.018114,1307717.787347,1316000.0,1.314161,2,4.304803,5534122.2225,5534122.2225,284745629.5772432,671469285.1083446,34601238.4566335,868415875.5253326,4735652430.836346,0,25,0
Z3,20,6, 4K,30448.0,0.003647,8348779.819029,10149328.0,1.314161,2,4.304803,6942334.628836,6942334.628836,284745629.5772432,671469285.1083446,34601238.4566335,868415875.5253326,4735652430.836346,0,25,0
Z3,21,6, 4K,86000.0,0.018378,4679508.10752,4777776.0,1.314161,2,4.304803,6208480.286534,6208480.286534,284745629.5772432,671469285.1083446,34601238.4566335,868415875.5253326,4735652430.836346,0,25,0
Z3,22,6, 4K,62728.0,0.024015,2612034.145326,2613664.0,1.314161,2,4.304803,5794985.494096,5794985.494096,284745629.5772432,671469285.1083446,34601238.4566335,868415875.5253326,4735652430.836346,0,25,0
Z3,23,6, 4K,65864.0,0.021449,3070725.907968,3136376.0,1.314161,2,4.304803,5886723.846624,5886723.846624,284745629.5772432,671469285.1083446,34601238.4566335,868415875.5253326,4735652430.836346,0,25,0
Z3,24,6, 4K,82512.0,0.019965,4132832.456799,4342736.0,1.314161,2,4.304803,6099145.15639,6099145.15639,284745629.5772432,671469285.1083446,34601238.4566335,868415875.5253326,4735652430.836346,0,25,0
Z3,25,6, 4K,102240.0,0.024221,4221130.424012,4260000.0,1.314161,2,4.304803,6116804.749833,6116804.749833,284745629.5772432,671469285.1083446,34601238.4566335,868415875.5253326,4735652430.836346,0,25,0
Z3,26,6, 4K,69304.0,0.017293,4007633.14636,4076704.0,1.314161,2,4.304803,6074105.294302,6074105.294302,284745629.5772432,671469285.1083446,34601238.4566335,868415875.5253326,4735652430.836346,0,25,0
Z3,27,6, 4K,73800.0,0.008789,8396859.711002,9225000.0,1.314161,2,4.304803,6951950.607231,6951950.607231,284745629.5772432,671469285.1083446,34601238.4566335,868415875.5253326,4735652430.836346,0,25,0
Z3,28,6, 4K,59424.0,0.012892,4609370.152032,4952000.0,1.314161,2,4.304803,6194452.695437,6194452.695437,284745629.5772432,671469285.1083446,34601238.4566335,868415875.5253326,4735652430.836346,0,25,0
Z3,29,6, 4K,38896.0,0.007838,4962490.431232,5556568.0,1.314161,2,4.304803,6265076.751277,6265076.751277,284745629.5772432,671469285.1083446,34601238.4566335,868415875.5253326,4735652430.836346,0,25,0
Z3,30,6, 4K,30224.0,0.020418,1480262.513469,1511200.0,1.314161,2,4.304803,5568631.167724,5568631.167724,284745629.5772432,671469285.1083446,34601238.4566335,868415875.5253326,4735652430.836346,0,25,0
Z3,31,6, 4K,34568.0,0.031806,1086838.961202,1115096.0,1.314161,2,4.304803,5489946.457271,5489946.457271,284745629.5772432,671469285.1083446,34601238.4566335,868415875.5253326,4735652430.836346,0,25,0
Z3,32,6, 4K,62896.0,0.025512,2465349.639385,2515840.0,1.314161,2,4.304803,5765648.592908,5765648.592908,284745629.5772432,671469285.1083446,34601238.4566335,868415875.5253326,4735652430.836346,0,25,0
Z3,33,6, 4K,50288.0,0.019036,2641731.456188,2646736.0,1.314161,2,4.304803,5800924.956268,5800924.956268,284745629.5772432,671469285.1083446,34601238.4566335,868415875.5253326,4735652430.836346,0,25,0
Z3,34,6, 4K,37280.0,0.020382,1829064.861152,1864000.0,1.314161,2,4.304803,5638391.637261,5638391.637261,284745629.5772432,671469285.1083446,34601238.4566335,868415875.5253326,4735652430.836346,0,25,0
Z3,35,6, 4K,26840.0,0.012784,2099499.374218,2236664.0,1.314161,2,4.304803,5692478.539874,5692478.539874,284745629.5772432,671469285.1083446,34601238.4566335,868415875.5253326,4735652430.836346,0,25,0
Z3,36,6, 4K,30408.0,0.01933,1573098.81014,1600416.0,1.314161,2,4.304803,5587198.427058,5587198.427058,284745629.5772432,671469285.1083446,34601238.4566335,868415875.5253326,4735652430.836346,0,25,0
Z3,37,6, 4K,24136.0,0.013882,1738654.372569,1856608.0,1.314161,2,4.304803,5620309.539544,5620309.539544,284745629.5772432,671469285.1083446,34601238.4566335,868415875.5253326,4735652430.836346,0,25,0
Z3,38,6, 4K,21376.0,0.02337,914676.936243,929384.0,1.314161,2,4.304803,5455514.052279,5455514.052279,284745629.5772432,671469285.1083446,34601238.4566335,868415875.5253326,4735652430.836346,0,25,0
Z1,0,7, 4K,33008.0,0.062096,531564.029889,532384.0,1.554035,2,5.064929,3319733.074178,3319733.074178,284745629.5772432,671469285.1083446,34601238.4566335,868415875.5253326,4735652430.836346,0,25,0
Z2,0,7, 4K,11888.0,0.057821,205600.041507,208560.0,1.554035,2,5.064929,3254540.276502,3254540.276502,284745629.5772432,671469285.1083446,34601238.4566335,868415875.5253326,4735652430.836346,0,25,0
Z2,1,7, 4K,40440.0,0.016892,2394032.678191,2527496.0,1.554035,2,5.064929,3692226.803839,3692226.803839,284745629.5772432,671469285.1083446,34601238.4566335,868415875.5253326,4735652430.836346,0,25,0
Z2,2,7, 4K,30824.0,0.004198,7342544.068604,7706000.0,1.554035,2,5.064929,4681929.081921,4681929.081921,284745629.5772432,671469285.1083446,34601238.4566335,868415875.5253326,4735652430.836346,0,25,0
Z2,3,7, 4K,76304.0,0.035883,2126466.571914,2180112.0,1.554035,2,5.064929,3638713.582583,3638713.582583,284745629.5772432,671469285.1083446,34601238.4566335,868415875.5253326,4735652430.836346,0,25,0
Z2,4,7, 4K,40368.0,0.001122,35978609.625668,40368000.0,1.554035,2,5.064929,10409142.193334,10409142.193334,284745629.5772432,671469285.1083446,34601238.4566335,868415875.5253326,4735652430.836346,0,25,0
Z2,5,7, 4K,46048.0,0.022215,2072833.670943,2093088.0,1.554035,2,5.064929,3627987.002389,3627987.002389,284745629.5772432,671469285.1083446,34601238.4566335,868415875.5253326,4735652430.836346,0,25,0
Z2,6,7, 4K,66864.0,0.021722,3078169.597643,3184000.0,1.554035,2,5.064929,3829054.187729,3829054.187729,284745629.5772432,671469285.1083446,34601238.4566335,868415875.5253326,4735652430.836346,0,25,0
Z2,7,7, 4K,21440.0,0.01718,1247962.747381,1261176.0,1.554035,2,5.064929,3463012.817677,3463012.817677,284745629.5772432,671469285.1083446,34601238.4566335,868415875.5253326,4735652430.836346,0,25,0
Z3,0,7, 4K,6624.0,0.051931,127553.869558,129880.0,1.554035,2,5.064929,3238931.042112,3238931.042112,284745629.5772432,671469285.1083446,34601238.4566335,868415875.5253326,4735652430.836346,0,25,0
Z3,1,7, 4K,12288.0,0.000836,14698564.593301,12288000.0,1.554035,2,5.064929,6153133.186861,6153133.186861,284745629.5772432,671469285.1083446,34601238.4566335,868415875.5253326,4735652430.836346,0,25,0
Z3,2,7, 4K,12288.0,0.001034,11883945.841393,12288000.0,1.554035,2,5.064929,5590209.436479,5590209.436479,284745629.5772432,671469285.1083446,34601238.4566335,868415875.5253326,4735652430.836346,0,25,0
Z3,3,7, 4K,12304.0,0.00074,16627027.027027,12304000.0,1.554035,2,5.064929,6538825.673606,6538825.673606,284745629.5772432,671469285.1083446,34601238.4566335,868415875.5253326,4735652430.836346,0,25,0
Z3,4,7, 4K,11832.0,0.000881,13430192.962543,11832000.0,1.554035,2,5.064929,5899458.860709,5899458.860709,284745629.5772432,671469285.1083446,34601238.4566335,868415875.5253326,4735652430.836346,0,25,0
Z3,5,7, 4K,12664.0,0.000874,14489702.517162,12664000.0,1.554035,2,5.064929,6111360.771633,6111360.771633,284745629.5772432,671469285.1083446,34601238.4566335,868415875.5253326,4735652430.836346,0,25,0
Z3,6,7, 4K,11360.0,0.000787,14434561.626429,11360000.0,1.554035,2,5.064929,6100332.593486,6100332.593486,284745629.5772432,671469285.1083446,34601238.4566335,868415875.5253326,4735652430.836346,0,25,0
Z3,7,7, 4K,11624.0,0.000868,13391705.069124,11624000.0,1.554035,2,5.064929,5891761.282025,5891761.282025,284745629.5772432,671469285.1083446,34601238.4566335,868415875.5253326,4735652430.836346,0,25,0
Z3,8,7, 4K,12008.0,0.00641,1873322.932917,2001328.0,1.554035,2,5.064929,3588084.854784,3588084.854784,284745629.5772432,671469285.1083446,34601238.4566335,868415875.5253326,4735652430.836346,0,25,0
Z3,9,7, 4K,11744.0,0.010849,1082496.082588,1174400.0,1.554035,2,5.064929,3429919.484718,3429919.484718,284745629.5772432,671469285.1083446,34601238.4566335,868415875.5253326,4735652430.836346,0,25,0
Z3,10,7, 4K,11584.0,0.000804,14407960.199005,11584000.0,1.554035,2,5.064929,6095012.308002,6095012.308002,284745629.5772432,671469285.1083446,34601238.4566335,868415875.5253326,4735652430.836346,0,25,0
Z3,11,7, 4K,11528.0,0.010671,1080311.123606,1152800.0,1.554035,2,5.064929,3429482.492922,3429482.492922,284745629.5772432,671469285.1083446,34601238.4566335,868415875.5253326,4735652430.836346,0,25,0
Z3,12,7, 4K,32448.0,0.001899,17086887.835703,32448000.0,1.554035,2,5.064929,6630797.835341,6630797.835341,284745629.5772432,671469285.1083446,34601238.4566335,868415875.5253326,4735652430.836346,0,25,0
Z3,13,7, 4K,29808.0,0.006456,4617100.371747,4968000.0,1.554035,2,5.064929,4136840.34255,4136840.34255,284745629.5772432,671469285.1083446,34601238.4566335,868415875.5253326,4735652430.836346,0,25,0
Z3,14,7, 4K,26008.0,0.001034,25152804.642166,26008000.0,1.554035,2,5.064929,8243981.196634,8243981.196634,284745629.5772432,671469285.1083446,34601238.4566335,868415875.5253326,4735652430.836346,0,25,0
Z3,15,7, 4K,43712.0,0.000961,45485952.133195,43712000.0,1.554035,2,5.064929,12310610.69484,12310610.69484,284745629.5772432,671469285.1083446,34601238.4566335,868415875.5253326,4735652430.836346,0,25,0
Z3,16,7, 4K,42976.0,0.023545,1825270.758123,1868520.0,1.554035,2,5.064929,3578474.419825,3578474.419825,284745629.5772432,671469285.1083446,34601238.4566335,868415875.5253326,4735652430.836346,0,25,0
Z3,17,7, 4K,80888.0,0.0085,9516235.294118,10111000.0,1.554035,2,5.064929,5116667.327024,5116667.327024,284745629.5772432,671469285.1083446,34601238.4566335,868415875.5253326,4735652430.836346,0,25,0
Z3,18,7, 4K,51248.0,0.004852,10562242.374279,12812000.0,1.554035,2,5.064929,5325868.743056,5325868.743056,284745629.5772432,671469285.1083446,34601238.4566335,868415875.5253326,4735652430.836346,0,25,0
Z3,19,7, 4K,29472.0,0.000955,30860732.984293,29472000.0,1.554035,2,5.064929,9385566.865059,9385566.865059,284745629.5772432,671469285.1083446,34601238.4566335,868415875.5253326,4735652430.836346,0,25,0
Z3,20,7, 4K,23856.0,0.000863,27643105.446118,23856000.0,1.554035,2,5.064929,8742041.357424,8742041.357424,284745629.5772432,671469285.1083446,34601238.4566335,868415875.5253326,4735652430.836346,0,25,0
Z3,21,7, 4K,78816.0,0.025427,3099697.172297,3152640.0,1.554035,2,5.064929,3833359.70266,3833359.70266,284745629.5772432,671469285.1083446,34601238.4566335,868415875.5253326,4735652430.836346,0,25,0
Z3,22,7, 4K,66288.0,0.011887,5576512.156137,6026176.0,1.554035,2,5.064929,4328722.699428,4328722.699428,284745629.5772432,671469285.1083446,34601238.4566335,868415875.5253326,4735652430.836346,0,25,0
Z3,23,7, 4K,69920.0,0.015238,4588528.678304,4661328.0,1.554035,2,5.064929,4131126.003861,4131126.003861,284745629.5772432,671469285.1083446,34601238.4566335,868415875.5253326,4735652430.836346,0,25,0
Z3,24,7, 4K,81944.0,0.025722,3185755.384496,3277760.0,1.554035,2,5.064929,3850571.3451,3850571.3451,284745629.5772432,671469285.1083446,34601238.4566335,868415875.5253326,4735652430.836346,0,25,0
Z3,25,7, 4K,102376.0,0.021324,4800975.426749,4875040.0,1.554035,2,5.064929,4173615.35355,4173615.35355,284745629.5772432,671469285.1083446,34601238.4566335,868415875.5253326,4735652430.836346,0,25,0
Z3,26,7, 4K,76792.0,0.02064,3720542.635659,3839600.0,1.554035,2,5.064929,3957528.795332,3957528.795332,284745629.5772432,671469285.1083446,34601238.4566335,868415875.5253326,4735652430.836346,0,25,0
Z3,27,7, 4K,81072.0,0.016438,4931986.859715,5067000.0,1.554035,2,5.064929,4199817.640144,4199817.640144,284745629.5772432,671469285.1083446,34601238.4566335,868415875.5253326,4735652430.836346,0,25,0
Z3,28,7, 4K,62656.0,0.009064,6912621.359223,6961776.0,1.554035,2,5.064929,4595944.540045,4595944.540045,284745629.5772432,671469285.1083446,34601238.4566335,868415875.5253326,4735652430.836346,0,25,0
Z3,29,7, 4K,41248.0,0.023859,1728823.504757,1793384.0,1.554035,2,5.064929,3559184.969152,3559184.969152,284745629.5772432,671469285.1083446,34601238.4566335,868415875.5253326,4735652430.836346,0,25,0
Z3,30,7, 4K,51888.0,0.024753,2096230.759908,2162000.0,1.554035,2,5.064929,3632666.420182,3632666.420182,284745629.5772432,671469285.1083446,34601238.4566335,868415875.5253326,4735652430.836346,0,25,0
Z3,31,7, 4K,60864.0,0.0249,2444337.349398,2536000.0,1.554035,2,5.064929,3702287.73808,3702287.73808,284745629.5772432,671469285.1083446,34601238.4566335,868415875.5253326,4735652430.836346,0,25,0
Z3,32,7, 4K,30224.0,0.000904,33433628.318584,30224000.0,1.554035,2,5.064929,9900145.931917,9900145.931917,284745629.5772432,671469285.1083446,34601238.4566335,868415875.5253326,4735652430.836346,0,25,0
Z3,33,7, 4K,29312.0,0.01477,1984563.303995,2093712.0,1.554035,2,5.064929,3610332.929,3610332.929,284745629.5772432,671469285.1083446,34601238.4566335,868415875.5253326,4735652430.836346,0,25,0
Z3,34,7, 4K,25728.0,0.019963,1288784.250864,1354104.0,1.554035,2,5.064929,3471177.118373,3471177.118373,284745629.5772432,671469285.1083446,34601238.4566335,868415875.5253326,4735652430.836346,0,25,0
Z3,35,7, 4K,27640.0,0.010614,2604107.782174,2764000.0,1.554035,2,5.064929,3734241.824635,3734241.824635,284745629.5772432,671469285.1083446,34601238.4566335,868415875.5253326,4735652430.836346,0,25,0
Z3,36,7, 4K,32608.0,0.016765,1945004.473606,2038000.0,1.554035,2,5.064929,3602421.162922,3602421.162922,284745629.5772432,671469285.1083446,34601238.4566335,868415875.5253326,4735652430.836346,0,25,0
Z3,37,7, 4K,25080.0,0.017414,1440220.512232,1475288.0,1.554035,2,5.064929,3501464.370647,3501464.370647,284745629.5772432,671469285.1083446,34601238.4566335,868415875.5253326,4735652430.836346,0,25,0
Z3,38,7, 4K,21912.0,0.016056,1364723.467862,1369496.0,1.554035,2,5.064929,3486364.961773,3486364.961773,284745629.5772432,671469285.1083446,34601238.4566335,868415875.5253326,4735652430.836346,0,25,0
Z1,0,8, 4K,99296.0,0.03228,3076084.262701,3103000.0,1.855889,2,5.763075,3724126.334233,3724126.334233,284745629.5772432,671469285.1083446,34601238.4566335,868415875.5253326,4735652430.836346,0,25,0
Z2,0,8, 4K,6624.0,0.044614,148473.573318,150544.0,1.855889,2,5.763075,3138604.196356,3138604.196356,284745629.5772432,671469285.1083446,34601238.4566335,868415875.5253326,4735652430.836346,0,25,0
Z2,1,8, 4K,12736.0,0.016403,776443.333537,796000.0,1.855889,2,5.763075,3264198.1484,3264198.1484,284745629.5772432,671469285.1083446,34601238.4566335,868415875.5253326,4735652430.836346,0,25,0
Z2,2,8, 4K,12272.0,0.020129,609667.643698,613600.0,1.855889,2,5.763075,3230843.010432,3230843.010432,284745629.5772432,671469285.1083446,34601238.4566335,868415875.5253326,4735652430.836346,0,25,0
Z2,3,8, 4K,46672.0,0.012997,3590982.534431,3889328.0,1.855889,2,5.763075,3827105.988579,3827105.988579,284745629.5772432,671469285.1083446,34601238.4566335,868415875.5253326,4735652430.836346,0,25,0
Z2,4,8, 4K,116120.0,0.018925,6135799.207398,6451104.0,1.855889,2,5.763075,4336069.323172,4336069.323172,284745629.5772432,671469285.1083446,34601238.4566335,868415875.5253326,4735652430.836346,0,25,0
Z2,5,8, 4K,109880.0,0.014861,7393849.673642,7848568.0,1.855889,2,5.763075,4587679.416421,4587679.416421,284745629.5772432,671469285.1083446,34601238.4566335,868415875.5253326,4735652430.836346,0,25,0
Z2,6,8, 4K,81552.0,0.022653,3600052.973116,3706904.0,1.855889,2,5.763075,3828920.076316,3828920.076316,284745629.5772432,671469285.1083446,34601238.4566335,868415875.5253326,4735652430.836346,0,25,0
Z2,7,8, 4K,48376.0,0.007885,6135193.4052,6910856.0,1.855889,2,5.763075,4335948.162732,4335948.162732,284745629.5772432,671469285.1083446,34601238.4566335,868415875.5253326,4735652430.836346,0,25,0
Z3,0,8, 4K,13168.0,0.031301,420689.434842,424768.0,1.855889,2,5.763075,3193047.368661,3193047.368661,284745629.5772432,671469285.1083446,34601238.4566335,868415875.5253326,4735652430.836346,0,25,0
Z3,1,8, 4K,12440.0,0.019087,651752.501703,654736.0,1.855889,2,5.763075,3239259.982033,3239259.982033,284745629.5772432,671469285.1083446,34601238.4566335,868415875.5253326,4735652430.836346,0,25,0
Z3,2,8, 4K,12288.0,0.001062,11570621.468927,12288000.0,1.855889,2,5.763075,5423033.775478,5423033.775478,284745629.5772432,671469285.1083446,34601238.4566335,868415875.5253326,4735652430.836346,0,25,0
Z3,3,8, 4K,13040.0,0.009418,1384582.713952,1448888.0,1.855889,2,5.763075,3385826.024483,3385826.024483,284745629.5772432,671469285.1083446,34601238.4566335,868415875.5253326,4735652430.836346,0,25,0
Z3,4,8, 4K,11984.0,0.000881,13602724.177072,11984000.0,1.855889,2,5.763075,5829454.317107,5829454.317107,284745629.5772432,671469285.1083446,34601238.4566335,868415875.5253326,4735652430.836346,0,25,0
Z3,5,8, 4K,12736.0,0.000932,13665236.051502,12736000.0,1.855889,2,5.763075,5841956.691993,5841956.691993,284745629.5772432,671469285.1083446,34601238.4566335,868415875.5253326,4735652430.836346,0,25,0
Z3,6,8, 4K,12728.0,0.017356,733348.697857,748704.0,1.855889,2,5.763075,3255579.221264,3255579.221264,284745629.5772432,671469285.1083446,34601238.4566335,868415875.5253326,4735652430.836346,0,25,0
Z3,7,8, 4K,13416.0,0.015132,886597.938144,894400.0,1.855889,2,5.763075,3286229.069321,3286229.069321,284745629.5772432,671469285.1083446,34601238.4566335,868415875.5253326,4735652430.836346,0,25,0
Z3,8,8, 4K,12296.0,0.00088,13972727.272727,12296000.0,1.855889,2,5.763075,5903454.936238,5903454.936238,284745629.5772432,671469285.1083446,34601238.4566335,868415875.5253326,4735652430.836346,0,25,0
Z3,9,8, 4K,12368.0,0.000922,13414316.70282,12368000.0,1.855889,2,5.763075,5791772.822256,5791772.822256,284745629.5772432,671469285.1083446,34601238.4566335,868415875.5253326,4735652430.836346,0,25,0
Z3,10,8, 4K,47728.0,0.001089,43827364.554637,47728000.0,1.855889,2,5.763075,11874382.39262,11874382.39262,284745629.5772432,671469285.1083446,34601238.4566335,868415875.5253326,4735652430.836346,0,25,0
Z3,11,8, 4K,36848.0,0.008596,4286644.95114,4606000.0,1.855889,2,5.763075,3966238.47192,3966238.47192,284745629.5772432,671469285.1083446,34601238.4566335,868415875.5253326,4735652430.836346,0,25,0
Z3,12,8, 4K,37200.0,0.023042,1614443.190695,1617384.0,1.855889,2,5.763075,3431798.119831,3431798.119831,284745629.5772432,671469285.1083446,34601238.4566335,868415875.5253326,4735652430.836346,0,25,0
Z3,13,8, 4K,36304.0,0.005447,6664953.18524,7260800.0,1.855889,2,5.763075,4441900.11874,4441900.11874,284745629.5772432,671469285.1083446,34601238.4566335,868415875.5253326,4735652430.836346,0,25,0
Z3,14,8, 4K,72440.0,0.023777,3046641.712579,3149560.0,1.855889,2,5.763075,3718237.824208,3718237.824208,284745629.5772432,671469285.1083446,34601238.4566335,868415875.5253326,4735652430.836346,0,25,0
Z3,15,8, 4K,94656.0,0.018413,5140715.798621,5258664.0,1.855889,2,5.763075,4137052.641416,4137052.641416,284745629.5772432,671469285.1083446,34601238.4566335,868415875.5253326,4735652430.836346,0,25,0
Z3,16,8, 4K,126944.0,0.011257,11276894.376832,11540360.0,1.855889,2,5.763075,5364288.357059,5364288.357059,284745629.5772432,671469285.1083446,34601238.4566335,868415875.5253326,4735652430.836346,0,25,0
Z3,17,8, 4K,91896.0,0.011251,8167807.306017,8354176.0,1.855889,2,5.763075,4742470.942896,4742470.942896,284745629.5772432,671469285.1083446,34601238.4566335,868415875.5253326,4735652430.836346,0,25,0
Z3,18,8, 4K,51968.0,0.011848,4386225.523295,4724360.0,1.855889,2,5.763075,3986154.586351,3986154.586351,284745629.5772432,671469285.1083446,34601238.4566335,868415875.5253326,4735652430.836346,0,25,0
Z3,19,8, 4K,33024.0,0.018441,1790792.256385,1834664.0,1.855889,2,5.763075,3467067.932969,3467067.932969,284745629.5772432,671469285.1083446,34601238.4566335,868415875.5253326,4735652430.836346,0,25,0
Z3,20,8, 4K,47048.0,0.022389,2101389.074992,2138544.0,1.855889,2,5.763075,3529187.296691,3529187.296691,284745629.5772432,671469285.1083446,34601238.4566335,868415875.5253326,4735652430.836346,0,25,0
Z3,21,8, 4K,183840.0,0.007755,23705996.131528,26262856.0,1.855889,2,5.763075,7850108.707998,7850108.707998,284745629.5772432,671469285.1083446,34601238.4566335,868415875.5253326,4735652430.836346,0,25,0
Z3,22,8, 4K,154184.0,0.028264,5455137.277102,5506568.0,1.855889,2,5.763075,4199936.937113,4199936.937113,284745629.5772432,671469285.1083446,34601238.4566335,868415875.5253326,4735652430.836346,0,25,0
Z3,23,8, 4K,155104.0,0.031231,4966347.539304,5003352.0,1.855889,2,5.763075,4102178.989553,4102178.989553,284745629.5772432,671469285.1083446,34601238.4566335,868415875.5253326,4735652430.836346,0,25,0
Z3,24,8, 4K,164936.0,0.026329,6264423.259524,6343688.0,1.855889,2,5.763075,4361794.133597,4361794.133597,284745629.5772432,671469285.1083446,34601238.4566335,868415875.5253326,4735652430.836346,0,25,0
Z3,25,8, 4K,148008.0,0.017537,8439755.944574,8706352.0,1.855889,2,5.763075,4796860.670607,4796860.670607,284745629.5772432,671469285.1083446,34601238.4566335,868415875.5253326,4735652430.836346,0,25,0
Z3,26,8, 4K,158128.0,0.027907,5666248.611459,5856592.0,1.855889,2,5.763075,4242159.203984,4242159.203984,284745629.5772432,671469285.1083446,34601238.4566335,868415875.5253326,4735652430.836346,0,25,0
Z3,27,8, 4K,212408.0,0.034411,6172677.341548,6247288.0,1.855889,2,5.763075,4343444.950002,4343444.950002,284745629.5772432,671469285.1083446,34601238.4566335,868415875.5253326,4735652430.836346,0,25,0
Z3,28,8, 4K,148464.0,0.068184,2177402.323126,2183288.0,1.855889,2,5.763075,3544389.946317,3544389.946317,284745629.5772432,671469285.1083446,34601238.4566335,868415875.5253326,4735652430.836346,0,25,0
Z3,29,8, 4K,105600.0,0.015269,6915973.541162,7040000.0,1.855889,2,5.763075,4492104.189925,4492104.189925,284745629.5772432,671469285.1083446,34601238.4566335,868415875.5253326,4735652430.836346,0,25,0
Z3,30,8, 4K,74800.0,0.024345,3072499.486548,3116664.0,1.855889,2,5.763075,3723409.379002,3723409.379002,284745629.5772432,671469285.1083446,34601238.4566335,868415875.5253326,4735652430.836346,0,25,0
Z3,31,8, 4K,60904.0,0.018492,3293532.338308,3383552.0,1.855889,2,5.763075,3767615.949354,3767615.949354,284745629.5772432,671469285.1083446,34601238.4566335,868415875.5253326,4735652430.836346,0,25,0
Z3,32,8, 4K,56704.0,0.020807,2725236.699188,2835200.0,1.855889,2,5.763075,3653956.82153,3653956.82153,284745629.5772432,671469285.1083446,34601238.4566335,868415875.5253326,4735652430.836346,0,25,0
Z3,33,8, 4K,77872.0,0.012844,6062908.751168,6489328.0,1.855889,2,5.763075,4321491.231926,4321491.231926,284745629.5772432,671469285.1083446,34601238.4566335,868415875.5253326,4735652430.836346,0,25,0
Z3,34,8, 4K,87632.0,0.015782,5552654.92333,5842128.0,1.855889,2,5.763075,4219440.466358,4219440.466358,284745629.5772432,671469285.1083446,34601238.4566335,868415875.5253326,4735652430.836346,0,25,0
Z3,35,8, 4K,57472.0,0.017251,3331517.013506,3380704.0,1.855889,2,5.763075,3775212.884394,3775212.884394,284745629.5772432,671469285.1083446,34601238.4566335,868415875.5253326,4735652430.836346,0,25,0
Z3,36,8, 4K,71616.0,0.015802,4532084.54626,4774400.0,1.855889,2,5.763075,4015326.390944,4015326.390944,284745629.5772432,671469285.1083446,34601238.4566335,868415875.5253326,4735652430.836346,0,25,0
Z3,37,8, 4K,59800.0,0.02041,2929936.305732,2990000.0,1.855889,2,5.763075,3694896.742839,3694896.742839,284745629.5772432,671469285.1083446,34601238.4566335,868415875.5253326,4735652430.836346,0,25,0
Z3,38,8, 4K,54240.0,0.01629,3329650.092081,3390000.0,1.855889,2,5.763075,3774839.500109,3774839.500109,284745629.5772432,671469285.1083446,34601238.4566335,868415875.5253326,4735652430.836346,0,25,0
Z1,0,9, 4K,12808.0,0.054906,233271.409318,237184.0,1.987131,2,6.631833,1518299.203076,1518299.203076,284745629.5772432,671469285.1083446,34601238.4566335,868415875.5253326,4735652430.836346,0,25,0
Z2,0,9, 4K,6624.0,0.050938,130040.441321,132480.0,1.987131,2,6.631833,1497653.009476,1497653.009476,284745629.5772432,671469285.1083446,34601238.4566335,868415875.5253326,4735652430.836346,0,25,0
Z2,1,9, 4K,12720.0,0.000884,14389140.271493,12720000.0,1.987131,2,6.631833,4349472.975511,4349472.975511,284745629.5772432,671469285.1083446,34601238.4566335,868415875.5253326,4735652430.836346,0,25,0
Z2,2,9, 4K,11704.0,0.000883,13254813.137033,11704000.0,1.987131,2,6.631833,4122607.548619,4122607.548619,284745629.5772432,671469285.1083446,34601238.4566335,868415875.5253326,4735652430.836346,0,25,0
Z2,3,9, 4K,46808.0,0.009406,4976398.043802,5200888.0,1.987131,2,6.631833,2466924.529972,2466924.529972,284745629.5772432,671469285.1083446,34601238.4566335,868415875.5253326,4735652430.836346,0,25,0
Z2,4,9, 4K,65080.0,0.002084,31228406.909789,32540000.0,1.987131,2,6.631833,7717326.30317,7717326.30317,284745629.5772432,671469285.1083446,34601238.4566335,868415875.5253326,4735652430.836346,0,25,0
Z2,5,9, 4K,143136.0,0.012346,11593714.563421,11928000.0,1.987131,2,6.631833,3790387.833896,3790387.833896,284745629.5772432,671469285.1083446,34601238.4566335,868415875.5253326,4735652430.836346,0,25,0
Z2,6,9, 4K,72616.0,0.01557,4663840.719332,4841064.0,1.987131,2,6.631833,2404413.065079,2404413.065079,284745629.5772432,671469285.1083446,34601238.4566335,868415875.5253326,4735652430.836346,0,25,0
Z2,7,9, 4K,59624.0,0.020695,2881082.38705,2981200.0,1.987131,2,6.631833,2047861.398622,2047861.398622,284745629.5772432,671469285.1083446,34601238.4566335,868415875.5253326,4735652430.836346,0,25,0
Z3,0,9, 4K,13352.0,0.024005,556217.454697,556328.0,1.987131,2,6.631833,1582888.412151,1582888.412151,284745629.5772432,671469285.1083446,34601238.4566335,868415875.5253326,4735652430.836346,0,25,0
Z3,1,9, 4K,19152.0,0.000966,19826086.956522,19152000.0,1.987131,2,6.631833,5436862.312516,5436862.312516,284745629.5772432,671469285.1083446,34601238.4566335,868415875.5253326,4735652430.836346,0,25,0
Z3,2,9, 4K,15048.0,0.000955,15757068.062827,15048000.0,1.987131,2,6.631833,4623058.533778,4623058.533778,284745629.5772432,671469285.1083446,34601238.4566335,868415875.5253326,4735652430.836346,0,25,0
Z3,3,9, 4K,13656.0,0.000924,14779220.779221,13656000.0,1.987131,2,6.631833,4427489.077056,4427489.077056,284745629.5772432,671469285.1083446,34601238.4566335,868415875.5253326,4735652430.836346,0,25,0
Z3,4,9, 4K,15568.0,0.012594,1236144.195649,1297328.0,1.987131,2,6.631833,1718873.760342,1718873.760342,284745629.5772432,671469285.1083446,34601238.4566335,868415875.5253326,4735652430.836346,0,25,0
Z3,5,9, 4K,19992.0,0.007837,2550976.138829,2856000.0,1.987131,2,6.631833,1981840.148978,1981840.148978,284745629.5772432,671469285.1083446,34601238.4566335,868415875.5253326,4735652430.836346,0,25,0
Z3,6,9, 4K,43816.0,0.025947,1688673.064323,1752640.0,1.987131,2,6.631833,1809379.534077,1809379.534077,284745629.5772432,671469285.1083446,34601238.4566335,868415875.5253326,4735652430.836346,0,25,0
Z3,7,9, 4K,32640.0,0.023019,1417959.077284,1419128.0,1.987131,2,6.631833,1755236.736669,1755236.736669,284745629.5772432,671469285.1083446,34601238.4566335,868415875.5253326,4735652430.836346,0,25,0
Z3,8,9, 4K,13112.0,0.000942,13919320.59448,13112000.0,1.987131,2,6.631833,4255509.040108,4255509.040108,284745629.5772432,671469285.1083446,34601238.4566335,868415875.5253326,4735652430.836346,0,25,0
Z3,9,9, 4K,56456.0,0.025848,2184153.512844,2258240.0,1.987131,2,6.631833,1908475.623781,1908475.623781,284745629.5772432,671469285.1083446,34601238.4566335,868415875.5253326,4735652430.836346,0,25,0
Z3,10,9, 4K,42936.0,0.04301,998279.469891,998504.0,1.987131,2,6.631833,1671300.81519,1671300.81519,284745629.5772432,671469285.1083446,34601238.4566335,868415875.5253326,4735652430.836346,0,25,0
Z3,11,9, 4K,49664.0,0.00112,44342857.142857,49664000.0,1.987131,2,6.631833,10340216.349784,10340216.349784,284745629.5772432,671469285.1083446,34601238.4566335,868415875.5253326,4735652430.836346,0,25,0
Z3,12,9, 4K,55832.0,0.015871,3517862.768572,3722128.0,1.987131,2,6.631833,2175217.474926,2175217.474926,284745629.5772432,671469285.1083446,34601238.4566335,868415875.5253326,4735652430.836346,0,25,0
Z3,13,9, 4K,101440.0,0.002436,41642036.124795,50720000.0,1.987131,2,6.631833,9800052.146171,9800052.146171,284745629.5772432,671469285.1083446,34601238.4566335,868415875.5253326,4735652430.836346,0,25,0
Z3,14,9, 4K,127064.0,0.014633,8683386.865304,9076000.0,1.987131,2,6.631833,3208322.294273,3208322.294273,284745629.5772432,671469285.1083446,34601238.4566335,868415875.5253326,4735652430.836346,0,25,0
Z3,15,9, 4K,186256.0,0.042553,4377035.696661,4434664.0,1.987131,2,6.631833,2347052.060544,2347052.060544,284745629.5772432,671469285.1083446,34601238.4566335,868415875.5253326,4735652430.836346,0,25,0
Z3,16,9, 4K,117264.0,0.013071,8971310.534772,9020304.0,1.987131,2,6.631833,3265907.028166,3265907.028166,284745629.5772432,671469285.1083446,34601238.4566335,868415875.5253326,4735652430.836346,0,25,0
Z3,17,9, 4K,90064.0,0.00867,10388004.61361,11258000.0,1.987131,2,6.631833,3549245.843934,3549245.843934,284745629.5772432,671469285.1083446,34601238.4566335,868415875.5253326,4735652430.836346,0,25,0
Z3,18,9, 4K,62864.0,0.047374,1326972.601005,1337528.0,1.987131,2,6.631833,1737039.441413,1737039.441413,284745629.5772432,671469285.1083446,34601238.4566335,868415875.5253326,4735652430.836346,0,25,0
Z3,19,9, 4K,158280.0,0.037814,4185751.309039,4277832.0,1.987131,2,6.631833,2308795.18302,2308795.18302,284745629.5772432,671469285.1083446,34601238.4566335,868415875.5253326,4735652430.836346,0,25,0
Z3,20,9, 4K,210712.0,0.045459,4635209.749445,4682488.0,1.987131,2,6.631833,2398686.871101,2398686.871101,284745629.5772432,671469285.1083446,34601238.4566335,868415875.5253326,4735652430.836346,0,25,0
Z3,21,9, 4K,212696.0,0.072584,2930342.775267,2954104.0,1.987131,2,6.631833,2057713.476266,2057713.476266,284745629.5772432,671469285.1083446,34601238.4566335,868415875.5253326,4735652430.836346,0,25,0
Z3,22,9, 4K,204264.0,0.078073,2616320.623007,2618768.0,1.987131,2,6.631833,1994909.045813,1994909.045813,284745629.5772432,671469285.1083446,34601238.4566335,868415875.5253326,4735652430.836346,0,25,0
Z3,23,9, 4K,225960.0,0.0441,5123809.52381,5135448.0,1.987131,2,6.631833,2496406.825974,2496406.825974,284745629.5772432,671469285.1083446,34601238.4566335,868415875.5253326,4735652430.836346,0,25,0
Z3,24,9, 4K,199056.0,0.053415,3726593.653468,3755768.0,1.987131,2,6.631833,2216963.651906,2216963.651906,284745629.5772432,671469285.1083446,34601238.4566335,868415875.5253326,4735652430.836346,0,25,0
Z3,25,9, 4K,204104.0,0.021435,9521996.734313,9719232.0,1.987131,2,6.631833,3376044.268075,3376044.268075,284745629.5772432,671469285.1083446,34601238.4566335,868415875.5253326,4735652430.836346,0,25,0
Z3,26,9, 4K,264656.0,0.033224,7965807.849747,8019872.0,1.987131,2,6.631833,3064806.491162,3064806.491162,284745629.5772432,671469285.1083446,34601238.4566335,868415875.5253326,4735652430.836346,0,25,0
Z3,27,9, 4K,229440.0,0.042427,5407877.05942,5462856.0,1.987131,2,6.631833,2553220.333096,2553220.333096,284745629.5772432,671469285.1083446,34601238.4566335,868415875.5253326,4735652430.836346,0,25,0
Z3,28,9, 4K,144400.0,0.035476,4070357.424738,4125712.0,1.987131,2,6.631833,2285716.40616,2285716.40616,284745629.5772432,671469285.1083446,34601238.4566335,868415875.5253326,4735652430.836346,0,25,0
Z3,29,9, 4K,143784.0,0.02082,6906051.873199,7189200.0,1.987131,2,6.631833,2852855.295852,2852855.295852,284745629.5772432,671469285.1083446,34601238.4566335,868415875.5253326,4735652430.836346,0,25,0
Z3,30,9, 4K,59784.0,0.012543,4766323.84597,4982000.0,1.987131,2,6.631833,2424909.690406,2424909.690406,284745629.5772432,671469285.1083446,34601238.4566335,868415875.5253326,4735652430.836346,0,25,0
Z3,31,9, 4K,71424.0,0.024865,2872471.345264,2976000.0,1.987131,2,6.631833,2046139.190265,2046139.190265,284745629.5772432,671469285.1083446,34601238.4566335,868415875.5253326,4735652430.836346,0,25,0
Z3,32,9, 4K,71768.0,0.001822,39389681.668496,71768000.0,1.987131,2,6.631833,9349581.254911,9349581.254911,284745629.5772432,671469285.1083446,34601238.4566335,868415875.5253326,4735652430.836346,0,25,0
Z3,33,9, 4K,78016.0,0.026364,2959186.769838,3000608.0,1.987131,2,6.631833,2063482.27518,2063482.27518,284745629.5772432,671469285.1083446,34601238.4566335,868415875.5253326,4735652430.836346,0,25,0
Z3,34,9, 4K,85112.0,0.024724,3442485.034784,3546328.0,1.987131,2,6.631833,2160141.928169,2160141.928169,284745629.5772432,671469285.1083446,34601238.4566335,868415875.5253326,4735652430.836346,0,25,0
Z3,35,9, 4K,105792.0,0.02491,4246969.088719,4408000.0,1.987131,2,6.631833,2321038.738956,2321038.738956,284745629.5772432,671469285.1083446,34601238.4566335,868415875.5253326,4735652430.836346,0,25,0
Z3,36,9, 4K,59104.0,0.013847,4268361.377916,4546456.0,1.987131,2,6.631833,2325317.196795,2325317.196795,284745629.5772432,671469285.1083446,34601238.4566335,868415875.5253326,4735652430.836346,0,25,0
Z3,37,9, 4K,89744.0,0.025179,3564240.041304,3589760.0,1.987131,2,6.631833,2184492.929473,2184492.929473,284745629.5772432,671469285.1083446,34601238.4566335,868415875.5253326,4735652430.836346,0,25,0
Z3,38,9, 4K,82576.0,0.02077,3975734.232065,4128800.0,1.987131,2,6.631833,2266791.767625,2266791.767625,284745629.5772432,671469285.1083446,34601238.4566335,868415875.5253326,4735652430.836346,0,25,0
Z1,0,10, 4K,99416.0,0.031585,3147570.049074,3206960.0,1.840686,2,7.778278,2546470.955465,2546470.955465,284745629.5772432,671469285.1083446,34601238.4566335,868415875.5253326,4735652430.836346,0,25,0
Z2,0,10, 4K,6624.0,0.054871,120719.50575,122664.0,1.840686,2,7.778278,1941100.8468,1941100.8468,284745629.5772432,671469285.1083446,34601238.4566335,868415875.5253326,4735652430.836346,0,25,0
Z2,1,10, 4K,11896.0,0.017331,686400.09232,699760.0,1.840686,2,7.778278,2054236.964114,2054236.964114,284745629.5772432,671469285.1083446,34601238.4566335,868415875.5253326,4735652430.836346,0,25,0
Z2,2,10, 4K,11408.0,0.015184,751317.175975,760528.0,1.840686,2,7.778278,2067220.380845,2067220.380845,284745629.5772432,671469285.1083446,34601238.4566335,868415875.5253326,4735652430.836346,0,25,0
Z2,3,10, 4K,11528.0,0.011384,1012649.332396,1048000.0,1.840686,2,7.778278,2119486.81213,2119486.81213,284745629.5772432,671469285.1083446,34601238.4566335,868415875.5253326,4735652430.836346,0,25,0
Z2,4,10, 4K,96624.0,0.021313,4533571.059916,4601136.0,1.840686,2,7.778278,2823671.157634,2823671.157634,284745629.5772432,671469285.1083446,34601238.4566335,868415875.5253326,4735652430.836346,0,25,0
Z2,5,10, 4K,91896.0,0.018893,4864023.712486,5105328.0,1.840686,2,7.778278,2889761.688148,2889761.688148,284745629.5772432,671469285.1083446,34601238.4566335,868415875.5253326,4735652430.836346,0,25,0
Z2,6,10, 4K,172656.0,0.003814,45269008.914525,57552000.0,1.840686,2,7.778278,10970758.728555,10970758.728555,284745629.5772432,671469285.1083446,34601238.4566335,868415875.5253326,4735652430.836346,0,25,0
Z2,7,10, 4K,150256.0,0.028879,5202950.240659,5366280.0,1.840686,2,7.778278,2957546.993782,2957546.993782,284745629.5772432,671469285.1083446,34601238.4566335,868415875.5253326,4735652430.836346,0,25,0
Z3,0,10, 4K,21424.0,0.021888,978801.169591,1020184.0,1.840686,2,7.778278,2112717.179569,2112717.179569,284745629.5772432,671469285.1083446,34601238.4566335,868415875.5253326,4735652430.836346,0,25,0
Z3,1,10, 4K,61888.0,0.015464,4002069.322297,4125864.0,1.840686,2,7.778278,2717370.81011,2717370.81011,284745629.5772432,671469285.1083446,34601238.4566335,868415875.5253326,4735652430.836346,0,25,0
Z3,2,10, 4K,32688.0,0.011818,2765950.245388,2971632.0,1.840686,2,7.778278,2470146.994728,2470146.994728,284745629.5772432,671469285.1083446,34601238.4566335,868415875.5253326,4735652430.836346,0,25,0
Z3,3,10, 4K,21168.0,0.012667,1671113.918055,1764000.0,1.840686,2,7.778278,2251179.729261,2251179.729261,284745629.5772432,671469285.1083446,34601238.4566335,868415875.5253326,4735652430.836346,0,25,0
Z3,4,10, 4K,28472.0,0.010359,2748527.850179,2847200.0,1.840686,2,7.778278,2466662.515686,2466662.515686,284745629.5772432,671469285.1083446,34601238.4566335,868415875.5253326,4735652430.836346,0,25,0
Z3,5,10, 4K,45352.0,0.01028,4411673.151751,4535200.0,1.840686,2,7.778278,2799291.576001,2799291.576001,284745629.5772432,671469285.1083446,34601238.4566335,868415875.5253326,4735652430.836346,0,25,0
Z3,6,10, 4K,72936.0,0.023366,3121458.529487,3171128.0,1.840686,2,7.778278,2541248.651548,2541248.651548,284745629.5772432,671469285.1083446,34601238.4566335,868415875.5253326,4735652430.836346,0,25,0
Z3,7,10, 4K,27848.0,0.00095,29313684.210526,27848000.0,1.840686,2,7.778278,7779693.787756,7779693.787756,284745629.5772432,671469285.1083446,34601238.4566335,868415875.5253326,4735652430.836346,0,25,0
Z3,8,10, 4K,13192.0,0.000931,14169709.989259,13192000.0,1.840686,2,7.778278,4750898.943502,4750898.943502,284745629.5772432,671469285.1083446,34601238.4566335,868415875.5253326,4735652430.836346,0,25,0
Z3,9,10, 4K,75360.0,0.024934,3022379.080773,3140000.0,1.840686,2,7.778278,2521432.761805,2521432.761805,284745629.5772432,671469285.1083446,34601238.4566335,868415875.5253326,4735652430.836346,0,25,0
Z3,10,10, 4K,100176.0,0.02146,4668033.550792,4770280.0,1.840686,2,7.778278,2850563.655809,2850563.655809,284745629.5772432,671469285.1083446,34601238.4566335,868415875.5253326,4735652430.836346,0,25,0
Z3,11,10, 4K,71264.0,0.018528,3846286.701209,3959104.0,1.840686,2,7.778278,2686214.285892,2686214.285892,284745629.5772432,671469285.1083446,34601238.4566335,868415875.5253326,4735652430.836346,0,25,0
Z3,12,10, 4K,87864.0,0.014394,6104210.087536,6276000.0,1.840686,2,7.778278,3137798.963158,3137798.963158,284745629.5772432,671469285.1083446,34601238.4566335,868415875.5253326,4735652430.836346,0,25,0
Z3,13,10, 4K,125616.0,0.025999,4831570.445017,5024640.0,1.840686,2,7.778278,2883271.034654,2883271.034654,284745629.5772432,671469285.1083446,34601238.4566335,868415875.5253326,4735652430.836346,0,25,0
Z3,14,10, 4K,148008.0,0.004026,36763040.23845,37002000.0,1.840686,2,7.778278,9269564.99334,9269564.99334,284745629.5772432,671469285.1083446,34601238.4566335,868415875.5253326,4735652430.836346,0,25,0
Z3,15,10, 4K,196960.0,0.026594,7406181.845529,7575384.0,1.840686,2,7.778278,3398193.314756,3398193.314756,284745629.5772432,671469285.1083446,34601238.4566335,868415875.5253326,4735652430.836346,0,25,0
Z3,16,10, 4K,128568.0,0.021892,5872830.257628,6122280.0,1.840686,2,7.778278,3091522.997176,3091522.997176,284745629.5772432,671469285.1083446,34601238.4566335,868415875.5253326,4735652430.836346,0,25,0
Z3,17,10, 4K,101392.0,0.011351,8932428.860893,9217448.0,1.840686,2,7.778278,3703442.717829,3703442.717829,284745629.5772432,671469285.1083446,34601238.4566335,868415875.5253326,4735652430.836346,0,25,0
Z3,18,10, 4K,176696.0,0.02517,7020103.297576,7067840.0,1.840686,2,7.778278,3320977.605166,3320977.605166,284745629.5772432,671469285.1083446,34601238.4566335,868415875.5253326,4735652430.836346,0,25,0
Z3,19,10, 4K,235888.0,0.027865,8465386.685807,8736592.0,1.840686,2,7.778278,3610034.282812,3610034.282812,284745629.5772432,671469285.1083446,34601238.4566335,868415875.5253326,4735652430.836346,0,25,0
Z3,20,10, 4K,238056.0,0.095725,2486873.857404,2505848.0,1.840686,2,7.778278,2414331.717131,2414331.717131,284745629.5772432,671469285.1083446,34601238.4566335,868415875.5253326,4735652430.836346,0,25,0
Z3,21,10, 4K,231240.0,0.088773,2604846.068061,2627720.0,1.840686,2,7.778278,2437926.159263,2437926.159263,284745629.5772432,671469285.1083446,34601238.4566335,868415875.5253326,4735652430.836346,0,25,0
Z3,22,10, 4K,299680.0,0.05824,5145604.395604,5166896.0,1.840686,2,7.778278,2946077.824771,2946077.824771,284745629.5772432,671469285.1083446,34601238.4566335,868415875.5253326,4735652430.836346,0,25,0
Z3,23,10, 4K,228120.0,0.018354,12428898.332788,12673328.0,1.840686,2,7.778278,4402736.612208,4402736.612208,284745629.5772432,671469285.1083446,34601238.4566335,868415875.5253326,4735652430.836346,0,25,0
Z3,24,10, 4K,227320.0,0.055791,4074492.301626,4133088.0,1.840686,2,7.778278,2731855.405976,2731855.405976,284745629.5772432,671469285.1083446,34601238.4566335,868415875.5253326,4735652430.836346,0,25,0
Z3,25,10, 4K,304072.0,0.054934,5535224.087086,5630960.0,1.840686,2,7.778278,3024001.763068,3024001.763068,284745629.5772432,671469285.1083446,34601238.4566335,868415875.5253326,4735652430.836346,0,25,0
Z3,26,10, 4K,353400.0,0.054185,6522100.212236,6544440.0,1.840686,2,7.778278,3221376.988098,3221376.988098,284745629.5772432,671469285.1083446,34601238.4566335,868415875.5253326,4735652430.836346,0,25,0
Z3,27,10, 4K,171632.0,0.005798,29601931.700586,34326400.0,1.840686,2,7.778278,7837343.285768,7837343.285768,284745629.5772432,671469285.1083446,34601238.4566335,868415875.5253326,4735652430.836346,0,25,0
Z3,28,10, 4K,75936.0,0.039407,1926967.290075,1947072.0,1.840686,2,7.778278,2302350.403665,2302350.403665,284745629.5772432,671469285.1083446,34601238.4566335,868415875.5253326,4735652430.836346,0,25,0
Z3,29,10, 4K,98848.0,0.032987,2996574.4081,3089000.0,1.840686,2,7.778278,2516271.82727,2516271.82727,284745629.5772432,671469285.1083446,34601238.4566335,868415875.5253326,4735652430.836346,0,25,0
Z3,30,10, 4K,91496.0,0.043761,2090811.45312,2127808.0,1.840686,2,7.778278,2335119.236274,2335119.236274,284745629.5772432,671469285.1083446,34601238.4566335,868415875.5253326,4735652430.836346,0,25,0
Z3,31,10, 4K,97576.0,0.024161,4038574.562311,4065664.0,1.840686,2,7.778278,2724671.858113,2724671.858113,284745629.5772432,671469285.1083446,34601238.4566335,868415875.5253326,4735652430.836346,0,25,0
Z3,32,10, 4K,97704.0,0.001916,50993736.951983,97704000.0,1.840686,2,7.778278,12115704.336047,12115704.336047,284745629.5772432,671469285.1083446,34601238.4566335,868415875.5253326,4735652430.836346,0,25,0
Z3,33,10, 4K,88320.0,0.010634,8305435.3959,8832000.0,1.840686,2,7.778278,3578044.02483,3578044.02483,284745629.5772432,671469285.1083446,34601238.4566335,868415875.5253326,4735652430.836346,0,25,0
Z3,34,10, 4K,87440.0,0.021511,4064897.029427,4163808.0,1.840686,2,7.778278,2729936.351536,2729936.351536,284745629.5772432,671469285.1083446,34601238.4566335,868415875.5253326,4735652430.836346,0,25,0
Z3,35,10, 4K,104440.0,0.027241,3833926.801512,3868144.0,1.840686,2,7.778278,2683742.305953,2683742.305953,284745629.5772432,671469285.1083446,34601238.4566335,868415875.5253326,4735652430.836346,0,25,0
Z3,36,10, 4K,121960.0,0.018422,6620345.239388,6775552.0,1.840686,2,7.778278,3241025.993528,3241025.993528,284745629.5772432,671469285.1083446,34601238.4566335,868415875.5253326,4735652430.836346,0,25,0
Z3,37,10, 4K,101328.0,0.014952,6776886.035313,7237712.0,1.840686,2,7.778278,3272334.152713,3272334.152713,284745629.5772432,671469285.1083446,34601238.4566335,868415875.5253326,4735652430.836346,0,25,0
Z3,38,10, 4K,96152.0,0.021057,4566272.498457,4578664.0,1.840686,2,7.778278,2830211.445342,2830211.445342,284745629.5772432,671469285.1083446,34601238.4566335,868415875.5253326,4735652430.836346,0,25,0
Z1,0,11, 4K,89648.0,0.037416,2395980.329271,2422912.0,1.612429,2,9.006535,3126472.123947,3126472.123947,284745629.5772432,671469285.1083446,34601238.4566335,868415875.5253326,4735652430.836346,0,25,0
Z2,0,11, 4K,6624.0,0.048546,136447.90508,138000.0,1.612429,2,9.006535,2674565.639109,2674565.639109,284745629.5772432,671469285.1083446,34601238.4566335,868415875.5253326,4735652430.836346,0,25,0
Z2,1,11, 4K,21080.0,0.000955,22073298.429319,21080000.0,1.612429,2,9.006535,7061935.743957,7061935.743957,284745629.5772432,671469285.1083446,34601238.4566335,868415875.5253326,4735652430.836346,0,25,0
Z2,2,11, 4K,15416.0,0.00559,2757781.753131,3083200.0,1.612429,2,9.006535,3198832.408719,3198832.408719,284745629.5772432,671469285.1083446,34601238.4566335,868415875.5253326,4735652430.836346,0,25,0
Z2,3,11, 4K,20560.0,0.021797,943249.070973,979040.0,1.612429,2,9.006535,2835925.872288,2835925.872288,284745629.5772432,671469285.1083446,34601238.4566335,868415875.5253326,4735652430.836346,0,25,0
Z2,4,11, 4K,90224.0,0.017691,5099994.347408,5307288.0,1.612429,2,9.006535,3667274.927575,3667274.927575,284745629.5772432,671469285.1083446,34601238.4566335,868415875.5253326,4735652430.836346,0,25,0
Z2,5,11, 4K,106528.0,0.021531,4947656.866843,5072760.0,1.612429,2,9.006535,3636807.431462,3636807.431462,284745629.5772432,671469285.1083446,34601238.4566335,868415875.5253326,4735652430.836346,0,25,0
Z2,6,11, 4K,265808.0,0.013479,19720157.281697,20446768.0,1.612429,2,9.006535,6591307.514433,6591307.514433,284745629.5772432,671469285.1083446,34601238.4566335,868415875.5253326,4735652430.836346,0,25,0
Z2,7,11, 4K,144872.0,0.0371,3904905.660377,3915456.0,1.612429,2,9.006535,3428257.190169,3428257.190169,284745629.5772432,671469285.1083446,34601238.4566335,868415875.5253326,4735652430.836346,0,25,0
Z3,0,11, 4K,30984.0,0.031825,973574.234093,999480.0,1.612429,2,9.006535,2841990.904912,2841990.904912,284745629.5772432,671469285.1083446,34601238.4566335,868415875.5253326,4735652430.836346,0,25,0
Z3,1,11, 4K,34936.0,0.001016,34385826.771654,34936000.0,1.612429,2,9.006535,9524441.412424,9524441.412424,284745629.5772432,671469285.1083446,34601238.4566335,868415875.5253326,4735652430.836346,0,25,0
Z3,2,11, 4K,27632.0,0.00099,27911111.111111,27632000.0,1.612429,2,9.006535,8229498.280315,8229498.280315,284745629.5772432,671469285.1083446,34601238.4566335,868415875.5253326,4735652430.836346,0,25,0
Z3,3,11, 4K,23520.0,0.011931,1971335.177269,2138176.0,1.612429,2,9.006535,3041543.093547,3041543.093547,284745629.5772432,671469285.1083446,34601238.4566335,868415875.5253326,4735652430.836346,0,25,0
Z3,4,11, 4K,31368.0,0.005196,6036951.501155,6273600.0,1.612429,2,9.006535,3854666.358324,3854666.358324,284745629.5772432,671469285.1083446,34601238.4566335,868415875.5253326,4735652430.836346,0,25,0
Z3,5,11, 4K,54312.0,0.001052,51627376.425856,54312000.0,1.612429,2,9.006535,12972751.343264,12972751.343264,284745629.5772432,671469285.1083446,34601238.4566335,868415875.5253326,4735652430.836346,0,25,0
Z3,6,11, 4K,40752.0,0.000954,42716981.132075,40752000.0,1.612429,2,9.006535,11190672.284508,11190672.284508,284745629.5772432,671469285.1083446,34601238.4566335,868415875.5253326,4735652430.836346,0,25,0
Z3,7,11, 4K,38360.0,0.003121,12290932.393464,12786664.0,1.612429,2,9.006535,5105462.536786,5105462.536786,284745629.5772432,671469285.1083446,34601238.4566335,868415875.5253326,4735652430.836346,0,25,0
Z3,8,11, 4K,36560.0,0.000971,37651905.252317,36560000.0,1.612429,2,9.006535,10177657.108557,10177657.108557,284745629.5772432,671469285.1083446,34601238.4566335,868415875.5253326,4735652430.836346,0,25,0
Z3,9,11, 4K,91920.0,0.021593,4256935.117862,4377136.0,1.612429,2,9.006535,3498663.081666,3498663.081666,284745629.5772432,671469285.1083446,34601238.4566335,868415875.5253326,4735652430.836346,0,25,0
Z3,10,11, 4K,138720.0,0.015365,9028311.096648,9248000.0,1.612429,2,9.006535,4452938.277423,4452938.277423,284745629.5772432,671469285.1083446,34601238.4566335,868415875.5253326,4735652430.836346,0,25,0
Z3,11,11, 4K,120856.0,0.02054,5883933.787731,6042800.0,1.612429,2,9.006535,3824062.815639,3824062.815639,284745629.5772432,671469285.1083446,34601238.4566335,868415875.5253326,4735652430.836346,0,25,0
Z3,12,11, 4K,114584.0,0.011474,9986404.043925,10416720.0,1.612429,2,9.006535,4644556.866878,4644556.866878,284745629.5772432,671469285.1083446,34601238.4566335,868415875.5253326,4735652430.836346,0,25,0
Z3,13,11, 4K,144272.0,0.018258,7901851.243291,8015104.0,1.612429,2,9.006535,4227646.306751,4227646.306751,284745629.5772432,671469285.1083446,34601238.4566335,868415875.5253326,4735652430.836346,0,25,0
Z3,14,11, 4K,138616.0,0.032667,4243303.639759,4331744.0,1.612429,2,9.006535,3495936.786045,3495936.786045,284745629.5772432,671469285.1083446,34601238.4566335,868415875.5253326,4735652430.836346,0,25,0
Z3,15,11, 4K,211528.0,0.040645,5204280.969369,5288200.0,1.612429,2,9.006535,3688132.251967,3688132.251967,284745629.5772432,671469285.1083446,34601238.4566335,868415875.5253326,4735652430.836346,0,25,0
Z3,16,11, 4K,135616.0,0.046506,2916096.847719,2948168.0,1.612429,2,9.006535,3230495.427637,3230495.427637,284745629.5772432,671469285.1083446,34601238.4566335,868415875.5253326,4735652430.836346,0,25,0
Z3,17,11, 4K,99488.0,0.017404,5716387.037463,5852232.0,1.612429,2,9.006535,3790553.465586,3790553.465586,284745629.5772432,671469285.1083446,34601238.4566335,868415875.5253326,4735652430.836346,0,25,0
Z3,18,11, 4K,207096.0,0.023694,8740440.617878,9004168.0,1.612429,2,9.006535,4395364.181669,4395364.181669,284745629.5772432,671469285.1083446,34601238.4566335,868415875.5253326,4735652430.836346,0,25,0
Z3,19,11, 4K,254456.0,0.038985,6527023.214057,6696208.0,1.612429,2,9.006535,3952680.700904,3952680.700904,284745629.5772432,671469285.1083446,34601238.4566335,868415875.5253326,4735652430.836346,0,25,0
Z3,20,11, 4K,295200.0,0.02052,14385964.912281,14760000.0,1.612429,2,9.006535,5524469.040549,5524469.040549,284745629.5772432,671469285.1083446,34601238.4566335,868415875.5253326,4735652430.836346,0,25,0
Z3,21,11, 4K,337696.0,0.032653,10341959.391174,10553000.0,1.612429,2,9.006535,4715667.936328,4715667.936328,284745629.5772432,671469285.1083446,34601238.4566335,868415875.5253326,4735652430.836346,0,25,0
Z3,22,11, 4K,372720.0,0.067107,5554115.069963,5562984.0,1.612429,2,9.006535,3758099.072086,3758099.072086,284745629.5772432,671469285.1083446,34601238.4566335,868415875.5253326,4735652430.836346,0,25,0
Z3,23,11, 4K,225672.0,0.04111,5489467.2829,5504192.0,1.612429,2,9.006535,3745169.514673,3745169.514673,284745629.5772432,671469285.1083446,34601238.4566335,868415875.5253326,4735652430.836346,0,25,0
Z3,24,11, 4K,265312.0,0.094567,2805545.274779,2822464.0,1.612429,2,9.006535,3208385.113049,3208385.113049,284745629.5772432,671469285.1083446,34601238.4566335,868415875.5253326,4735652430.836346,0,25,0
Z3,25,11, 4K,373248.0,0.110807,3368451.451623,3393160.0,1.612429,2,9.006535,3320966.348418,3320966.348418,284745629.5772432,671469285.1083446,34601238.4566335,868415875.5253326,4735652430.836346,0,25,0
Z3,26,11, 4K,513952.0,0.118928,4321539.08247,4355520.0,1.612429,2,9.006535,3511583.874587,3511583.874587,284745629.5772432,671469285.1083446,34601238.4566335,868415875.5253326,4735652430.836346,0,25,0
Z3,27,11, 4K,187144.0,0.04445,4210213.723285,4253272.0,1.612429,2,9.006535,3489318.80275,3489318.80275,284745629.5772432,671469285.1083446,34601238.4566335,868415875.5253326,4735652430.836346,0,25,0
Z3,28,11, 4K,96736.0,0.021846,4428087.521743,4606472.0,1.612429,2,9.006535,3532893.562442,3532893.562442,284745629.5772432,671469285.1083446,34601238.4566335,868415875.5253326,4735652430.836346,0,25,0
Z3,29,11, 4K,102392.0,0.023181,4417065.700358,4451824.0,1.612429,2,9.006535,3530689.198165,3530689.198165,284745629.5772432,671469285.1083446,34601238.4566335,868415875.5253326,4735652430.836346,0,25,0
Z3,30,11, 4K,91552.0,0.034951,2619438.642671,2692704.0,1.612429,2,9.006535,3171163.786627,3171163.786627,284745629.5772432,671469285.1083446,34601238.4566335,868415875.5253326,4735652430.836346,0,25,0
Z3,31,11, 4K,101968.0,0.034565,2950036.163749,2999056.0,1.612429,2,9.006535,3237283.290843,3237283.290843,284745629.5772432,671469285.1083446,34601238.4566335,868415875.5253326,4735652430.836346,0,25,0
Z3,32,11, 4K,107392.0,0.024359,4408719.569769,4474664.0,1.612429,2,9.006535,3529019.972047,3529019.972047,284745629.5772432,671469285.1083446,34601238.4566335,868415875.5253326,4735652430.836346,0,25,0
Z3,33,11, 4K,80560.0,0.015719,5125007.95216,5370664.0,1.612429,2,9.006535,3672277.648525,3672277.648525,284745629.5772432,671469285.1083446,34601238.4566335,868415875.5253326,4735652430.836346,0,25,0
Z3,34,11, 4K,93112.0,0.00808,11523762.376238,11639000.0,1.612429,2,9.006535,4952028.533341,4952028.533341,284745629.5772432,671469285.1083446,34601238.4566335,868415875.5253326,4735652430.836346,0,25,0
Z3,35,11, 4K,90024.0,0.016423,5481580.70998,5626496.0,1.612429,2,9.006535,3743592.200089,3743592.200089,284745629.5772432,671469285.1083446,34601238.4566335,868415875.5253326,4735652430.836346,0,25,0
Z3,36,11, 4K,76112.0,0.026834,2836401.580085,2927384.0,1.612429,2,9.006535,3214556.37411,3214556.37411,284745629.5772432,671469285.1083446,34601238.4566335,868415875.5253326,4735652430.836346,0,25,0
Z3,37,11, 4K,104384.0,0.021534,4847404.105136,4970664.0,1.612429,2,9.006535,3616756.87912,3616756.87912,284745629.5772432,671469285.1083446,34601238.4566335,868415875.5253326,4735652430.836346,0,25,0
Z3,38,11, 4K,148752.0,0.043124,3449401.725257,3459344.0,1.612429,2,9.006535,3337156.403145,3337156.403145,284745629.5772432,671469285.1083446,34601238.4566335,868415875.5253326,4735652430.836346,0,25,0
Z1,0,12, 4K,115864.0,0.025179,4601612.454823,4634560.0,1.256812,2,10.362152,3984534.200537,3984534.200537,284745629.5772432,671469285.1083446,34601238.4566335,868415875.5253326,4735652430.836346,0,25,0
Z2,0,12, 4K,6624.0,0.039389,168168.778085,169840.0,1.256812,2,10.362152,3097845.465189,3097845.465189,284745629.5772432,671469285.1083446,34601238.4566335,868415875.5253326,4735652430.836346,0,25,0
Z2,1,12, 4K,11424.0,0.000822,13897810.218978,11424000.0,1.256812,2,10.362152,5843773.753368,5843773.753368,284745629.5772432,671469285.1083446,34601238.4566335,868415875.5253326,4735652430.836346,0,25,0
Z2,2,12, 4K,11144.0,0.021942,507884.422569,530664.0,1.256812,2,10.362152,3165788.594086,3165788.594086,284745629.5772432,671469285.1083446,34601238.4566335,868415875.5253326,4735652430.836346,0,25,0
Z2,3,12, 4K,12184.0,0.008098,1504569.02939,1523000.0,1.256812,2,10.362152,3365125.51545,3365125.51545,284745629.5772432,671469285.1083446,34601238.4566335,868415875.5253326,4735652430.836346,0,25,0
Z2,4,12, 4K,141952.0,0.030415,4667170.80388,4731728.0,1.256812,2,10.362152,3997645.870348,3997645.870348,284745629.5772432,671469285.1083446,34601238.4566335,868415875.5253326,4735652430.836346,0,25,0
Z2,5,12, 4K,104480.0,0.002444,42749590.834697,52240000.0,1.256812,2,10.362152,11614129.876512,11614129.876512,284745629.5772432,671469285.1083446,34601238.4566335,868415875.5253326,4735652430.836346,0,25,0
Z2,6,12, 4K,439328.0,0.090827,4836975.789138,4881416.0,1.256812,2,10.362152,4031606.8674,4031606.8674,284745629.5772432,671469285.1083446,34601238.4566335,868415875.5253326,4735652430.836346,0,25,0
Z2,7,12, 4K,256424.0,0.040287,6364931.615658,6410600.0,1.256812,2,10.362152,4337198.032704,4337198.032704,284745629.5772432,671469285.1083446,34601238.4566335,868415875.5253326,4735652430.836346,0,25,0
Z3,0,12, 4K,20480.0,0.06139,333604.821632,335736.0,1.256812,2,10.362152,3130932.673899,3130932.673899,284745629.5772432,671469285.1083446,34601238.4566335,868415875.5253326,4735652430.836346,0,25,0
Z3,1,12, 4K,19496.0,0.001559,12505452.212957,19496000.0,1.256812,2,10.362152,5565302.152163,5565302.152163,284745629.5772432,671469285.1083446,34601238.4566335,868415875.5253326,4735652430.836346,0,25,0
Z3,2,12, 4K,41600.0,0.002941,14144848.690921,20800000.0,1.256812,2,10.362152,5893181.447756,5893181.447756,284745629.5772432,671469285.1083446,34601238.4566335,868415875.5253326,4735652430.836346,0,25,0
Z3,3,12, 4K,26232.0,0.000909,28858085.808581,26232000.0,1.256812,2,10.362152,8835828.871288,8835828.871288,284745629.5772432,671469285.1083446,34601238.4566335,868415875.5253326,4735652430.836346,0,25,0
Z3,4,12, 4K,35912.0,0.001123,31978628.673197,35912000.0,1.256812,2,10.362152,9459937.444211,9459937.444211,284745629.5772432,671469285.1083446,34601238.4566335,868415875.5253326,4735652430.836346,0,25,0
Z3,5,12, 4K,31912.0,0.000991,32201816.347124,31912000.0,1.256812,2,10.362152,9504574.978997,9504574.978997,284745629.5772432,671469285.1083446,34601238.4566335,868415875.5253326,4735652430.836346,0,25,0
Z3,6,12, 4K,19240.0,0.000866,22217090.069284,19240000.0,1.256812,2,10.362152,7507629.723429,7507629.723429,284745629.5772432,671469285.1083446,34601238.4566335,868415875.5253326,4735652430.836346,0,25,0
Z3,7,12, 4K,15136.0,0.006264,2416347.381865,2522664.0,1.256812,2,10.362152,3547481.185945,3547481.185945,284745629.5772432,671469285.1083446,34601238.4566335,868415875.5253326,4735652430.836346,0,25,0
Z3,8,12, 4K,11880.0,0.008818,1347244.273078,1485000.0,1.256812,2,10.362152,3333660.564188,3333660.564188,284745629.5772432,671469285.1083446,34601238.4566335,868415875.5253326,4735652430.836346,0,25,0
Z3,9,12, 4K,110704.0,0.020011,5532157.313478,5535200.0,1.256812,2,10.362152,4170643.172268,4170643.172268,284745629.5772432,671469285.1083446,34601238.4566335,868415875.5253326,4735652430.836346,0,25,0
Z3,10,12, 4K,129784.0,0.025851,5020463.425013,5191360.0,1.256812,2,10.362152,4068304.394575,4068304.394575,284745629.5772432,671469285.1083446,34601238.4566335,868415875.5253326,4735652430.836346,0,25,0
Z3,11,12, 4K,166568.0,0.017713,9403714.785751,9798112.0,1.256812,2,10.362152,4944954.666722,4944954.666722,284745629.5772432,671469285.1083446,34601238.4566335,868415875.5253326,4735652430.836346,0,25,0
Z3,12,12, 4K,122960.0,0.020489,6001268.973596,6148000.0,1.256812,2,10.362152,4264465.504291,4264465.504291,284745629.5772432,671469285.1083446,34601238.4566335,868415875.5253326,4735652430.836346,0,25,0
Z3,13,12, 4K,171640.0,0.010245,16753538.311371,17164000.0,1.256812,2,10.362152,6414919.371846,6414919.371846,284745629.5772432,671469285.1083446,34601238.4566335,868415875.5253326,4735652430.836346,0,25,0
Z3,14,12, 4K,164560.0,0.018547,8872593.950504,9142216.0,1.256812,2,10.362152,4838730.499673,4838730.499673,284745629.5772432,671469285.1083446,34601238.4566335,868415875.5253326,4735652430.836346,0,25,0
Z3,15,12, 4K,200832.0,0.060897,3297896.448101,3347200.0,1.256812,2,10.362152,3723790.999192,3723790.999192,284745629.5772432,671469285.1083446,34601238.4566335,868415875.5253326,4735652430.836346,0,25,0
Z3,16,12, 4K,163440.0,0.032592,5014727.540501,5107496.0,1.256812,2,10.362152,4067157.217672,4067157.217672,284745629.5772432,671469285.1083446,34601238.4566335,868415875.5253326,4735652430.836346,0,25,0
Z3,17,12, 4K,195408.0,0.073875,2645116.751269,2676816.0,1.256812,2,10.362152,3593235.059826,3593235.059826,284745629.5772432,671469285.1083446,34601238.4566335,868415875.5253326,4735652430.836346,0,25,0
Z3,18,12, 4K,214760.0,0.063975,3356936.303243,3408888.0,1.256812,2,10.362152,3735598.970221,3735598.970221,284745629.5772432,671469285.1083446,34601238.4566335,868415875.5253326,4735652430.836346,0,25,0
Z3,19,12, 4K,248576.0,0.054843,4532501.868971,4603256.0,1.256812,2,10.362152,3970712.083366,3970712.083366,284745629.5772432,671469285.1083446,34601238.4566335,868415875.5253326,4735652430.836346,0,25,0
Z3,20,12, 4K,345040.0,0.060138,5737470.484552,5750664.0,1.256812,2,10.362152,4211705.806483,4211705.806483,284745629.5772432,671469285.1083446,34601238.4566335,868415875.5253326,4735652430.836346,0,25,0
Z3,21,12, 4K,295296.0,0.128574,2296700.732652,2307000.0,1.256812,2,10.362152,3523551.856102,3523551.856102,284745629.5772432,671469285.1083446,34601238.4566335,868415875.5253326,4735652430.836346,0,25,0
Z3,22,12, 4K,385520.0,0.068639,5616631.943939,5669408.0,1.256812,2,10.362152,4187538.09836,4187538.09836,284745629.5772432,671469285.1083446,34601238.4566335,868415875.5253326,4735652430.836346,0,25,0
Z3,23,12, 4K,219952.0,0.064214,3425296.664279,3436744.0,1.256812,2,10.362152,3749271.042428,3749271.042428,284745629.5772432,671469285.1083446,34601238.4566335,868415875.5253326,4735652430.836346,0,25,0
Z3,24,12, 4K,323240.0,0.107509,3006632.002902,3020928.0,1.256812,2,10.362152,3665538.110153,3665538.110153,284745629.5772432,671469285.1083446,34601238.4566335,868415875.5253326,4735652430.836346,0,25,0
Z3,25,12, 4K,481656.0,0.112808,4269697.184597,4300496.0,1.256812,2,10.362152,3918151.146491,3918151.146491,284745629.5772432,671469285.1083446,34601238.4566335,868415875.5253326,4735652430.836346,0,25,0
Z3,26,12, 4K,552784.0,0.093607,5905370.324869,5943912.0,1.256812,2,10.362152,4245285.774546,4245285.774546,284745629.5772432,671469285.1083446,34601238.4566335,868415875.5253326,4735652430.836346,0,25,0
Z3,27,12, 4K,177168.0,0.089749,1974038.707952,1990648.0,1.256812,2,10.362152,3459019.451163,3459019.451163,284745629.5772432,671469285.1083446,34601238.4566335,868415875.5253326,4735652430.836346,0,25,0
Z3,28,12, 4K,80536.0,0.022352,3603078.024338,3660720.0,1.256812,2,10.362152,3784827.31444,3784827.31444,284745629.5772432,671469285.1083446,34601238.4566335,868415875.5253326,4735652430.836346,0,25,0
Z3,29,12, 4K,78928.0,0.034745,2271636.206648,2321408.0,1.256812,2,10.362152,3518538.950902,3518538.950902,284745629.5772432,671469285.1083446,34601238.4566335,868415875.5253326,4735652430.836346,0,25,0
Z3,30,12, 4K,90936.0,0.040309,2255972.611576,2273400.0,1.256812,2,10.362152,3515406.231887,3515406.231887,284745629.5772432,671469285.1083446,34601238.4566335,868415875.5253326,4735652430.836346,0,25,0
Z3,31,12, 4K,108688.0,0.056102,1937328.437489,1940856.0,1.256812,2,10.362152,3451677.39707,3451677.39707,284745629.5772432,671469285.1083446,34601238.4566335,868415875.5253326,4735652430.836346,0,25,0
Z3,32,12, 4K,106656.0,0.062804,1698235.78116,1720256.0,1.256812,2,10.362152,3403858.865804,3403858.865804,284745629.5772432,671469285.1083446,34601238.4566335,868415875.5253326,4735652430.836346,0,25,0
Z3,33,12, 4K,105120.0,0.033966,3094859.565448,3185448.0,1.256812,2,10.362152,3683183.622662,3683183.622662,284745629.5772432,671469285.1083446,34601238.4566335,868415875.5253326,4735652430.836346,0,25,0
Z3,34,12, 4K,114168.0,0.027142,4206322.304915,4228440.0,1.256812,2,10.362152,3905476.170555,3905476.170555,284745629.5772432,671469285.1083446,34601238.4566335,868415875.5253326,4735652430.836346,0,25,0
Z3,35,12, 4K,172408.0,0.048492,3555390.579889,3591832.0,1.256812,2,10.362152,3775289.82555,3775289.82555,284745629.5772432,671469285.1083446,34601238.4566335,868415875.5253326,4735652430.836346,0,25,0
Z3,36,12, 4K,121920.0,0.024351,5006775.902427,5080000.0,1.256812,2,10.362152,4065566.890057,4065566.890057,284745629.5772432,671469285.1083446,34601238.4566335,868415875.5253326,4735652430.836346,0,25,0
Z3,37,12, 4K,90808.0,0.009338,9724566.288284,10089776.0,1.256812,2,10.362152,5009124.967229,5009124.967229,284745629.5772432,671469285.1083446,34601238.4566335,868415875.5253326,4735652430.836346,0,25,0
Z3,38,12, 4K,97728.0,0.012152,8042132.982225,8144000.0,1.256812,2,10.362152,4672638.306017,4672638.306017,284745629.5772432,671469285.1083446,34601238.4566335,868415875.5253326,4735652430.836346,0,25,0
Z1,0,13, 4K,231376.0,0.060791,3806089.717228,3856264.0,1.0,2,12.20884,4767926.231046,4767926.231046,284745629.5772432,671469285.1083446,34601238.4566335,868415875.5253326,4735652430.836346,0,25,0
Z2,0,13, 4K,6624.0,0.039775,166536.769327,169840.0,1.0,2,12.20884,4040015.641466,4040015.641466,284745629.5772432,671469285.1083446,34601238.4566335,868415875.5253326,4735652430.836346,0,25,0
Z2,1,13, 4K,14096.0,0.023674,595421.137112,612864.0,1.0,2,12.20884,4125792.515023,4125792.515023,284745629.5772432,671469285.1083446,34601238.4566335,868415875.5253326,4735652430.836346,0,25,0
Z2,2,13, 4K,12072.0,0.006348,1901701.323251,2012000.0,1.0,2,12.20884,4387048.552251,4387048.552251,284745629.5772432,671469285.1083446,34601238.4566335,868415875.5253326,4735652430.836346,0,25,0
Z2,3,13, 4K,11568.0,0.00104,11123076.923077,11568000.0,1.0,2,12.20884,6231323.672216,6231323.672216,284745629.5772432,671469285.1083446,34601238.4566335,868415875.5253326,4735652430.836346,0,25,0
Z2,4,13, 4K,265632.0,0.026588,9990672.483827,10216608.0,1.0,2,12.20884,6004842.784366,6004842.784366,284745629.5772432,671469285.1083446,34601238.4566335,868415875.5253326,4735652430.836346,0,25,0
Z2,5,13, 4K,183344.0,0.030861,5940961.083568,6111464.0,1.0,2,12.20884,5194900.504315,5194900.504315,284745629.5772432,671469285.1083446,34601238.4566335,868415875.5253326,4735652430.836346,0,25,0
Z2,6,13, 4K,344104.0,0.115752,2972769.368996,2992208.0,1.0,2,12.20884,4601262.1614,4601262.1614,284745629.5772432,671469285.1083446,34601238.4566335,868415875.5253326,4735652430.836346,0,25,0
Z2,7,13, 4K,316392.0,0.076968,4110695.353913,4163048.0,1.0,2,12.20884,4828847.358384,4828847.358384,284745629.5772432,671469285.1083446,34601238.4566335,868415875.5253326,4735652430.836346,0,25,0
Z3,0,13, 4K,18240.0,0.037825,482220.75347,492968.0,1.0,2,12.20884,4103152.438295,4103152.438295,284745629.5772432,671469285.1083446,34601238.4566335,868415875.5253326,4735652430.836346,0,25,0
Z3,1,13, 4K,19120.0,0.010393,1839699.797941,1912000.0,1.0,2,12.20884,4374648.247189,4374648.247189,284745629.5772432,671469285.1083446,34601238.4566335,868415875.5253326,4735652430.836346,0,25,0
Z3,2,13, 4K,17576.0,0.011906,1476230.472031,1597816.0,1.0,2,12.20884,4301954.382007,4301954.382007,284745629.5772432,671469285.1083446,34601238.4566335,868415875.5253326,4735652430.836346,0,25,0
Z3,3,13, 4K,13752.0,0.001803,7627287.853577,13752000.0,1.0,2,12.20884,5532165.858316,5532165.858316,284745629.5772432,671469285.1083446,34601238.4566335,868415875.5253326,4735652430.836346,0,25,0
Z3,4,13, 4K,20424.0,0.012172,1677949.392047,1702000.0,1.0,2,12.20884,4342298.16601,4342298.16601,284745629.5772432,671469285.1083446,34601238.4566335,868415875.5253326,4735652430.836346,0,25,0
Z3,5,13, 4K,31888.0,0.0053,6016603.773585,6377600.0,1.0,2,12.20884,5210029.042318,5210029.042318,284745629.5772432,671469285.1083446,34601238.4566335,868415875.5253326,4735652430.836346,0,25,0
Z3,6,13, 4K,34824.0,0.021869,1592391.055832,1658280.0,1.0,2,12.20884,4325186.498767,4325186.498767,284745629.5772432,671469285.1083446,34601238.4566335,868415875.5253326,4735652430.836346,0,25,0
Z3,7,13, 4K,27304.0,0.001144,23867132.867133,27304000.0,1.0,2,12.20884,8780134.861027,8780134.861027,284745629.5772432,671469285.1083446,34601238.4566335,868415875.5253326,4735652430.836346,0,25,0
Z3,8,13, 4K,24832.0,0.012848,1932752.179328,2069328.0,1.0,2,12.20884,4393258.723466,4393258.723466,284745629.5772432,671469285.1083446,34601238.4566335,868415875.5253326,4735652430.836346,0,25,0
Z3,9,13, 4K,102416.0,0.001536,66677083.333333,102416000.0,1.0,2,12.20884,17342124.954268,17342124.954268,284745629.5772432,671469285.1083446,34601238.4566335,868415875.5253326,4735652430.836346,0,25,0
Z3,10,13, 4K,123344.0,0.019112,6453746.33738,6491784.0,1.0,2,12.20884,5297457.555077,5297457.555077,284745629.5772432,671469285.1083446,34601238.4566335,868415875.5253326,4735652430.836346,0,25,0
Z3,11,13, 4K,125056.0,0.025198,4962933.566156,5002240.0,1.0,2,12.20884,4999295.000832,4999295.000832,284745629.5772432,671469285.1083446,34601238.4566335,868415875.5253326,4735652430.836346,0,25,0
Z3,12,13, 4K,117608.0,0.020168,5831416.10472,5880400.0,1.0,2,12.20884,5172991.508545,5172991.508545,284745629.5772432,671469285.1083446,34601238.4566335,868415875.5253326,4735652430.836346,0,25,0
Z3,13,13, 4K,166128.0,0.051014,3256517.818638,3257408.0,1.0,2,12.20884,4658011.851329,4658011.851329,284745629.5772432,671469285.1083446,34601238.4566335,868415875.5253326,4735652430.836346,0,25,0
Z3,14,13, 4K,184040.0,0.037643,4889089.604973,4974048.0,1.0,2,12.20884,4984526.208596,4984526.208596,284745629.5772432,671469285.1083446,34601238.4566335,868415875.5253326,4735652430.836346,0,25,0
Z3,15,13, 4K,326472.0,0.018999,17183641.244276,18137328.0,1.0,2,12.20884,7443436.536456,7443436.536456,284745629.5772432,671469285.1083446,34601238.4566335,868415875.5253326,4735652430.836346,0,25,0
Z3,16,13, 4K,315832.0,0.083334,3789953.680371,3805200.0,1.0,2,12.20884,4764699.023675,4764699.023675,284745629.5772432,671469285.1083446,34601238.4566335,868415875.5253326,4735652430.836346,0,25,0
Z3,17,13, 4K,278216.0,0.08353,3330731.473722,3352000.0,1.0,2,12.20884,4672854.582345,4672854.582345,284745629.5772432,671469285.1083446,34601238.4566335,868415875.5253326,4735652430.836346,0,25,0
Z3,18,13, 4K,213632.0,0.050153,4259605.606843,4272640.0,1.0,2,12.20884,4858629.40897,4858629.40897,284745629.5772432,671469285.1083446,34601238.4566335,868415875.5253326,4735652430.836346,0,25,0
Z3,19,13, 4K,248704.0,0.099569,2497805.541886,2512160.0,1.0,2,12.20884,4506269.395978,4506269.395978,284745629.5772432,671469285.1083446,34601238.4566335,868415875.5253326,4735652430.836346,0,25,0
Z3,20,13, 4K,291920.0,0.082236,3549783.549784,3560000.0,1.0,2,12.20884,4716664.997558,4716664.997558,284745629.5772432,671469285.1083446,34601238.4566335,868415875.5253326,4735652430.836346,0,25,0
Z3,21,13, 4K,272896.0,0.055408,4925209.35605,4961744.0,1.0,2,12.20884,4991750.158811,4991750.158811,284745629.5772432,671469285.1083446,34601238.4566335,868415875.5253326,4735652430.836346,0,25,0
Z3,22,13, 4K,353984.0,0.09434,3752215.391138,3765784.0,1.0,2,12.20884,4757151.365829,4757151.365829,284745629.5772432,671469285.1083446,34601238.4566335,868415875.5253326,4735652430.836346,0,25,0
Z3,23,13, 4K,187896.0,0.064608,2908246.656761,2935872.0,1.0,2,12.20884,4588357.618953,4588357.618953,284745629.5772432,671469285.1083446,34601238.4566335,868415875.5253326,4735652430.836346,0,25,0
Z3,24,13, 4K,267712.0,0.106893,2504485.794205,2525584.0,1.0,2,12.20884,4507605.446442,4507605.446442,284745629.5772432,671469285.1083446,34601238.4566335,868415875.5253326,4735652430.836346,0,25,0
Z3,25,13, 4K,360608.0,0.102059,3533328.760815,3535368.0,1.0,2,12.20884,4713374.039764,4713374.039764,284745629.5772432,671469285.1083446,34601238.4566335,868415875.5253326,4735652430.836346,0,25,0
Z3,26,13, 4K,316984.0,0.090168,3515482.210984,3522040.0,1.0,2,12.20884,4709804.729798,4709804.729798,284745629.5772432,671469285.1083446,34601238.4566335,868415875.5253326,4735652430.836346,0,25,0
Z3,27,13, 4K,217208.0,0.04346,4997883.110907,5051344.0,1.0,2,12.20884,5006284.909782,5006284.909782,284745629.5772432,671469285.1083446,34601238.4566335,868415875.5253326,4735652430.836346,0,25,0
Z3,28,13, 4K,94808.0,0.024991,3793685.726862,3950328.0,1.0,2,12.20884,4765445.432973,4765445.432973,284745629.5772432,671469285.1083446,34601238.4566335,868415875.5253326,4735652430.836346,0,25,0
Z3,29,13, 4K,89856.0,0.012567,7150155.168298,7488000.0,1.0,2,12.20884,5436739.321261,5436739.321261,284745629.5772432,671469285.1083446,34601238.4566335,868415875.5253326,4735652430.836346,0,25,0
Z3,30,13, 4K,76680.0,0.019314,3970177.073625,4035784.0,1.0,2,12.20884,4800743.702326,4800743.702326,284745629.5772432,671469285.1083446,34601238.4566335,868415875.5253326,4735652430.836346,0,25,0
Z3,31,13, 4K,75464.0,0.017601,4287483.665701,4439056.0,1.0,2,12.20884,4864205.020741,4864205.020741,284745629.5772432,671469285.1083446,34601238.4566335,868415875.5253326,4735652430.836346,0,25,0
Z3,32,13, 4K,75568.0,0.015411,4903510.479528,5037864.0,1.0,2,12.20884,4987410.383506,4987410.383506,284745629.5772432,671469285.1083446,34601238.4566335,868415875.5253326,4735652430.836346,0,25,0
Z3,33,13, 4K,53048.0,0.0209,2538181.818182,2652400.0,1.0,2,12.20884,4514344.651237,4514344.651237,284745629.5772432,671469285.1083446,34601238.4566335,868415875.5253326,4735652430.836346,0,25,0
Z3,34,13, 4K,71632.0,0.020387,3513611.615245,3581600.0,1.0,2,12.20884,4709430.61065,4709430.61065,284745629.5772432,671469285.1083446,34601238.4566335,868415875.5253326,4735652430.836346,0,25,0
Z3,35,13, 4K,124120.0,0.012884,9633654.144676,10343328.0,1.0,2,12.20884,5933439.116536,5933439.116536,284745629.5772432,671469285.1083446,34601238.4566335,868415875.5253326,4735652430.836346,0,25,0
Z3,36,13, 4K,159576.0,0.02419,6596775.527077,6649000.0,1.0,2,12.20884,5326063.393016,5326063.393016,284745629.5772432,671469285.1083446,34601238.4566335,868415875.5253326,4735652430.836346,0,25,0
Z3,37,13, 4K,162672.0,0.025491,6381546.428151,6506880.0,1.0,2,12.20884,5283017.573231,5283017.573231,284745629.5772432,671469285.1083446,34601238.4566335,868415875.5253326,4735652430.836346,0,25,0
Z3,38,13, 4K,176832.0,0.021065,8394588.179445,8420568.0,1.0,2,12.20884,5685625.92349,5685625.92349,284745629.5772432,671469285.1083446,34601238.4566335,868415875.5253326,4735652430.836346,0,25,0
Z1,0,14, 4K,310648.0,0.043879,7079650.858041,7224368.0,1.0,2,14.057185,6306409.248685,6306409.248685,284745629.5772432,671469285.1083446,34601238.4566335,868415875.5253326,4735652430.836346,0,25,0
Z2,0,14, 4K,6624.0,0.045961,144122.190553,147200.0,1.0,2,14.057185,4919303.515187,4919303.515187,284745629.5772432,671469285.1083446,34601238.4566335,868415875.5253326,4735652430.836346,0,25,0
Z2,1,14, 4K,65528.0,0.025822,2537681.047169,2621120.0,1.0,2,14.057185,5398015.286511,5398015.286511,284745629.5772432,671469285.1083446,34601238.4566335,868415875.5253326,4735652430.836346,0,25,0
Z2,2,14, 4K,36464.0,0.002691,13550353.028614,18232000.0,1.0,2,14.057185,7600549.6828,7600549.6828,284745629.5772432,671469285.1083446,34601238.4566335,868415875.5253326,4735652430.836346,0,25,0
Z2,3,14, 4K,26120.0,0.014876,1755848.34633,1865712.0,1.0,2,14.057185,5241648.746343,5241648.746343,284745629.5772432,671469285.1083446,34601238.4566335,868415875.5253326,4735652430.836346,0,25,0
Z2,4,14, 4K,276584.0,0.026719,10351585.014409,10637840.0,1.0,2,14.057185,6960796.079959,6960796.079959,284745629.5772432,671469285.1083446,34601238.4566335,868415875.5253326,4735652430.836346,0,25,0
Z2,5,14, 4K,275832.0,0.040934,6738457.028387,6895800.0,1.0,2,14.057185,6238170.482754,6238170.482754,284745629.5772432,671469285.1083446,34601238.4566335,868415875.5253326,4735652430.836346,0,25,0
Z2,6,14, 4K,392736.0,0.084908,4625429.877043,4675424.0,1.0,2,14.057185,5815565.052485,5815565.052485,284745629.5772432,671469285.1083446,34601238.4566335,868415875.5253326,4735652430.836346,0,25,0
Z2,7,14, 4K,324128.0,0.108613,2984246.821283,3001184.0,1.0,2,14.057185,5487328.441333,5487328.441333,284745629.5772432,671469285.1083446,34601238.4566335,868415875.5253326,4735652430.836346,0,25,0
Z3,0,14, 4K,19944.0,0.042894,464960.134285,474856.0,1.0,2,14.057185,4983471.103934,4983471.103934,284745629.5772432,671469285.1083446,34601238.4566335,868415875.5253326,4735652430.836346,0,25,0
Z3,1,14, 4K,27688.0,0.012656,2187737.041719,2307328.0,1.0,2,14.057185,5328026.485421,5328026.485421,284745629.5772432,671469285.1083446,34601238.4566335,868415875.5253326,4735652430.836346,0,25,0
Z3,2,14, 4K,29160.0,0.016552,1761720.637989,1822496.0,1.0,2,14.057185,5242823.204675,5242823.204675,284745629.5772432,671469285.1083446,34601238.4566335,868415875.5253326,4735652430.836346,0,25,0
Z3,3,14, 4K,17040.0,0.00084,20285714.285714,17040000.0,1.0,2,14.057185,8947621.93422,8947621.93422,284745629.5772432,671469285.1083446,34601238.4566335,868415875.5253326,4735652430.836346,0,25,0
Z3,4,14, 4K,29288.0,0.000951,30797055.73081,29288000.0,1.0,2,14.057185,11049890.223239,11049890.223239,284745629.5772432,671469285.1083446,34601238.4566335,868415875.5253326,4735652430.836346,0,25,0
Z3,5,14, 4K,29392.0,0.024063,1221460.333292,1224664.0,1.0,2,14.057185,5134771.143735,5134771.143735,284745629.5772432,671469285.1083446,34601238.4566335,868415875.5253326,4735652430.836346,0,25,0
Z3,6,14, 4K,19864.0,0.001904,10432773.109244,19864000.0,1.0,2,14.057185,6977033.698925,6977033.698925,284745629.5772432,671469285.1083446,34601238.4566335,868415875.5253326,4735652430.836346,0,25,0
Z3,7,14, 4K,46568.0,0.0193,2412849.740933,2450944.0,1.0,2,14.057185,5373049.025263,5373049.025263,284745629.5772432,671469285.1083446,34601238.4566335,868415875.5253326,4735652430.836346,0,25,0
Z3,8,14, 4K,77848.0,0.022341,3484535.159572,3538544.0,1.0,2,14.057185,5587386.108991,5587386.108991,284745629.5772432,671469285.1083446,34601238.4566335,868415875.5253326,4735652430.836346,0,25,0
Z3,9,14, 4K,121432.0,0.007974,15228492.600953,17347424.0,1.0,2,14.057185,7936177.597267,7936177.597267,284745629.5772432,671469285.1083446,34601238.4566335,868415875.5253326,4735652430.836346,0,25,0
Z3,10,14, 4K,178104.0,0.003541,50297656.02937,59368000.0,1.0,2,14.057185,14950010.282951,14950010.282951,284745629.5772432,671469285.1083446,34601238.4566335,868415875.5253326,4735652430.836346,0,25,0
Z3,11,14, 4K,144672.0,0.043379,3335069.964729,3364464.0,1.0,2,14.057185,5557493.070023,5557493.070023,284745629.5772432,671469285.1083446,34601238.4566335,868415875.5253326,4735652430.836346,0,25,0
Z3,12,14, 4K,153792.0,0.019912,7723583.768582,8094312.0,1.0,2,14.057185,6435195.830793,6435195.830793,284745629.5772432,671469285.1083446,34601238.4566335,868415875.5253326,4735652430.836346,0,25,0
Z3,13,14, 4K,193616.0,0.050756,3814642.60383,3872320.0,1.0,2,14.057185,5653407.597843,5653407.597843,284745629.5772432,671469285.1083446,34601238.4566335,868415875.5253326,4735652430.836346,0,25,0
Z3,14,14, 4K,215184.0,0.040948,5255055.191951,5379600.0,1.0,2,14.057185,5941490.115467,5941490.115467,284745629.5772432,671469285.1083446,34601238.4566335,868415875.5253326,4735652430.836346,0,25,0
Z3,15,14, 4K,391928.0,0.064513,6075178.646164,6123872.0,1.0,2,14.057185,6105514.80631,6105514.80631,284745629.5772432,671469285.1083446,34601238.4566335,868415875.5253326,4735652430.836346,0,25,0
Z3,16,14, 4K,320024.0,0.128507,2490323.484324,2500184.0,1.0,2,14.057185,5388543.773942,5388543.773942,284745629.5772432,671469285.1083446,34601238.4566335,868415875.5253326,4735652430.836346,0,25,0
Z3,17,14, 4K,268840.0,0.079224,3393416.136524,3403032.0,1.0,2,14.057185,5569162.304382,5569162.304382,284745629.5772432,671469285.1083446,34601238.4566335,868415875.5253326,4735652430.836346,0,25,0
Z3,18,14, 4K,163384.0,0.060911,2682339.80726,2723064.0,1.0,2,14.057185,5426947.038529,5426947.038529,284745629.5772432,671469285.1083446,34601238.4566335,868415875.5253326,4735652430.836346,0,25,0
Z3,19,14, 4K,193688.0,0.051287,3776551.562774,3797800.0,1.0,2,14.057185,5645789.389632,5645789.389632,284745629.5772432,671469285.1083446,34601238.4566335,868415875.5253326,4735652430.836346,0,25,0
Z3,20,14, 4K,225432.0,0.062459,3609279.687475,3636000.0,1.0,2,14.057185,5612335.014572,5612335.014572,284745629.5772432,671469285.1083446,34601238.4566335,868415875.5253326,4735652430.836346,0,25,0
Z3,21,14, 4K,248896.0,0.064502,3858733.062541,3889000.0,1.0,2,14.057185,5662225.689585,5662225.689585,284745629.5772432,671469285.1083446,34601238.4566335,868415875.5253326,4735652430.836346,0,25,0
Z3,22,14, 4K,266808.0,0.077854,3427030.081948,3465032.0,1.0,2,14.057185,5575885.093466,5575885.093466,284745629.5772432,671469285.1083446,34601238.4566335,868415875.5253326,4735652430.836346,0,25,0
Z3,23,14, 4K,164848.0,0.066498,2478991.849379,2497696.0,1.0,2,14.057185,5386277.446953,5386277.446953,284745629.5772432,671469285.1083446,34601238.4566335,868415875.5253326,4735652430.836346,0,25,0
Z3,24,14, 4K,188952.0,0.052922,3570386.606704,3633688.0,1.0,2,14.057185,5604556.398418,5604556.398418,284745629.5772432,671469285.1083446,34601238.4566335,868415875.5253326,4735652430.836346,0,25,0
Z3,25,14, 4K,335320.0,0.104477,3209510.227131,3224224.0,1.0,2,14.057185,5532381.122503,5532381.122503,284745629.5772432,671469285.1083446,34601238.4566335,868415875.5253326,4735652430.836346,0,25,0
Z3,26,14, 4K,365224.0,0.066563,5486892.117242,5533696.0,1.0,2,14.057185,5987857.500525,5987857.500525,284745629.5772432,671469285.1083446,34601238.4566335,868415875.5253326,4735652430.836346,0,25,0
Z3,27,14, 4K,211048.0,0.082028,2572877.554006,2573752.0,1.0,2,14.057185,5405054.587878,5405054.587878,284745629.5772432,671469285.1083446,34601238.4566335,868415875.5253326,4735652430.836346,0,25,0
Z3,28,14, 4K,37424.0,0.003869,9672783.66503,12474664.0,1.0,2,14.057185,6825035.810083,6825035.810083,284745629.5772432,671469285.1083446,34601238.4566335,868415875.5253326,4735652430.836346,0,25,0
Z3,29,14, 4K,36240.0,0.017263,2099287.493483,2131760.0,1.0,2,14.057185,5310336.575773,5310336.575773,284745629.5772432,671469285.1083446,34601238.4566335,868415875.5253326,4735652430.836346,0,25,0
Z3,30,14, 4K,32904.0,0.013603,2418878.188635,2531072.0,1.0,2,14.057185,5374254.714804,5374254.714804,284745629.5772432,671469285.1083446,34601238.4566335,868415875.5253326,4735652430.836346,0,25,0
Z3,31,14, 4K,33208.0,0.001071,31006535.947712,33208000.0,1.0,2,14.057185,11091786.266619,11091786.266619,284745629.5772432,671469285.1083446,34601238.4566335,868415875.5253326,4735652430.836346,0,25,0
Z3,32,14, 4K,27104.0,0.015629,1734212.041717,1806928.0,1.0,2,14.057185,5237321.48542,5237321.48542,284745629.5772432,671469285.1083446,34601238.4566335,868415875.5253326,4735652430.836346,0,25,0
Z3,33,14, 4K,27712.0,0.004562,6074528.715476,6928000.0,1.0,2,14.057185,6105384.820172,6105384.820172,284745629.5772432,671469285.1083446,34601238.4566335,868415875.5253326,4735652430.836346,0,25,0
Z3,34,14, 4K,69480.0,0.024261,2863855.570669,2895000.0,1.0,2,14.057185,5463250.191211,5463250.191211,284745629.5772432,671469285.1083446,34601238.4566335,868415875.5253326,4735652430.836346,0,25,0
Z3,35,14, 4K,104904.0,0.014959,7012768.233171,7493136.0,1.0,2,14.057185,6293032.723711,6293032.723711,284745629.5772432,671469285.1083446,34601238.4566335,868415875.5253326,4735652430.836346,0,25,0
Z3,36,14, 4K,111104.0,0.016382,6782077.890367,6944000.0,1.0,2,14.057185,6246894.65515,6246894.65515,284745629.5772432,671469285.1083446,34601238.4566335,868415875.5253326,4735652430.836346,0,25,0
Z3,37,14, 4K,102528.0,0.012435,8245114.595899,8544000.0,1.0,2,14.057185,6539501.996256,6539501.996256,284745629.5772432,671469285.1083446,34601238.4566335,868415875.5253326,4735652430.836346,0,25,0
Z3,38,14, 4K,101856.0,0.013105,7772300.648607,7835072.0,1.0,2,14.057185,6444939.206798,6444939.206798,284745629.5772432,671469285.1083446,34601238.4566335,868415875.5253326,4735652430.836346,0,25,0
Z1,0,15, 4K,97816.0,0.05905,1656494.49619,1657896.0,1.0,2,15.865425,5862983.606345,5862983.606345,284745629.5772432,671469285.1083446,34601238.4566335,868415875.5253326,4735652430.836346,0,25,0
Z2,0,15, 4K,6624.0,0.040985,161620.104916,165600.0,1.0,2,15.865425,5564008.72809,5564008.72809,284745629.5772432,671469285.1083446,34601238.4566335,868415875.5253326,4735652430.836346,0,25,0
Z2,1,15, 4K,92296.0,0.01166,7915608.919383,8390544.0,1.0,2,15.865425,7114806.490983,7114806.490983,284745629.5772432,671469285.1083446,34601238.4566335,868415875.5253326,4735652430.836346,0,25,0
Z2,2,15, 4K,40600.0,0.010178,3988995.873453,4060000.0,1.0,2,15.865425,6329483.881797,6329483.881797,284745629.5772432,671469285.1083446,34601238.4566335,868415875.5253326,4735652430.836346,0,25,0
Z2,3,15, 4K,232152.0,0.006594,35206551.410373,38692000.0,1.0,2,15.865425,12572994.989182,12572994.989182,284745629.5772432,671469285.1083446,34601238.4566335,868415875.5253326,4735652430.836346,0,25,0
Z2,4,15, 4K,278440.0,0.03419,8143901.725651,8189408.0,1.0,2,15.865425,7160465.052237,7160465.052237,284745629.5772432,671469285.1083446,34601238.4566335,868415875.5253326,4735652430.836346,0,25,0
Z2,5,15, 4K,207528.0,0.031214,6648555.135516,6694448.0,1.0,2,15.865425,6861395.73421,6861395.73421,284745629.5772432,671469285.1083446,34601238.4566335,868415875.5253326,4735652430.836346,0,25,0
Z2,6,15, 4K,78136.0,0.014505,5386832.126853,5581136.0,1.0,2,15.865425,6609051.132477,6609051.132477,284745629.5772432,671469285.1083446,34601238.4566335,868415875.5253326,4735652430.836346,0,25,0
Z2,7,15, 4K,85200.0,0.021532,3956901.356121,4057136.0,1.0,2,15.865425,6323064.978331,6323064.978331,284745629.5772432,671469285.1083446,34601238.4566335,868415875.5253326,4735652430.836346,0,25,0
Z3,0,15, 4K,12608.0,0.070375,179154.529307,180112.0,1.0,2,15.865425,5567515.612968,5567515.612968,284745629.5772432,671469285.1083446,34601238.4566335,868415875.5253326,4735652430.836346,0,25,0
Z3,1,15, 4K,14232.0,0.023536,604690.686608,618776.0,1.0,2,15.865425,5652622.844428,5652622.844428,284745629.5772432,671469285.1083446,34601238.4566335,868415875.5253326,4735652430.836346,0,25,0
Z3,2,15, 4K,18288.0,0.024915,734015.653221,762000.0,1.0,2,15.865425,5678487.837751,5678487.837751,284745629.5772432,671469285.1083446,34601238.4566335,868415875.5253326,4735652430.836346,0,25,0
Z3,3,15, 4K,17960.0,0.007985,2249217.282405,2565712.0,1.0,2,15.865425,5981528.163588,5981528.163588,284745629.5772432,671469285.1083446,34601238.4566335,868415875.5253326,4735652430.836346,0,25,0
Z3,4,15, 4K,30136.0,0.00098,30751020.408163,30136000.0,1.0,2,15.865425,11681888.78874,11681888.78874,284745629.5772432,671469285.1083446,34601238.4566335,868415875.5253326,4735652430.836346,0,25,0
Z3,5,15, 4K,38832.0,0.015845,2450741.558851,2588800.0,1.0,2,15.865425,6021833.018877,6021833.018877,284745629.5772432,671469285.1083446,34601238.4566335,868415875.5253326,4735652430.836346,0,25,0
Z3,6,15, 4K,80120.0,0.018652,4295517.906927,4451104.0,1.0,2,15.865425,6390788.288492,6390788.288492,284745629.5772432,671469285.1083446,34601238.4566335,868415875.5253326,4735652430.836346,0,25,0
Z3,7,15, 4K,115624.0,0.006899,16759530.36672,19270664.0,1.0,2,15.865425,8883590.780451,8883590.780451,284745629.5772432,671469285.1083446,34601238.4566335,868415875.5253326,4735652430.836346,0,25,0
Z3,8,15, 4K,91976.0,0.004486,20502897.904592,22994000.0,1.0,2,15.865425,9632264.288025,9632264.288025,284745629.5772432,671469285.1083446,34601238.4566335,868415875.5253326,4735652430.836346,0,25,0
Z3,9,15, 4K,131496.0,0.002236,58808586.762075,65748000.0,1.0,2,15.865425,17293402.059522,17293402.059522,284745629.5772432,671469285.1083446,34601238.4566335,868415875.5253326,4735652430.836346,0,25,0
Z3,10,15, 4K,151608.0,0.003467,43728872.223825,50536000.0,1.0,2,15.865425,14277459.151872,14277459.151872,284745629.5772432,671469285.1083446,34601238.4566335,868415875.5253326,4735652430.836346,0,25,0
Z3,11,15, 4K,133200.0,0.023811,5594053.168704,5791304.0,1.0,2,15.865425,6650495.340848,6650495.340848,284745629.5772432,671469285.1083446,34601238.4566335,868415875.5253326,4735652430.836346,0,25,0
Z3,12,15, 4K,197848.0,0.017703,11175958.877026,11638112.0,1.0,2,15.865425,7766876.482512,7766876.482512,284745629.5772432,671469285.1083446,34601238.4566335,868415875.5253326,4735652430.836346,0,25,0
Z3,13,15, 4K,216432.0,0.036307,5961164.51373,6012000.0,1.0,2,15.865425,6723917.609853,6723917.609853,284745629.5772432,671469285.1083446,34601238.4566335,868415875.5253326,4735652430.836346,0,25,0
Z3,14,15, 4K,250032.0,0.066927,3735891.344301,3788360.0,1.0,2,15.865425,6278862.975967,6278862.975967,284745629.5772432,671469285.1083446,34601238.4566335,868415875.5253326,4735652430.836346,0,25,0
Z3,15,15, 4K,238656.0,0.044112,5410228.509249,5424000.0,1.0,2,15.865425,6613730.408957,6613730.408957,284745629.5772432,671469285.1083446,34601238.4566335,868415875.5253326,4735652430.836346,0,25,0
Z3,16,15, 4K,165160.0,0.036412,4535867.296496,4587776.0,1.0,2,15.865425,6438858.166406,6438858.166406,284745629.5772432,671469285.1083446,34601238.4566335,868415875.5253326,4735652430.836346,0,25,0
Z3,17,15, 4K,167848.0,0.024673,6802901.957605,6993664.0,1.0,2,15.865425,6892265.098628,6892265.098628,284745629.5772432,671469285.1083446,34601238.4566335,868415875.5253326,4735652430.836346,0,25,0
Z3,18,15, 4K,255400.0,0.066068,3865714.112732,3869696.0,1.0,2,15.865425,6304827.529653,6304827.529653,284745629.5772432,671469285.1083446,34601238.4566335,868415875.5253326,4735652430.836346,0,25,0
Z3,19,15, 4K,132104.0,0.0205,6444097.560976,6605200.0,1.0,2,15.865425,6820504.219302,6820504.219302,284745629.5772432,671469285.1083446,34601238.4566335,868415875.5253326,4735652430.836346,0,25,0
Z3,20,15, 4K,143824.0,0.011937,12048588.422552,13074904.0,1.0,2,15.865425,7941402.391617,7941402.391617,284745629.5772432,671469285.1083446,34601238.4566335,868415875.5253326,4735652430.836346,0,25,0
Z3,21,15, 4K,175072.0,0.034555,5066473.73752,5149176.0,1.0,2,15.865425,6544979.454611,6544979.454611,284745629.5772432,671469285.1083446,34601238.4566335,868415875.5253326,4735652430.836346,0,25,0
Z3,22,15, 4K,170296.0,0.046639,3651364.737666,3702080.0,1.0,2,15.865425,6261957.65464,6261957.65464,284745629.5772432,671469285.1083446,34601238.4566335,868415875.5253326,4735652430.836346,0,25,0
Z3,23,15, 4K,193376.0,0.035677,5420186.674889,5525024.0,1.0,2,15.865425,6615722.042085,6615722.042085,284745629.5772432,671469285.1083446,34601238.4566335,868415875.5253326,4735652430.836346,0,25,0
Z3,24,15, 4K,150872.0,0.020635,7311461.109765,7543600.0,1.0,2,15.865425,6993976.92906,6993976.92906,284745629.5772432,671469285.1083446,34601238.4566335,868415875.5253326,4735652430.836346,0,25,0
Z3,25,15, 4K,172416.0,0.021683,7951667.204723,8210280.0,1.0,2,15.865425,7122018.148051,7122018.148051,284745629.5772432,671469285.1083446,34601238.4566335,868415875.5253326,4735652430.836346,0,25,0
Z3,26,15, 4K,210512.0,0.078416,2684554.172618,2698864.0,1.0,2,15.865425,6068595.54163,6068595.54163,284745629.5772432,671469285.1083446,34601238.4566335,868415875.5253326,4735652430.836346,0,25,0
Z3,27,15, 4K,202256.0,0.027928,7242050.988256,7490960.0,1.0,2,15.865425,6980094.904758,6980094.904758,284745629.5772432,671469285.1083446,34601238.4566335,868415875.5253326,4735652430.836346,0,25,0
Z3,28,15, 4K,249784.0,0.074203,3366225.085239,3375456.0,1.0,2,15.865425,6204929.724155,6204929.724155,284745629.5772432,671469285.1083446,34601238.4566335,868415875.5253326,4735652430.836346,0,25,0
Z3,29,15, 4K,288648.0,0.075085,3844283.145768,3848640.0,1.0,2,15.865425,6300541.336261,6300541.336261,284745629.5772432,671469285.1083446,34601238.4566335,868415875.5253326,4735652430.836346,0,25,0
Z3,30,15, 4K,46288.0,0.034893,1326569.7991,1361408.0,1.0,2,15.865425,5796998.666927,5796998.666927,284745629.5772432,671469285.1083446,34601238.4566335,868415875.5253326,4735652430.836346,0,25,0
Z3,31,15, 4K,38120.0,0.006495,5869130.100077,6353328.0,1.0,2,15.865425,6705510.727122,6705510.727122,284745629.5772432,671469285.1083446,34601238.4566335,868415875.5253326,4735652430.836346,0,25,0
Z3,32,15, 4K,29864.0,0.015083,1979977.458065,1990928.0,1.0,2,15.865425,5927680.19872,5927680.19872,284745629.5772432,671469285.1083446,34601238.4566335,868415875.5253326,4735652430.836346,0,25,0
Z3,33,15, 4K,29864.0,0.023885,1250324.471426,1298432.0,1.0,2,15.865425,5781749.601392,5781749.601392,284745629.5772432,671469285.1083446,34601238.4566335,868415875.5253326,4735652430.836346,0,25,0
Z3,34,15, 4K,42832.0,0.015115,2833741.316573,2855464.0,1.0,2,15.865425,6098432.970421,6098432.970421,284745629.5772432,671469285.1083446,34601238.4566335,868415875.5253326,4735652430.836346,0,25,0
Z3,35,15, 4K,53400.0,0.013001,4107376.355665,4107688.0,1.0,2,15.865425,6353159.97824,6353159.97824,284745629.5772432,671469285.1083446,34601238.4566335,868415875.5253326,4735652430.836346,0,25,0
Z3,36,15, 4K,54248.0,0.012408,4372018.052869,4520664.0,1.0,2,15.865425,6406088.317681,6406088.317681,284745629.5772432,671469285.1083446,34601238.4566335,868415875.5253326,4735652430.836346,0,25,0
Z3,37,15, 4K,56416.0,0.017755,3177471.134892,3318584.0,1.0,2,15.865425,6167178.934085,6167178.934085,284745629.5772432,671469285.1083446,34601238.4566335,868415875.5253326,4735652430.836346,0,25,0
Z3,38,15, 4K,63392.0,0.010699,5925039.723339,6339200.0,1.0,2,15.865425,6716692.651775,6716692.651775,284745629.5772432,671469285.1083446,34601238.4566335,868415875.5253326,4735652430.836346,0,25,0
