Zone, Tile_no, Seg_no, Reso, Seg_d_size, Seg_d_time, Bitrate, Bitrate1, Buf_lev, Buf_limit, Elapsed, Ref_vp, Local_avg
Z1, 0, 1, 720, 9960.000000, 0.520927, 19119.761502, 19152.000000, 1.000000, 2, 0.000060, 19119.761502, 19119.761502
Z2, 0, 1, 720, 8952.000000, 0.449311, 19923.838945, 19936.000000, 1.000000, 2, 0.000060, 9961.919472, 9961.919472
Z2, 1, 1, 720, 5424.000000, 0.173508, 31260.806418, 31352.000000, 1.000000, 2, 0.000060, 10420.268806, 10420.268806
Z2, 2, 1, 720, 7080.000000, 0.174930, 40473.332190, 40688.000000, 1.000000, 2, 0.000060, 10118.333048, 10118.333048
Z2, 3, 1, 720, 18976.000000, 0.158042, 120069.348654, 120096.000000, 1.000000, 2, 0.000060, 24013.869731, 24013.869731
Z2, 4, 1, 720, 8720.000000, 0.175537, 49676.136655, 49824.000000, 1.000000, 2, 0.000060, 9935.227331, 9935.227331
Z2, 5, 1, 720, 8336.000000, 0.159607, 52228.285727, 52424.000000, 1.000000, 2, 0.000060, 10445.657145, 10445.657145
Z2, 6, 1, 720, 6376.000000, 0.175212, 36390.201584, 36432.000000, 1.000000, 2, 0.000060, 7278.040317, 7278.040317
Z2, 7, 1, 720, 6872.000000, 0.173938, 39508.330555, 39720.000000, 1.000000, 2, 0.000060, 7901.666111, 7901.666111
Z3, 0, 1, 720, 7080.000000, 0.518746, 13648.298011, 13664.000000, 1.000000, 2, 0.000060, 2729.659602, 2729.659602
Z3, 1, 1, 720, 7080.000000, 0.137216, 51597.481343, 51672.000000, 1.000000, 2, 0.000060, 10319.496269, 10319.496269
Z3, 2, 1, 720, 5664.000000, 0.151259, 37445.705710, 37504.000000, 1.000000, 2, 0.000060, 7489.141142, 7489.141142
Z3, 3, 1, 720, 7080.000000, 0.136338, 51929.762795, 52056.000000, 1.000000, 2, 0.000060, 10385.952559, 10385.952559
Z3, 4, 1, 720, 7080.000000, 0.159360, 44427.710843, 44528.000000, 1.000000, 2, 0.000060, 8885.542169, 8885.542169
Z3, 5, 1, 720, 5664.000000, 0.166795, 33957.852454, 34120.000000, 1.000000, 2, 0.000060, 6791.570491, 6791.570491
Z3, 6, 1, 720, 7080.000000, 0.135794, 52137.796957, 52440.000000, 1.000000, 2, 0.000060, 10427.559391, 10427.559391
Z3, 7, 1, 720, 7080.000000, 0.131309, 53918.619440, 54040.000000, 1.000000, 2, 0.000060, 10783.723888, 10783.723888
Z3, 8, 1, 720, 5664.000000, 0.163786, 34581.710280, 34744.000000, 1.000000, 2, 0.000060, 6916.342056, 6916.342056
Z3, 9, 1, 720, 7080.000000, 0.136016, 52052.699682, 52056.000000, 1.000000, 2, 0.000060, 10410.539936, 10410.539936
Z3, 10, 1, 720, 12904.000000, 0.142339, 90656.812258, 90872.000000, 1.000000, 2, 0.000060, 18131.362452, 18131.362452
Z3, 11, 1, 720, 17344.000000, 0.127597, 135927.960689, 136560.000000, 1.000000, 2, 0.000060, 27185.592138, 27185.592138
Z3, 12, 1, 720, 16912.000000, 0.153942, 109859.557496, 110528.000000, 1.000000, 2, 0.000060, 21971.911499, 21971.911499
Z3, 13, 1, 720, 13240.000000, 0.135288, 97865.294779, 98072.000000, 1.000000, 2, 0.000060, 19573.058956, 19573.058956
Z3, 14, 1, 720, 28328.000000, 0.158754, 178439.598372, 179288.000000, 1.000000, 2, 0.000060, 35687.919674, 35687.919674
Z3, 15, 1, 720, 30528.000000, 0.165766, 184163.218030, 185016.000000, 1.000000, 2, 0.000060, 36832.643606, 36832.643606
Z3, 16, 1, 720, 16360.000000, 0.176084, 92910.201949, 92952.000000, 1.000000, 2, 0.000060, 18582.040390, 18582.040390
Z3, 17, 1, 720, 33216.000000, 0.173783, 191134.921137, 192000.000000, 1.000000, 2, 0.000060, 38226.984227, 38226.984227
Z3, 18, 1, 720, 28000.000000, 0.168978, 165702.044053, 166664.000000, 1.000000, 2, 0.000060, 33140.408811, 33140.408811
Z3, 19, 1, 720, 15744.000000, 0.139051, 113224.644195, 113264.000000, 1.000000, 2, 0.000060, 22644.928839, 22644.928839
Z3, 20, 1, 720, 16024.000000, 0.126564, 126607.882178, 127168.000000, 1.000000, 2, 0.000060, 25321.576436, 25321.576436
Z3, 21, 1, 720, 11576.000000, 0.156915, 73772.424561, 74200.000000, 1.000000, 2, 0.000060, 14754.484912, 14754.484912
Z3, 22, 1, 720, 10816.000000, 0.154562, 69978.390549, 70232.000000, 1.000000, 2, 0.000060, 13995.678110, 13995.678110
Z3, 23, 1, 720, 13224.000000, 0.165109, 80092.544925, 80144.000000, 1.000000, 2, 0.000060, 16018.508985, 16018.508985
Z3, 24, 1, 720, 17528.000000, 0.159584, 109835.572488, 110232.000000, 1.000000, 2, 0.000060, 21967.114498, 21967.114498
Z3, 25, 1, 720, 23824.000000, 0.667562, 35688.070921, 35712.000000, 1.000000, 2, 0.000060, 7137.614184, 7137.614184
Z3, 26, 1, 720, 11024.000000, 0.130080, 84747.847478, 84800.000000, 1.000000, 2, 0.000060, 16949.569496, 16949.569496
Z3, 27, 1, 720, 15112.000000, 0.165720, 91189.958967, 91584.000000, 1.000000, 2, 0.000060, 18237.991793, 18237.991793
Z3, 28, 1, 720, 24552.000000, 0.161815, 151728.826129, 152496.000000, 1.000000, 2, 0.000060, 30345.765226, 30345.765226
Z3, 29, 1, 720, 10824.000000, 0.635059, 17044.085668, 17040.000000, 1.000000, 2, 0.000060, 3408.817134, 3408.817134
Z3, 30, 1, 720, 6872.000000, 0.170282, 40356.584959, 40416.000000, 1.000000, 2, 0.000060, 8071.316992, 8071.316992
Z3, 31, 1, 720, 6872.000000, 0.168127, 40873.863211, 40904.000000, 1.000000, 2, 0.000060, 8174.772642, 8174.772642
Z3, 32, 1, 720, 6376.000000, 0.127186, 50131.303760, 50200.000000, 1.000000, 2, 0.000060, 10026.260752, 10026.260752
Z3, 33, 1, 720, 6872.000000, 0.156173, 44002.484424, 44048.000000, 1.000000, 2, 0.000060, 8800.496885, 8800.496885
Z3, 34, 1, 720, 6872.000000, 0.167610, 40999.940338, 41144.000000, 1.000000, 2, 0.000060, 8199.988068, 8199.988068
Z3, 35, 1, 720, 6376.000000, 0.136954, 46555.777852, 46880.000000, 1.000000, 2, 0.000060, 9311.155570, 9311.155570
Z3, 36, 1, 720, 6872.000000, 0.131593, 52221.622731, 52456.000000, 1.000000, 2, 0.000060, 10444.324546, 10444.324546
Z3, 37, 1, 720, 6872.000000, 0.160819, 42731.269315, 42944.000000, 1.000000, 2, 0.000060, 8546.253863, 8546.253863
Z3, 38, 1, 720, 6376.000000, 0.145375, 43858.985383, 43968.000000, 1.000000, 2, 0.000060, 8771.797077, 8771.797077
Z1, 0, 2, 720, 15344.000000, 0.474553, 32333.585500, 32368.000000, 1.000000, 2, 9.432958, 15238.514177, 15238.514177
Z2, 0, 2, 720, 6624.000000, 0.526757, 12575.058329, 12592.000000, 1.000000, 2, 9.432958, 11286.808742, 11286.808742
Z2, 1, 2, 720, 5664.000000, 0.138548, 40881.138667, 41040.000000, 1.000000, 2, 9.432958, 16948.024810, 16948.024810
Z2, 2, 2, 720, 7080.000000, 0.165318, 42826.552463, 42904.000000, 1.000000, 2, 9.432958, 17337.107569, 17337.107569
Z2, 3, 2, 720, 7080.000000, 0.143314, 49402.012364, 49504.000000, 1.000000, 2, 9.432958, 18652.199549, 18652.199549
Z2, 4, 2, 720, 12128.000000, 0.165030, 73489.668545, 73496.000000, 1.000000, 2, 9.432958, 23469.730786, 23469.730786
Z2, 5, 2, 720, 18392.000000, 0.163695, 112355.294908, 112832.000000, 1.000000, 2, 9.432958, 31242.856058, 31242.856058
Z2, 6, 2, 720, 10632.000000, 0.174245, 61017.532784, 61096.000000, 1.000000, 2, 9.432958, 20975.303633, 20975.303633
Z2, 7, 2, 720, 8048.000000, 0.135433, 59424.217141, 59608.000000, 1.000000, 2, 9.432958, 20656.640505, 20656.640505
Z3, 0, 2, 720, 5424.000000, 0.493411, 10992.863961, 11000.000000, 1.000000, 2, 9.432958, 10970.369869, 10970.369869
Z3, 1, 2, 720, 7080.000000, 0.128275, 55193.919314, 55312.000000, 1.000000, 2, 9.432958, 19810.580939, 19810.580939
Z3, 2, 2, 720, 7080.000000, 0.153880, 46009.877827, 46272.000000, 1.000000, 2, 9.432958, 17973.772642, 17973.772642
Z3, 3, 2, 720, 5664.000000, 0.158515, 35731.634230, 35848.000000, 1.000000, 2, 9.432958, 15918.123923, 15918.123923
Z3, 4, 2, 720, 7080.000000, 0.174669, 40533.809663, 40688.000000, 1.000000, 2, 9.432958, 16878.559009, 16878.559009
Z3, 5, 2, 720, 7080.000000, 0.134474, 52649.582819, 52832.000000, 1.000000, 2, 9.432958, 19301.713640, 19301.713640
Z3, 6, 2, 720, 5664.000000, 0.149021, 38008.065977, 38008.000000, 1.000000, 2, 9.432958, 16373.410272, 16373.410272
Z3, 7, 2, 720, 7080.000000, 0.157461, 44963.514775, 45088.000000, 1.000000, 2, 9.432958, 17764.500032, 17764.500032
Z3, 8, 2, 720, 7080.000000, 0.169367, 41802.712453, 41888.000000, 1.000000, 2, 9.432958, 17132.339567, 17132.339567
Z3, 9, 2, 720, 12648.000000, 0.175558, 72044.566468, 72272.000000, 1.000000, 2, 9.432958, 23180.710370, 23180.710370
Z3, 10, 2, 720, 17112.000000, 0.168042, 101831.684936, 101856.000000, 1.000000, 2, 9.432958, 29138.134064, 29138.134064
Z3, 11, 2, 720, 15320.000000, 0.157436, 97309.382860, 97576.000000, 1.000000, 2, 9.432958, 28233.673649, 28233.673649
Z3, 12, 2, 720, 10704.000000, 0.126212, 84809.685291, 84952.000000, 1.000000, 2, 9.432958, 25733.734135, 25733.734135
Z3, 13, 2, 720, 18776.000000, 0.160114, 117266.447656, 117344.000000, 1.000000, 2, 9.432958, 32225.086608, 32225.086608
Z3, 14, 2, 720, 21848.000000, 0.164037, 133189.463353, 133216.000000, 1.000000, 2, 9.432958, 35409.689747, 35409.689747
Z3, 15, 2, 720, 12752.000000, 0.175314, 72738.058569, 72864.000000, 1.000000, 2, 9.432958, 23319.408790, 23319.408790
Z3, 16, 2, 720, 21856.000000, 0.171636, 127339.252837, 127808.000000, 1.000000, 2, 9.432958, 34239.647644, 34239.647644
Z3, 17, 2, 720, 16880.000000, 0.140458, 120178.273932, 120568.000000, 1.000000, 2, 9.432958, 32807.451863, 32807.451863
Z3, 18, 2, 720, 9160.000000, 0.137810, 66468.325956, 66856.000000, 1.000000, 2, 9.432958, 22065.462268, 22065.462268
Z3, 19, 2, 720, 11592.000000, 0.619658, 18707.093268, 18720.000000, 1.000000, 2, 9.432958, 12513.215730, 12513.215730
Z3, 20, 2, 720, 9952.000000, 0.144374, 68932.079183, 69104.000000, 1.000000, 2, 9.432958, 22558.212913, 22558.212913
Z3, 21, 2, 720, 11064.000000, 0.144706, 76458.474424, 76832.000000, 1.000000, 2, 9.432958, 24063.491961, 24063.491961
Z3, 22, 2, 720, 14728.000000, 0.630104, 23373.919226, 23376.000000, 1.000000, 2, 9.432958, 13446.580922, 13446.580922
Z3, 23, 2, 720, 16264.000000, 0.156416, 103979.132570, 104256.000000, 1.000000, 2, 9.432958, 29567.623590, 29567.623590
Z3, 24, 2, 720, 9504.000000, 0.149936, 63387.045139, 63784.000000, 1.000000, 2, 9.432958, 21449.206104, 21449.206104
Z3, 25, 2, 720, 12688.000000, 0.128633, 98637.208181, 99120.000000, 1.000000, 2, 9.432958, 28499.238713, 28499.238713
Z3, 26, 2, 720, 17320.000000, 0.162448, 106618.733379, 106912.000000, 1.000000, 2, 9.432958, 30095.543752, 30095.543752
Z3, 27, 2, 720, 9320.000000, 0.135952, 68553.607155, 69032.000000, 1.000000, 2, 9.432958, 22482.518508, 22482.518508
Z3, 28, 2, 720, 6376.000000, 0.146337, 43570.662239, 43664.000000, 1.000000, 2, 9.432958, 17485.929524, 17485.929524
Z3, 29, 2, 720, 6872.000000, 0.140137, 49037.727367, 49080.000000, 1.000000, 2, 9.432958, 18579.342550, 18579.342550
Z3, 30, 2, 720, 6872.000000, 0.151162, 45461.160874, 45504.000000, 1.000000, 2, 9.432958, 17864.029251, 17864.029251
Z3, 31, 2, 720, 6376.000000, 0.167182, 38138.077066, 38176.000000, 1.000000, 2, 9.432958, 16399.412490, 16399.412490
Z3, 32, 2, 720, 6872.000000, 0.134431, 51119.161503, 51280.000000, 1.000000, 2, 9.432958, 18995.629377, 18995.629377
Z3, 33, 2, 720, 6872.000000, 0.159236, 43156.070235, 43216.000000, 1.000000, 2, 9.432958, 17403.011124, 17403.011124
Z3, 34, 2, 720, 6376.000000, 0.135663, 46998.813236, 47224.000000, 1.000000, 2, 9.432958, 18171.559724, 18171.559724
Z3, 35, 2, 720, 6872.000000, 0.164328, 41818.801422, 41896.000000, 1.000000, 2, 9.432958, 17135.557361, 17135.557361
Z3, 36, 2, 720, 6872.000000, 0.139591, 49229.534855, 49432.000000, 1.000000, 2, 9.432958, 18617.704048, 18617.704048
Z3, 37, 2, 720, 6376.000000, 0.152940, 41689.551458, 41944.000000, 1.000000, 2, 9.432958, 17109.707368, 17109.707368
Z3, 38, 2, 720, 6872.000000, 0.151152, 45464.168519, 45504.000000, 1.000000, 2, 9.432958, 17864.630780, 17864.630780
Z1, 0, 3, 720, 5664.000000, 0.511955, 11063.472376, 11080.000000, 1.000000, 2, 18.737868, 20077.325255, 20077.325255
Z2, 0, 3, 720, 7080.000000, 0.445677, 15885.944305, 15904.000000, 1.000000, 2, 18.737868, 21041.819641, 21041.819641
Z2, 1, 3, 720, 7080.000000, 0.147342, 48051.472085, 48160.000000, 1.000000, 2, 18.737868, 27474.925197, 27474.925197
Z2, 2, 3, 720, 18112.000000, 0.171422, 105657.383533, 105912.000000, 1.000000, 2, 18.737868, 38996.107487, 38996.107487
Z2, 3, 3, 720, 12544.000000, 0.166847, 75182.652370, 75560.000000, 1.000000, 2, 18.737868, 32901.161254, 32901.161254
Z2, 4, 3, 720, 15304.000000, 0.161161, 94960.939681, 95048.000000, 1.000000, 2, 18.737868, 36856.818717, 36856.818717
Z2, 5, 3, 720, 6872.000000, 0.131239, 52362.483713, 52456.000000, 1.000000, 2, 18.737868, 28337.127523, 28337.127523
Z2, 6, 3, 720, 6376.000000, 0.133316, 47826.217408, 47936.000000, 1.000000, 2, 18.737868, 27429.874262, 27429.874262
Z2, 7, 3, 720, 6872.000000, 0.157091, 43745.345055, 43768.000000, 1.000000, 2, 18.737868, 26613.699791, 26613.699791
Z3, 0, 3, 720, 6624.000000, 0.440718, 15030.019196, 15048.000000, 1.000000, 2, 18.737868, 20870.634620, 20870.634620
Z3, 1, 3, 720, 5424.000000, 0.167036, 32472.041955, 32472.000000, 1.000000, 2, 18.737868, 24359.039171, 24359.039171
Z3, 2, 3, 720, 7080.000000, 0.544151, 13011.094347, 13008.000000, 1.000000, 2, 18.737868, 20466.849650, 20466.849650
Z3, 3, 3, 720, 7080.000000, 0.156495, 45241.062015, 45384.000000, 1.000000, 2, 18.737868, 26912.843183, 26912.843183
Z3, 4, 3, 720, 5664.000000, 0.141024, 40163.376447, 40168.000000, 1.000000, 2, 18.737868, 25897.306070, 25897.306070
Z3, 5, 3, 720, 7080.000000, 0.140546, 50374.966203, 50568.000000, 1.000000, 2, 18.737868, 27939.624021, 27939.624021
Z3, 6, 3, 720, 7080.000000, 0.156147, 45341.889373, 45384.000000, 1.000000, 2, 18.737868, 26933.008655, 26933.008655
Z3, 7, 3, 720, 5664.000000, 0.157595, 35940.226530, 36072.000000, 1.000000, 2, 18.737868, 25052.676086, 25052.676086
Z3, 8, 3, 720, 7080.000000, 0.140168, 50510.815593, 50568.000000, 1.000000, 2, 18.737868, 27966.793899, 27966.793899
Z3, 9, 3, 720, 7080.000000, 0.140469, 50402.579929, 50568.000000, 1.000000, 2, 18.737868, 27945.146766, 27945.146766
Z3, 10, 3, 720, 14120.000000, 0.135282, 104374.565722, 104592.000000, 1.000000, 2, 18.737868, 38739.543925, 38739.543925
Z3, 11, 3, 720, 17536.000000, 0.154982, 113148.623711, 113864.000000, 1.000000, 2, 18.737868, 40494.355523, 40494.355523
Z3, 12, 3, 720, 16008.000000, 0.139917, 114410.686335, 115160.000000, 1.000000, 2, 18.737868, 40746.768047, 40746.768047
Z3, 13, 3, 720, 10896.000000, 0.147402, 73920.299589, 74120.000000, 1.000000, 2, 18.737868, 32648.690698, 32648.690698
Z3, 14, 3, 720, 19720.000000, 0.142519, 138367.515910, 138872.000000, 1.000000, 2, 18.737868, 45538.133962, 45538.133962
Z3, 15, 3, 720, 20104.000000, 0.143782, 139822.787275, 140584.000000, 1.000000, 2, 18.737868, 45829.188235, 45829.188235
Z3, 16, 3, 720, 12504.000000, 0.174296, 71740.028457, 71856.000000, 1.000000, 2, 18.737868, 32212.636472, 32212.636472
Z3, 17, 3, 720, 23072.000000, 0.163554, 141066.559057, 141544.000000, 1.000000, 2, 18.737868, 46077.942592, 46077.942592
Z3, 18, 3, 720, 18632.000000, 0.153269, 121564.047524, 121776.000000, 1.000000, 2, 18.737868, 42177.440285, 42177.440285
Z3, 19, 3, 720, 9664.000000, 0.130433, 74091.679253, 74336.000000, 1.000000, 2, 18.737868, 32682.966631, 32682.966631
Z3, 20, 3, 720, 12280.000000, 0.128018, 95924.010686, 95936.000000, 1.000000, 2, 18.737868, 37049.432918, 37049.432918
Z3, 21, 3, 720, 10368.000000, 0.143507, 72247.346819, 72496.000000, 1.000000, 2, 18.737868, 32314.100144, 32314.100144
Z3, 22, 3, 720, 10520.000000, 0.131424, 80046.262479, 80304.000000, 1.000000, 2, 18.737868, 33873.883276, 33873.883276
Z3, 23, 3, 720, 15288.000000, 0.162615, 94013.467392, 94368.000000, 1.000000, 2, 18.737868, 36667.324259, 36667.324259
Z3, 24, 3, 720, 16344.000000, 0.142037, 115068.608884, 115096.000000, 1.000000, 2, 18.737868, 40878.352557, 40878.352557
Z3, 25, 3, 720, 9016.000000, 0.171569, 52550.285891, 52720.000000, 1.000000, 2, 18.737868, 28374.687959, 28374.687959
Z3, 26, 3, 720, 13800.000000, 0.136858, 100834.441538, 101464.000000, 1.000000, 2, 18.737868, 38031.519088, 38031.519088
Z3, 27, 3, 720, 17664.000000, 0.160743, 109889.699707, 110400.000000, 1.000000, 2, 18.737868, 39842.570722, 39842.570722
Z3, 28, 3, 720, 10240.000000, 0.164071, 62412.004559, 62432.000000, 1.000000, 2, 18.737868, 30347.031692, 30347.031692
Z3, 29, 3, 720, 8424.000000, 0.130059, 64770.604110, 64800.000000, 1.000000, 2, 18.737868, 30818.751602, 30818.751602
Z3, 30, 3, 720, 9896.000000, 0.168505, 58728.227649, 58904.000000, 1.000000, 2, 18.737868, 29610.276310, 29610.276310
Z3, 31, 3, 720, 6376.000000, 0.127067, 50178.252418, 50200.000000, 1.000000, 2, 18.737868, 27900.281264, 27900.281264
Z3, 32, 3, 720, 6872.000000, 0.136115, 50486.720788, 50528.000000, 1.000000, 2, 18.737868, 27961.974938, 27961.974938
Z3, 33, 3, 720, 6872.000000, 0.155238, 44267.511821, 44328.000000, 1.000000, 2, 18.737868, 26718.133144, 26718.133144
Z3, 34, 3, 720, 6376.000000, 0.175791, 36270.343760, 36432.000000, 1.000000, 2, 18.737868, 25118.699532, 25118.699532
Z3, 35, 3, 720, 6872.000000, 0.159390, 43114.373549, 43216.000000, 1.000000, 2, 18.737868, 26487.505490, 26487.505490
Z3, 36, 3, 720, 6872.000000, 0.153821, 44675.304412, 44912.000000, 1.000000, 2, 18.737868, 26799.691663, 26799.691663
Z3, 37, 3, 720, 6376.000000, 0.147449, 43242.070140, 43368.000000, 1.000000, 2, 18.737868, 26513.044808, 26513.044808
Z3, 38, 3, 720, 6872.000000, 0.172916, 39741.839969, 39952.000000, 1.000000, 2, 18.737868, 25812.998774, 25812.998774
Z1, 0, 4, 720, 7200.000000, 0.468292, 15375.022422, 15384.000000, 1.000000, 2, 27.308266, 28888.003258, 28888.003258
Z2, 0, 4, 720, 6624.000000, 0.487736, 13581.117654, 13600.000000, 1.000000, 2, 27.308266, 28529.222305, 28529.222305
Z2, 1, 4, 720, 6648.000000, 0.127149, 52285.114315, 52344.000000, 1.000000, 2, 27.308266, 36270.021637, 36270.021637
Z2, 2, 4, 720, 7296.000000, 0.170985, 42670.409685, 42912.000000, 1.000000, 2, 27.308266, 34347.080711, 34347.080711
Z2, 3, 4, 720, 17272.000000, 0.143218, 120599.366001, 120776.000000, 1.000000, 2, 27.308266, 49932.871974, 49932.871974
Z2, 4, 4, 720, 22592.000000, 0.165002, 136919.552490, 136920.000000, 1.000000, 2, 27.308266, 53196.909272, 53196.909272
Z2, 5, 4, 720, 17472.000000, 0.141743, 123265.346437, 123912.000000, 1.000000, 2, 27.308266, 50466.068061, 50466.068061
Z2, 6, 4, 720, 6424.000000, 0.163468, 39298.211271, 39408.000000, 1.000000, 2, 27.308266, 33672.641028, 33672.641028
Z2, 7, 4, 720, 6872.000000, 0.133264, 51566.814744, 51664.000000, 1.000000, 2, 27.308266, 36126.361723, 36126.361723
Z3, 0, 4, 720, 6448.000000, 0.470669, 13699.648798, 13712.000000, 1.000000, 2, 27.308266, 28552.928534, 28552.928534
Z3, 1, 4, 720, 7448.000000, 0.172509, 43174.559009, 43296.000000, 1.000000, 2, 27.308266, 34447.910576, 34447.910576
Z3, 2, 4, 720, 7424.000000, 0.155120, 47859.721506, 47896.000000, 1.000000, 2, 27.308266, 35384.943075, 35384.943075
Z3, 3, 4, 720, 6648.000000, 0.171768, 38703.367333, 38872.000000, 1.000000, 2, 27.308266, 33553.672241, 33553.672241
Z3, 4, 4, 720, 7224.000000, 0.138344, 52217.660325, 52344.000000, 1.000000, 2, 27.308266, 36256.530839, 36256.530839
Z3, 5, 4, 720, 7240.000000, 0.166479, 43488.968579, 43608.000000, 1.000000, 2, 27.308266, 34510.792490, 34510.792490
Z3, 6, 4, 720, 6648.000000, 0.126407, 52592.024176, 52760.000000, 1.000000, 2, 27.308266, 36331.403609, 36331.403609
Z3, 7, 4, 720, 7232.000000, 0.152933, 47288.681972, 47576.000000, 1.000000, 2, 27.308266, 35270.735168, 35270.735168
Z3, 8, 4, 720, 7296.000000, 0.133343, 54716.033088, 54856.000000, 1.000000, 2, 27.308266, 36756.205392, 36756.205392
Z3, 9, 4, 720, 16456.000000, 0.146906, 112017.208283, 112712.000000, 1.000000, 2, 27.308266, 48216.440431, 48216.440431
Z3, 10, 4, 720, 25392.000000, 0.149603, 169729.216660, 170416.000000, 1.000000, 2, 27.308266, 59758.842106, 59758.842106
Z3, 11, 4, 720, 21592.000000, 0.136387, 158314.208832, 158760.000000, 1.000000, 2, 27.308266, 57475.840540, 57475.840540
Z3, 12, 4, 720, 13528.000000, 0.163748, 82614.749493, 82992.000000, 1.000000, 2, 27.308266, 42335.948673, 42335.948673
Z3, 13, 4, 720, 29512.000000, 0.167348, 176351.076798, 176712.000000, 1.000000, 2, 27.308266, 61083.214134, 61083.214134
Z3, 14, 4, 720, 29688.000000, 0.167983, 176732.169327, 177768.000000, 1.000000, 2, 27.308266, 61159.432639, 61159.432639
Z3, 15, 4, 720, 16760.000000, 0.144834, 115718.684839, 116384.000000, 1.000000, 2, 27.308266, 48956.735742, 48956.735742
Z3, 16, 4, 720, 33128.000000, 0.160785, 206039.120565, 207048.000000, 1.000000, 2, 27.308266, 67020.822887, 67020.822887
Z3, 17, 4, 720, 26248.000000, 0.170455, 153987.856032, 154400.000000, 1.000000, 2, 27.308266, 56610.569981, 56610.569981
Z3, 18, 4, 720, 26240.000000, 0.157748, 166341.253138, 167128.000000, 1.000000, 2, 27.308266, 59081.249402, 59081.249402
Z3, 19, 4, 720, 14624.000000, 0.144280, 101358.469642, 101552.000000, 1.000000, 2, 27.308266, 46084.692703, 46084.692703
Z3, 20, 4, 720, 26816.000000, 0.168142, 159484.245459, 159616.000000, 1.000000, 2, 27.308266, 57709.847866, 57709.847866
Z3, 21, 4, 720, 23128.000000, 0.155918, 148334.380893, 149208.000000, 1.000000, 2, 27.308266, 55479.874953, 55479.874953
Z3, 22, 4, 720, 19440.000000, 0.153870, 126340.417235, 127056.000000, 1.000000, 2, 27.308266, 51081.082221, 51081.082221
Z3, 23, 4, 720, 29088.000000, 0.138358, 210237.210714, 210776.000000, 1.000000, 2, 27.308266, 67860.440917, 67860.440917
Z3, 24, 4, 720, 29840.000000, 0.145857, 204583.941806, 205792.000000, 1.000000, 2, 27.308266, 66729.787135, 66729.787135
Z3, 25, 4, 720, 17200.000000, 0.159277, 107987.970642, 108176.000000, 1.000000, 2, 27.308266, 47410.592903, 47410.592903
Z3, 26, 4, 720, 25664.000000, 0.141365, 181544.229477, 182008.000000, 1.000000, 2, 27.308266, 62121.844669, 62121.844669
Z3, 27, 4, 720, 26808.000000, 0.150570, 178043.434947, 178720.000000, 1.000000, 2, 27.308266, 61421.685763, 61421.685763
Z3, 28, 4, 720, 12720.000000, 0.159042, 79978.873505, 80000.000000, 1.000000, 2, 27.308266, 41808.773475, 41808.773475
Z3, 29, 4, 720, 11496.000000, 0.162239, 70858.424916, 70960.000000, 1.000000, 2, 27.308266, 39984.683757, 39984.683757
Z3, 30, 4, 720, 6448.000000, 0.163553, 39424.529052, 39552.000000, 1.000000, 2, 27.308266, 33697.904584, 33697.904584
Z3, 31, 4, 720, 7200.000000, 0.160897, 44749.125217, 45000.000000, 1.000000, 2, 27.308266, 34762.823817, 34762.823817
Z3, 32, 4, 720, 7520.000000, 0.149066, 50447.452806, 50464.000000, 1.000000, 2, 27.308266, 35902.489335, 35902.489335
Z3, 33, 4, 720, 6728.000000, 0.165551, 40640.044458, 40768.000000, 1.000000, 2, 27.308266, 33941.007666, 33941.007666
Z3, 34, 4, 720, 7224.000000, 0.155146, 46562.592655, 46600.000000, 1.000000, 2, 27.308266, 35125.517305, 35125.517305
Z3, 35, 4, 720, 7256.000000, 0.164977, 43981.888384, 44240.000000, 1.000000, 2, 27.308266, 34609.376451, 34609.376451
Z3, 36, 4, 720, 6544.000000, 0.154925, 42239.793448, 42488.000000, 1.000000, 2, 27.308266, 34260.957464, 34260.957464
Z3, 37, 4, 720, 12272.000000, 0.167855, 73110.720562, 73480.000000, 1.000000, 2, 27.308266, 40435.142887, 40435.142887
Z3, 38, 4, 720, 8544.000000, 0.141590, 60343.244579, 60592.000000, 1.000000, 2, 27.308266, 37881.647690, 37881.647690
Z1, 0, 5, 720, 20272.000000, 0.476712, 42524.627028, 42584.000000, 1.000000, 2, 35.672101, 46386.573096, 46386.573096
Z2, 0, 5, 720, 6624.000000, 1.456729, 4547.173839, 4544.000000, 1.000000, 2, 35.672101, 38791.082458, 38791.082458
Z2, 1, 5, 720, 7616.000000, 0.174318, 43690.267213, 43768.000000, 1.000000, 2, 35.672101, 46619.701132, 46619.701132
Z2, 2, 5, 720, 8792.000000, 0.145014, 60628.628960, 60632.000000, 1.000000, 2, 35.672101, 50007.373482, 50007.373482
Z2, 3, 5, 720, 8816.000000, 0.164806, 53493.198063, 53752.000000, 1.000000, 2, 35.672101, 48580.287303, 48580.287303
Z2, 4, 5, 720, 14976.000000, 0.163261, 91730.419390, 91872.000000, 1.000000, 2, 35.672101, 56227.731568, 56227.731568
Z2, 5, 5, 720, 25312.000000, 0.166322, 152186.722141, 152480.000000, 1.000000, 2, 35.672101, 68318.992118, 68318.992118
Z2, 6, 5, 720, 13208.000000, 0.172127, 76734.039401, 76784.000000, 1.000000, 2, 35.672101, 53228.455570, 53228.455570
Z2, 7, 5, 720, 16320.000000, 0.157055, 103912.642068, 103944.000000, 1.000000, 2, 35.672101, 58664.176104, 58664.176104
Z3, 0, 5, 720, 7712.000000, 0.647995, 11901.326399, 11912.000000, 1.000000, 2, 35.672101, 40261.912970, 40261.912970
Z3, 1, 5, 720, 9624.000000, 0.134465, 71572.528167, 71816.000000, 1.000000, 2, 35.672101, 52196.153323, 52196.153323
Z3, 2, 5, 720, 9096.000000, 0.173181, 52523.082786, 52576.000000, 1.000000, 2, 35.672101, 48386.264247, 48386.264247
Z3, 3, 5, 720, 7632.000000, 0.165790, 46034.139574, 46248.000000, 1.000000, 2, 35.672101, 47088.475605, 47088.475605
Z3, 4, 5, 720, 8304.000000, 0.135912, 61098.357761, 61504.000000, 1.000000, 2, 35.672101, 50101.319242, 50101.319242
Z3, 5, 5, 720, 8504.000000, 0.173322, 49064.746541, 49152.000000, 1.000000, 2, 35.672101, 47694.596998, 47694.596998
Z3, 6, 5, 720, 7384.000000, 0.142021, 51992.310996, 52000.000000, 1.000000, 2, 35.672101, 48280.109889, 48280.109889
Z3, 7, 5, 720, 8968.000000, 0.154560, 58022.774327, 58232.000000, 1.000000, 2, 35.672101, 49486.202555, 49486.202555
Z3, 8, 5, 720, 8912.000000, 0.141938, 62787.977849, 63200.000000, 1.000000, 2, 35.672101, 50439.243260, 50439.243260
Z3, 9, 5, 720, 16688.000000, 0.143387, 116384.330518, 116696.000000, 1.000000, 2, 35.672101, 61158.513794, 61158.513794
Z3, 10, 5, 720, 23832.000000, 0.172870, 137860.820270, 138552.000000, 1.000000, 2, 35.672101, 65453.811744, 65453.811744
Z3, 11, 5, 720, 21144.000000, 0.165899, 127451.039488, 128144.000000, 1.000000, 2, 35.672101, 63371.855588, 63371.855588
Z3, 12, 5, 720, 14272.000000, 0.155117, 92007.968179, 92072.000000, 1.000000, 2, 35.672101, 56283.241326, 56283.241326
Z3, 13, 5, 720, 27640.000000, 0.168293, 164237.371727, 164520.000000, 1.000000, 2, 35.672101, 70729.122035, 70729.122035
Z3, 14, 5, 720, 33288.000000, 0.136272, 244276.153575, 244760.000000, 1.000000, 2, 35.672101, 86736.878405, 86736.878405
Z3, 15, 5, 720, 17576.000000, 0.134100, 131066.368382, 131160.000000, 1.000000, 2, 35.672101, 64094.921366, 64094.921366
Z3, 16, 5, 720, 34872.000000, 0.174182, 200204.383920, 200408.000000, 1.000000, 2, 35.672101, 77922.524474, 77922.524474
Z3, 17, 5, 720, 27336.000000, 0.144430, 189268.157585, 189832.000000, 1.000000, 2, 35.672101, 75735.279207, 75735.279207
Z3, 18, 5, 720, 18312.000000, 0.147107, 124480.820083, 124568.000000, 1.000000, 2, 35.672101, 62777.811707, 62777.811707
Z3, 19, 5, 720, 41432.000000, 0.170511, 242987.255954, 243712.000000, 1.000000, 2, 35.672101, 86479.098881, 86479.098881
Z3, 20, 5, 720, 36760.000000, 0.151179, 243155.464714, 243440.000000, 1.000000, 2, 35.672101, 86512.740633, 86512.740633
Z3, 21, 5, 720, 21272.000000, 0.163292, 130269.700904, 130496.000000, 1.000000, 2, 35.672101, 63935.587871, 63935.587871
Z3, 22, 5, 720, 43464.000000, 0.164139, 264799.956135, 265024.000000, 1.000000, 2, 35.672101, 90841.638917, 90841.638917
Z3, 23, 5, 720, 42000.000000, 0.158826, 264440.330928, 265816.000000, 1.000000, 2, 35.672101, 90769.713876, 90769.713876
Z3, 24, 5, 720, 20304.000000, 0.167101, 121507.351841, 121576.000000, 1.000000, 2, 35.672101, 62183.118058, 62183.118058
Z3, 25, 5, 720, 32736.000000, 0.135088, 242330.925027, 242488.000000, 1.000000, 2, 35.672101, 86347.832695, 86347.832695
Z3, 26, 5, 720, 34608.000000, 0.173528, 199437.554746, 200040.000000, 1.000000, 2, 35.672101, 77769.158639, 77769.158639
Z3, 27, 5, 720, 21272.000000, 0.138280, 153832.803008, 154144.000000, 1.000000, 2, 35.672101, 68648.208292, 68648.208292
Z3, 28, 5, 720, 8752.000000, 0.154073, 56804.242145, 56824.000000, 1.000000, 2, 35.672101, 49242.496119, 49242.496119
Z3, 29, 5, 720, 12760.000000, 0.154645, 82511.558731, 82856.000000, 1.000000, 2, 35.672101, 54383.959436, 54383.959436
Z3, 30, 5, 720, 15440.000000, 0.129852, 118904.599082, 119688.000000, 1.000000, 2, 35.672101, 61662.567506, 61662.567506
Z3, 31, 5, 720, 10000.000000, 0.139820, 71520.526391, 71936.000000, 1.000000, 2, 35.672101, 52185.752968, 52185.752968
Z3, 32, 5, 720, 15200.000000, 0.157864, 96285.410227, 96808.000000, 1.000000, 2, 35.672101, 57138.729735, 57138.729735
Z3, 33, 5, 720, 18352.000000, 1.503027, 12210.026833, 12208.000000, 1.000000, 2, 35.672101, 40323.653056, 40323.653056
Z3, 34, 5, 720, 11224.000000, 0.165276, 67910.646434, 68024.000000, 1.000000, 2, 35.672101, 51463.776977, 51463.776977
Z3, 35, 5, 720, 23240.000000, 0.162188, 143290.502380, 143456.000000, 1.000000, 2, 35.672101, 66539.748166, 66539.748166
Z3, 36, 5, 720, 16824.000000, 0.142437, 118115.377325, 118472.000000, 1.000000, 2, 35.672101, 61504.723155, 61504.723155
Z3, 37, 5, 720, 9680.000000, 0.164300, 58916.615946, 59024.000000, 1.000000, 2, 35.672101, 49664.970879, 49664.970879
Z3, 38, 5, 720, 12888.000000, 0.145491, 88582.798936, 88880.000000, 1.000000, 2, 35.672101, 55598.207477, 55598.207477
