Zone, Tile_no, Seg_no, Reso, Seg_d_size, Seg_d_time, Bitrate, Bitrate1, Buf_lev, Buf_limit, Elapsed, Ref_vp, Local_avg
Z1, 0, 1, 720, 9960.000000, 0.494011, 20161.494380, 20160.000000, 1.000000, 2, 0.000067, 20161.494380, 20161.494380
Z2, 0, 1, 720, 8952.000000, 0.490636, 18245.705574, 18264.000000, 1.000000, 2, 0.000067, 9122.852787, 9122.852787
Z2, 1, 1, 720, 5424.000000, 0.161914, 33499.265042, 33688.000000, 1.000000, 2, 0.000067, 11166.421681, 11166.421681
Z2, 2, 1, 720, 7080.000000, 0.167923, 42162.181476, 42392.000000, 1.000000, 2, 0.000067, 10540.545369, 10540.545369
Z2, 3, 1, 720, 18976.000000, 0.147384, 128752.103349, 129088.000000, 1.000000, 2, 0.000067, 25750.420670, 25750.420670
Z2, 4, 1, 720, 8720.000000, 0.127639, 68317.677199, 68656.000000, 1.000000, 2, 0.000067, 13663.535440, 13663.535440
Z2, 5, 1, 720, 8336.000000, 0.166894, 49947.871104, 50216.000000, 1.000000, 2, 0.000067, 9989.574221, 9989.574221
Z2, 6, 1, 720, 6376.000000, 0.135498, 47056.045108, 47224.000000, 1.000000, 2, 0.000067, 9411.209022, 9411.209022
Z2, 7, 1, 720, 6872.000000, 0.150269, 45731.321830, 45808.000000, 1.000000, 2, 0.000067, 9146.264366, 9146.264366
Z3, 0, 1, 720, 7080.000000, 0.495085, 14300.574649, 14296.000000, 1.000000, 2, 0.000067, 2860.114930, 2860.114930
Z3, 1, 1, 720, 7080.000000, 0.127242, 55642.004998, 55744.000000, 1.000000, 2, 0.000067, 11128.401000, 11128.401000
Z3, 2, 1, 720, 5664.000000, 0.162088, 34943.981047, 34960.000000, 1.000000, 2, 0.000067, 6988.796209, 6988.796209
Z3, 3, 1, 720, 7080.000000, 0.148211, 47769.733690, 47832.000000, 1.000000, 2, 0.000067, 9553.946738, 9553.946738
Z3, 4, 1, 720, 7080.000000, 0.168417, 42038.511552, 42136.000000, 1.000000, 2, 0.000067, 8407.702310, 8407.702310
Z3, 5, 1, 720, 5664.000000, 0.164853, 34357.882477, 34536.000000, 1.000000, 2, 0.000067, 6871.576495, 6871.576495
Z3, 6, 1, 720, 7080.000000, 0.128703, 55010.372719, 55312.000000, 1.000000, 2, 0.000067, 11002.074544, 11002.074544
Z3, 7, 1, 720, 7080.000000, 0.160619, 44079.467560, 44248.000000, 1.000000, 2, 0.000067, 8815.893512, 8815.893512
Z3, 8, 1, 720, 5664.000000, 0.172692, 32798.276701, 32928.000000, 1.000000, 2, 0.000067, 6559.655340, 6559.655340
Z3, 9, 1, 720, 7080.000000, 0.129185, 54805.124434, 54880.000000, 1.000000, 2, 0.000067, 10961.024887, 10961.024887
Z3, 10, 1, 720, 12904.000000, 0.162992, 79169.529793, 79648.000000, 1.000000, 2, 0.000067, 15833.905959, 15833.905959
Z3, 11, 1, 720, 17344.000000, 0.136663, 126910.721995, 127528.000000, 1.000000, 2, 0.000067, 25382.144399, 25382.144399
Z3, 12, 1, 720, 16912.000000, 0.131940, 128179.475519, 129096.000000, 1.000000, 2, 0.000067, 25635.895104, 25635.895104
Z3, 13, 1, 720, 13240.000000, 0.151769, 87237.841720, 87680.000000, 1.000000, 2, 0.000067, 17447.568344, 17447.568344
Z3, 14, 1, 720, 28328.000000, 0.161356, 175562.111108, 175944.000000, 1.000000, 2, 0.000067, 35112.422222, 35112.422222
Z3, 15, 1, 720, 30528.000000, 0.153933, 198320.048333, 199528.000000, 1.000000, 2, 0.000067, 39664.009667, 39664.009667
Z3, 16, 1, 720, 16360.000000, 0.169239, 96668.025691, 96800.000000, 1.000000, 2, 0.000067, 19333.605138, 19333.605138
Z3, 17, 1, 720, 33216.000000, 0.150290, 221012.708763, 221440.000000, 1.000000, 2, 0.000067, 44202.541753, 44202.541753
Z3, 18, 1, 720, 28000.000000, 0.172475, 162342.368459, 162784.000000, 1.000000, 2, 0.000067, 32468.473692, 32468.473692
Z3, 19, 1, 720, 15744.000000, 0.132497, 118825.331894, 119272.000000, 1.000000, 2, 0.000067, 23765.066379, 23765.066379
Z3, 20, 1, 720, 16024.000000, 0.153115, 104653.365118, 104728.000000, 1.000000, 2, 0.000067, 20930.673024, 20930.673024
Z3, 21, 1, 720, 11576.000000, 0.130434, 88749.865833, 89040.000000, 1.000000, 2, 0.000067, 17749.973167, 17749.973167
Z3, 22, 1, 720, 10816.000000, 0.164464, 65765.152252, 65944.000000, 1.000000, 2, 0.000067, 13153.030450, 13153.030450
Z3, 23, 1, 720, 13224.000000, 0.154460, 85614.398550, 85864.000000, 1.000000, 2, 0.000067, 17122.879710, 17122.879710
Z3, 24, 1, 720, 17528.000000, 0.146670, 119506.374855, 120048.000000, 1.000000, 2, 0.000067, 23901.274971, 23901.274971
Z3, 25, 1, 720, 23824.000000, 0.154276, 154424.537841, 154696.000000, 1.000000, 2, 0.000067, 30884.907568, 30884.907568
Z3, 26, 1, 720, 11024.000000, 0.165552, 66589.349570, 66808.000000, 1.000000, 2, 0.000067, 13317.869914, 13317.869914
Z3, 27, 1, 720, 15112.000000, 0.168222, 89833.672171, 89952.000000, 1.000000, 2, 0.000067, 17966.734434, 17966.734434
Z3, 28, 1, 720, 24552.000000, 0.171286, 143339.210443, 143576.000000, 1.000000, 2, 0.000067, 28667.842089, 28667.842089
Z3, 29, 1, 720, 10824.000000, 0.141527, 76480.106269, 76760.000000, 1.000000, 2, 0.000067, 15296.021254, 15296.021254
Z3, 30, 1, 720, 6872.000000, 0.164845, 41687.645970, 41896.000000, 1.000000, 2, 0.000067, 8337.529194, 8337.529194
Z3, 31, 1, 720, 6872.000000, 0.155868, 44088.587779, 44328.000000, 1.000000, 2, 0.000067, 8817.717556, 8817.717556
Z3, 32, 1, 720, 6376.000000, 0.154022, 41396.683591, 41400.000000, 1.000000, 2, 0.000067, 8279.336718, 8279.336718
Z3, 33, 1, 720, 6872.000000, 0.148162, 46381.663314, 46432.000000, 1.000000, 2, 0.000067, 9276.332663, 9276.332663
Z3, 34, 1, 720, 6872.000000, 0.130559, 52635.207071, 52856.000000, 1.000000, 2, 0.000067, 10527.041414, 10527.041414
Z3, 35, 1, 720, 6376.000000, 0.151311, 42138.377250, 42224.000000, 1.000000, 2, 0.000067, 8427.675450, 8427.675450
Z3, 36, 1, 720, 6872.000000, 0.137655, 49921.906215, 50160.000000, 1.000000, 2, 0.000067, 9984.381243, 9984.381243
Z3, 37, 1, 720, 6872.000000, 0.139631, 49215.432103, 49432.000000, 1.000000, 2, 0.000067, 9843.086421, 9843.086421
Z3, 38, 1, 720, 6376.000000, 0.136358, 46759.266050, 46880.000000, 1.000000, 2, 0.000067, 9351.853210, 9351.853210
Z1, 0, 2, 720, 15344.000000, 0.465797, 32941.388631, 32992.000000, 1.000000, 2, 8.297693, 15940.130936, 15940.130936
Z2, 0, 2, 720, 6624.000000, 0.485149, 13653.537367, 13656.000000, 1.000000, 2, 8.297693, 12082.560683, 12082.560683
Z2, 1, 2, 720, 5664.000000, 0.154465, 36668.500955, 36776.000000, 1.000000, 2, 8.297693, 16685.553401, 16685.553401
Z2, 2, 2, 720, 7080.000000, 0.159810, 44302.609349, 44528.000000, 1.000000, 2, 8.297693, 18212.375080, 18212.375080
Z2, 3, 2, 720, 7080.000000, 0.128245, 55206.830676, 55312.000000, 1.000000, 2, 8.297693, 20393.219345, 20393.219345
Z2, 4, 2, 720, 12128.000000, 0.166761, 72726.836610, 73056.000000, 1.000000, 2, 8.297693, 23897.220532, 23897.220532
Z2, 5, 2, 720, 18392.000000, 0.135260, 135975.158953, 136232.000000, 1.000000, 2, 8.297693, 36546.885001, 36546.885001
Z2, 6, 2, 720, 10632.000000, 0.155792, 68244.839273, 68592.000000, 1.000000, 2, 8.297693, 23000.821065, 23000.821065
Z2, 7, 2, 720, 8048.000000, 0.171955, 46802.942630, 47064.000000, 1.000000, 2, 8.297693, 18712.441736, 18712.441736
Z3, 0, 2, 720, 5424.000000, 0.444263, 12208.984318, 12216.000000, 1.000000, 2, 8.297693, 11793.650074, 11793.650074
Z3, 1, 2, 720, 7080.000000, 0.161547, 43826.254898, 43968.000000, 1.000000, 2, 8.297693, 18117.104190, 18117.104190
Z3, 2, 2, 720, 7080.000000, 0.160205, 44193.377235, 44248.000000, 1.000000, 2, 8.297693, 18190.528657, 18190.528657
Z3, 3, 2, 720, 5664.000000, 0.141720, 39966.130398, 40168.000000, 1.000000, 2, 8.297693, 17345.079290, 17345.079290
Z3, 4, 2, 720, 7080.000000, 0.161742, 43773.416923, 43968.000000, 1.000000, 2, 8.297693, 18106.536595, 18106.536595
Z3, 5, 2, 720, 7080.000000, 0.152808, 46332.652741, 46576.000000, 1.000000, 2, 8.297693, 18618.383758, 18618.383758
Z3, 6, 2, 720, 5664.000000, 0.167626, 33789.507594, 33912.000000, 1.000000, 2, 8.297693, 16109.754729, 16109.754729
Z3, 7, 2, 720, 7080.000000, 0.170086, 41626.000964, 41640.000000, 1.000000, 2, 8.297693, 17677.053403, 17677.053403
Z3, 8, 2, 720, 7080.000000, 0.143652, 49285.773954, 49504.000000, 1.000000, 2, 8.297693, 19209.008001, 19209.008001
Z3, 9, 2, 720, 12648.000000, 0.162058, 78046.131632, 78072.000000, 1.000000, 2, 8.297693, 24961.079536, 24961.079536
Z3, 10, 2, 720, 17112.000000, 0.129888, 131744.271988, 132648.000000, 1.000000, 2, 8.297693, 35700.707608, 35700.707608
Z3, 11, 2, 720, 15320.000000, 0.134064, 114273.779687, 114328.000000, 1.000000, 2, 8.297693, 32206.609147, 32206.609147
Z3, 12, 2, 720, 10704.000000, 0.135805, 78818.894739, 79288.000000, 1.000000, 2, 8.297693, 25115.632158, 25115.632158
Z3, 13, 2, 720, 18776.000000, 0.152555, 123076.923077, 123520.000000, 1.000000, 2, 8.297693, 33967.237825, 33967.237825
Z3, 14, 2, 720, 21848.000000, 0.173493, 125930.152802, 126288.000000, 1.000000, 2, 8.297693, 34537.883770, 34537.883770
Z3, 15, 2, 720, 12752.000000, 0.148269, 86005.840735, 86160.000000, 1.000000, 2, 8.297693, 26553.021357, 26553.021357
Z3, 16, 2, 720, 21856.000000, 0.167803, 130247.969345, 130872.000000, 1.000000, 2, 8.297693, 35401.447079, 35401.447079
Z3, 17, 2, 720, 16880.000000, 0.168020, 100464.230449, 100472.000000, 1.000000, 2, 8.297693, 29444.699300, 29444.699300
Z3, 18, 2, 720, 9160.000000, 0.145604, 62910.359606, 63168.000000, 1.000000, 2, 8.297693, 21933.925131, 21933.925131
Z3, 19, 2, 720, 11592.000000, 0.154478, 75039.811494, 75272.000000, 1.000000, 2, 8.297693, 24359.815509, 24359.815509
Z3, 20, 2, 720, 9952.000000, 0.126330, 78777.804164, 78984.000000, 1.000000, 2, 8.297693, 25107.414043, 25107.414043
Z3, 21, 2, 720, 11064.000000, 0.162312, 68165.015526, 68296.000000, 1.000000, 2, 8.297693, 22984.856315, 22984.856315
Z3, 22, 2, 720, 14728.000000, 0.126065, 116828.620156, 116888.000000, 1.000000, 2, 8.297693, 32717.577241, 32717.577241
Z3, 23, 2, 720, 16264.000000, 0.129887, 125216.534372, 126072.000000, 1.000000, 2, 8.297693, 34395.160084, 34395.160084
Z3, 24, 2, 720, 9504.000000, 0.134134, 70854.518616, 70920.000000, 1.000000, 2, 8.297693, 23522.756933, 23522.756933
Z3, 25, 2, 720, 12688.000000, 0.160046, 79277.207803, 79296.000000, 1.000000, 2, 8.297693, 25207.294770, 25207.294770
Z3, 26, 2, 720, 17320.000000, 0.135694, 127640.131472, 128296.000000, 1.000000, 2, 8.297693, 34879.879504, 34879.879504
Z3, 27, 2, 720, 9320.000000, 0.167028, 55799.027708, 55808.000000, 1.000000, 2, 8.297693, 20511.658752, 20511.658752
Z3, 28, 2, 720, 6376.000000, 0.142799, 44650.172620, 44896.000000, 1.000000, 2, 8.297693, 18281.887734, 18281.887734
Z3, 29, 2, 720, 6872.000000, 0.167323, 41070.265295, 41144.000000, 1.000000, 2, 8.297693, 17565.906269, 17565.906269
Z3, 30, 2, 720, 6872.000000, 0.141140, 48689.244722, 48736.000000, 1.000000, 2, 8.297693, 19089.702154, 19089.702154
Z3, 31, 2, 720, 6376.000000, 0.144857, 44015.822501, 44272.000000, 1.000000, 2, 8.297693, 18155.017710, 18155.017710
Z3, 32, 2, 720, 6872.000000, 0.137406, 50012.372094, 50160.000000, 1.000000, 2, 8.297693, 19354.327629, 19354.327629
Z3, 33, 2, 720, 6872.000000, 0.159205, 43164.473478, 43216.000000, 1.000000, 2, 8.297693, 17984.747905, 17984.747905
Z3, 34, 2, 720, 6376.000000, 0.156832, 40654.968374, 40864.000000, 1.000000, 2, 8.297693, 17482.846885, 17482.846885
Z3, 35, 2, 720, 6872.000000, 0.165762, 41457.028752, 41648.000000, 1.000000, 2, 8.297693, 17643.258960, 17643.258960
Z3, 36, 2, 720, 6872.000000, 0.143794, 47790.589315, 48048.000000, 1.000000, 2, 8.297693, 18909.971073, 18909.971073
Z3, 37, 2, 720, 6376.000000, 0.147645, 43184.665922, 43368.000000, 1.000000, 2, 8.297693, 17988.786394, 17988.786394
Z3, 38, 2, 720, 6872.000000, 0.165816, 41443.527766, 41648.000000, 1.000000, 2, 8.297693, 17640.558763, 17640.558763
Z1, 0, 3, 720, 7080.000000, 0.498047, 14215.525844, 14216.000000, 1.000000, 2, 16.517762, 20483.663932, 20483.663932
Z2, 0, 3, 720, 6624.000000, 0.489556, 13530.627752, 13544.000000, 1.000000, 2, 16.517762, 20346.684314, 20346.684314
Z2, 1, 3, 720, 5664.000000, 0.132647, 42699.797206, 42904.000000, 1.000000, 2, 16.517762, 26180.518204, 26180.518204
Z2, 2, 3, 720, 7080.000000, 0.130074, 54430.554915, 54456.000000, 1.000000, 2, 16.517762, 28526.669746, 28526.669746
Z2, 3, 3, 720, 12544.000000, 0.151224, 82949.796329, 83072.000000, 1.000000, 2, 16.517762, 34230.518029, 34230.518029
Z2, 4, 3, 720, 15304.000000, 0.154684, 98937.188074, 99376.000000, 1.000000, 2, 16.517762, 37427.996378, 37427.996378
Z2, 5, 3, 720, 9896.000000, 0.170047, 58195.675313, 58208.000000, 1.000000, 2, 16.517762, 29279.693826, 29279.693826
Z2, 6, 3, 720, 6376.000000, 0.146700, 43462.849352, 43664.000000, 1.000000, 2, 16.517762, 26333.128634, 26333.128634
Z2, 7, 3, 720, 6872.000000, 0.133762, 51374.829922, 51664.000000, 1.000000, 2, 16.517762, 27915.524747, 27915.524747
Z3, 0, 3, 720, 5424.000000, 0.502925, 10784.908287, 10800.000000, 1.000000, 2, 16.517762, 19797.540420, 19797.540420
Z3, 1, 3, 720, 7080.000000, 0.126802, 55835.081466, 56184.000000, 1.000000, 2, 16.517762, 28807.575056, 28807.575056
Z3, 2, 3, 720, 7080.000000, 0.166917, 42416.290731, 42648.000000, 1.000000, 2, 16.517762, 26123.816909, 26123.816909
Z3, 3, 3, 720, 5664.000000, 0.162190, 34922.005056, 34960.000000, 1.000000, 2, 16.517762, 24624.959774, 24624.959774
Z3, 4, 3, 720, 7080.000000, 0.151977, 46585.996565, 46880.000000, 1.000000, 2, 16.517762, 26957.758076, 26957.758076
Z3, 5, 3, 720, 7080.000000, 0.149347, 47406.375756, 47512.000000, 1.000000, 2, 16.517762, 27121.833914, 27121.833914
Z3, 6, 3, 720, 5664.000000, 0.165956, 34129.528309, 34320.000000, 1.000000, 2, 16.517762, 24466.464425, 24466.464425
Z3, 7, 3, 720, 7080.000000, 0.163265, 43365.081310, 43432.000000, 1.000000, 2, 16.517762, 26313.575025, 26313.575025
Z3, 8, 3, 720, 7080.000000, 0.173598, 40783.879999, 40920.000000, 1.000000, 2, 16.517762, 25797.334763, 25797.334763
Z3, 9, 3, 720, 14120.000000, 0.164152, 86017.837127, 86096.000000, 1.000000, 2, 16.517762, 34844.126188, 34844.126188
Z3, 10, 3, 720, 17536.000000, 0.143555, 122155.271499, 122624.000000, 1.000000, 2, 16.517762, 42071.613063, 42071.613063
Z3, 11, 3, 720, 16008.000000, 0.129795, 123332.948110, 124088.000000, 1.000000, 2, 16.517762, 42307.148385, 42307.148385
Z3, 12, 3, 720, 10896.000000, 0.161075, 67645.506752, 67672.000000, 1.000000, 2, 16.517762, 31169.660113, 31169.660113
Z3, 13, 3, 720, 19720.000000, 0.126343, 156083.043778, 156504.000000, 1.000000, 2, 16.517762, 48857.167519, 48857.167519
Z3, 14, 3, 720, 20104.000000, 0.129939, 154718.752645, 155840.000000, 1.000000, 2, 16.517762, 48584.309292, 48584.309292
Z3, 15, 3, 720, 12504.000000, 0.169482, 73777.746309, 73984.000000, 1.000000, 2, 16.517762, 32396.108025, 32396.108025
Z3, 16, 3, 720, 23072.000000, 0.162825, 141698.142177, 142416.000000, 1.000000, 2, 16.517762, 45980.187199, 45980.187199
Z3, 17, 3, 720, 18112.000000, 0.130593, 138690.435169, 139320.000000, 1.000000, 2, 16.517762, 45378.645797, 45378.645797
Z3, 18, 3, 720, 18632.000000, 0.159552, 116776.975531, 117176.000000, 1.000000, 2, 16.517762, 40995.953869, 40995.953869
Z3, 19, 3, 720, 9664.000000, 0.134651, 71770.725802, 72112.000000, 1.000000, 2, 16.517762, 31994.703924, 31994.703924
Z3, 20, 3, 720, 12280.000000, 0.157139, 78147.372708, 78216.000000, 1.000000, 2, 16.517762, 33270.033305, 33270.033305
Z3, 21, 3, 720, 10368.000000, 0.134154, 77284.315041, 77368.000000, 1.000000, 2, 16.517762, 33097.421771, 33097.421771
Z3, 22, 3, 720, 10520.000000, 0.163505, 64340.540045, 64536.000000, 1.000000, 2, 16.517762, 30508.666772, 30508.666772
Z3, 23, 3, 720, 15288.000000, 0.165826, 92193.021601, 92648.000000, 1.000000, 2, 16.517762, 36079.163083, 36079.163083
Z3, 24, 3, 720, 16344.000000, 0.162288, 100709.849157, 100888.000000, 1.000000, 2, 16.517762, 37782.528594, 37782.528594
Z3, 25, 3, 720, 9016.000000, 0.142741, 63163.351805, 63488.000000, 1.000000, 2, 16.517762, 30273.229124, 30273.229124
Z3, 26, 3, 720, 13800.000000, 0.158637, 86991.055050, 87336.000000, 1.000000, 2, 16.517762, 35038.769773, 35038.769773
Z3, 27, 3, 720, 17664.000000, 0.168025, 105127.213212, 105136.000000, 1.000000, 2, 16.517762, 38666.001406, 38666.001406
Z3, 28, 3, 720, 10240.000000, 0.161855, 63266.503970, 63600.000000, 1.000000, 2, 16.517762, 30293.859557, 30293.859557
Z3, 29, 3, 720, 8424.000000, 0.146135, 57645.327950, 57696.000000, 1.000000, 2, 16.517762, 29169.624353, 29169.624353
Z3, 30, 3, 720, 6376.000000, 0.126402, 50442.239838, 50600.000000, 1.000000, 2, 16.517762, 27729.006731, 27729.006731
Z3, 31, 3, 720, 6872.000000, 0.149262, 46039.849392, 46120.000000, 1.000000, 2, 16.517762, 26848.528642, 26848.528642
Z3, 32, 3, 720, 6872.000000, 0.168739, 40725.617670, 40904.000000, 1.000000, 2, 16.517762, 25785.682297, 25785.682297
Z3, 33, 3, 720, 6376.000000, 0.154103, 41374.924563, 41400.000000, 1.000000, 2, 16.517762, 25915.543676, 25915.543676
Z3, 34, 3, 720, 6872.000000, 0.147236, 46673.367926, 46744.000000, 1.000000, 2, 16.517762, 26975.232348, 26975.232348
Z3, 35, 3, 720, 6872.000000, 0.147217, 46679.391646, 46744.000000, 1.000000, 2, 16.517762, 26976.437092, 26976.437092
Z3, 36, 3, 720, 6376.000000, 0.157495, 40483.824883, 40608.000000, 1.000000, 2, 16.517762, 25737.323740, 25737.323740
Z3, 37, 3, 720, 6872.000000, 0.153073, 44893.612851, 44912.000000, 1.000000, 2, 16.517762, 26619.281333, 26619.281333
Z3, 38, 3, 720, 6872.000000, 0.145218, 47321.957333, 47392.000000, 1.000000, 2, 16.517762, 27104.950230, 27104.950230
Z1, 0, 4, 720, 7200.000000, 0.514012, 14007.455079, 14000.000000, 1.000000, 2, 24.815591, 29906.441245, 29906.441245
Z2, 0, 4, 720, 6624.000000, 0.515580, 12847.666705, 12856.000000, 1.000000, 2, 24.815591, 29674.483571, 29674.483571
Z2, 1, 4, 720, 6648.000000, 0.128935, 51560.864001, 51936.000000, 1.000000, 2, 24.815591, 37417.123030, 37417.123030
Z2, 2, 4, 720, 7296.000000, 0.144582, 50462.713201, 50664.000000, 1.000000, 2, 24.815591, 37197.492870, 37197.492870
Z2, 3, 4, 720, 17272.000000, 0.138199, 124979.196666, 125152.000000, 1.000000, 2, 24.815591, 52100.789563, 52100.789563
Z2, 4, 4, 720, 22592.000000, 0.166753, 135481.820417, 136096.000000, 1.000000, 2, 24.815591, 54201.314313, 54201.314313
Z2, 5, 4, 720, 17472.000000, 0.163882, 106613.294932, 107184.000000, 1.000000, 2, 24.815591, 48427.609216, 48427.609216
Z2, 6, 4, 720, 6424.000000, 0.159842, 40189.687316, 40400.000000, 1.000000, 2, 24.815591, 35142.887693, 35142.887693
Z2, 7, 4, 720, 6872.000000, 0.162129, 42386.001271, 42416.000000, 1.000000, 2, 24.815591, 35582.150484, 35582.150484
Z3, 0, 4, 720, 6448.000000, 0.450109, 14325.418954, 14328.000000, 1.000000, 2, 24.815591, 29970.034021, 29970.034021
Z3, 1, 4, 720, 7448.000000, 0.163484, 45557.975092, 45688.000000, 1.000000, 2, 24.815591, 36216.545248, 36216.545248
Z3, 2, 4, 720, 7424.000000, 0.173064, 42897.425230, 42912.000000, 1.000000, 2, 24.815591, 35684.435276, 35684.435276
Z3, 3, 4, 720, 6648.000000, 0.163866, 40569.733807, 40784.000000, 1.000000, 2, 24.815591, 35218.896991, 35218.896991
Z3, 4, 4, 720, 7224.000000, 0.158443, 45593.683533, 45720.000000, 1.000000, 2, 24.815591, 36223.686936, 36223.686936
Z3, 5, 4, 720, 7240.000000, 0.130103, 55648.217182, 55688.000000, 1.000000, 2, 24.815591, 38234.593666, 38234.593666
Z3, 6, 4, 720, 6648.000000, 0.132184, 50293.530231, 50360.000000, 1.000000, 2, 24.815591, 37163.656276, 37163.656276
Z3, 7, 4, 720, 7232.000000, 0.175596, 41185.448416, 41320.000000, 1.000000, 2, 24.815591, 35342.039913, 35342.039913
Z3, 8, 4, 720, 7296.000000, 0.132212, 55184.098266, 55272.000000, 1.000000, 2, 24.815591, 38141.769883, 38141.769883
Z3, 9, 4, 720, 16456.000000, 0.126510, 130076.673781, 130600.000000, 1.000000, 2, 24.815591, 53120.284986, 53120.284986
Z3, 10, 4, 720, 25392.000000, 0.138592, 183214.038328, 184000.000000, 1.000000, 2, 24.815591, 63747.757895, 63747.757895
Z3, 11, 4, 720, 21592.000000, 0.140257, 153945.970611, 154224.000000, 1.000000, 2, 24.815591, 57894.144352, 57894.144352
Z3, 12, 4, 720, 13528.000000, 0.130569, 103608.053979, 104056.000000, 1.000000, 2, 24.815591, 47826.561026, 47826.561026
Z3, 13, 4, 720, 29512.000000, 0.150463, 196141.244027, 196744.000000, 1.000000, 2, 24.815591, 66333.199035, 66333.199035
Z3, 14, 4, 720, 29688.000000, 0.171645, 172961.635935, 173608.000000, 1.000000, 2, 24.815591, 61697.277417, 61697.277417
Z3, 15, 4, 720, 16760.000000, 0.154639, 108381.456166, 108824.000000, 1.000000, 2, 24.815591, 48781.241463, 48781.241463
Z3, 16, 4, 720, 33128.000000, 0.173664, 190759.167127, 191488.000000, 1.000000, 2, 24.815591, 65256.783655, 65256.783655
Z3, 17, 4, 720, 26248.000000, 0.167827, 156399.149124, 157168.000000, 1.000000, 2, 24.815591, 58384.780054, 58384.780054
Z3, 18, 4, 720, 26240.000000, 0.147152, 178319.017071, 178496.000000, 1.000000, 2, 24.815591, 62768.753644, 62768.753644
Z3, 19, 4, 720, 14624.000000, 0.172854, 84603.191132, 85016.000000, 1.000000, 2, 24.815591, 44025.588456, 44025.588456
Z3, 20, 4, 720, 26816.000000, 0.165217, 162307.752834, 162520.000000, 1.000000, 2, 24.815591, 59566.500797, 59566.500797
Z3, 21, 4, 720, 23128.000000, 0.157645, 146709.378667, 147312.000000, 1.000000, 2, 24.815591, 56446.825963, 56446.825963
Z3, 22, 4, 720, 19440.000000, 0.147074, 132178.359193, 132240.000000, 1.000000, 2, 24.815591, 53540.622068, 53540.622068
Z3, 23, 4, 720, 29088.000000, 0.149428, 194662.312284, 195216.000000, 1.000000, 2, 24.815591, 66037.412687, 66037.412687
Z3, 24, 4, 720, 29840.000000, 0.170048, 175479.864509, 175528.000000, 1.000000, 2, 24.815591, 62200.923131, 62200.923131
Z3, 25, 4, 720, 17200.000000, 0.152113, 113073.833269, 113152.000000, 1.000000, 2, 24.815591, 49719.716883, 49719.716883
Z3, 26, 4, 720, 25664.000000, 0.167646, 153084.475621, 153672.000000, 1.000000, 2, 24.815591, 57721.845354, 57721.845354
Z3, 27, 4, 720, 26808.000000, 0.156281, 171537.167026, 171840.000000, 1.000000, 2, 24.815591, 61412.383635, 61412.383635
Z3, 28, 4, 720, 12720.000000, 0.134794, 94366.218081, 94920.000000, 1.000000, 2, 24.815591, 45978.193846, 45978.193846
Z3, 29, 4, 720, 11496.000000, 0.168788, 68109.107283, 68424.000000, 1.000000, 2, 24.815591, 40726.771686, 40726.771686
Z3, 30, 4, 720, 6448.000000, 0.173139, 37241.753735, 37264.000000, 1.000000, 2, 24.815591, 34553.300977, 34553.300977
Z3, 31, 4, 720, 7200.000000, 0.158340, 45471.769610, 45568.000000, 1.000000, 2, 24.815591, 36199.304152, 36199.304152
Z3, 32, 4, 720, 7520.000000, 0.141499, 53145.251910, 53328.000000, 1.000000, 2, 24.815591, 37734.000612, 37734.000612
Z3, 33, 4, 720, 6728.000000, 0.142802, 47114.186076, 47376.000000, 1.000000, 2, 24.815591, 36527.787445, 36527.787445
Z3, 34, 4, 720, 7224.000000, 0.165897, 43545.091231, 43776.000000, 1.000000, 2, 24.815591, 35813.968476, 35813.968476
Z3, 35, 4, 720, 7256.000000, 0.148808, 48760.819311, 49024.000000, 1.000000, 2, 24.815591, 36857.114092, 36857.114092
Z3, 36, 4, 720, 6544.000000, 0.170670, 38343.001113, 38488.000000, 1.000000, 2, 24.815591, 34773.550452, 34773.550452
Z3, 37, 4, 720, 12272.000000, 0.134658, 91134.577968, 91576.000000, 1.000000, 2, 24.815591, 45331.865823, 45331.865823
Z3, 38, 4, 720, 8544.000000, 0.141656, 60315.129610, 60592.000000, 1.000000, 2, 24.815591, 39167.976152, 39167.976152
Z1, 0, 5, 720, 20272.000000, 0.466839, 43423.964150, 43496.000000, 1.000000, 2, 33.216962, 47852.768982, 47852.768982
Z2, 0, 5, 720, 6624.000000, 0.480678, 13780.534994, 13800.000000, 1.000000, 2, 33.216962, 41924.083151, 41924.083151
Z2, 1, 5, 720, 7616.000000, 0.158913, 47925.594508, 48200.000000, 1.000000, 2, 33.216962, 48753.095053, 48753.095053
Z2, 2, 5, 720, 8792.000000, 0.171342, 51312.579519, 51408.000000, 1.000000, 2, 33.216962, 49430.492056, 49430.492056
Z2, 3, 5, 720, 8816.000000, 0.153889, 57288.045279, 57616.000000, 1.000000, 2, 33.216962, 50625.585208, 50625.585208
Z2, 4, 5, 720, 14976.000000, 0.159578, 93847.522841, 94184.000000, 1.000000, 2, 33.216962, 57937.480720, 57937.480720
Z2, 5, 5, 720, 25312.000000, 0.143254, 176693.146439, 177000.000000, 1.000000, 2, 33.216962, 74506.605439, 74506.605439
Z2, 6, 5, 720, 13208.000000, 0.131583, 100377.708367, 100824.000000, 1.000000, 2, 33.216962, 59243.517825, 59243.517825
Z2, 7, 5, 720, 16320.000000, 0.128717, 126789.779128, 127496.000000, 1.000000, 2, 33.216962, 64525.931977, 64525.931977
Z3, 0, 5, 720, 7712.000000, 0.513552, 15016.979780, 15032.000000, 1.000000, 2, 33.216962, 42171.372108, 42171.372108
Z3, 1, 5, 720, 9624.000000, 0.162473, 59234.457418, 59400.000000, 1.000000, 2, 33.216962, 51014.867635, 51014.867635
Z3, 2, 5, 720, 9096.000000, 0.129228, 70387.222583, 70504.000000, 1.000000, 2, 33.216962, 53245.420668, 53245.420668
Z3, 3, 5, 720, 7632.000000, 0.138978, 54915.166429, 55304.000000, 1.000000, 2, 33.216962, 50151.009437, 50151.009437
Z3, 4, 5, 720, 8304.000000, 0.165208, 50263.909738, 50320.000000, 1.000000, 2, 33.216962, 49220.758099, 49220.758099
Z3, 5, 5, 720, 8504.000000, 0.131855, 64495.089303, 64912.000000, 1.000000, 2, 33.216962, 52066.994012, 52066.994012
Z3, 6, 5, 720, 7384.000000, 0.147743, 49978.679193, 50224.000000, 1.000000, 2, 33.216962, 49163.711990, 49163.711990
Z3, 7, 5, 720, 8968.000000, 0.135175, 66343.628630, 66424.000000, 1.000000, 2, 33.216962, 52436.701878, 52436.701878
Z3, 8, 5, 720, 8912.000000, 0.129721, 68701.289691, 69080.000000, 1.000000, 2, 33.216962, 52908.234090, 52908.234090
Z3, 9, 5, 720, 16688.000000, 0.162068, 102969.124071, 103008.000000, 1.000000, 2, 33.216962, 59761.800966, 59761.800966
Z3, 10, 5, 720, 23832.000000, 0.134240, 177532.777116, 177848.000000, 1.000000, 2, 33.216962, 74674.531575, 74674.531575
Z3, 11, 5, 720, 21144.000000, 0.149607, 141330.285348, 141904.000000, 1.000000, 2, 33.216962, 67434.033221, 67434.033221
Z3, 12, 5, 720, 14272.000000, 0.136233, 104761.695037, 104936.000000, 1.000000, 2, 33.216962, 60120.315159, 60120.315159
Z3, 13, 5, 720, 27640.000000, 0.162724, 169858.164745, 170616.000000, 1.000000, 2, 33.216962, 73139.609101, 73139.609101
Z3, 14, 5, 720, 33288.000000, 0.150867, 220644.673786, 221920.000000, 1.000000, 2, 33.216962, 83296.910909, 83296.910909
Z3, 15, 5, 720, 17576.000000, 0.132509, 132640.047091, 133144.000000, 1.000000, 2, 33.216962, 65695.985570, 65695.985570
Z3, 16, 5, 720, 34872.000000, 0.175810, 198350.492008, 199264.000000, 1.000000, 2, 33.216962, 78838.074553, 78838.074553
Z3, 17, 5, 720, 27336.000000, 0.167438, 163260.430727, 163688.000000, 1.000000, 2, 33.216962, 71820.062297, 71820.062297
Z3, 18, 5, 720, 18312.000000, 0.137025, 133639.846743, 133664.000000, 1.000000, 2, 33.216962, 65895.945500, 65895.945500
Z3, 19, 5, 720, 41432.000000, 0.153213, 270420.917285, 270792.000000, 1.000000, 2, 33.216962, 93252.159609, 93252.159609
Z3, 20, 5, 720, 36760.000000, 0.162986, 225540.843999, 226912.000000, 1.000000, 2, 33.216962, 84276.144951, 84276.144951
Z3, 21, 5, 720, 21272.000000, 0.174905, 121620.308167, 122248.000000, 1.000000, 2, 33.216962, 63492.037785, 63492.037785
Z3, 22, 5, 720, 43464.000000, 0.164823, 263701.061138, 265024.000000, 1.000000, 2, 33.216962, 91908.188379, 91908.188379
Z3, 23, 5, 720, 42000.000000, 0.172663, 243248.408750, 244184.000000, 1.000000, 2, 33.216962, 87817.657902, 87817.657902
Z3, 24, 5, 720, 20304.000000, 0.171319, 118515.751318, 118736.000000, 1.000000, 2, 33.216962, 62871.126415, 62871.126415
Z3, 25, 5, 720, 32736.000000, 0.142081, 230403.783757, 230528.000000, 1.000000, 2, 33.216962, 85248.732903, 85248.732903
Z3, 26, 5, 720, 34608.000000, 0.160479, 215654.384686, 216296.000000, 1.000000, 2, 33.216962, 82298.853089, 82298.853089
Z3, 27, 5, 720, 21272.000000, 0.149123, 142647.344809, 142760.000000, 1.000000, 2, 33.216962, 67697.445114, 67697.445114
Z3, 28, 5, 720, 8752.000000, 0.148722, 58848.052070, 59128.000000, 1.000000, 2, 33.216962, 50937.586566, 50937.586566
Z3, 29, 5, 720, 12760.000000, 0.129664, 98408.193485, 98912.000000, 1.000000, 2, 33.216962, 58849.614849, 58849.614849
Z3, 30, 5, 720, 15440.000000, 0.142730, 108176.276886, 108728.000000, 1.000000, 2, 33.216962, 60803.231529, 60803.231529
Z3, 31, 5, 720, 10000.000000, 0.175235, 57066.225355, 57136.000000, 1.000000, 2, 33.216962, 50581.221223, 50581.221223
Z3, 32, 5, 720, 15200.000000, 0.135020, 112575.914679, 112592.000000, 1.000000, 2, 33.216962, 61683.159088, 61683.159088
Z3, 33, 5, 720, 18352.000000, 0.145858, 125821.003990, 126560.000000, 1.000000, 2, 33.216962, 64332.176950, 64332.176950
Z3, 34, 5, 720, 11224.000000, 0.147629, 76028.422600, 76352.000000, 1.000000, 2, 33.216962, 54373.660672, 54373.660672
Z3, 35, 5, 720, 23240.000000, 0.171439, 135558.420196, 135904.000000, 1.000000, 2, 33.216962, 66279.660191, 66279.660191
Z3, 36, 5, 720, 16824.000000, 0.133135, 126367.972359, 126496.000000, 1.000000, 2, 33.216962, 64441.570623, 64441.570623
Z3, 37, 5, 720, 9680.000000, 0.126379, 76595.003917, 76824.000000, 1.000000, 2, 33.216962, 54486.976935, 54486.976935
Z3, 38, 5, 720, 12888.000000, 0.168820, 76341.665679, 76712.000000, 1.000000, 2, 33.216962, 54436.309288, 54436.309288
