Zone, Tile_no, Seg_no, Reso, Seg_d_size, Seg_d_time, Bitrate, Bitrate1, Buf_lev, Buf_limit, Elapsed, Ref_vp, Local_avg
Z1, 0, 1, 720, 9960.000000, 0.213170, 46723.272506, 46760.000000, 1.000000, 2, 0.000062, 46723.272506, 46723.272506
Z2, 0, 1, 720, 8952.000000, 0.185580, 48237.956676, 48384.000000, 1.000000, 2, 0.000062, 24118.978338, 24118.978338
Z2, 1, 1, 720, 5424.000000, 0.053630, 101137.423084, 102336.000000, 1.000000, 2, 0.000062, 33712.474361, 33712.474361
Z2, 2, 1, 720, 7080.000000, 0.031450, 225119.236884, 228384.000000, 1.000000, 2, 0.000062, 56279.809221, 56279.809221
Z2, 3, 1, 720, 18976.000000, 0.033891, 559912.661178, 575024.000000, 1.000000, 2, 0.000062, 111982.532236, 111982.532236
Z2, 4, 1, 720, 8720.000000, 0.044177, 197387.780972, 198176.000000, 1.000000, 2, 0.000062, 39477.556194, 39477.556194
Z2, 5, 1, 720, 8336.000000, 0.049095, 169793.257969, 170120.000000, 1.000000, 2, 0.000062, 33958.651594, 33958.651594
Z2, 6, 1, 720, 6376.000000, 0.045376, 140514.809591, 141688.000000, 1.000000, 2, 0.000062, 28102.961918, 28102.961918
Z2, 7, 1, 720, 6872.000000, 0.055215, 124458.933261, 124944.000000, 1.000000, 2, 0.000062, 24891.786652, 24891.786652
Z3, 0, 1, 720, 7080.000000, 0.202265, 35003.584407, 35048.000000, 1.000000, 2, 0.000062, 7000.716881, 7000.716881
Z3, 1, 1, 720, 7080.000000, 0.026154, 270704.289975, 272304.000000, 1.000000, 2, 0.000062, 54140.857995, 54140.857995
Z3, 2, 1, 720, 5664.000000, 0.053710, 105455.222491, 106864.000000, 1.000000, 2, 0.000062, 21091.044498, 21091.044498
Z3, 3, 1, 720, 7080.000000, 0.059691, 118610.845856, 120000.000000, 1.000000, 2, 0.000062, 23722.169171, 23722.169171
Z3, 4, 1, 720, 7080.000000, 0.028232, 250779.257580, 252856.000000, 1.000000, 2, 0.000062, 50155.851516, 50155.851516
Z3, 5, 1, 720, 5664.000000, 0.036863, 153650.001356, 157328.000000, 1.000000, 2, 0.000062, 30730.000271, 30730.000271
Z3, 6, 1, 720, 7080.000000, 0.049709, 142428.936410, 144488.000000, 1.000000, 2, 0.000062, 28485.787282, 28485.787282
Z3, 7, 1, 720, 7080.000000, 0.063618, 111289.257757, 112376.000000, 1.000000, 2, 0.000062, 22257.851551, 22257.851551
Z3, 8, 1, 720, 5664.000000, 0.063794, 88785.779227, 89904.000000, 1.000000, 2, 0.000062, 17757.155845, 17757.155845
Z3, 9, 1, 720, 7080.000000, 0.028179, 251250.931545, 252856.000000, 1.000000, 2, 0.000062, 50250.186309, 50250.186309
Z3, 10, 1, 720, 12904.000000, 0.031852, 405123.697099, 416256.000000, 1.000000, 2, 0.000062, 81024.739420, 81024.739420
Z3, 11, 1, 720, 17344.000000, 0.043599, 397807.289158, 403344.000000, 1.000000, 2, 0.000062, 79561.457832, 79561.457832
Z3, 12, 1, 720, 16912.000000, 0.033833, 499866.993763, 512480.000000, 1.000000, 2, 0.000062, 99973.398753, 99973.398753
Z3, 13, 1, 720, 13240.000000, 0.033483, 395424.543798, 401208.000000, 1.000000, 2, 0.000062, 79084.908760, 79084.908760
Z3, 14, 1, 720, 28328.000000, 0.046871, 604382.240618, 615824.000000, 1.000000, 2, 0.000062, 120876.448124, 120876.448124
Z3, 15, 1, 720, 30528.000000, 0.070190, 434933.751247, 436112.000000, 1.000000, 2, 0.000062, 86986.750249, 86986.750249
Z3, 16, 1, 720, 16360.000000, 0.038231, 427924.982344, 430520.000000, 1.000000, 2, 0.000062, 85584.996469, 85584.996469
Z3, 17, 1, 720, 33216.000000, 0.067662, 490910.703201, 495760.000000, 1.000000, 2, 0.000062, 98182.140640, 98182.140640
Z3, 18, 1, 720, 28000.000000, 0.055768, 502080.045904, 509088.000000, 1.000000, 2, 0.000062, 100416.009181, 100416.009181
Z3, 19, 1, 720, 15744.000000, 0.071507, 220174.248675, 221744.000000, 1.000000, 2, 0.000062, 44034.849735, 44034.849735
Z3, 20, 1, 720, 16024.000000, 0.063123, 253853.587440, 254344.000000, 1.000000, 2, 0.000062, 50770.717488, 50770.717488
Z3, 21, 1, 720, 11576.000000, 0.046732, 247710.348369, 251648.000000, 1.000000, 2, 0.000062, 49542.069674, 49542.069674
Z3, 22, 1, 720, 10816.000000, 0.051037, 211924.682093, 212072.000000, 1.000000, 2, 0.000062, 42384.936419, 42384.936419
Z3, 23, 1, 720, 13224.000000, 0.033549, 394169.721899, 400720.000000, 1.000000, 2, 0.000062, 78833.944380, 78833.944380
Z3, 24, 1, 720, 17528.000000, 0.045190, 387873.423324, 389504.000000, 1.000000, 2, 0.000062, 77574.684665, 77574.684665
Z3, 25, 1, 720, 23824.000000, 0.033402, 713250.703551, 721936.000000, 1.000000, 2, 0.000062, 142650.140710, 142650.140710
Z3, 26, 1, 720, 11024.000000, 0.030172, 365371.867957, 367464.000000, 1.000000, 2, 0.000062, 73074.373591, 73074.373591
Z3, 27, 1, 720, 15112.000000, 0.061034, 247599.698529, 247736.000000, 1.000000, 2, 0.000062, 49519.939706, 49519.939706
Z3, 28, 1, 720, 24552.000000, 0.069788, 351808.333811, 355824.000000, 1.000000, 2, 0.000062, 70361.666762, 70361.666762
Z3, 29, 1, 720, 10824.000000, 0.029227, 370342.491532, 373240.000000, 1.000000, 2, 0.000062, 74068.498306, 74068.498306
Z3, 30, 1, 720, 6872.000000, 0.071374, 96281.559111, 96784.000000, 1.000000, 2, 0.000062, 19256.311822, 19256.311822
Z3, 31, 1, 720, 6872.000000, 0.047393, 145000.316502, 146208.000000, 1.000000, 2, 0.000062, 29000.063300, 29000.063300
Z3, 32, 1, 720, 6376.000000, 0.059208, 107688.150250, 108064.000000, 1.000000, 2, 0.000062, 21537.630050, 21537.630050
Z3, 33, 1, 720, 6872.000000, 0.059432, 115627.944542, 116472.000000, 1.000000, 2, 0.000062, 23125.588908, 23125.588908
Z3, 34, 1, 720, 6872.000000, 0.053166, 129255.539254, 129656.000000, 1.000000, 2, 0.000062, 25851.107851, 25851.107851
Z3, 35, 1, 720, 6376.000000, 0.066660, 95649.564956, 96600.000000, 1.000000, 2, 0.000062, 19129.912991, 19129.912991
Z3, 36, 1, 720, 6872.000000, 0.052043, 132044.655381, 132152.000000, 1.000000, 2, 0.000062, 26408.931076, 26408.931076
Z3, 37, 1, 720, 6872.000000, 0.066022, 104086.516616, 104120.000000, 1.000000, 2, 0.000062, 20817.303323, 20817.303323
Z3, 38, 1, 720, 6376.000000, 0.045282, 140806.501480, 141688.000000, 1.000000, 2, 0.000062, 28161.300296, 28161.300296
Z1, 0, 2, 720, 18392.000000, 0.173899, 105762.540325, 106312.000000, 1.000000, 2, 2.807570, 49313.808361, 49313.808361
Z2, 0, 2, 720, 7080.000000, 0.168048, 42130.819766, 42136.000000, 1.000000, 2, 2.807570, 36587.464249, 36587.464249
Z2, 1, 2, 720, 12648.000000, 0.058558, 215990.983299, 218064.000000, 1.000000, 2, 2.807570, 71359.496956, 71359.496956
Z2, 2, 2, 720, 15344.000000, 0.045076, 340402.875144, 340976.000000, 1.000000, 2, 2.807570, 96241.875325, 96241.875325
Z2, 3, 2, 720, 9160.000000, 0.061740, 148364.107548, 150160.000000, 1.000000, 2, 2.807570, 57834.121805, 57834.121805
Z2, 4, 2, 720, 8048.000000, 0.054832, 146775.605486, 149032.000000, 1.000000, 2, 2.807570, 57516.421393, 57516.421393
Z2, 5, 2, 720, 9320.000000, 0.075991, 122646.102828, 124264.000000, 1.000000, 2, 2.807570, 52690.520862, 52690.520862
Z2, 6, 2, 720, 6376.000000, 0.064809, 98381.397645, 99624.000000, 1.000000, 2, 2.807570, 47837.579825, 47837.579825
Z2, 7, 2, 720, 6872.000000, 0.058627, 117215.617378, 118480.000000, 1.000000, 2, 2.807570, 51604.423771, 51604.423771
Z3, 0, 2, 720, 6624.000000, 0.193273, 34272.764432, 34320.000000, 1.000000, 2, 2.807570, 35015.853182, 35015.853182
Z3, 1, 2, 720, 5424.000000, 0.068363, 79341.164080, 79760.000000, 1.000000, 2, 2.807570, 44029.533112, 44029.533112
Z3, 2, 2, 720, 7080.000000, 0.067662, 104637.758269, 105664.000000, 1.000000, 2, 2.807570, 49088.851950, 49088.851950
Z3, 3, 2, 720, 7080.000000, 0.067130, 105467.004320, 105664.000000, 1.000000, 2, 2.807570, 49254.701160, 49254.701160
Z3, 4, 2, 720, 5664.000000, 0.049782, 113776.063637, 115584.000000, 1.000000, 2, 2.807570, 50916.513023, 50916.513023
Z3, 5, 2, 720, 7080.000000, 0.039994, 177026.553983, 181536.000000, 1.000000, 2, 2.807570, 63566.611093, 63566.611093
Z3, 6, 2, 720, 7080.000000, 0.037816, 187222.339750, 191344.000000, 1.000000, 2, 2.807570, 65605.768246, 65605.768246
Z3, 7, 2, 720, 5664.000000, 0.074845, 75676.397889, 76536.000000, 1.000000, 2, 2.807570, 43296.579874, 43296.579874
Z3, 8, 2, 720, 7080.000000, 0.072928, 97082.053532, 98328.000000, 1.000000, 2, 2.807570, 47577.711002, 47577.711002
Z3, 9, 2, 720, 7080.000000, 0.073475, 96359.305886, 96984.000000, 1.000000, 2, 2.807570, 47433.161473, 47433.161473
Z3, 10, 2, 720, 5664.000000, 0.043737, 129501.337540, 131720.000000, 1.000000, 2, 2.807570, 54061.567804, 54061.567804
Z3, 11, 2, 720, 7080.000000, 0.072370, 97830.592787, 98328.000000, 1.000000, 2, 2.807570, 47727.418853, 47727.418853
Z3, 12, 2, 720, 17112.000000, 0.049827, 343428.261786, 349224.000000, 1.000000, 2, 2.807570, 96846.952653, 96846.952653
Z3, 13, 2, 720, 15320.000000, 0.063120, 242712.294043, 243168.000000, 1.000000, 2, 2.807570, 76703.759105, 76703.759105
Z3, 14, 2, 720, 10704.000000, 0.071984, 148699.711047, 150760.000000, 1.000000, 2, 2.807570, 57901.242505, 57901.242505
Z3, 15, 2, 720, 18776.000000, 0.045247, 414966.738126, 417240.000000, 1.000000, 2, 2.807570, 111154.647921, 111154.647921
Z3, 16, 2, 720, 21848.000000, 0.063576, 343651.692463, 346792.000000, 1.000000, 2, 2.807570, 96891.638788, 96891.638788
Z3, 17, 2, 720, 12752.000000, 0.074310, 171605.436684, 172320.000000, 1.000000, 2, 2.807570, 62482.387633, 62482.387633
Z3, 18, 2, 720, 21856.000000, 0.065154, 335451.392086, 336240.000000, 1.000000, 2, 2.807570, 95251.578713, 95251.578713
Z3, 19, 2, 720, 16880.000000, 0.066990, 251977.907150, 255752.000000, 1.000000, 2, 2.807570, 78556.881726, 78556.881726
Z3, 20, 2, 720, 12128.000000, 0.035248, 344076.259646, 346512.000000, 1.000000, 2, 2.807570, 96976.552225, 96976.552225
Z3, 21, 2, 720, 11592.000000, 0.061639, 188062.752478, 190032.000000, 1.000000, 2, 2.807570, 65773.850792, 65773.850792
Z3, 22, 2, 720, 9952.000000, 0.058999, 168680.825099, 171584.000000, 1.000000, 2, 2.807570, 61897.465316, 61897.465316
Z3, 23, 2, 720, 11064.000000, 0.072445, 152722.755194, 153664.000000, 1.000000, 2, 2.807570, 58705.851335, 58705.851335
Z3, 24, 2, 720, 14728.000000, 0.059803, 246275.270471, 249624.000000, 1.000000, 2, 2.807570, 77416.354390, 77416.354390
Z3, 25, 2, 720, 16264.000000, 0.054854, 296496.153425, 301184.000000, 1.000000, 2, 2.807570, 87460.530981, 87460.530981
Z3, 26, 2, 720, 9504.000000, 0.069888, 135989.010989, 137736.000000, 1.000000, 2, 2.807570, 55359.102494, 55359.102494
Z3, 27, 2, 720, 12688.000000, 0.026683, 475508.750890, 488000.000000, 1.000000, 2, 2.807570, 123263.050474, 123263.050474
Z3, 28, 2, 720, 17320.000000, 0.053476, 323883.611340, 326792.000000, 1.000000, 2, 2.807570, 92938.022564, 92938.022564
Z3, 29, 2, 720, 10632.000000, 0.061862, 171866.412337, 174288.000000, 1.000000, 2, 2.807570, 62534.582763, 62534.582763
Z3, 30, 2, 720, 6872.000000, 0.034074, 201678.699302, 202112.000000, 1.000000, 2, 2.807570, 68497.040156, 68497.040156
Z3, 31, 2, 720, 6872.000000, 0.029621, 231997.569292, 236960.000000, 1.000000, 2, 2.807570, 74560.814154, 74560.814154
Z3, 32, 2, 720, 6376.000000, 0.034989, 182228.700449, 187528.000000, 1.000000, 2, 2.807570, 64607.040386, 64607.040386
Z3, 33, 2, 720, 6872.000000, 0.029351, 234131.716126, 236960.000000, 1.000000, 2, 2.807570, 74987.643521, 74987.643521
Z3, 34, 2, 720, 6872.000000, 0.032777, 209659.212252, 214744.000000, 1.000000, 2, 2.807570, 70093.142746, 70093.142746
Z3, 35, 2, 720, 6376.000000, 0.063216, 100860.541635, 101200.000000, 1.000000, 2, 2.807570, 48333.408623, 48333.408623
Z3, 36, 2, 720, 6872.000000, 0.039936, 172075.320513, 176200.000000, 1.000000, 2, 2.807570, 62576.364398, 62576.364398
Z3, 37, 2, 720, 6872.000000, 0.063510, 108203.432530, 109072.000000, 1.000000, 2, 2.807570, 49801.986802, 49801.986802
Z3, 38, 2, 720, 6376.000000, 0.066786, 95469.110293, 96600.000000, 1.000000, 2, 2.807570, 47255.122354, 47255.122354
Z1, 0, 3, 720, 9896.000000, 0.159615, 61999.185540, 62232.000000, 1.000000, 2, 5.886569, 59654.959462, 59654.959462
Z2, 0, 3, 720, 6624.000000, 0.178574, 37093.865848, 37208.000000, 1.000000, 2, 5.886569, 54673.895524, 54673.895524
Z2, 1, 3, 720, 5424.000000, 0.050308, 107815.854337, 108480.000000, 1.000000, 2, 5.886569, 68818.293222, 68818.293222
Z2, 2, 3, 720, 7080.000000, 0.036786, 192464.524547, 196664.000000, 1.000000, 2, 5.886569, 85748.027264, 85748.027264
Z2, 3, 3, 720, 18632.000000, 0.072080, 258490.566038, 258776.000000, 1.000000, 2, 5.886569, 98953.235562, 98953.235562
Z2, 4, 3, 720, 9664.000000, 0.032835, 294320.085275, 302000.000000, 1.000000, 2, 5.886569, 106119.139409, 106119.139409
Z2, 5, 3, 720, 8424.000000, 0.075721, 111250.511747, 112320.000000, 1.000000, 2, 5.886569, 69505.224704, 69505.224704
Z2, 6, 3, 720, 6376.000000, 0.056204, 113443.882998, 113856.000000, 1.000000, 2, 5.886569, 69943.898954, 69943.898954
Z2, 7, 3, 720, 6872.000000, 0.037890, 181367.115334, 185728.000000, 1.000000, 2, 5.886569, 83528.545421, 83528.545421
Z3, 0, 3, 720, 7080.000000, 0.146176, 48434.763573, 48488.000000, 1.000000, 2, 5.886569, 56942.075069, 56942.075069
Z3, 1, 3, 720, 7080.000000, 0.070941, 99801.243287, 101136.000000, 1.000000, 2, 5.886569, 67215.371012, 67215.371012
Z3, 2, 3, 720, 5664.000000, 0.069645, 81326.728408, 82080.000000, 1.000000, 2, 5.886569, 63520.468036, 63520.468036
Z3, 3, 3, 720, 7080.000000, 0.033074, 214065.429038, 214544.000000, 1.000000, 2, 5.886569, 90068.208162, 90068.208162
Z3, 4, 3, 720, 7080.000000, 0.067998, 104120.709433, 105664.000000, 1.000000, 2, 5.886569, 68079.264241, 68079.264241
Z3, 5, 3, 720, 5664.000000, 0.027793, 203792.321808, 209776.000000, 1.000000, 2, 5.886569, 88013.586716, 88013.586716
Z3, 6, 3, 720, 7080.000000, 0.074894, 94533.607499, 95672.000000, 1.000000, 2, 5.886569, 66161.843854, 66161.843854
Z3, 7, 3, 720, 7080.000000, 0.026402, 268161.502916, 272304.000000, 1.000000, 2, 5.886569, 100887.422938, 100887.422938
Z3, 8, 3, 720, 5664.000000, 0.035388, 160054.255680, 161824.000000, 1.000000, 2, 5.886569, 79265.973490, 79265.973490
Z3, 9, 3, 720, 7080.000000, 0.031245, 226596.255401, 228384.000000, 1.000000, 2, 5.886569, 92574.373435, 92574.373435
Z3, 10, 3, 720, 14120.000000, 0.030240, 466931.216931, 470664.000000, 1.000000, 2, 5.886569, 140641.365741, 140641.365741
Z3, 11, 3, 720, 17536.000000, 0.060238, 291111.922707, 292264.000000, 1.000000, 2, 5.886569, 105477.506896, 105477.506896
Z3, 12, 3, 720, 16008.000000, 0.060763, 263449.796751, 266800.000000, 1.000000, 2, 5.886569, 99945.081705, 99945.081705
Z3, 13, 3, 720, 10896.000000, 0.033660, 323707.664884, 330176.000000, 1.000000, 2, 5.886569, 111996.655331, 111996.655331
Z3, 14, 3, 720, 19720.000000, 0.065729, 300019.778180, 303384.000000, 1.000000, 2, 5.886569, 107259.077990, 107259.077990
Z3, 15, 3, 720, 20104.000000, 0.048007, 418772.262378, 418832.000000, 1.000000, 2, 5.886569, 131009.574830, 131009.574830
Z3, 16, 3, 720, 12504.000000, 0.035577, 351463.023864, 357256.000000, 1.000000, 2, 5.886569, 117547.727127, 117547.727127
Z3, 17, 3, 720, 23072.000000, 0.031787, 725831.314688, 744256.000000, 1.000000, 2, 5.886569, 192421.385292, 192421.385292
Z3, 18, 3, 720, 18112.000000, 0.061049, 296679.716293, 296912.000000, 1.000000, 2, 5.886569, 106591.065613, 106591.065613
Z3, 19, 3, 720, 12544.000000, 0.053279, 235439.854352, 236672.000000, 1.000000, 2, 5.886569, 94343.093225, 94343.093225
Z3, 20, 3, 720, 15304.000000, 0.048202, 317497.199286, 318832.000000, 1.000000, 2, 5.886569, 110754.562212, 110754.562212
Z3, 21, 3, 720, 12280.000000, 0.072970, 168288.337673, 170552.000000, 1.000000, 2, 5.886569, 80912.789889, 80912.789889
Z3, 22, 3, 720, 10368.000000, 0.070133, 147833.402250, 148112.000000, 1.000000, 2, 5.886569, 76821.802804, 76821.802804
Z3, 23, 3, 720, 10520.000000, 0.075638, 139083.529443, 140264.000000, 1.000000, 2, 5.886569, 75071.828243, 75071.828243
Z3, 24, 3, 720, 15288.000000, 0.034010, 449514.848574, 449640.000000, 1.000000, 2, 5.886569, 137158.092069, 137158.092069
Z3, 25, 3, 720, 16344.000000, 0.061942, 263859.739757, 267928.000000, 1.000000, 2, 5.886569, 100027.070306, 100027.070306
Z3, 26, 3, 720, 9016.000000, 0.053692, 167920.733070, 170112.000000, 1.000000, 2, 5.886569, 80839.268968, 80839.268968
Z3, 27, 3, 720, 13800.000000, 0.075393, 183040.865863, 184000.000000, 1.000000, 2, 5.886569, 83863.295527, 83863.295527
Z3, 28, 3, 720, 17664.000000, 0.064989, 271799.843050, 276000.000000, 1.000000, 2, 5.886569, 101615.090965, 101615.090965
Z3, 29, 3, 720, 10240.000000, 0.036940, 277206.280455, 284440.000000, 1.000000, 2, 5.886569, 102696.378445, 102696.378445
Z3, 30, 3, 720, 6872.000000, 0.031930, 215220.795490, 221672.000000, 1.000000, 2, 5.886569, 90299.281452, 90299.281452
Z3, 31, 3, 720, 6872.000000, 0.026051, 263790.257572, 264304.000000, 1.000000, 2, 5.886569, 100013.173869, 100013.173869
Z3, 32, 3, 720, 6376.000000, 0.027334, 233262.603351, 236144.000000, 1.000000, 2, 5.886569, 93907.643025, 93907.643025
Z3, 33, 3, 720, 6872.000000, 0.063238, 108668.838357, 109072.000000, 1.000000, 2, 5.886569, 68988.890026, 68988.890026
Z3, 34, 3, 720, 6872.000000, 0.052801, 130149.050207, 132152.000000, 1.000000, 2, 5.886569, 73284.932396, 73284.932396
Z3, 35, 3, 720, 6376.000000, 0.057933, 110058.170645, 111856.000000, 1.000000, 2, 5.886569, 69266.756484, 69266.756484
Z3, 36, 3, 720, 6872.000000, 0.062412, 110107.030699, 110832.000000, 1.000000, 2, 5.886569, 69276.528494, 69276.528494
Z3, 37, 3, 720, 6872.000000, 0.056976, 120612.187588, 122712.000000, 1.000000, 2, 5.886569, 71377.559872, 71377.559872
Z3, 38, 3, 720, 6376.000000, 0.060260, 105808.164620, 106264.000000, 1.000000, 2, 5.886569, 68416.755278, 68416.755278
Z1, 0, 4, 720, 22592.000000, 0.163207, 138425.435184, 138600.000000, 1.000000, 2, 8.690139, 96101.842315, 96101.842315
Z2, 0, 4, 720, 6624.000000, 0.196416, 33724.340176, 33792.000000, 1.000000, 2, 8.690139, 75161.623314, 75161.623314
Z2, 1, 4, 720, 6648.000000, 0.061030, 108930.034409, 108976.000000, 1.000000, 2, 8.690139, 90202.762160, 90202.762160
Z2, 2, 4, 720, 7200.000000, 0.069189, 104062.784547, 104344.000000, 1.000000, 2, 8.690139, 89229.312188, 89229.312188
Z2, 3, 4, 720, 7296.000000, 0.064393, 113304.241144, 114000.000000, 1.000000, 2, 8.690139, 91077.603507, 91077.603507
Z2, 4, 4, 720, 17272.000000, 0.026392, 654440.739618, 664304.000000, 1.000000, 2, 8.690139, 199304.903202, 199304.903202
Z2, 5, 4, 720, 26240.000000, 0.069267, 378823.971011, 380288.000000, 1.000000, 2, 8.690139, 144181.549481, 144181.549481
Z2, 6, 4, 720, 12720.000000, 0.069251, 183679.658055, 184344.000000, 1.000000, 2, 8.690139, 105152.686890, 105152.686890
Z2, 7, 4, 720, 11496.000000, 0.052514, 218913.051758, 221072.000000, 1.000000, 2, 8.690139, 112199.365630, 112199.365630
Z3, 0, 4, 720, 6448.000000, 0.212855, 30292.922412, 30408.000000, 1.000000, 2, 8.690139, 74475.339761, 74475.339761
Z3, 1, 4, 720, 7448.000000, 0.037856, 196745.562130, 201296.000000, 1.000000, 2, 8.690139, 107765.867704, 107765.867704
Z3, 2, 4, 720, 7424.000000, 0.041810, 177565.175795, 181072.000000, 1.000000, 2, 8.690139, 103929.790437, 103929.790437
Z3, 3, 4, 720, 6648.000000, 0.067674, 98235.659190, 99216.000000, 1.000000, 2, 8.690139, 88063.887116, 88063.887116
Z3, 4, 4, 720, 7224.000000, 0.059879, 120643.297316, 122440.000000, 1.000000, 2, 8.690139, 92545.414742, 92545.414742
Z3, 5, 4, 720, 7240.000000, 0.055431, 130612.833974, 131632.000000, 1.000000, 2, 8.690139, 94539.322073, 94539.322073
Z3, 6, 4, 720, 6648.000000, 0.052047, 127730.704940, 127840.000000, 1.000000, 2, 8.690139, 93962.896266, 93962.896266
Z3, 7, 4, 720, 7232.000000, 0.071426, 101251.645059, 101856.000000, 1.000000, 2, 8.690139, 88667.084290, 88667.084290
Z3, 8, 4, 720, 7296.000000, 0.050605, 144175.476732, 145920.000000, 1.000000, 2, 8.690139, 97251.850625, 97251.850625
Z3, 9, 4, 720, 16456.000000, 0.062150, 264778.761062, 265416.000000, 1.000000, 2, 8.690139, 121372.507491, 121372.507491
Z3, 10, 4, 720, 25392.000000, 0.061423, 413395.633557, 416256.000000, 1.000000, 2, 8.690139, 151095.881990, 151095.881990
Z3, 11, 4, 720, 21592.000000, 0.071586, 301623.222418, 304112.000000, 1.000000, 2, 8.690139, 128741.399762, 128741.399762
Z3, 12, 4, 720, 13528.000000, 0.040117, 337213.650074, 338200.000000, 1.000000, 2, 8.690139, 135859.485293, 135859.485293
Z3, 13, 4, 720, 29512.000000, 0.063946, 461514.402777, 468440.000000, 1.000000, 2, 8.690139, 160719.635834, 160719.635834
Z3, 14, 4, 720, 29688.000000, 0.067067, 442661.815796, 443104.000000, 1.000000, 2, 8.690139, 156949.118438, 156949.118438
Z3, 15, 4, 720, 16760.000000, 0.066764, 251033.491103, 253936.000000, 1.000000, 2, 8.690139, 118623.453499, 118623.453499
Z3, 16, 4, 720, 33128.000000, 0.040168, 824736.108345, 828200.000000, 1.000000, 2, 8.690139, 233363.976947, 233363.976947
Z3, 17, 4, 720, 26248.000000, 0.051859, 506141.653329, 514664.000000, 1.000000, 2, 8.690139, 169645.085944, 169645.085944
Z3, 18, 4, 720, 14624.000000, 0.064360, 227221.876942, 228496.000000, 1.000000, 2, 8.690139, 113861.130667, 113861.130667
Z3, 19, 4, 720, 26816.000000, 0.050018, 536126.994282, 536320.000000, 1.000000, 2, 8.690139, 175642.154135, 175642.154135
Z3, 20, 4, 720, 23128.000000, 0.073244, 315766.479166, 316816.000000, 1.000000, 2, 8.690139, 131570.051112, 131570.051112
Z3, 21, 4, 720, 19440.000000, 0.063128, 307945.760994, 308568.000000, 1.000000, 2, 8.690139, 130005.907477, 130005.907477
Z3, 22, 4, 720, 29088.000000, 0.073559, 395437.675879, 398464.000000, 1.000000, 2, 8.690139, 147504.290454, 147504.290454
Z3, 23, 4, 720, 29840.000000, 0.056637, 526864.064128, 532856.000000, 1.000000, 2, 8.690139, 173789.568104, 173789.568104
Z3, 24, 4, 720, 17200.000000, 0.043400, 396313.364055, 400000.000000, 1.000000, 2, 8.690139, 147679.428089, 147679.428089
Z3, 25, 4, 720, 25664.000000, 0.073730, 348080.835481, 351560.000000, 1.000000, 2, 8.690139, 138032.922375, 138032.922375
Z3, 26, 4, 720, 26808.000000, 0.044353, 604423.601560, 609272.000000, 1.000000, 2, 8.690139, 189301.475590, 189301.475590
Z3, 27, 4, 720, 17472.000000, 0.034068, 512856.639662, 513880.000000, 1.000000, 2, 8.690139, 170988.083211, 170988.083211
Z3, 28, 4, 720, 6448.000000, 0.059976, 107509.670535, 109288.000000, 1.000000, 2, 8.690139, 89918.689385, 89918.689385
Z3, 29, 4, 720, 7200.000000, 0.055542, 129631.630118, 130904.000000, 1.000000, 2, 8.690139, 94343.081302, 94343.081302
Z3, 30, 4, 720, 7520.000000, 0.075060, 100186.517453, 100264.000000, 1.000000, 2, 8.690139, 88454.058769, 88454.058769
Z3, 31, 4, 720, 6728.000000, 0.059686, 112723.251684, 114032.000000, 1.000000, 2, 8.690139, 90961.405615, 90961.405615
Z3, 32, 4, 720, 7224.000000, 0.027730, 260512.080779, 267552.000000, 1.000000, 2, 8.690139, 120519.171434, 120519.171434
Z3, 33, 4, 720, 7256.000000, 0.071689, 101214.970219, 102192.000000, 1.000000, 2, 8.690139, 88659.749322, 88659.749322
Z3, 34, 4, 720, 6544.000000, 0.069547, 94094.641034, 94840.000000, 1.000000, 2, 8.690139, 87235.683485, 87235.683485
Z3, 35, 4, 720, 12272.000000, 0.068456, 179268.435199, 180464.000000, 1.000000, 2, 8.690139, 104270.442318, 104270.442318
Z3, 36, 4, 720, 8544.000000, 0.054847, 155778.802852, 158216.000000, 1.000000, 2, 8.690139, 99572.515849, 99572.515849
Z3, 37, 4, 720, 6424.000000, 0.062016, 103586.171311, 103608.000000, 1.000000, 2, 8.690139, 89133.989541, 89133.989541
Z3, 38, 4, 720, 6872.000000, 0.038941, 176472.098816, 180840.000000, 1.000000, 2, 8.690139, 103711.175042, 103711.175042
Z1, 0, 5, 720, 20272.000000, 0.167206, 121239.668433, 121384.000000, 1.000000, 2, 11.864045, 127959.108728, 127959.108728
Z2, 0, 5, 720, 6624.000000, 0.155886, 42492.590739, 42728.000000, 1.000000, 2, 11.864045, 112209.693190, 112209.693190
Z2, 1, 5, 720, 7616.000000, 0.049013, 155387.346214, 155424.000000, 1.000000, 2, 11.864045, 134788.644285, 134788.644285
Z2, 2, 5, 720, 8792.000000, 0.043605, 201628.253641, 204464.000000, 1.000000, 2, 11.864045, 144036.825770, 144036.825770
Z2, 3, 5, 720, 8816.000000, 0.059181, 148966.729187, 149416.000000, 1.000000, 2, 11.864045, 133504.520879, 133504.520879
Z2, 4, 5, 720, 14976.000000, 0.033095, 452515.485723, 453816.000000, 1.000000, 2, 11.864045, 194214.272186, 194214.272186
Z2, 5, 5, 720, 25312.000000, 0.057697, 438705.651940, 444064.000000, 1.000000, 2, 11.864045, 191452.305430, 191452.305430
Z2, 6, 5, 720, 13208.000000, 0.051762, 255167.883776, 258976.000000, 1.000000, 2, 11.864045, 154744.751797, 154744.751797
Z2, 7, 5, 720, 16320.000000, 0.050185, 325196.771944, 326400.000000, 1.000000, 2, 11.864045, 168750.529430, 168750.529430
Z3, 0, 5, 720, 7712.000000, 0.193571, 39840.678614, 39952.000000, 1.000000, 2, 11.864045, 111679.310764, 111679.310764
Z3, 1, 5, 720, 9624.000000, 0.026878, 358062.355830, 370152.000000, 1.000000, 2, 11.864045, 175323.646208, 175323.646208
Z3, 2, 5, 720, 9096.000000, 0.049274, 184600.397776, 185632.000000, 1.000000, 2, 11.864045, 140631.254597, 140631.254597
Z3, 3, 5, 720, 7632.000000, 0.075765, 100732.528212, 101760.000000, 1.000000, 2, 11.864045, 123857.680684, 123857.680684
Z3, 4, 5, 720, 8304.000000, 0.075274, 110316.975317, 110720.000000, 1.000000, 2, 11.864045, 125774.570105, 125774.570105
Z3, 5, 5, 720, 8504.000000, 0.048405, 175684.330131, 177160.000000, 1.000000, 2, 11.864045, 138848.041068, 138848.041068
Z3, 6, 5, 720, 7384.000000, 0.059586, 123921.726580, 125152.000000, 1.000000, 2, 11.864045, 128495.520358, 128495.520358
Z3, 7, 5, 720, 8968.000000, 0.048514, 184853.856619, 186832.000000, 1.000000, 2, 11.864045, 140681.946365, 140681.946365
Z3, 8, 5, 720, 8912.000000, 0.031403, 283794.541923, 287480.000000, 1.000000, 2, 11.864045, 160470.083426, 160470.083426
Z3, 9, 5, 720, 16688.000000, 0.056480, 295467.422096, 298000.000000, 1.000000, 2, 11.864045, 162804.659461, 162804.659461
Z3, 10, 5, 720, 23832.000000, 0.046853, 508654.728619, 518080.000000, 1.000000, 2, 11.864045, 205442.120766, 205442.120766
Z3, 11, 5, 720, 21144.000000, 0.060597, 348928.164761, 352400.000000, 1.000000, 2, 11.864045, 173496.807994, 173496.807994
Z3, 12, 5, 720, 14272.000000, 0.057059, 250127.061463, 250384.000000, 1.000000, 2, 11.864045, 153736.587334, 153736.587334
Z3, 13, 5, 720, 27640.000000, 0.046530, 594025.359983, 600864.000000, 1.000000, 2, 11.864045, 222516.247038, 222516.247038
Z3, 14, 5, 720, 33288.000000, 0.069523, 478805.575133, 482432.000000, 1.000000, 2, 11.864045, 199472.290068, 199472.290068
Z3, 15, 5, 720, 17576.000000, 0.064554, 272268.178579, 274624.000000, 1.000000, 2, 11.864045, 158164.810758, 158164.810758
Z3, 16, 5, 720, 34872.000000, 0.054782, 636559.453835, 645776.000000, 1.000000, 2, 11.864045, 231023.065809, 231023.065809
Z3, 17, 5, 720, 27336.000000, 0.058079, 470669.260834, 471304.000000, 1.000000, 2, 11.864045, 197845.027209, 197845.027209
Z3, 18, 5, 720, 18312.000000, 0.074160, 246925.566343, 247456.000000, 1.000000, 2, 11.864045, 153096.288310, 153096.288310
Z3, 19, 5, 720, 41432.000000, 0.065981, 627938.345887, 637408.000000, 1.000000, 2, 11.864045, 229298.844219, 229298.844219
Z3, 20, 5, 720, 36760.000000, 0.074334, 494524.712783, 496752.000000, 1.000000, 2, 11.864045, 202616.117598, 202616.117598
Z3, 21, 5, 720, 21272.000000, 0.072960, 291557.017544, 295440.000000, 1.000000, 2, 11.864045, 162022.578550, 162022.578550
Z3, 22, 5, 720, 43464.000000, 0.061112, 711218.745909, 712520.000000, 1.000000, 2, 11.864045, 245954.924223, 245954.924223
Z3, 23, 5, 720, 42000.000000, 0.070122, 598956.105074, 600000.000000, 1.000000, 2, 11.864045, 223502.396056, 223502.396056
Z3, 24, 5, 720, 20304.000000, 0.034959, 580794.645156, 597176.000000, 1.000000, 2, 11.864045, 219870.104073, 219870.104073
Z3, 25, 5, 720, 32736.000000, 0.041023, 797991.370694, 798432.000000, 1.000000, 2, 11.864045, 263309.449181, 263309.449181
Z3, 26, 5, 720, 34608.000000, 0.065747, 526381.431852, 532424.000000, 1.000000, 2, 11.864045, 208987.461412, 208987.461412
Z3, 27, 5, 720, 21272.000000, 0.062164, 342191.622161, 343096.000000, 1.000000, 2, 11.864045, 172149.499474, 172149.499474
Z3, 28, 5, 720, 8752.000000, 0.054070, 161864.250046, 162072.000000, 1.000000, 2, 11.864045, 136084.025051, 136084.025051
Z3, 29, 5, 720, 12760.000000, 0.051400, 248249.027237, 250192.000000, 1.000000, 2, 11.864045, 153360.980489, 153360.980489
Z3, 30, 5, 720, 15440.000000, 0.037103, 416138.856696, 417296.000000, 1.000000, 2, 11.864045, 186938.946381, 186938.946381
Z3, 31, 5, 720, 10000.000000, 0.055453, 180332.894523, 181816.000000, 1.000000, 2, 11.864045, 139777.753946, 139777.753946
Z3, 32, 5, 720, 15200.000000, 0.058532, 259687.008816, 262064.000000, 1.000000, 2, 11.864045, 155648.576805, 155648.576805
Z3, 33, 5, 720, 18352.000000, 0.070130, 261685.441323, 262168.000000, 1.000000, 2, 11.864045, 156048.263306, 156048.263306
Z3, 34, 5, 720, 11224.000000, 0.068944, 162798.793223, 165056.000000, 1.000000, 2, 11.864045, 136270.933686, 136270.933686
Z3, 35, 5, 720, 23240.000000, 0.061097, 380378.742000, 380976.000000, 1.000000, 2, 11.864045, 179786.923442, 179786.923442
Z3, 36, 5, 720, 16824.000000, 0.049438, 340305.028521, 343344.000000, 1.000000, 2, 11.864045, 171772.180746, 171772.180746
Z3, 37, 5, 720, 9680.000000, 0.073728, 131293.402778, 132600.000000, 1.000000, 2, 11.864045, 129969.855597, 129969.855597
Z3, 38, 5, 720, 12888.000000, 0.059041, 218288.985620, 218440.000000, 1.000000, 2, 11.864045, 147368.972166, 147368.972166
Z1, 0, 6, 720, 14912.000000, 0.207884, 71732.312251, 72032.000000, 1.000000, 2, 14.923406, 133554.134320, 133554.134320
Z2, 0, 6, 720, 6624.000000, 0.184200, 35960.912052, 36000.000000, 1.000000, 2, 14.923406, 126399.854280, 126399.854280
Z2, 1, 6, 720, 6768.000000, 0.042712, 158456.639820, 161136.000000, 1.000000, 2, 14.923406, 150898.999834, 150898.999834
Z2, 2, 6, 720, 7488.000000, 0.030186, 248062.015504, 249600.000000, 1.000000, 2, 14.923406, 168820.074971, 168820.074971
Z2, 3, 6, 720, 7752.000000, 0.075563, 102589.891878, 103360.000000, 1.000000, 2, 14.923406, 139725.650245, 139725.650245
Z2, 4, 6, 720, 10768.000000, 0.032738, 328914.411387, 336496.000000, 1.000000, 2, 14.923406, 184990.554147, 184990.554147
Z2, 5, 6, 720, 17456.000000, 0.073695, 236868.172875, 239120.000000, 1.000000, 2, 14.923406, 166581.306445, 166581.306445
Z2, 6, 6, 720, 9568.000000, 0.037012, 258510.753269, 258592.000000, 1.000000, 2, 14.923406, 170909.822524, 170909.822524
Z2, 7, 6, 720, 12800.000000, 0.058861, 217461.477039, 220688.000000, 1.000000, 2, 14.923406, 162699.967278, 162699.967278
Z3, 0, 6, 720, 6760.000000, 0.182267, 37088.447168, 37136.000000, 1.000000, 2, 14.923406, 126625.361303, 126625.361303
Z3, 1, 6, 720, 8320.000000, 0.072466, 114812.463776, 115552.000000, 1.000000, 2, 14.923406, 142170.164625, 142170.164625
Z3, 2, 6, 720, 7800.000000, 0.037496, 208022.189033, 210808.000000, 1.000000, 2, 14.923406, 160812.109676, 160812.109676
Z3, 3, 6, 720, 6928.000000, 0.046072, 150373.328703, 150608.000000, 1.000000, 2, 14.923406, 149282.337610, 149282.337610
Z3, 4, 6, 720, 7472.000000, 0.034269, 218039.627652, 219760.000000, 1.000000, 2, 14.923406, 162815.597400, 162815.597400
Z3, 5, 6, 720, 7416.000000, 0.048150, 154018.691589, 154496.000000, 1.000000, 2, 14.923406, 150011.410188, 150011.410188
Z3, 6, 6, 720, 6760.000000, 0.058672, 115216.798473, 116544.000000, 1.000000, 2, 14.923406, 142251.031564, 142251.031564
Z3, 7, 6, 720, 7600.000000, 0.043526, 174608.280108, 176744.000000, 1.000000, 2, 14.923406, 154129.327891, 154129.327891
Z3, 8, 6, 720, 7600.000000, 0.030913, 245851.259988, 253328.000000, 1.000000, 2, 14.923406, 168377.923867, 168377.923867
Z3, 9, 6, 720, 12912.000000, 0.056724, 227628.517030, 230568.000000, 1.000000, 2, 14.923406, 164733.375276, 164733.375276
Z3, 10, 6, 720, 17552.000000, 0.031321, 560390.792120, 566192.000000, 1.000000, 2, 14.923406, 231285.830294, 231285.830294
Z3, 11, 6, 720, 14968.000000, 0.062310, 240218.263521, 241416.000000, 1.000000, 2, 14.923406, 167251.324574, 167251.324574
Z3, 12, 6, 720, 10336.000000, 0.044224, 233719.247467, 234904.000000, 1.000000, 2, 14.923406, 165951.521363, 165951.521363
Z3, 13, 6, 720, 18344.000000, 0.048388, 379102.256758, 382160.000000, 1.000000, 2, 14.923406, 195028.123221, 195028.123221
Z3, 14, 6, 720, 20456.000000, 0.072588, 281809.665509, 284104.000000, 1.000000, 2, 14.923406, 175569.604972, 175569.604972
Z3, 15, 6, 720, 12480.000000, 0.064329, 194002.704845, 195000.000000, 1.000000, 2, 14.923406, 158008.212839, 158008.212839
Z3, 16, 6, 720, 18912.000000, 0.056973, 331946.711600, 337712.000000, 1.000000, 2, 14.923406, 185597.014190, 185597.014190
Z3, 17, 6, 720, 16112.000000, 0.030141, 534554.261637, 537064.000000, 1.000000, 2, 14.923406, 226118.524197, 226118.524197
Z3, 18, 6, 720, 16088.000000, 0.054957, 292737.958768, 297920.000000, 1.000000, 2, 14.923406, 177755.263623, 177755.263623
Z3, 19, 6, 720, 31984.000000, 0.047045, 679859.708789, 680504.000000, 1.000000, 2, 14.923406, 255179.613628, 255179.613628
Z3, 20, 6, 720, 21472.000000, 0.035779, 600128.567037, 613480.000000, 1.000000, 2, 14.923406, 239233.385277, 239233.385277
Z3, 21, 6, 720, 19320.000000, 0.049612, 389421.914053, 394280.000000, 1.000000, 2, 14.923406, 197092.054680, 197092.054680
Z3, 22, 6, 720, 33040.000000, 0.050643, 652410.007306, 660800.000000, 1.000000, 2, 14.923406, 249689.673331, 249689.673331
Z3, 23, 6, 720, 26472.000000, 0.061120, 433115.183246, 433960.000000, 1.000000, 2, 14.923406, 205830.708519, 205830.708519
Z3, 24, 6, 720, 12984.000000, 0.055256, 234979.006805, 236072.000000, 1.000000, 2, 14.923406, 166203.473231, 166203.473231
Z3, 25, 6, 720, 21128.000000, 0.059231, 356705.103746, 358096.000000, 1.000000, 2, 14.923406, 190548.692619, 190548.692619
Z3, 26, 6, 720, 21576.000000, 0.061464, 351034.752050, 353704.000000, 1.000000, 2, 14.923406, 189414.622280, 189414.622280
Z3, 27, 6, 720, 14376.000000, 0.031457, 457004.800203, 463736.000000, 1.000000, 2, 14.923406, 210608.631910, 210608.631910
Z3, 28, 6, 720, 7048.000000, 0.034370, 205062.554553, 207288.000000, 1.000000, 2, 14.923406, 160220.182780, 160220.182780
Z3, 29, 6, 720, 8656.000000, 0.075356, 114868.092786, 115408.000000, 1.000000, 2, 14.923406, 142181.290427, 142181.290427
Z3, 30, 6, 720, 9488.000000, 0.075285, 126027.761174, 126504.000000, 1.000000, 2, 14.923406, 144413.224105, 144413.224105
Z3, 31, 6, 720, 8424.000000, 0.057769, 145822.153750, 147784.000000, 1.000000, 2, 14.923406, 148372.102620, 148372.102620
Z3, 32, 6, 720, 9328.000000, 0.064626, 144338.192059, 145744.000000, 1.000000, 2, 14.923406, 148075.310282, 148075.310282
Z3, 33, 6, 720, 8680.000000, 0.034667, 250382.207863, 255288.000000, 1.000000, 2, 14.923406, 169284.113442, 169284.113442
Z3, 34, 6, 720, 7160.000000, 0.070292, 101860.809196, 102280.000000, 1.000000, 2, 14.923406, 139579.833709, 139579.833709
Z3, 35, 6, 720, 10360.000000, 0.043878, 236109.211906, 240928.000000, 1.000000, 2, 14.923406, 166429.514251, 166429.514251
Z3, 36, 6, 720, 9048.000000, 0.039632, 228300.363343, 232000.000000, 1.000000, 2, 14.923406, 164867.744538, 164867.744538
Z3, 37, 6, 720, 7176.000000, 0.027850, 257666.068223, 265776.000000, 1.000000, 2, 14.923406, 170740.885514, 170740.885514
Z3, 38, 6, 720, 8768.000000, 0.033243, 263754.775441, 265696.000000, 1.000000, 2, 14.923406, 171958.626958, 171958.626958
Z1, 0, 7, 720, 14352.000000, 0.190017, 75530.084150, 75536.000000, 1.000000, 2, 17.758203, 167970.821730, 167970.821730
Z2, 0, 7, 720, 6624.000000, 0.204446, 32399.753480, 32464.000000, 1.000000, 2, 17.758203, 159344.755596, 159344.755596
Z2, 1, 7, 720, 6792.000000, 0.058686, 115734.587465, 117096.000000, 1.000000, 2, 17.758203, 176011.722393, 176011.722393
Z2, 2, 7, 720, 7408.000000, 0.073507, 100779.517597, 101472.000000, 1.000000, 2, 17.758203, 173020.708419, 173020.708419
Z2, 3, 7, 720, 7464.000000, 0.041792, 178598.774885, 182048.000000, 1.000000, 2, 17.758203, 188584.559877, 188584.559877
Z2, 4, 7, 720, 10144.000000, 0.029350, 345621.805792, 349792.000000, 1.000000, 2, 17.758203, 221989.166058, 221989.166058
Z2, 5, 7, 720, 16856.000000, 0.057913, 291057.275569, 295712.000000, 1.000000, 2, 17.758203, 211076.260013, 211076.260013
Z2, 6, 7, 720, 9672.000000, 0.037546, 257604.005753, 261400.000000, 1.000000, 2, 17.758203, 204385.606050, 204385.606050
Z2, 7, 7, 720, 13368.000000, 0.067595, 197766.106961, 199520.000000, 1.000000, 2, 17.758203, 192418.026292, 192418.026292
Z3, 0, 7, 720, 6656.000000, 0.193648, 34371.643394, 34480.000000, 1.000000, 2, 17.758203, 159739.133578, 159739.133578
Z3, 1, 7, 720, 7664.000000, 0.049238, 155652.138592, 156408.000000, 1.000000, 2, 17.758203, 183995.232618, 183995.232618
Z3, 2, 7, 720, 7664.000000, 0.052667, 145518.066341, 147384.000000, 1.000000, 2, 17.758203, 181968.418168, 181968.418168
Z3, 3, 7, 720, 6920.000000, 0.041885, 165214.277188, 168776.000000, 1.000000, 2, 17.758203, 185907.660337, 185907.660337
Z3, 4, 7, 720, 7504.000000, 0.034915, 214921.953315, 220704.000000, 1.000000, 2, 17.758203, 195849.195563, 195849.195563
Z3, 5, 7, 720, 7480.000000, 0.072417, 103290.663794, 103888.000000, 1.000000, 2, 17.758203, 173522.937658, 173522.937658
Z3, 6, 7, 720, 6728.000000, 0.035185, 191217.848515, 192224.000000, 1.000000, 2, 17.758203, 191108.374603, 191108.374603
Z3, 7, 7, 720, 7632.000000, 0.044839, 170208.969870, 173448.000000, 1.000000, 2, 17.758203, 186906.598874, 186906.598874
Z3, 8, 7, 720, 7392.000000, 0.060301, 122585.031757, 123200.000000, 1.000000, 2, 17.758203, 177381.811251, 177381.811251
Z3, 9, 7, 720, 12800.000000, 0.053073, 241177.246434, 241504.000000, 1.000000, 2, 17.758203, 201100.254186, 201100.254186
Z3, 10, 7, 720, 16760.000000, 0.056296, 297712.093222, 299280.000000, 1.000000, 2, 17.758203, 212407.223544, 212407.223544
Z3, 11, 7, 720, 14104.000000, 0.030834, 457417.136927, 470128.000000, 1.000000, 2, 17.758203, 244348.232285, 244348.232285
Z3, 12, 7, 720, 9704.000000, 0.033588, 288912.706919, 294056.000000, 1.000000, 2, 17.758203, 210647.346283, 210647.346283
Z3, 13, 7, 720, 17248.000000, 0.068166, 253029.369480, 253640.000000, 1.000000, 2, 17.758203, 203470.678796, 203470.678796
Z3, 14, 7, 720, 21552.000000, 0.074612, 288854.339784, 291240.000000, 1.000000, 2, 17.758203, 210635.672856, 210635.672856
Z3, 15, 7, 720, 16688.000000, 0.052121, 320178.047236, 320920.000000, 1.000000, 2, 17.758203, 216900.414347, 216900.414347
Z3, 16, 7, 720, 23312.000000, 0.051320, 454247.856586, 457096.000000, 1.000000, 2, 17.758203, 243714.376217, 243714.376217
Z3, 17, 7, 720, 14952.000000, 0.042622, 350804.748721, 356000.000000, 1.000000, 2, 17.758203, 223025.754644, 223025.754644
Z3, 18, 7, 720, 23928.000000, 0.063430, 377234.746965, 379808.000000, 1.000000, 2, 17.758203, 228311.754293, 228311.754293
Z3, 19, 7, 720, 29544.000000, 0.066738, 442686.325632, 447632.000000, 1.000000, 2, 17.758203, 241402.070026, 241402.070026
Z3, 20, 7, 720, 31920.000000, 0.064742, 493033.888357, 498744.000000, 1.000000, 2, 17.758203, 251471.582571, 251471.582571
Z3, 21, 7, 720, 15096.000000, 0.074545, 202508.551881, 204000.000000, 1.000000, 2, 17.758203, 193366.515276, 193366.515276
Z3, 22, 7, 720, 22296.000000, 0.049641, 449144.860095, 455016.000000, 1.000000, 2, 17.758203, 242693.776919, 242693.776919
Z3, 23, 7, 720, 24272.000000, 0.071730, 338380.036247, 341856.000000, 1.000000, 2, 17.758203, 220540.812149, 220540.812149
Z3, 24, 7, 720, 13368.000000, 0.049191, 271757.028725, 272816.000000, 1.000000, 2, 17.758203, 207216.210645, 207216.210645
Z3, 25, 7, 720, 21768.000000, 0.049552, 439296.092993, 444240.000000, 1.000000, 2, 17.758203, 240724.023498, 240724.023498
Z3, 26, 7, 720, 21680.000000, 0.071883, 301601.213082, 305352.000000, 1.000000, 2, 17.758203, 213185.047516, 213185.047516
Z3, 27, 7, 720, 15008.000000, 0.061123, 245537.686305, 246032.000000, 1.000000, 2, 17.758203, 201972.342160, 201972.342160
Z3, 28, 7, 720, 13424.000000, 0.042664, 314644.665292, 319616.000000, 1.000000, 2, 17.758203, 215793.737958, 215793.737958
Z3, 29, 7, 720, 8064.000000, 0.037861, 212989.619926, 217944.000000, 1.000000, 2, 17.758203, 195462.728885, 195462.728885
Z3, 30, 7, 720, 9424.000000, 0.068331, 137916.904480, 138584.000000, 1.000000, 2, 17.758203, 180448.185795, 180448.185795
Z3, 31, 7, 720, 7368.000000, 0.029662, 248398.624503, 254064.000000, 1.000000, 2, 17.758203, 202544.529800, 202544.529800
Z3, 32, 7, 720, 8792.000000, 0.065074, 135107.723515, 135256.000000, 1.000000, 2, 17.758203, 179886.349603, 179886.349603
Z3, 33, 7, 720, 8568.000000, 0.044391, 193012.097047, 194720.000000, 1.000000, 2, 17.758203, 191467.224309, 191467.224309
Z3, 34, 7, 720, 7064.000000, 0.064735, 109121.804279, 110368.000000, 1.000000, 2, 17.758203, 174689.165755, 174689.165755
Z3, 35, 7, 720, 10104.000000, 0.031759, 318146.037344, 325928.000000, 1.000000, 2, 17.758203, 216494.012368, 216494.012368
Z3, 36, 7, 720, 8640.000000, 0.051390, 168126.094571, 169408.000000, 1.000000, 2, 17.758203, 186490.023814, 186490.023814
Z3, 37, 7, 720, 7168.000000, 0.035935, 199471.267566, 204800.000000, 1.000000, 2, 17.758203, 192759.058413, 192759.058413
Z3, 38, 7, 720, 8160.000000, 0.044618, 182885.830831, 185448.000000, 1.000000, 2, 17.758203, 189441.971066, 189441.971066
Z1, 0, 8, 720, 7744.000000, 0.227640, 34018.625901, 34112.000000, 1.000000, 2, 20.713035, 175084.063322, 175084.063322
Z2, 0, 8, 720, 6624.000000, 0.201574, 32861.380932, 32952.000000, 1.000000, 2, 20.713035, 174852.614328, 174852.614328
Z2, 1, 8, 720, 6968.000000, 0.041471, 168021.026742, 169944.000000, 1.000000, 2, 20.713035, 201884.543490, 201884.543490
Z2, 2, 8, 720, 7968.000000, 0.037883, 210331.811103, 215344.000000, 1.000000, 2, 20.713035, 210346.700362, 210346.700362
Z2, 3, 8, 720, 12752.000000, 0.026692, 477746.141166, 490456.000000, 1.000000, 2, 20.713035, 263829.566375, 263829.566375
Z2, 4, 8, 720, 18720.000000, 0.026541, 705323.838589, 720000.000000, 1.000000, 2, 20.713035, 309345.105860, 309345.105860
Z2, 5, 8, 720, 25648.000000, 0.055246, 464250.805488, 466320.000000, 1.000000, 2, 20.713035, 261130.499239, 261130.499239
Z2, 6, 8, 720, 9784.000000, 0.047126, 207613.631541, 208168.000000, 1.000000, 2, 20.713035, 209803.064450, 209803.064450
Z2, 7, 8, 720, 13192.000000, 0.051733, 255001.643052, 258664.000000, 1.000000, 2, 20.713035, 219280.666752, 219280.666752
Z3, 0, 8, 720, 6768.000000, 0.208271, 32496.122840, 32536.000000, 1.000000, 2, 20.713035, 174779.562710, 174779.562710
Z3, 1, 8, 720, 8032.000000, 0.063044, 127403.083561, 127488.000000, 1.000000, 2, 20.713035, 193760.954854, 193760.954854
Z3, 2, 8, 720, 7872.000000, 0.064575, 121904.761905, 123000.000000, 1.000000, 2, 20.713035, 192661.290523, 192661.290523
Z3, 3, 8, 720, 7024.000000, 0.027470, 255697.124135, 260144.000000, 1.000000, 2, 20.713035, 219419.762969, 219419.762969
Z3, 4, 8, 720, 7816.000000, 0.055824, 140011.464603, 142104.000000, 1.000000, 2, 20.713035, 196282.631062, 196282.631062
Z3, 5, 8, 720, 7936.000000, 0.051891, 152935.961920, 155600.000000, 1.000000, 2, 20.713035, 198867.530526, 198867.530526
Z3, 6, 8, 720, 6928.000000, 0.032000, 216500.000000, 216496.000000, 1.000000, 2, 20.713035, 211580.338142, 211580.338142
Z3, 7, 8, 720, 8048.000000, 0.071058, 113259.590757, 113352.000000, 1.000000, 2, 20.713035, 190932.256293, 190932.256293
Z3, 8, 8, 720, 7664.000000, 0.033245, 230530.906903, 232240.000000, 1.000000, 2, 20.713035, 214386.519522, 214386.519522
Z3, 9, 8, 720, 14248.000000, 0.030199, 471803.702109, 474928.000000, 1.000000, 2, 20.713035, 262641.078564, 262641.078564
Z3, 10, 8, 720, 19448.000000, 0.070093, 277459.946072, 277824.000000, 1.000000, 2, 20.713035, 223772.327356, 223772.327356
Z3, 11, 8, 720, 17344.000000, 0.031915, 543443.521855, 559480.000000, 1.000000, 2, 20.713035, 276969.042513, 276969.042513
Z3, 12, 8, 720, 11952.000000, 0.063896, 187053.962689, 189712.000000, 1.000000, 2, 20.713035, 205691.130680, 205691.130680
Z3, 13, 8, 720, 25224.000000, 0.064979, 388186.952708, 394120.000000, 1.000000, 2, 20.713035, 245917.728683, 245917.728683
Z3, 14, 8, 720, 35992.000000, 0.041155, 874547.442595, 877848.000000, 1.000000, 2, 20.713035, 343189.826661, 343189.826661
Z3, 15, 8, 720, 20016.000000, 0.051115, 391587.596596, 392464.000000, 1.000000, 2, 20.713035, 246597.857461, 246597.857461
Z3, 16, 8, 720, 36432.000000, 0.058100, 627056.798623, 628136.000000, 1.000000, 2, 20.713035, 293691.697866, 293691.697866
Z3, 17, 8, 720, 22472.000000, 0.054536, 412058.090069, 416144.000000, 1.000000, 2, 20.713035, 250691.956155, 250691.956155
Z3, 18, 8, 720, 21736.000000, 0.075042, 289651.128701, 289808.000000, 1.000000, 2, 20.713035, 226210.563882, 226210.563882
Z3, 19, 8, 720, 16848.000000, 0.033145, 508311.962589, 510544.000000, 1.000000, 2, 20.713035, 269942.730659, 269942.730659
Z3, 20, 8, 720, 47160.000000, 0.075132, 627695.256349, 628800.000000, 1.000000, 2, 20.713035, 293819.389411, 293819.389411
Z3, 21, 8, 720, 39472.000000, 0.053387, 739356.023002, 744752.000000, 1.000000, 2, 20.713035, 316151.542742, 316151.542742
Z3, 22, 8, 720, 26968.000000, 0.044840, 601427.297056, 612904.000000, 1.000000, 2, 20.713035, 288565.797553, 288565.797553
Z3, 23, 8, 720, 39776.000000, 0.047653, 834700.858288, 846296.000000, 1.000000, 2, 20.713035, 335220.509799, 335220.509799
Z3, 24, 8, 720, 34992.000000, 0.068059, 514142.141377, 514584.000000, 1.000000, 2, 20.713035, 271108.766417, 271108.766417
Z3, 25, 8, 720, 22464.000000, 0.041806, 537339.137923, 547896.000000, 1.000000, 2, 20.713035, 275748.165726, 275748.165726
Z3, 26, 8, 720, 43144.000000, 0.069081, 624542.204079, 625272.000000, 1.000000, 2, 20.713035, 293188.778958, 293188.778958
Z3, 27, 8, 720, 43672.000000, 0.071833, 607965.698217, 615096.000000, 1.000000, 2, 20.713035, 289873.477785, 289873.477785
Z3, 28, 8, 720, 18320.000000, 0.059816, 306272.569212, 310504.000000, 1.000000, 2, 20.713035, 229534.851984, 229534.851984
Z3, 29, 8, 720, 24560.000000, 0.069711, 352311.686821, 355936.000000, 1.000000, 2, 20.713035, 238742.675506, 238742.675506
Z3, 30, 8, 720, 19040.000000, 0.035449, 537109.650484, 544000.000000, 1.000000, 2, 20.713035, 275702.268238, 275702.268238
Z3, 31, 8, 720, 20160.000000, 0.048320, 417218.543046, 420000.000000, 1.000000, 2, 20.713035, 251724.046751, 251724.046751
Z3, 32, 8, 720, 16496.000000, 0.042561, 387584.878175, 392760.000000, 1.000000, 2, 20.713035, 245797.313777, 245797.313777
Z3, 33, 8, 720, 11624.000000, 0.034010, 341781.828874, 341880.000000, 1.000000, 2, 20.713035, 236636.703916, 236636.703916
Z3, 34, 8, 720, 21024.000000, 0.074453, 282379.487731, 284104.000000, 1.000000, 2, 20.713035, 224756.235688, 224756.235688
Z3, 35, 8, 720, 28496.000000, 0.041008, 694888.802185, 695024.000000, 1.000000, 2, 20.713035, 307258.098579, 307258.098579
Z3, 36, 8, 720, 12416.000000, 0.031385, 395602.995061, 400512.000000, 1.000000, 2, 20.713035, 247400.937154, 247400.937154
Z3, 37, 8, 720, 17312.000000, 0.061319, 282326.848122, 283800.000000, 1.000000, 2, 20.713035, 224745.707766, 224745.707766
Z3, 38, 8, 720, 14664.000000, 0.053090, 276210.209079, 276672.000000, 1.000000, 2, 20.713035, 223522.379957, 223522.379957
Z1, 0, 9, 720, 7696.000000, 0.169092, 45513.684858, 45536.000000, 1.000000, 2, 23.641250, 197330.697166, 197330.697166
Z2, 0, 9, 720, 6624.000000, 0.172969, 38295.879608, 38504.000000, 1.000000, 2, 23.641250, 195887.136116, 195887.136116
Z2, 1, 9, 720, 6776.000000, 0.074852, 90525.303265, 91560.000000, 1.000000, 2, 23.641250, 206333.020847, 206333.020847
Z2, 2, 9, 720, 7496.000000, 0.063593, 117874.608841, 118984.000000, 1.000000, 2, 23.641250, 211802.881962, 211802.881962
Z2, 3, 9, 720, 16056.000000, 0.028288, 567590.497738, 573424.000000, 1.000000, 2, 23.641250, 301746.059742, 301746.059742
Z2, 4, 9, 720, 24464.000000, 0.065287, 374714.721154, 376368.000000, 1.000000, 2, 23.641250, 263170.904425, 263170.904425
Z2, 5, 9, 720, 36648.000000, 0.066104, 554399.128646, 555272.000000, 1.000000, 2, 23.641250, 299107.785923, 299107.785923
Z2, 6, 9, 720, 11344.000000, 0.066732, 169993.406462, 171872.000000, 1.000000, 2, 23.641250, 222226.641487, 222226.641487
Z2, 7, 9, 720, 15808.000000, 0.057111, 276794.312829, 277328.000000, 1.000000, 2, 23.641250, 243586.822760, 243586.822760
Z3, 0, 9, 720, 6752.000000, 0.160446, 42082.694489, 42200.000000, 1.000000, 2, 23.641250, 196644.499092, 196644.499092
Z3, 1, 9, 720, 9824.000000, 0.026715, 367733.483062, 377840.000000, 1.000000, 2, 23.641250, 261774.656807, 261774.656807
Z3, 2, 9, 720, 8640.000000, 0.060470, 142880.767323, 144000.000000, 1.000000, 2, 23.641250, 216804.113659, 216804.113659
Z3, 3, 9, 720, 7248.000000, 0.069209, 104726.263925, 105040.000000, 1.000000, 2, 23.641250, 209173.212979, 209173.212979
Z3, 4, 9, 720, 8336.000000, 0.030498, 273329.398649, 277864.000000, 1.000000, 2, 23.641250, 242893.839924, 242893.839924
Z3, 5, 9, 720, 9640.000000, 0.069104, 139499.884232, 139704.000000, 1.000000, 2, 23.641250, 216127.937041, 216127.937041
Z3, 6, 9, 720, 10312.000000, 0.052333, 197045.841056, 198304.000000, 1.000000, 2, 23.641250, 227637.128405, 227637.128405
Z3, 7, 9, 720, 21208.000000, 0.057083, 371529.176813, 372064.000000, 1.000000, 2, 23.641250, 262533.795557, 262533.795557
Z3, 8, 9, 720, 8000.000000, 0.035493, 225396.557068, 228568.000000, 1.000000, 2, 23.641250, 233307.271608, 233307.271608
Z3, 9, 9, 720, 16880.000000, 0.038640, 436853.002070, 444208.000000, 1.000000, 2, 23.641250, 275598.560608, 275598.560608
Z3, 10, 9, 720, 23240.000000, 0.054233, 428521.379972, 430368.000000, 1.000000, 2, 23.641250, 273932.236189, 273932.236189
Z3, 11, 9, 720, 21680.000000, 0.059135, 366618.753699, 367456.000000, 1.000000, 2, 23.641250, 261551.710934, 261551.710934
Z3, 12, 9, 720, 16096.000000, 0.033330, 482928.292829, 487752.000000, 1.000000, 2, 23.641250, 284813.618760, 284813.618760
Z3, 13, 9, 720, 39872.000000, 0.049606, 803773.737048, 813712.000000, 1.000000, 2, 23.641250, 348982.707604, 348982.707604
Z3, 14, 9, 720, 46392.000000, 0.057482, 807070.039317, 813888.000000, 1.000000, 2, 23.641250, 349641.968058, 349641.968058
Z3, 15, 9, 720, 26168.000000, 0.041867, 625026.870805, 638240.000000, 1.000000, 2, 23.641250, 313233.334355, 313233.334355
Z3, 16, 9, 720, 48816.000000, 0.052693, 926422.864517, 938768.000000, 1.000000, 2, 23.641250, 373512.533098, 373512.533098
Z3, 17, 9, 720, 38664.000000, 0.066239, 583704.464137, 585816.000000, 1.000000, 2, 23.641250, 304968.853022, 304968.853022
Z3, 18, 9, 720, 26344.000000, 0.073820, 356868.057437, 360872.000000, 1.000000, 2, 23.641250, 259601.571682, 259601.571682
Z3, 19, 9, 720, 19912.000000, 0.064814, 307217.576450, 311120.000000, 1.000000, 2, 23.641250, 249671.475484, 249671.475484
Z3, 20, 9, 720, 61688.000000, 0.032420, 1902776.064158, 1927744.000000, 1.000000, 2, 23.641250, 568783.173026, 568783.173026
Z3, 21, 9, 720, 59200.000000, 0.066660, 888088.808881, 896968.000000, 1.000000, 2, 23.641250, 365845.721970, 365845.721970
Z3, 22, 9, 720, 41064.000000, 0.055475, 740225.326724, 746616.000000, 1.000000, 2, 23.641250, 336273.025539, 336273.025539
Z3, 23, 9, 720, 55576.000000, 0.068209, 814789.837118, 817288.000000, 1.000000, 2, 23.641250, 351185.927618, 351185.927618
Z3, 24, 9, 720, 50200.000000, 0.059216, 847743.853013, 850840.000000, 1.000000, 2, 23.641250, 357776.730797, 357776.730797
Z3, 25, 9, 720, 30056.000000, 0.075169, 399845.681065, 400744.000000, 1.000000, 2, 23.641250, 268197.096407, 268197.096407
Z3, 26, 9, 720, 59504.000000, 0.073458, 810041.111928, 815120.000000, 1.000000, 2, 23.641250, 350236.182580, 350236.182580
Z3, 27, 9, 720, 65232.000000, 0.061210, 1065708.217612, 1069376.000000, 1.000000, 2, 23.641250, 401369.603717, 401369.603717
Z3, 28, 9, 720, 23952.000000, 0.059598, 401892.680962, 405960.000000, 1.000000, 2, 23.641250, 268606.496387, 268606.496387
Z3, 29, 9, 720, 32816.000000, 0.045640, 719018.404908, 729240.000000, 1.000000, 2, 23.641250, 332031.641176, 332031.641176
Z3, 30, 9, 720, 8856.000000, 0.062687, 141273.310256, 142832.000000, 1.000000, 2, 23.641250, 216482.622245, 216482.622245
Z3, 31, 9, 720, 14088.000000, 0.048845, 288422.561163, 293496.000000, 1.000000, 2, 23.641250, 245912.472427, 245912.472427
Z3, 32, 9, 720, 15104.000000, 0.071166, 212236.180198, 212728.000000, 1.000000, 2, 23.641250, 230675.196234, 230675.196234
Z3, 33, 9, 720, 11784.000000, 0.047460, 248293.299621, 250720.000000, 1.000000, 2, 23.641250, 237886.620118, 237886.620118
Z3, 34, 9, 720, 18496.000000, 0.037050, 499217.273954, 499888.000000, 1.000000, 2, 23.641250, 288071.414985, 288071.414985
Z3, 35, 9, 720, 22376.000000, 0.069993, 319689.111768, 324288.000000, 1.000000, 2, 23.641250, 252165.782548, 252165.782548
Z3, 36, 9, 720, 8792.000000, 0.047905, 183529.902933, 187056.000000, 1.000000, 2, 23.641250, 224933.940781, 224933.940781
Z3, 37, 9, 720, 19464.000000, 0.070878, 274612.714806, 278056.000000, 1.000000, 2, 23.641250, 243150.503155, 243150.503155
Z3, 38, 9, 720, 20360.000000, 0.063761, 319317.451106, 323168.000000, 1.000000, 2, 23.641250, 252091.450416, 252091.450416
Z1, 0, 10, 720, 7480.000000, 0.184619, 40515.873231, 40648.000000, 1.000000, 2, 26.682189, 216536.827938, 216536.827938
Z2, 0, 10, 720, 6624.000000, 0.206842, 32024.443778, 32152.000000, 1.000000, 2, 26.682189, 214838.542047, 214838.542047
Z2, 1, 10, 720, 7008.000000, 0.064804, 108141.472749, 109496.000000, 1.000000, 2, 26.682189, 230061.947841, 230061.947841
Z2, 2, 10, 720, 7832.000000, 0.032344, 242146.920604, 244744.000000, 1.000000, 2, 26.682189, 256863.037412, 256863.037412
Z2, 3, 10, 720, 29728.000000, 0.073470, 404627.739213, 407232.000000, 1.000000, 2, 26.682189, 289359.201134, 289359.201134
Z2, 4, 10, 720, 35840.000000, 0.061966, 578381.693187, 587536.000000, 1.000000, 2, 26.682189, 324109.991929, 324109.991929
Z2, 5, 10, 720, 43888.000000, 0.053000, 828075.471698, 828072.000000, 1.000000, 2, 26.682189, 374048.747631, 374048.747631
Z2, 6, 10, 720, 17936.000000, 0.038614, 464494.742839, 472000.000000, 1.000000, 2, 26.682189, 301332.601859, 301332.601859
Z2, 7, 10, 720, 24920.000000, 0.050983, 488790.381107, 498400.000000, 1.000000, 2, 26.682189, 306191.729513, 306191.729513
Z3, 0, 10, 720, 6840.000000, 0.181504, 37685.119887, 37784.000000, 1.000000, 2, 26.682189, 215970.677269, 215970.677269
Z3, 1, 10, 720, 22064.000000, 0.072985, 302308.693567, 306440.000000, 1.000000, 2, 26.682189, 268895.392005, 268895.392005
Z3, 2, 10, 720, 15312.000000, 0.040684, 376364.172648, 382800.000000, 1.000000, 2, 26.682189, 283706.487821, 283706.487821
Z3, 3, 10, 720, 7752.000000, 0.045135, 171751.412429, 172264.000000, 1.000000, 2, 26.682189, 242783.935777, 242783.935777
Z3, 4, 10, 720, 11432.000000, 0.047693, 239699.746294, 243232.000000, 1.000000, 2, 26.682189, 256373.602550, 256373.602550
Z3, 5, 10, 720, 17232.000000, 0.038756, 444627.928579, 453472.000000, 1.000000, 2, 26.682189, 297359.239007, 297359.239007
Z3, 6, 10, 720, 23328.000000, 0.063892, 365116.133475, 370280.000000, 1.000000, 2, 26.682189, 281456.879987, 281456.879987
Z3, 7, 10, 720, 18496.000000, 0.069044, 267887.144430, 268056.000000, 1.000000, 2, 26.682189, 262011.082177, 262011.082177
Z3, 8, 10, 720, 7968.000000, 0.071105, 112059.630124, 112224.000000, 1.000000, 2, 26.682189, 230845.579316, 230845.579316
Z3, 9, 10, 720, 19568.000000, 0.062565, 312762.726764, 315608.000000, 1.000000, 2, 26.682189, 270986.198644, 270986.198644
Z3, 10, 10, 720, 36064.000000, 0.065521, 550418.949650, 554824.000000, 1.000000, 2, 26.682189, 318517.443221, 318517.443221
Z3, 11, 10, 720, 29248.000000, 0.050400, 580317.460317, 584960.000000, 1.000000, 2, 26.682189, 324497.145355, 324497.145355
Z3, 12, 10, 720, 24216.000000, 0.058903, 411116.581498, 417512.000000, 1.000000, 2, 26.682189, 290656.969591, 290656.969591
Z3, 13, 10, 720, 54424.000000, 0.066792, 814828.123129, 824600.000000, 1.000000, 2, 26.682189, 371399.277917, 371399.277917
Z3, 14, 10, 720, 56832.000000, 0.048788, 1164876.609002, 1184000.000000, 1.000000, 2, 26.682189, 441408.975092, 441408.975092
Z3, 15, 10, 720, 29576.000000, 0.038352, 771172.298707, 778312.000000, 1.000000, 2, 26.682189, 362668.113033, 362668.113033
Z3, 16, 10, 720, 52328.000000, 0.054088, 967460.434847, 969032.000000, 1.000000, 2, 26.682189, 401925.740261, 401925.740261
Z3, 17, 10, 720, 52840.000000, 0.053244, 992412.290587, 996976.000000, 1.000000, 2, 26.682189, 406916.111409, 406916.111409
Z3, 18, 10, 720, 35136.000000, 0.074011, 474740.241315, 474808.000000, 1.000000, 2, 26.682189, 303381.701555, 303381.701555
Z3, 19, 10, 720, 23160.000000, 0.075402, 307153.656402, 308800.000000, 1.000000, 2, 26.682189, 269864.384572, 269864.384572
Z3, 20, 10, 720, 77048.000000, 0.074406, 1035507.889149, 1041184.000000, 1.000000, 2, 26.682189, 415535.231121, 415535.231121
Z3, 21, 10, 720, 68968.000000, 0.069806, 987995.301264, 999536.000000, 1.000000, 2, 26.682189, 406032.713544, 406032.713544
Z3, 22, 10, 720, 52224.000000, 0.063681, 820087.624252, 828952.000000, 1.000000, 2, 26.682189, 372451.178142, 372451.178142
Z3, 23, 10, 720, 76384.000000, 0.071842, 1063222.070655, 1075824.000000, 1.000000, 2, 26.682189, 421078.067422, 421078.067422
Z3, 24, 10, 720, 57512.000000, 0.070998, 810050.987352, 821600.000000, 1.000000, 2, 26.682189, 370443.850762, 370443.850762
Z3, 25, 10, 720, 35600.000000, 0.057062, 623882.794154, 624560.000000, 1.000000, 2, 26.682189, 333210.212122, 333210.212122
Z3, 26, 10, 720, 72816.000000, 0.048891, 1489353.868810, 1517000.000000, 1.000000, 2, 26.682189, 506304.427054, 506304.427054
Z3, 27, 10, 720, 93600.000000, 0.071008, 1318161.333934, 1318304.000000, 1.000000, 2, 26.682189, 472065.920078, 472065.920078
Z3, 28, 10, 720, 23040.000000, 0.057837, 398360.910836, 404208.000000, 1.000000, 2, 26.682189, 288105.835459, 288105.835459
Z3, 29, 10, 720, 35840.000000, 0.040518, 884545.140431, 896000.000000, 1.000000, 2, 26.682189, 385342.681378, 385342.681378
Z3, 30, 10, 720, 13072.000000, 0.067137, 194706.346724, 195104.000000, 1.000000, 2, 26.682189, 247374.922636, 247374.922636
Z3, 31, 10, 720, 20608.000000, 0.063513, 324469.006345, 327104.000000, 1.000000, 2, 26.682189, 273327.454561, 273327.454561
Z3, 32, 10, 720, 22584.000000, 0.045204, 499601.805150, 501864.000000, 1.000000, 2, 26.682189, 308354.014321, 308354.014321
Z3, 33, 10, 720, 14712.000000, 0.032760, 449084.249084, 459744.000000, 1.000000, 2, 26.682189, 298250.503108, 298250.503108
Z3, 34, 10, 720, 20512.000000, 0.061513, 333457.968234, 336256.000000, 1.000000, 2, 26.682189, 275125.246938, 275125.246938
Z3, 35, 10, 720, 17992.000000, 0.048273, 372713.525159, 374832.000000, 1.000000, 2, 26.682189, 282976.358323, 282976.358323
Z3, 36, 10, 720, 11464.000000, 0.072372, 158403.802576, 159216.000000, 1.000000, 2, 26.682189, 240114.413807, 240114.413807
Z3, 37, 10, 720, 22376.000000, 0.057194, 391229.849285, 392560.000000, 1.000000, 2, 26.682189, 286679.623148, 286679.623148
Z3, 38, 10, 720, 29088.000000, 0.060418, 481445.926711, 484800.000000, 1.000000, 2, 26.682189, 304722.838634, 304722.838634
Z1, 0, 11, 720, 41864.000000, 0.172763, 242320.404253, 243392.000000, 1.000000, 2, 29.868620, 300435.964396, 300435.964396
Z2, 0, 11, 720, 10080.000000, 0.164214, 61383.316891, 61456.000000, 1.000000, 2, 29.868620, 264248.546924, 264248.546924
Z2, 1, 11, 720, 36112.000000, 0.075528, 478127.317022, 481488.000000, 1.000000, 2, 29.868620, 347597.346950, 347597.346950
Z2, 2, 11, 720, 36680.000000, 0.060941, 601893.634827, 611328.000000, 1.000000, 2, 29.868620, 372350.610511, 372350.610511
Z2, 3, 11, 720, 39392.000000, 0.060040, 656095.936043, 656528.000000, 1.000000, 2, 29.868620, 383191.070754, 383191.070754
Z2, 4, 11, 720, 43216.000000, 0.072853, 593194.514982, 600216.000000, 1.000000, 2, 29.868620, 370610.786542, 370610.786542
Z2, 5, 11, 720, 50760.000000, 0.060167, 843651.835724, 846000.000000, 1.000000, 2, 29.868620, 420702.250690, 420702.250690
Z2, 6, 11, 720, 17768.000000, 0.063068, 281727.659035, 282024.000000, 1.000000, 2, 29.868620, 308317.415352, 308317.415352
Z2, 7, 11, 720, 33352.000000, 0.063598, 524419.006887, 529392.000000, 1.000000, 2, 29.868620, 356855.684923, 356855.684923
Z3, 0, 11, 720, 6624.000000, 0.203789, 32504.207784, 32624.000000, 1.000000, 2, 29.868620, 258472.725102, 258472.725102
Z3, 1, 11, 720, 11320.000000, 0.041319, 273965.972071, 276096.000000, 1.000000, 2, 29.868620, 306765.077960, 306765.077960
Z3, 2, 11, 720, 16208.000000, 0.050398, 321600.063495, 324160.000000, 1.000000, 2, 29.868620, 316291.896244, 316291.896244
Z3, 3, 11, 720, 12920.000000, 0.049209, 262553.597919, 263672.000000, 1.000000, 2, 29.868620, 304482.603129, 304482.603129
Z3, 4, 11, 720, 8968.000000, 0.075483, 118808.208471, 119568.000000, 1.000000, 2, 29.868620, 275733.525239, 275733.525239
Z3, 5, 11, 720, 12016.000000, 0.039837, 301629.138740, 308096.000000, 1.000000, 2, 29.868620, 312297.711293, 312297.711293
Z3, 6, 11, 720, 21880.000000, 0.070679, 309568.613025, 312568.000000, 1.000000, 2, 29.868620, 313885.606150, 313885.606150
Z3, 7, 11, 720, 13408.000000, 0.041322, 324476.066018, 327024.000000, 1.000000, 2, 29.868620, 316867.096749, 316867.096749
Z3, 8, 11, 720, 14528.000000, 0.031936, 454909.819639, 468640.000000, 1.000000, 2, 29.868620, 342953.847473, 342953.847473
Z3, 9, 11, 720, 15928.000000, 0.064559, 246720.054524, 248872.000000, 1.000000, 2, 29.868620, 301315.894450, 301315.894450
Z3, 10, 11, 720, 8224.000000, 0.075935, 108303.154013, 109648.000000, 1.000000, 2, 29.868620, 273632.514348, 273632.514348
Z3, 11, 11, 720, 8720.000000, 0.054955, 158675.279774, 161480.000000, 1.000000, 2, 29.868620, 283706.939500, 283706.939500
Z3, 12, 11, 720, 23504.000000, 0.073308, 320619.850494, 321968.000000, 1.000000, 2, 29.868620, 316095.853644, 316095.853644
Z3, 13, 11, 720, 50640.000000, 0.038819, 1304515.829877, 1332624.000000, 1.000000, 2, 29.868620, 512875.049521, 512875.049521
Z3, 14, 11, 720, 47296.000000, 0.056456, 837749.752019, 844568.000000, 1.000000, 2, 29.868620, 419521.833949, 419521.833949
Z3, 15, 11, 720, 34344.000000, 0.060476, 567894.702031, 572400.000000, 1.000000, 2, 29.868620, 365550.823951, 365550.823951
Z3, 16, 11, 720, 73648.000000, 0.049371, 1491725.911973, 1503016.000000, 1.000000, 2, 29.868620, 550317.065940, 550317.065940
Z3, 17, 11, 720, 59920.000000, 0.068427, 875677.729551, 881176.000000, 1.000000, 2, 29.868620, 427107.429456, 427107.429456
Z3, 18, 11, 720, 40664.000000, 0.059831, 679647.674283, 689216.000000, 1.000000, 2, 29.868620, 387901.418402, 387901.418402
Z3, 19, 11, 720, 56880.000000, 0.076155, 746897.774276, 748416.000000, 1.000000, 2, 29.868620, 401351.438401, 401351.438401
Z3, 20, 11, 720, 57216.000000, 0.070885, 807166.537349, 817368.000000, 1.000000, 2, 29.868620, 413405.191015, 413405.191015
Z3, 21, 11, 720, 28160.000000, 0.064044, 439697.707826, 440000.000000, 1.000000, 2, 29.868620, 339911.425110, 339911.425110
Z3, 22, 11, 720, 76696.000000, 0.071110, 1078554.352412, 1080224.000000, 1.000000, 2, 29.868620, 467682.754028, 467682.754028
Z3, 23, 11, 720, 80520.000000, 0.065992, 1220147.896715, 1238768.000000, 1.000000, 2, 29.868620, 496001.462888, 496001.462888
Z3, 24, 11, 720, 66560.000000, 0.068258, 975123.795013, 978816.000000, 1.000000, 2, 29.868620, 446996.642548, 446996.642548
Z3, 25, 11, 720, 77808.000000, 0.070325, 1106405.972272, 1111536.000000, 1.000000, 2, 29.868620, 473253.078000, 473253.078000
Z3, 26, 11, 720, 55056.000000, 0.057925, 950470.435909, 965888.000000, 1.000000, 2, 29.868620, 442065.970727, 442065.970727
Z3, 27, 11, 720, 36552.000000, 0.061969, 589843.308751, 599208.000000, 1.000000, 2, 29.868620, 369940.545296, 369940.545296
Z3, 28, 11, 720, 100304.000000, 0.060760, 1650822.909809, 1671728.000000, 1.000000, 2, 29.868620, 582136.465507, 582136.465507
Z3, 29, 11, 720, 133264.000000, 0.128668, 1035719.837100, 1041120.000000, 1.000000, 2, 29.868620, 459115.850965, 459115.850965
Z3, 30, 11, 720, 14528.000000, 0.067343, 215731.404897, 216832.000000, 1.000000, 2, 29.868620, 295118.164525, 295118.164525
Z3, 31, 11, 720, 24392.000000, 0.074894, 325686.970919, 329616.000000, 1.000000, 2, 29.868620, 317109.277729, 317109.277729
Z3, 32, 11, 720, 22216.000000, 0.070803, 313772.015310, 317368.000000, 1.000000, 2, 29.868620, 314726.286607, 314726.286607
Z3, 33, 11, 720, 14368.000000, 0.041217, 348594.026737, 350432.000000, 1.000000, 2, 29.868620, 321690.688893, 321690.688893
Z3, 34, 11, 720, 21288.000000, 0.056855, 374426.171841, 380136.000000, 1.000000, 2, 29.868620, 326857.117913, 326857.117913
Z3, 35, 11, 720, 18544.000000, 0.038775, 478246.292714, 488000.000000, 1.000000, 2, 29.868620, 347621.142088, 347621.142088
Z3, 36, 11, 720, 12272.000000, 0.070333, 174484.239262, 175312.000000, 1.000000, 2, 29.868620, 286868.731398, 286868.731398
Z3, 37, 11, 720, 21736.000000, 0.054440, 399265.246143, 402512.000000, 1.000000, 2, 29.868620, 331824.932774, 331824.932774
Z3, 38, 11, 720, 22688.000000, 0.069335, 327222.903296, 328808.000000, 1.000000, 2, 29.868620, 317416.464204, 317416.464204
Z1, 0, 12, 720, 65984.000000, 0.195527, 337467.459737, 338376.000000, 1.000000, 2, 33.215202, 348332.789986, 348332.789986
Z2, 0, 12, 720, 6624.000000, 0.192441, 34420.939405, 34496.000000, 1.000000, 2, 33.215202, 287723.485919, 287723.485919
Z2, 1, 12, 720, 6760.000000, 0.026831, 251947.374306, 260000.000000, 1.000000, 2, 33.215202, 331228.772899, 331228.772899
Z2, 2, 12, 720, 7528.000000, 0.033450, 225052.316891, 228120.000000, 1.000000, 2, 33.215202, 325849.761416, 325849.761416
Z2, 3, 12, 720, 7704.000000, 0.069025, 111611.734879, 111648.000000, 1.000000, 2, 33.215202, 303161.645014, 303161.645014
Z2, 4, 12, 720, 58576.000000, 0.074964, 781388.399765, 791560.000000, 1.000000, 2, 33.215202, 437116.977991, 437116.977991
Z2, 5, 12, 720, 36544.000000, 0.057849, 631713.599198, 641120.000000, 1.000000, 2, 33.215202, 407182.017878, 407182.017878
Z2, 6, 12, 720, 62000.000000, 0.075192, 824555.803809, 826664.000000, 1.000000, 2, 33.215202, 445750.458800, 445750.458800
Z2, 7, 12, 720, 77544.000000, 0.068244, 1136275.716547, 1140352.000000, 1.000000, 2, 33.215202, 508094.441348, 508094.441348
Z3, 0, 12, 720, 7896.000000, 0.150165, 52582.159624, 52640.000000, 1.000000, 2, 33.215202, 291355.729963, 291355.729963
Z3, 1, 12, 720, 10520.000000, 0.053553, 196440.909006, 198488.000000, 1.000000, 2, 33.215202, 320127.479840, 320127.479840
Z3, 2, 12, 720, 20088.000000, 0.041782, 480781.197645, 489944.000000, 1.000000, 2, 33.215202, 376995.537567, 376995.537567
Z3, 3, 12, 720, 10320.000000, 0.052812, 195410.134060, 198456.000000, 1.000000, 2, 33.215202, 319921.324850, 319921.324850
Z3, 4, 12, 720, 12664.000000, 0.053232, 237902.013826, 238936.000000, 1.000000, 2, 33.215202, 328419.700804, 328419.700804
Z3, 5, 12, 720, 15440.000000, 0.055023, 280609.926758, 280720.000000, 1.000000, 2, 33.215202, 336961.283390, 336961.283390
Z3, 6, 12, 720, 7712.000000, 0.039476, 195359.205593, 197736.000000, 1.000000, 2, 33.215202, 319911.139157, 319911.139157
Z3, 7, 12, 720, 10120.000000, 0.074364, 136087.354096, 136752.000000, 1.000000, 2, 33.215202, 308056.768858, 308056.768858
Z3, 8, 12, 720, 7576.000000, 0.037635, 201301.979540, 204752.000000, 1.000000, 2, 33.215202, 321099.693946, 321099.693946
Z3, 9, 12, 720, 24720.000000, 0.054810, 451012.588944, 457776.000000, 1.000000, 2, 33.215202, 371041.815827, 371041.815827
Z3, 10, 12, 720, 60536.000000, 0.072483, 835175.144517, 840776.000000, 1.000000, 2, 33.215202, 447874.326942, 447874.326942
Z3, 11, 12, 720, 65616.000000, 0.068284, 960927.889403, 964936.000000, 1.000000, 2, 33.215202, 473024.875919, 473024.875919
Z3, 12, 12, 720, 38936.000000, 0.044871, 867731.942680, 884904.000000, 1.000000, 2, 33.215202, 454385.686574, 454385.686574
Z3, 13, 12, 720, 87896.000000, 0.066165, 1328436.484546, 1331752.000000, 1.000000, 2, 33.215202, 546526.594948, 546526.594948
Z3, 14, 12, 720, 78296.000000, 0.065560, 1194264.795607, 1204552.000000, 1.000000, 2, 33.215202, 519692.257160, 519692.257160
Z3, 15, 12, 720, 45720.000000, 0.065671, 696197.712841, 703384.000000, 1.000000, 2, 33.215202, 420078.840607, 420078.840607
Z3, 16, 12, 720, 82616.000000, 0.059619, 1385732.736208, 1400264.000000, 1.000000, 2, 33.215202, 557985.845280, 557985.845280
Z3, 17, 12, 720, 109704.000000, 0.096654, 1135017.691973, 1142744.000000, 1.000000, 2, 33.215202, 507842.836433, 507842.836433
Z3, 18, 12, 720, 28840.000000, 0.074713, 386010.466719, 389728.000000, 1.000000, 2, 33.215202, 358041.391382, 358041.391382
Z3, 19, 12, 720, 75104.000000, 0.063696, 1179100.728460, 1192120.000000, 1.000000, 2, 33.215202, 516659.443730, 516659.443730
Z3, 20, 12, 720, 96504.000000, 0.051711, 1866218.019377, 1892232.000000, 1.000000, 2, 33.215202, 654082.901914, 654082.901914
Z3, 21, 12, 720, 42960.000000, 0.071672, 599397.254158, 605064.000000, 1.000000, 2, 33.215202, 400718.748870, 400718.748870
Z3, 22, 12, 720, 68064.000000, 0.057723, 1179148.692895, 1194104.000000, 1.000000, 2, 33.215202, 516669.036617, 516669.036617
Z3, 23, 12, 720, 50352.000000, 0.075821, 664090.423497, 671360.000000, 1.000000, 2, 33.215202, 413657.382738, 413657.382738
Z3, 24, 12, 720, 31856.000000, 0.056871, 560144.889311, 568856.000000, 1.000000, 2, 33.215202, 392868.275900, 392868.275900
Z3, 25, 12, 720, 130312.000000, 0.092982, 1401475.554408, 1416432.000000, 1.000000, 2, 33.215202, 561134.408920, 561134.408920
Z3, 26, 12, 720, 138080.000000, 0.086954, 1587966.051015, 1605576.000000, 1.000000, 2, 33.215202, 598432.508241, 598432.508241
Z3, 27, 12, 720, 50256.000000, 0.062610, 802683.277432, 810576.000000, 1.000000, 2, 33.215202, 441375.953525, 441375.953525
Z3, 28, 12, 720, 14080.000000, 0.049386, 285101.040781, 287344.000000, 1.000000, 2, 33.215202, 337859.506194, 337859.506194
Z3, 29, 12, 720, 21056.000000, 0.041586, 506324.243736, 513560.000000, 1.000000, 2, 33.215202, 382104.146785, 382104.146785
Z3, 30, 12, 720, 21064.000000, 0.042708, 493209.703100, 501520.000000, 1.000000, 2, 33.215202, 379481.238658, 379481.238658
Z3, 31, 12, 720, 16432.000000, 0.052874, 310776.563150, 316000.000000, 1.000000, 2, 33.215202, 342994.610668, 342994.610668
Z3, 32, 12, 720, 26024.000000, 0.061397, 423864.358193, 426616.000000, 1.000000, 2, 33.215202, 365612.169677, 365612.169677
Z3, 33, 12, 720, 25696.000000, 0.062290, 412522.074169, 414448.000000, 1.000000, 2, 33.215202, 363343.712872, 363343.712872
Z3, 34, 12, 720, 13400.000000, 0.034519, 388192.010197, 394112.000000, 1.000000, 2, 33.215202, 358477.700078, 358477.700078
Z3, 35, 12, 720, 31112.000000, 0.072521, 429006.770453, 432104.000000, 1.000000, 2, 33.215202, 366640.652129, 366640.652129
Z3, 36, 12, 720, 34872.000000, 0.075505, 461850.208595, 464960.000000, 1.000000, 2, 33.215202, 373209.339757, 373209.339757
Z3, 37, 12, 720, 18096.000000, 0.035477, 510076.951264, 517024.000000, 1.000000, 2, 33.215202, 382854.688291, 382854.688291
Z3, 38, 12, 720, 26888.000000, 0.040183, 669138.690491, 672200.000000, 1.000000, 2, 33.215202, 414667.036137, 414667.036137
