Zone, Tile_no, Seg_no, Reso, Seg_d_size, Seg_d_time, Bitrate, Bitrate1, Buf_lev, Buf_limit, Elapsed, Ref_vp, Local_avg
Z1, 0, 1, 720, 9960.000000, 0.173920, 57267.709292, 57568.000000, 1.000000, 2, 0.000061, 57267.709292, 57267.709292
Z2, 0, 1, 720, 8952.000000, 0.174325, 51352.359099, 51448.000000, 1.000000, 2, 0.000061, 25676.179550, 25676.179550
Z2, 1, 1, 720, 5424.000000, 0.050906, 106549.326209, 108480.000000, 1.000000, 2, 0.000061, 35516.442070, 35516.442070
Z2, 2, 1, 720, 7080.000000, 0.050906, 139079.872707, 141600.000000, 1.000000, 2, 0.000061, 34769.968177, 34769.968177
Z2, 3, 1, 720, 18976.000000, 0.051018, 371947.155906, 372072.000000, 1.000000, 2, 0.000061, 74389.431181, 74389.431181
Z2, 4, 1, 720, 8720.000000, 0.050938, 171188.503671, 174400.000000, 1.000000, 2, 0.000061, 34237.700734, 34237.700734
Z2, 5, 1, 720, 8336.000000, 0.050932, 163669.206000, 166720.000000, 1.000000, 2, 0.000061, 32733.841200, 32733.841200
Z2, 6, 1, 720, 6376.000000, 0.050657, 125866.119194, 127520.000000, 1.000000, 2, 0.000061, 25173.223839, 25173.223839
Z2, 7, 1, 720, 6872.000000, 0.050960, 134850.863422, 137440.000000, 1.000000, 2, 0.000061, 26970.172684, 26970.172684
Z3, 0, 1, 720, 7080.000000, 0.172050, 41150.828248, 41160.000000, 1.000000, 2, 0.000061, 8230.165650, 8230.165650
Z3, 1, 1, 720, 7080.000000, 0.050982, 138872.543251, 141600.000000, 1.000000, 2, 0.000061, 27774.508650, 27774.508650
Z3, 2, 1, 720, 5664.000000, 0.050947, 111174.357666, 113280.000000, 1.000000, 2, 0.000061, 22234.871533, 22234.871533
Z3, 3, 1, 720, 7080.000000, 0.050951, 138957.037153, 141600.000000, 1.000000, 2, 0.000061, 27791.407431, 27791.407431
Z3, 4, 1, 720, 7080.000000, 0.050925, 139027.982327, 141600.000000, 1.000000, 2, 0.000061, 27805.596465, 27805.596465
Z3, 5, 1, 720, 5664.000000, 0.050927, 111218.017947, 113280.000000, 1.000000, 2, 0.000061, 22243.603589, 22243.603589
Z3, 6, 1, 720, 7080.000000, 0.050972, 138899.788119, 141600.000000, 1.000000, 2, 0.000061, 27779.957624, 27779.957624
Z3, 7, 1, 720, 7080.000000, 0.050928, 139019.792648, 141600.000000, 1.000000, 2, 0.000061, 27803.958530, 27803.958530
Z3, 8, 1, 720, 5664.000000, 0.050875, 111331.695332, 113280.000000, 1.000000, 2, 0.000061, 22266.339066, 22266.339066
Z3, 9, 1, 720, 7080.000000, 0.050946, 138970.674832, 141600.000000, 1.000000, 2, 0.000061, 27794.134966, 27794.134966
Z3, 10, 1, 720, 12904.000000, 0.050980, 253118.870145, 258080.000000, 1.000000, 2, 0.000061, 50623.774029, 50623.774029
Z3, 11, 1, 720, 17344.000000, 0.050993, 340125.115212, 346880.000000, 1.000000, 2, 0.000061, 68025.023042, 68025.023042
Z3, 12, 1, 720, 16912.000000, 0.050998, 331620.847876, 338240.000000, 1.000000, 2, 0.000061, 66324.169575, 66324.169575
Z3, 13, 1, 720, 13240.000000, 0.050998, 259618.024236, 264800.000000, 1.000000, 2, 0.000061, 51923.604847, 51923.604847
Z3, 14, 1, 720, 28328.000000, 0.050981, 555657.990232, 566560.000000, 1.000000, 2, 0.000061, 111131.598046, 111131.598046
Z3, 15, 1, 720, 30528.000000, 0.051072, 597744.360902, 598584.000000, 1.000000, 2, 0.000061, 119548.872180, 119548.872180
Z3, 16, 1, 720, 16360.000000, 0.050961, 321029.807107, 327200.000000, 1.000000, 2, 0.000061, 64205.961421, 64205.961421
Z3, 17, 1, 720, 33216.000000, 0.051080, 650274.079875, 651288.000000, 1.000000, 2, 0.000061, 130054.815975, 130054.815975
Z3, 18, 1, 720, 28000.000000, 0.051044, 548546.352167, 549016.000000, 1.000000, 2, 0.000061, 109709.270433, 109709.270433
Z3, 19, 1, 720, 15744.000000, 0.051019, 308590.917109, 308704.000000, 1.000000, 2, 0.000061, 61718.183422, 61718.183422
Z3, 20, 1, 720, 16024.000000, 0.051024, 314048.291000, 314192.000000, 1.000000, 2, 0.000061, 62809.658200, 62809.658200
Z3, 21, 1, 720, 11576.000000, 0.050969, 227118.444545, 231520.000000, 1.000000, 2, 0.000061, 45423.688909, 45423.688909
Z3, 22, 1, 720, 10816.000000, 0.050970, 212203.256818, 216320.000000, 1.000000, 2, 0.000061, 42440.651364, 42440.651364
Z3, 23, 1, 720, 13224.000000, 0.051017, 259207.715075, 259288.000000, 1.000000, 2, 0.000061, 51841.543015, 51841.543015
Z3, 24, 1, 720, 17528.000000, 0.050937, 344111.353240, 350560.000000, 1.000000, 2, 0.000061, 68822.270648, 68822.270648
Z3, 25, 1, 720, 23824.000000, 0.050957, 467531.448084, 476480.000000, 1.000000, 2, 0.000061, 93506.289617, 93506.289617
Z3, 26, 1, 720, 11024.000000, 0.216589, 50898.245063, 51032.000000, 1.000000, 2, 0.000061, 10179.649013, 10179.649013
Z3, 27, 1, 720, 15112.000000, 0.051015, 296226.600020, 296312.000000, 1.000000, 2, 0.000061, 59245.320004, 59245.320004
Z3, 28, 1, 720, 24552.000000, 0.050970, 481695.114773, 491040.000000, 1.000000, 2, 0.000061, 96339.022955, 96339.022955
Z3, 29, 1, 720, 10824.000000, 0.051000, 212235.294118, 212232.000000, 1.000000, 2, 0.000061, 42447.058824, 42447.058824
Z3, 30, 1, 720, 6872.000000, 0.050902, 135004.518487, 137440.000000, 1.000000, 2, 0.000061, 27000.903697, 27000.903697
Z3, 31, 1, 720, 6872.000000, 0.050917, 134964.746548, 137440.000000, 1.000000, 2, 0.000061, 26992.949310, 26992.949310
Z3, 32, 1, 720, 6376.000000, 0.050903, 125257.843349, 127520.000000, 1.000000, 2, 0.000061, 25051.568670, 25051.568670
Z3, 33, 1, 720, 6872.000000, 0.050928, 134935.595350, 137440.000000, 1.000000, 2, 0.000061, 26987.119070, 26987.119070
Z3, 34, 1, 720, 6872.000000, 0.050894, 135025.739773, 137440.000000, 1.000000, 2, 0.000061, 27005.147955, 27005.147955
Z3, 35, 1, 720, 6376.000000, 0.050927, 125198.813989, 127520.000000, 1.000000, 2, 0.000061, 25039.762798, 25039.762798
Z3, 36, 1, 720, 6872.000000, 0.050884, 135052.275764, 137440.000000, 1.000000, 2, 0.000061, 27010.455153, 27010.455153
Z3, 37, 1, 720, 6872.000000, 0.050924, 134946.194329, 137440.000000, 1.000000, 2, 0.000061, 26989.238866, 26989.238866
Z3, 38, 1, 720, 6376.000000, 0.050864, 125353.884869, 127520.000000, 1.000000, 2, 0.000061, 25070.776974, 25070.776974
Z1, 0, 2, 720, 7080.000000, 0.247116, 28650.512310, 28656.000000, 1.000000, 2, 2.985073, 30800.879436, 30800.879436
Z2, 0, 2, 720, 6624.000000, 0.173928, 38084.724714, 38288.000000, 1.000000, 2, 2.985073, 32687.721917, 32687.721917
Z2, 1, 2, 720, 5424.000000, 0.050837, 106693.943388, 108480.000000, 1.000000, 2, 2.985073, 46409.565651, 46409.565651
Z2, 2, 2, 720, 7080.000000, 0.050922, 139036.172970, 141600.000000, 1.000000, 2, 2.985073, 52878.011568, 52878.011568
Z2, 3, 2, 720, 12648.000000, 0.050993, 248034.043888, 252960.000000, 1.000000, 2, 2.985073, 74677.585752, 74677.585752
Z2, 4, 2, 720, 15344.000000, 0.051040, 300626.959248, 300856.000000, 1.000000, 2, 2.985073, 85196.168823, 85196.168823
Z2, 5, 2, 720, 18392.000000, 0.051026, 360443.695371, 360624.000000, 1.000000, 2, 2.985073, 97159.516048, 97159.516048
Z2, 6, 2, 720, 9160.000000, 0.050965, 179731.188070, 183200.000000, 1.000000, 2, 2.985073, 61017.014588, 61017.014588
Z2, 7, 2, 720, 8048.000000, 0.050871, 158204.084842, 160960.000000, 1.000000, 2, 2.985073, 56711.593942, 56711.593942
Z3, 0, 2, 720, 7080.000000, 0.250494, 28264.150040, 28320.000000, 1.000000, 2, 2.985073, 30723.606982, 30723.606982
Z3, 1, 2, 720, 7080.000000, 0.050860, 139205.662603, 141600.000000, 1.000000, 2, 2.985073, 52911.909495, 52911.909495
Z3, 2, 2, 720, 5664.000000, 0.050925, 111222.385862, 113280.000000, 1.000000, 2, 2.985073, 47315.254146, 47315.254146
Z3, 3, 2, 720, 7080.000000, 0.050877, 139159.148535, 141600.000000, 1.000000, 2, 2.985073, 52902.606681, 52902.606681
Z3, 4, 2, 720, 7080.000000, 0.050930, 139014.333399, 141600.000000, 1.000000, 2, 2.985073, 52873.643654, 52873.643654
Z3, 5, 2, 720, 5664.000000, 0.050893, 111292.319179, 113280.000000, 1.000000, 2, 2.985073, 47329.240810, 47329.240810
Z3, 6, 2, 720, 7080.000000, 0.050873, 139170.090225, 141600.000000, 1.000000, 2, 2.985073, 52904.795019, 52904.795019
Z3, 7, 2, 720, 7080.000000, 0.050804, 139359.105582, 141600.000000, 1.000000, 2, 2.985073, 52942.598090, 52942.598090
Z3, 8, 2, 720, 5664.000000, 0.050846, 111395.193329, 113280.000000, 1.000000, 2, 2.985073, 47349.815640, 47349.815640
Z3, 9, 2, 720, 17112.000000, 0.050881, 336314.144769, 342240.000000, 1.000000, 2, 2.985073, 92333.605928, 92333.605928
Z3, 10, 2, 720, 15320.000000, 0.050844, 301313.822673, 306400.000000, 1.000000, 2, 2.985073, 85333.541509, 85333.541509
Z3, 11, 2, 720, 10704.000000, 0.050942, 210121.314436, 214080.000000, 1.000000, 2, 2.985073, 67095.039861, 67095.039861
Z3, 12, 2, 720, 18776.000000, 0.050998, 368171.300835, 375520.000000, 1.000000, 2, 2.985073, 98705.037141, 98705.037141
Z3, 13, 2, 720, 21848.000000, 0.050933, 428955.686883, 436960.000000, 1.000000, 2, 2.985073, 110861.914350, 110861.914350
Z3, 14, 2, 720, 12752.000000, 0.050881, 250624.005031, 255040.000000, 1.000000, 2, 2.985073, 75195.577980, 75195.577980
Z3, 15, 2, 720, 21856.000000, 0.050855, 429770.917314, 437120.000000, 1.000000, 2, 2.985073, 111024.960437, 111024.960437
Z3, 16, 2, 720, 16880.000000, 0.050810, 332218.067310, 337600.000000, 1.000000, 2, 2.985073, 91514.390436, 91514.390436
Z3, 17, 2, 720, 12128.000000, 0.050947, 238051.308222, 242560.000000, 1.000000, 2, 2.985073, 72681.038618, 72681.038618
Z3, 18, 2, 720, 11592.000000, 0.050946, 227535.037098, 231840.000000, 1.000000, 2, 2.985073, 70577.784394, 70577.784394
Z3, 19, 2, 720, 9952.000000, 0.050935, 195386.276627, 199040.000000, 1.000000, 2, 2.985073, 64148.032299, 64148.032299
Z3, 20, 2, 720, 11064.000000, 0.050866, 217512.680376, 221280.000000, 1.000000, 2, 2.985073, 68573.313049, 68573.313049
Z3, 21, 2, 720, 14728.000000, 0.050915, 289266.424433, 294560.000000, 1.000000, 2, 2.985073, 82924.061860, 82924.061860
Z3, 22, 2, 720, 16264.000000, 0.050883, 319635.241633, 325280.000000, 1.000000, 2, 2.985073, 88997.825300, 88997.825300
Z3, 23, 2, 720, 9504.000000, 0.050837, 186950.449476, 190080.000000, 1.000000, 2, 2.985073, 62460.866869, 62460.866869
Z3, 24, 2, 720, 12688.000000, 0.050876, 249390.675368, 253760.000000, 1.000000, 2, 2.985073, 74948.912047, 74948.912047
Z3, 25, 2, 720, 17320.000000, 0.050945, 339974.482285, 346400.000000, 1.000000, 2, 2.985073, 93065.673431, 93065.673431
Z3, 26, 2, 720, 10632.000000, 0.050778, 209382.015834, 212640.000000, 1.000000, 2, 2.985073, 66947.180141, 66947.180141
Z3, 27, 2, 720, 9320.000000, 0.051066, 182508.910038, 182744.000000, 1.000000, 2, 2.985073, 61572.558981, 61572.558981
Z3, 28, 2, 720, 6376.000000, 0.050962, 125112.829167, 127520.000000, 1.000000, 2, 2.985073, 50093.342807, 50093.342807
Z3, 29, 2, 720, 6872.000000, 0.050811, 135246.304934, 137440.000000, 1.000000, 2, 2.985073, 52120.037961, 52120.037961
Z3, 30, 2, 720, 6872.000000, 0.050854, 135131.946356, 137440.000000, 1.000000, 2, 2.985073, 52097.166245, 52097.166245
Z3, 31, 2, 720, 6376.000000, 0.050854, 125378.534629, 127520.000000, 1.000000, 2, 2.985073, 50146.483900, 50146.483900
Z3, 32, 2, 720, 6872.000000, 0.050937, 134911.753735, 137440.000000, 1.000000, 2, 2.985073, 52053.127721, 52053.127721
Z3, 33, 2, 720, 6872.000000, 0.050882, 135057.584214, 137440.000000, 1.000000, 2, 2.985073, 52082.293817, 52082.293817
Z3, 34, 2, 720, 6376.000000, 0.050890, 125289.840833, 127520.000000, 1.000000, 2, 2.985073, 50128.745141, 50128.745141
Z3, 35, 2, 720, 6872.000000, 0.050860, 135116.004719, 137440.000000, 1.000000, 2, 2.985073, 52093.977918, 52093.977918
Z3, 36, 2, 720, 6872.000000, 0.050924, 134946.194329, 137440.000000, 1.000000, 2, 2.985073, 52060.015840, 52060.015840
Z3, 37, 2, 720, 6376.000000, 0.050863, 125356.349409, 127520.000000, 1.000000, 2, 2.985073, 50142.046856, 50142.046856
Z3, 38, 2, 720, 6872.000000, 0.050893, 135028.392903, 137440.000000, 1.000000, 2, 2.985073, 52076.455554, 52076.455554
Z1, 0, 3, 720, 9896.000000, 0.171816, 57596.498580, 57864.000000, 1.000000, 2, 5.953992, 63595.755270, 63595.755270
Z2, 0, 3, 720, 6624.000000, 0.248730, 26631.286938, 26704.000000, 1.000000, 2, 5.953992, 57402.712942, 57402.712942
Z2, 1, 3, 720, 5424.000000, 0.050966, 106423.890437, 108480.000000, 1.000000, 2, 5.953992, 73361.233642, 73361.233642
Z2, 2, 3, 720, 7080.000000, 0.050924, 139030.712434, 141600.000000, 1.000000, 2, 5.953992, 79882.598041, 79882.598041
Z2, 3, 3, 720, 18632.000000, 0.051069, 364839.726644, 365328.000000, 1.000000, 2, 5.953992, 125044.400883, 125044.400883
Z2, 4, 3, 720, 9664.000000, 0.051056, 189282.356628, 189488.000000, 1.000000, 2, 5.953992, 89932.926880, 89932.926880
Z2, 5, 3, 720, 8424.000000, 0.051035, 165063.191927, 165176.000000, 1.000000, 2, 5.953992, 85089.093940, 85089.093940
Z2, 6, 3, 720, 6376.000000, 0.050967, 125100.555261, 127520.000000, 1.000000, 2, 5.953992, 77096.566607, 77096.566607
Z2, 7, 3, 720, 6872.000000, 0.051000, 134745.098039, 134744.000000, 1.000000, 2, 5.953992, 79025.475162, 79025.475162
Z3, 0, 3, 720, 7080.000000, 0.172340, 41081.582917, 41160.000000, 1.000000, 2, 5.953992, 60292.772138, 60292.772138
Z3, 1, 3, 720, 7080.000000, 0.050944, 138976.130653, 141600.000000, 1.000000, 2, 5.953992, 79871.681685, 79871.681685
Z3, 2, 3, 720, 5664.000000, 0.050998, 111063.178948, 113280.000000, 1.000000, 2, 5.953992, 74289.091344, 74289.091344
Z3, 3, 3, 720, 7080.000000, 0.051016, 138779.990591, 138816.000000, 1.000000, 2, 5.953992, 79832.453673, 79832.453673
Z3, 4, 3, 720, 7080.000000, 0.050955, 138946.128937, 141600.000000, 1.000000, 2, 5.953992, 79865.681342, 79865.681342
Z3, 5, 3, 720, 5664.000000, 0.050943, 111183.086980, 113280.000000, 1.000000, 2, 5.953992, 74313.072950, 74313.072950
Z3, 6, 3, 720, 7080.000000, 0.050972, 138899.788119, 141600.000000, 1.000000, 2, 5.953992, 79856.413178, 79856.413178
Z3, 7, 3, 720, 7080.000000, 0.050921, 139038.903399, 141600.000000, 1.000000, 2, 5.953992, 79884.236234, 79884.236234
Z3, 8, 3, 720, 5664.000000, 0.050929, 111213.650376, 113280.000000, 1.000000, 2, 5.953992, 74319.185630, 74319.185630
Z3, 9, 3, 720, 7080.000000, 0.050957, 138940.675471, 141600.000000, 1.000000, 2, 5.953992, 79864.590649, 79864.590649
Z3, 10, 3, 720, 14120.000000, 0.051004, 276841.032076, 276856.000000, 1.000000, 2, 5.953992, 107444.661970, 107444.661970
Z3, 11, 3, 720, 17536.000000, 0.052095, 336615.798061, 337224.000000, 1.000000, 2, 5.953992, 119399.615167, 119399.615167
Z3, 12, 3, 720, 16008.000000, 0.050951, 314184.216208, 320160.000000, 1.000000, 2, 5.953992, 114913.298796, 114913.298796
Z3, 13, 3, 720, 10896.000000, 0.050975, 213751.839137, 217920.000000, 1.000000, 2, 5.953992, 94826.823382, 94826.823382
Z3, 14, 3, 720, 19720.000000, 0.050901, 387418.714760, 394400.000000, 1.000000, 2, 5.953992, 129560.198506, 129560.198506
Z3, 15, 3, 720, 20104.000000, 0.050936, 394691.377415, 402080.000000, 1.000000, 2, 5.953992, 131014.731037, 131014.731037
Z3, 16, 3, 720, 12504.000000, 0.050945, 245441.162037, 250080.000000, 1.000000, 2, 5.953992, 101164.687962, 101164.687962
Z3, 17, 3, 720, 23072.000000, 0.050933, 452987.257770, 461440.000000, 1.000000, 2, 5.953992, 142673.907108, 142673.907108
Z3, 18, 3, 720, 18112.000000, 0.051080, 354581.049334, 355136.000000, 1.000000, 2, 5.953992, 122992.665421, 122992.665421
Z3, 19, 3, 720, 12544.000000, 0.050917, 246361.725946, 250880.000000, 1.000000, 2, 5.953992, 101348.800744, 101348.800744
Z3, 20, 3, 720, 15304.000000, 0.050950, 300372.914622, 306080.000000, 1.000000, 2, 5.953992, 112151.038479, 112151.038479
Z3, 21, 3, 720, 12280.000000, 0.050991, 240826.812575, 245600.000000, 1.000000, 2, 5.953992, 100241.818069, 100241.818069
Z3, 22, 3, 720, 10368.000000, 0.050903, 203681.511895, 207360.000000, 1.000000, 2, 5.953992, 92812.757933, 92812.757933
Z3, 23, 3, 720, 10520.000000, 0.050911, 206635.108326, 210400.000000, 1.000000, 2, 5.953992, 93403.477220, 93403.477220
Z3, 24, 3, 720, 15288.000000, 0.050869, 300536.672630, 305760.000000, 1.000000, 2, 5.953992, 112183.790080, 112183.790080
Z3, 25, 3, 720, 16344.000000, 0.051026, 320307.294321, 320464.000000, 1.000000, 2, 5.953992, 116137.914419, 116137.914419
Z3, 26, 3, 720, 9016.000000, 0.051000, 176784.313725, 176784.000000, 1.000000, 2, 5.953992, 87433.318300, 87433.318300
Z3, 27, 3, 720, 13800.000000, 0.051037, 270392.068499, 270584.000000, 1.000000, 2, 5.953992, 106154.869254, 106154.869254
Z3, 28, 3, 720, 17664.000000, 0.053167, 332236.161529, 333280.000000, 1.000000, 2, 5.953992, 118523.687860, 118523.687860
Z3, 29, 3, 720, 10240.000000, 0.051085, 200450.230009, 200784.000000, 1.000000, 2, 5.953992, 92166.501556, 92166.501556
Z3, 30, 3, 720, 6872.000000, 0.051325, 133891.865563, 134744.000000, 1.000000, 2, 5.953992, 78854.828667, 78854.828667
Z3, 31, 3, 720, 6872.000000, 0.050919, 134959.445394, 137440.000000, 1.000000, 2, 5.953992, 79068.344633, 79068.344633
Z3, 32, 3, 720, 6376.000000, 0.051000, 125019.607843, 125016.000000, 1.000000, 2, 5.953992, 77080.377123, 77080.377123
Z3, 33, 3, 720, 6872.000000, 0.050988, 134776.810230, 137440.000000, 1.000000, 2, 5.953992, 79031.817600, 79031.817600
Z3, 34, 3, 720, 6872.000000, 0.051082, 134528.796836, 134744.000000, 1.000000, 2, 5.953992, 78982.214922, 78982.214922
Z3, 35, 3, 720, 6376.000000, 0.050923, 125208.648351, 127520.000000, 1.000000, 2, 5.953992, 77118.185225, 77118.185225
Z3, 36, 3, 720, 6872.000000, 0.051042, 134634.222797, 134744.000000, 1.000000, 2, 5.953992, 79003.300114, 79003.300114
Z3, 37, 3, 720, 6872.000000, 0.050998, 134750.382368, 137440.000000, 1.000000, 2, 5.953992, 79026.532028, 79026.532028
Z3, 38, 3, 720, 6376.000000, 0.050996, 125029.414072, 127520.000000, 1.000000, 2, 5.953992, 77082.338369, 77082.338369
Z1, 0, 4, 720, 22592.000000, 0.171745, 131543.858628, 132112.000000, 1.000000, 2, 8.852008, 103391.110094, 103391.110094
Z2, 0, 4, 720, 6624.000000, 0.173089, 38269.329651, 38288.000000, 1.000000, 2, 8.852008, 84736.204299, 84736.204299
Z2, 1, 4, 720, 6648.000000, 0.050987, 130386.176869, 132960.000000, 1.000000, 2, 8.852008, 103159.573743, 103159.573743
Z2, 2, 4, 720, 7200.000000, 0.050832, 141643.059490, 144000.000000, 1.000000, 2, 8.852008, 105410.950267, 105410.950267
Z2, 3, 4, 720, 7296.000000, 0.050950, 143199.214917, 145920.000000, 1.000000, 2, 8.852008, 105722.181352, 105722.181352
Z2, 4, 4, 720, 17272.000000, 0.051080, 338136.256852, 338664.000000, 1.000000, 2, 8.852008, 144709.589739, 144709.589739
Z2, 5, 4, 720, 26240.000000, 0.051108, 513422.556156, 514504.000000, 1.000000, 2, 8.852008, 179766.849600, 179766.849600
Z2, 6, 4, 720, 12720.000000, 0.051071, 249065.027119, 249408.000000, 1.000000, 2, 8.852008, 126895.343793, 126895.343793
Z2, 7, 4, 720, 11496.000000, 0.050962, 225579.843805, 229920.000000, 1.000000, 2, 8.852008, 122198.307130, 122198.307130
Z3, 0, 4, 720, 6448.000000, 0.172968, 37278.571759, 37488.000000, 1.000000, 2, 8.852008, 84538.052721, 84538.052721
Z3, 1, 4, 720, 7448.000000, 0.050863, 146432.573777, 148960.000000, 1.000000, 2, 8.852008, 106368.853124, 106368.853124
Z3, 2, 4, 720, 7424.000000, 0.050893, 145874.678247, 148480.000000, 1.000000, 2, 8.852008, 106257.274018, 106257.274018
Z3, 3, 4, 720, 6648.000000, 0.050911, 130580.817505, 132960.000000, 1.000000, 2, 8.852008, 103198.501870, 103198.501870
Z3, 4, 4, 720, 7224.000000, 0.050927, 141850.099162, 144480.000000, 1.000000, 2, 8.852008, 105452.358201, 105452.358201
Z3, 5, 4, 720, 7240.000000, 0.050821, 142460.793766, 144800.000000, 1.000000, 2, 8.852008, 105574.497122, 105574.497122
Z3, 6, 4, 720, 6648.000000, 0.050972, 130424.546810, 132960.000000, 1.000000, 2, 8.852008, 103167.247731, 103167.247731
Z3, 7, 4, 720, 7232.000000, 0.050917, 142035.076693, 144640.000000, 1.000000, 2, 8.852008, 105489.353707, 105489.353707
Z3, 8, 4, 720, 7296.000000, 0.050912, 143306.096794, 145920.000000, 1.000000, 2, 8.852008, 105743.557728, 105743.557728
Z3, 9, 4, 720, 16456.000000, 0.051017, 322559.146951, 322664.000000, 1.000000, 2, 8.852008, 141594.167759, 141594.167759
Z3, 10, 4, 720, 25392.000000, 0.051051, 497384.967973, 497880.000000, 1.000000, 2, 8.852008, 176559.331963, 176559.331963
Z3, 11, 4, 720, 21592.000000, 0.051051, 422949.599420, 423368.000000, 1.000000, 2, 8.852008, 161672.258253, 161672.258253
Z3, 12, 4, 720, 13528.000000, 0.216369, 62522.819812, 62624.000000, 1.000000, 2, 8.852008, 89586.902331, 89586.902331
Z3, 13, 4, 720, 29512.000000, 0.051068, 577896.138482, 578664.000000, 1.000000, 2, 8.852008, 192661.566065, 192661.566065
Z3, 14, 4, 720, 29688.000000, 0.051053, 581513.329285, 582112.000000, 1.000000, 2, 8.852008, 193385.004226, 193385.004226
Z3, 15, 4, 720, 16760.000000, 0.050988, 328704.793285, 335200.000000, 1.000000, 2, 8.852008, 142823.297026, 142823.297026
Z3, 16, 4, 720, 33128.000000, 0.051113, 648132.569014, 649568.000000, 1.000000, 2, 8.852008, 206708.852172, 206708.852172
Z3, 17, 4, 720, 26248.000000, 0.051065, 514011.553902, 514664.000000, 1.000000, 2, 8.852008, 179884.649149, 179884.649149
Z3, 18, 4, 720, 14624.000000, 0.051037, 286537.218097, 286744.000000, 1.000000, 2, 8.852008, 134389.781988, 134389.781988
Z3, 19, 4, 720, 26816.000000, 0.051093, 524846.847905, 525800.000000, 1.000000, 2, 8.852008, 182051.707950, 182051.707950
Z3, 20, 4, 720, 23128.000000, 0.051032, 453205.831635, 453488.000000, 1.000000, 2, 8.852008, 167723.504696, 167723.504696
Z3, 21, 4, 720, 19440.000000, 0.050972, 381385.858903, 388800.000000, 1.000000, 2, 8.852008, 153359.510149, 153359.510149
Z3, 22, 4, 720, 29088.000000, 0.051090, 569348.209043, 570352.000000, 1.000000, 2, 8.852008, 190951.980177, 190951.980177
Z3, 23, 4, 720, 29840.000000, 0.051036, 584685.320166, 585096.000000, 1.000000, 2, 8.852008, 194019.402402, 194019.402402
Z3, 24, 4, 720, 17200.000000, 0.050930, 337718.437070, 344000.000000, 1.000000, 2, 8.852008, 144626.025783, 144626.025783
Z3, 25, 4, 720, 25664.000000, 0.050980, 503413.103178, 513280.000000, 1.000000, 2, 8.852008, 177764.959004, 177764.959004
Z3, 26, 4, 720, 26808.000000, 0.051014, 525502.803152, 525640.000000, 1.000000, 2, 8.852008, 182182.898999, 182182.898999
Z3, 27, 4, 720, 17472.000000, 0.050909, 343200.612858, 349440.000000, 1.000000, 2, 8.852008, 145722.460940, 145722.460940
Z3, 28, 4, 720, 6448.000000, 0.050853, 126796.845810, 128960.000000, 1.000000, 2, 8.852008, 102441.707531, 102441.707531
Z3, 29, 4, 720, 7200.000000, 0.050796, 141743.444366, 144000.000000, 1.000000, 2, 8.852008, 105431.027242, 105431.027242
Z3, 30, 4, 720, 7520.000000, 0.050856, 147868.491427, 150400.000000, 1.000000, 2, 8.852008, 106656.036654, 106656.036654
Z3, 31, 4, 720, 6728.000000, 0.050843, 132328.934170, 134560.000000, 1.000000, 2, 8.852008, 103548.125203, 103548.125203
Z3, 32, 4, 720, 7224.000000, 0.050906, 141908.615880, 144480.000000, 1.000000, 2, 8.852008, 105464.061545, 105464.061545
Z3, 33, 4, 720, 7256.000000, 0.050940, 142442.088732, 145120.000000, 1.000000, 2, 8.852008, 105570.756115, 105570.756115
Z3, 34, 4, 720, 6544.000000, 0.050908, 128545.611692, 130880.000000, 1.000000, 2, 8.852008, 102791.460707, 102791.460707
Z3, 35, 4, 720, 12272.000000, 0.050974, 240750.186370, 245440.000000, 1.000000, 2, 8.852008, 125232.375643, 125232.375643
Z3, 36, 4, 720, 8544.000000, 0.050969, 167631.305303, 170880.000000, 1.000000, 2, 8.852008, 110608.599429, 110608.599429
Z3, 37, 4, 720, 6424.000000, 0.050927, 126141.339564, 128480.000000, 1.000000, 2, 8.852008, 102310.606282, 102310.606282
Z3, 38, 4, 720, 6872.000000, 0.050927, 134938.244939, 137440.000000, 1.000000, 2, 8.852008, 104069.987357, 104069.987357
Z1, 0, 5, 720, 20272.000000, 0.170811, 118680.881208, 119240.000000, 1.000000, 2, 11.835727, 127806.163598, 127806.163598
Z2, 0, 5, 720, 6624.000000, 0.248451, 26661.192750, 26704.000000, 1.000000, 2, 11.835727, 109402.225907, 109402.225907
Z2, 1, 5, 720, 7616.000000, 0.051015, 149289.424679, 149328.000000, 1.000000, 2, 11.835727, 133927.872292, 133927.872292
Z2, 2, 5, 720, 8792.000000, 0.051087, 172098.576937, 172392.000000, 1.000000, 2, 11.835727, 138489.702744, 138489.702744
Z2, 3, 5, 720, 8816.000000, 0.051005, 172845.799431, 172856.000000, 1.000000, 2, 11.835727, 138639.147243, 138639.147243
Z2, 4, 5, 720, 14976.000000, 0.050952, 293923.692887, 299520.000000, 1.000000, 2, 11.835727, 162854.725934, 162854.725934
Z2, 5, 5, 720, 25312.000000, 0.051172, 494645.509263, 496312.000000, 1.000000, 2, 11.835727, 202999.089209, 202999.089209
Z2, 6, 5, 720, 13208.000000, 0.051003, 258965.158912, 258976.000000, 1.000000, 2, 11.835727, 155863.019139, 155863.019139
Z2, 7, 5, 720, 16320.000000, 0.216117, 75514.651786, 75552.000000, 1.000000, 2, 11.835727, 119172.917714, 119172.917714
Z3, 0, 5, 720, 7712.000000, 0.173819, 44367.991992, 44576.000000, 1.000000, 2, 11.835727, 112943.585755, 112943.585755
Z3, 1, 5, 720, 9624.000000, 0.051002, 188698.482412, 188704.000000, 1.000000, 2, 11.835727, 141809.683839, 141809.683839
Z3, 2, 5, 720, 9096.000000, 0.050966, 178471.922458, 181920.000000, 1.000000, 2, 11.835727, 139764.371848, 139764.371848
Z3, 3, 5, 720, 7632.000000, 0.050875, 150014.742015, 152640.000000, 1.000000, 2, 11.835727, 134072.935759, 134072.935759
Z3, 4, 5, 720, 8304.000000, 0.050885, 163191.510268, 166080.000000, 1.000000, 2, 11.835727, 136708.289410, 136708.289410
Z3, 5, 5, 720, 8504.000000, 0.050959, 166879.255872, 170080.000000, 1.000000, 2, 11.835727, 137445.838531, 137445.838531
Z3, 6, 5, 720, 7384.000000, 0.307092, 24044.911623, 24048.000000, 1.000000, 2, 11.835727, 108878.969681, 108878.969681
Z3, 7, 5, 720, 8968.000000, 0.050923, 176109.027355, 179360.000000, 1.000000, 2, 11.835727, 139291.792828, 139291.792828
Z3, 8, 5, 720, 8912.000000, 0.050864, 175212.330922, 178240.000000, 1.000000, 2, 11.835727, 139112.453541, 139112.453541
Z3, 9, 5, 720, 16688.000000, 0.051019, 327093.827790, 327208.000000, 1.000000, 2, 11.835727, 169488.752914, 169488.752914
Z3, 10, 5, 720, 23832.000000, 0.051114, 466251.907501, 467288.000000, 1.000000, 2, 11.835727, 197320.368857, 197320.368857
Z3, 11, 5, 720, 21144.000000, 0.051208, 412904.233713, 414584.000000, 1.000000, 2, 11.835727, 186650.834099, 186650.834099
Z3, 12, 5, 720, 14272.000000, 0.050963, 280046.308106, 285440.000000, 1.000000, 2, 11.835727, 160079.248978, 160079.248978
Z3, 13, 5, 720, 27640.000000, 0.051103, 540868.442166, 541960.000000, 1.000000, 2, 11.835727, 212243.675790, 212243.675790
Z3, 14, 5, 720, 33288.000000, 0.051072, 651785.714286, 652704.000000, 1.000000, 2, 11.835727, 234427.130214, 234427.130214
Z3, 15, 5, 720, 17576.000000, 0.051035, 344391.104144, 344624.000000, 1.000000, 2, 11.835727, 172948.208185, 172948.208185
Z3, 16, 5, 720, 34872.000000, 0.051120, 682159.624413, 683760.000000, 1.000000, 2, 11.835727, 240501.912239, 240501.912239
Z3, 17, 5, 720, 27336.000000, 0.051247, 533416.590239, 536000.000000, 1.000000, 2, 11.835727, 210753.305404, 210753.305404
Z3, 18, 5, 720, 18312.000000, 0.051073, 358545.611184, 359056.000000, 1.000000, 2, 11.835727, 175779.109593, 175779.109593
Z3, 19, 5, 720, 41432.000000, 0.051239, 808602.822069, 812392.000000, 1.000000, 2, 11.835727, 265790.551770, 265790.551770
Z3, 20, 5, 720, 36760.000000, 0.051069, 719810.452525, 720784.000000, 1.000000, 2, 11.835727, 248032.077862, 248032.077862
Z3, 21, 5, 720, 21272.000000, 0.051017, 416959.052865, 417096.000000, 1.000000, 2, 11.835727, 187461.797929, 187461.797929
Z3, 22, 5, 720, 43464.000000, 0.377599, 115106.237040, 115288.000000, 1.000000, 2, 11.835727, 127091.234765, 127091.234765
Z3, 23, 5, 720, 42000.000000, 0.051172, 820761.353865, 823528.000000, 1.000000, 2, 11.835727, 268222.258130, 268222.258130
Z3, 24, 5, 720, 20304.000000, 0.051061, 397642.035996, 398112.000000, 1.000000, 2, 11.835727, 183598.394556, 183598.394556
Z3, 25, 5, 720, 32736.000000, 0.051260, 638626.609442, 641880.000000, 1.000000, 2, 11.835727, 231795.309245, 231795.309245
Z3, 26, 5, 720, 34608.000000, 0.051224, 675620.802749, 678584.000000, 1.000000, 2, 11.835727, 239194.147906, 239194.147906
Z3, 27, 5, 720, 21272.000000, 0.051082, 416428.487530, 417096.000000, 1.000000, 2, 11.835727, 187355.684863, 187355.684863
Z3, 28, 5, 720, 8752.000000, 0.050992, 171634.766238, 175040.000000, 1.000000, 2, 11.835727, 138396.940604, 138396.940604
Z3, 29, 5, 720, 12760.000000, 0.051057, 249916.759700, 250192.000000, 1.000000, 2, 11.835727, 154053.339297, 154053.339297
Z3, 30, 5, 720, 15440.000000, 0.051061, 302383.423748, 302744.000000, 1.000000, 2, 11.835727, 164546.672106, 164546.672106
Z3, 31, 5, 720, 10000.000000, 0.051175, 195407.914021, 196072.000000, 1.000000, 2, 11.835727, 143151.570161, 143151.570161
Z3, 32, 5, 720, 15200.000000, 0.050984, 298132.747529, 304000.000000, 1.000000, 2, 11.835727, 163696.536862, 163696.536862
Z3, 33, 5, 720, 18352.000000, 0.051002, 359829.026313, 359840.000000, 1.000000, 2, 11.835727, 176035.792619, 176035.792619
Z3, 34, 5, 720, 11224.000000, 0.051037, 219918.882379, 220072.000000, 1.000000, 2, 11.835727, 148053.763832, 148053.763832
Z3, 35, 5, 720, 23240.000000, 0.051050, 455239.960823, 455680.000000, 1.000000, 2, 11.835727, 195117.979521, 195117.979521
Z3, 36, 5, 720, 16824.000000, 0.051037, 329643.200031, 329880.000000, 1.000000, 2, 11.835727, 169998.627363, 169998.627363
Z3, 37, 5, 720, 9680.000000, 0.050934, 190049.868457, 193600.000000, 1.000000, 2, 11.835727, 142079.961048, 142079.961048
Z3, 38, 5, 720, 12888.000000, 0.051057, 252423.761678, 252704.000000, 1.000000, 2, 11.835727, 154554.739692, 154554.739692
Z1, 0, 6, 720, 14912.000000, 0.172550, 86421.327152, 86696.000000, 1.000000, 2, 15.480891, 146768.228149, 146768.228149
Z2, 0, 6, 720, 6624.000000, 0.172248, 38456.179462, 38504.000000, 1.000000, 2, 15.480891, 137175.198611, 137175.198611
Z2, 1, 6, 720, 6768.000000, 0.050971, 132781.385494, 135360.000000, 1.000000, 2, 15.480891, 156040.239817, 156040.239817
Z2, 2, 6, 720, 7488.000000, 0.050949, 146970.499912, 149760.000000, 1.000000, 2, 15.480891, 158878.062701, 158878.062701
Z2, 3, 6, 720, 7752.000000, 0.051024, 151928.504233, 152000.000000, 1.000000, 2, 15.480891, 159869.663565, 159869.663565
Z2, 4, 6, 720, 10768.000000, 0.051076, 210823.087164, 211136.000000, 1.000000, 2, 15.480891, 171648.580151, 171648.580151
Z2, 5, 6, 720, 17456.000000, 0.051006, 342234.246951, 342272.000000, 1.000000, 2, 15.480891, 197930.812109, 197930.812109
Z2, 6, 6, 720, 9568.000000, 0.050992, 187637.276436, 191360.000000, 1.000000, 2, 15.480891, 167011.418005, 167011.418005
Z2, 7, 6, 720, 12800.000000, 0.050849, 251725.697654, 256000.000000, 1.000000, 2, 15.480891, 179829.102249, 179829.102249
Z3, 0, 6, 720, 6760.000000, 0.173196, 39030.924502, 39072.000000, 1.000000, 2, 15.480891, 137290.147619, 137290.147619
Z3, 1, 6, 720, 8320.000000, 0.050900, 163457.760314, 166400.000000, 1.000000, 2, 15.480891, 162175.514781, 162175.514781
Z3, 2, 6, 720, 7800.000000, 0.050851, 153389.313878, 156000.000000, 1.000000, 2, 15.480891, 160161.825494, 160161.825494
Z3, 3, 6, 720, 6928.000000, 0.051208, 135291.360725, 135840.000000, 1.000000, 2, 15.480891, 156542.234863, 156542.234863
Z3, 4, 6, 720, 7472.000000, 0.051078, 146286.072282, 146504.000000, 1.000000, 2, 15.480891, 158741.177175, 158741.177175
Z3, 5, 6, 720, 7416.000000, 0.051207, 144823.949851, 145408.000000, 1.000000, 2, 15.480891, 158448.752688, 158448.752688
Z3, 6, 6, 720, 6760.000000, 0.051174, 132098.331184, 132544.000000, 1.000000, 2, 15.480891, 155903.628955, 155903.628955
Z3, 7, 6, 720, 7600.000000, 0.051166, 148536.137279, 149016.000000, 1.000000, 2, 15.480891, 159191.190174, 159191.190174
Z3, 8, 6, 720, 7600.000000, 0.051287, 148185.700080, 149016.000000, 1.000000, 2, 15.480891, 159121.102734, 159121.102734
Z3, 9, 6, 720, 12912.000000, 0.051138, 252493.253549, 253176.000000, 1.000000, 2, 15.480891, 179982.613428, 179982.613428
Z3, 10, 6, 720, 17552.000000, 0.055378, 316948.968905, 319120.000000, 1.000000, 2, 15.480891, 192873.756499, 192873.756499
Z3, 11, 6, 720, 14968.000000, 0.051092, 292961.716120, 293488.000000, 1.000000, 2, 15.480891, 188076.305942, 188076.305942
Z3, 12, 6, 720, 10336.000000, 0.050991, 202702.437685, 206720.000000, 1.000000, 2, 15.480891, 170024.450255, 170024.450255
Z3, 13, 6, 720, 18344.000000, 0.051048, 359348.064567, 359680.000000, 1.000000, 2, 15.480891, 201353.575632, 201353.575632
Z3, 14, 6, 720, 20456.000000, 0.051075, 400509.055311, 401096.000000, 1.000000, 2, 15.480891, 209585.773780, 209585.773780
Z3, 15, 6, 720, 12480.000000, 0.050953, 244931.603635, 249600.000000, 1.000000, 2, 15.480891, 178470.283445, 178470.283445
Z3, 16, 6, 720, 18912.000000, 0.051072, 370300.751880, 370816.000000, 1.000000, 2, 15.480891, 203544.113094, 203544.113094
Z3, 17, 6, 720, 16112.000000, 0.051092, 315352.697095, 315920.000000, 1.000000, 2, 15.480891, 192554.502137, 192554.502137
Z3, 18, 6, 720, 16088.000000, 0.051061, 315074.127025, 315448.000000, 1.000000, 2, 15.480891, 192498.788123, 192498.788123
Z3, 19, 6, 720, 31984.000000, 0.051189, 624821.739045, 627136.000000, 1.000000, 2, 15.480891, 254448.310527, 254448.310527
Z3, 20, 6, 720, 21472.000000, 0.051179, 419547.079857, 421016.000000, 1.000000, 2, 15.480891, 213393.378690, 213393.378690
Z3, 21, 6, 720, 19320.000000, 0.050978, 378987.014006, 386400.000000, 1.000000, 2, 15.480891, 205281.365519, 205281.365519
Z3, 22, 6, 720, 33040.000000, 0.050959, 648364.371357, 660800.000000, 1.000000, 2, 15.480891, 259156.836990, 259156.836990
Z3, 23, 6, 720, 26472.000000, 0.051070, 518347.366360, 519056.000000, 1.000000, 2, 15.480891, 233153.435990, 233153.435990
Z3, 24, 6, 720, 12984.000000, 0.050930, 254938.150403, 259680.000000, 1.000000, 2, 15.480891, 180471.592799, 180471.592799
Z3, 25, 6, 720, 21128.000000, 0.050924, 414892.781400, 422560.000000, 1.000000, 2, 15.480891, 212462.518998, 212462.518998
Z3, 26, 6, 720, 21576.000000, 0.051072, 422462.406015, 423056.000000, 1.000000, 2, 15.480891, 213976.443921, 213976.443921
Z3, 27, 6, 720, 14376.000000, 0.055525, 258910.400720, 261376.000000, 1.000000, 2, 15.480891, 181266.042862, 181266.042862
Z3, 28, 6, 720, 7048.000000, 0.050994, 138212.338707, 140960.000000, 1.000000, 2, 15.480891, 157126.430460, 157126.430460
Z3, 29, 6, 720, 8656.000000, 0.050998, 169732.146359, 173120.000000, 1.000000, 2, 15.480891, 163430.391990, 163430.391990
Z3, 30, 6, 720, 9488.000000, 0.051041, 185889.774887, 186032.000000, 1.000000, 2, 15.480891, 166661.917696, 166661.917696
Z3, 31, 6, 720, 8424.000000, 0.051114, 164808.076065, 165176.000000, 1.000000, 2, 15.480891, 162445.577931, 162445.577931
Z3, 32, 6, 720, 9328.000000, 0.051020, 182830.262642, 182896.000000, 1.000000, 2, 15.480891, 166050.015247, 166050.015247
Z3, 33, 6, 720, 8680.000000, 0.051065, 169979.437971, 170192.000000, 1.000000, 2, 15.480891, 163479.850313, 163479.850313
Z3, 34, 6, 720, 7160.000000, 0.051048, 140260.147312, 140392.000000, 1.000000, 2, 15.480891, 157535.992181, 157535.992181
Z3, 35, 6, 720, 10360.000000, 0.051053, 202926.370634, 203136.000000, 1.000000, 2, 15.480891, 170069.236845, 170069.236845
Z3, 36, 6, 720, 9048.000000, 0.050935, 177638.166290, 180960.000000, 1.000000, 2, 15.480891, 165011.595976, 165011.595976
Z3, 37, 6, 720, 7176.000000, 0.050885, 141023.877371, 143520.000000, 1.000000, 2, 15.480891, 157688.738192, 157688.738192
Z3, 38, 6, 720, 8768.000000, 0.051031, 171817.130764, 171920.000000, 1.000000, 2, 15.480891, 163847.388871, 163847.388871
Z1, 0, 7, 720, 10144.000000, 0.171514, 59143.859976, 59320.000000, 1.000000, 2, 18.311790, 148670.482286, 148670.482286
Z2, 0, 7, 720, 7392.000000, 0.172999, 42728.570685, 42976.000000, 1.000000, 2, 18.311790, 145387.424428, 145387.424428
Z2, 1, 7, 720, 6792.000000, 0.051018, 133129.483712, 133176.000000, 1.000000, 2, 18.311790, 163467.607033, 163467.607033
Z2, 2, 7, 720, 7408.000000, 0.050919, 145485.967910, 148160.000000, 1.000000, 2, 18.311790, 165938.903872, 165938.903872
Z2, 3, 7, 720, 14952.000000, 0.051016, 293084.522503, 293176.000000, 1.000000, 2, 18.311790, 195458.614791, 195458.614791
Z2, 4, 7, 720, 14352.000000, 0.050901, 281959.097071, 287040.000000, 1.000000, 2, 18.311790, 193233.529705, 193233.529705
Z2, 5, 7, 720, 21680.000000, 0.050983, 425239.785811, 433600.000000, 1.000000, 2, 18.311790, 221889.667453, 221889.667453
Z2, 6, 7, 720, 9672.000000, 0.050903, 190008.447439, 193440.000000, 1.000000, 2, 18.311790, 174843.399778, 174843.399778
Z2, 7, 7, 720, 13368.000000, 0.051042, 261901.963089, 262112.000000, 1.000000, 2, 18.311790, 189222.102908, 189222.102908
Z3, 0, 7, 720, 6624.000000, 0.173158, 38254.080089, 38288.000000, 1.000000, 2, 18.311790, 144492.526308, 144492.526308
Z3, 1, 7, 720, 6656.000000, 0.050943, 130655.831027, 133120.000000, 1.000000, 2, 18.311790, 162972.876496, 162972.876496
Z3, 2, 7, 720, 7664.000000, 0.050949, 150424.934739, 153280.000000, 1.000000, 2, 18.311790, 166926.697238, 166926.697238
Z3, 3, 7, 720, 7664.000000, 0.050902, 150563.828533, 153280.000000, 1.000000, 2, 18.311790, 166954.475997, 166954.475997
Z3, 4, 7, 720, 6920.000000, 0.050898, 135958.190892, 138400.000000, 1.000000, 2, 18.311790, 164033.348469, 164033.348469
Z3, 5, 7, 720, 7504.000000, 0.050912, 147391.577624, 150080.000000, 1.000000, 2, 18.311790, 166320.025815, 166320.025815
Z3, 6, 7, 720, 7480.000000, 0.050941, 146836.536385, 149600.000000, 1.000000, 2, 18.311790, 166209.017568, 166209.017568
Z3, 7, 7, 720, 6728.000000, 0.050853, 132302.912316, 134560.000000, 1.000000, 2, 18.311790, 163302.292754, 163302.292754
Z3, 8, 7, 720, 7632.000000, 0.050926, 149864.509288, 152640.000000, 1.000000, 2, 18.311790, 166814.612148, 166814.612148
Z3, 9, 7, 720, 7464.000000, 0.050954, 146485.064961, 149280.000000, 1.000000, 2, 18.311790, 166138.723283, 166138.723283
Z3, 10, 7, 720, 12800.000000, 0.051001, 250975.471069, 250976.000000, 1.000000, 2, 18.311790, 187036.804504, 187036.804504
Z3, 11, 7, 720, 16760.000000, 0.050914, 329182.543112, 335200.000000, 1.000000, 2, 18.311790, 202678.218913, 202678.218913
Z3, 12, 7, 720, 14104.000000, 0.051032, 276375.607462, 276544.000000, 1.000000, 2, 18.311790, 192116.831783, 192116.831783
Z3, 13, 7, 720, 9704.000000, 0.050978, 190356.624426, 194080.000000, 1.000000, 2, 18.311790, 174913.035176, 174913.035176
Z3, 14, 7, 720, 17248.000000, 0.050957, 338481.464764, 344960.000000, 1.000000, 2, 18.311790, 204538.003243, 204538.003243
Z3, 15, 7, 720, 21552.000000, 0.179784, 119877.185956, 120400.000000, 1.000000, 2, 18.311790, 160817.147482, 160817.147482
Z3, 16, 7, 720, 16688.000000, 0.051038, 326972.060034, 327208.000000, 1.000000, 2, 18.311790, 202236.122297, 202236.122297
Z3, 17, 7, 720, 23312.000000, 0.051050, 456650.342801, 457096.000000, 1.000000, 2, 18.311790, 228171.778851, 228171.778851
Z3, 18, 7, 720, 16856.000000, 0.050993, 330555.174240, 337120.000000, 1.000000, 2, 18.311790, 202952.745138, 202952.745138
Z3, 19, 7, 720, 23928.000000, 0.051019, 469001.744448, 469176.000000, 1.000000, 2, 18.311790, 230642.059180, 230642.059180
Z3, 20, 7, 720, 29544.000000, 0.050990, 579407.727005, 590880.000000, 1.000000, 2, 18.311790, 252723.255692, 252723.255692
Z3, 21, 7, 720, 31920.000000, 0.051134, 624242.187194, 625880.000000, 1.000000, 2, 18.311790, 261690.147729, 261690.147729
Z3, 22, 7, 720, 15096.000000, 0.051040, 295768.025078, 296000.000000, 1.000000, 2, 18.311790, 195995.315306, 195995.315306
Z3, 23, 7, 720, 22296.000000, 0.051058, 436679.854283, 437176.000000, 1.000000, 2, 18.311790, 224177.681147, 224177.681147
Z3, 24, 7, 720, 24272.000000, 0.051089, 475092.485662, 475920.000000, 1.000000, 2, 18.311790, 231860.207423, 231860.207423
Z3, 25, 7, 720, 13368.000000, 0.050982, 262210.191832, 267360.000000, 1.000000, 2, 18.311790, 189283.748657, 189283.748657
Z3, 26, 7, 720, 21768.000000, 0.051036, 426522.454738, 426816.000000, 1.000000, 2, 18.311790, 222146.201238, 222146.201238
Z3, 27, 7, 720, 15008.000000, 0.054481, 275472.182963, 277920.000000, 1.000000, 2, 18.311790, 191936.146883, 191936.146883
Z3, 28, 7, 720, 13424.000000, 0.489119, 27445.263832, 27448.000000, 1.000000, 2, 18.311790, 142330.763057, 142330.763057
Z3, 29, 7, 720, 8064.000000, 0.050966, 158223.129145, 161280.000000, 1.000000, 2, 18.311790, 168486.336119, 168486.336119
Z3, 30, 7, 720, 9424.000000, 0.428975, 21968.646192, 22016.000000, 1.000000, 2, 18.311790, 141235.439529, 141235.439529
Z3, 31, 7, 720, 7368.000000, 0.051004, 144459.258097, 144464.000000, 1.000000, 2, 18.311790, 165733.561910, 165733.561910
Z3, 32, 7, 720, 8792.000000, 0.050973, 172483.471642, 175840.000000, 1.000000, 2, 18.311790, 171338.404619, 171338.404619
Z3, 33, 7, 720, 8568.000000, 0.050930, 168230.905164, 171360.000000, 1.000000, 2, 18.311790, 170487.891323, 170487.891323
Z3, 34, 7, 720, 7064.000000, 0.050987, 138545.119344, 141280.000000, 1.000000, 2, 18.311790, 164550.734159, 164550.734159
Z3, 35, 7, 720, 10104.000000, 0.050937, 198362.683315, 202080.000000, 1.000000, 2, 18.311790, 176514.246953, 176514.246953
Z3, 36, 7, 720, 8640.000000, 0.050925, 169661.266568, 172800.000000, 1.000000, 2, 18.311790, 170773.963604, 170773.963604
Z3, 37, 7, 720, 7168.000000, 0.050934, 140731.142263, 143360.000000, 1.000000, 2, 18.311790, 164987.938743, 164987.938743
Z3, 38, 7, 720, 8160.000000, 0.315209, 25887.585697, 25904.000000, 1.000000, 2, 18.311790, 142019.227430, 142019.227430
Z1, 0, 8, 720, 7744.000000, 0.171626, 45121.368557, 45280.000000, 1.000000, 2, 22.343446, 126037.618327, 126037.618327
Z2, 0, 8, 720, 6624.000000, 0.173133, 38259.603888, 38288.000000, 1.000000, 2, 22.343446, 124665.265393, 124665.265393
Z2, 1, 8, 720, 6968.000000, 0.050870, 136976.607038, 139360.000000, 1.000000, 2, 22.343446, 144408.666023, 144408.666023
Z2, 2, 8, 720, 7968.000000, 0.050963, 156348.723584, 159360.000000, 1.000000, 2, 22.343446, 148283.089332, 148283.089332
Z2, 3, 8, 720, 12752.000000, 0.050982, 250127.495979, 255040.000000, 1.000000, 2, 22.343446, 167038.843811, 167038.843811
Z2, 4, 8, 720, 18720.000000, 0.051006, 367015.645218, 367056.000000, 1.000000, 2, 22.343446, 190416.473659, 190416.473659
Z2, 5, 8, 720, 25648.000000, 0.050996, 502941.407169, 512960.000000, 1.000000, 2, 22.343446, 217601.626049, 217601.626049
Z2, 6, 8, 720, 9784.000000, 0.050894, 192242.700515, 195680.000000, 1.000000, 2, 22.343446, 155461.884719, 155461.884719
Z2, 7, 8, 720, 13192.000000, 0.050825, 259557.304476, 263840.000000, 1.000000, 2, 22.343446, 168924.805511, 168924.805511
Z3, 0, 8, 720, 6768.000000, 0.173654, 38974.051850, 39120.000000, 1.000000, 2, 22.343446, 124808.154986, 124808.154986
Z3, 1, 8, 720, 8032.000000, 0.050928, 157712.849513, 160640.000000, 1.000000, 2, 22.343446, 148555.914518, 148555.914518
Z3, 2, 8, 720, 7872.000000, 0.050993, 154374.129783, 157440.000000, 1.000000, 2, 22.343446, 147888.170572, 147888.170572
Z3, 3, 8, 720, 7024.000000, 0.050946, 137871.471754, 140480.000000, 1.000000, 2, 22.343446, 144587.638966, 144587.638966
Z3, 4, 8, 720, 7816.000000, 0.051005, 153239.878443, 153248.000000, 1.000000, 2, 22.343446, 147661.320304, 147661.320304
Z3, 5, 8, 720, 7936.000000, 0.050967, 155708.595758, 158720.000000, 1.000000, 2, 22.343446, 148155.063767, 148155.063767
Z3, 6, 8, 720, 6928.000000, 0.051001, 135840.473716, 135840.000000, 1.000000, 2, 22.343446, 144181.439359, 144181.439359
Z3, 7, 8, 720, 8048.000000, 0.050974, 157884.411661, 160960.000000, 1.000000, 2, 22.343446, 148590.226948, 148590.226948
Z3, 8, 8, 720, 7664.000000, 0.050951, 150419.030048, 153280.000000, 1.000000, 2, 22.343446, 147097.150625, 147097.150625
Z3, 9, 8, 720, 14248.000000, 0.051049, 279104.389900, 279368.000000, 1.000000, 2, 22.343446, 172834.222596, 172834.222596
Z3, 10, 8, 720, 19448.000000, 0.051114, 380482.842274, 381328.000000, 1.000000, 2, 22.343446, 193109.913070, 193109.913070
Z3, 11, 8, 720, 17344.000000, 0.051077, 339565.753666, 340072.000000, 1.000000, 2, 22.343446, 184926.495349, 184926.495349
Z3, 12, 8, 720, 11952.000000, 0.051137, 233725.091421, 234352.000000, 1.000000, 2, 22.343446, 163758.362900, 163758.362900
Z3, 13, 8, 720, 25224.000000, 0.051108, 493543.085231, 494584.000000, 1.000000, 2, 22.343446, 215721.961662, 215721.961662
Z3, 14, 8, 720, 35992.000000, 0.051268, 702036.357962, 705720.000000, 1.000000, 2, 22.343446, 257420.616208, 257420.616208
Z3, 15, 8, 720, 20016.000000, 0.051106, 391656.556960, 392464.000000, 1.000000, 2, 22.343446, 195344.656008, 195344.656008
Z3, 16, 8, 720, 36432.000000, 0.178934, 203605.798786, 204672.000000, 1.000000, 2, 22.343446, 157734.504373, 157734.504373
Z3, 17, 8, 720, 22472.000000, 0.051143, 439395.420683, 440624.000000, 1.000000, 2, 22.343446, 204892.428752, 204892.428752
Z3, 18, 8, 720, 21736.000000, 0.051128, 425129.087780, 426192.000000, 1.000000, 2, 22.343446, 202039.162171, 202039.162171
Z3, 19, 8, 720, 16848.000000, 0.051069, 329906.596957, 330352.000000, 1.000000, 2, 22.343446, 182994.664007, 182994.664007
Z3, 20, 8, 720, 47160.000000, 0.051110, 922715.711211, 924704.000000, 1.000000, 2, 22.343446, 301556.486858, 301556.486858
Z3, 21, 8, 720, 39472.000000, 0.051080, 772748.629601, 773960.000000, 1.000000, 2, 22.343446, 271563.070536, 271563.070536
Z3, 22, 8, 720, 26968.000000, 0.051169, 527037.854951, 528784.000000, 1.000000, 2, 22.343446, 222420.915606, 222420.915606
Z3, 23, 8, 720, 39776.000000, 0.051098, 778425.770089, 779920.000000, 1.000000, 2, 22.343446, 272698.498633, 272698.498633
Z3, 24, 8, 720, 34992.000000, 0.051135, 684306.248167, 686112.000000, 1.000000, 2, 22.343446, 253874.594249, 253874.594249
Z3, 25, 8, 720, 22464.000000, 0.051054, 440004.700905, 440464.000000, 1.000000, 2, 22.343446, 205014.284797, 205014.284797
Z3, 26, 8, 720, 43144.000000, 0.051174, 843084.378786, 845960.000000, 1.000000, 2, 22.343446, 285630.220373, 285630.220373
Z3, 27, 8, 720, 43672.000000, 0.051171, 853452.150632, 856312.000000, 1.000000, 2, 22.343446, 287703.774742, 287703.774742
Z3, 28, 8, 720, 18320.000000, 0.051048, 358877.918822, 359208.000000, 1.000000, 2, 22.343446, 188788.928380, 188788.928380
Z3, 29, 8, 720, 24560.000000, 0.051093, 480692.071321, 481568.000000, 1.000000, 2, 22.343446, 213151.758880, 213151.758880
Z3, 30, 8, 720, 19040.000000, 0.051060, 372894.633764, 373328.000000, 1.000000, 2, 22.343446, 191592.271368, 191592.271368
Z3, 31, 8, 720, 20160.000000, 0.051066, 394783.221713, 395288.000000, 1.000000, 2, 22.343446, 195969.988958, 195969.988958
Z3, 32, 8, 720, 16496.000000, 0.051033, 323241.823918, 323448.000000, 1.000000, 2, 22.343446, 181661.709399, 181661.709399
Z3, 33, 8, 720, 11624.000000, 0.050995, 227943.916070, 232480.000000, 1.000000, 2, 22.343446, 162602.127830, 162602.127830
Z3, 34, 8, 720, 21024.000000, 0.051024, 412041.392286, 412232.000000, 1.000000, 2, 22.343446, 199421.623073, 199421.623073
Z3, 35, 8, 720, 28496.000000, 0.051120, 557433.489828, 558744.000000, 1.000000, 2, 22.343446, 228500.042581, 228500.042581
Z3, 36, 8, 720, 12416.000000, 0.050983, 243532.157778, 248320.000000, 1.000000, 2, 22.343446, 165719.776171, 165719.776171
Z3, 37, 8, 720, 17312.000000, 0.050986, 339544.188601, 346240.000000, 1.000000, 2, 22.343446, 184922.182336, 184922.182336
Z3, 38, 8, 720, 14664.000000, 0.051009, 287478.680233, 287528.000000, 1.000000, 2, 22.343446, 174509.080662, 174509.080662
Z1, 0, 9, 720, 7696.000000, 0.171664, 44831.764377, 45000.000000, 1.000000, 2, 25.294059, 156487.784550, 156487.784550
Z2, 0, 9, 720, 6624.000000, 0.173620, 38152.286603, 38288.000000, 1.000000, 2, 25.294059, 155151.888995, 155151.888995
Z2, 1, 9, 720, 6776.000000, 0.050853, 133246.809431, 135520.000000, 1.000000, 2, 25.294059, 174170.793561, 174170.793561
Z2, 2, 9, 720, 7496.000000, 0.050918, 147217.094151, 149920.000000, 1.000000, 2, 25.294059, 176964.850505, 176964.850505
Z2, 3, 9, 720, 16056.000000, 0.051000, 314823.529412, 314816.000000, 1.000000, 2, 25.294059, 210486.137557, 210486.137557
Z2, 4, 9, 720, 24464.000000, 0.051104, 478710.081403, 479680.000000, 1.000000, 2, 25.294059, 243263.447955, 243263.447955
Z2, 5, 9, 720, 36648.000000, 0.051158, 716368.896360, 718584.000000, 1.000000, 2, 25.294059, 290795.210946, 290795.210946
Z2, 6, 9, 720, 11344.000000, 0.051014, 222370.329713, 222424.000000, 1.000000, 2, 25.294059, 191995.497617, 191995.497617
Z2, 7, 9, 720, 15808.000000, 0.050903, 310551.440976, 316160.000000, 1.000000, 2, 25.294059, 209631.719870, 209631.719870
Z3, 0, 9, 720, 6752.000000, 0.173530, 38909.698611, 39024.000000, 1.000000, 2, 25.294059, 155303.371397, 155303.371397
Z3, 1, 9, 720, 9824.000000, 0.050850, 193195.673550, 196480.000000, 1.000000, 2, 25.294059, 186160.566384, 186160.566384
Z3, 2, 9, 720, 8640.000000, 0.051137, 168957.897413, 169408.000000, 1.000000, 2, 25.294059, 181313.011157, 181313.011157
Z3, 3, 9, 720, 7248.000000, 0.050819, 142623.821799, 144960.000000, 1.000000, 2, 25.294059, 176046.196034, 176046.196034
Z3, 4, 9, 720, 8336.000000, 0.050998, 163457.390486, 166720.000000, 1.000000, 2, 25.294059, 180212.909772, 180212.909772
Z3, 5, 9, 720, 9640.000000, 0.050994, 189041.848061, 192800.000000, 1.000000, 2, 25.294059, 185329.801286, 185329.801286
Z3, 6, 9, 720, 10312.000000, 0.050946, 202410.395321, 206240.000000, 1.000000, 2, 25.294059, 188003.510738, 188003.510738
Z3, 7, 9, 720, 21208.000000, 0.051069, 415281.286103, 415840.000000, 1.000000, 2, 25.294059, 230577.688895, 230577.688895
Z3, 8, 9, 720, 8000.000000, 0.051022, 156795.107993, 156856.000000, 1.000000, 2, 25.294059, 178880.453273, 178880.453273
Z3, 9, 9, 720, 16880.000000, 0.051135, 330106.580620, 330976.000000, 1.000000, 2, 25.294059, 213542.747798, 213542.747798
Z3, 10, 9, 720, 23240.000000, 0.050975, 455909.759686, 464800.000000, 1.000000, 2, 25.294059, 238703.383612, 238703.383612
Z3, 11, 9, 720, 21680.000000, 0.051109, 424191.433994, 425096.000000, 1.000000, 2, 25.294059, 232359.718473, 232359.718473
Z3, 12, 9, 720, 16096.000000, 0.051057, 315255.498756, 315600.000000, 1.000000, 2, 25.294059, 210572.531426, 210572.531426
Z3, 13, 9, 720, 39872.000000, 0.051074, 780671.182989, 781800.000000, 1.000000, 2, 25.294059, 303655.668272, 303655.668272
Z3, 14, 9, 720, 46392.000000, 0.051169, 906642.693819, 909640.000000, 1.000000, 2, 25.294059, 328849.970438, 328849.970438
Z3, 15, 9, 720, 26168.000000, 0.051099, 512103.955068, 513096.000000, 1.000000, 2, 25.294059, 249942.222688, 249942.222688
Z3, 16, 9, 720, 48816.000000, 0.051196, 953511.993124, 957176.000000, 1.000000, 2, 25.294059, 338223.830299, 338223.830299
Z3, 17, 9, 720, 38664.000000, 0.051084, 756871.035941, 758112.000000, 1.000000, 2, 25.294059, 298895.638863, 298895.638863
Z3, 18, 9, 720, 26344.000000, 0.053769, 489947.739404, 497056.000000, 1.000000, 2, 25.294059, 245510.979555, 245510.979555
Z3, 19, 9, 720, 19912.000000, 0.050956, 390768.506162, 398240.000000, 1.000000, 2, 25.294059, 225675.132907, 225675.132907
Z3, 20, 9, 720, 61688.000000, 0.051645, 1194462.193823, 1209568.000000, 1.000000, 2, 25.294059, 386413.870439, 386413.870439
Z3, 21, 9, 720, 59200.000000, 0.051133, 1157765.044101, 1160784.000000, 1.000000, 2, 25.294059, 379074.440494, 379074.440494
Z3, 22, 9, 720, 41064.000000, 0.051037, 804592.746439, 805176.000000, 1.000000, 2, 25.294059, 308439.980962, 308439.980962
Z3, 23, 9, 720, 55576.000000, 0.051207, 1085320.366356, 1089720.000000, 1.000000, 2, 25.294059, 364585.504946, 364585.504946
Z3, 24, 9, 720, 50200.000000, 0.357153, 140556.008209, 140616.000000, 1.000000, 2, 25.294059, 175632.633316, 175632.633316
Z3, 25, 9, 720, 30056.000000, 0.051086, 588341.228517, 589328.000000, 1.000000, 2, 25.294059, 265189.677378, 265189.677378
Z3, 26, 9, 720, 59504.000000, 0.051198, 1162232.899723, 1166744.000000, 1.000000, 2, 25.294059, 379968.011619, 379968.011619
Z3, 27, 9, 720, 65232.000000, 0.051258, 1272620.859183, 1279056.000000, 1.000000, 2, 25.294059, 402045.603511, 402045.603511
Z3, 28, 9, 720, 23952.000000, 0.354398, 67585.031518, 67656.000000, 1.000000, 2, 25.294059, 161038.437978, 161038.437978
Z3, 29, 9, 720, 32816.000000, 0.051112, 642041.007982, 643448.000000, 1.000000, 2, 25.294059, 275929.633271, 275929.633271
Z3, 30, 9, 720, 8856.000000, 0.050986, 173694.739732, 177120.000000, 1.000000, 2, 25.294059, 182260.379621, 182260.379621
Z3, 31, 9, 720, 14088.000000, 0.051070, 275856.667319, 276232.000000, 1.000000, 2, 25.294059, 202692.765138, 202692.765138
Z3, 32, 9, 720, 15104.000000, 0.050886, 296820.343513, 302080.000000, 1.000000, 2, 25.294059, 206885.500377, 206885.500377
Z3, 33, 9, 720, 11784.000000, 0.050847, 231754.085787, 235680.000000, 1.000000, 2, 25.294059, 193872.248832, 193872.248832
Z3, 34, 9, 720, 18496.000000, 0.051080, 362098.668755, 362664.000000, 1.000000, 2, 25.294059, 219941.165425, 219941.165425
Z3, 35, 9, 720, 22376.000000, 0.051109, 437809.387779, 438744.000000, 1.000000, 2, 25.294059, 235083.309230, 235083.309230
Z3, 36, 9, 720, 8792.000000, 0.050963, 172517.316485, 175840.000000, 1.000000, 2, 25.294059, 182024.894971, 182024.894971
Z3, 37, 9, 720, 19464.000000, 0.051082, 381034.415254, 381640.000000, 1.000000, 2, 25.294059, 223728.314725, 223728.314725
Z3, 38, 9, 720, 20360.000000, 0.051088, 398528.030066, 399208.000000, 1.000000, 2, 25.294059, 227227.037688, 227227.037688
Z1, 0, 10, 720, 35840.000000, 0.172489, 207781.365768, 208368.000000, 1.000000, 2, 28.729619, 218298.558506, 218298.558506
Z2, 0, 10, 720, 6624.000000, 0.172365, 38430.075711, 38504.000000, 1.000000, 2, 28.729619, 184428.300494, 184428.300494
Z2, 1, 10, 720, 7008.000000, 0.050984, 137454.887808, 140160.000000, 1.000000, 2, 28.729619, 204233.262913, 204233.262913
Z2, 2, 10, 720, 7480.000000, 0.051023, 146600.552692, 146664.000000, 1.000000, 2, 28.729619, 206062.395890, 206062.395890
Z2, 3, 10, 720, 7832.000000, 0.051011, 153535.511948, 153568.000000, 1.000000, 2, 28.729619, 207449.387742, 207449.387742
Z2, 4, 10, 720, 29728.000000, 0.051175, 580908.646800, 582896.000000, 1.000000, 2, 28.729619, 292924.014712, 292924.014712
Z2, 5, 10, 720, 35136.000000, 0.051111, 687444.972706, 688936.000000, 1.000000, 2, 28.729619, 314231.279893, 314231.279893
Z2, 6, 10, 720, 23040.000000, 0.051073, 451118.986549, 451760.000000, 1.000000, 2, 28.729619, 266966.082662, 266966.082662
Z2, 7, 10, 720, 35840.000000, 0.051145, 700752.761756, 702744.000000, 1.000000, 2, 28.729619, 316892.837703, 316892.837703
Z3, 0, 10, 720, 6840.000000, 0.172138, 39735.561003, 39760.000000, 1.000000, 2, 28.729619, 184689.397553, 184689.397553
Z3, 1, 10, 720, 22064.000000, 0.051026, 432407.008192, 432624.000000, 1.000000, 2, 28.729619, 263223.686990, 263223.686990
Z3, 2, 10, 720, 15312.000000, 0.050961, 300465.061518, 306240.000000, 1.000000, 2, 28.729619, 236835.297655, 236835.297655
Z3, 3, 10, 720, 7752.000000, 0.050849, 152451.375642, 155040.000000, 1.000000, 2, 28.729619, 207232.560480, 207232.560480
Z3, 4, 10, 720, 11432.000000, 0.050903, 224584.012730, 228640.000000, 1.000000, 2, 28.729619, 221659.087898, 221659.087898
Z3, 5, 10, 720, 17232.000000, 0.050904, 338519.566242, 344640.000000, 1.000000, 2, 28.729619, 244446.198600, 244446.198600
Z3, 6, 10, 720, 23328.000000, 0.051009, 457331.059225, 457408.000000, 1.000000, 2, 28.729619, 268208.497197, 268208.497197
Z3, 7, 10, 720, 18496.000000, 0.050964, 362922.847500, 369920.000000, 1.000000, 2, 28.729619, 249326.854852, 249326.854852
Z3, 8, 10, 720, 7968.000000, 0.050872, 156628.400692, 159360.000000, 1.000000, 2, 28.729619, 208067.965490, 208067.965490
Z3, 9, 10, 720, 19568.000000, 0.050943, 384115.580158, 391360.000000, 1.000000, 2, 28.729619, 253565.401384, 253565.401384
Z3, 10, 10, 720, 36064.000000, 0.051055, 706375.477426, 707136.000000, 1.000000, 2, 28.729619, 318017.380837, 318017.380837
Z3, 11, 10, 720, 29248.000000, 0.050949, 574064.260339, 584960.000000, 1.000000, 2, 28.729619, 291555.137420, 291555.137420
Z3, 12, 10, 720, 24216.000000, 0.050921, 475560.181458, 484320.000000, 1.000000, 2, 28.729619, 271854.321643, 271854.321643
Z3, 13, 10, 720, 54424.000000, 0.051097, 1065111.454684, 1067136.000000, 1.000000, 2, 28.729619, 389764.576289, 389764.576289
Z3, 14, 10, 720, 56832.000000, 0.051107, 1112019.879860, 1114352.000000, 1.000000, 2, 28.729619, 399146.261324, 399146.261324
Z3, 15, 10, 720, 29576.000000, 0.050963, 580342.601495, 591520.000000, 1.000000, 2, 28.729619, 292810.805651, 292810.805651
Z3, 16, 10, 720, 52328.000000, 0.051080, 1024432.263117, 1026032.000000, 1.000000, 2, 28.729619, 381628.737975, 381628.737975
Z3, 17, 10, 720, 52840.000000, 0.051020, 1035672.285378, 1036072.000000, 1.000000, 2, 28.729619, 383876.742428, 383876.742428
Z3, 18, 10, 720, 23160.000000, 0.050988, 454224.523417, 463200.000000, 1.000000, 2, 28.729619, 267587.190035, 267587.190035
Z3, 19, 10, 720, 77048.000000, 0.051196, 1504961.325104, 1510744.000000, 1.000000, 2, 28.729619, 477734.550373, 477734.550373
Z3, 20, 10, 720, 68968.000000, 0.051148, 1348400.719481, 1352312.000000, 1.000000, 2, 28.729619, 446422.429248, 446422.429248
Z3, 21, 10, 720, 52224.000000, 0.051035, 1023297.736847, 1024000.000000, 1.000000, 2, 28.729619, 381401.832721, 381401.832721
Z3, 22, 10, 720, 76384.000000, 0.051163, 1492953.892461, 1497720.000000, 1.000000, 2, 28.729619, 475333.063844, 475333.063844
Z3, 23, 10, 720, 57512.000000, 0.051090, 1125699.745547, 1127680.000000, 1.000000, 2, 28.729619, 401882.234461, 401882.234461
Z3, 24, 10, 720, 35600.000000, 0.050883, 699644.281980, 712000.000000, 1.000000, 2, 28.729619, 316671.141748, 316671.141748
Z3, 25, 10, 720, 72816.000000, 0.051128, 1424190.267564, 1427760.000000, 1.000000, 2, 28.729619, 461580.338865, 461580.338865
Z3, 26, 10, 720, 93600.000000, 0.051366, 1822217.030721, 1835288.000000, 1.000000, 2, 28.729619, 541185.691496, 541185.691496
Z3, 27, 10, 720, 43888.000000, 0.051014, 860312.855295, 860544.000000, 1.000000, 2, 28.729619, 348804.856411, 348804.856411
Z3, 28, 10, 720, 13072.000000, 0.050849, 257074.868729, 261440.000000, 1.000000, 2, 28.729619, 228157.259098, 228157.259098
Z3, 29, 10, 720, 20608.000000, 0.050939, 404562.319637, 412160.000000, 1.000000, 2, 28.729619, 257654.749279, 257654.749279
Z3, 30, 10, 720, 22584.000000, 0.050876, 443902.822549, 451680.000000, 1.000000, 2, 28.729619, 265522.849862, 265522.849862
Z3, 31, 10, 720, 14712.000000, 0.050922, 288912.454342, 294240.000000, 1.000000, 2, 28.729619, 234524.776220, 234524.776220
Z3, 32, 10, 720, 20512.000000, 0.050880, 403144.654088, 410240.000000, 1.000000, 2, 28.729619, 257371.216169, 257371.216169
Z3, 33, 10, 720, 17992.000000, 0.050847, 353845.851279, 359840.000000, 1.000000, 2, 28.729619, 247511.455608, 247511.455608
Z3, 34, 10, 720, 11464.000000, 0.050945, 225026.989891, 229280.000000, 1.000000, 2, 28.729619, 221747.683330, 221747.683330
Z3, 35, 10, 720, 22376.000000, 0.050953, 439149.804722, 447520.000000, 1.000000, 2, 28.729619, 264572.246296, 264572.246296
Z3, 36, 10, 720, 29088.000000, 0.050926, 571181.714645, 581760.000000, 1.000000, 2, 28.729619, 290978.628281, 290978.628281
Z3, 37, 10, 720, 17936.000000, 0.050836, 352820.835628, 358720.000000, 1.000000, 2, 28.729619, 247306.452478, 247306.452478
Z3, 38, 10, 720, 24920.000000, 0.050999, 488637.032099, 498400.000000, 1.000000, 2, 28.729619, 274469.691772, 274469.691772
Z1, 0, 11, 720, 8720.000000, 0.172368, 50589.436554, 50696.000000, 1.000000, 2, 31.548799, 250224.152930, 250224.152930
Z2, 0, 11, 720, 6624.000000, 0.250021, 26493.774523, 26496.000000, 1.000000, 2, 31.548799, 245405.020523, 245405.020523
Z2, 1, 11, 720, 8224.000000, 0.050923, 161498.733382, 164480.000000, 1.000000, 2, 31.548799, 272406.012295, 272406.012295
Z2, 2, 11, 720, 10080.000000, 0.050949, 197844.903727, 201600.000000, 1.000000, 2, 31.548799, 279675.246364, 279675.246364
Z2, 3, 11, 720, 36112.000000, 0.050940, 708912.446015, 722240.000000, 1.000000, 2, 31.548799, 381888.754822, 381888.754822
Z2, 4, 11, 720, 36680.000000, 0.051026, 718849.214126, 719208.000000, 1.000000, 2, 31.548799, 383876.108444, 383876.108444
Z2, 5, 11, 720, 50760.000000, 0.051033, 994650.520252, 995288.000000, 1.000000, 2, 31.548799, 439036.369669, 439036.369669
Z2, 6, 11, 720, 17768.000000, 0.050831, 349550.471169, 355360.000000, 1.000000, 2, 31.548799, 310016.359853, 310016.359853
Z2, 7, 11, 720, 33352.000000, 0.051018, 653730.056059, 653960.000000, 1.000000, 2, 31.548799, 370852.276831, 370852.276831
Z3, 0, 11, 720, 11320.000000, 0.173543, 65228.790559, 65432.000000, 1.000000, 2, 31.548799, 253152.023731, 253152.023731
Z3, 1, 11, 720, 16208.000000, 0.050988, 317878.716561, 324160.000000, 1.000000, 2, 31.548799, 303682.008931, 303682.008931
Z3, 2, 11, 720, 12920.000000, 0.051041, 253129.836798, 253328.000000, 1.000000, 2, 31.548799, 290732.232978, 290732.232978
Z3, 3, 11, 720, 8968.000000, 0.050991, 175874.173874, 179360.000000, 1.000000, 2, 31.548799, 275281.100394, 275281.100394
Z3, 4, 11, 720, 12016.000000, 0.051080, 235238.841034, 235600.000000, 1.000000, 2, 31.548799, 287154.033826, 287154.033826
Z3, 5, 11, 720, 21880.000000, 0.051078, 428364.462195, 429016.000000, 1.000000, 2, 31.548799, 325779.158058, 325779.158058
Z3, 6, 11, 720, 13408.000000, 0.051022, 262788.600996, 262896.000000, 1.000000, 2, 31.548799, 292663.985818, 292663.985818
Z3, 7, 11, 720, 14528.000000, 0.051032, 284684.119768, 284856.000000, 1.000000, 2, 31.548799, 297043.089572, 297043.089572
Z3, 8, 11, 720, 15928.000000, 0.051089, 311769.656873, 312312.000000, 1.000000, 2, 31.548799, 302460.196994, 302460.196994
Z3, 9, 11, 720, 23504.000000, 0.051107, 459897.861350, 460856.000000, 1.000000, 2, 31.548799, 332085.837889, 332085.837889
Z3, 10, 11, 720, 50640.000000, 0.051201, 989043.182750, 992936.000000, 1.000000, 2, 31.548799, 437914.902169, 437914.902169
Z3, 11, 11, 720, 47296.000000, 0.051133, 924960.397395, 927368.000000, 1.000000, 2, 31.548799, 425098.345098, 425098.345098
Z3, 12, 11, 720, 34344.000000, 0.051175, 671108.939912, 673408.000000, 1.000000, 2, 31.548799, 374328.053601, 374328.053601
Z3, 13, 11, 720, 73648.000000, 0.051505, 1429919.425299, 1444072.000000, 1.000000, 2, 31.548799, 526090.150679, 526090.150679
Z3, 14, 11, 720, 59920.000000, 0.051460, 1164399.533618, 1174896.000000, 1.000000, 2, 31.548799, 472986.172343, 472986.172343
Z3, 15, 11, 720, 40664.000000, 0.051142, 795119.471276, 797328.000000, 1.000000, 2, 31.548799, 399130.159874, 399130.159874
Z3, 16, 11, 720, 56880.000000, 0.051243, 1110005.269012, 1115288.000000, 1.000000, 2, 31.548799, 462107.319421, 462107.319421
Z3, 17, 11, 720, 57216.000000, 0.051226, 1116932.807559, 1121880.000000, 1.000000, 2, 31.548799, 463492.827131, 463492.827131
Z3, 18, 11, 720, 39392.000000, 0.051147, 770172.248617, 772392.000000, 1.000000, 2, 31.548799, 394140.715342, 394140.715342
Z3, 19, 11, 720, 28160.000000, 0.051112, 550946.940053, 552152.000000, 1.000000, 2, 31.548799, 350295.653630, 350295.653630
Z3, 20, 11, 720, 76696.000000, 0.051267, 1496011.079252, 1503840.000000, 1.000000, 2, 31.548799, 539308.481469, 539308.481469
Z3, 21, 11, 720, 80520.000000, 0.051316, 1569101.254969, 1578816.000000, 1.000000, 2, 31.548799, 553926.516613, 553926.516613
Z3, 22, 11, 720, 66560.000000, 0.051376, 1295546.558704, 1305096.000000, 1.000000, 2, 31.548799, 499215.577360, 499215.577360
Z3, 23, 11, 720, 77808.000000, 0.051319, 1516163.604123, 1525640.000000, 1.000000, 2, 31.548799, 543338.986444, 543338.986444
Z3, 24, 11, 720, 55056.000000, 0.051214, 1075018.549615, 1079528.000000, 1.000000, 2, 31.548799, 455109.975542, 455109.975542
Z3, 25, 11, 720, 36552.000000, 0.051163, 714422.531908, 716704.000000, 1.000000, 2, 31.548799, 382990.772000, 382990.772000
Z3, 26, 11, 720, 100304.000000, 0.051527, 1946629.922177, 1966744.000000, 1.000000, 2, 31.548799, 629432.250054, 629432.250054
Z3, 27, 11, 720, 133264.000000, 0.102100, 1305230.166503, 1306504.000000, 1.000000, 2, 31.548799, 501152.298920, 501152.298920
Z3, 28, 11, 720, 43216.000000, 0.051138, 845085.846142, 847368.000000, 1.000000, 2, 31.548799, 409123.434847, 409123.434847
Z3, 29, 11, 720, 41864.000000, 0.051121, 818919.817687, 820856.000000, 1.000000, 2, 31.548799, 403890.229156, 403890.229156
Z3, 30, 11, 720, 14528.000000, 0.051093, 284344.235022, 284856.000000, 1.000000, 2, 31.548799, 296975.112623, 296975.112623
Z3, 31, 11, 720, 24392.000000, 0.051059, 477721.851192, 478272.000000, 1.000000, 2, 31.548799, 335650.635857, 335650.635857
Z3, 32, 11, 720, 22216.000000, 0.051080, 434925.606891, 435600.000000, 1.000000, 2, 31.548799, 327091.386997, 327091.386997
Z3, 33, 11, 720, 14368.000000, 0.051053, 281433.020586, 281720.000000, 1.000000, 2, 31.548799, 296392.869736, 296392.869736
Z3, 34, 11, 720, 21288.000000, 0.051075, 416798.825257, 417408.000000, 1.000000, 2, 31.548799, 323466.030670, 323466.030670
Z3, 35, 11, 720, 18544.000000, 0.051080, 363038.371182, 363600.000000, 1.000000, 2, 31.548799, 312713.939855, 312713.939855
Z3, 36, 11, 720, 12272.000000, 0.051002, 240618.014980, 240624.000000, 1.000000, 2, 31.548799, 288229.868615, 288229.868615
Z3, 37, 11, 720, 21736.000000, 0.051062, 425678.586816, 426192.000000, 1.000000, 2, 31.548799, 325241.982982, 325241.982982
Z3, 38, 11, 720, 22688.000000, 0.051008, 444792.973651, 444856.000000, 1.000000, 2, 31.548799, 329064.860349, 329064.860349
