Zone, Tile_no, Seg_no, Reso, Seg_d_size, Seg_d_time, Bitrate, Bitrate1, Buf_lev, Buf_limit, Elapsed, Ref_vp, Local_avg
Z1, 0, 1, 720, 9960.000000, 0.018245, 545902.987120, 553328.000000, 1.000000, 2, 0.000060, 545902.987120, 545902.987120
Z2, 0, 1, 720, 8952.000000, 0.024039, 372394.858355, 373000.000000, 1.000000, 2, 0.000060, 186197.429178, 186197.429178
Z2, 1, 1, 720, 5424.000000, 0.000699, 7759656.652361, 5424000.000000, 1.000000, 2, 0.000060, 2586552.217454, 2586552.217454
Z2, 2, 1, 720, 7080.000000, 0.000675, 10488888.888889, 7080000.000000, 1.000000, 2, 0.000060, 2622222.222222, 2622222.222222
Z2, 3, 1, 720, 18976.000000, 0.000776, 24453608.247423, 18976000.000000, 1.000000, 2, 0.000060, 4890721.649485, 4890721.649485
Z2, 4, 1, 720, 8720.000000, 0.000876, 9954337.899543, 8720000.000000, 1.000000, 2, 0.000060, 1990867.579909, 1990867.579909
Z2, 5, 1, 720, 8336.000000, 0.000834, 9995203.836930, 8336000.000000, 1.000000, 2, 0.000060, 1999040.767386, 1999040.767386
Z2, 6, 1, 720, 6376.000000, 0.000782, 8153452.685422, 6376000.000000, 1.000000, 2, 0.000060, 1630690.537084, 1630690.537084
Z2, 7, 1, 720, 6872.000000, 0.000819, 8390720.390720, 6872000.000000, 1.000000, 2, 0.000060, 1678144.078144, 1678144.078144
Z3, 0, 1, 720, 7080.000000, 0.022467, 315128.855655, 321816.000000, 1.000000, 2, 0.000060, 63025.771131, 63025.771131
Z3, 1, 1, 720, 7080.000000, 0.001053, 6723646.723647, 7080000.000000, 1.000000, 2, 0.000060, 1344729.344729, 1344729.344729
Z3, 2, 1, 720, 5664.000000, 0.000837, 6767025.089606, 5664000.000000, 1.000000, 2, 0.000060, 1353405.017921, 1353405.017921
Z3, 3, 1, 720, 7080.000000, 0.000910, 7780219.780220, 7080000.000000, 1.000000, 2, 0.000060, 1556043.956044, 1556043.956044
Z3, 4, 1, 720, 7080.000000, 0.000795, 8905660.377358, 7080000.000000, 1.000000, 2, 0.000060, 1781132.075472, 1781132.075472
Z3, 5, 1, 720, 5664.000000, 0.000879, 6443686.006826, 5664000.000000, 1.000000, 2, 0.000060, 1288737.201365, 1288737.201365
Z3, 6, 1, 720, 7080.000000, 0.000875, 8091428.571429, 7080000.000000, 1.000000, 2, 0.000060, 1618285.714286, 1618285.714286
Z3, 7, 1, 720, 7080.000000, 0.000930, 7612903.225806, 7080000.000000, 1.000000, 2, 0.000060, 1522580.645161, 1522580.645161
Z3, 8, 1, 720, 5664.000000, 0.000884, 6407239.819005, 5664000.000000, 1.000000, 2, 0.000060, 1281447.963801, 1281447.963801
Z3, 9, 1, 720, 7080.000000, 0.000895, 7910614.525140, 7080000.000000, 1.000000, 2, 0.000060, 1582122.905028, 1582122.905028
Z3, 10, 1, 720, 12904.000000, 0.000983, 13127161.749746, 12904000.000000, 1.000000, 2, 0.000060, 2625432.349949, 2625432.349949
Z3, 11, 1, 720, 17344.000000, 0.001014, 17104536.489152, 17344000.000000, 1.000000, 2, 0.000060, 3420907.297830, 3420907.297830
Z3, 12, 1, 720, 16912.000000, 0.000928, 18224137.931034, 16912000.000000, 1.000000, 2, 0.000060, 3644827.586207, 3644827.586207
Z3, 13, 1, 720, 13240.000000, 0.000969, 13663570.691434, 13240000.000000, 1.000000, 2, 0.000060, 2732714.138287, 2732714.138287
Z3, 14, 1, 720, 28328.000000, 0.000983, 28817904.374364, 28328000.000000, 1.000000, 2, 0.000060, 5763580.874873, 5763580.874873
Z3, 15, 1, 720, 30528.000000, 0.000937, 32580576.307364, 30528000.000000, 1.000000, 2, 0.000060, 6516115.261473, 6516115.261473
Z3, 16, 1, 720, 16360.000000, 0.000892, 18340807.174888, 16360000.000000, 1.000000, 2, 0.000060, 3668161.434978, 3668161.434978
Z3, 17, 1, 720, 33216.000000, 0.000986, 33687626.774848, 33216000.000000, 1.000000, 2, 0.000060, 6737525.354970, 6737525.354970
Z3, 18, 1, 720, 28000.000000, 0.000984, 28455284.552846, 28000000.000000, 1.000000, 2, 0.000060, 5691056.910569, 5691056.910569
Z3, 19, 1, 720, 15744.000000, 0.000950, 16572631.578947, 15744000.000000, 1.000000, 2, 0.000060, 3314526.315789, 3314526.315789
Z3, 20, 1, 720, 16024.000000, 0.000946, 16938689.217759, 16024000.000000, 1.000000, 2, 0.000060, 3387737.843552, 3387737.843552
Z3, 21, 1, 720, 11576.000000, 0.000907, 12762954.796031, 11576000.000000, 1.000000, 2, 0.000060, 2552590.959206, 2552590.959206
Z3, 22, 1, 720, 10816.000000, 0.000952, 11361344.537815, 10816000.000000, 1.000000, 2, 0.000060, 2272268.907563, 2272268.907563
Z3, 23, 1, 720, 13224.000000, 0.000974, 13577002.053388, 13224000.000000, 1.000000, 2, 0.000060, 2715400.410678, 2715400.410678
Z3, 24, 1, 720, 17528.000000, 0.000963, 18201453.790239, 17528000.000000, 1.000000, 2, 0.000060, 3640290.758048, 3640290.758048
Z3, 25, 1, 720, 23824.000000, 0.000843, 28260972.716489, 23824000.000000, 1.000000, 2, 0.000060, 5652194.543298, 5652194.543298
Z3, 26, 1, 720, 11024.000000, 0.001011, 10904055.390702, 11024000.000000, 1.000000, 2, 0.000060, 2180811.078140, 2180811.078140
Z3, 27, 1, 720, 15112.000000, 0.000902, 16753880.266075, 15112000.000000, 1.000000, 2, 0.000060, 3350776.053215, 3350776.053215
Z3, 28, 1, 720, 24552.000000, 0.000930, 26400000.000000, 24552000.000000, 1.000000, 2, 0.000060, 5280000.000000, 5280000.000000
Z3, 29, 1, 720, 10824.000000, 0.000853, 12689331.770223, 10824000.000000, 1.000000, 2, 0.000060, 2537866.354045, 2537866.354045
Z3, 30, 1, 720, 6872.000000, 0.000853, 8056271.981243, 6872000.000000, 1.000000, 2, 0.000060, 1611254.396249, 1611254.396249
Z3, 31, 1, 720, 6872.000000, 0.000913, 7526834.611172, 6872000.000000, 1.000000, 2, 0.000060, 1505366.922234, 1505366.922234
Z3, 32, 1, 720, 6376.000000, 0.000878, 7261958.997722, 6376000.000000, 1.000000, 2, 0.000060, 1452391.799544, 1452391.799544
Z3, 33, 1, 720, 6872.000000, 0.000880, 7809090.909091, 6872000.000000, 1.000000, 2, 0.000060, 1561818.181818, 1561818.181818
Z3, 34, 1, 720, 6872.000000, 0.000947, 7256599.788807, 6872000.000000, 1.000000, 2, 0.000060, 1451319.957761, 1451319.957761
Z3, 35, 1, 720, 6376.000000, 0.000933, 6833869.239014, 6376000.000000, 1.000000, 2, 0.000060, 1366773.847803, 1366773.847803
Z3, 36, 1, 720, 6872.000000, 0.000895, 7678212.290503, 6872000.000000, 1.000000, 2, 0.000060, 1535642.458101, 1535642.458101
Z3, 37, 1, 720, 6872.000000, 0.000849, 8094228.504122, 6872000.000000, 1.000000, 2, 0.000060, 1618845.700824, 1618845.700824
Z3, 38, 1, 720, 6376.000000, 0.000844, 7554502.369668, 6376000.000000, 1.000000, 2, 0.000060, 1510900.473934, 1510900.473934
Z1, 0, 2, 4K, 33112.000000, 0.020909, 1583624.276627, 1655600.000000, 1.889302, 2, 0.110758, 1827625.329259, 1827625.329259
Z2, 0, 2, 4K, 6624.000000, 0.022469, 294806.177400, 301088.000000, 1.889302, 2, 0.110758, 1569861.709414, 1569861.709414
Z2, 1, 2, 4K, 9736.000000, 0.000871, 11177956.371986, 9736000.000000, 1.889302, 2, 0.110758, 3746491.748331, 3746491.748331
Z2, 2, 2, 4K, 9976.000000, 0.000763, 13074705.111402, 9976000.000000, 1.889302, 2, 0.110758, 4125841.496214, 4125841.496214
Z2, 3, 2, 4K, 38152.000000, 0.001003, 38037886.340977, 38152000.000000, 1.889302, 2, 0.110758, 9118477.742129, 9118477.742129
Z2, 4, 2, 4K, 53912.000000, 0.001228, 43902280.130293, 53912000.000000, 1.889302, 2, 0.110758, 10291356.499992, 10291356.499992
Z2, 5, 2, 4K, 24608.000000, 0.000955, 25767539.267016, 24608000.000000, 1.889302, 2, 0.110758, 6664408.327337, 6664408.327337
Z2, 6, 2, 4K, 10280.000000, 0.000740, 13891891.891892, 10280000.000000, 1.889302, 2, 0.110758, 4289278.852312, 4289278.852312
Z2, 7, 2, 4K, 10280.000000, 0.000813, 12644526.445264, 10280000.000000, 1.889302, 2, 0.110758, 4039805.762987, 4039805.762987
Z3, 0, 2, 4K, 9976.000000, 0.022701, 439452.006520, 453448.000000, 1.889302, 2, 0.110758, 1598790.875238, 1598790.875238
Z3, 1, 2, 4K, 9976.000000, 0.000840, 11876190.476190, 9976000.000000, 1.889302, 2, 0.110758, 3886138.569172, 3886138.569172
Z3, 2, 2, 4K, 9976.000000, 0.000836, 11933014.354067, 9976000.000000, 1.889302, 2, 0.110758, 3897503.344747, 3897503.344747
Z3, 3, 2, 4K, 9976.000000, 0.000790, 12627848.101266, 9976000.000000, 1.889302, 2, 0.110758, 4036470.094187, 4036470.094187
Z3, 4, 2, 4K, 9976.000000, 0.000857, 11640606.767795, 9976000.000000, 1.889302, 2, 0.110758, 3839021.827493, 3839021.827493
Z3, 5, 2, 4K, 9976.000000, 0.000983, 10148524.923703, 9976000.000000, 1.889302, 2, 0.110758, 3540605.458674, 3540605.458674
Z3, 6, 2, 4K, 9976.000000, 0.000955, 10446073.298429, 9976000.000000, 1.889302, 2, 0.110758, 3600115.133620, 3600115.133620
Z3, 7, 2, 4K, 9976.000000, 0.000783, 12740740.740741, 9976000.000000, 1.889302, 2, 0.110758, 4059048.622082, 4059048.622082
Z3, 8, 2, 4K, 9976.000000, 0.000847, 11778040.141677, 9976000.000000, 1.889302, 2, 0.110758, 3866508.502269, 3866508.502269
Z3, 9, 2, 4K, 9976.000000, 0.000954, 10457023.060797, 9976000.000000, 1.889302, 2, 0.110758, 3602305.086093, 3602305.086093
Z3, 10, 2, 4K, 40320.000000, 0.001054, 38254269.449715, 40320000.000000, 1.889302, 2, 0.110758, 9161754.363877, 9161754.363877
Z3, 11, 2, 4K, 25056.000000, 0.000930, 26941935.483871, 25056000.000000, 1.889302, 2, 0.110758, 6899287.570708, 6899287.570708
Z3, 12, 2, 4K, 28696.000000, 0.000954, 30079664.570231, 28696000.000000, 1.889302, 2, 0.110758, 7526833.387980, 7526833.387980
Z3, 13, 2, 4K, 25792.000000, 0.001056, 24424242.424242, 25792000.000000, 1.889302, 2, 0.110758, 6395748.958782, 6395748.958782
Z3, 14, 2, 4K, 40168.000000, 0.001069, 37575304.022451, 40168000.000000, 1.889302, 2, 0.110758, 9025961.278424, 9025961.278424
Z3, 15, 2, 4K, 41448.000000, 0.000999, 41489489.489489, 41448000.000000, 1.889302, 2, 0.110758, 9808798.371832, 9808798.371832
Z3, 16, 2, 4K, 44560.000000, 0.000982, 45376782.077393, 44560000.000000, 1.889302, 2, 0.110758, 10586256.889412, 10586256.889412
Z3, 17, 2, 4K, 39312.000000, 0.000990, 39709090.909091, 39312000.000000, 1.889302, 2, 0.110758, 9452718.655752, 9452718.655752
Z3, 18, 2, 4K, 31560.000000, 0.000920, 34304347.826087, 31560000.000000, 1.889302, 2, 0.110758, 8371770.039151, 8371770.039151
Z3, 19, 2, 4K, 29312.000000, 0.000935, 31349732.620321, 29312000.000000, 1.889302, 2, 0.110758, 7780846.997998, 7780846.997998
Z3, 20, 2, 4K, 35968.000000, 0.000964, 37311203.319502, 35968000.000000, 1.889302, 2, 0.110758, 8973141.137834, 8973141.137834
Z3, 21, 2, 4K, 35592.000000, 0.001016, 35031496.062992, 35592000.000000, 1.889302, 2, 0.110758, 8517199.686532, 8517199.686532
Z3, 22, 2, 4K, 42440.000000, 0.001039, 40846968.238691, 42440000.000000, 1.889302, 2, 0.110758, 9680294.121672, 9680294.121672
Z3, 23, 2, 4K, 61624.000000, 0.001097, 56175022.789426, 61624000.000000, 1.889302, 2, 0.110758, 12745905.031819, 12745905.031819
Z3, 24, 2, 4K, 64952.000000, 0.001128, 57581560.283688, 64952000.000000, 1.889302, 2, 0.110758, 13027212.530671, 13027212.530671
Z3, 25, 2, 4K, 73400.000000, 0.001264, 58069620.253165, 73400000.000000, 1.889302, 2, 0.110758, 13124824.524567, 13124824.524567
Z3, 26, 2, 4K, 52792.000000, 0.001068, 49430711.610487, 52792000.000000, 1.889302, 2, 0.110758, 11397042.796031, 11397042.796031
Z3, 27, 2, 4K, 67272.000000, 0.001125, 59797333.333333, 67272000.000000, 1.889302, 2, 0.110758, 13470367.140600, 13470367.140600
Z3, 28, 2, 4K, 64968.000000, 0.001157, 56152117.545376, 64968000.000000, 1.889302, 2, 0.110758, 12741323.983009, 12741323.983009
Z3, 29, 2, 4K, 52408.000000, 0.001102, 47557168.784029, 52408000.000000, 1.889302, 2, 0.110758, 11022334.230739, 11022334.230739
Z3, 30, 2, 4K, 10280.000000, 0.000933, 11018220.793140, 10280000.000000, 1.889302, 2, 0.110758, 3714544.632562, 3714544.632562
Z3, 31, 2, 4K, 10280.000000, 0.000964, 10663900.414938, 10280000.000000, 1.889302, 2, 0.110758, 3643680.556921, 3643680.556921
Z3, 32, 2, 4K, 10280.000000, 0.000875, 11748571.428571, 10280000.000000, 1.889302, 2, 0.110758, 3860614.759648, 3860614.759648
Z3, 33, 2, 4K, 10280.000000, 0.000927, 11089536.138080, 10280000.000000, 1.889302, 2, 0.110758, 3728807.701550, 3728807.701550
Z3, 34, 2, 4K, 10280.000000, 0.000916, 11222707.423581, 10280000.000000, 1.889302, 2, 0.110758, 3755441.958650, 3755441.958650
Z3, 35, 2, 4K, 10280.000000, 0.000928, 11077586.206897, 10280000.000000, 1.889302, 2, 0.110758, 3726417.715313, 3726417.715313
Z3, 36, 2, 4K, 10280.000000, 0.000921, 11161780.673181, 10280000.000000, 1.889302, 2, 0.110758, 3743256.608570, 3743256.608570
Z3, 37, 2, 4K, 10280.000000, 0.000927, 11089536.138080, 10280000.000000, 1.889302, 2, 0.110758, 3728807.701550, 3728807.701550
Z3, 38, 2, 4K, 10280.000000, 0.000921, 11161780.673181, 10280000.000000, 1.889302, 2, 0.110758, 3743256.608570, 3743256.608570
Z1, 0, 3, 4K, 37368.000000, 0.021334, 1751570.263429, 1779424.000000, 1.773991, 2, 0.226069, 4093570.661256, 4093570.661256
Z2, 0, 3, 4K, 6624.000000, 0.021778, 304160.161631, 315424.000000, 1.773991, 2, 0.226069, 3804088.640896, 3804088.640896
Z2, 1, 3, 4K, 9736.000000, 0.000918, 10605664.488017, 9736000.000000, 1.773991, 2, 0.226069, 5864389.506173, 5864389.506173
Z2, 2, 3, 4K, 9976.000000, 0.000960, 10391666.666667, 9976000.000000, 1.773991, 2, 0.226069, 5821589.941903, 5821589.941903
Z2, 3, 3, 4K, 41472.000000, 0.001002, 41389221.556886, 41472000.000000, 1.773991, 2, 0.226069, 12021100.919947, 12021100.919947
Z2, 4, 3, 4K, 64608.000000, 0.001114, 57996409.335727, 64608000.000000, 1.773991, 2, 0.226069, 15342538.475715, 15342538.475715
Z2, 5, 3, 4K, 26312.000000, 0.001058, 24869565.217391, 26312000.000000, 1.773991, 2, 0.226069, 8717169.652048, 8717169.652048
Z2, 6, 3, 4K, 10280.000000, 0.000930, 11053763.440860, 10280000.000000, 1.773991, 2, 0.226069, 5954009.296742, 5954009.296742
Z2, 7, 3, 4K, 10280.000000, 0.000802, 12817955.112219, 10280000.000000, 1.773991, 2, 0.226069, 6306847.631014, 6306847.631014
Z3, 0, 3, 4K, 9976.000000, 0.023197, 430055.610639, 433736.000000, 1.773991, 2, 0.226069, 3829267.730698, 3829267.730698
Z3, 1, 3, 4K, 9976.000000, 0.000952, 10478991.596639, 9976000.000000, 1.773991, 2, 0.226069, 5839054.927898, 5839054.927898
Z3, 2, 3, 4K, 9976.000000, 0.000917, 10878953.107961, 9976000.000000, 1.773991, 2, 0.226069, 5919047.230162, 5919047.230162
Z3, 3, 3, 4K, 9976.000000, 0.000881, 11323496.027242, 9976000.000000, 1.773991, 2, 0.226069, 6007955.814018, 6007955.814018
Z3, 4, 3, 4K, 9976.000000, 0.000949, 10512118.018967, 9976000.000000, 1.773991, 2, 0.226069, 5845680.212363, 5845680.212363
Z3, 5, 3, 4K, 9976.000000, 0.000963, 10359293.873313, 9976000.000000, 1.773991, 2, 0.226069, 5815115.383232, 5815115.383232
Z3, 6, 3, 4K, 9976.000000, 0.000984, 10138211.382114, 9976000.000000, 1.773991, 2, 0.226069, 5770898.884993, 5770898.884993
Z3, 7, 3, 4K, 9976.000000, 0.000880, 11336363.636364, 9976000.000000, 1.773991, 2, 0.226069, 6010529.335843, 6010529.335843
Z3, 8, 3, 4K, 9976.000000, 0.000914, 10914660.831510, 9976000.000000, 1.773991, 2, 0.226069, 5926188.774872, 5926188.774872
Z3, 9, 3, 4K, 9976.000000, 0.000856, 11654205.607477, 9976000.000000, 1.773991, 2, 0.226069, 6074097.730065, 6074097.730065
Z3, 10, 3, 4K, 46944.000000, 0.000992, 47322580.645161, 46944000.000000, 1.773991, 2, 0.226069, 13207772.737602, 13207772.737602
Z3, 11, 3, 4K, 25776.000000, 0.000950, 27132631.578947, 25776000.000000, 1.773991, 2, 0.226069, 9169782.924359, 9169782.924359
Z3, 12, 3, 4K, 29160.000000, 0.000969, 30092879.256966, 29160000.000000, 1.773991, 2, 0.226069, 9761832.459963, 9761832.459963
Z3, 13, 3, 4K, 27488.000000, 0.000970, 28338144.329897, 27488000.000000, 1.773991, 2, 0.226069, 9410885.474549, 9410885.474549
Z3, 14, 3, 4K, 44488.000000, 0.001063, 41851364.063970, 44488000.000000, 1.773991, 2, 0.226069, 12113529.421364, 12113529.421364
Z3, 15, 3, 4K, 39320.000000, 0.001012, 38853754.940711, 39320000.000000, 1.773991, 2, 0.226069, 11514007.596712, 11514007.596712
Z3, 16, 3, 4K, 43888.000000, 0.001050, 41798095.238095, 43888000.000000, 1.773991, 2, 0.226069, 12102875.656189, 12102875.656189
Z3, 17, 3, 4K, 44080.000000, 0.001053, 41861348.528015, 44080000.000000, 1.773991, 2, 0.226069, 12115526.314173, 12115526.314173
Z3, 18, 3, 4K, 34432.000000, 0.000970, 35496907.216495, 34432000.000000, 1.773991, 2, 0.226069, 10842638.051869, 10842638.051869
Z3, 19, 3, 4K, 31336.000000, 0.000976, 32106557.377049, 31336000.000000, 1.773991, 2, 0.226069, 10164568.083980, 10164568.083980
Z3, 20, 3, 4K, 37168.000000, 0.001041, 35704130.643612, 37168000.000000, 1.773991, 2, 0.226069, 10884082.737292, 10884082.737292
Z3, 21, 3, 4K, 36888.000000, 0.001032, 35744186.046512, 36888000.000000, 1.773991, 2, 0.226069, 10892093.817872, 10892093.817872
Z3, 22, 3, 4K, 45448.000000, 0.001021, 44513222.331048, 45448000.000000, 1.773991, 2, 0.226069, 12645901.074780, 12645901.074780
Z3, 23, 3, 4K, 60880.000000, 0.001113, 54699011.680144, 60880000.000000, 1.773991, 2, 0.226069, 14683058.944599, 14683058.944599
Z3, 24, 3, 4K, 64936.000000, 0.001140, 56961403.508772, 64936000.000000, 1.773991, 2, 0.226069, 15135537.310324, 15135537.310324
Z3, 25, 3, 4K, 68152.000000, 0.001178, 57853989.813243, 68152000.000000, 1.773991, 2, 0.226069, 15314054.571218, 15314054.571218
Z3, 26, 3, 4K, 51256.000000, 0.001071, 47858076.563959, 51256000.000000, 1.773991, 2, 0.226069, 13314871.921362, 13314871.921362
Z3, 27, 3, 4K, 77296.000000, 0.001245, 62085140.562249, 77296000.000000, 1.773991, 2, 0.226069, 16160284.721020, 16160284.721020
Z3, 28, 3, 4K, 69656.000000, 0.001195, 58289539.748954, 69656000.000000, 1.773991, 2, 0.226069, 15401164.558361, 15401164.558361
Z3, 29, 3, 4K, 53752.000000, 0.001094, 49133455.210238, 53752000.000000, 1.773991, 2, 0.226069, 13569947.650617, 13569947.650617
Z3, 30, 3, 4K, 10280.000000, 0.000857, 11995332.555426, 10280000.000000, 1.773991, 2, 0.226069, 6142323.119655, 6142323.119655
Z3, 31, 3, 4K, 10280.000000, 0.000947, 10855332.629356, 10280000.000000, 1.773991, 2, 0.226069, 5914323.134441, 5914323.134441
Z3, 32, 3, 4K, 10280.000000, 0.000944, 10889830.508475, 10280000.000000, 1.773991, 2, 0.226069, 5921222.710265, 5921222.710265
Z3, 33, 3, 4K, 10280.000000, 0.000863, 11911935.110081, 10280000.000000, 1.773991, 2, 0.226069, 6125643.630586, 6125643.630586
Z3, 34, 3, 4K, 10280.000000, 0.000906, 11346578.366446, 10280000.000000, 1.773991, 2, 0.226069, 6012572.281859, 6012572.281859
Z3, 35, 3, 4K, 10280.000000, 0.000882, 11655328.798186, 10280000.000000, 1.773991, 2, 0.226069, 6074322.368207, 6074322.368207
Z3, 36, 3, 4K, 10288.000000, 0.000958, 10739039.665971, 10288000.000000, 1.773991, 2, 0.226069, 5891064.541764, 5891064.541764
Z3, 37, 3, 4K, 10280.000000, 0.000892, 11524663.677130, 10280000.000000, 1.773991, 2, 0.226069, 6048189.343996, 6048189.343996
Z3, 38, 3, 4K, 10280.000000, 0.000924, 11125541.125541, 10280000.000000, 1.773991, 2, 0.226069, 5968364.833678, 5968364.833678
Z1, 0, 4, 4K, 78920.000000, 0.020756, 3802274.041241, 3946000.000000, 1.657628, 2, 1.342432, 6728819.641926, 6728819.641926
Z2, 0, 4, 4K, 6624.000000, 0.025716, 257582.827811, 264960.000000, 1.657628, 2, 1.342432, 6019881.399240, 6019881.399240
Z2, 1, 4, 4K, 9856.000000, 0.001006, 9797216.699801, 9856000.000000, 1.657628, 2, 1.342432, 7927808.173638, 7927808.173638
Z2, 2, 4, 4K, 10000.000000, 0.001005, 9950248.756219, 10000000.000000, 1.657628, 2, 1.342432, 7958414.584922, 7958414.584922
Z2, 3, 4, 4K, 61192.000000, 0.001082, 56554528.650647, 61192000.000000, 1.657628, 2, 1.342432, 17279270.563808, 17279270.563808
Z2, 4, 4, 4K, 105968.000000, 0.001390, 76235971.223022, 105968000.000000, 1.657628, 2, 1.342432, 21215559.078282, 21215559.078282
Z2, 5, 4, 4K, 53008.000000, 0.001048, 50580152.671756, 53008000.000000, 1.657628, 2, 1.342432, 16084395.368029, 16084395.368029
Z2, 6, 4, 4K, 17976.000000, 0.000892, 20152466.367713, 17976000.000000, 1.657628, 2, 1.342432, 9998858.107221, 9998858.107221
Z2, 7, 4, 4K, 11688.000000, 0.000909, 12858085.808581, 11688000.000000, 1.657628, 2, 1.342432, 8539981.995394, 8539981.995394
Z3, 0, 4, 4K, 10160.000000, 0.022057, 460624.744979, 461816.000000, 1.657628, 2, 1.342432, 6060489.782674, 6060489.782674
Z3, 1, 4, 4K, 10112.000000, 0.000966, 10467908.902692, 10112000.000000, 1.657628, 2, 1.342432, 8061946.614216, 8061946.614216
Z3, 2, 4, 4K, 10000.000000, 0.000905, 11049723.756906, 10000000.000000, 1.657628, 2, 1.342432, 8178309.585059, 8178309.585059
Z3, 3, 4, 4K, 10000.000000, 0.000939, 10649627.263046, 10000000.000000, 1.657628, 2, 1.342432, 8098290.286287, 8098290.286287
Z3, 4, 4, 4K, 10000.000000, 0.000894, 11185682.326622, 10000000.000000, 1.657628, 2, 1.342432, 8205501.299003, 8205501.299003
Z3, 5, 4, 4K, 10000.000000, 0.000905, 11049723.756906, 10000000.000000, 1.657628, 2, 1.342432, 8178309.585059, 8178309.585059
Z3, 6, 4, 4K, 10400.000000, 0.000975, 10666666.666667, 10400000.000000, 1.657628, 2, 1.342432, 8101698.167011, 8101698.167011
Z3, 7, 4, 4K, 10000.000000, 0.000915, 10928961.748634, 10000000.000000, 1.657628, 2, 1.342432, 8154157.183405, 8154157.183405
Z3, 8, 4, 4K, 10000.000000, 0.000803, 12453300.124533, 10000000.000000, 1.657628, 2, 1.342432, 8459024.858585, 8459024.858585
Z3, 9, 4, 4K, 10016.000000, 0.000805, 12442236.024845, 10016000.000000, 1.657628, 2, 1.342432, 8456812.038647, 8456812.038647
Z3, 10, 4, 4K, 69528.000000, 0.001138, 61096660.808436, 69528000.000000, 1.657628, 2, 1.342432, 18187696.995365, 18187696.995365
Z3, 11, 4, 4K, 50216.000000, 0.001160, 43289655.172414, 50216000.000000, 1.657628, 2, 1.342432, 14626295.868161, 14626295.868161
Z3, 12, 4, 4K, 53360.000000, 0.001007, 52989076.464747, 53360000.000000, 1.657628, 2, 1.342432, 16566180.126627, 16566180.126627
Z3, 13, 4, 4K, 45608.000000, 0.001127, 40468500.443656, 45608000.000000, 1.657628, 2, 1.342432, 14062064.922409, 14062064.922409
Z3, 14, 4, 4K, 88024.000000, 0.001245, 70702008.032129, 88024000.000000, 1.657628, 2, 1.342432, 20108766.440104, 20108766.440104
Z3, 15, 4, 4K, 65880.000000, 0.001175, 56068085.106383, 65880000.000000, 1.657628, 2, 1.342432, 17181981.854955, 17181981.854955
Z3, 16, 4, 4K, 81544.000000, 0.001221, 66784602.784603, 81544000.000000, 1.657628, 2, 1.342432, 19325285.390599, 19325285.390599
Z3, 17, 4, 4K, 79088.000000, 0.001182, 66910321.489002, 79088000.000000, 1.657628, 2, 1.342432, 19350429.131478, 19350429.131478
Z3, 18, 4, 4K, 60616.000000, 0.000890, 68107865.168539, 60616000.000000, 1.657628, 2, 1.342432, 19589937.867386, 19589937.867386
Z3, 19, 4, 4K, 55928.000000, 0.001117, 50069829.901522, 55928000.000000, 1.657628, 2, 1.342432, 15982330.813983, 15982330.813983
Z3, 20, 4, 4K, 60512.000000, 0.001024, 59093750.000000, 60512000.000000, 1.657628, 2, 1.342432, 17787114.833678, 17787114.833678
Z3, 21, 4, 4K, 116408.000000, 0.001496, 77812834.224599, 116408000.000000, 1.657628, 2, 1.342432, 21530931.678598, 21530931.678598
Z3, 22, 4, 4K, 104248.000000, 0.001582, 65896333.754741, 104248000.000000, 1.657628, 2, 1.342432, 19147631.584626, 19147631.584626
Z3, 23, 4, 4K, 138368.000000, 0.001316, 105142857.142857, 138368000.000000, 1.657628, 2, 1.342432, 26996936.262250, 26996936.262250
Z3, 24, 4, 4K, 139408.000000, 0.001406, 99152204.836415, 139408000.000000, 1.657628, 2, 1.342432, 25798805.800961, 25798805.800961
Z3, 25, 4, 4K, 141032.000000, 0.001801, 78307606.885064, 141032000.000000, 1.657628, 2, 1.342432, 21629886.210691, 21629886.210691
Z3, 26, 4, 4K, 125672.000000, 0.001364, 92134897.360704, 125672000.000000, 1.657628, 2, 1.342432, 24395344.305819, 24395344.305819
Z3, 27, 4, 4K, 147320.000000, 0.001651, 89230769.230769, 147320000.000000, 1.657628, 2, 1.342432, 23814518.679832, 23814518.679832
Z3, 28, 4, 4K, 120984.000000, 0.001477, 81911983.750846, 120984000.000000, 1.657628, 2, 1.342432, 22350761.583847, 22350761.583847
Z3, 29, 4, 4K, 87456.000000, 0.001280, 68325000.000000, 87456000.000000, 1.657628, 2, 1.342432, 19633364.833678, 19633364.833678
Z3, 30, 4, 4K, 19872.000000, 0.000709, 28028208.744711, 19872000.000000, 1.657628, 2, 1.342432, 11574006.582620, 11574006.582620
Z3, 31, 4, 4K, 17320.000000, 0.000814, 21277641.277641, 17320000.000000, 1.657628, 2, 1.342432, 10223893.089206, 10223893.089206
Z3, 32, 4, 4K, 20880.000000, 0.001011, 20652818.991098, 20880000.000000, 1.657628, 2, 1.342432, 10098928.631898, 10098928.631898
Z3, 33, 4, 4K, 18648.000000, 0.000833, 22386554.621849, 18648000.000000, 1.657628, 2, 1.342432, 10445675.758048, 10445675.758048
Z3, 34, 4, 4K, 15368.000000, 0.000739, 20795669.824087, 15368000.000000, 1.657628, 2, 1.342432, 10127498.798495, 10127498.798495
Z3, 35, 4, 4K, 17240.000000, 0.000745, 23140939.597315, 17240000.000000, 1.657628, 2, 1.342432, 10596552.753141, 10596552.753141
Z3, 36, 4, 4K, 34944.000000, 0.001053, 33185185.185185, 34944000.000000, 1.657628, 2, 1.342432, 12605401.870715, 12605401.870715
Z3, 37, 4, 4K, 16344.000000, 0.000885, 18467796.610169, 16344000.000000, 1.657628, 2, 1.342432, 9661924.155712, 9661924.155712
Z3, 38, 4, 4K, 11896.000000, 0.000864, 13768518.518519, 11896000.000000, 1.657628, 2, 1.342432, 8722068.537382, 8722068.537382
Z1, 0, 5, 4K, 86352.000000, 0.020917, 4128316.680212, 4317600.000000, 1.533925, 2, 1.466135, 9547731.873424, 9547731.873424
Z2, 0, 5, 4K, 6624.000000, 0.021896, 302521.008403, 315424.000000, 1.533925, 2, 1.466135, 8782572.739063, 8782572.739063
Z2, 1, 5, 4K, 15440.000000, 0.000971, 15901132.852729, 15440000.000000, 1.533925, 2, 1.466135, 11902295.107928, 11902295.107928
Z2, 2, 5, 4K, 14656.000000, 0.000932, 15725321.888412, 14656000.000000, 1.533925, 2, 1.466135, 11867132.915064, 11867132.915064
Z2, 3, 5, 4K, 59096.000000, 0.001088, 54316176.470588, 59096000.000000, 1.533925, 2, 1.466135, 19585303.831499, 19585303.831499
Z2, 4, 5, 4K, 117640.000000, 0.001470, 80027210.884354, 117640000.000000, 1.533925, 2, 1.466135, 24727510.714253, 24727510.714253
Z2, 5, 5, 4K, 68288.000000, 0.001098, 62193078.324226, 68288000.000000, 1.533925, 2, 1.466135, 21160684.202227, 21160684.202227
Z2, 6, 5, 4K, 47432.000000, 0.000995, 47670351.758794, 47432000.000000, 1.533925, 2, 1.466135, 18256138.889141, 18256138.889141
Z2, 7, 5, 4K, 40216.000000, 0.001181, 34052497.883150, 40216000.000000, 1.533925, 2, 1.466135, 15532568.114012, 15532568.114012
Z3, 0, 5, 4K, 16504.000000, 0.020938, 788231.922820, 825200.000000, 1.533925, 2, 1.466135, 8879714.921946, 8879714.921946
Z3, 1, 5, 4K, 16120.000000, 0.000863, 18679026.651217, 16120000.000000, 1.533925, 2, 1.466135, 12457873.867625, 12457873.867625
Z3, 2, 5, 4K, 15008.000000, 0.000827, 18147521.160822, 15008000.000000, 1.533925, 2, 1.466135, 12351572.769546, 12351572.769546
Z3, 3, 5, 4K, 15032.000000, 0.000859, 17499417.927823, 15032000.000000, 1.533925, 2, 1.466135, 12221952.122946, 12221952.122946
Z3, 4, 5, 4K, 12928.000000, 0.000839, 15408820.023838, 12928000.000000, 1.533925, 2, 1.466135, 11803832.542149, 11803832.542149
Z3, 5, 5, 4K, 13640.000000, 0.000816, 16715686.274510, 13640000.000000, 1.533925, 2, 1.466135, 12065205.792284, 12065205.792284
Z3, 6, 5, 4K, 14648.000000, 0.000843, 17376037.959668, 14648000.000000, 1.533925, 2, 1.466135, 12197276.129315, 12197276.129315
Z3, 7, 5, 4K, 15008.000000, 0.000897, 16731326.644370, 15008000.000000, 1.533925, 2, 1.466135, 12068333.866256, 12068333.866256
Z3, 8, 5, 4K, 14312.000000, 0.000830, 17243373.493976, 14312000.000000, 1.533925, 2, 1.466135, 12170743.236177, 12170743.236177
Z3, 9, 5, 4K, 14200.000000, 0.000867, 16378316.032295, 14200000.000000, 1.533925, 2, 1.466135, 11997731.743841, 11997731.743841
Z3, 10, 5, 4K, 67288.000000, 0.001050, 64083809.523810, 67288000.000000, 1.533925, 2, 1.466135, 21538830.442144, 21538830.442144
Z3, 11, 5, 4K, 52536.000000, 0.001065, 49329577.464789, 52536000.000000, 1.533925, 2, 1.466135, 18587984.030340, 18587984.030340
Z3, 12, 5, 4K, 52032.000000, 0.001034, 50321083.172147, 52032000.000000, 1.533925, 2, 1.466135, 18786285.171811, 18786285.171811
Z3, 13, 5, 4K, 44632.000000, 0.000968, 46107438.016529, 44632000.000000, 1.533925, 2, 1.466135, 17943556.140688, 17943556.140688
Z3, 14, 5, 4K, 76304.000000, 0.001203, 63428096.425603, 76304000.000000, 1.533925, 2, 1.466135, 21407687.822502, 21407687.822502
Z3, 15, 5, 4K, 71856.000000, 0.001162, 61838209.982788, 71856000.000000, 1.533925, 2, 1.466135, 21089710.533940, 21089710.533940
Z3, 16, 5, 4K, 82648.000000, 0.001326, 62328808.446456, 82648000.000000, 1.533925, 2, 1.466135, 21187830.226673, 21187830.226673
Z3, 17, 5, 4K, 76072.000000, 0.001225, 62099591.836735, 76072000.000000, 1.533925, 2, 1.466135, 21141986.904729, 21141986.904729
Z3, 18, 5, 4K, 59304.000000, 0.001072, 55320895.522388, 59304000.000000, 1.533925, 2, 1.466135, 19786247.641859, 19786247.641859
Z3, 19, 5, 4K, 43064.000000, 0.001044, 41249042.145594, 43064000.000000, 1.533925, 2, 1.466135, 16971876.966501, 16971876.966501
Z3, 20, 5, 4K, 54872.000000, 0.001034, 53067698.259188, 54872000.000000, 1.533925, 2, 1.466135, 19335608.189219, 19335608.189219
Z3, 21, 5, 4K, 135784.000000, 0.001523, 89155613.919895, 135784000.000000, 1.533925, 2, 1.466135, 26553191.321361, 26553191.321361
Z3, 22, 5, 4K, 118304.000000, 0.001421, 83254046.446165, 118304000.000000, 1.533925, 2, 1.466135, 25372877.826615, 25372877.826615
Z3, 23, 5, 4K, 147040.000000, 0.001435, 102466898.954704, 147040000.000000, 1.533925, 2, 1.466135, 29215448.328323, 29215448.328323
Z3, 24, 5, 4K, 179520.000000, 0.001649, 108865979.381443, 179520000.000000, 1.533925, 2, 1.466135, 30495264.413671, 30495264.413671
Z3, 25, 5, 4K, 172688.000000, 0.001560, 110697435.897436, 172688000.000000, 1.533925, 2, 1.466135, 30861555.716869, 30861555.716869
Z3, 26, 5, 4K, 145128.000000, 0.001721, 84327716.443928, 145128000.000000, 1.533925, 2, 1.466135, 25587611.826167, 25587611.826167
Z3, 27, 5, 4K, 179592.000000, 0.001552, 115716494.845361, 179592000.000000, 1.533925, 2, 1.466135, 31865367.506454, 31865367.506454
Z3, 28, 5, 4K, 140720.000000, 0.001432, 98268156.424581, 140720000.000000, 1.533925, 2, 1.466135, 28375699.822298, 28375699.822298
Z3, 29, 5, 4K, 83928.000000, 0.001242, 67574879.227053, 83928000.000000, 1.533925, 2, 1.466135, 22237044.382792, 22237044.382792
Z3, 30, 5, 4K, 82192.000000, 0.001288, 63813664.596273, 82192000.000000, 1.533925, 2, 1.466135, 21484801.456636, 21484801.456636
Z3, 31, 5, 4K, 68504.000000, 0.001039, 65932627.526468, 68504000.000000, 1.533925, 2, 1.466135, 21908594.042675, 21908594.042675
Z3, 32, 5, 4K, 53776.000000, 0.001062, 50636534.839925, 53776000.000000, 1.533925, 2, 1.466135, 18849375.505367, 18849375.505367
Z3, 33, 5, 4K, 72968.000000, 0.001125, 64860444.444444, 72968000.000000, 1.533925, 2, 1.466135, 21694157.426271, 21694157.426271
Z3, 34, 5, 4K, 78200.000000, 0.001297, 60292983.808790, 78200000.000000, 1.533925, 2, 1.466135, 20780665.299140, 20780665.299140
Z3, 35, 5, 4K, 63936.000000, 0.001047, 61065902.578797, 63936000.000000, 1.533925, 2, 1.466135, 20935249.053141, 20935249.053141
Z3, 36, 5, 4K, 86888.000000, 0.001315, 66074524.714829, 86888000.000000, 1.533925, 2, 1.466135, 21936973.480348, 21936973.480348
Z3, 37, 5, 4K, 53856.000000, 0.001062, 50711864.406780, 53856000.000000, 1.533925, 2, 1.466135, 18864441.418738, 18864441.418738
Z3, 38, 5, 4K, 42888.000000, 0.001049, 40884652.049571, 42888000.000000, 1.533925, 2, 1.466135, 16898998.947296, 16898998.947296
Z1, 0, 6, 4K, 32384.000000, 0.019587, 1653341.502017, 1704416.000000, 1.413161, 2, 2.586899, 15718766.773766, 15718766.773766
Z2, 0, 6, 4K, 11672.000000, 0.021724, 537285.951022, 555808.000000, 1.413161, 2, 2.586899, 15495555.663567, 15495555.663567
Z2, 1, 6, 4K, 36784.000000, 0.000931, 39510204.081633, 36784000.000000, 1.413161, 2, 2.586899, 23290139.289689, 23290139.289689
Z2, 2, 6, 4K, 30448.000000, 0.000961, 31683662.851197, 30448000.000000, 1.413161, 2, 2.586899, 21724831.043602, 21724831.043602
Z2, 3, 6, 4K, 89424.000000, 0.001507, 59339084.273391, 89424000.000000, 1.413161, 2, 2.586899, 27255915.328041, 27255915.328041
Z2, 4, 6, 4K, 37976.000000, 0.001162, 32681583.476764, 37976000.000000, 1.413161, 2, 2.586899, 21924415.168715, 21924415.168715
Z2, 5, 6, 4K, 44392.000000, 0.001131, 39250221.043324, 44392000.000000, 1.413161, 2, 2.586899, 23238142.682027, 23238142.682027
Z2, 6, 6, 4K, 23176.000000, 0.000803, 28861768.368618, 23176000.000000, 1.413161, 2, 2.586899, 21160452.147086, 21160452.147086
Z2, 7, 6, 4K, 20712.000000, 0.000763, 27145478.374836, 20712000.000000, 1.413161, 2, 2.586899, 20817194.148330, 20817194.148330
Z3, 0, 6, 4K, 6624.000000, 0.022214, 298190.330422, 301088.000000, 1.413161, 2, 2.586899, 15447736.539447, 15447736.539447
Z3, 1, 6, 4K, 12000.000000, 0.001114, 10771992.818671, 12000000.000000, 1.413161, 2, 2.586899, 17542497.037097, 17542497.037097
Z3, 2, 6, 4K, 12312.000000, 0.000813, 15143911.439114, 12312000.000000, 1.413161, 2, 2.586899, 18416880.761185, 18416880.761185
Z3, 3, 6, 4K, 11800.000000, 0.001213, 9727947.238252, 11800000.000000, 1.413161, 2, 2.586899, 17333687.921013, 17333687.921013
Z3, 4, 6, 4K, 11672.000000, 0.000806, 14481389.578164, 11672000.000000, 1.413161, 2, 2.586899, 18284376.388995, 18284376.388995
Z3, 5, 6, 4K, 11856.000000, 0.001154, 10273830.155979, 11856000.000000, 1.413161, 2, 2.586899, 17442864.504558, 17442864.504558
Z3, 6, 6, 4K, 11392.000000, 0.001035, 11006763.285024, 11392000.000000, 1.413161, 2, 2.586899, 17589451.130367, 17589451.130367
Z3, 7, 6, 4K, 11608.000000, 0.000982, 11820773.930754, 11608000.000000, 1.413161, 2, 2.586899, 17752253.259513, 17752253.259513
Z3, 8, 6, 4K, 11808.000000, 0.000802, 14723192.019950, 11808000.000000, 1.413161, 2, 2.586899, 18332736.877352, 18332736.877352
Z3, 9, 6, 4K, 11616.000000, 0.001005, 11558208.955224, 11616000.000000, 1.413161, 2, 2.586899, 17699740.264407, 17699740.264407
Z3, 10, 6, 4K, 11320.000000, 0.000854, 13255269.320843, 11320000.000000, 1.413161, 2, 2.586899, 18039152.337531, 18039152.337531
Z3, 11, 6, 4K, 11456.000000, 0.001418, 8078984.485190, 11456000.000000, 1.413161, 2, 2.586899, 17003895.370400, 17003895.370400
Z3, 12, 6, 4K, 30472.000000, 0.000799, 38137672.090113, 30472000.000000, 1.413161, 2, 2.586899, 23015632.891385, 23015632.891385
Z3, 13, 6, 4K, 27608.000000, 0.001125, 24540444.444444, 27608000.000000, 1.413161, 2, 2.586899, 20296187.362251, 20296187.362251
Z3, 14, 6, 4K, 24088.000000, 0.000854, 28206088.992974, 24088000.000000, 1.413161, 2, 2.586899, 21029316.271957, 21029316.271957
Z3, 15, 6, 4K, 38328.000000, 0.000808, 47435643.564356, 38328000.000000, 1.413161, 2, 2.586899, 24875227.186234, 24875227.186234
Z3, 16, 6, 4K, 32072.000000, 0.001206, 26593698.175788, 32072000.000000, 1.413161, 2, 2.586899, 20706838.108520, 20706838.108520
Z3, 17, 6, 4K, 42136.000000, 0.001313, 32091393.754760, 42136000.000000, 1.413161, 2, 2.586899, 21806377.224314, 21806377.224314
Z3, 18, 6, 4K, 36072.000000, 0.000885, 40759322.033898, 36072000.000000, 1.413161, 2, 2.586899, 23539962.880142, 23539962.880142
Z3, 19, 6, 4K, 27192.000000, 0.000861, 31581881.533101, 27192000.000000, 1.413161, 2, 2.586899, 21704474.779983, 21704474.779983
Z3, 20, 6, 4K, 23688.000000, 0.001158, 20455958.549223, 23688000.000000, 1.413161, 2, 2.586899, 19479290.183207, 19479290.183207
Z3, 21, 6, 4K, 86000.000000, 0.001489, 57756883.814641, 86000000.000000, 1.413161, 2, 2.586899, 26939475.236291, 26939475.236291
Z3, 22, 6, 4K, 62728.000000, 0.000970, 64668041.237113, 62728000.000000, 1.413161, 2, 2.586899, 28321706.720785, 28321706.720785
Z3, 23, 6, 4K, 65864.000000, 0.001417, 46481298.517996, 65864000.000000, 1.413161, 2, 2.586899, 24684358.176962, 24684358.176962
Z3, 24, 6, 4K, 82512.000000, 0.001549, 53267914.783731, 82512000.000000, 1.413161, 2, 2.586899, 26041681.430109, 26041681.430109
Z3, 25, 6, 4K, 102240.000000, 0.000974, 104969199.178645, 102240000.000000, 1.413161, 2, 2.586899, 36381938.309091, 36381938.309091
Z3, 26, 6, 4K, 69304.000000, 0.001030, 67285436.893204, 69304000.000000, 1.413161, 2, 2.586899, 28845185.852003, 28845185.852003
Z3, 27, 6, 4K, 73800.000000, 0.001065, 69295774.647887, 73800000.000000, 1.413161, 2, 2.586899, 29247253.402940, 29247253.402940
Z3, 28, 6, 4K, 59424.000000, 0.001187, 50062342.038753, 59424000.000000, 1.413161, 2, 2.586899, 25400566.881113, 25400566.881113
Z3, 29, 6, 4K, 38896.000000, 0.003885, 10011840.411840, 12965328.000000, 1.413161, 2, 2.586899, 17390466.555730, 17390466.555730
Z3, 30, 6, 4K, 30224.000000, 0.001009, 29954410.307235, 30224000.000000, 1.413161, 2, 2.586899, 21378980.534809, 21378980.534809
Z3, 31, 6, 4K, 34568.000000, 0.000996, 34706827.309237, 34568000.000000, 1.413161, 2, 2.586899, 22329463.935210, 22329463.935210
Z3, 32, 6, 4K, 62896.000000, 0.001227, 51259983.700081, 62896000.000000, 1.413161, 2, 2.586899, 25640095.213379, 25640095.213379
Z3, 33, 6, 4K, 50288.000000, 0.001138, 44189806.678383, 50288000.000000, 1.413161, 2, 2.586899, 24226059.809039, 24226059.809039
Z3, 34, 6, 4K, 37280.000000, 0.001055, 35336492.890995, 37280000.000000, 1.413161, 2, 2.586899, 22455397.051561, 22455397.051561
Z3, 35, 6, 4K, 26840.000000, 0.000854, 31428571.428571, 26840000.000000, 1.413161, 2, 2.586899, 21673812.759077, 21673812.759077
Z3, 36, 6, 4K, 30408.000000, 0.000878, 34633257.403189, 30408000.000000, 1.413161, 2, 2.586899, 22314749.954000, 22314749.954000
Z3, 37, 6, 4K, 24136.000000, 0.000890, 27119101.123596, 24136000.000000, 1.413161, 2, 2.586899, 20811918.698082, 20811918.698082
Z3, 38, 6, 4K, 21376.000000, 0.000874, 24457665.903890, 21376000.000000, 1.413161, 2, 2.586899, 20279631.654140, 20279631.654140
Z1, 0, 7, 4K, 33008.000000, 0.023884, 1382013.063139, 1435128.000000, 1.293839, 2, 2.706221, 18323678.132132, 18323678.132132
Z2, 0, 7, 4K, 11888.000000, 0.021360, 556554.307116, 566088.000000, 1.293839, 2, 2.706221, 18158586.380927, 18158586.380927
Z2, 1, 7, 4K, 40440.000000, 0.000969, 41733746.130031, 40440000.000000, 1.293839, 2, 2.706221, 26394024.745510, 26394024.745510
Z2, 2, 7, 4K, 30824.000000, 0.001010, 30518811.881188, 30824000.000000, 1.293839, 2, 2.706221, 24151037.895742, 24151037.895742
Z2, 3, 7, 4K, 76304.000000, 0.001226, 62238172.920065, 76304000.000000, 1.293839, 2, 2.706221, 30494910.103517, 30494910.103517
Z2, 4, 7, 4K, 40368.000000, 0.001030, 39192233.009709, 40368000.000000, 1.293839, 2, 2.706221, 25885722.121446, 25885722.121446
Z2, 5, 7, 4K, 46048.000000, 0.001153, 39937554.206418, 46048000.000000, 1.293839, 2, 2.706221, 26034786.360788, 26034786.360788
Z2, 6, 7, 4K, 66864.000000, 0.000916, 72995633.187773, 66864000.000000, 1.293839, 2, 2.706221, 32646402.157059, 32646402.157059
Z2, 7, 7, 4K, 21440.000000, 0.000794, 27002518.891688, 21440000.000000, 1.293839, 2, 2.706221, 23447779.297842, 23447779.297842
Z3, 0, 7, 4K, 6624.000000, 0.022676, 292115.011466, 301088.000000, 1.293839, 2, 2.706221, 18105698.521797, 18105698.521797
Z3, 1, 7, 4K, 12288.000000, 0.000926, 13269978.401728, 12288000.000000, 1.293839, 2, 2.706221, 20701271.199850, 20701271.199850
Z3, 2, 7, 4K, 12288.000000, 0.000886, 13869074.492099, 12288000.000000, 1.293839, 2, 2.706221, 20821090.417924, 20821090.417924
Z3, 3, 7, 4K, 12304.000000, 0.000880, 13981818.181818, 12304000.000000, 1.293839, 2, 2.706221, 20843639.155868, 20843639.155868
Z3, 4, 7, 4K, 11832.000000, 0.000952, 12428571.428571, 11832000.000000, 1.293839, 2, 2.706221, 20532989.805218, 20532989.805218
Z3, 5, 7, 4K, 12664.000000, 0.000921, 13750271.444083, 12664000.000000, 1.293839, 2, 2.706221, 20797329.808321, 20797329.808321
Z3, 6, 7, 4K, 11360.000000, 0.000917, 12388222.464558, 11360000.000000, 1.293839, 2, 2.706221, 20524920.012416, 20524920.012416
Z3, 7, 7, 4K, 11624.000000, 0.000907, 12815876.515987, 11624000.000000, 1.293839, 2, 2.706221, 20610450.822702, 20610450.822702
Z3, 8, 7, 4K, 12008.000000, 0.000942, 12747346.072187, 12008000.000000, 1.293839, 2, 2.706221, 20596744.733942, 20596744.733942
Z3, 9, 7, 4K, 11744.000000, 0.000984, 11934959.349593, 11744000.000000, 1.293839, 2, 2.706221, 20434267.389423, 20434267.389423
Z3, 10, 7, 4K, 11584.000000, 0.000916, 12646288.209607, 11584000.000000, 1.293839, 2, 2.706221, 20576533.161426, 20576533.161426
Z3, 11, 7, 4K, 11528.000000, 0.000875, 13174857.142857, 11528000.000000, 1.293839, 2, 2.706221, 20682246.948076, 20682246.948076
Z3, 12, 7, 4K, 32448.000000, 0.000940, 34519148.936170, 32448000.000000, 1.293839, 2, 2.706221, 24951105.306738, 24951105.306738
Z3, 13, 7, 4K, 29808.000000, 0.001029, 28967930.029155, 29808000.000000, 1.293839, 2, 2.706221, 23840861.525335, 23840861.525335
Z3, 14, 7, 4K, 26008.000000, 0.001027, 25324245.374878, 26008000.000000, 1.293839, 2, 2.706221, 23112124.594480, 23112124.594480
Z3, 15, 7, 4K, 43712.000000, 0.001002, 43624750.499002, 43712000.000000, 1.293839, 2, 2.706221, 26772225.619305, 26772225.619305
Z3, 16, 7, 4K, 42976.000000, 0.000997, 43105315.947844, 42976000.000000, 1.293839, 2, 2.706221, 26668338.709073, 26668338.709073
Z3, 17, 7, 4K, 80888.000000, 0.001176, 68782312.925170, 80888000.000000, 1.293839, 2, 2.706221, 31803738.104538, 31803738.104538
Z3, 18, 7, 4K, 51248.000000, 0.001025, 49998048.780488, 51248000.000000, 1.293839, 2, 2.706221, 28046885.275602, 28046885.275602
Z3, 19, 7, 4K, 29472.000000, 0.000903, 32637873.754153, 29472000.000000, 1.293839, 2, 2.706221, 24574850.270335, 24574850.270335
Z3, 20, 7, 4K, 23856.000000, 0.000902, 26447893.569845, 23856000.000000, 1.293839, 2, 2.706221, 23336854.233473, 23336854.233473
Z3, 21, 7, 4K, 78816.000000, 0.001247, 63204490.777867, 78816000.000000, 1.293839, 2, 2.706221, 30688173.675078, 30688173.675078
Z3, 22, 7, 4K, 66288.000000, 0.001287, 51505827.505828, 66288000.000000, 1.293839, 2, 2.706221, 28348441.020670, 28348441.020670
Z3, 23, 7, 4K, 69920.000000, 0.001260, 55492063.492063, 69920000.000000, 1.293839, 2, 2.706221, 29145688.217917, 29145688.217917
Z3, 24, 7, 4K, 81944.000000, 0.001447, 56630269.523151, 81944000.000000, 1.293839, 2, 2.706221, 29373329.424134, 29373329.424134
Z3, 25, 7, 4K, 102376.000000, 0.001424, 71893258.426966, 102376000.000000, 1.293839, 2, 2.706221, 32425927.204897, 32425927.204897
Z3, 26, 7, 4K, 76792.000000, 0.001283, 59853468.433359, 76792000.000000, 1.293839, 2, 2.706221, 30017969.206176, 30017969.206176
Z3, 27, 7, 4K, 81072.000000, 0.001393, 58199569.274946, 81072000.000000, 1.293839, 2, 2.706221, 29687189.374493, 29687189.374493
Z3, 28, 7, 4K, 62656.000000, 0.001136, 55154929.577465, 62656000.000000, 1.293839, 2, 2.706221, 29078261.434997, 29078261.434997
Z3, 29, 7, 4K, 41248.000000, 0.001038, 39737957.610790, 41248000.000000, 1.293839, 2, 2.706221, 25994867.041662, 25994867.041662
Z3, 30, 7, 4K, 51888.000000, 0.001131, 45877984.084881, 51888000.000000, 1.293839, 2, 2.706221, 27222872.336480, 27222872.336480
Z3, 31, 7, 4K, 60864.000000, 0.001072, 56776119.402985, 60864000.000000, 1.293839, 2, 2.706221, 29402499.400101, 29402499.400101
Z3, 32, 7, 4K, 30224.000000, 0.000984, 30715447.154472, 30224000.000000, 1.293839, 2, 2.706221, 24190364.950398, 24190364.950398
Z3, 33, 7, 4K, 29312.000000, 0.000982, 29849287.169043, 29312000.000000, 1.293839, 2, 2.706221, 24017132.953313, 24017132.953313
Z3, 34, 7, 4K, 25728.000000, 0.001045, 24620095.693780, 25728000.000000, 1.293839, 2, 2.706221, 22971294.658260, 22971294.658260
Z3, 35, 7, 4K, 27640.000000, 0.001023, 27018572.825024, 27640000.000000, 1.293839, 2, 2.706221, 23450990.084509, 23450990.084509
Z3, 36, 7, 4K, 32608.000000, 0.001022, 31906066.536204, 32608000.000000, 1.293839, 2, 2.706221, 24428488.826745, 24428488.826745
Z3, 37, 7, 4K, 25080.000000, 0.000996, 25180722.891566, 25080000.000000, 1.293839, 2, 2.706221, 23083420.097817, 23083420.097817
Z3, 38, 7, 4K, 21912.000000, 0.000973, 22520041.109969, 21912000.000000, 1.293839, 2, 2.706221, 22551283.741498, 22551283.741498
Z1, 0, 8, 4K, 12368.000000, 0.022939, 539169.100658, 562176.000000, 1.171722, 2, 3.828338, 20434009.336521, 20434009.336521
Z2, 0, 8, 4K, 6624.000000, 0.022752, 291139.240506, 301088.000000, 1.171722, 2, 3.828338, 20384403.364491, 20384403.364491
Z2, 1, 8, 4K, 12736.000000, 0.000750, 16981333.333333, 12736000.000000, 1.171722, 2, 3.828338, 23722442.183056, 23722442.183056
Z2, 2, 8, 4K, 12272.000000, 0.000900, 13635555.555556, 12272000.000000, 1.171722, 2, 3.828338, 23053286.627501, 23053286.627501
Z2, 3, 8, 4K, 47728.000000, 0.000954, 50029350.104822, 47728000.000000, 1.171722, 2, 3.828338, 30332045.537354, 30332045.537354
Z2, 4, 8, 4K, 47048.000000, 0.001124, 41857651.245552, 47048000.000000, 1.171722, 2, 3.828338, 28697705.765500, 28697705.765500
Z2, 5, 8, 4K, 46672.000000, 0.001015, 45982266.009852, 46672000.000000, 1.171722, 2, 3.828338, 29522628.718360, 29522628.718360
Z2, 6, 8, 4K, 116120.000000, 0.001668, 69616306.954436, 116120000.000000, 1.171722, 2, 3.828338, 34249436.907277, 34249436.907277
Z2, 7, 8, 4K, 109880.000000, 0.001362, 80675477.239354, 109880000.000000, 1.171722, 2, 3.828338, 36461270.964261, 36461270.964261
Z3, 0, 8, 4K, 13168.000000, 0.023989, 548918.254200, 572520.000000, 1.171722, 2, 3.828338, 20435959.167230, 20435959.167230
Z3, 1, 8, 4K, 12440.000000, 0.001224, 10163398.692810, 12440000.000000, 1.171722, 2, 3.828338, 22358855.254952, 22358855.254952
Z3, 2, 8, 4K, 12288.000000, 0.000785, 15653503.184713, 12288000.000000, 1.171722, 2, 3.828338, 23456876.153332, 23456876.153332
Z3, 3, 8, 4K, 13040.000000, 0.000791, 16485461.441214, 13040000.000000, 1.171722, 2, 3.828338, 23623267.804633, 23623267.804633
Z3, 4, 8, 4K, 11984.000000, 0.000906, 13227373.068433, 11984000.000000, 1.171722, 2, 3.828338, 22971650.130076, 22971650.130076
Z3, 5, 8, 4K, 12736.000000, 0.001160, 10979310.344828, 12736000.000000, 1.171722, 2, 3.828338, 22522037.585355, 22522037.585355
Z3, 6, 8, 4K, 12728.000000, 0.000816, 15598039.215686, 12728000.000000, 1.171722, 2, 3.828338, 23445783.359527, 23445783.359527
Z3, 7, 8, 4K, 13416.000000, 0.000946, 14181818.181818, 13416000.000000, 1.171722, 2, 3.828338, 23162539.152753, 23162539.152753
Z3, 8, 8, 4K, 12296.000000, 0.000686, 17924198.250729, 12296000.000000, 1.171722, 2, 3.828338, 23911015.166536, 23911015.166536
Z3, 9, 8, 4K, 36848.000000, 0.000838, 43971360.381862, 36848000.000000, 1.171722, 2, 3.828338, 29120447.592762, 29120447.592762
Z3, 10, 8, 4K, 37200.000000, 0.001197, 31077694.235589, 37200000.000000, 1.171722, 2, 3.828338, 26541714.363508, 26541714.363508
Z3, 11, 8, 4K, 36304.000000, 0.000982, 36969450.101833, 36304000.000000, 1.171722, 2, 3.828338, 27720065.536756, 27720065.536756
Z3, 12, 8, 4K, 72440.000000, 0.001118, 64794275.491950, 72440000.000000, 1.171722, 2, 3.828338, 33285030.614780, 33285030.614780
Z3, 13, 8, 4K, 94656.000000, 0.001276, 74181818.181818, 94656000.000000, 1.171722, 2, 3.828338, 35162539.152753, 35162539.152753
Z3, 14, 8, 4K, 126944.000000, 0.001237, 102622473.726758, 126944000.000000, 1.171722, 2, 3.828338, 40850670.261741, 40850670.261741
Z3, 15, 8, 4K, 91896.000000, 0.001247, 73693664.795509, 91896000.000000, 1.171722, 2, 3.828338, 35064908.475492, 35064908.475492
Z3, 16, 8, 4K, 51968.000000, 0.000929, 55939720.129171, 51968000.000000, 1.171722, 2, 3.828338, 31514119.542224, 31514119.542224
Z3, 17, 8, 4K, 33024.000000, 0.000756, 43682539.682540, 33024000.000000, 1.171722, 2, 3.828338, 29062683.452898, 29062683.452898
Z3, 18, 8, 4K, 183840.000000, 0.001612, 114044665.012407, 183840000.000000, 1.171722, 2, 3.828338, 43135108.518871, 43135108.518871
Z3, 19, 8, 4K, 154184.000000, 0.001411, 109272856.130404, 154184000.000000, 1.171722, 2, 3.828338, 42180746.742471, 42180746.742471
Z3, 20, 8, 4K, 155104.000000, 0.001410, 110002836.879433, 155104000.000000, 1.171722, 2, 3.828338, 42326742.892276, 42326742.892276
Z3, 21, 8, 4K, 164936.000000, 0.001257, 131214001.591090, 164936000.000000, 1.171722, 2, 3.828338, 46568975.834608, 46568975.834608
Z3, 22, 8, 4K, 148008.000000, 0.001427, 103719691.660827, 148008000.000000, 1.171722, 2, 3.828338, 41070113.848555, 41070113.848555
Z3, 23, 8, 4K, 158128.000000, 0.005239, 30182859.324299, 31625600.000000, 1.171722, 2, 3.828338, 26362747.381249, 26362747.381249
Z3, 24, 8, 4K, 212408.000000, 0.002376, 89397306.397306, 106204000.000000, 1.171722, 2, 3.828338, 38205636.795851, 38205636.795851
Z3, 25, 8, 4K, 148464.000000, 0.001753, 84691386.195094, 148464000.000000, 1.171722, 2, 3.828338, 37264452.755409, 37264452.755409
Z3, 26, 8, 4K, 105600.000000, 0.001383, 76355748.373102, 105600000.000000, 1.171722, 2, 3.828338, 35597325.191010, 35597325.191010
Z3, 27, 8, 4K, 99296.000000, 0.001181, 84077900.084674, 99296000.000000, 1.171722, 2, 3.828338, 37141755.533325, 37141755.533325
Z3, 28, 8, 4K, 81552.000000, 0.001145, 71224454.148472, 81552000.000000, 1.171722, 2, 3.828338, 34571066.346084, 34571066.346084
Z3, 29, 8, 4K, 74800.000000, 0.001253, 59696727.853152, 74800000.000000, 1.171722, 2, 3.828338, 32265521.087020, 32265521.087020
Z3, 30, 8, 4K, 60904.000000, 0.000999, 60964964.964965, 60904000.000000, 1.171722, 2, 3.828338, 32519168.509383, 32519168.509383
Z3, 31, 8, 4K, 56704.000000, 0.000900, 63004444.444444, 56704000.000000, 1.171722, 2, 3.828338, 32927064.405279, 32927064.405279
Z3, 32, 8, 4K, 77872.000000, 0.001172, 66443686.006826, 77872000.000000, 1.171722, 2, 3.828338, 33614912.717755, 33614912.717755
Z3, 33, 8, 4K, 87632.000000, 0.001299, 67461123.941493, 87632000.000000, 1.171722, 2, 3.828338, 33818400.304688, 33818400.304688
Z3, 34, 8, 4K, 57472.000000, 0.001074, 53512104.283054, 57472000.000000, 1.171722, 2, 3.828338, 31028596.373001, 31028596.373001
Z3, 35, 8, 4K, 71616.000000, 0.001035, 69194202.898551, 71616000.000000, 1.171722, 2, 3.828338, 34165016.096100, 34165016.096100
Z3, 36, 8, 4K, 59800.000000, 0.001100, 54363636.363636, 59800000.000000, 1.171722, 2, 3.828338, 31198902.789117, 31198902.789117
Z3, 37, 8, 4K, 54240.000000, 0.001235, 43919028.340081, 54240000.000000, 1.171722, 2, 3.828338, 29109981.184406, 29109981.184406
Z3, 38, 8, 4K, 48376.000000, 0.000954, 50708595.387841, 48376000.000000, 1.171722, 2, 3.828338, 30467894.593958, 30467894.593958
Z1, 0, 9, 4K, 143136.000000, 0.020044, 7141089.602874, 7156800.000000, 1.041015, 2, 3.959045, 29142408.810829, 29142408.810829
Z2, 0, 9, 4K, 6624.000000, 0.022558, 293643.053462, 301088.000000, 1.041015, 2, 3.959045, 27772919.500947, 27772919.500947
Z2, 1, 9, 4K, 13352.000000, 0.000952, 14025210.084034, 13352000.000000, 1.041015, 2, 3.959045, 30519232.907061, 30519232.907061
Z2, 2, 9, 4K, 12808.000000, 0.001045, 12256459.330144, 12808000.000000, 1.041015, 2, 3.959045, 30165482.756283, 30165482.756283
Z2, 3, 9, 4K, 62864.000000, 0.000961, 65415192.507804, 62864000.000000, 1.041015, 2, 3.959045, 40797229.391815, 40797229.391815
Z2, 4, 9, 4K, 158280.000000, 0.001633, 96925903.245560, 158280000.000000, 1.041015, 2, 3.959045, 47099371.539366, 47099371.539366
Z2, 5, 9, 4K, 143784.000000, 0.001650, 87141818.181818, 143784000.000000, 1.041015, 2, 3.959045, 45142554.526618, 45142554.526618
Z2, 6, 9, 4K, 59784.000000, 0.001092, 54747252.747253, 59784000.000000, 1.041015, 2, 3.959045, 38663641.439705, 38663641.439705
Z2, 7, 9, 4K, 59624.000000, 0.001094, 54500914.076782, 59624000.000000, 1.041015, 2, 3.959045, 38614373.705611, 38614373.705611
Z3, 0, 9, 4K, 19152.000000, 0.021850, 876521.739130, 912000.000000, 1.041015, 2, 3.959045, 27889495.238080, 27889495.238080
Z3, 1, 9, 4K, 15048.000000, 0.000898, 16757238.307350, 15048000.000000, 1.041015, 2, 3.959045, 31065638.551724, 31065638.551724
Z3, 2, 9, 4K, 13656.000000, 0.000858, 15916083.916084, 13656000.000000, 1.041015, 2, 3.959045, 30897407.673471, 30897407.673471
Z3, 3, 9, 4K, 15568.000000, 0.000902, 17259423.503326, 15568000.000000, 1.041015, 2, 3.959045, 31166075.590919, 31166075.590919
Z3, 4, 9, 4K, 19992.000000, 0.000891, 22437710.437710, 19992000.000000, 1.041015, 2, 3.959045, 32201732.977796, 32201732.977796
Z3, 5, 9, 4K, 43816.000000, 0.000978, 44801635.991820, 43816000.000000, 1.041015, 2, 3.959045, 36674518.088618, 36674518.088618
Z3, 6, 9, 4K, 32640.000000, 0.000815, 40049079.754601, 32640000.000000, 1.041015, 2, 3.959045, 35724006.841174, 35724006.841174
Z3, 7, 9, 4K, 13112.000000, 0.000795, 16493081.761006, 13112000.000000, 1.041015, 2, 3.959045, 31012807.242455, 31012807.242455
Z3, 8, 9, 4K, 12720.000000, 0.000900, 14133333.333333, 12720000.000000, 1.041015, 2, 3.959045, 30540857.556921, 30540857.556921
Z3, 9, 9, 4K, 11704.000000, 0.000859, 13625145.518044, 11704000.000000, 1.041015, 2, 3.959045, 30439219.993863, 30439219.993863
Z3, 10, 9, 4K, 56456.000000, 0.000925, 61033513.513514, 56456000.000000, 1.041015, 2, 3.959045, 39920893.592957, 39920893.592957
Z3, 11, 9, 4K, 42936.000000, 0.000977, 43946775.844422, 42936000.000000, 1.041015, 2, 3.959045, 36503546.059139, 36503546.059139
Z3, 12, 9, 4K, 49664.000000, 0.001042, 47662188.099808, 49664000.000000, 1.041015, 2, 3.959045, 37246628.510216, 37246628.510216
Z3, 13, 9, 4K, 55832.000000, 0.001218, 45839080.459770, 55832000.000000, 1.041015, 2, 3.959045, 36882006.982208, 36882006.982208
Z3, 14, 9, 4K, 101440.000000, 0.001278, 79374021.909233, 101440000.000000, 1.041015, 2, 3.959045, 43588995.272101, 43588995.272101
Z3, 15, 9, 4K, 127064.000000, 0.001409, 90180269.694819, 127064000.000000, 1.041015, 2, 3.959045, 45750244.829218, 45750244.829218
Z3, 16, 9, 4K, 186256.000000, 0.001716, 108540792.540793, 186256000.000000, 1.041015, 2, 3.959045, 49422349.398413, 49422349.398413
Z3, 17, 9, 4K, 117264.000000, 0.001257, 93288782.816229, 117264000.000000, 1.041015, 2, 3.959045, 46371947.453500, 46371947.453500
Z3, 18, 9, 4K, 90064.000000, 0.001430, 62981818.181818, 90064000.000000, 1.041015, 2, 3.959045, 40310554.526618, 40310554.526618
Z3, 19, 9, 4K, 46808.000000, 0.001120, 41792857.142857, 46808000.000000, 1.041015, 2, 3.959045, 36072762.318826, 36072762.318826
Z3, 20, 9, 4K, 65080.000000, 0.001284, 50685358.255452, 65080000.000000, 1.041015, 2, 3.959045, 37851262.541345, 37851262.541345
Z3, 21, 9, 4K, 210712.000000, 0.001802, 116932297.447281, 210712000.000000, 1.041015, 2, 3.959045, 51100650.379710, 51100650.379710
Z3, 22, 9, 4K, 212696.000000, 0.001732, 122803695.150115, 212696000.000000, 1.041015, 2, 3.959045, 52274929.920277, 52274929.920277
Z3, 23, 9, 4K, 204264.000000, 0.001750, 116722285.714286, 204264000.000000, 1.041015, 2, 3.959045, 51058648.033111, 51058648.033111
Z3, 24, 9, 4K, 225960.000000, 0.001731, 130537261.698440, 225960000.000000, 1.041015, 2, 3.959045, 53821643.229942, 53821643.229942
Z3, 25, 9, 4K, 199056.000000, 0.001598, 124565707.133917, 199056000.000000, 1.041015, 2, 3.959045, 52627332.317038, 52627332.317038
Z3, 26, 9, 4K, 204104.000000, 0.001690, 120771597.633136, 204104000.000000, 1.041015, 2, 3.959045, 51868510.416881, 51868510.416881
Z3, 27, 9, 4K, 264656.000000, 0.001951, 135651460.789339, 264656000.000000, 1.041015, 2, 3.959045, 54844483.048122, 54844483.048122
Z3, 28, 9, 4K, 229440.000000, 0.001586, 144665825.977301, 229440000.000000, 1.041015, 2, 3.959045, 56647356.085714, 56647356.085714
Z3, 29, 9, 4K, 144400.000000, 0.001504, 96010638.297872, 144400000.000000, 1.041015, 2, 3.959045, 46916318.549829, 46916318.549829
Z3, 30, 9, 4K, 71424.000000, 0.001297, 55068619.892059, 71424000.000000, 1.041015, 2, 3.959045, 38727914.868666, 38727914.868666
Z3, 31, 9, 4K, 71768.000000, 0.001181, 60768839.966130, 71768000.000000, 1.041015, 2, 3.959045, 39867958.883480, 39867958.883480
Z3, 32, 9, 4K, 78016.000000, 0.001196, 65230769.230769, 78016000.000000, 1.041015, 2, 3.959045, 40760344.736408, 40760344.736408
Z3, 33, 9, 4K, 85112.000000, 0.001258, 67656597.774245, 85112000.000000, 1.041015, 2, 3.959045, 41245510.445103, 41245510.445103
Z3, 34, 9, 4K, 105792.000000, 0.001346, 78597325.408618, 105792000.000000, 1.041015, 2, 3.959045, 43433655.971978, 43433655.971978
Z3, 35, 9, 4K, 59104.000000, 0.001172, 50430034.129693, 59104000.000000, 1.041015, 2, 3.959045, 37800197.716193, 37800197.716193
Z3, 36, 9, 4K, 89744.000000, 0.001257, 71395385.839300, 89744000.000000, 1.041015, 2, 3.959045, 41993268.058114, 41993268.058114
Z3, 37, 9, 4K, 82576.000000, 0.001338, 61715994.020927, 82576000.000000, 1.041015, 2, 3.959045, 40057389.694440, 40057389.694440
Z3, 38, 9, 4K, 72616.000000, 0.001283, 56598597.038192, 72616000.000000, 1.041015, 2, 3.959045, 39033910.297893, 39033910.297893
Z1, 0, 10, 4K, 91896.000000, 0.020370, 4511340.206186, 4594800.000000, 1.000000, 2, 5.086285, 31759247.929215, 31759247.929215
Z2, 0, 10, 4K, 11528.000000, 0.022324, 516394.911306, 524000.000000, 1.000000, 2, 5.086285, 30960258.870240, 30960258.870240
Z2, 1, 10, 4K, 75360.000000, 0.001294, 58238021.638331, 75360000.000000, 1.000000, 2, 5.086285, 42504584.215645, 42504584.215645
Z2, 2, 10, 4K, 99416.000000, 0.001645, 60435258.358663, 99416000.000000, 1.000000, 2, 5.086285, 42944031.559711, 42944031.559711
Z2, 3, 10, 4K, 176696.000000, 0.001705, 103634017.595308, 176696000.000000, 1.000000, 2, 5.086285, 51583783.407040, 51583783.407040
Z2, 4, 10, 4K, 150256.000000, 0.001654, 90844014.510278, 150256000.000000, 1.000000, 2, 5.086285, 49025782.790034, 49025782.790034
Z2, 5, 10, 4K, 171632.000000, 0.001884, 91099787.685775, 171632000.000000, 1.000000, 2, 5.086285, 49076937.425133, 49076937.425133
Z2, 6, 10, 4K, 75936.000000, 0.001461, 51975359.342916, 75936000.000000, 1.000000, 2, 5.086285, 41252051.756562, 41252051.756562
Z2, 7, 10, 4K, 96152.000000, 0.001460, 65857534.246575, 96152000.000000, 1.000000, 2, 5.086285, 44028486.737293, 44028486.737293
Z3, 0, 10, 4K, 6624.000000, 0.022514, 294216.931687, 301088.000000, 1.000000, 2, 5.086285, 30915823.274316, 30915823.274316
Z3, 1, 10, 4K, 21424.000000, 0.005197, 4122378.295170, 4284800.000000, 1.000000, 2, 5.086285, 31681455.547012, 31681455.547012
Z3, 2, 10, 4K, 61888.000000, 0.001280, 48350000.000000, 61888000.000000, 1.000000, 2, 5.086285, 40526979.887978, 40526979.887978
Z3, 3, 10, 4K, 32688.000000, 0.000916, 35685589.519651, 32688000.000000, 1.000000, 2, 5.086285, 37994097.791908, 37994097.791908
Z3, 4, 10, 4K, 21168.000000, 0.000841, 25170035.671819, 21168000.000000, 1.000000, 2, 5.086285, 35890987.022342, 35890987.022342
Z3, 5, 10, 4K, 28472.000000, 0.000821, 34679658.952497, 28472000.000000, 1.000000, 2, 5.086285, 37792911.678478, 37792911.678478
Z3, 6, 10, 4K, 45352.000000, 0.000836, 54248803.827751, 45352000.000000, 1.000000, 2, 5.086285, 41706740.653529, 41706740.653529
Z3, 7, 10, 4K, 72936.000000, 0.001108, 65826714.801444, 72936000.000000, 1.000000, 2, 5.086285, 44022322.848267, 44022322.848267
Z3, 8, 10, 4K, 27848.000000, 0.000830, 33551807.228916, 27848000.000000, 1.000000, 2, 5.086285, 37567341.333761, 37567341.333761
Z3, 9, 10, 4K, 13192.000000, 0.000716, 18424581.005587, 13192000.000000, 1.000000, 2, 5.086285, 34541896.089096, 34541896.089096
Z3, 10, 10, 4K, 11896.000000, 0.000699, 17018597.997139, 11896000.000000, 1.000000, 2, 5.086285, 34260699.487406, 34260699.487406
Z3, 11, 10, 4K, 11408.000000, 0.000683, 16702781.844802, 11408000.000000, 1.000000, 2, 5.086285, 34197536.256939, 34197536.256939
Z3, 12, 10, 4K, 100176.000000, 0.001061, 94416588.124411, 100176000.000000, 1.000000, 2, 5.086285, 49740297.512861, 49740297.512861
Z3, 13, 10, 4K, 71264.000000, 0.001008, 70698412.698413, 71264000.000000, 1.000000, 2, 5.086285, 44996662.427661, 44996662.427661
Z3, 14, 10, 4K, 87864.000000, 0.001194, 73587939.698492, 87864000.000000, 1.000000, 2, 5.086285, 45574567.827677, 45574567.827677
Z3, 15, 10, 4K, 125616.000000, 0.001312, 95743902.439024, 125616000.000000, 1.000000, 2, 5.086285, 50005760.375783, 50005760.375783
Z3, 16, 10, 4K, 148008.000000, 0.001532, 96610966.057441, 148008000.000000, 1.000000, 2, 5.086285, 50179173.099467, 50179173.099467
Z3, 17, 10, 4K, 196960.000000, 0.001633, 120612369.871402, 196960000.000000, 1.000000, 2, 5.086285, 54979453.862259, 54979453.862259
Z3, 18, 10, 4K, 128568.000000, 0.001430, 89907692.307692, 128568000.000000, 1.000000, 2, 5.086285, 48838518.349517, 48838518.349517
Z3, 19, 10, 4K, 101392.000000, 0.001216, 83381578.947368, 101392000.000000, 1.000000, 2, 5.086285, 47533295.677452, 47533295.677452
Z3, 20, 10, 4K, 96624.000000, 0.001227, 78748166.259169, 96624000.000000, 1.000000, 2, 5.086285, 46606613.139812, 46606613.139812
Z3, 21, 10, 4K, 235888.000000, 0.001736, 135880184.331797, 235888000.000000, 1.000000, 2, 5.086285, 58033016.754338, 58033016.754338
Z3, 22, 10, 4K, 238056.000000, 0.001675, 142122985.074627, 238056000.000000, 1.000000, 2, 5.086285, 59281576.902904, 59281576.902904
Z3, 23, 10, 4K, 231240.000000, 0.001909, 121131482.451545, 231240000.000000, 1.000000, 2, 5.086285, 55083276.378287, 55083276.378287
Z3, 24, 10, 4K, 299680.000000, 0.002152, 139256505.576208, 149840000.000000, 1.000000, 2, 5.086285, 58708281.003220, 58708281.003220
Z3, 25, 10, 4K, 228120.000000, 0.001927, 118380902.957966, 228120000.000000, 1.000000, 2, 5.086285, 54533160.479572, 54533160.479572
Z3, 26, 10, 4K, 227320.000000, 0.001815, 125245179.063361, 227320000.000000, 1.000000, 2, 5.086285, 55906015.700651, 55906015.700651
Z3, 27, 10, 4K, 304072.000000, 0.002345, 129668230.277186, 152036000.000000, 1.000000, 2, 5.086285, 56790625.943415, 56790625.943415
Z3, 28, 10, 4K, 353400.000000, 0.002402, 147127393.838468, 176700000.000000, 1.000000, 2, 5.086285, 60282458.655672, 60282458.655672
Z3, 29, 10, 4K, 172656.000000, 0.001660, 104009638.554217, 172656000.000000, 1.000000, 2, 5.086285, 51658907.598822, 51658907.598822
Z3, 30, 10, 4K, 98848.000000, 0.001333, 74154538.634659, 98848000.000000, 1.000000, 2, 5.086285, 45687887.614910, 45687887.614910
Z3, 31, 10, 4K, 91496.000000, 0.001239, 73846650.524617, 91496000.000000, 1.000000, 2, 5.086285, 45626309.992902, 45626309.992902
Z3, 32, 10, 4K, 97576.000000, 0.001376, 70912790.697674, 97576000.000000, 1.000000, 2, 5.086285, 45039538.027513, 45039538.027513
Z3, 33, 10, 4K, 97704.000000, 0.001178, 82940577.249576, 97704000.000000, 1.000000, 2, 5.086285, 47445095.337893, 47445095.337893
Z3, 34, 10, 4K, 88320.000000, 0.001297, 68095605.242868, 88320000.000000, 1.000000, 2, 5.086285, 44476100.936552, 44476100.936552
Z3, 35, 10, 4K, 87440.000000, 0.001148, 76167247.386760, 87440000.000000, 1.000000, 2, 5.086285, 46090429.365330, 46090429.365330
Z3, 36, 10, 4K, 104440.000000, 0.001456, 71730769.230769, 104440000.000000, 1.000000, 2, 5.086285, 45203133.734132, 45203133.734132
Z3, 37, 10, 4K, 121960.000000, 0.001469, 83022464.261402, 121960000.000000, 1.000000, 2, 5.086285, 47461472.740259, 47461472.740259
Z3, 38, 10, 4K, 101328.000000, 0.001385, 73161010.830325, 101328000.000000, 1.000000, 2, 5.086285, 45489182.054043, 45489182.054043
Z1, 0, 11, 4K, 106528.000000, 0.020857, 5107541.832478, 5326400.000000, 1.862863, 2, 5.223422, 41619157.239761, 41619157.239761
Z2, 0, 11, 4K, 20560.000000, 0.021447, 958642.234345, 979040.000000, 1.862863, 2, 5.223422, 40789377.320134, 40789377.320134
Z2, 1, 11, 4K, 91920.000000, 0.001327, 69269027.882442, 91920000.000000, 1.862863, 2, 5.223422, 54451454.449754, 54451454.449754
Z2, 2, 11, 4K, 89648.000000, 0.001312, 68329268.292683, 89648000.000000, 1.862863, 2, 5.223422, 54263502.531802, 54263502.531802
Z2, 3, 11, 4K, 207096.000000, 0.002163, 95744798.890430, 103548000.000000, 1.862863, 2, 5.223422, 59746608.651351, 59746608.651351
Z2, 4, 11, 4K, 144872.000000, 0.001635, 88606727.828746, 144872000.000000, 1.862863, 2, 5.223422, 58318994.439015, 58318994.439015
Z2, 5, 11, 4K, 187144.000000, 0.002040, 91737254.901961, 93572000.000000, 1.862863, 2, 5.223422, 58945099.853657, 58945099.853657
Z2, 6, 11, 4K, 96736.000000, 0.001357, 71286661.753869, 96736000.000000, 1.862863, 2, 5.223422, 54854981.224039, 54854981.224039
Z2, 7, 11, 4K, 148752.000000, 0.001634, 91035495.716034, 148752000.000000, 1.862863, 2, 5.223422, 58804748.016472, 58804748.016472
Z3, 0, 11, 4K, 6624.000000, 0.022845, 289954.038083, 301088.000000, 1.862863, 2, 5.223422, 40655639.680882, 40655639.680882
Z3, 1, 11, 4K, 30984.000000, 0.000987, 31392097.264438, 30984000.000000, 1.862863, 2, 5.223422, 46876068.326153, 46876068.326153
Z3, 2, 11, 4K, 34936.000000, 0.000792, 44111111.111111, 34936000.000000, 1.862863, 2, 5.223422, 49419871.095488, 49419871.095488
Z3, 3, 11, 4K, 27632.000000, 0.000990, 27911111.111111, 27632000.000000, 1.862863, 2, 5.223422, 46179871.095488, 46179871.095488
Z3, 4, 11, 4K, 23520.000000, 0.001008, 23333333.333333, 23520000.000000, 1.862863, 2, 5.223422, 45264315.539932, 45264315.539932
Z3, 5, 11, 4K, 31368.000000, 0.001036, 30277992.277992, 31368000.000000, 1.862863, 2, 5.223422, 46653247.328864, 46653247.328864
Z3, 6, 11, 4K, 54312.000000, 0.001036, 52424710.424710, 54312000.000000, 1.862863, 2, 5.223422, 51082590.958207, 51082590.958207
Z3, 7, 11, 4K, 40752.000000, 0.001104, 36913043.478261, 40752000.000000, 1.862863, 2, 5.223422, 47980257.568917, 47980257.568917
Z3, 8, 11, 4K, 38360.000000, 0.000957, 40083594.566353, 38360000.000000, 1.862863, 2, 5.223422, 48614367.786536, 48614367.786536
Z3, 9, 11, 4K, 36560.000000, 0.001117, 32730528.200537, 36560000.000000, 1.862863, 2, 5.223422, 47143754.513373, 47143754.513373
Z3, 10, 11, 4K, 21080.000000, 0.001154, 18266897.746967, 21080000.000000, 1.862863, 2, 5.223422, 44251028.422659, 44251028.422659
Z3, 11, 11, 4K, 15416.000000, 0.000787, 19588310.038119, 15416000.000000, 1.862863, 2, 5.223422, 44515310.880889, 44515310.880889
Z3, 12, 11, 4K, 138720.000000, 0.001497, 92665330.661323, 138720000.000000, 1.862863, 2, 5.223422, 59130715.005530, 59130715.005530
Z3, 13, 11, 4K, 120856.000000, 0.001438, 84044506.258693, 120856000.000000, 1.862863, 2, 5.223422, 57406550.125004, 57406550.125004
Z3, 14, 11, 4K, 114584.000000, 0.001460, 78482191.780822, 114584000.000000, 1.862863, 2, 5.223422, 56294087.229430, 56294087.229430
Z3, 15, 11, 4K, 144272.000000, 0.001569, 91951561.504143, 144272000.000000, 1.862863, 2, 5.223422, 58987961.174094, 58987961.174094
Z3, 16, 11, 4K, 138616.000000, 0.001601, 86580886.945659, 138616000.000000, 1.862863, 2, 5.223422, 57913826.262397, 57913826.262397
Z3, 17, 11, 4K, 211528.000000, 0.001846, 114587215.601300, 211528000.000000, 1.862863, 2, 5.223422, 63515091.993525, 63515091.993525
Z3, 18, 11, 4K, 135616.000000, 0.001461, 92824093.086927, 135616000.000000, 1.862863, 2, 5.223422, 59162467.490651, 59162467.490651
Z3, 19, 11, 4K, 99488.000000, 0.001091, 91189734.188818, 99488000.000000, 1.862863, 2, 5.223422, 58835595.711029, 58835595.711029
Z3, 20, 11, 4K, 90224.000000, 0.001008, 89507936.507937, 90224000.000000, 1.862863, 2, 5.223422, 58499236.174853, 58499236.174853
Z3, 21, 11, 4K, 254456.000000, 0.001737, 146491652.274036, 254456000.000000, 1.862863, 2, 5.223422, 69895979.328072, 69895979.328072
Z3, 22, 11, 4K, 295200.000000, 0.002241, 131726907.630522, 147600000.000000, 1.862863, 2, 5.223422, 66943030.399370, 66943030.399370
Z3, 23, 11, 4K, 337696.000000, 0.002407, 140297465.724969, 168848000.000000, 1.862863, 2, 5.223422, 68657142.018259, 68657142.018259
Z3, 24, 11, 4K, 372720.000000, 0.002385, 156276729.559748, 186360000.000000, 1.862863, 2, 5.223422, 71852994.785215, 71852994.785215
Z3, 25, 11, 4K, 225672.000000, 0.001674, 134810035.842294, 225672000.000000, 1.862863, 2, 5.223422, 67559656.041724, 67559656.041724
Z3, 26, 11, 4K, 265312.000000, 0.002180, 121702752.293578, 132656000.000000, 1.862863, 2, 5.223422, 64938199.331981, 64938199.331981
Z3, 27, 11, 4K, 373248.000000, 0.002323, 160674989.238054, 186624000.000000, 1.862863, 2, 5.223422, 72732646.720876, 72732646.720876
Z3, 28, 11, 4K, 513952.000000, 0.002471, 207993524.888709, 256976000.000000, 1.862863, 2, 5.223422, 82196353.851007, 82196353.851007
Z3, 29, 11, 4K, 265808.000000, 0.001646, 161487241.798299, 265808000.000000, 1.862863, 2, 5.223422, 72895097.232925, 72895097.232925
Z3, 30, 11, 4K, 102392.000000, 0.001291, 79312161.115414, 102392000.000000, 1.862863, 2, 5.223422, 56460081.096348, 56460081.096348
Z3, 31, 11, 4K, 91552.000000, 0.001368, 66923976.608187, 91552000.000000, 1.862863, 2, 5.223422, 53982444.194903, 53982444.194903
Z3, 32, 11, 4K, 101968.000000, 0.001215, 83924279.835391, 101968000.000000, 1.862863, 2, 5.223422, 57382504.840343, 57382504.840343
Z3, 33, 11, 4K, 107392.000000, 0.001180, 91010169.491525, 107392000.000000, 1.862863, 2, 5.223422, 58799682.771570, 58799682.771570
Z3, 34, 11, 4K, 80560.000000, 0.000996, 80883534.136546, 80560000.000000, 1.862863, 2, 5.223422, 56774355.700575, 56774355.700575
Z3, 35, 11, 4K, 93112.000000, 0.001344, 69279761.904762, 93112000.000000, 1.862863, 2, 5.223422, 54453601.254218, 54453601.254218
Z3, 36, 11, 4K, 90024.000000, 0.001169, 77009409.751925, 90024000.000000, 1.862863, 2, 5.223422, 55999530.823650, 55999530.823650
Z3, 37, 11, 4K, 76112.000000, 0.001106, 68817359.855335, 76112000.000000, 1.862863, 2, 5.223422, 54361120.844332, 54361120.844332
Z3, 38, 11, 4K, 104384.000000, 0.001328, 78602409.638554, 104384000.000000, 1.862863, 2, 5.223422, 56318130.800976, 56318130.800976
Z1, 0, 12, 4K, 177168.000000, 0.020628, 8588714.368819, 8858400.000000, 1.726703, 2, 5.359582, 53531865.452746, 53531865.452746
Z2, 0, 12, 4K, 6624.000000, 0.022691, 291921.907364, 301088.000000, 1.726703, 2, 5.359582, 51872506.960455, 51872506.960455
Z2, 1, 12, 4K, 20480.000000, 0.000977, 20962128.966223, 20480000.000000, 1.726703, 2, 5.359582, 56006548.372227, 56006548.372227
Z2, 2, 12, 4K, 11144.000000, 0.000731, 15244870.041040, 11144000.000000, 1.726703, 2, 5.359582, 54863096.587190, 54863096.587190
Z2, 3, 12, 4K, 104480.000000, 0.001096, 95328467.153285, 104480000.000000, 1.726703, 2, 5.359582, 70879816.009639, 70879816.009639
Z2, 4, 12, 4K, 214760.000000, 0.002034, 105585054.080629, 107380000.000000, 1.726703, 2, 5.359582, 72931133.395108, 72931133.395108
Z2, 5, 12, 4K, 256424.000000, 0.001980, 129507070.707071, 256424000.000000, 1.726703, 2, 5.359582, 77715536.720396, 77715536.720396
Z2, 6, 12, 4K, 80536.000000, 0.001321, 60965934.897805, 80536000.000000, 1.726703, 2, 5.359582, 64007309.558543, 64007309.558543
Z2, 7, 12, 4K, 97728.000000, 0.001589, 61502831.969792, 97728000.000000, 1.726703, 2, 5.359582, 64114688.972941, 64114688.972941
Z3, 0, 12, 4K, 19496.000000, 0.022447, 868534.770793, 886176.000000, 1.726703, 2, 5.359582, 51987829.533141, 51987829.533141
Z3, 1, 12, 4K, 41600.000000, 0.000936, 44444444.444444, 41600000.000000, 1.726703, 2, 5.359582, 60703011.467871, 60703011.467871
Z3, 2, 12, 4K, 26232.000000, 0.000846, 31007092.198582, 26232000.000000, 1.726703, 2, 5.359582, 58015541.018699, 58015541.018699
Z3, 3, 12, 4K, 35912.000000, 0.000879, 40855517.633675, 35912000.000000, 1.726703, 2, 5.359582, 59985226.105717, 59985226.105717
Z3, 4, 12, 4K, 31912.000000, 0.000934, 34167023.554604, 31912000.000000, 1.726703, 2, 5.359582, 58647527.289903, 58647527.289903
Z3, 5, 12, 4K, 19240.000000, 0.000836, 23014354.066986, 19240000.000000, 1.726703, 2, 5.359582, 56416993.392379, 56416993.392379
Z3, 6, 12, 4K, 15136.000000, 0.000905, 16724861.878453, 15136000.000000, 1.726703, 2, 5.359582, 55159094.954673, 55159094.954673
Z3, 7, 12, 4K, 11880.000000, 0.000866, 13718244.803695, 11880000.000000, 1.726703, 2, 5.359582, 54557771.539721, 54557771.539721
Z3, 8, 12, 4K, 11424.000000, 0.001027, 11123661.148978, 11424000.000000, 1.726703, 2, 5.359582, 54038854.808778, 54038854.808778
Z3, 9, 12, 4K, 12184.000000, 0.000892, 13659192.825112, 12184000.000000, 1.726703, 2, 5.359582, 54545961.144005, 54545961.144005
Z3, 10, 12, 4K, 110704.000000, 0.001763, 62792966.534317, 110704000.000000, 1.726703, 2, 5.359582, 64372715.885846, 64372715.885846
Z3, 11, 12, 4K, 129784.000000, 0.001525, 85104262.295082, 129784000.000000, 1.726703, 2, 5.359582, 68834975.037999, 68834975.037999
Z3, 12, 12, 4K, 166568.000000, 0.001547, 107671622.495152, 166568000.000000, 1.726703, 2, 5.359582, 73348447.078013, 73348447.078013
Z3, 13, 12, 4K, 122960.000000, 0.001489, 82578912.021491, 122960000.000000, 1.726703, 2, 5.359582, 68329904.983280, 68329904.983280
Z3, 14, 12, 4K, 171640.000000, 0.001530, 112183006.535948, 171640000.000000, 1.726703, 2, 5.359582, 74250723.886172, 74250723.886172
Z3, 15, 12, 4K, 164560.000000, 0.001498, 109853137.516689, 164560000.000000, 1.726703, 2, 5.359582, 73784750.082320, 73784750.082320
Z3, 16, 12, 4K, 200832.000000, 0.001969, 101996952.767902, 200832000.000000, 1.726703, 2, 5.359582, 72213513.132563, 72213513.132563
Z3, 17, 12, 4K, 163440.000000, 0.001428, 114453781.512605, 163440000.000000, 1.726703, 2, 5.359582, 74704878.881503, 74704878.881503
Z3, 18, 12, 4K, 195408.000000, 0.001485, 131587878.787879, 195408000.000000, 1.726703, 2, 5.359582, 78131698.336558, 78131698.336558
Z3, 19, 12, 4K, 141952.000000, 0.001426, 99545582.047686, 141952000.000000, 1.726703, 2, 5.359582, 71723238.988519, 71723238.988519
Z3, 20, 12, 4K, 115864.000000, 0.001420, 81594366.197183, 115864000.000000, 1.726703, 2, 5.359582, 68132995.818419, 68132995.818419
Z3, 21, 12, 4K, 248576.000000, 0.001972, 126052738.336714, 248576000.000000, 1.726703, 2, 5.359582, 77024670.246325, 77024670.246325
Z3, 22, 12, 4K, 345040.000000, 0.002342, 147327070.879590, 172520000.000000, 1.726703, 2, 5.359582, 81279536.754900, 81279536.754900
Z3, 23, 12, 4K, 295296.000000, 0.002199, 134286493.860846, 147648000.000000, 1.726703, 2, 5.359582, 78671421.351151, 78671421.351151
Z3, 24, 12, 4K, 385520.000000, 0.002380, 161983193.277311, 192760000.000000, 1.726703, 2, 5.359582, 84210761.234444, 84210761.234444
Z3, 25, 12, 4K, 219952.000000, 0.001715, 128251895.043732, 219952000.000000, 1.726703, 2, 5.359582, 77464501.587729, 77464501.587729
Z3, 26, 12, 4K, 323240.000000, 0.002122, 152327992.459943, 161620000.000000, 1.726703, 2, 5.359582, 82279721.070971, 82279721.070971
Z3, 27, 12, 4K, 481656.000000, 0.002618, 183978609.625668, 240828000.000000, 1.726703, 2, 5.359582, 88609844.504116, 88609844.504116
Z3, 28, 12, 4K, 552784.000000, 0.002588, 213595054.095827, 276392000.000000, 1.726703, 2, 5.359582, 94533133.398148, 94533133.398148
Z3, 29, 12, 4K, 439328.000000, 0.002495, 176083366.733467, 219664000.000000, 1.726703, 2, 5.359582, 87030795.925676, 87030795.925676
Z3, 30, 12, 4K, 78928.000000, 0.001282, 61566302.652106, 78928000.000000, 1.726703, 2, 5.359582, 64127383.109404, 64127383.109404
Z3, 31, 12, 4K, 90936.000000, 0.001347, 67510022.271715, 90936000.000000, 1.726703, 2, 5.359582, 65316127.033325, 65316127.033325
Z3, 32, 12, 4K, 108688.000000, 0.001307, 83158377.964805, 108688000.000000, 1.726703, 2, 5.359582, 68445798.171943, 68445798.171943
Z3, 33, 12, 4K, 106656.000000, 0.001322, 80677760.968230, 106656000.000000, 1.726703, 2, 5.359582, 67949674.772628, 67949674.772628
Z3, 34, 12, 4K, 105120.000000, 0.001339, 78506348.020911, 105120000.000000, 1.726703, 2, 5.359582, 67515392.183165, 67515392.183165
Z3, 35, 12, 4K, 114168.000000, 0.001310, 87151145.038168, 114168000.000000, 1.726703, 2, 5.359582, 69244351.586616, 69244351.586616
Z3, 36, 12, 4K, 172408.000000, 0.001486, 116021534.320323, 172408000.000000, 1.726703, 2, 5.359582, 75018429.443047, 75018429.443047
Z3, 37, 12, 4K, 121920.000000, 0.001379, 88411892.675852, 121920000.000000, 1.726703, 2, 5.359582, 69496501.114153, 69496501.114153
Z3, 38, 12, 4K, 90808.000000, 0.001310, 69319083.969466, 90808000.000000, 1.726703, 2, 5.359582, 65677939.372875, 65677939.372875
Z1, 0, 13, 4K, 12072.000000, 0.021194, 569595.168444, 574856.000000, 1.587303, 2, 6.498982, 55650139.328996, 55650139.328996
Z2, 0, 13, 4K, 6624.000000, 0.023033, 287587.374636, 288000.000000, 1.587303, 2, 6.498982, 55593737.770235, 55593737.770235
Z2, 1, 13, 4K, 14096.000000, 0.000929, 15173304.628633, 14096000.000000, 1.587303, 2, 6.498982, 58570881.221034, 58570881.221034
Z2, 2, 13, 4K, 11568.000000, 0.000827, 13987908.101572, 11568000.000000, 1.587303, 2, 6.498982, 58333801.915622, 58333801.915622
Z2, 3, 13, 4K, 265632.000000, 0.002575, 103158058.252427, 132816000.000000, 1.587303, 2, 6.498982, 76167831.945793, 76167831.945793
Z2, 4, 13, 4K, 231376.000000, 0.002519, 91852322.350139, 115688000.000000, 1.587303, 2, 6.498982, 73906684.765335, 73906684.765335
Z2, 5, 13, 4K, 217208.000000, 0.001922, 113011446.409990, 217208000.000000, 1.587303, 2, 6.498982, 78138509.577305, 78138509.577305
Z2, 6, 13, 4K, 162672.000000, 0.001470, 110661224.489796, 162672000.000000, 1.587303, 2, 6.498982, 77668465.193266, 77668465.193266
Z2, 7, 13, 4K, 176832.000000, 0.001976, 89489878.542510, 176832000.000000, 1.587303, 2, 6.498982, 73434196.003809, 73434196.003809
Z3, 0, 13, 4K, 18240.000000, 0.020925, 871684.587814, 912000.000000, 1.587303, 2, 6.498982, 55710557.212870, 55710557.212870
Z3, 1, 13, 4K, 19120.000000, 0.000879, 21751990.898749, 19120000.000000, 1.587303, 2, 6.498982, 59886618.475057, 59886618.475057
Z3, 2, 13, 4K, 17576.000000, 0.000859, 20461001.164144, 17576000.000000, 1.587303, 2, 6.498982, 59628420.528136, 59628420.528136
Z3, 3, 13, 4K, 13752.000000, 0.000847, 16236127.508855, 13752000.000000, 1.587303, 2, 6.498982, 58783445.797078, 58783445.797078
Z3, 4, 13, 4K, 20424.000000, 0.000947, 21567053.854277, 20424000.000000, 1.587303, 2, 6.498982, 59849631.066163, 59849631.066163
Z3, 5, 13, 4K, 31888.000000, 0.000886, 35990970.654628, 31888000.000000, 1.587303, 2, 6.498982, 62734414.426233, 62734414.426233
Z3, 6, 13, 4K, 34824.000000, 0.000986, 35318458.417850, 34824000.000000, 1.587303, 2, 6.498982, 62599911.978877, 62599911.978877
Z3, 7, 13, 4K, 27304.000000, 0.000905, 30170165.745856, 27304000.000000, 1.587303, 2, 6.498982, 61570253.444479, 61570253.444479
Z3, 8, 13, 4K, 24832.000000, 0.000929, 26729817.007535, 24832000.000000, 1.587303, 2, 6.498982, 60882183.696814, 60882183.696814
Z3, 9, 13, 4K, 102416.000000, 0.001251, 81867306.155076, 102416000.000000, 1.587303, 2, 6.498982, 71909681.526322, 71909681.526322
Z3, 10, 13, 4K, 123344.000000, 0.001533, 80459230.267449, 123344000.000000, 1.587303, 2, 6.498982, 71628066.348797, 71628066.348797
Z3, 11, 13, 4K, 125056.000000, 0.001583, 78999368.288061, 125056000.000000, 1.587303, 2, 6.498982, 71336093.952919, 71336093.952919
Z3, 12, 13, 4K, 117608.000000, 0.001322, 88962178.517398, 117608000.000000, 1.587303, 2, 6.498982, 73328655.998787, 73328655.998787
Z3, 13, 13, 4K, 166128.000000, 0.001408, 117988636.363636, 166128000.000000, 1.587303, 2, 6.498982, 79133947.568035, 79133947.568035
Z3, 14, 13, 4K, 184040.000000, 0.001554, 118429858.429858, 184040000.000000, 1.587303, 2, 6.498982, 79222191.981279, 79222191.981279
Z3, 15, 13, 4K, 326472.000000, 0.009109, 35840597.211549, 36274664.000000, 1.587303, 2, 6.498982, 62704339.737617, 62704339.737617
Z3, 16, 13, 4K, 315832.000000, 0.005339, 59155647.124930, 63166400.000000, 1.587303, 2, 6.498982, 67367349.720293, 67367349.720293
Z3, 17, 13, 4K, 278216.000000, 0.002242, 124092774.308653, 139108000.000000, 1.587303, 2, 6.498982, 80354775.157038, 80354775.157038
Z3, 18, 13, 4K, 183344.000000, 0.001463, 125320574.162679, 183344000.000000, 1.587303, 2, 6.498982, 80600335.127843, 80600335.127843
Z3, 19, 13, 4K, 213632.000000, 0.001846, 115726977.248104, 213632000.000000, 1.587303, 2, 6.498982, 78681615.744928, 78681615.744928
Z3, 20, 13, 4K, 248704.000000, 0.001678, 148214541.120381, 248704000.000000, 1.587303, 2, 6.498982, 85179128.519384, 85179128.519384
Z3, 21, 13, 4K, 291920.000000, 0.001901, 153561283.534982, 291920000.000000, 1.587303, 2, 6.498982, 86248477.002304, 86248477.002304
Z3, 22, 13, 4K, 272896.000000, 0.001593, 171309478.970496, 272896000.000000, 1.587303, 2, 6.498982, 89798116.089406, 89798116.089406
Z3, 23, 13, 4K, 353984.000000, 0.001648, 214796116.504854, 353984000.000000, 1.587303, 2, 6.498982, 98495443.596278, 98495443.596278
Z3, 24, 13, 4K, 187896.000000, 0.001508, 124599469.496021, 187896000.000000, 1.587303, 2, 6.498982, 80456114.194512, 80456114.194512
Z3, 25, 13, 4K, 267712.000000, 0.001845, 145101355.013550, 267712000.000000, 1.587303, 2, 6.498982, 84556491.298017, 84556491.298017
Z3, 26, 13, 4K, 360608.000000, 0.009347, 38580079.169787, 40067552.000000, 1.587303, 2, 6.498982, 63252236.129265, 63252236.129265
Z3, 27, 13, 4K, 316984.000000, 0.002252, 140756660.746004, 158492000.000000, 1.587303, 2, 6.498982, 83687552.444508, 83687552.444508
Z3, 28, 13, 4K, 344104.000000, 0.002064, 166717054.263566, 172052000.000000, 1.587303, 2, 6.498982, 88879631.148020, 88879631.148020
Z3, 29, 13, 4K, 316392.000000, 0.001879, 168383182.543906, 316392000.000000, 1.587303, 2, 6.498982, 89212856.804089, 89212856.804089
Z3, 30, 13, 4K, 94808.000000, 0.001275, 74359215.686274, 94808000.000000, 1.587303, 2, 6.498982, 70408063.432562, 70408063.432562
Z3, 31, 13, 4K, 89856.000000, 0.001586, 56655737.704918, 89856000.000000, 1.587303, 2, 6.498982, 66867367.836291, 66867367.836291
Z3, 32, 13, 4K, 76680.000000, 0.001078, 71131725.417440, 76680000.000000, 1.587303, 2, 6.498982, 69762565.378795, 69762565.378795
Z3, 33, 13, 4K, 75464.000000, 0.001240, 60858064.516129, 75464000.000000, 1.587303, 2, 6.498982, 67707833.198533, 67707833.198533
Z3, 34, 13, 4K, 75568.000000, 0.001304, 57950920.245399, 75568000.000000, 1.587303, 2, 6.498982, 67126404.344387, 67126404.344387
Z3, 35, 13, 4K, 53048.000000, 0.001094, 48489945.155393, 53048000.000000, 1.587303, 2, 6.498982, 65234209.326386, 65234209.326386
Z3, 36, 13, 4K, 71632.000000, 0.001048, 68351145.038168, 71632000.000000, 1.587303, 2, 6.498982, 69206449.302941, 69206449.302941
Z3, 37, 13, 4K, 124120.000000, 0.001394, 89038737.446198, 124120000.000000, 1.587303, 2, 6.498982, 73343967.784547, 73343967.784547
Z3, 38, 13, 4K, 159576.000000, 0.001639, 97361805.979256, 159576000.000000, 1.587303, 2, 6.498982, 75008581.491158, 75008581.491158
Z1, 0, 14, 4K, 36464.000000, 0.020840, 1749712.092131, 1823200.000000, 1.430595, 2, 6.655690, 64038804.501946, 64038804.501946
Z2, 0, 14, 4K, 6624.000000, 0.021482, 308351.177730, 315424.000000, 1.430595, 2, 6.655690, 63750532.319066, 63750532.319066
Z2, 1, 14, 4K, 65528.000000, 0.001229, 53318144.833198, 65528000.000000, 1.430595, 2, 6.655690, 74352491.050160, 74352491.050160
Z2, 2, 14, 4K, 26120.000000, 0.001013, 25784797.630800, 26120000.000000, 1.430595, 2, 6.655690, 68845821.609680, 68845821.609680
Z2, 3, 14, 4K, 276584.000000, 0.002621, 105526135.062953, 138292000.000000, 1.430595, 2, 6.655690, 84794089.096111, 84794089.096111
Z2, 4, 14, 4K, 310648.000000, 0.002699, 115097443.497592, 155324000.000000, 1.430595, 2, 6.655690, 86708350.783038, 86708350.783038
Z2, 5, 14, 4K, 211048.000000, 0.002314, 91204840.103717, 105524000.000000, 1.430595, 2, 6.655690, 81929830.104263, 81929830.104263
Z2, 6, 14, 4K, 102528.000000, 0.001458, 70320987.654321, 102528000.000000, 1.430595, 2, 6.655690, 77753059.614384, 77753059.614384
Z2, 7, 14, 4K, 101856.000000, 0.001281, 79512880.562061, 101856000.000000, 1.430595, 2, 6.655690, 79591438.195932, 79591438.195932
Z3, 0, 14, 4K, 19944.000000, 0.023581, 845765.658793, 867128.000000, 1.430595, 2, 6.655690, 63858015.215279, 63858015.215279
Z3, 1, 14, 4K, 27688.000000, 0.001074, 25780260.707635, 27688000.000000, 1.430595, 2, 6.655690, 68844914.225047, 68844914.225047
Z3, 2, 14, 4K, 29160.000000, 0.001070, 27252336.448598, 29160000.000000, 1.430595, 2, 6.655690, 69139329.373240, 69139329.373240
Z3, 3, 14, 4K, 17040.000000, 0.001056, 16136363.636364, 17040000.000000, 1.430595, 2, 6.655690, 66916134.810793, 66916134.810793
Z3, 4, 14, 4K, 29288.000000, 0.001107, 26457091.237579, 29288000.000000, 1.430595, 2, 6.655690, 68980280.331036, 68980280.331036
Z3, 5, 14, 4K, 29392.000000, 0.001044, 28153256.704981, 29392000.000000, 1.430595, 2, 6.655690, 69319513.424516, 69319513.424516
Z3, 6, 14, 4K, 19864.000000, 0.001106, 17960216.998192, 19864000.000000, 1.430595, 2, 6.655690, 67280905.483158, 67280905.483158
Z3, 7, 14, 4K, 46568.000000, 0.001026, 45387914.230019, 46568000.000000, 1.430595, 2, 6.655690, 72766444.929524, 72766444.929524
Z3, 8, 14, 4K, 77848.000000, 0.001092, 71289377.289377, 77848000.000000, 1.430595, 2, 6.655690, 77946737.541396, 77946737.541396
Z3, 9, 14, 4K, 121432.000000, 0.001394, 87110473.457676, 121432000.000000, 1.430595, 2, 6.655690, 81110956.775055, 81110956.775055
Z3, 10, 14, 4K, 178104.000000, 0.001610, 110623602.484472, 178104000.000000, 1.430595, 2, 6.655690, 85813582.580414, 85813582.580414
Z3, 11, 14, 4K, 144672.000000, 0.001381, 104758870.383780, 144672000.000000, 1.430595, 2, 6.655690, 84640636.160276, 84640636.160276
Z3, 12, 14, 4K, 153792.000000, 0.001488, 103354838.709677, 153792000.000000, 1.430595, 2, 6.655690, 84359829.825456, 84359829.825456
Z3, 13, 14, 4K, 193616.000000, 0.001658, 116776839.565742, 193616000.000000, 1.430595, 2, 6.655690, 87044229.996668, 87044229.996668
Z3, 14, 14, 4K, 215184.000000, 0.001656, 129942028.985507, 215184000.000000, 1.430595, 2, 6.655690, 89677267.880622, 89677267.880622
Z3, 15, 14, 4K, 391928.000000, 0.002358, 166212044.105174, 195964000.000000, 1.430595, 2, 6.655690, 96931270.904555, 96931270.904555
Z3, 16, 14, 4K, 320024.000000, 0.002313, 138358841.331604, 160012000.000000, 1.430595, 2, 6.655690, 91360630.349841, 91360630.349841
Z3, 17, 14, 4K, 268840.000000, 0.002053, 130949829.517779, 134420000.000000, 1.430595, 2, 6.655690, 89878827.987076, 89878827.987076
Z3, 18, 14, 4K, 275832.000000, 0.001832, 150563318.777293, 275832000.000000, 1.430595, 2, 6.655690, 93801525.838979, 93801525.838979
Z3, 19, 14, 4K, 163384.000000, 0.001559, 104800513.149455, 163384000.000000, 1.430595, 2, 6.655690, 84648964.713411, 84648964.713411
Z3, 20, 14, 4K, 193688.000000, 0.001592, 121663316.582915, 193688000.000000, 1.430595, 2, 6.655690, 88021525.400103, 88021525.400103
Z3, 21, 14, 4K, 225432.000000, 0.001777, 126861001.688239, 225432000.000000, 1.430595, 2, 6.655690, 89061062.421168, 89061062.421168
Z3, 22, 14, 4K, 248896.000000, 0.001739, 143125934.445083, 248896000.000000, 1.430595, 2, 6.655690, 92314048.972537, 92314048.972537
Z3, 23, 14, 4K, 266808.000000, 0.001830, 145796721.311475, 266808000.000000, 1.430595, 2, 6.655690, 92848206.345815, 92848206.345815
Z3, 24, 14, 4K, 164848.000000, 0.001712, 96289719.626168, 164848000.000000, 1.430595, 2, 6.655690, 82946806.008754, 82946806.008754
Z3, 25, 14, 4K, 188952.000000, 0.001586, 119137452.711223, 188952000.000000, 1.430595, 2, 6.655690, 87516352.625765, 87516352.625765
Z3, 26, 14, 4K, 335320.000000, 0.001976, 169696356.275304, 335320000.000000, 1.430595, 2, 6.655690, 97628133.338581, 97628133.338581
Z3, 27, 14, 4K, 365224.000000, 0.002268, 161033509.700176, 182612000.000000, 1.430595, 2, 6.655690, 95895564.023555, 95895564.023555
Z3, 28, 14, 4K, 392736.000000, 0.002185, 179741876.430206, 196368000.000000, 1.430595, 2, 6.655690, 99637237.369561, 99637237.369561
Z3, 29, 14, 4K, 324128.000000, 0.001967, 164782918.149466, 324128000.000000, 1.430595, 2, 6.655690, 96645445.713413, 96645445.713413
Z3, 30, 14, 4K, 37424.000000, 0.001051, 35607992.388202, 37424000.000000, 1.430595, 2, 6.655690, 70810460.561160, 70810460.561160
Z3, 31, 14, 4K, 36240.000000, 0.001043, 34745925.215724, 36240000.000000, 1.430595, 2, 6.655690, 70638047.126665, 70638047.126665
Z3, 32, 14, 4K, 32904.000000, 0.001029, 31976676.384840, 32904000.000000, 1.430595, 2, 6.655690, 70084197.360488, 70084197.360488
Z3, 33, 14, 4K, 33208.000000, 0.000902, 36815964.523282, 33208000.000000, 1.430595, 2, 6.655690, 71052054.988176, 71052054.988176
Z3, 34, 14, 4K, 27104.000000, 0.000979, 27685393.258427, 27104000.000000, 1.430595, 2, 6.655690, 69225940.735205, 69225940.735205
Z3, 35, 14, 4K, 27712.000000, 0.000964, 28746887.966805, 27712000.000000, 1.430595, 2, 6.655690, 69438239.676881, 69438239.676881
Z3, 36, 14, 4K, 69480.000000, 0.001059, 65609065.155807, 69480000.000000, 1.430595, 2, 6.655690, 76810675.114682, 76810675.114682
Z3, 37, 14, 4K, 104904.000000, 0.001326, 79113122.171946, 104904000.000000, 1.430595, 2, 6.655690, 79511486.517909, 79511486.517909
Z3, 38, 14, 4K, 111104.000000, 0.001383, 80335502.530730, 111104000.000000, 1.430595, 2, 6.655690, 79755962.589666, 79755962.589666
Z1, 0, 15, 4K, 278440.000000, 0.024494, 11367681.881277, 11601664.000000, 1.289729, 2, 7.796556, 67397296.799857, 67397296.799857
Z2, 0, 15, 4K, 6624.000000, 0.023619, 280452.178331, 288000.000000, 1.289729, 2, 7.796556, 65179850.859267, 65179850.859267
Z2, 1, 15, 4K, 92296.000000, 0.001447, 63784381.478922, 92296000.000000, 1.289729, 2, 7.796556, 77880636.719386, 77880636.719386
Z2, 2, 15, 4K, 97816.000000, 0.001736, 56345622.119816, 97816000.000000, 1.289729, 2, 7.796556, 76392884.847564, 76392884.847564
Z2, 3, 15, 4K, 40600.000000, 0.001292, 31424148.606811, 40600000.000000, 1.289729, 2, 7.796556, 71408590.144963, 71408590.144963
Z2, 4, 15, 4K, 232152.000000, 0.001993, 116483692.925238, 232152000.000000, 1.289729, 2, 7.796556, 88420499.008649, 88420499.008649
Z2, 5, 15, 4K, 255400.000000, 0.002372, 107672849.915683, 127700000.000000, 1.289729, 2, 7.796556, 86658330.406738, 86658330.406738
Z2, 6, 15, 4K, 249784.000000, 0.002536, 98495268.138801, 124892000.000000, 1.289729, 2, 7.796556, 84822814.051361, 84822814.051361
Z2, 7, 15, 4K, 288648.000000, 0.002388, 120874371.859296, 144324000.000000, 1.289729, 2, 7.796556, 89298634.795460, 89298634.795460
Z3, 0, 15, 4K, 12608.000000, 0.024384, 517060.367454, 525328.000000, 1.289729, 2, 7.796556, 65227172.497092, 65227172.497092
Z3, 1, 15, 4K, 14232.000000, 0.000788, 18060913.705584, 14232000.000000, 1.289729, 2, 7.796556, 68735943.164718, 68735943.164718
Z3, 2, 15, 4K, 18288.000000, 0.000900, 20320000.000000, 18288000.000000, 1.289729, 2, 7.796556, 69187760.423601, 69187760.423601
Z3, 3, 15, 4K, 17960.000000, 0.000826, 21743341.404358, 17960000.000000, 1.289729, 2, 7.796556, 69472428.704473, 69472428.704473
Z3, 4, 15, 4K, 30136.000000, 0.000840, 35876190.476190, 30136000.000000, 1.289729, 2, 7.796556, 72298998.518839, 72298998.518839
Z3, 5, 15, 4K, 38832.000000, 0.001382, 28098408.104197, 38832000.000000, 1.289729, 2, 7.796556, 70743442.044441, 70743442.044441
Z3, 6, 15, 4K, 80120.000000, 0.001296, 61820987.654321, 80120000.000000, 1.289729, 2, 7.796556, 77487957.954465, 77487957.954465
Z3, 7, 15, 4K, 115624.000000, 0.001276, 90614420.062696, 115624000.000000, 1.289729, 2, 7.796556, 83246644.436140, 83246644.436140
Z3, 8, 15, 4K, 91976.000000, 0.001097, 83843208.751139, 91976000.000000, 1.289729, 2, 7.796556, 81892402.173829, 81892402.173829
Z3, 9, 15, 4K, 131496.000000, 0.001323, 99392290.249433, 131496000.000000, 1.289729, 2, 7.796556, 85002218.473488, 85002218.473488
Z3, 10, 15, 4K, 151608.000000, 0.001575, 96259047.619048, 151608000.000000, 1.289729, 2, 7.796556, 84375569.947411, 84375569.947411
Z3, 11, 15, 4K, 133200.000000, 0.001470, 90612244.897959, 133200000.000000, 1.289729, 2, 7.796556, 83246209.403193, 83246209.403193
Z3, 12, 15, 4K, 197848.000000, 0.001744, 113444954.128440, 197848000.000000, 1.289729, 2, 7.796556, 87812751.249289, 87812751.249289
Z3, 13, 15, 4K, 216432.000000, 0.001630, 132780368.098160, 216432000.000000, 1.289729, 2, 7.796556, 91679834.043233, 91679834.043233
Z3, 14, 15, 4K, 250032.000000, 0.001984, 126024193.548387, 250032000.000000, 1.289729, 2, 7.796556, 90328599.133279, 90328599.133279
Z3, 15, 15, 4K, 238656.000000, 0.001954, 122137154.554759, 238656000.000000, 1.289729, 2, 7.796556, 89551191.334553, 89551191.334553
Z3, 16, 15, 4K, 165160.000000, 0.001524, 108372703.412073, 165160000.000000, 1.289729, 2, 7.796556, 86798301.106016, 86798301.106016
Z3, 17, 15, 4K, 167848.000000, 0.001603, 104708671.241422, 167848000.000000, 1.289729, 2, 7.796556, 86065494.671886, 86065494.671886
Z3, 18, 15, 4K, 132104.000000, 0.001706, 77434935.521688, 132104000.000000, 1.289729, 2, 7.796556, 80610747.527939, 80610747.527939
Z3, 19, 15, 4K, 143824.000000, 0.006155, 23367018.683997, 23970664.000000, 1.289729, 2, 7.796556, 69797164.160401, 69797164.160401
Z3, 20, 15, 4K, 175072.000000, 0.001654, 105847642.079807, 175072000.000000, 1.289729, 2, 7.796556, 86293288.839562, 86293288.839562
Z3, 21, 15, 4K, 170296.000000, 0.001820, 93569230.769231, 170296000.000000, 1.289729, 2, 7.796556, 83837606.577447, 83837606.577447
Z3, 22, 15, 4K, 193376.000000, 0.001793, 107850529.838260, 193376000.000000, 1.289729, 2, 7.796556, 86693866.391253, 86693866.391253
Z3, 23, 15, 4K, 150872.000000, 0.001564, 96465473.145780, 150872000.000000, 1.289729, 2, 7.796556, 84416855.052757, 84416855.052757
Z3, 24, 15, 4K, 172416.000000, 0.001776, 97081081.081081, 172416000.000000, 1.289729, 2, 7.796556, 84539976.639817, 84539976.639817
Z3, 25, 15, 4K, 210512.000000, 0.001676, 125603818.615752, 210512000.000000, 1.289729, 2, 7.796556, 90244524.146752, 90244524.146752
Z3, 26, 15, 4K, 202256.000000, 0.001701, 118904174.015285, 202256000.000000, 1.289729, 2, 7.796556, 88904595.226658, 88904595.226658
Z3, 27, 15, 4K, 207528.000000, 0.001798, 115421579.532814, 207528000.000000, 1.289729, 2, 7.796556, 88208076.330164, 88208076.330164
Z3, 28, 15, 4K, 46288.000000, 0.005144, 8998444.790047, 9257600.000000, 1.289729, 2, 7.796556, 66923449.381610, 66923449.381610
Z3, 29, 15, 4K, 38120.000000, 0.001065, 35793427.230047, 38120000.000000, 1.289729, 2, 7.796556, 72282445.869611, 72282445.869611
Z3, 30, 15, 4K, 29864.000000, 0.001170, 25524786.324786, 29864000.000000, 1.289729, 2, 7.796556, 70228717.688558, 70228717.688558
Z3, 31, 15, 4K, 29864.000000, 0.000864, 34564814.814815, 29864000.000000, 1.289729, 2, 7.796556, 72036723.386564, 72036723.386564
Z3, 32, 15, 4K, 42832.000000, 0.001318, 32497723.823976, 42832000.000000, 1.289729, 2, 7.796556, 71623305.188396, 71623305.188396
Z3, 33, 15, 4K, 53400.000000, 0.001289, 41427463.149728, 53400000.000000, 1.289729, 2, 7.796556, 73409253.053547, 73409253.053547
Z3, 34, 15, 4K, 54248.000000, 0.001761, 30805224.304373, 54248000.000000, 1.289729, 2, 7.796556, 71284805.284476, 71284805.284476
Z3, 35, 15, 4K, 56416.000000, 0.001133, 49793468.667255, 56416000.000000, 1.289729, 2, 7.796556, 75082454.157052, 75082454.157052
Z3, 36, 15, 4K, 63392.000000, 0.001151, 55075586.446568, 63392000.000000, 1.289729, 2, 7.796556, 76138877.712915, 76138877.712915
Z3, 37, 15, 4K, 78136.000000, 0.001346, 58050520.059435, 78136000.000000, 1.289729, 2, 7.796556, 76733864.435488, 76733864.435488
Z3, 38, 15, 4K, 85200.000000, 0.001467, 58077709.611452, 85200000.000000, 1.289729, 2, 7.796556, 76739302.345892, 76739302.345892
