Zone, Tile_no, Seg_no, Reso, Seg_d_size, Seg_d_time, Bitrate, Bitrate1, Buf_lev, Buf_limit, Elapsed, Ref_vp, Local_avg,QoE,QoE1,Z1,Z2,Z3,delay,jitter,loss
Z1,0,1, 720,9960.0,0.069543,143220.741124,144344.0,1.0,2,6e-05,143220.741124,143220.741124,319047203.5122333,627602540.5758606,33661487.8556385,984947206.7109545,4070500577.3472276,0,25,0
Z2,0,1, 720,8952.0,0.076306,117317.11792,117784.0,1.0,2,6e-05,58658.55896,58658.55896,319047203.5122333,627602540.5758606,33661487.8556385,984947206.7109545,4070500577.3472276,0,25,0
Z2,1,1, 720,5424.0,0.003544,1530474.040632,1808000.0,1.0,2,6e-05,510158.013544,510158.013544,319047203.5122333,627602540.5758606,33661487.8556385,984947206.7109545,4070500577.3472276,0,25,0
Z2,2,1, 720,7080.0,0.005032,1406995.230525,1416000.0,1.0,2,6e-05,351748.807631,351748.807631,319047203.5122333,627602540.5758606,33661487.8556385,984947206.7109545,4070500577.3472276,0,25,0
Z2,3,1, 720,18976.0,0.000782,24265984.654731,18976000.0,1.0,2,6e-05,4853196.930946,4853196.930946,319047203.5122333,627602540.5758606,33661487.8556385,984947206.7109545,4070500577.3472276,0,25,0
Z2,4,1, 720,8720.0,0.005966,1461615.822997,1744000.0,1.0,2,6e-05,292323.164599,292323.164599,319047203.5122333,627602540.5758606,33661487.8556385,984947206.7109545,4070500577.3472276,0,25,0
Z2,5,1, 720,8336.0,0.000748,11144385.026738,8336000.0,1.0,2,6e-05,2228877.005348,2228877.005348,319047203.5122333,627602540.5758606,33661487.8556385,984947206.7109545,4070500577.3472276,0,25,0
Z2,6,1, 720,6376.0,0.000631,10104595.879556,6376000.0,1.0,2,6e-05,2020919.175911,2020919.175911,319047203.5122333,627602540.5758606,33661487.8556385,984947206.7109545,4070500577.3472276,0,25,0
Z2,7,1, 720,6872.0,0.00596,1153020.134228,1374400.0,1.0,2,6e-05,230604.026846,230604.026846,319047203.5122333,627602540.5758606,33661487.8556385,984947206.7109545,4070500577.3472276,0,25,0
Z3,0,1, 720,7080.0,0.031964,221499.186585,228384.0,1.0,2,6e-05,44299.837317,44299.837317,319047203.5122333,627602540.5758606,33661487.8556385,984947206.7109545,4070500577.3472276,0,25,0
Z3,1,1, 720,7080.0,0.00675,1048888.888889,1180000.0,1.0,2,6e-05,209777.777778,209777.777778,319047203.5122333,627602540.5758606,33661487.8556385,984947206.7109545,4070500577.3472276,0,25,0
Z3,2,1, 720,5664.0,0.016493,343418.419936,354000.0,1.0,2,6e-05,68683.683987,68683.683987,319047203.5122333,627602540.5758606,33661487.8556385,984947206.7109545,4070500577.3472276,0,25,0
Z3,3,1, 720,7080.0,0.000913,7754654.983571,7080000.0,1.0,2,6e-05,1550930.996714,1550930.996714,319047203.5122333,627602540.5758606,33661487.8556385,984947206.7109545,4070500577.3472276,0,25,0
Z3,4,1, 720,7080.0,0.000932,7596566.523605,7080000.0,1.0,2,6e-05,1519313.304721,1519313.304721,319047203.5122333,627602540.5758606,33661487.8556385,984947206.7109545,4070500577.3472276,0,25,0
Z3,5,1, 720,5664.0,0.000873,6487972.508591,5664000.0,1.0,2,6e-05,1297594.501718,1297594.501718,319047203.5122333,627602540.5758606,33661487.8556385,984947206.7109545,4070500577.3472276,0,25,0
Z3,6,1, 720,7080.0,0.003825,1850980.392157,2360000.0,1.0,2,6e-05,370196.078431,370196.078431,319047203.5122333,627602540.5758606,33661487.8556385,984947206.7109545,4070500577.3472276,0,25,0
Z3,7,1, 720,7080.0,0.0009,7866666.666667,7080000.0,1.0,2,6e-05,1573333.333333,1573333.333333,319047203.5122333,627602540.5758606,33661487.8556385,984947206.7109545,4070500577.3472276,0,25,0
Z3,8,1, 720,5664.0,0.021944,258111.55669,269712.0,1.0,2,6e-05,51622.311338,51622.311338,319047203.5122333,627602540.5758606,33661487.8556385,984947206.7109545,4070500577.3472276,0,25,0
Z3,9,1, 720,7080.0,0.002811,2518676.627535,3540000.0,1.0,2,6e-05,503735.325507,503735.325507,319047203.5122333,627602540.5758606,33661487.8556385,984947206.7109545,4070500577.3472276,0,25,0
Z3,10,1, 720,12904.0,0.012412,1039639.058975,1075328.0,1.0,2,6e-05,207927.811795,207927.811795,319047203.5122333,627602540.5758606,33661487.8556385,984947206.7109545,4070500577.3472276,0,25,0
Z3,11,1, 720,17344.0,0.001022,16970645.792564,17344000.0,1.0,2,6e-05,3394129.158513,3394129.158513,319047203.5122333,627602540.5758606,33661487.8556385,984947206.7109545,4070500577.3472276,0,25,0
Z3,12,1, 720,16912.0,0.024797,682017.986047,704664.0,1.0,2,6e-05,136403.597209,136403.597209,319047203.5122333,627602540.5758606,33661487.8556385,984947206.7109545,4070500577.3472276,0,25,0
Z3,13,1, 720,13240.0,0.003735,3544846.05087,4413328.0,1.0,2,6e-05,708969.210174,708969.210174,319047203.5122333,627602540.5758606,33661487.8556385,984947206.7109545,4070500577.3472276,0,25,0
Z3,14,1, 720,28328.0,0.001097,25823154.056518,28328000.0,1.0,2,6e-05,5164630.811304,5164630.811304,319047203.5122333,627602540.5758606,33661487.8556385,984947206.7109545,4070500577.3472276,0,25,0
Z3,15,1, 720,30528.0,0.005717,5339863.564807,6105600.0,1.0,2,6e-05,1067972.712961,1067972.712961,319047203.5122333,627602540.5758606,33661487.8556385,984947206.7109545,4070500577.3472276,0,25,0
Z3,16,1, 720,16360.0,0.017635,927700.595407,962352.0,1.0,2,6e-05,185540.119081,185540.119081,319047203.5122333,627602540.5758606,33661487.8556385,984947206.7109545,4070500577.3472276,0,25,0
Z3,17,1, 720,33216.0,0.0234,1419487.179487,1444168.0,1.0,2,6e-05,283897.435897,283897.435897,319047203.5122333,627602540.5758606,33661487.8556385,984947206.7109545,4070500577.3472276,0,25,0
Z3,18,1, 720,28000.0,0.000972,28806584.36214,28000000.0,1.0,2,6e-05,5761316.872428,5761316.872428,319047203.5122333,627602540.5758606,33661487.8556385,984947206.7109545,4070500577.3472276,0,25,0
Z3,19,1, 720,15744.0,0.00102,15435294.117647,15744000.0,1.0,2,6e-05,3087058.823529,3087058.823529,319047203.5122333,627602540.5758606,33661487.8556385,984947206.7109545,4070500577.3472276,0,25,0
Z3,20,1, 720,16024.0,0.014086,1137583.416158,1144568.0,1.0,2,6e-05,227516.683232,227516.683232,319047203.5122333,627602540.5758606,33661487.8556385,984947206.7109545,4070500577.3472276,0,25,0
Z3,21,1, 720,11576.0,0.000895,12934078.212291,11576000.0,1.0,2,6e-05,2586815.642458,2586815.642458,319047203.5122333,627602540.5758606,33661487.8556385,984947206.7109545,4070500577.3472276,0,25,0
Z3,22,1, 720,10816.0,0.020509,527378.224194,540800.0,1.0,2,6e-05,105475.644839,105475.644839,319047203.5122333,627602540.5758606,33661487.8556385,984947206.7109545,4070500577.3472276,0,25,0
Z3,23,1, 720,13224.0,0.0009,14693333.333333,13224000.0,1.0,2,6e-05,2938666.666667,2938666.666667,319047203.5122333,627602540.5758606,33661487.8556385,984947206.7109545,4070500577.3472276,0,25,0
Z3,24,1, 720,17528.0,0.001003,17475573.28016,17528000.0,1.0,2,6e-05,3495114.656032,3495114.656032,319047203.5122333,627602540.5758606,33661487.8556385,984947206.7109545,4070500577.3472276,0,25,0
Z3,25,1, 720,23824.0,0.00091,26180219.78022,23824000.0,1.0,2,6e-05,5236043.956044,5236043.956044,319047203.5122333,627602540.5758606,33661487.8556385,984947206.7109545,4070500577.3472276,0,25,0
Z3,26,1, 720,11024.0,0.005626,1959473.871312,2204800.0,1.0,2,6e-05,391894.774262,391894.774262,319047203.5122333,627602540.5758606,33661487.8556385,984947206.7109545,4070500577.3472276,0,25,0
Z3,27,1, 720,15112.0,0.000923,16372697.72481,15112000.0,1.0,2,6e-05,3274539.544962,3274539.544962,319047203.5122333,627602540.5758606,33661487.8556385,984947206.7109545,4070500577.3472276,0,25,0
Z3,28,1, 720,24552.0,0.007464,3289389.067524,3507424.0,1.0,2,6e-05,657877.813505,657877.813505,319047203.5122333,627602540.5758606,33661487.8556385,984947206.7109545,4070500577.3472276,0,25,0
Z3,29,1, 720,10824.0,0.000868,12470046.082949,10824000.0,1.0,2,6e-05,2494009.21659,2494009.21659,319047203.5122333,627602540.5758606,33661487.8556385,984947206.7109545,4070500577.3472276,0,25,0
Z3,30,1, 720,6872.0,0.000834,8239808.153477,6872000.0,1.0,2,6e-05,1647961.630695,1647961.630695,319047203.5122333,627602540.5758606,33661487.8556385,984947206.7109545,4070500577.3472276,0,25,0
Z3,31,1, 720,6872.0,0.014315,480055.885435,490856.0,1.0,2,6e-05,96011.177087,96011.177087,319047203.5122333,627602540.5758606,33661487.8556385,984947206.7109545,4070500577.3472276,0,25,0
Z3,32,1, 720,6376.0,0.001198,5322203.672788,6376000.0,1.0,2,6e-05,1064440.734558,1064440.734558,319047203.5122333,627602540.5758606,33661487.8556385,984947206.7109545,4070500577.3472276,0,25,0
Z3,33,1, 720,6872.0,0.000897,7661092.530658,6872000.0,1.0,2,6e-05,1532218.506132,1532218.506132,319047203.5122333,627602540.5758606,33661487.8556385,984947206.7109545,4070500577.3472276,0,25,0
Z3,34,1, 720,6872.0,0.004027,1706481.251552,1718000.0,1.0,2,6e-05,341296.25031,341296.25031,319047203.5122333,627602540.5758606,33661487.8556385,984947206.7109545,4070500577.3472276,0,25,0
Z3,35,1, 720,6376.0,0.000892,7147982.06278,6376000.0,1.0,2,6e-05,1429596.412556,1429596.412556,319047203.5122333,627602540.5758606,33661487.8556385,984947206.7109545,4070500577.3472276,0,25,0
Z3,36,1, 720,6872.0,0.000837,8210274.79092,6872000.0,1.0,2,6e-05,1642054.958184,1642054.958184,319047203.5122333,627602540.5758606,33661487.8556385,984947206.7109545,4070500577.3472276,0,25,0
Z3,37,1, 720,6872.0,0.022628,303694.537741,312360.0,1.0,2,6e-05,60738.907548,60738.907548,319047203.5122333,627602540.5758606,33661487.8556385,984947206.7109545,4070500577.3472276,0,25,0
Z3,38,1, 720,6376.0,0.000822,7756690.997567,6376000.0,1.0,2,6e-05,1551338.199513,1551338.199513,319047203.5122333,627602540.5758606,33661487.8556385,984947206.7109545,4070500577.3472276,0,25,0
Z1,0,2, 4K,33112.0,0.058108,569835.478764,570896.0,1.546207,2,0.453853,1665305.295266,1665305.295266,319047203.5122333,627602540.5758606,33661487.8556385,984947206.7109545,4070500577.3472276,0,25,0
Z2,0,2, 4K,6624.0,0.035848,184780.182995,189256.0,1.546207,2,0.453853,1588294.236112,1588294.236112,319047203.5122333,627602540.5758606,33661487.8556385,984947206.7109545,4070500577.3472276,0,25,0
Z2,1,2, 4K,9736.0,0.000942,10335456.475584,9736000.0,1.546207,2,0.453853,3618429.49463,3618429.49463,319047203.5122333,627602540.5758606,33661487.8556385,984947206.7109545,4070500577.3472276,0,25,0
Z2,2,2, 4K,9976.0,0.021781,458013.865295,475040.0,1.546207,2,0.453853,1642940.972572,1642940.972572,319047203.5122333,627602540.5758606,33661487.8556385,984947206.7109545,4070500577.3472276,0,25,0
Z2,3,2, 4K,38152.0,0.02885,1322426.343154,1362568.0,1.546207,2,0.453853,1815823.468144,1815823.468144,319047203.5122333,627602540.5758606,33661487.8556385,984947206.7109545,4070500577.3472276,0,25,0
Z2,4,2, 4K,53912.0,0.013932,3869652.598335,4147072.0,1.546207,2,0.453853,2325268.71918,2325268.71918,319047203.5122333,627602540.5758606,33661487.8556385,984947206.7109545,4070500577.3472276,0,25,0
Z2,5,2, 4K,24608.0,0.006735,3653749.072012,4101328.0,1.546207,2,0.453853,2282088.013916,2282088.013916,319047203.5122333,627602540.5758606,33661487.8556385,984947206.7109545,4070500577.3472276,0,25,0
Z2,6,2, 4K,10280.0,0.000938,10959488.272921,10280000.0,1.546207,2,0.453853,3743235.854098,3743235.854098,319047203.5122333,627602540.5758606,33661487.8556385,984947206.7109545,4070500577.3472276,0,25,0
Z2,7,2, 4K,10280.0,0.014525,707745.266781,734280.0,1.546207,2,0.453853,1692887.25287,1692887.25287,319047203.5122333,627602540.5758606,33661487.8556385,984947206.7109545,4070500577.3472276,0,25,0
Z3,0,2, 4K,9976.0,0.052043,191687.642911,191840.0,1.546207,2,0.453853,1589675.728096,1589675.728096,319047203.5122333,627602540.5758606,33661487.8556385,984947206.7109545,4070500577.3472276,0,25,0
Z3,1,2, 4K,9976.0,0.00086,11600000.0,9976000.0,1.546207,2,0.453853,3871338.199513,3871338.199513,319047203.5122333,627602540.5758606,33661487.8556385,984947206.7109545,4070500577.3472276,0,25,0
Z3,2,2, 4K,9976.0,0.000842,11847980.997625,9976000.0,1.546207,2,0.453853,3920934.399038,3920934.399038,319047203.5122333,627602540.5758606,33661487.8556385,984947206.7109545,4070500577.3472276,0,25,0
Z3,3,2, 4K,9976.0,0.014407,692441.174429,712568.0,1.546207,2,0.453853,1689826.434399,1689826.434399,319047203.5122333,627602540.5758606,33661487.8556385,984947206.7109545,4070500577.3472276,0,25,0
Z3,4,2, 4K,9976.0,0.000914,10914660.83151,9976000.0,1.546207,2,0.453853,3734270.365815,3734270.365815,319047203.5122333,627602540.5758606,33661487.8556385,984947206.7109545,4070500577.3472276,0,25,0
Z3,5,2, 4K,9976.0,0.010476,952271.859488,997600.0,1.546207,2,0.453853,1741792.571411,1741792.571411,319047203.5122333,627602540.5758606,33661487.8556385,984947206.7109545,4070500577.3472276,0,25,0
Z3,6,2, 4K,9976.0,0.000935,10669518.716578,9976000.0,1.546207,2,0.453853,3685241.942829,3685241.942829,319047203.5122333,627602540.5758606,33661487.8556385,984947206.7109545,4070500577.3472276,0,25,0
Z3,7,2, 4K,9976.0,0.018549,537818.750337,554216.0,1.546207,2,0.453853,1658901.949581,1658901.949581,319047203.5122333,627602540.5758606,33661487.8556385,984947206.7109545,4070500577.3472276,0,25,0
Z3,8,2, 4K,9976.0,0.006459,1544511.534293,1662664.0,1.546207,2,0.453853,1860240.506372,1860240.506372,319047203.5122333,627602540.5758606,33661487.8556385,984947206.7109545,4070500577.3472276,0,25,0
Z3,9,2, 4K,9976.0,0.022584,441728.657457,453448.0,1.546207,2,0.453853,1639683.931005,1639683.931005,319047203.5122333,627602540.5758606,33661487.8556385,984947206.7109545,4070500577.3472276,0,25,0
Z3,10,2, 4K,40320.0,0.030597,1317776.252574,1344000.0,1.546207,2,0.453853,1814893.450028,1814893.450028,319047203.5122333,627602540.5758606,33661487.8556385,984947206.7109545,4070500577.3472276,0,25,0
Z3,11,2, 4K,25056.0,0.010048,2493630.573248,2505600.0,1.546207,2,0.453853,2050064.314163,2050064.314163,319047203.5122333,627602540.5758606,33661487.8556385,984947206.7109545,4070500577.3472276,0,25,0
Z3,12,2, 4K,28696.0,0.014584,1967635.765222,2049712.0,1.546207,2,0.453853,1944865.352558,1944865.352558,319047203.5122333,627602540.5758606,33661487.8556385,984947206.7109545,4070500577.3472276,0,25,0
Z3,13,2, 4K,25792.0,0.022111,1166478.223509,1172360.0,1.546207,2,0.453853,1784633.844215,1784633.844215,319047203.5122333,627602540.5758606,33661487.8556385,984947206.7109545,4070500577.3472276,0,25,0
Z3,14,2, 4K,40168.0,0.004648,8641996.557659,10042000.0,1.546207,2,0.453853,3279737.511045,3279737.511045,319047203.5122333,627602540.5758606,33661487.8556385,984947206.7109545,4070500577.3472276,0,25,0
Z3,15,2, 4K,41448.0,0.010917,3796647.430613,4144800.0,1.546207,2,0.453853,2310667.685636,2310667.685636,319047203.5122333,627602540.5758606,33661487.8556385,984947206.7109545,4070500577.3472276,0,25,0
Z3,16,2, 4K,44560.0,0.001047,42559694.364852,44560000.0,1.546207,2,0.453853,10063277.072484,10063277.072484,319047203.5122333,627602540.5758606,33661487.8556385,984947206.7109545,4070500577.3472276,0,25,0
Z3,17,2, 4K,39312.0,0.000984,39951219.512195,39312000.0,1.546207,2,0.453853,9541582.101952,9541582.101952,319047203.5122333,627602540.5758606,33661487.8556385,984947206.7109545,4070500577.3472276,0,25,0
Z3,18,2, 4K,31560.0,0.03746,842498.665243,852968.0,1.546207,2,0.453853,1719837.932562,1719837.932562,319047203.5122333,627602540.5758606,33661487.8556385,984947206.7109545,4070500577.3472276,0,25,0
Z3,19,2, 4K,29312.0,0.015898,1843753.931312,1954128.0,1.546207,2,0.453853,1920088.985776,1920088.985776,319047203.5122333,627602540.5758606,33661487.8556385,984947206.7109545,4070500577.3472276,0,25,0
Z3,20,2, 4K,35968.0,0.005132,7008573.655495,7193600.0,1.546207,2,0.453853,2953052.930612,2953052.930612,319047203.5122333,627602540.5758606,33661487.8556385,984947206.7109545,4070500577.3472276,0,25,0
Z3,21,2, 4K,35592.0,0.004291,8294570.030296,8898000.0,1.546207,2,0.453853,3210252.205573,3210252.205573,319047203.5122333,627602540.5758606,33661487.8556385,984947206.7109545,4070500577.3472276,0,25,0
Z3,22,2, 4K,42440.0,0.01633,2598897.734231,2652496.0,1.546207,2,0.453853,2071117.74636,2071117.74636,319047203.5122333,627602540.5758606,33661487.8556385,984947206.7109545,4070500577.3472276,0,25,0
Z3,23,2, 4K,61624.0,0.002305,26734924.078091,30812000.0,1.546207,2,0.453853,6898323.015132,6898323.015132,319047203.5122333,627602540.5758606,33661487.8556385,984947206.7109545,4070500577.3472276,0,25,0
Z3,24,2, 4K,64952.0,0.032047,2026773.176896,2029744.0,1.546207,2,0.453853,1956692.834893,1956692.834893,319047203.5122333,627602540.5758606,33661487.8556385,984947206.7109545,4070500577.3472276,0,25,0
Z3,25,2, 4K,73400.0,0.026992,2719324.244221,2823072.0,1.546207,2,0.453853,2095203.048357,2095203.048357,319047203.5122333,627602540.5758606,33661487.8556385,984947206.7109545,4070500577.3472276,0,25,0
Z3,26,2, 4K,52792.0,0.021991,2400618.434814,2513904.0,1.546207,2,0.453853,2031461.886476,2031461.886476,319047203.5122333,627602540.5758606,33661487.8556385,984947206.7109545,4070500577.3472276,0,25,0
Z3,27,2, 4K,67272.0,0.023409,2873766.500064,2924864.0,1.546207,2,0.453853,2126091.499526,2126091.499526,319047203.5122333,627602540.5758606,33661487.8556385,984947206.7109545,4070500577.3472276,0,25,0
Z3,28,2, 4K,64968.0,0.029475,2204173.02799,2240272.0,1.546207,2,0.453853,1992172.805111,1992172.805111,319047203.5122333,627602540.5758606,33661487.8556385,984947206.7109545,4070500577.3472276,0,25,0
Z3,29,2, 4K,52408.0,0.002039,25702795.487984,26204000.0,1.546207,2,0.453853,6691897.29711,6691897.29711,319047203.5122333,627602540.5758606,33661487.8556385,984947206.7109545,4070500577.3472276,0,25,0
Z3,30,2, 4K,10280.0,0.000836,12296650.717703,10280000.0,1.546207,2,0.453853,4010668.343054,4010668.343054,319047203.5122333,627602540.5758606,33661487.8556385,984947206.7109545,4070500577.3472276,0,25,0
Z3,31,2, 4K,10280.0,0.000984,10447154.471545,10280000.0,1.546207,2,0.453853,3640769.093822,3640769.093822,319047203.5122333,627602540.5758606,33661487.8556385,984947206.7109545,4070500577.3472276,0,25,0
Z3,32,2, 4K,10280.0,0.017806,577333.483096,604704.0,1.546207,2,0.453853,1666804.896132,1666804.896132,319047203.5122333,627602540.5758606,33661487.8556385,984947206.7109545,4070500577.3472276,0,25,0
Z3,33,2, 4K,10280.0,0.007461,1377831.389894,1468568.0,1.546207,2,0.453853,1826904.477492,1826904.477492,319047203.5122333,627602540.5758606,33661487.8556385,984947206.7109545,4070500577.3472276,0,25,0
Z3,34,2, 4K,10280.0,0.00078,13179487.179487,10280000.0,1.546207,2,0.453853,4187235.635411,4187235.635411,319047203.5122333,627602540.5758606,33661487.8556385,984947206.7109545,4070500577.3472276,0,25,0
Z3,35,2, 4K,10280.0,0.017799,577560.537109,604704.0,1.546207,2,0.453853,1666850.306935,1666850.306935,319047203.5122333,627602540.5758606,33661487.8556385,984947206.7109545,4070500577.3472276,0,25,0
Z3,36,2, 4K,10280.0,0.000929,11065662.002153,10280000.0,1.546207,2,0.453853,3764470.599944,3764470.599944,319047203.5122333,627602540.5758606,33661487.8556385,984947206.7109545,4070500577.3472276,0,25,0
Z3,37,2, 4K,10280.0,0.013854,742023.964198,790768.0,1.546207,2,0.453853,1699742.992353,1699742.992353,319047203.5122333,627602540.5758606,33661487.8556385,984947206.7109545,4070500577.3472276,0,25,0
Z3,38,2, 4K,10280.0,0.000852,12065727.699531,10280000.0,1.546207,2,0.453853,3964483.739419,3964483.739419,319047203.5122333,627602540.5758606,33661487.8556385,984947206.7109545,4070500577.3472276,0,25,0
Z1,0,3, 4K,37368.0,0.081881,456369.609555,461328.0,1.856263,2,1.143797,4055757.661331,4055757.661331,319047203.5122333,627602540.5758606,33661487.8556385,984947206.7109545,4070500577.3472276,0,25,0
Z2,0,3, 4K,6624.0,0.036383,182063.051425,184000.0,1.856263,2,1.143797,4000896.349705,4000896.349705,319047203.5122333,627602540.5758606,33661487.8556385,984947206.7109545,4070500577.3472276,0,25,0
Z2,1,3, 4K,9736.0,0.001025,9498536.585366,9736000.0,1.856263,2,1.143797,5864191.056493,5864191.056493,319047203.5122333,627602540.5758606,33661487.8556385,984947206.7109545,4070500577.3472276,0,25,0
Z2,2,3, 4K,9976.0,0.000895,11146368.715084,9976000.0,1.856263,2,1.143797,6193757.482436,6193757.482436,319047203.5122333,627602540.5758606,33661487.8556385,984947206.7109545,4070500577.3472276,0,25,0
Z2,3,3, 4K,41472.0,0.000933,44450160.771704,41472000.0,1.856263,2,1.143797,12854515.89376,12854515.89376,319047203.5122333,627602540.5758606,33661487.8556385,984947206.7109545,4070500577.3472276,0,25,0
Z2,4,3, 4K,64608.0,0.004082,15827535.521803,16152000.0,1.856263,2,1.143797,7129990.84378,7129990.84378,319047203.5122333,627602540.5758606,33661487.8556385,984947206.7109545,4070500577.3472276,0,25,0
Z2,5,3, 4K,26312.0,0.000947,27784582.893347,26312000.0,1.856263,2,1.143797,9521400.318089,9521400.318089,319047203.5122333,627602540.5758606,33661487.8556385,984947206.7109545,4070500577.3472276,0,25,0
Z2,6,3, 4K,10280.0,0.000881,11668558.4563,10280000.0,1.856263,2,1.143797,6298195.430679,6298195.430679,319047203.5122333,627602540.5758606,33661487.8556385,984947206.7109545,4070500577.3472276,0,25,0
Z2,7,3, 4K,10280.0,0.015124,679714.36128,685328.0,1.856263,2,1.143797,4100426.611676,4100426.611676,319047203.5122333,627602540.5758606,33661487.8556385,984947206.7109545,4070500577.3472276,0,25,0
Z3,0,3, 4K,9976.0,0.035726,279236.410457,285024.0,1.856263,2,1.143797,4020331.021511,4020331.021511,319047203.5122333,627602540.5758606,33661487.8556385,984947206.7109545,4070500577.3472276,0,25,0
Z3,1,3, 4K,9976.0,0.000907,10998897.464168,9976000.0,1.856263,2,1.143797,6164263.232253,6164263.232253,319047203.5122333,627602540.5758606,33661487.8556385,984947206.7109545,4070500577.3472276,0,25,0
Z3,2,3, 4K,9976.0,0.001004,9936254.98008,9976000.0,1.856263,2,1.143797,5951734.735435,5951734.735435,319047203.5122333,627602540.5758606,33661487.8556385,984947206.7109545,4070500577.3472276,0,25,0
Z3,3,3, 4K,9976.0,0.001193,8362112.321878,9976000.0,1.856263,2,1.143797,5636906.203795,5636906.203795,319047203.5122333,627602540.5758606,33661487.8556385,984947206.7109545,4070500577.3472276,0,25,0
Z3,4,3, 4K,9976.0,0.017151,581657.046236,586816.0,1.856263,2,1.143797,4080815.148667,4080815.148667,319047203.5122333,627602540.5758606,33661487.8556385,984947206.7109545,4070500577.3472276,0,25,0
Z3,5,3, 4K,9976.0,0.000902,11059866.962306,9976000.0,1.856263,2,1.143797,6176457.131881,6176457.131881,319047203.5122333,627602540.5758606,33661487.8556385,984947206.7109545,4070500577.3472276,0,25,0
Z3,6,3, 4K,9976.0,0.000835,11947305.389222,9976000.0,1.856263,2,1.143797,6353944.817264,6353944.817264,319047203.5122333,627602540.5758606,33661487.8556385,984947206.7109545,4070500577.3472276,0,25,0
Z3,7,3, 4K,9976.0,0.008251,1209065.56781,1247000.0,1.856263,2,1.143797,4206296.852981,4206296.852981,319047203.5122333,627602540.5758606,33661487.8556385,984947206.7109545,4070500577.3472276,0,25,0
Z3,8,3, 4K,9976.0,0.000936,10658119.65812,9976000.0,1.856263,2,1.143797,6096107.671043,6096107.671043,319047203.5122333,627602540.5758606,33661487.8556385,984947206.7109545,4070500577.3472276,0,25,0
Z3,9,3, 4K,9976.0,0.003941,2531337.224055,3325328.0,1.856263,2,1.143797,4470751.18423,4470751.18423,319047203.5122333,627602540.5758606,33661487.8556385,984947206.7109545,4070500577.3472276,0,25,0
Z3,10,3, 4K,46944.0,0.02182,2151420.71494,2235424.0,1.856263,2,1.143797,4394767.882408,4394767.882408,319047203.5122333,627602540.5758606,33661487.8556385,984947206.7109545,4070500577.3472276,0,25,0
Z3,11,3, 4K,25776.0,0.000914,28201312.910284,25776000.0,1.856263,2,1.143797,9604746.321476,9604746.321476,319047203.5122333,627602540.5758606,33661487.8556385,984947206.7109545,4070500577.3472276,0,25,0
Z3,12,3, 4K,29160.0,0.024243,1202821.432991,1215000.0,1.856263,2,1.143797,4205048.026018,4205048.026018,319047203.5122333,627602540.5758606,33661487.8556385,984947206.7109545,4070500577.3472276,0,25,0
Z3,13,3, 4K,27488.0,0.036611,750812.597307,763552.0,1.856263,2,1.143797,4114646.258881,4114646.258881,319047203.5122333,627602540.5758606,33661487.8556385,984947206.7109545,4070500577.3472276,0,25,0
Z3,14,3, 4K,44488.0,0.010022,4439034.124925,4448800.0,1.856263,2,1.143797,4852290.564405,4852290.564405,319047203.5122333,627602540.5758606,33661487.8556385,984947206.7109545,4070500577.3472276,0,25,0
Z3,15,3, 4K,39320.0,0.012415,3167136.528393,3276664.0,1.856263,2,1.143797,4597911.045098,4597911.045098,319047203.5122333,627602540.5758606,33661487.8556385,984947206.7109545,4070500577.3472276,0,25,0
Z3,16,3, 4K,43888.0,0.025642,1711566.960456,1755520.0,1.856263,2,1.143797,4306797.131511,4306797.131511,319047203.5122333,627602540.5758606,33661487.8556385,984947206.7109545,4070500577.3472276,0,25,0
Z3,17,3, 4K,44080.0,0.025916,1700879.765396,1763200.0,1.856263,2,1.143797,4304659.692499,4304659.692499,319047203.5122333,627602540.5758606,33661487.8556385,984947206.7109545,4070500577.3472276,0,25,0
Z3,18,3, 4K,34432.0,0.02328,1479037.800687,1497040.0,1.856263,2,1.143797,4260291.299557,4260291.299557,319047203.5122333,627602540.5758606,33661487.8556385,984947206.7109545,4070500577.3472276,0,25,0
Z3,19,3, 4K,31336.0,0.010388,3016557.566423,3133600.0,1.856263,2,1.143797,4567795.252704,4567795.252704,319047203.5122333,627602540.5758606,33661487.8556385,984947206.7109545,4070500577.3472276,0,25,0
Z3,20,3, 4K,37168.0,0.022568,1646933.71145,1689448.0,1.856263,2,1.143797,4293870.481709,4293870.481709,319047203.5122333,627602540.5758606,33661487.8556385,984947206.7109545,4070500577.3472276,0,25,0
Z3,21,3, 4K,36888.0,0.016013,2303628.302005,2305496.0,1.856263,2,1.143797,4425209.39982,4425209.39982,319047203.5122333,627602540.5758606,33661487.8556385,984947206.7109545,4070500577.3472276,0,25,0
Z3,22,3, 4K,45448.0,0.018419,2467452.087518,2524888.0,1.856263,2,1.143797,4457974.156923,4457974.156923,319047203.5122333,627602540.5758606,33661487.8556385,984947206.7109545,4070500577.3472276,0,25,0
Z3,23,3, 4K,60880.0,0.012038,5057318.491444,5073328.0,1.856263,2,1.143797,4975947.437708,4975947.437708,319047203.5122333,627602540.5758606,33661487.8556385,984947206.7109545,4070500577.3472276,0,25,0
Z3,24,3, 4K,64936.0,0.035652,1821384.494559,1855312.0,1.856263,2,1.143797,4328760.638331,4328760.638331,319047203.5122333,627602540.5758606,33661487.8556385,984947206.7109545,4070500577.3472276,0,25,0
Z3,25,3, 4K,68152.0,0.030186,2257735.374014,2271728.0,1.856263,2,1.143797,4416030.814222,4416030.814222,319047203.5122333,627602540.5758606,33661487.8556385,984947206.7109545,4070500577.3472276,0,25,0
Z3,26,3, 4K,51256.0,0.018331,2796137.690251,2847552.0,1.856263,2,1.143797,4523711.27747,4523711.27747,319047203.5122333,627602540.5758606,33661487.8556385,984947206.7109545,4070500577.3472276,0,25,0
Z3,27,3, 4K,77296.0,0.003826,20202822.791427,25765328.0,1.856263,2,1.143797,8005048.297705,8005048.297705,319047203.5122333,627602540.5758606,33661487.8556385,984947206.7109545,4070500577.3472276,0,25,0
Z3,28,3, 4K,69656.0,0.003794,18359515.023722,23218664.0,1.856263,2,1.143797,7636386.744164,7636386.744164,319047203.5122333,627602540.5758606,33661487.8556385,984947206.7109545,4070500577.3472276,0,25,0
Z3,29,3, 4K,53752.0,0.015584,3449178.644764,3583464.0,1.856263,2,1.143797,4654319.468372,4654319.468372,319047203.5122333,627602540.5758606,33661487.8556385,984947206.7109545,4070500577.3472276,0,25,0
Z3,30,3, 4K,10280.0,0.015607,658678.797975,685328.0,1.856263,2,1.143797,4096219.499015,4096219.499015,319047203.5122333,627602540.5758606,33661487.8556385,984947206.7109545,4070500577.3472276,0,25,0
Z3,31,3, 4K,10280.0,0.00087,11816091.954023,10280000.0,1.856263,2,1.143797,6327702.130224,6327702.130224,319047203.5122333,627602540.5758606,33661487.8556385,984947206.7109545,4070500577.3472276,0,25,0
Z3,32,3, 4K,10280.0,0.000795,12930817.610063,10280000.0,1.856263,2,1.143797,6550647.261432,6550647.261432,319047203.5122333,627602540.5758606,33661487.8556385,984947206.7109545,4070500577.3472276,0,25,0
Z3,33,3, 4K,10280.0,0.022221,462625.444399,467272.0,1.856263,2,1.143797,4057008.828299,4057008.828299,319047203.5122333,627602540.5758606,33661487.8556385,984947206.7109545,4070500577.3472276,0,25,0
Z3,34,3, 4K,10280.0,0.000892,11524663.67713,10280000.0,1.856263,2,1.143797,6269416.474845,6269416.474845,319047203.5122333,627602540.5758606,33661487.8556385,984947206.7109545,4070500577.3472276,0,25,0
Z3,35,3, 4K,10280.0,0.021842,470652.870616,489520.0,1.856263,2,1.143797,4058614.313543,4058614.313543,319047203.5122333,627602540.5758606,33661487.8556385,984947206.7109545,4070500577.3472276,0,25,0
Z3,36,3, 4K,10288.0,0.008497,1210780.275391,1286000.0,1.856263,2,1.143797,4206639.794498,4206639.794498,319047203.5122333,627602540.5758606,33661487.8556385,984947206.7109545,4070500577.3472276,0,25,0
Z3,37,3, 4K,10280.0,0.000902,11396895.78714,10280000.0,1.856263,2,1.143797,6243862.896847,6243862.896847,319047203.5122333,627602540.5758606,33661487.8556385,984947206.7109545,4070500577.3472276,0,25,0
Z3,38,3, 4K,10280.0,0.001987,5173628.585808,10280000.0,1.856263,2,1.143797,4999209.456581,4999209.456581,319047203.5122333,627602540.5758606,33661487.8556385,984947206.7109545,4070500577.3472276,0,25,0
Z1,0,4, 4K,78920.0,0.051396,1535528.056658,1547448.0,1.195165,2,1.804895,5306315.067913,5306315.067913,319047203.5122333,627602540.5758606,33661487.8556385,984947206.7109545,4070500577.3472276,0,25,0
Z2,0,4, 4K,6624.0,0.053953,122773.525105,124976.0,1.195165,2,1.804895,5023764.161602,5023764.161602,319047203.5122333,627602540.5758606,33661487.8556385,984947206.7109545,4070500577.3472276,0,25,0
Z2,1,4, 4K,9856.0,0.000742,13283018.867925,9856000.0,1.195165,2,1.804895,7655813.230166,7655813.230166,319047203.5122333,627602540.5758606,33661487.8556385,984947206.7109545,4070500577.3472276,0,25,0
Z2,2,4, 4K,10000.0,0.001006,9940357.852883,10000000.0,1.195165,2,1.804895,6987281.027158,6987281.027158,319047203.5122333,627602540.5758606,33661487.8556385,984947206.7109545,4070500577.3472276,0,25,0
Z2,3,4, 4K,61192.0,0.011859,5159962.897378,5562904.0,1.195165,2,1.804895,6031202.036057,6031202.036057,319047203.5122333,627602540.5758606,33661487.8556385,984947206.7109545,4070500577.3472276,0,25,0
Z2,4,4, 4K,105968.0,0.019945,5313010.779644,5577256.0,1.195165,2,1.804895,6061811.61251,6061811.61251,319047203.5122333,627602540.5758606,33661487.8556385,984947206.7109545,4070500577.3472276,0,25,0
Z2,5,4, 4K,53008.0,0.00324,16360493.82716,17669328.0,1.195165,2,1.804895,8271308.222013,8271308.222013,319047203.5122333,627602540.5758606,33661487.8556385,984947206.7109545,4070500577.3472276,0,25,0
Z2,6,4, 4K,17976.0,0.019927,902092.638129,946104.0,1.195165,2,1.804895,5179627.984207,5179627.984207,319047203.5122333,627602540.5758606,33661487.8556385,984947206.7109545,4070500577.3472276,0,25,0
Z2,7,4, 4K,11688.0,0.014711,794507.511386,834856.0,1.195165,2,1.804895,5158110.958858,5158110.958858,319047203.5122333,627602540.5758606,33661487.8556385,984947206.7109545,4070500577.3472276,0,25,0
Z3,0,4, 4K,10160.0,0.065286,155622.951322,156304.0,1.195165,2,1.804895,5030334.046845,5030334.046845,319047203.5122333,627602540.5758606,33661487.8556385,984947206.7109545,4070500577.3472276,0,25,0
Z3,1,4, 4K,10112.0,0.000798,12671679.197995,10112000.0,1.195165,2,1.804895,7533545.29618,7533545.29618,319047203.5122333,627602540.5758606,33661487.8556385,984947206.7109545,4070500577.3472276,0,25,0
Z3,2,4, 4K,10000.0,0.01412,708215.29745,714280.0,1.195165,2,1.804895,5140852.516071,5140852.516071,319047203.5122333,627602540.5758606,33661487.8556385,984947206.7109545,4070500577.3472276,0,25,0
Z3,3,4, 4K,10000.0,0.01121,892060.660125,909088.0,1.195165,2,1.804895,5177621.588606,5177621.588606,319047203.5122333,627602540.5758606,33661487.8556385,984947206.7109545,4070500577.3472276,0,25,0
Z3,4,4, 4K,10000.0,0.013324,750525.367757,769224.0,1.195165,2,1.804895,5149314.530133,5149314.530133,319047203.5122333,627602540.5758606,33661487.8556385,984947206.7109545,4070500577.3472276,0,25,0
Z3,5,4, 4K,10000.0,0.020878,478973.081713,500000.0,1.195165,2,1.804895,5095004.072924,5095004.072924,319047203.5122333,627602540.5758606,33661487.8556385,984947206.7109545,4070500577.3472276,0,25,0
Z3,6,4, 4K,10400.0,0.024034,432720.31289,433328.0,1.195165,2,1.804895,5085753.519159,5085753.519159,319047203.5122333,627602540.5758606,33661487.8556385,984947206.7109545,4070500577.3472276,0,25,0
Z3,7,4, 4K,10000.0,0.000924,10822510.822511,10000000.0,1.195165,2,1.804895,7163711.621083,7163711.621083,319047203.5122333,627602540.5758606,33661487.8556385,984947206.7109545,4070500577.3472276,0,25,0
Z3,8,4, 4K,10000.0,0.000927,10787486.515642,10000000.0,1.195165,2,1.804895,7156706.759709,7156706.759709,319047203.5122333,627602540.5758606,33661487.8556385,984947206.7109545,4070500577.3472276,0,25,0
Z3,9,4, 4K,10016.0,0.000898,11153674.832962,10016000.0,1.195165,2,1.804895,7229944.423173,7229944.423173,319047203.5122333,627602540.5758606,33661487.8556385,984947206.7109545,4070500577.3472276,0,25,0
Z3,10,4, 4K,69528.0,0.018816,3695153.061224,3862664.0,1.195165,2,1.804895,5738240.068826,5738240.068826,319047203.5122333,627602540.5758606,33661487.8556385,984947206.7109545,4070500577.3472276,0,25,0
Z3,11,4, 4K,50216.0,0.003321,15120746.763023,16738664.0,1.195165,2,1.804895,8023358.809186,8023358.809186,319047203.5122333,627602540.5758606,33661487.8556385,984947206.7109545,4070500577.3472276,0,25,0
Z3,12,4, 4K,53360.0,0.001913,27893361.212755,53360000.0,1.195165,2,1.804895,10577881.699132,10577881.699132,319047203.5122333,627602540.5758606,33661487.8556385,984947206.7109545,4070500577.3472276,0,25,0
Z3,13,4, 4K,45608.0,0.013464,3387403.446227,3508304.0,1.195165,2,1.804895,5676690.145826,5676690.145826,319047203.5122333,627602540.5758606,33661487.8556385,984947206.7109545,4070500577.3472276,0,25,0
Z3,14,4, 4K,88024.0,0.016166,5445008.041569,5501496.0,1.195165,2,1.804895,6088211.064895,6088211.064895,319047203.5122333,627602540.5758606,33661487.8556385,984947206.7109545,4070500577.3472276,0,25,0
Z3,15,4, 4K,65880.0,0.018707,3521676.377826,3660000.0,1.195165,2,1.804895,5703544.732146,5703544.732146,319047203.5122333,627602540.5758606,33661487.8556385,984947206.7109545,4070500577.3472276,0,25,0
Z3,16,4, 4K,81544.0,0.006469,12605348.585562,13590664.0,1.195165,2,1.804895,7520279.173693,7520279.173693,319047203.5122333,627602540.5758606,33661487.8556385,984947206.7109545,4070500577.3472276,0,25,0
Z3,17,4, 4K,79088.0,0.020763,3809083.46578,3954400.0,1.195165,2,1.804895,5761026.149737,5761026.149737,319047203.5122333,627602540.5758606,33661487.8556385,984947206.7109545,4070500577.3472276,0,25,0
Z3,18,4, 4K,60616.0,0.016097,3765670.621855,3788496.0,1.195165,2,1.804895,5752343.580952,5752343.580952,319047203.5122333,627602540.5758606,33661487.8556385,984947206.7109545,4070500577.3472276,0,25,0
Z3,19,4, 4K,55928.0,0.012658,4418391.531048,4660664.0,1.195165,2,1.804895,5882887.762791,5882887.762791,319047203.5122333,627602540.5758606,33661487.8556385,984947206.7109545,4070500577.3472276,0,25,0
Z3,20,4, 4K,60512.0,0.001157,52300777.873812,60512000.0,1.195165,2,1.804895,15459365.031343,15459365.031343,319047203.5122333,627602540.5758606,33661487.8556385,984947206.7109545,4070500577.3472276,0,25,0
Z3,21,4, 4K,116408.0,0.002847,40887952.230418,58204000.0,1.195165,2,1.804895,13176799.902665,13176799.902665,319047203.5122333,627602540.5758606,33661487.8556385,984947206.7109545,4070500577.3472276,0,25,0
Z3,22,4, 4K,104248.0,0.024653,4228613.150529,4343664.0,1.195165,2,1.804895,5844932.086687,5844932.086687,319047203.5122333,627602540.5758606,33661487.8556385,984947206.7109545,4070500577.3472276,0,25,0
Z3,23,4, 4K,138368.0,0.023797,5814514.434593,6016000.0,1.195165,2,1.804895,6162112.3435,6162112.3435,319047203.5122333,627602540.5758606,33661487.8556385,984947206.7109545,4070500577.3472276,0,25,0
Z3,24,4, 4K,139408.0,0.002013,69253849.975161,69704000.0,1.195165,2,1.804895,18849979.451613,18849979.451613,319047203.5122333,627602540.5758606,33661487.8556385,984947206.7109545,4070500577.3472276,0,25,0
Z3,25,4, 4K,141032.0,0.002644,53340393.343419,70516000.0,1.195165,2,1.804895,15667288.125265,15667288.125265,319047203.5122333,627602540.5758606,33661487.8556385,984947206.7109545,4070500577.3472276,0,25,0
Z3,26,4, 4K,125672.0,0.022874,5494098.102649,5712360.0,1.195165,2,1.804895,6098029.077111,6098029.077111,319047203.5122333,627602540.5758606,33661487.8556385,984947206.7109545,4070500577.3472276,0,25,0
Z3,27,4, 4K,147320.0,0.014397,10232687.365423,10522856.0,1.195165,2,1.804895,7045746.929666,7045746.929666,319047203.5122333,627602540.5758606,33661487.8556385,984947206.7109545,4070500577.3472276,0,25,0
Z3,28,4, 4K,120984.0,0.026983,4483711.966794,4653224.0,1.195165,2,1.804895,5895951.84994,5895951.84994,319047203.5122333,627602540.5758606,33661487.8556385,984947206.7109545,4070500577.3472276,0,25,0
Z3,29,4, 4K,87456.0,0.010778,8114306.921507,8745600.0,1.195165,2,1.804895,6622070.840882,6622070.840882,319047203.5122333,627602540.5758606,33661487.8556385,984947206.7109545,4070500577.3472276,0,25,0
Z3,30,4, 4K,19872.0,0.000953,20852046.16999,19872000.0,1.195165,2,1.804895,9169618.690579,9169618.690579,319047203.5122333,627602540.5758606,33661487.8556385,984947206.7109545,4070500577.3472276,0,25,0
Z3,31,4, 4K,17320.0,0.011546,1500086.610081,1574544.0,1.195165,2,1.804895,5299226.778597,5299226.778597,319047203.5122333,627602540.5758606,33661487.8556385,984947206.7109545,4070500577.3472276,0,25,0
Z3,32,4, 4K,20880.0,0.004101,5091441.111924,5220000.0,1.195165,2,1.804895,6017497.678966,6017497.678966,319047203.5122333,627602540.5758606,33661487.8556385,984947206.7109545,4070500577.3472276,0,25,0
Z3,33,4, 4K,18648.0,0.021114,883205.456095,888000.0,1.195165,2,1.804895,5175850.5478,5175850.5478,319047203.5122333,627602540.5758606,33661487.8556385,984947206.7109545,4070500577.3472276,0,25,0
Z3,34,4, 4K,15368.0,0.001025,14993170.731707,15368000.0,1.195165,2,1.804895,7997843.602922,7997843.602922,319047203.5122333,627602540.5758606,33661487.8556385,984947206.7109545,4070500577.3472276,0,25,0
Z3,35,4, 4K,17240.0,0.015256,1130047.194546,1149328.0,1.195165,2,1.804895,5225218.89549,5225218.89549,319047203.5122333,627602540.5758606,33661487.8556385,984947206.7109545,4070500577.3472276,0,25,0
Z3,36,4, 4K,34944.0,0.020255,1725203.653419,1747200.0,1.195165,2,1.804895,5344250.187265,5344250.187265,319047203.5122333,627602540.5758606,33661487.8556385,984947206.7109545,4070500577.3472276,0,25,0
Z3,37,4, 4K,16344.0,0.017526,932557.343376,961408.0,1.195165,2,1.804895,5185720.925256,5185720.925256,319047203.5122333,627602540.5758606,33661487.8556385,984947206.7109545,4070500577.3472276,0,25,0
Z3,38,4, 4K,11896.0,0.000978,12163599.182004,11896000.0,1.195165,2,1.804895,7431929.292982,7431929.292982,319047203.5122333,627602540.5758606,33661487.8556385,984947206.7109545,4070500577.3472276,0,25,0
Z1,0,5, 4K,14200.0,0.030243,469530.139206,473328.0,1.0,2,3.493914,7525835.320823,7525835.320823,319047203.5122333,627602540.5758606,33661487.8556385,984947206.7109545,4070500577.3472276,0,25,0
Z2,0,5, 4K,6624.0,0.039532,167560.457351,169840.0,1.0,2,3.493914,7465441.384452,7465441.384452,319047203.5122333,627602540.5758606,33661487.8556385,984947206.7109545,4070500577.3472276,0,25,0
Z2,1,5, 4K,15440.0,0.024967,618416.309529,643328.0,1.0,2,3.493914,7555612.554888,7555612.554888,319047203.5122333,627602540.5758606,33661487.8556385,984947206.7109545,4070500577.3472276,0,25,0
Z2,2,5, 4K,14656.0,0.000955,15346596.858639,14656000.0,1.0,2,3.493914,10501248.66471,10501248.66471,319047203.5122333,627602540.5758606,33661487.8556385,984947206.7109545,4070500577.3472276,0,25,0
Z2,3,5, 4K,67288.0,0.023019,2923150.44094,2925560.0,1.0,2,3.493914,8016559.38117,8016559.38117,319047203.5122333,627602540.5758606,33661487.8556385,984947206.7109545,4070500577.3472276,0,25,0
Z2,4,5, 4K,54872.0,0.016381,3349734.448446,3429496.0,1.0,2,3.493914,8101876.182671,8101876.182671,319047203.5122333,627602540.5758606,33661487.8556385,984947206.7109545,4070500577.3472276,0,25,0
Z2,5,5, 4K,59096.0,0.021362,2766407.639734,2814088.0,1.0,2,3.493914,7985210.820929,7985210.820929,319047203.5122333,627602540.5758606,33661487.8556385,984947206.7109545,4070500577.3472276,0,25,0
Z2,6,5, 4K,117640.0,0.005031,23383025.24349,23528000.0,1.0,2,3.493914,12108534.34168,12108534.34168,319047203.5122333,627602540.5758606,33661487.8556385,984947206.7109545,4070500577.3472276,0,25,0
Z2,7,5, 4K,68288.0,0.024358,2803514.245833,2845328.0,1.0,2,3.493914,7992632.142148,7992632.142148,319047203.5122333,627602540.5758606,33661487.8556385,984947206.7109545,4070500577.3472276,0,25,0
Z3,0,5, 4K,16504.0,0.025181,655414.796871,660160.0,1.0,2,3.493914,7563012.252356,7563012.252356,319047203.5122333,627602540.5758606,33661487.8556385,984947206.7109545,4070500577.3472276,0,25,0
Z3,1,5, 4K,16120.0,0.001016,15866141.732283,16120000.0,1.0,2,3.493914,10605157.639439,10605157.639439,319047203.5122333,627602540.5758606,33661487.8556385,984947206.7109545,4070500577.3472276,0,25,0
Z3,2,5, 4K,15008.0,0.002377,6313840.97602,7504000.0,1.0,2,3.493914,8694697.488186,8694697.488186,319047203.5122333,627602540.5758606,33661487.8556385,984947206.7109545,4070500577.3472276,0,25,0
Z3,3,5, 4K,15032.0,0.000863,17418308.227115,15032000.0,1.0,2,3.493914,10915590.938405,10915590.938405,319047203.5122333,627602540.5758606,33661487.8556385,984947206.7109545,4070500577.3472276,0,25,0
Z3,4,5, 4K,12928.0,0.024585,525849.094977,538664.0,1.0,2,3.493914,7537099.111977,7537099.111977,319047203.5122333,627602540.5758606,33661487.8556385,984947206.7109545,4070500577.3472276,0,25,0
Z3,5,5, 4K,13640.0,0.000825,16533333.333333,13640000.0,1.0,2,3.493914,10738595.959649,10738595.959649,319047203.5122333,627602540.5758606,33661487.8556385,984947206.7109545,4070500577.3472276,0,25,0
Z3,6,5, 4K,14648.0,0.00093,15750537.634409,14648000.0,1.0,2,3.493914,10582036.819864,10582036.819864,319047203.5122333,627602540.5758606,33661487.8556385,984947206.7109545,4070500577.3472276,0,25,0
Z3,7,5, 4K,15008.0,0.024264,618529.508737,625328.0,1.0,2,3.493914,7555635.194729,7555635.194729,319047203.5122333,627602540.5758606,33661487.8556385,984947206.7109545,4070500577.3472276,0,25,0
Z3,8,5, 4K,14312.0,0.001015,14100492.610837,14312000.0,1.0,2,3.493914,10252027.815149,10252027.815149,319047203.5122333,627602540.5758606,33661487.8556385,984947206.7109545,4070500577.3472276,0,25,0
Z3,9,5, 4K,52536.0,0.012313,4266709.981321,4378000.0,1.0,2,3.493914,8285271.289246,8285271.289246,319047203.5122333,627602540.5758606,33661487.8556385,984947206.7109545,4070500577.3472276,0,25,0
Z3,10,5, 4K,52032.0,0.022164,2347590.687602,2365088.0,1.0,2,3.493914,7901447.430502,7901447.430502,319047203.5122333,627602540.5758606,33661487.8556385,984947206.7109545,4070500577.3472276,0,25,0
Z3,11,5, 4K,44632.0,0.022955,1944325.854934,2028720.0,1.0,2,3.493914,7820794.463969,7820794.463969,319047203.5122333,627602540.5758606,33661487.8556385,984947206.7109545,4070500577.3472276,0,25,0
Z3,12,5, 4K,76304.0,0.00613,12447634.584013,12717328.0,1.0,2,3.493914,9921456.209784,9921456.209784,319047203.5122333,627602540.5758606,33661487.8556385,984947206.7109545,4070500577.3472276,0,25,0
Z3,13,5, 4K,71856.0,0.033546,2142013.950993,2177448.0,1.0,2,3.493914,7860332.08318,7860332.08318,319047203.5122333,627602540.5758606,33661487.8556385,984947206.7109545,4070500577.3472276,0,25,0
Z3,14,5, 4K,82648.0,0.015772,5240172.45752,5509864.0,1.0,2,3.493914,8479963.784486,8479963.784486,319047203.5122333,627602540.5758606,33661487.8556385,984947206.7109545,4070500577.3472276,0,25,0
Z3,15,5, 4K,76072.0,0.034093,2231308.479747,2237408.0,1.0,2,3.493914,7878190.988931,7878190.988931,319047203.5122333,627602540.5758606,33661487.8556385,984947206.7109545,4070500577.3472276,0,25,0
Z3,16,5, 4K,59304.0,0.002832,20940677.966102,29652000.0,1.0,2,3.493914,11620064.886202,11620064.886202,319047203.5122333,627602540.5758606,33661487.8556385,984947206.7109545,4070500577.3472276,0,25,0
Z3,17,5, 4K,43064.0,0.017352,2481788.842785,2533176.0,1.0,2,3.493914,7928287.061539,7928287.061539,319047203.5122333,627602540.5758606,33661487.8556385,984947206.7109545,4070500577.3472276,0,25,0
Z3,18,5, 4K,135784.0,0.047053,2885767.11368,2889016.0,1.0,2,3.493914,8009082.715718,8009082.715718,319047203.5122333,627602540.5758606,33661487.8556385,984947206.7109545,4070500577.3472276,0,25,0
Z3,19,5, 4K,118304.0,0.042356,2793087.165927,2816760.0,1.0,2,3.493914,7990546.726167,7990546.726167,319047203.5122333,627602540.5758606,33661487.8556385,984947206.7109545,4070500577.3472276,0,25,0
Z3,20,5, 4K,147040.0,0.040307,3648001.587814,3676000.0,1.0,2,3.493914,8161529.610545,8161529.610545,319047203.5122333,627602540.5758606,33661487.8556385,984947206.7109545,4070500577.3472276,0,25,0
Z3,21,5, 4K,179520.0,0.017019,10548210.823198,10560000.0,1.0,2,3.493914,9541571.457621,9541571.457621,319047203.5122333,627602540.5758606,33661487.8556385,984947206.7109545,4070500577.3472276,0,25,0
Z3,22,5, 4K,172688.0,0.016435,10507331.913599,10793000.0,1.0,2,3.493914,9533395.675702,9533395.675702,319047203.5122333,627602540.5758606,33661487.8556385,984947206.7109545,4070500577.3472276,0,25,0
Z3,23,5, 4K,145128.0,0.026112,5557904.411765,5581840.0,1.0,2,3.493914,8543510.175335,8543510.175335,319047203.5122333,627602540.5758606,33661487.8556385,984947206.7109545,4070500577.3472276,0,25,0
Z3,24,5, 4K,179592.0,0.032848,5467364.831953,5612248.0,1.0,2,3.493914,8525402.259373,8525402.259373,319047203.5122333,627602540.5758606,33661487.8556385,984947206.7109545,4070500577.3472276,0,25,0
Z3,25,5, 4K,140720.0,0.038319,3672329.653697,3703152.0,1.0,2,3.493914,8166395.223721,8166395.223721,319047203.5122333,627602540.5758606,33661487.8556385,984947206.7109545,4070500577.3472276,0,25,0
Z3,26,5, 4K,83928.0,0.020287,4137033.568295,4196400.0,1.0,2,3.493914,8259336.006641,8259336.006641,319047203.5122333,627602540.5758606,33661487.8556385,984947206.7109545,4070500577.3472276,0,25,0
Z3,27,5, 4K,86352.0,0.020718,4167969.881263,4317600.0,1.0,2,3.493914,8265523.269234,8265523.269234,319047203.5122333,627602540.5758606,33661487.8556385,984947206.7109545,4070500577.3472276,0,25,0
Z3,28,5, 4K,47432.0,0.02439,1944731.447314,1976328.0,1.0,2,3.493914,7820875.582445,7820875.582445,319047203.5122333,627602540.5758606,33661487.8556385,984947206.7109545,4070500577.3472276,0,25,0
Z3,29,5, 4K,82192.0,0.034406,2388885.659478,2417408.0,1.0,2,3.493914,7909706.424877,7909706.424877,319047203.5122333,627602540.5758606,33661487.8556385,984947206.7109545,4070500577.3472276,0,25,0
Z3,30,5, 4K,68504.0,0.032015,2139746.993597,2140744.0,1.0,2,3.493914,7859878.691701,7859878.691701,319047203.5122333,627602540.5758606,33661487.8556385,984947206.7109545,4070500577.3472276,0,25,0
Z3,31,5, 4K,53776.0,0.003921,13714868.655955,17925328.0,1.0,2,3.493914,10174903.024173,10174903.024173,319047203.5122333,627602540.5758606,33661487.8556385,984947206.7109545,4070500577.3472276,0,25,0
Z3,32,5, 4K,72968.0,0.023851,3059326.652971,3172520.0,1.0,2,3.493914,8043794.623576,8043794.623576,319047203.5122333,627602540.5758606,33661487.8556385,984947206.7109545,4070500577.3472276,0,25,0
Z3,33,5, 4K,78200.0,0.028398,2753715.050356,2792856.0,1.0,2,3.493914,7982672.303053,7982672.303053,319047203.5122333,627602540.5758606,33661487.8556385,984947206.7109545,4070500577.3472276,0,25,0
Z3,34,5, 4K,63936.0,0.015741,4061749.571184,4262400.0,1.0,2,3.493914,8244279.207219,8244279.207219,319047203.5122333,627602540.5758606,33661487.8556385,984947206.7109545,4070500577.3472276,0,25,0
Z3,35,5, 4K,86888.0,0.057514,1510727.822791,1524344.0,1.0,2,3.493914,7734074.85754,7734074.85754,319047203.5122333,627602540.5758606,33661487.8556385,984947206.7109545,4070500577.3472276,0,25,0
Z3,36,5, 4K,53856.0,0.026361,2043018.094913,2071384.0,1.0,2,3.493914,7840532.911964,7840532.911964,319047203.5122333,627602540.5758606,33661487.8556385,984947206.7109545,4070500577.3472276,0,25,0
Z3,37,5, 4K,42888.0,0.003135,13680382.77512,14296000.0,1.0,2,3.493914,10168005.848006,10168005.848006,319047203.5122333,627602540.5758606,33661487.8556385,984947206.7109545,4070500577.3472276,0,25,0
Z3,38,5, 4K,40216.0,0.010824,3715447.154472,4021600.0,1.0,2,3.493914,8175018.723876,8175018.723876,319047203.5122333,627602540.5758606,33661487.8556385,984947206.7109545,4070500577.3472276,0,25,0
Z1,0,6, 4K,44392.0,0.02822,1573068.745571,1585424.0,1.0,2,4.497059,6938294.273477,6938294.273477,319047203.5122333,627602540.5758606,33661487.8556385,984947206.7109545,4070500577.3472276,0,25,0
Z2,0,6, 4K,6624.0,0.045785,144676.203997,147200.0,1.0,2,4.497059,6652615.765162,6652615.765162,319047203.5122333,627602540.5758606,33661487.8556385,984947206.7109545,4070500577.3472276,0,25,0
Z2,1,6, 4K,12000.0,0.013618,881186.664708,923072.0,1.0,2,4.497059,6799917.857304,6799917.857304,319047203.5122333,627602540.5758606,33661487.8556385,984947206.7109545,4070500577.3472276,0,25,0
Z2,2,6, 4K,11456.0,0.005513,2077997.460548,2291200.0,1.0,2,4.497059,7039280.016472,7039280.016472,319047203.5122333,627602540.5758606,33661487.8556385,984947206.7109545,4070500577.3472276,0,25,0
Z2,3,6, 4K,32384.0,0.019517,1659271.404417,1704416.0,1.0,2,4.497059,6955534.805246,6955534.805246,319047203.5122333,627602540.5758606,33661487.8556385,984947206.7109545,4070500577.3472276,0,25,0
Z2,4,6, 4K,89424.0,0.018187,4916918.678177,4968000.0,1.0,2,4.497059,7607064.259998,7607064.259998,319047203.5122333,627602540.5758606,33661487.8556385,984947206.7109545,4070500577.3472276,0,25,0
Z2,5,6, 4K,37976.0,0.003847,9871588.250585,12658664.0,1.0,2,4.497059,8597998.17448,8597998.17448,319047203.5122333,627602540.5758606,33661487.8556385,984947206.7109545,4070500577.3472276,0,25,0
Z2,6,6, 4K,23176.0,0.013051,1775802.620489,1782768.0,1.0,2,4.497059,6978841.048461,6978841.048461,319047203.5122333,627602540.5758606,33661487.8556385,984947206.7109545,4070500577.3472276,0,25,0
Z2,7,6, 4K,20712.0,0.01468,1410899.182561,1479424.0,1.0,2,4.497059,6905860.360875,6905860.360875,319047203.5122333,627602540.5758606,33661487.8556385,984947206.7109545,4070500577.3472276,0,25,0
Z3,0,6, 4K,12312.0,0.045956,267908.434154,273600.0,1.0,2,4.497059,6677262.211194,6677262.211194,319047203.5122333,627602540.5758606,33661487.8556385,984947206.7109545,4070500577.3472276,0,25,0
Z3,1,6, 4K,11800.0,0.005034,2344060.389352,2360000.0,1.0,2,4.497059,7092492.602233,7092492.602233,319047203.5122333,627602540.5758606,33661487.8556385,984947206.7109545,4070500577.3472276,0,25,0
Z3,2,6, 4K,11672.0,0.000937,12456776.947705,11672000.0,1.0,2,4.497059,9115035.913904,9115035.913904,319047203.5122333,627602540.5758606,33661487.8556385,984947206.7109545,4070500577.3472276,0,25,0
Z3,3,6, 4K,11856.0,0.000867,13674740.484429,11856000.0,1.0,2,4.497059,9358628.621249,9358628.621249,319047203.5122333,627602540.5758606,33661487.8556385,984947206.7109545,4070500577.3472276,0,25,0
Z3,4,6, 4K,11392.0,0.003745,3041922.563418,3797328.0,1.0,2,4.497059,7232065.037046,7232065.037046,319047203.5122333,627602540.5758606,33661487.8556385,984947206.7109545,4070500577.3472276,0,25,0
Z3,5,6, 4K,11608.0,0.000873,13296678.12142,11608000.0,1.0,2,4.497059,9283016.148647,9283016.148647,319047203.5122333,627602540.5758606,33661487.8556385,984947206.7109545,4070500577.3472276,0,25,0
Z3,6,6, 4K,11808.0,0.000882,13387755.102041,11808000.0,1.0,2,4.497059,9301231.544771,9301231.544771,319047203.5122333,627602540.5758606,33661487.8556385,984947206.7109545,4070500577.3472276,0,25,0
Z3,7,6, 4K,11616.0,0.003385,3431610.044313,3872000.0,1.0,2,4.497059,7310002.533225,7310002.533225,319047203.5122333,627602540.5758606,33661487.8556385,984947206.7109545,4070500577.3472276,0,25,0
Z3,8,6, 4K,11320.0,0.013274,852794.937472,870768.0,1.0,2,4.497059,6794239.511857,6794239.511857,319047203.5122333,627602540.5758606,33661487.8556385,984947206.7109545,4070500577.3472276,0,25,0
Z3,9,6, 4K,11672.0,0.022283,523807.386797,530544.0,1.0,2,4.497059,6728442.001722,6728442.001722,319047203.5122333,627602540.5758606,33661487.8556385,984947206.7109545,4070500577.3472276,0,25,0
Z3,10,6, 4K,36784.0,0.017525,2098944.365193,2163760.0,1.0,2,4.497059,7043469.397401,7043469.397401,319047203.5122333,627602540.5758606,33661487.8556385,984947206.7109545,4070500577.3472276,0,25,0
Z3,11,6, 4K,30472.0,0.025043,1216787.126143,1218880.0,1.0,2,4.497059,6867037.949591,6867037.949591,319047203.5122333,627602540.5758606,33661487.8556385,984947206.7109545,4070500577.3472276,0,25,0
Z3,12,6, 4K,27608.0,0.019817,1393147.297775,1453048.0,1.0,2,4.497059,6902309.983918,6902309.983918,319047203.5122333,627602540.5758606,33661487.8556385,984947206.7109545,4070500577.3472276,0,25,0
Z3,13,6, 4K,24088.0,0.013229,1820848.136669,1852920.0,1.0,2,4.497059,6987850.151697,6987850.151697,319047203.5122333,627602540.5758606,33661487.8556385,984947206.7109545,4070500577.3472276,0,25,0
Z3,14,6, 4K,38328.0,0.018477,2074362.721221,2129328.0,1.0,2,4.497059,7038553.068607,7038553.068607,319047203.5122333,627602540.5758606,33661487.8556385,984947206.7109545,4070500577.3472276,0,25,0
Z3,15,6, 4K,32072.0,0.001024,31320312.5,32072000.0,1.0,2,4.497059,12887743.024363,12887743.024363,319047203.5122333,627602540.5758606,33661487.8556385,984947206.7109545,4070500577.3472276,0,25,0
Z3,16,6, 4K,42136.0,0.016504,2553078.041687,2633496.0,1.0,2,4.497059,7134296.1327,7134296.1327,319047203.5122333,627602540.5758606,33661487.8556385,984947206.7109545,4070500577.3472276,0,25,0
Z3,17,6, 4K,36072.0,0.000932,38703862.660944,36072000.0,1.0,2,4.497059,14364453.056552,14364453.056552,319047203.5122333,627602540.5758606,33661487.8556385,984947206.7109545,4070500577.3472276,0,25,0
Z3,18,6, 4K,27192.0,0.020693,1314067.559078,1359600.0,1.0,2,4.497059,6886494.036178,6886494.036178,319047203.5122333,627602540.5758606,33661487.8556385,984947206.7109545,4070500577.3472276,0,25,0
Z3,19,6, 4K,23688.0,0.018272,1296409.807356,1316000.0,1.0,2,4.497059,6882962.485834,6882962.485834,319047203.5122333,627602540.5758606,33661487.8556385,984947206.7109545,4070500577.3472276,0,25,0
Z3,20,6, 4K,30448.0,0.021405,1422471.38519,1449904.0,1.0,2,4.497059,6908174.801401,6908174.801401,319047203.5122333,627602540.5758606,33661487.8556385,984947206.7109545,4070500577.3472276,0,25,0
Z3,21,6, 4K,86000.0,0.019649,4376813.069367,4526312.0,1.0,2,4.497059,7499043.138236,7499043.138236,319047203.5122333,627602540.5758606,33661487.8556385,984947206.7109545,4070500577.3472276,0,25,0
Z3,22,6, 4K,62728.0,0.00136,46123529.411765,62728000.0,1.0,2,4.497059,15848386.406716,15848386.406716,319047203.5122333,627602540.5758606,33661487.8556385,984947206.7109545,4070500577.3472276,0,25,0
Z3,23,6, 4K,65864.0,0.017396,3786157.737411,3874352.0,1.0,2,4.497059,7380912.071845,7380912.071845,319047203.5122333,627602540.5758606,33661487.8556385,984947206.7109545,4070500577.3472276,0,25,0
Z3,24,6, 4K,82512.0,0.010305,8006986.899563,8251200.0,1.0,2,4.497059,8225077.904275,8225077.904275,319047203.5122333,627602540.5758606,33661487.8556385,984947206.7109545,4070500577.3472276,0,25,0
Z3,25,6, 4K,102240.0,0.022003,4646639.094669,4647272.0,1.0,2,4.497059,7553008.343297,7553008.343297,319047203.5122333,627602540.5758606,33661487.8556385,984947206.7109545,4070500577.3472276,0,25,0
Z3,26,6, 4K,69304.0,0.021468,3228246.692752,3300184.0,1.0,2,4.497059,7269329.862913,7269329.862913,319047203.5122333,627602540.5758606,33661487.8556385,984947206.7109545,4070500577.3472276,0,25,0
Z3,27,6, 4K,73800.0,0.02066,3572120.038722,3690000.0,1.0,2,4.497059,7338104.532107,7338104.532107,319047203.5122333,627602540.5758606,33661487.8556385,984947206.7109545,4070500577.3472276,0,25,0
Z3,28,6, 4K,59424.0,0.007592,7827186.512118,8489136.0,1.0,2,4.497059,8189117.826786,8189117.826786,319047203.5122333,627602540.5758606,33661487.8556385,984947206.7109545,4070500577.3472276,0,25,0
Z3,29,6, 4K,38896.0,0.010101,3850707.850708,3889600.0,1.0,2,4.497059,7393822.094504,7393822.094504,319047203.5122333,627602540.5758606,33661487.8556385,984947206.7109545,4070500577.3472276,0,25,0
Z3,30,6, 4K,30224.0,0.011745,2573350.361856,2747632.0,1.0,2,4.497059,7138350.596734,7138350.596734,319047203.5122333,627602540.5758606,33661487.8556385,984947206.7109545,4070500577.3472276,0,25,0
Z3,31,6, 4K,34568.0,0.003818,9053954.950236,11522664.0,1.0,2,4.497059,8434471.51441,8434471.51441,319047203.5122333,627602540.5758606,33661487.8556385,984947206.7109545,4070500577.3472276,0,25,0
Z3,32,6, 4K,62896.0,0.002753,22846349.436978,31448000.0,1.0,2,4.497059,11192950.411758,11192950.411758,319047203.5122333,627602540.5758606,33661487.8556385,984947206.7109545,4070500577.3472276,0,25,0
Z3,33,6, 4K,50288.0,0.018947,2654140.497176,2793776.0,1.0,2,4.497059,7154508.623798,7154508.623798,319047203.5122333,627602540.5758606,33661487.8556385,984947206.7109545,4070500577.3472276,0,25,0
Z3,34,6, 4K,37280.0,0.021875,1704228.571429,1775232.0,1.0,2,4.497059,6964526.238648,6964526.238648,319047203.5122333,627602540.5758606,33661487.8556385,984947206.7109545,4070500577.3472276,0,25,0
Z3,35,6, 4K,26840.0,0.005287,5076602.988462,5368000.0,1.0,2,4.497059,7639001.122055,7639001.122055,319047203.5122333,627602540.5758606,33661487.8556385,984947206.7109545,4070500577.3472276,0,25,0
Z3,36,6, 4K,30408.0,0.000977,31123848.515865,30408000.0,1.0,2,4.497059,12848450.227536,12848450.227536,319047203.5122333,627602540.5758606,33661487.8556385,984947206.7109545,4070500577.3472276,0,25,0
Z3,37,6, 4K,24136.0,0.014692,1642798.802069,1724000.0,1.0,2,4.497059,6952240.284777,6952240.284777,319047203.5122333,627602540.5758606,33661487.8556385,984947206.7109545,4070500577.3472276,0,25,0
Z3,38,6, 4K,21376.0,0.022929,932269.178769,971632.0,1.0,2,4.497059,6810134.360117,6810134.360117,319047203.5122333,627602540.5758606,33661487.8556385,984947206.7109545,4070500577.3472276,0,25,0
Z1,0,7, 4K,33008.0,0.032517,1015099.793954,1031496.0,1.327099,2,5.16996,4600008.779001,4600008.779001,319047203.5122333,627602540.5758606,33661487.8556385,984947206.7109545,4070500577.3472276,0,25,0
Z2,0,7, 4K,11888.0,0.299475,39696.134903,39752.0,1.327099,2,5.16996,4404928.047191,4404928.047191,319047203.5122333,627602540.5758606,33661487.8556385,984947206.7109545,4070500577.3472276,0,25,0
Z2,1,7, 4K,40440.0,0.020832,1941244.239631,2022000.0,1.327099,2,5.16996,4785237.668137,4785237.668137,319047203.5122333,627602540.5758606,33661487.8556385,984947206.7109545,4070500577.3472276,0,25,0
Z2,2,7, 4K,30824.0,0.026031,1184126.618263,1185536.0,1.327099,2,5.16996,4633814.143863,4633814.143863,319047203.5122333,627602540.5758606,33661487.8556385,984947206.7109545,4070500577.3472276,0,25,0
Z2,3,7, 4K,76304.0,0.020747,3677832.939702,3815200.0,1.327099,2,5.16996,5132555.408151,5132555.408151,319047203.5122333,627602540.5758606,33661487.8556385,984947206.7109545,4070500577.3472276,0,25,0
Z2,4,7, 4K,40368.0,0.017049,2367763.505191,2374584.0,1.327099,2,5.16996,4870541.521249,4870541.521249,319047203.5122333,627602540.5758606,33661487.8556385,984947206.7109545,4070500577.3472276,0,25,0
Z2,5,7, 4K,46048.0,0.023558,1954665.081925,2002080.0,1.327099,2,5.16996,4787921.836596,4787921.836596,319047203.5122333,627602540.5758606,33661487.8556385,984947206.7109545,4070500577.3472276,0,25,0
Z2,6,7, 4K,66864.0,0.014296,4677112.479015,4776000.0,1.327099,2,5.16996,5332411.316014,5332411.316014,319047203.5122333,627602540.5758606,33661487.8556385,984947206.7109545,4070500577.3472276,0,25,0
Z2,7,7, 4K,21440.0,0.001015,21123152.70936,21440000.0,1.327099,2,5.16996,8621619.362082,8621619.362082,319047203.5122333,627602540.5758606,33661487.8556385,984947206.7109545,4070500577.3472276,0,25,0
Z3,0,7, 4K,6624.0,0.040966,161695.0642,165600.0,1.327099,2,5.16996,4429327.83305,4429327.83305,319047203.5122333,627602540.5758606,33661487.8556385,984947206.7109545,4070500577.3472276,0,25,0
Z3,1,7, 4K,12288.0,0.016688,736337.488015,768000.0,1.327099,2,5.16996,4544256.317814,4544256.317814,319047203.5122333,627602540.5758606,33661487.8556385,984947206.7109545,4070500577.3472276,0,25,0
Z3,2,7, 4K,12288.0,0.000938,13100213.219616,12288000.0,1.327099,2,5.16996,7017031.464134,7017031.464134,319047203.5122333,627602540.5758606,33661487.8556385,984947206.7109545,4070500577.3472276,0,25,0
Z3,3,7, 4K,12304.0,0.003446,3570516.540917,4101328.0,1.327099,2,5.16996,5111092.128394,5111092.128394,319047203.5122333,627602540.5758606,33661487.8556385,984947206.7109545,4070500577.3472276,0,25,0
Z3,4,7, 4K,11832.0,0.001039,11387872.954764,11832000.0,1.327099,2,5.16996,6674563.411163,6674563.411163,319047203.5122333,627602540.5758606,33661487.8556385,984947206.7109545,4070500577.3472276,0,25,0
Z3,5,7, 4K,12664.0,0.000858,14759906.759907,12664000.0,1.327099,2,5.16996,7348970.172192,7348970.172192,319047203.5122333,627602540.5758606,33661487.8556385,984947206.7109545,4070500577.3472276,0,25,0
Z3,6,7, 4K,11360.0,0.000897,12664437.012263,11360000.0,1.327099,2,5.16996,6929876.222663,6929876.222663,319047203.5122333,627602540.5758606,33661487.8556385,984947206.7109545,4070500577.3472276,0,25,0
Z3,7,7, 4K,11624.0,0.004891,2376610.100184,2906000.0,1.327099,2,5.16996,4872310.840247,4872310.840247,319047203.5122333,627602540.5758606,33661487.8556385,984947206.7109545,4070500577.3472276,0,25,0
Z3,8,7, 4K,12008.0,0.018795,638893.322692,667104.0,1.327099,2,5.16996,4524767.484749,4524767.484749,319047203.5122333,627602540.5758606,33661487.8556385,984947206.7109545,4070500577.3472276,0,25,0
Z3,9,7, 4K,11744.0,0.000999,11755755.755756,11744000.0,1.327099,2,5.16996,6748139.971362,6748139.971362,319047203.5122333,627602540.5758606,33661487.8556385,984947206.7109545,4070500577.3472276,0,25,0
Z3,10,7, 4K,11584.0,0.016864,686907.020873,724000.0,1.327099,2,5.16996,4534370.224385,4534370.224385,319047203.5122333,627602540.5758606,33661487.8556385,984947206.7109545,4070500577.3472276,0,25,0
Z3,11,7, 4K,11528.0,0.017322,665512.065581,678112.0,1.327099,2,5.16996,4530091.233327,4530091.233327,319047203.5122333,627602540.5758606,33661487.8556385,984947206.7109545,4070500577.3472276,0,25,0
Z3,12,7, 4K,32448.0,0.022306,1454675.871963,1474904.0,1.327099,2,5.16996,4687923.994603,4687923.994603,319047203.5122333,627602540.5758606,33661487.8556385,984947206.7109545,4070500577.3472276,0,25,0
Z3,13,7, 4K,29808.0,0.000984,30292682.926829,29808000.0,1.327099,2,5.16996,10455525.405576,10455525.405576,319047203.5122333,627602540.5758606,33661487.8556385,984947206.7109545,4070500577.3472276,0,25,0
Z3,14,7, 4K,26008.0,0.02254,1153859.804791,1182176.0,1.327099,2,5.16996,4627760.781169,4627760.781169,319047203.5122333,627602540.5758606,33661487.8556385,984947206.7109545,4070500577.3472276,0,25,0
Z3,15,7, 4K,43712.0,0.02344,1864846.416382,1900520.0,1.327099,2,5.16996,4769958.103487,4769958.103487,319047203.5122333,627602540.5758606,33661487.8556385,984947206.7109545,4070500577.3472276,0,25,0
Z3,16,7, 4K,42976.0,0.014691,2925328.432374,3069712.0,1.327099,2,5.16996,4982054.506685,4982054.506685,319047203.5122333,627602540.5758606,33661487.8556385,984947206.7109545,4070500577.3472276,0,25,0
Z3,17,7, 4K,80888.0,0.012099,6685511.199273,6740664.0,1.327099,2,5.16996,5734091.060065,5734091.060065,319047203.5122333,627602540.5758606,33661487.8556385,984947206.7109545,4070500577.3472276,0,25,0
Z3,18,7, 4K,51248.0,0.013769,3721984.167332,3942152.0,1.327099,2,5.16996,5141385.653677,5141385.653677,319047203.5122333,627602540.5758606,33661487.8556385,984947206.7109545,4070500577.3472276,0,25,0
Z3,19,7, 4K,29472.0,0.016345,1803120.220251,1842000.0,1.327099,2,5.16996,4757612.864261,4757612.864261,319047203.5122333,627602540.5758606,33661487.8556385,984947206.7109545,4070500577.3472276,0,25,0
Z3,20,7, 4K,23856.0,0.022114,1078773.627566,1084360.0,1.327099,2,5.16996,4612743.545724,4612743.545724,319047203.5122333,627602540.5758606,33661487.8556385,984947206.7109545,4070500577.3472276,0,25,0
Z3,21,7, 4K,78816.0,0.029541,2668020.71697,2717792.0,1.327099,2,5.16996,4930592.963604,4930592.963604,319047203.5122333,627602540.5758606,33661487.8556385,984947206.7109545,4070500577.3472276,0,25,0
Z3,22,7, 4K,66288.0,0.017332,3824601.892453,3899288.0,1.327099,2,5.16996,5161909.198701,5161909.198701,319047203.5122333,627602540.5758606,33661487.8556385,984947206.7109545,4070500577.3472276,0,25,0
Z3,23,7, 4K,69920.0,0.02211,3162369.96834,3178176.0,1.327099,2,5.16996,5029462.813879,5029462.813879,319047203.5122333,627602540.5758606,33661487.8556385,984947206.7109545,4070500577.3472276,0,25,0
Z3,24,7, 4K,81944.0,0.003621,22630212.64844,27314664.0,1.327099,2,5.16996,8923031.349898,8923031.349898,319047203.5122333,627602540.5758606,33661487.8556385,984947206.7109545,4070500577.3472276,0,25,0
Z3,25,7, 4K,102376.0,0.002384,42942953.020134,51188000.0,1.327099,2,5.16996,12985579.424237,12985579.424237,319047203.5122333,627602540.5758606,33661487.8556385,984947206.7109545,4070500577.3472276,0,25,0
Z3,26,7, 4K,76792.0,0.002668,28782608.695652,38396000.0,1.327099,2,5.16996,10153510.559341,10153510.559341,319047203.5122333,627602540.5758606,33661487.8556385,984947206.7109545,4070500577.3472276,0,25,0
Z3,27,7, 4K,81072.0,0.035952,2255006.675567,2316336.0,1.327099,2,5.16996,4847990.155324,4847990.155324,319047203.5122333,627602540.5758606,33661487.8556385,984947206.7109545,4070500577.3472276,0,25,0
Z3,28,7, 4K,62656.0,0.013193,4749185.173956,4819688.0,1.327099,2,5.16996,5346825.855002,5346825.855002,319047203.5122333,627602540.5758606,33661487.8556385,984947206.7109545,4070500577.3472276,0,25,0
Z3,29,7, 4K,41248.0,0.022416,1840114.20414,1874904.0,1.327099,2,5.16996,4765011.661039,4765011.661039,319047203.5122333,627602540.5758606,33661487.8556385,984947206.7109545,4070500577.3472276,0,25,0
Z3,30,7, 4K,51888.0,0.004757,10907714.946395,12972000.0,1.327099,2,5.16996,6578531.809489,6578531.809489,319047203.5122333,627602540.5758606,33661487.8556385,984947206.7109545,4070500577.3472276,0,25,0
Z3,31,7, 4K,60864.0,0.052053,1169269.782721,1170456.0,1.327099,2,5.16996,4630842.776755,4630842.776755,319047203.5122333,627602540.5758606,33661487.8556385,984947206.7109545,4070500577.3472276,0,25,0
Z3,32,7, 4K,30224.0,0.02377,1271518.721077,1314080.0,1.327099,2,5.16996,4651292.564426,4651292.564426,319047203.5122333,627602540.5758606,33661487.8556385,984947206.7109545,4070500577.3472276,0,25,0
Z3,33,7, 4K,29312.0,0.011631,2520161.637005,2664720.0,1.327099,2,5.16996,4901021.147611,4901021.147611,319047203.5122333,627602540.5758606,33661487.8556385,984947206.7109545,4070500577.3472276,0,25,0
Z3,34,7, 4K,25728.0,0.036578,703373.612554,714664.0,1.327099,2,5.16996,4537663.542721,4537663.542721,319047203.5122333,627602540.5758606,33661487.8556385,984947206.7109545,4070500577.3472276,0,25,0
Z3,35,7, 4K,27640.0,0.020592,1342268.842269,1382000.0,1.327099,2,5.16996,4665442.588664,4665442.588664,319047203.5122333,627602540.5758606,33661487.8556385,984947206.7109545,4070500577.3472276,0,25,0
Z3,36,7, 4K,32608.0,0.027709,1176801.761161,1207696.0,1.327099,2,5.16996,4632349.172443,4632349.172443,319047203.5122333,627602540.5758606,33661487.8556385,984947206.7109545,4070500577.3472276,0,25,0
Z3,37,7, 4K,25080.0,0.000994,25231388.32998,25080000.0,1.327099,2,5.16996,9443266.486207,9443266.486207,319047203.5122333,627602540.5758606,33661487.8556385,984947206.7109545,4070500577.3472276,0,25,0
Z3,38,7, 4K,21912.0,0.00546,4013186.813187,4382400.0,1.327099,2,5.16996,5199626.182848,5199626.182848,319047203.5122333,627602540.5758606,33661487.8556385,984947206.7109545,4070500577.3472276,0,25,0
Z1,0,8, 4K,99296.0,0.083599,1187765.403892,1196336.0,1.259956,2,6.237103,4402453.546465,4402453.546465,319047203.5122333,627602540.5758606,33661487.8556385,984947206.7109545,4070500577.3472276,0,25,0
Z2,0,8, 4K,6624.0,0.055937,118418.935588,120432.0,1.259956,2,6.237103,4188584.252804,4188584.252804,319047203.5122333,627602540.5758606,33661487.8556385,984947206.7109545,4070500577.3472276,0,25,0
Z2,1,8, 4K,12736.0,0.012338,1032258.064516,1061328.0,1.259956,2,6.237103,4371352.07859,4371352.07859,319047203.5122333,627602540.5758606,33661487.8556385,984947206.7109545,4070500577.3472276,0,25,0
Z2,2,8, 4K,12272.0,0.000942,13027600.849257,12272000.0,1.259956,2,6.237103,6770420.635538,6770420.635538,319047203.5122333,627602540.5758606,33661487.8556385,984947206.7109545,4070500577.3472276,0,25,0
Z2,3,8, 4K,46672.0,0.022436,2080228.204671,2121448.0,1.259956,2,6.237103,4580946.106621,4580946.106621,319047203.5122333,627602540.5758606,33661487.8556385,984947206.7109545,4070500577.3472276,0,25,0
Z2,4,8, 4K,116120.0,0.021346,5439895.062307,5529520.0,1.259956,2,6.237103,5252879.478148,5252879.478148,319047203.5122333,627602540.5758606,33661487.8556385,984947206.7109545,4070500577.3472276,0,25,0
Z2,5,8, 4K,109880.0,0.02393,4591725.867112,4777384.0,1.259956,2,6.237103,5083245.639109,5083245.639109,319047203.5122333,627602540.5758606,33661487.8556385,984947206.7109545,4070500577.3472276,0,25,0
Z2,6,8, 4K,81552.0,0.003677,22178950.231167,27184000.0,1.259956,2,6.237103,8600690.51192,8600690.51192,319047203.5122333,627602540.5758606,33661487.8556385,984947206.7109545,4070500577.3472276,0,25,0
Z2,7,8, 4K,48376.0,0.015669,3087369.966175,3225064.0,1.259956,2,6.237103,4782374.458921,4782374.458921,319047203.5122333,627602540.5758606,33661487.8556385,984947206.7109545,4070500577.3472276,0,25,0
Z3,0,8, 4K,13168.0,0.03343,393897.69668,399024.0,1.259956,2,6.237103,4243680.005022,4243680.005022,319047203.5122333,627602540.5758606,33661487.8556385,984947206.7109545,4070500577.3472276,0,25,0
Z3,1,8, 4K,12440.0,0.000976,12745901.639344,12440000.0,1.259956,2,6.237103,6714080.793555,6714080.793555,319047203.5122333,627602540.5758606,33661487.8556385,984947206.7109545,4070500577.3472276,0,25,0
Z3,2,8, 4K,12288.0,0.015603,787540.857527,819200.0,1.259956,2,6.237103,4322408.637192,4322408.637192,319047203.5122333,627602540.5758606,33661487.8556385,984947206.7109545,4070500577.3472276,0,25,0
Z3,3,8, 4K,13040.0,0.01461,892539.356605,931424.0,1.259956,2,6.237103,4343408.337007,4343408.337007,319047203.5122333,627602540.5758606,33661487.8556385,984947206.7109545,4070500577.3472276,0,25,0
Z3,4,8, 4K,11984.0,0.012257,977727.013135,998664.0,1.259956,2,6.237103,4360445.868313,4360445.868313,319047203.5122333,627602540.5758606,33661487.8556385,984947206.7109545,4070500577.3472276,0,25,0
Z3,5,8, 4K,12736.0,0.019508,652860.364978,670312.0,1.259956,2,6.237103,4295472.538682,4295472.538682,319047203.5122333,627602540.5758606,33661487.8556385,984947206.7109545,4070500577.3472276,0,25,0
Z3,6,8, 4K,12728.0,0.025227,504538.787807,509120.0,1.259956,2,6.237103,4265808.223248,4265808.223248,319047203.5122333,627602540.5758606,33661487.8556385,984947206.7109545,4070500577.3472276,0,25,0
Z3,7,8, 4K,13416.0,0.000991,13537840.565086,13416000.0,1.259956,2,6.237103,6872468.578703,6872468.578703,319047203.5122333,627602540.5758606,33661487.8556385,984947206.7109545,4070500577.3472276,0,25,0
Z3,8,8, 4K,12296.0,0.016339,752555.235939,768496.0,1.259956,2,6.237103,4315411.512874,4315411.512874,319047203.5122333,627602540.5758606,33661487.8556385,984947206.7109545,4070500577.3472276,0,25,0
Z3,9,8, 4K,12368.0,0.023523,525783.275943,537736.0,1.259956,2,6.237103,4270057.120875,4270057.120875,319047203.5122333,627602540.5758606,33661487.8556385,984947206.7109545,4070500577.3472276,0,25,0
Z3,10,8, 4K,47728.0,0.017903,2665921.912529,2807528.0,1.259956,2,6.237103,4698084.848192,4698084.848192,319047203.5122333,627602540.5758606,33661487.8556385,984947206.7109545,4070500577.3472276,0,25,0
Z3,11,8, 4K,36848.0,0.020213,1822985.20754,1842400.0,1.259956,2,6.237103,4529497.507194,4529497.507194,319047203.5122333,627602540.5758606,33661487.8556385,984947206.7109545,4070500577.3472276,0,25,0
Z3,12,8, 4K,37200.0,0.000956,38912133.891213,37200000.0,1.259956,2,6.237103,11947327.243929,11947327.243929,319047203.5122333,627602540.5758606,33661487.8556385,984947206.7109545,4070500577.3472276,0,25,0
Z3,13,8, 4K,36304.0,0.012003,3024577.189036,3025328.0,1.259956,2,6.237103,4769815.903494,4769815.903494,319047203.5122333,627602540.5758606,33661487.8556385,984947206.7109545,4070500577.3472276,0,25,0
Z3,14,8, 4K,72440.0,0.013121,5520920.661535,5572304.0,1.259956,2,6.237103,5269084.597993,5269084.597993,319047203.5122333,627602540.5758606,33661487.8556385,984947206.7109545,4070500577.3472276,0,25,0
Z3,15,8, 4K,94656.0,0.019957,4742997.444506,4981888.0,1.259956,2,6.237103,5113499.954587,5113499.954587,319047203.5122333,627602540.5758606,33661487.8556385,984947206.7109545,4070500577.3472276,0,25,0
Z3,16,8, 4K,126944.0,0.01074,11819739.292365,12694400.0,1.259956,2,6.237103,6528848.324159,6528848.324159,319047203.5122333,627602540.5758606,33661487.8556385,984947206.7109545,4070500577.3472276,0,25,0
Z3,17,8, 4K,91896.0,0.01815,5063140.495868,5105328.0,1.259956,2,6.237103,5177528.56486,5177528.56486,319047203.5122333,627602540.5758606,33661487.8556385,984947206.7109545,4070500577.3472276,0,25,0
Z3,18,8, 4K,51968.0,0.007682,6764904.972663,7424000.0,1.259956,2,6.237103,5517881.460219,5517881.460219,319047203.5122333,627602540.5758606,33661487.8556385,984947206.7109545,4070500577.3472276,0,25,0
Z3,19,8, 4K,33024.0,0.008548,3863359.850257,4128000.0,1.259956,2,6.237103,4937572.435738,4937572.435738,319047203.5122333,627602540.5758606,33661487.8556385,984947206.7109545,4070500577.3472276,0,25,0
Z3,20,8, 4K,47048.0,0.016369,2874213.452257,2940496.0,1.259956,2,6.237103,4739743.156138,4739743.156138,319047203.5122333,627602540.5758606,33661487.8556385,984947206.7109545,4070500577.3472276,0,25,0
Z3,21,8, 4K,183840.0,0.023669,7767121.551396,7993040.0,1.259956,2,6.237103,5718324.775966,5718324.775966,319047203.5122333,627602540.5758606,33661487.8556385,984947206.7109545,4070500577.3472276,0,25,0
Z3,22,8, 4K,154184.0,0.012555,12280684.986061,12848664.0,1.259956,2,6.237103,6621037.462899,6621037.462899,319047203.5122333,627602540.5758606,33661487.8556385,984947206.7109545,4070500577.3472276,0,25,0
Z3,23,8, 4K,155104.0,0.018468,8398527.182153,8616888.0,1.259956,2,6.237103,5844605.902117,5844605.902117,319047203.5122333,627602540.5758606,33661487.8556385,984947206.7109545,4070500577.3472276,0,25,0
Z3,24,8, 4K,164936.0,0.032816,5026084.836665,5154248.0,1.259956,2,6.237103,5170117.433019,5170117.433019,319047203.5122333,627602540.5758606,33661487.8556385,984947206.7109545,4070500577.3472276,0,25,0
Z3,25,8, 4K,148008.0,0.051643,2865983.773212,2902112.0,1.259956,2,6.237103,4738097.220329,4738097.220329,319047203.5122333,627602540.5758606,33661487.8556385,984947206.7109545,4070500577.3472276,0,25,0
Z3,26,8, 4K,158128.0,0.031829,4968048.006535,5100896.0,1.259956,2,6.237103,5158510.066993,5158510.066993,319047203.5122333,627602540.5758606,33661487.8556385,984947206.7109545,4070500577.3472276,0,25,0
Z3,27,8, 4K,212408.0,0.040908,5192334.017796,5310200.0,1.259956,2,6.237103,5203367.269246,5203367.269246,319047203.5122333,627602540.5758606,33661487.8556385,984947206.7109545,4070500577.3472276,0,25,0
Z3,28,8, 4K,148464.0,0.055715,2664704.298663,2699344.0,1.259956,2,6.237103,4697841.325419,4697841.325419,319047203.5122333,627602540.5758606,33661487.8556385,984947206.7109545,4070500577.3472276,0,25,0
Z3,29,8, 4K,105600.0,0.020835,5068394.528438,5280000.0,1.259956,2,6.237103,5178579.371374,5178579.371374,319047203.5122333,627602540.5758606,33661487.8556385,984947206.7109545,4070500577.3472276,0,25,0
Z3,30,8, 4K,74800.0,0.025499,2933448.370524,2992000.0,1.259956,2,6.237103,4751590.139791,4751590.139791,319047203.5122333,627602540.5758606,33661487.8556385,984947206.7109545,4070500577.3472276,0,25,0
Z3,31,8, 4K,60904.0,0.017204,3540106.951872,3582584.0,1.259956,2,6.237103,4872921.856061,4872921.856061,319047203.5122333,627602540.5758606,33661487.8556385,984947206.7109545,4070500577.3472276,0,25,0
Z3,32,8, 4K,56704.0,0.026067,2175317.451183,2180920.0,1.259956,2,6.237103,4599963.955923,4599963.955923,319047203.5122333,627602540.5758606,33661487.8556385,984947206.7109545,4070500577.3472276,0,25,0
Z3,33,8, 4K,77872.0,0.035437,2197477.213082,2224912.0,1.259956,2,6.237103,4604395.908303,4604395.908303,319047203.5122333,627602540.5758606,33661487.8556385,984947206.7109545,4070500577.3472276,0,25,0
Z3,34,8, 4K,87632.0,0.029926,2928289.781461,3021792.0,1.259956,2,6.237103,4750558.421979,4750558.421979,319047203.5122333,627602540.5758606,33661487.8556385,984947206.7109545,4070500577.3472276,0,25,0
Z3,35,8, 4K,57472.0,0.020301,2830993.547116,2873600.0,1.259956,2,6.237103,4731099.17511,4731099.17511,319047203.5122333,627602540.5758606,33661487.8556385,984947206.7109545,4070500577.3472276,0,25,0
Z3,36,8, 4K,71616.0,0.012917,5544321.436866,5968000.0,1.259956,2,6.237103,5273764.75306,5273764.75306,319047203.5122333,627602540.5758606,33661487.8556385,984947206.7109545,4070500577.3472276,0,25,0
Z3,37,8, 4K,59800.0,0.053873,1110018.005309,1128296.0,1.259956,2,6.237103,4386904.066748,4386904.066748,319047203.5122333,627602540.5758606,33661487.8556385,984947206.7109545,4070500577.3472276,0,25,0
Z3,38,8, 4K,54240.0,0.023402,2317750.619605,2358256.0,1.259956,2,6.237103,4628450.589607,4628450.589607,319047203.5122333,627602540.5758606,33661487.8556385,984947206.7109545,4070500577.3472276,0,25,0
Z1,0,9, 4K,65080.0,0.022479,2895146.581254,2958176.0,1.17203,2,7.325029,2774760.069457,2774760.069457,319047203.5122333,627602540.5758606,33661487.8556385,984947206.7109545,4070500577.3472276,0,25,0
Z2,0,9, 4K,6624.0,0.041349,160197.344555,161560.0,1.17203,2,7.325029,2227770.222118,2227770.222118,319047203.5122333,627602540.5758606,33661487.8556385,984947206.7109545,4070500577.3472276,0,25,0
Z2,1,9, 4K,12720.0,0.020072,633718.612993,636000.0,1.17203,2,7.325029,2322474.475805,2322474.475805,319047203.5122333,627602540.5758606,33661487.8556385,984947206.7109545,4070500577.3472276,0,25,0
Z2,2,9, 4K,12808.0,0.000867,14772779.700115,12808000.0,1.17203,2,7.325029,5150286.69323,5150286.69323,319047203.5122333,627602540.5758606,33661487.8556385,984947206.7109545,4070500577.3472276,0,25,0
Z2,3,9, 4K,11704.0,0.000799,14648310.387985,11704000.0,1.17203,2,7.325029,5125392.830804,5125392.830804,319047203.5122333,627602540.5758606,33661487.8556385,984947206.7109545,4070500577.3472276,0,25,0
Z2,4,9, 4K,46808.0,0.0009,52008888.888889,46808000.0,1.17203,2,7.325029,12597508.530984,12597508.530984,319047203.5122333,627602540.5758606,33661487.8556385,984947206.7109545,4070500577.3472276,0,25,0
Z2,5,9, 4K,62864.0,0.00113,55631858.40708,62864000.0,1.17203,2,7.325029,13322102.434622,13322102.434622,319047203.5122333,627602540.5758606,33661487.8556385,984947206.7109545,4070500577.3472276,0,25,0
Z2,6,9, 4K,144400.0,0.023483,6149129.157263,6278256.0,1.17203,2,7.325029,3425556.584659,3425556.584659,319047203.5122333,627602540.5758606,33661487.8556385,984947206.7109545,4070500577.3472276,0,25,0
Z2,7,9, 4K,143784.0,0.002431,59146030.440148,71892000.0,1.17203,2,7.325029,14024936.841236,14024936.841236,319047203.5122333,627602540.5758606,33661487.8556385,984947206.7109545,4070500577.3472276,0,25,0
Z3,0,9, 4K,13352.0,0.052219,255692.372508,256768.0,1.17203,2,7.325029,2246869.227708,2246869.227708,319047203.5122333,627602540.5758606,33661487.8556385,984947206.7109545,4070500577.3472276,0,25,0
Z3,1,9, 4K,19152.0,0.018494,1035579.106737,1064000.0,1.17203,2,7.325029,2402846.574554,2402846.574554,319047203.5122333,627602540.5758606,33661487.8556385,984947206.7109545,4070500577.3472276,0,25,0
Z3,2,9, 4K,15048.0,0.000879,17119453.924915,15048000.0,1.17203,2,7.325029,5619621.538189,5619621.538189,319047203.5122333,627602540.5758606,33661487.8556385,984947206.7109545,4070500577.3472276,0,25,0
Z3,3,9, 4K,13656.0,0.000985,13863959.390863,13656000.0,1.17203,2,7.325029,4968522.631379,4968522.631379,319047203.5122333,627602540.5758606,33661487.8556385,984947206.7109545,4070500577.3472276,0,25,0
Z3,4,9, 4K,15568.0,0.015777,986752.868099,1037864.0,1.17203,2,7.325029,2393081.326826,2393081.326826,319047203.5122333,627602540.5758606,33661487.8556385,984947206.7109545,4070500577.3472276,0,25,0
Z3,5,9, 4K,19992.0,0.000934,21404710.920771,19992000.0,1.17203,2,7.325029,6476672.937361,6476672.937361,319047203.5122333,627602540.5758606,33661487.8556385,984947206.7109545,4070500577.3472276,0,25,0
Z3,6,9, 4K,43816.0,0.022147,1978416.941346,1991632.0,1.17203,2,7.325029,2591414.141476,2591414.141476,319047203.5122333,627602540.5758606,33661487.8556385,984947206.7109545,4070500577.3472276,0,25,0
Z3,7,9, 4K,32640.0,0.001132,28833922.261484,32640000.0,1.17203,2,7.325029,7962515.205503,7962515.205503,319047203.5122333,627602540.5758606,33661487.8556385,984947206.7109545,4070500577.3472276,0,25,0
Z3,8,9, 4K,13112.0,0.001016,12905511.811024,13112000.0,1.17203,2,7.325029,4776833.115411,4776833.115411,319047203.5122333,627602540.5758606,33661487.8556385,984947206.7109545,4070500577.3472276,0,25,0
Z3,9,9, 4K,56456.0,0.024105,2342086.704003,2352328.0,1.17203,2,7.325029,2664148.094007,2664148.094007,319047203.5122333,627602540.5758606,33661487.8556385,984947206.7109545,4070500577.3472276,0,25,0
Z3,10,9, 4K,42936.0,0.022547,1904288.818912,1951632.0,1.17203,2,7.325029,2576588.516989,2576588.516989,319047203.5122333,627602540.5758606,33661487.8556385,984947206.7109545,4070500577.3472276,0,25,0
Z3,11,9, 4K,49664.0,0.001095,45355251.141553,49664000.0,1.17203,2,7.325029,11266780.981517,11266780.981517,319047203.5122333,627602540.5758606,33661487.8556385,984947206.7109545,4070500577.3472276,0,25,0
Z3,12,9, 4K,55832.0,0.022162,2519267.21415,2537816.0,1.17203,2,7.325029,2699584.196037,2699584.196037,319047203.5122333,627602540.5758606,33661487.8556385,984947206.7109545,4070500577.3472276,0,25,0
Z3,13,9, 4K,101440.0,0.024627,4119056.320299,4226664.0,1.17203,2,7.325029,3019542.017266,3019542.017266,319047203.5122333,627602540.5758606,33661487.8556385,984947206.7109545,4070500577.3472276,0,25,0
Z3,14,9, 4K,127064.0,0.013996,9078593.883967,9774152.0,1.17203,2,7.325029,4011449.53,4011449.53,319047203.5122333,627602540.5758606,33661487.8556385,984947206.7109545,4070500577.3472276,0,25,0
Z3,15,9, 4K,186256.0,0.038922,4785365.603001,4901472.0,1.17203,2,7.325029,3152803.873807,3152803.873807,319047203.5122333,627602540.5758606,33661487.8556385,984947206.7109545,4070500577.3472276,0,25,0
Z3,16,9, 4K,117264.0,0.034196,3429173.00269,3448936.0,1.17203,2,7.325029,2881565.353745,2881565.353745,319047203.5122333,627602540.5758606,33661487.8556385,984947206.7109545,4070500577.3472276,0,25,0
Z3,17,9, 4K,90064.0,0.045553,1977125.546067,2001416.0,1.17203,2,7.325029,2591155.86242,2591155.86242,319047203.5122333,627602540.5758606,33661487.8556385,984947206.7109545,4070500577.3472276,0,25,0
Z3,18,9, 4K,158280.0,0.037084,4268147.988351,4277832.0,1.17203,2,7.325029,3049360.350877,3049360.350877,319047203.5122333,627602540.5758606,33661487.8556385,984947206.7109545,4070500577.3472276,0,25,0
Z3,19,9, 4K,210712.0,0.024302,8670562.093655,8779664.0,1.17203,2,7.325029,3929843.171938,3929843.171938,319047203.5122333,627602540.5758606,33661487.8556385,984947206.7109545,4070500577.3472276,0,25,0
Z3,20,9, 4K,212696.0,0.021722,9791731.884725,10128376.0,1.17203,2,7.325029,4154077.130152,4154077.130152,319047203.5122333,627602540.5758606,33661487.8556385,984947206.7109545,4070500577.3472276,0,25,0
Z3,21,9, 4K,204264.0,0.045834,4456604.267574,4539200.0,1.17203,2,7.325029,3087051.606721,3087051.606721,319047203.5122333,627602540.5758606,33661487.8556385,984947206.7109545,4070500577.3472276,0,25,0
Z3,22,9, 4K,225960.0,0.044726,5052094.978312,5135448.0,1.17203,2,7.325029,3206149.748869,3206149.748869,319047203.5122333,627602540.5758606,33661487.8556385,984947206.7109545,4070500577.3472276,0,25,0
Z3,23,9, 4K,199056.0,0.083609,2380796.325754,2398264.0,1.17203,2,7.325029,2671890.018357,2671890.018357,319047203.5122333,627602540.5758606,33661487.8556385,984947206.7109545,4070500577.3472276,0,25,0
Z3,24,9, 4K,204104.0,0.049216,4147106.63199,4165384.0,1.17203,2,7.325029,3025152.079604,3025152.079604,319047203.5122333,627602540.5758606,33661487.8556385,984947206.7109545,4070500577.3472276,0,25,0
Z3,25,9, 4K,264656.0,0.050864,5203208.55615,5293120.0,1.17203,2,7.325029,3236372.464436,3236372.464436,319047203.5122333,627602540.5758606,33661487.8556385,984947206.7109545,4070500577.3472276,0,25,0
Z3,26,9, 4K,229440.0,0.065265,3515513.675017,3529840.0,1.17203,2,7.325029,2898833.48821,2898833.48821,319047203.5122333,627602540.5758606,33661487.8556385,984947206.7109545,4070500577.3472276,0,25,0
Z3,27,9, 4K,143136.0,0.03499,4090768.791083,4209880.0,1.17203,2,7.325029,3013884.511423,3013884.511423,319047203.5122333,627602540.5758606,33661487.8556385,984947206.7109545,4070500577.3472276,0,25,0
Z3,28,9, 4K,59784.0,0.04331,1380374.047564,1390320.0,1.17203,2,7.325029,2471805.562719,2471805.562719,319047203.5122333,627602540.5758606,33661487.8556385,984947206.7109545,4070500577.3472276,0,25,0
Z3,29,9, 4K,71424.0,0.031521,2265917.959456,2304000.0,1.17203,2,7.325029,2648914.345098,2648914.345098,319047203.5122333,627602540.5758606,33661487.8556385,984947206.7109545,4070500577.3472276,0,25,0
Z3,30,9, 4K,71768.0,0.023835,3011034.193413,3120344.0,1.17203,2,7.325029,2797937.591889,2797937.591889,319047203.5122333,627602540.5758606,33661487.8556385,984947206.7109545,4070500577.3472276,0,25,0
Z3,31,9, 4K,78016.0,0.012011,6495379.235701,6501328.0,1.17203,2,7.325029,3494806.600347,3494806.600347,319047203.5122333,627602540.5758606,33661487.8556385,984947206.7109545,4070500577.3472276,0,25,0
Z3,32,9, 4K,85112.0,0.004539,18751266.798854,21278000.0,1.17203,2,7.325029,5945984.112977,5945984.112977,319047203.5122333,627602540.5758606,33661487.8556385,984947206.7109545,4070500577.3472276,0,25,0
Z3,33,9, 4K,105792.0,0.031681,3339288.532559,3412640.0,1.17203,2,7.325029,2863588.459718,2863588.459718,319047203.5122333,627602540.5758606,33661487.8556385,984947206.7109545,4070500577.3472276,0,25,0
Z3,34,9, 4K,59104.0,0.006153,9605720.786608,9850664.0,1.17203,2,7.325029,4116874.910528,4116874.910528,319047203.5122333,627602540.5758606,33661487.8556385,984947206.7109545,4070500577.3472276,0,25,0
Z3,35,9, 4K,89744.0,0.016422,5464864.206552,5609000.0,1.17203,2,7.325029,3288703.594517,3288703.594517,319047203.5122333,627602540.5758606,33661487.8556385,984947206.7109545,4070500577.3472276,0,25,0
Z3,36,9, 4K,82576.0,0.013951,5919002.222063,6352000.0,1.17203,2,7.325029,3379531.197619,3379531.197619,319047203.5122333,627602540.5758606,33661487.8556385,984947206.7109545,4070500577.3472276,0,25,0
Z3,37,9, 4K,72616.0,0.014239,5099796.334012,5186856.0,1.17203,2,7.325029,3215690.020009,3215690.020009,319047203.5122333,627602540.5758606,33661487.8556385,984947206.7109545,4070500577.3472276,0,25,0
Z3,38,9, 4K,59624.0,0.010342,5765229.162638,5962400.0,1.17203,2,7.325029,3348776.585734,3348776.585734,319047203.5122333,627602540.5758606,33661487.8556385,984947206.7109545,4070500577.3472276,0,25,0
Z1,0,10, 4K,99416.0,0.043021,2310871.434881,2312000.0,1.045143,2,8.451916,3067861.441816,3067861.441816,319047203.5122333,627602540.5758606,33661487.8556385,984947206.7109545,4070500577.3472276,0,25,0
Z2,0,10, 4K,6624.0,0.052456,126277.260943,127384.0,1.045143,2,8.451916,2630942.607028,2630942.607028,319047203.5122333,627602540.5758606,33661487.8556385,984947206.7109545,4070500577.3472276,0,25,0
Z2,1,10, 4K,11896.0,0.002653,4483980.399548,5948000.0,1.045143,2,8.451916,3502483.234749,3502483.234749,319047203.5122333,627602540.5758606,33661487.8556385,984947206.7109545,4070500577.3472276,0,25,0
Z2,2,10, 4K,11408.0,0.005319,2144764.053393,2281600.0,1.045143,2,8.451916,3034639.965519,3034639.965519,319047203.5122333,627602540.5758606,33661487.8556385,984947206.7109545,4070500577.3472276,0,25,0
Z2,3,10, 4K,11528.0,0.000956,12058577.405858,11528000.0,1.045143,2,8.451916,5017402.636011,5017402.636011,319047203.5122333,627602540.5758606,33661487.8556385,984947206.7109545,4070500577.3472276,0,25,0
Z2,4,10, 4K,96624.0,0.020207,4781709.308655,4831200.0,1.045143,2,8.451916,3562029.016571,3562029.016571,319047203.5122333,627602540.5758606,33661487.8556385,984947206.7109545,4070500577.3472276,0,25,0
Z2,5,10, 4K,91896.0,0.020804,4417227.456258,4594800.0,1.045143,2,8.451916,3489132.646091,3489132.646091,319047203.5122333,627602540.5758606,33661487.8556385,984947206.7109545,4070500577.3472276,0,25,0
Z2,6,10, 4K,172656.0,0.010397,16606328.748678,17265600.0,1.045143,2,8.451916,5926952.904575,5926952.904575,319047203.5122333,627602540.5758606,33661487.8556385,984947206.7109545,4070500577.3472276,0,25,0
Z2,7,10, 4K,150256.0,0.013748,10929298.807099,11558152.0,1.045143,2,8.451916,4791546.91626,4791546.91626,319047203.5122333,627602540.5758606,33661487.8556385,984947206.7109545,4070500577.3472276,0,25,0
Z3,0,10, 4K,21424.0,0.039543,541789.950181,549328.0,1.045143,2,8.451916,2714045.144876,2714045.144876,319047203.5122333,627602540.5758606,33661487.8556385,984947206.7109545,4070500577.3472276,0,25,0
Z3,1,10, 4K,61888.0,0.007453,8303770.293841,8841136.0,1.045143,2,8.451916,4266441.213608,4266441.213608,319047203.5122333,627602540.5758606,33661487.8556385,984947206.7109545,4070500577.3472276,0,25,0
Z3,2,10, 4K,32688.0,0.000905,36119337.016575,32688000.0,1.045143,2,8.451916,9829554.558155,9829554.558155,319047203.5122333,627602540.5758606,33661487.8556385,984947206.7109545,4070500577.3472276,0,25,0
Z3,3,10, 4K,21168.0,0.013521,1565564.677169,1628304.0,1.045143,2,8.451916,2918800.090274,2918800.090274,319047203.5122333,627602540.5758606,33661487.8556385,984947206.7109545,4070500577.3472276,0,25,0
Z3,4,10, 4K,28472.0,0.003651,7798411.394139,9490664.0,1.045143,2,8.451916,4165369.433668,4165369.433668,319047203.5122333,627602540.5758606,33661487.8556385,984947206.7109545,4070500577.3472276,0,25,0
Z3,5,10, 4K,45352.0,0.003289,13788993.615081,15117328.0,1.045143,2,8.451916,5363485.877856,5363485.877856,319047203.5122333,627602540.5758606,33661487.8556385,984947206.7109545,4070500577.3472276,0,25,0
Z3,6,10, 4K,72936.0,0.017712,4117886.178862,4290352.0,1.045143,2,8.451916,3429264.390612,3429264.390612,319047203.5122333,627602540.5758606,33661487.8556385,984947206.7109545,4070500577.3472276,0,25,0
Z3,7,10, 4K,27848.0,0.000982,28358452.138493,27848000.0,1.045143,2,8.451916,8277377.582538,8277377.582538,319047203.5122333,627602540.5758606,33661487.8556385,984947206.7109545,4070500577.3472276,0,25,0
Z3,8,10, 4K,13192.0,0.016203,814170.215392,824496.0,1.045143,2,8.451916,2768521.197918,2768521.197918,319047203.5122333,627602540.5758606,33661487.8556385,984947206.7109545,4070500577.3472276,0,25,0
Z3,9,10, 4K,75360.0,0.007032,10716723.549488,10765712.0,1.045143,2,8.451916,4749031.864737,4749031.864737,319047203.5122333,627602540.5758606,33661487.8556385,984947206.7109545,4070500577.3472276,0,25,0
Z3,10,10, 4K,100176.0,0.021103,4747002.795811,4770280.0,1.045143,2,8.451916,3555087.714002,3555087.714002,319047203.5122333,627602540.5758606,33661487.8556385,984947206.7109545,4070500577.3472276,0,25,0
Z3,11,10, 4K,71264.0,0.019301,3692243.925185,3750736.0,1.045143,2,8.451916,3344135.939877,3344135.939877,319047203.5122333,627602540.5758606,33661487.8556385,984947206.7109545,4070500577.3472276,0,25,0
Z3,12,10, 4K,87864.0,0.025281,3475495.431352,3514560.0,1.045143,2,8.451916,3300786.24111,3300786.24111,319047203.5122333,627602540.5758606,33661487.8556385,984947206.7109545,4070500577.3472276,0,25,0
Z3,13,10, 4K,125616.0,0.008144,15424361.493124,15702000.0,1.045143,2,8.451916,5690559.453465,5690559.453465,319047203.5122333,627602540.5758606,33661487.8556385,984947206.7109545,4070500577.3472276,0,25,0
Z3,14,10, 4K,148008.0,0.007704,19211838.006231,21144000.0,1.045143,2,8.451916,6448054.756086,6448054.756086,319047203.5122333,627602540.5758606,33661487.8556385,984947206.7109545,4070500577.3472276,0,25,0
Z3,15,10, 4K,196960.0,0.018613,10581851.394187,10942216.0,1.045143,2,8.451916,4722057.433677,4722057.433677,319047203.5122333,627602540.5758606,33661487.8556385,984947206.7109545,4070500577.3472276,0,25,0
Z3,16,10, 4K,128568.0,0.0031,41473548.387097,42856000.0,1.045143,2,8.451916,10900396.832259,10900396.832259,319047203.5122333,627602540.5758606,33661487.8556385,984947206.7109545,4070500577.3472276,0,25,0
Z3,17,10, 4K,101392.0,0.029261,3465090.051605,3496272.0,1.045143,2,8.451916,3298705.165161,3298705.165161,319047203.5122333,627602540.5758606,33661487.8556385,984947206.7109545,4070500577.3472276,0,25,0
Z3,18,10, 4K,176696.0,0.037766,4678705.714134,4775560.0,1.045143,2,8.451916,3541428.297667,3541428.297667,319047203.5122333,627602540.5758606,33661487.8556385,984947206.7109545,4070500577.3472276,0,25,0
Z3,19,10, 4K,235888.0,0.051383,4590779.051437,4625248.0,1.045143,2,8.451916,3523842.965127,3523842.965127,319047203.5122333,627602540.5758606,33661487.8556385,984947206.7109545,4070500577.3472276,0,25,0
Z3,20,10, 4K,238056.0,0.061098,3896297.751154,3902552.0,1.045143,2,8.451916,3384946.705071,3384946.705071,319047203.5122333,627602540.5758606,33661487.8556385,984947206.7109545,4070500577.3472276,0,25,0
Z3,21,10, 4K,231240.0,0.05377,4300539.334201,4363016.0,1.045143,2,8.451916,3465795.02168,3465795.02168,319047203.5122333,627602540.5758606,33661487.8556385,984947206.7109545,4070500577.3472276,0,25,0
Z3,22,10, 4K,299680.0,0.228612,1310867.321051,1314384.0,1.045143,2,8.451916,2867860.61905,2867860.61905,319047203.5122333,627602540.5758606,33661487.8556385,984947206.7109545,4070500577.3472276,0,25,0
Z3,23,10, 4K,228120.0,0.040743,5598998.600987,5703000.0,1.045143,2,8.451916,3725486.875037,3725486.875037,319047203.5122333,627602540.5758606,33661487.8556385,984947206.7109545,4070500577.3472276,0,25,0
Z3,24,10, 4K,227320.0,0.08014,2836536.061892,2841496.0,1.045143,2,8.451916,3172994.367218,3172994.367218,319047203.5122333,627602540.5758606,33661487.8556385,984947206.7109545,4070500577.3472276,0,25,0
Z3,25,10, 4K,304072.0,0.066393,4579880.409079,4607144.0,1.045143,2,8.451916,3521663.236656,3521663.236656,319047203.5122333,627602540.5758606,33661487.8556385,984947206.7109545,4070500577.3472276,0,25,0
Z3,26,10, 4K,353400.0,0.089217,3961128.484482,3970784.0,1.045143,2,8.451916,3397912.851736,3397912.851736,319047203.5122333,627602540.5758606,33661487.8556385,984947206.7109545,4070500577.3472276,0,25,0
Z3,27,10, 4K,171632.0,0.044742,3836037.727415,3900720.0,1.045143,2,8.451916,3372894.700323,3372894.700323,319047203.5122333,627602540.5758606,33661487.8556385,984947206.7109545,4070500577.3472276,0,25,0
Z3,28,10, 4K,75936.0,0.015728,4828077.314344,5062400.0,1.045143,2,8.451916,3571302.617709,3571302.617709,319047203.5122333,627602540.5758606,33661487.8556385,984947206.7109545,4070500577.3472276,0,25,0
Z3,29,10, 4K,98848.0,0.026298,3758764.925089,3801840.0,1.045143,2,8.451916,3357440.139858,3357440.139858,319047203.5122333,627602540.5758606,33661487.8556385,984947206.7109545,4070500577.3472276,0,25,0
Z3,30,10, 4K,91496.0,0.04027,2272063.570896,2287400.0,1.045143,2,8.451916,3060099.869019,3060099.869019,319047203.5122333,627602540.5758606,33661487.8556385,984947206.7109545,4070500577.3472276,0,25,0
Z3,31,10, 4K,97576.0,0.033972,2872247.733428,2956848.0,1.045143,2,8.451916,3180136.701525,3180136.701525,319047203.5122333,627602540.5758606,33661487.8556385,984947206.7109545,4070500577.3472276,0,25,0
Z3,32,10, 4K,97704.0,0.01948,5015605.749487,5142312.0,1.045143,2,8.451916,3608808.304737,3608808.304737,319047203.5122333,627602540.5758606,33661487.8556385,984947206.7109545,4070500577.3472276,0,25,0
Z3,33,10, 4K,88320.0,0.02243,3937583.593402,4014544.0,1.045143,2,8.451916,3393203.87352,3393203.87352,319047203.5122333,627602540.5758606,33661487.8556385,984947206.7109545,4070500577.3472276,0,25,0
Z3,34,10, 4K,87440.0,0.024242,3606963.121855,3643328.0,1.045143,2,8.451916,3327079.779211,3327079.779211,319047203.5122333,627602540.5758606,33661487.8556385,984947206.7109545,4070500577.3472276,0,25,0
Z3,35,10, 4K,104440.0,0.020871,5004072.636673,5222000.0,1.045143,2,8.451916,3606501.682174,3606501.682174,319047203.5122333,627602540.5758606,33661487.8556385,984947206.7109545,4070500577.3472276,0,25,0
Z3,36,10, 4K,121960.0,0.046283,2635092.798652,2651304.0,1.045143,2,8.451916,3132705.71457,3132705.71457,319047203.5122333,627602540.5758606,33661487.8556385,984947206.7109545,4070500577.3472276,0,25,0
Z3,37,10, 4K,101328.0,0.043147,2348436.739518,2356464.0,1.045143,2,8.451916,3075374.502743,3075374.502743,319047203.5122333,627602540.5758606,33661487.8556385,984947206.7109545,4070500577.3472276,0,25,0
Z3,38,10, 4K,96152.0,0.04503,2135287.586054,2136704.0,1.045143,2,8.451916,3032744.672051,3032744.672051,319047203.5122333,627602540.5758606,33661487.8556385,984947206.7109545,4070500577.3472276,0,25,0
Z1,0,11, 4K,89648.0,0.05494,1631743.720422,1660144.0,1.0,2,9.962991,3172639.580381,3172639.580381,319047203.5122333,627602540.5758606,33661487.8556385,984947206.7109545,4070500577.3472276,0,25,0
Z2,0,11, 4K,6624.0,0.040981,161635.880042,165600.0,1.0,2,9.962991,2878618.012305,2878618.012305,319047203.5122333,627602540.5758606,33661487.8556385,984947206.7109545,4070500577.3472276,0,25,0
Z2,1,11, 4K,21080.0,0.000976,21598360.655738,21080000.0,1.0,2,9.962991,7165962.967444,7165962.967444,319047203.5122333,627602540.5758606,33661487.8556385,984947206.7109545,4070500577.3472276,0,25,0
Z2,2,11, 4K,15416.0,0.000988,15603238.866397,15416000.0,1.0,2,9.962991,5966938.609576,5966938.609576,319047203.5122333,627602540.5758606,33661487.8556385,984947206.7109545,4070500577.3472276,0,25,0
Z2,3,11, 4K,20560.0,0.000981,20958205.912334,20560000.0,1.0,2,9.962991,7037932.018764,7037932.018764,319047203.5122333,627602540.5758606,33661487.8556385,984947206.7109545,4070500577.3472276,0,25,0
Z2,4,11, 4K,90224.0,0.025308,3565038.722933,3608960.0,1.0,2,9.962991,3559298.580883,3559298.580883,319047203.5122333,627602540.5758606,33661487.8556385,984947206.7109545,4070500577.3472276,0,25,0
Z2,5,11, 4K,106528.0,0.02677,3979379.902876,4097224.0,1.0,2,9.962991,3642166.816872,3642166.816872,319047203.5122333,627602540.5758606,33661487.8556385,984947206.7109545,4070500577.3472276,0,25,0
Z2,6,11, 4K,265808.0,0.019001,13989158.465344,13989888.0,1.0,2,9.962991,5644122.529365,5644122.529365,319047203.5122333,627602540.5758606,33661487.8556385,984947206.7109545,4070500577.3472276,0,25,0
Z2,7,11, 4K,144872.0,0.03363,4307820.398454,4390056.0,1.0,2,9.962991,3707854.915987,3707854.915987,319047203.5122333,627602540.5758606,33661487.8556385,984947206.7109545,4070500577.3472276,0,25,0
Z3,0,11, 4K,30984.0,0.082262,376650.215166,377848.0,1.0,2,9.962991,2921620.87933,2921620.87933,319047203.5122333,627602540.5758606,33661487.8556385,984947206.7109545,4070500577.3472276,0,25,0
Z3,1,11, 4K,34936.0,0.001083,32258541.089566,34936000.0,1.0,2,9.962991,9297999.05421,9297999.05421,319047203.5122333,627602540.5758606,33661487.8556385,984947206.7109545,4070500577.3472276,0,25,0
Z3,2,11, 4K,27632.0,0.0165,1674666.666667,1727000.0,1.0,2,9.962991,3181224.16963,3181224.16963,319047203.5122333,627602540.5758606,33661487.8556385,984947206.7109545,4070500577.3472276,0,25,0
Z3,3,11, 4K,23520.0,0.020855,1127787.101415,1176000.0,1.0,2,9.962991,3071848.25658,3071848.25658,319047203.5122333,627602540.5758606,33661487.8556385,984947206.7109545,4070500577.3472276,0,25,0
Z3,4,11, 4K,31368.0,0.014998,2091478.863849,2240568.0,1.0,2,9.962991,3264586.609066,3264586.609066,319047203.5122333,627602540.5758606,33661487.8556385,984947206.7109545,4070500577.3472276,0,25,0
Z3,5,11, 4K,54312.0,0.010485,5179971.387697,5431200.0,1.0,2,9.962991,3882285.113836,3882285.113836,319047203.5122333,627602540.5758606,33661487.8556385,984947206.7109545,4070500577.3472276,0,25,0
Z3,6,11, 4K,40752.0,0.026076,1562816.382881,1567384.0,1.0,2,9.962991,3158854.112873,3158854.112873,319047203.5122333,627602540.5758606,33661487.8556385,984947206.7109545,4070500577.3472276,0,25,0
Z3,7,11, 4K,38360.0,0.004089,9381266.813402,9590000.0,1.0,2,9.962991,4722544.198977,4722544.198977,319047203.5122333,627602540.5758606,33661487.8556385,984947206.7109545,4070500577.3472276,0,25,0
Z3,8,11, 4K,36560.0,0.007814,4678781.673919,5222856.0,1.0,2,9.962991,3782047.17108,3782047.17108,319047203.5122333,627602540.5758606,33661487.8556385,984947206.7109545,4070500577.3472276,0,25,0
Z3,9,11, 4K,91920.0,0.020328,4521841.794569,4596000.0,1.0,2,9.962991,3750659.195211,3750659.195211,319047203.5122333,627602540.5758606,33661487.8556385,984947206.7109545,4070500577.3472276,0,25,0
Z3,10,11, 4K,138720.0,0.020329,6823749.323626,6936000.0,1.0,2,9.962991,4211040.701022,4211040.701022,319047203.5122333,627602540.5758606,33661487.8556385,984947206.7109545,4070500577.3472276,0,25,0
Z3,11,11, 4K,120856.0,0.0381,3172073.490814,3180416.0,1.0,2,9.962991,3480705.534459,3480705.534459,319047203.5122333,627602540.5758606,33661487.8556385,984947206.7109545,4070500577.3472276,0,25,0
Z3,12,11, 4K,114584.0,0.007846,14604129.492735,16369136.0,1.0,2,9.962991,5767116.734844,5767116.734844,319047203.5122333,627602540.5758606,33661487.8556385,984947206.7109545,4070500577.3472276,0,25,0
Z3,13,11, 4K,144272.0,0.021789,6621322.685759,6870088.0,1.0,2,9.962991,4170555.373448,4170555.373448,319047203.5122333,627602540.5758606,33661487.8556385,984947206.7109545,4070500577.3472276,0,25,0
Z3,14,11, 4K,138616.0,0.036077,3842226.349198,3850440.0,1.0,2,9.962991,3614736.106136,3614736.106136,319047203.5122333,627602540.5758606,33661487.8556385,984947206.7109545,4070500577.3472276,0,25,0
Z3,15,11, 4K,211528.0,0.067445,3136303.65483,3157128.0,1.0,2,9.962991,3473551.567263,3473551.567263,319047203.5122333,627602540.5758606,33661487.8556385,984947206.7109545,4070500577.3472276,0,25,0
Z3,16,11, 4K,135616.0,0.034237,3961094.722084,3988704.0,1.0,2,9.962991,3638509.780714,3638509.780714,319047203.5122333,627602540.5758606,33661487.8556385,984947206.7109545,4070500577.3472276,0,25,0
Z3,17,11, 4K,99488.0,0.009536,10432885.90604,11054216.0,1.0,2,9.962991,4932868.017505,4932868.017505,319047203.5122333,627602540.5758606,33661487.8556385,984947206.7109545,4070500577.3472276,0,25,0
Z3,18,11, 4K,207096.0,0.033379,6204379.999401,6275632.0,1.0,2,9.962991,4087166.836177,4087166.836177,319047203.5122333,627602540.5758606,33661487.8556385,984947206.7109545,4070500577.3472276,0,25,0
Z3,19,11, 4K,254456.0,0.042268,6020062.458598,6058472.0,1.0,2,9.962991,4050303.328016,4050303.328016,319047203.5122333,627602540.5758606,33661487.8556385,984947206.7109545,4070500577.3472276,0,25,0
Z3,20,11, 4K,295200.0,0.053048,5564771.527673,5569808.0,1.0,2,9.962991,3959245.141831,3959245.141831,319047203.5122333,627602540.5758606,33661487.8556385,984947206.7109545,4070500577.3472276,0,25,0
Z3,21,11, 4K,337696.0,0.05214,6476716.532413,6494152.0,1.0,2,9.962991,4141634.142779,4141634.142779,319047203.5122333,627602540.5758606,33661487.8556385,984947206.7109545,4070500577.3472276,0,25,0
Z3,22,11, 4K,372720.0,0.057252,6510165.583735,6538944.0,1.0,2,9.962991,4148323.953044,4148323.953044,319047203.5122333,627602540.5758606,33661487.8556385,984947206.7109545,4070500577.3472276,0,25,0
Z3,23,11, 4K,225672.0,0.04814,4687827.170752,4701496.0,1.0,2,9.962991,3783856.270447,3783856.270447,319047203.5122333,627602540.5758606,33661487.8556385,984947206.7109545,4070500577.3472276,0,25,0
Z3,24,11, 4K,265312.0,0.048725,5445089.789636,5527328.0,1.0,2,9.962991,3935308.794224,3935308.794224,319047203.5122333,627602540.5758606,33661487.8556385,984947206.7109545,4070500577.3472276,0,25,0
Z3,25,11, 4K,373248.0,0.0886,4212731.376975,4241448.0,1.0,2,9.962991,3688837.111692,3688837.111692,319047203.5122333,627602540.5758606,33661487.8556385,984947206.7109545,4070500577.3472276,0,25,0
Z3,26,11, 4K,513952.0,0.127305,4037170.574604,4046864.0,1.0,2,9.962991,3653724.951218,3653724.951218,319047203.5122333,627602540.5758606,33661487.8556385,984947206.7109545,4070500577.3472276,0,25,0
Z3,27,11, 4K,187144.0,0.029877,6263814.97473,6453240.0,1.0,2,9.962991,4099053.831243,4099053.831243,319047203.5122333,627602540.5758606,33661487.8556385,984947206.7109545,4070500577.3472276,0,25,0
Z3,28,11, 4K,96736.0,0.025822,3746262.876617,3869440.0,1.0,2,9.962991,3595543.41162,3595543.41162,319047203.5122333,627602540.5758606,33661487.8556385,984947206.7109545,4070500577.3472276,0,25,0
Z3,29,11, 4K,102392.0,0.028717,3565553.504893,3656856.0,1.0,2,9.962991,3559401.537275,3559401.537275,319047203.5122333,627602540.5758606,33661487.8556385,984947206.7109545,4070500577.3472276,0,25,0
Z3,30,11, 4K,91552.0,0.029267,3128164.82728,3156960.0,1.0,2,9.962991,3471923.801753,3471923.801753,319047203.5122333,627602540.5758606,33661487.8556385,984947206.7109545,4070500577.3472276,0,25,0
Z3,31,11, 4K,101968.0,0.024807,4110452.694804,4248664.0,1.0,2,9.962991,3668381.375257,3668381.375257,319047203.5122333,627602540.5758606,33661487.8556385,984947206.7109545,4070500577.3472276,0,25,0
Z3,32,11, 4K,107392.0,0.022053,4869722.94019,4881448.0,1.0,2,9.962991,3820235.424335,3820235.424335,319047203.5122333,627602540.5758606,33661487.8556385,984947206.7109545,4070500577.3472276,0,25,0
Z3,33,11, 4K,80560.0,0.025043,3216866.988779,3222400.0,1.0,2,9.962991,3489664.234053,3489664.234053,319047203.5122333,627602540.5758606,33661487.8556385,984947206.7109545,4070500577.3472276,0,25,0
Z3,34,11, 4K,93112.0,0.028415,3276860.812951,3325424.0,1.0,2,9.962991,3501662.998887,3501662.998887,319047203.5122333,627602540.5758606,33661487.8556385,984947206.7109545,4070500577.3472276,0,25,0
Z3,35,11, 4K,90024.0,0.018231,4937962.810597,5001328.0,1.0,2,9.962991,3833883.398416,3833883.398416,319047203.5122333,627602540.5758606,33661487.8556385,984947206.7109545,4070500577.3472276,0,25,0
Z3,36,11, 4K,76112.0,0.011196,6798142.193641,6919272.0,1.0,2,9.962991,4205919.275025,4205919.275025,319047203.5122333,627602540.5758606,33661487.8556385,984947206.7109545,4070500577.3472276,0,25,0
Z3,37,11, 4K,104384.0,0.025621,4074157.917333,4175360.0,1.0,2,9.962991,3661122.419763,3661122.419763,319047203.5122333,627602540.5758606,33661487.8556385,984947206.7109545,4070500577.3472276,0,25,0
Z3,38,11, 4K,148752.0,0.020664,7198606.271777,7437600.0,1.0,2,9.962991,4286012.090652,4286012.090652,319047203.5122333,627602540.5758606,33661487.8556385,984947206.7109545,4070500577.3472276,0,25,0
Z1,0,12, 4K,115864.0,0.070507,1643297.828584,1655200.0,1.0,2,11.454344,3812034.293732,3812034.293732,319047203.5122333,627602540.5758606,33661487.8556385,984947206.7109545,4070500577.3472276,0,25,0
Z2,0,12, 4K,6624.0,0.045391,145932.012954,147200.0,1.0,2,11.454344,3512561.130606,3512561.130606,319047203.5122333,627602540.5758606,33661487.8556385,984947206.7109545,4070500577.3472276,0,25,0
Z2,1,12, 4K,11424.0,0.006551,1743855.899863,1904000.0,1.0,2,11.454344,3832145.907987,3832145.907987,319047203.5122333,627602540.5758606,33661487.8556385,984947206.7109545,4070500577.3472276,0,25,0
Z2,2,12, 4K,11144.0,0.005186,2148862.321635,2228800.0,1.0,2,11.454344,3913147.192342,3913147.192342,319047203.5122333,627602540.5758606,33661487.8556385,984947206.7109545,4070500577.3472276,0,25,0
Z2,3,12, 4K,12184.0,0.000932,13072961.373391,12184000.0,1.0,2,11.454344,6097967.002693,6097967.002693,319047203.5122333,627602540.5758606,33661487.8556385,984947206.7109545,4070500577.3472276,0,25,0
Z2,4,12, 4K,141952.0,0.009853,14406982.64488,15772440.0,1.0,2,11.454344,6364771.256991,6364771.256991,319047203.5122333,627602540.5758606,33661487.8556385,984947206.7109545,4070500577.3472276,0,25,0
Z2,5,12, 4K,104480.0,0.018562,5628703.803469,5804440.0,1.0,2,11.454344,4609115.488709,4609115.488709,319047203.5122333,627602540.5758606,33661487.8556385,984947206.7109545,4070500577.3472276,0,25,0
Z2,6,12, 4K,439328.0,0.102857,4271250.376737,4307136.0,1.0,2,11.454344,4337624.803362,4337624.803362,319047203.5122333,627602540.5758606,33661487.8556385,984947206.7109545,4070500577.3472276,0,25,0
Z2,7,12, 4K,256424.0,0.095845,2675402.994418,2699200.0,1.0,2,11.454344,4018455.326898,4018455.326898,319047203.5122333,627602540.5758606,33661487.8556385,984947206.7109545,4070500577.3472276,0,25,0
Z3,0,12, 4K,20480.0,0.022284,919045.054748,930904.0,1.0,2,11.454344,3667183.738964,3667183.738964,319047203.5122333,627602540.5758606,33661487.8556385,984947206.7109545,4070500577.3472276,0,25,0
Z3,1,12, 4K,19496.0,0.000898,21710467.706013,19496000.0,1.0,2,11.454344,7825468.269217,7825468.269217,319047203.5122333,627602540.5758606,33661487.8556385,984947206.7109545,4070500577.3472276,0,25,0
Z3,2,12, 4K,41600.0,0.019484,2135085.198111,2189472.0,1.0,2,11.454344,3910391.767637,3910391.767637,319047203.5122333,627602540.5758606,33661487.8556385,984947206.7109545,4070500577.3472276,0,25,0
Z3,3,12, 4K,26232.0,0.001429,18356892.93212,26232000.0,1.0,2,11.454344,7154753.314439,7154753.314439,319047203.5122333,627602540.5758606,33661487.8556385,984947206.7109545,4070500577.3472276,0,25,0
Z3,4,12, 4K,35912.0,0.001044,34398467.43295,35912000.0,1.0,2,11.454344,10363068.214605,10363068.214605,319047203.5122333,627602540.5758606,33661487.8556385,984947206.7109545,4070500577.3472276,0,25,0
Z3,5,12, 4K,31912.0,0.011953,2669790.010876,2901088.0,1.0,2,11.454344,4017332.73019,4017332.73019,319047203.5122333,627602540.5758606,33661487.8556385,984947206.7109545,4070500577.3472276,0,25,0
Z3,6,12, 4K,19240.0,0.001003,19182452.642074,19240000.0,1.0,2,11.454344,7319865.256429,7319865.256429,319047203.5122333,627602540.5758606,33661487.8556385,984947206.7109545,4070500577.3472276,0,25,0
Z3,7,12, 4K,15136.0,0.01354,1117872.968981,1164304.0,1.0,2,11.454344,3706949.321811,3706949.321811,319047203.5122333,627602540.5758606,33661487.8556385,984947206.7109545,4070500577.3472276,0,25,0
Z3,8,12, 4K,11880.0,0.017994,660220.073358,698816.0,1.0,2,11.454344,3615418.742686,3615418.742686,319047203.5122333,627602540.5758606,33661487.8556385,984947206.7109545,4070500577.3472276,0,25,0
Z3,9,12, 4K,110704.0,0.020381,5431725.626809,5535200.0,1.0,2,11.454344,4569719.853377,4569719.853377,319047203.5122333,627602540.5758606,33661487.8556385,984947206.7109545,4070500577.3472276,0,25,0
Z3,10,12, 4K,129784.0,0.026369,4921840.03944,4991688.0,1.0,2,11.454344,4467742.735903,4467742.735903,319047203.5122333,627602540.5758606,33661487.8556385,984947206.7109545,4070500577.3472276,0,25,0
Z3,11,12, 4K,166568.0,0.003066,54327462.491846,55522664.0,1.0,2,11.454344,14348867.226384,14348867.226384,319047203.5122333,627602540.5758606,33661487.8556385,984947206.7109545,4070500577.3472276,0,25,0
Z3,12,12, 4K,122960.0,0.02447,5024928.483858,5123328.0,1.0,2,11.454344,4488360.424786,4488360.424786,319047203.5122333,627602540.5758606,33661487.8556385,984947206.7109545,4070500577.3472276,0,25,0
Z3,13,12, 4K,171640.0,0.019835,8653390.471389,9033680.0,1.0,2,11.454344,5214052.822293,5214052.822293,319047203.5122333,627602540.5758606,33661487.8556385,984947206.7109545,4070500577.3472276,0,25,0
Z3,14,12, 4K,164560.0,0.046695,3524146.054181,3577384.0,1.0,2,11.454344,4188203.938851,4188203.938851,319047203.5122333,627602540.5758606,33661487.8556385,984947206.7109545,4070500577.3472276,0,25,0
Z3,15,12, 4K,200832.0,0.041694,4816808.173838,4898336.0,1.0,2,11.454344,4446736.362782,4446736.362782,319047203.5122333,627602540.5758606,33661487.8556385,984947206.7109545,4070500577.3472276,0,25,0
Z3,16,12, 4K,163440.0,0.031668,5161045.850701,5272256.0,1.0,2,11.454344,4515583.898155,4515583.898155,319047203.5122333,627602540.5758606,33661487.8556385,984947206.7109545,4070500577.3472276,0,25,0
Z3,17,12, 4K,195408.0,0.078369,2493434.904107,2505224.0,1.0,2,11.454344,3982061.708836,3982061.708836,319047203.5122333,627602540.5758606,33661487.8556385,984947206.7109545,4070500577.3472276,0,25,0
Z3,18,12, 4K,214760.0,0.040522,5299837.125512,5369000.0,1.0,2,11.454344,4543342.153117,4543342.153117,319047203.5122333,627602540.5758606,33661487.8556385,984947206.7109545,4070500577.3472276,0,25,0
Z3,19,12, 4K,248576.0,0.040534,6132530.714955,6214400.0,1.0,2,11.454344,4709880.871006,4709880.871006,319047203.5122333,627602540.5758606,33661487.8556385,984947206.7109545,4070500577.3472276,0,25,0
Z3,20,12, 4K,345040.0,0.087075,3962561.010623,3965976.0,1.0,2,11.454344,4275886.930139,4275886.930139,319047203.5122333,627602540.5758606,33661487.8556385,984947206.7109545,4070500577.3472276,0,25,0
Z3,21,12, 4K,295296.0,0.074235,3977854.111942,3990480.0,1.0,2,11.454344,4278945.550403,4278945.550403,319047203.5122333,627602540.5758606,33661487.8556385,984947206.7109545,4070500577.3472276,0,25,0
Z3,22,12, 4K,385520.0,0.085245,4522493.987917,4535528.0,1.0,2,11.454344,4387873.525598,4387873.525598,319047203.5122333,627602540.5758606,33661487.8556385,984947206.7109545,4070500577.3472276,0,25,0
Z3,23,12, 4K,219952.0,0.034669,6344342.207736,6469176.0,1.0,2,11.454344,4752243.169562,4752243.169562,319047203.5122333,627602540.5758606,33661487.8556385,984947206.7109545,4070500577.3472276,0,25,0
Z3,24,12, 4K,323240.0,0.111539,2897999.80276,2912072.0,1.0,2,11.454344,4062974.688567,4062974.688567,319047203.5122333,627602540.5758606,33661487.8556385,984947206.7109545,4070500577.3472276,0,25,0
Z3,25,12, 4K,481656.0,0.171843,2802884.027863,2816696.0,1.0,2,11.454344,4043951.533587,4043951.533587,319047203.5122333,627602540.5758606,33661487.8556385,984947206.7109545,4070500577.3472276,0,25,0
Z3,26,12, 4K,552784.0,0.162261,3406758.247515,3412240.0,1.0,2,11.454344,4164726.377518,4164726.377518,319047203.5122333,627602540.5758606,33661487.8556385,984947206.7109545,4070500577.3472276,0,25,0
Z3,27,12, 4K,177168.0,0.073908,2397142.393246,2426952.0,1.0,2,11.454344,3962803.206664,3962803.206664,319047203.5122333,627602540.5758606,33661487.8556385,984947206.7109545,4070500577.3472276,0,25,0
Z3,28,12, 4K,80536.0,0.016526,4873290.572431,5033496.0,1.0,2,11.454344,4458032.842501,4458032.842501,319047203.5122333,627602540.5758606,33661487.8556385,984947206.7109545,4070500577.3472276,0,25,0
Z3,29,12, 4K,78928.0,0.033974,2323188.32048,2391752.0,1.0,2,11.454344,3948012.392111,3948012.392111,319047203.5122333,627602540.5758606,33661487.8556385,984947206.7109545,4070500577.3472276,0,25,0
Z3,30,12, 4K,90936.0,0.03668,2479171.210469,2526000.0,1.0,2,11.454344,3979208.970109,3979208.970109,319047203.5122333,627602540.5758606,33661487.8556385,984947206.7109545,4070500577.3472276,0,25,0
Z3,31,12, 4K,108688.0,0.037613,2889639.220482,2937512.0,1.0,2,11.454344,4061302.572111,4061302.572111,319047203.5122333,627602540.5758606,33661487.8556385,984947206.7109545,4070500577.3472276,0,25,0
Z3,32,12, 4K,106656.0,0.015747,6773099.638026,7110400.0,1.0,2,11.454344,4837994.65562,4837994.65562,319047203.5122333,627602540.5758606,33661487.8556385,984947206.7109545,4070500577.3472276,0,25,0
Z3,33,12, 4K,105120.0,0.015268,6884988.210637,7008000.0,1.0,2,11.454344,4860372.370142,4860372.370142,319047203.5122333,627602540.5758606,33661487.8556385,984947206.7109545,4070500577.3472276,0,25,0
Z3,34,12, 4K,114168.0,0.045891,2487808.066941,2537064.0,1.0,2,11.454344,3980936.341403,3980936.341403,319047203.5122333,627602540.5758606,33661487.8556385,984947206.7109545,4070500577.3472276,0,25,0
Z3,35,12, 4K,172408.0,0.032792,5257623.810686,5387744.0,1.0,2,11.454344,4534899.490152,4534899.490152,319047203.5122333,627602540.5758606,33661487.8556385,984947206.7109545,4070500577.3472276,0,25,0
Z3,36,12, 4K,121920.0,0.016562,7361429.779012,7620000.0,1.0,2,11.454344,4955660.683817,4955660.683817,319047203.5122333,627602540.5758606,33661487.8556385,984947206.7109545,4070500577.3472276,0,25,0
Z3,37,12, 4K,90808.0,0.018278,4968158.441843,5044888.0,1.0,2,11.454344,4477006.416383,4477006.416383,319047203.5122333,627602540.5758606,33661487.8556385,984947206.7109545,4070500577.3472276,0,25,0
Z3,38,12, 4K,97728.0,0.029465,3316748.68488,3369928.0,1.0,2,11.454344,4146724.464991,4146724.464991,319047203.5122333,627602540.5758606,33661487.8556385,984947206.7109545,4070500577.3472276,0,25,0
Z1,0,13, 4K,231376.0,0.070829,3266684.550114,3305368.0,1.0,2,13.380079,4336511.251093,4336511.251093,319047203.5122333,627602540.5758606,33661487.8556385,984947206.7109545,4070500577.3472276,0,25,0
Z2,0,13, 4K,6624.0,0.035149,188454.863581,189256.0,1.0,2,13.380079,3720865.313786,3720865.313786,319047203.5122333,627602540.5758606,33661487.8556385,984947206.7109545,4070500577.3472276,0,25,0
Z2,1,13, 4K,14096.0,0.000631,22339144.215531,14096000.0,1.0,2,13.380079,8151003.184176,8151003.184176,319047203.5122333,627602540.5758606,33661487.8556385,984947206.7109545,4070500577.3472276,0,25,0
Z2,2,13, 4K,12072.0,0.016017,753699.194606,754496.0,1.0,2,13.380079,3833914.179991,3833914.179991,319047203.5122333,627602540.5758606,33661487.8556385,984947206.7109545,4070500577.3472276,0,25,0
Z2,3,13, 4K,11568.0,0.009301,1243737.232556,1285328.0,1.0,2,13.380079,3931921.787581,3931921.787581,319047203.5122333,627602540.5758606,33661487.8556385,984947206.7109545,4070500577.3472276,0,25,0
Z2,4,13, 4K,265632.0,0.029237,9085473.88583,9159720.0,1.0,2,13.380079,5500269.118236,5500269.118236,319047203.5122333,627602540.5758606,33661487.8556385,984947206.7109545,4070500577.3472276,0,25,0
Z2,5,13, 4K,183344.0,0.042011,4364190.331104,4365328.0,1.0,2,13.380079,4556012.407291,4556012.407291,319047203.5122333,627602540.5758606,33661487.8556385,984947206.7109545,4070500577.3472276,0,25,0
Z2,6,13, 4K,344104.0,0.109712,3136429.925623,3156912.0,1.0,2,13.380079,4310460.326194,4310460.326194,319047203.5122333,627602540.5758606,33661487.8556385,984947206.7109545,4070500577.3472276,0,25,0
Z2,7,13, 4K,316392.0,0.081507,3881777.025286,3906072.0,1.0,2,13.380079,4459529.746127,4459529.746127,319047203.5122333,627602540.5758606,33661487.8556385,984947206.7109545,4070500577.3472276,0,25,0
Z3,0,13, 4K,18240.0,0.037712,483665.676708,492968.0,1.0,2,13.380079,3779907.476411,3779907.476411,319047203.5122333,627602540.5758606,33661487.8556385,984947206.7109545,4070500577.3472276,0,25,0
Z3,1,13, 4K,19120.0,0.021237,900315.487122,910472.0,1.0,2,13.380079,3863237.438494,3863237.438494,319047203.5122333,627602540.5758606,33661487.8556385,984947206.7109545,4070500577.3472276,0,25,0
Z3,2,13, 4K,17576.0,0.004686,3750746.905676,4394000.0,1.0,2,13.380079,4433323.722205,4433323.722205,319047203.5122333,627602540.5758606,33661487.8556385,984947206.7109545,4070500577.3472276,0,25,0
Z3,3,13, 4K,13752.0,0.001011,13602373.88724,13752000.0,1.0,2,13.380079,6403649.118518,6403649.118518,319047203.5122333,627602540.5758606,33661487.8556385,984947206.7109545,4070500577.3472276,0,25,0
Z3,4,13, 4K,20424.0,0.020515,995564.221301,1021200.0,1.0,2,13.380079,3882287.18533,3882287.18533,319047203.5122333,627602540.5758606,33661487.8556385,984947206.7109545,4070500577.3472276,0,25,0
Z3,5,13, 4K,31888.0,0.024813,1285132.793294,1328664.0,1.0,2,13.380079,3940200.899729,3940200.899729,319047203.5122333,627602540.5758606,33661487.8556385,984947206.7109545,4070500577.3472276,0,25,0
Z3,6,13, 4K,34824.0,0.025524,1364362.952515,1392960.0,1.0,2,13.380079,3956046.931573,3956046.931573,319047203.5122333,627602540.5758606,33661487.8556385,984947206.7109545,4070500577.3472276,0,25,0
Z3,7,13, 4K,27304.0,0.004236,6445703.493862,6826000.0,1.0,2,13.380079,4972315.039842,4972315.039842,319047203.5122333,627602540.5758606,33661487.8556385,984947206.7109545,4070500577.3472276,0,25,0
Z3,8,13, 4K,24832.0,0.016712,1485878.410723,1552000.0,1.0,2,13.380079,3980350.023214,3980350.023214,319047203.5122333,627602540.5758606,33661487.8556385,984947206.7109545,4070500577.3472276,0,25,0
Z3,9,13, 4K,102416.0,0.210556,486407.416554,487688.0,1.0,2,13.380079,3780455.824381,3780455.824381,319047203.5122333,627602540.5758606,33661487.8556385,984947206.7109545,4070500577.3472276,0,25,0
Z3,10,13, 4K,123344.0,0.029987,4113249.074599,4253240.0,1.0,2,13.380079,4505824.15599,4505824.15599,319047203.5122333,627602540.5758606,33661487.8556385,984947206.7109545,4070500577.3472276,0,25,0
Z3,11,13, 4K,125056.0,0.069284,1804976.617978,1812400.0,1.0,2,13.380079,4044169.664665,4044169.664665,319047203.5122333,627602540.5758606,33661487.8556385,984947206.7109545,4070500577.3472276,0,25,0
Z3,12,13, 4K,117608.0,0.028853,4076109.936575,4200280.0,1.0,2,13.380079,4498396.328385,4498396.328385,319047203.5122333,627602540.5758606,33661487.8556385,984947206.7109545,4070500577.3472276,0,25,0
Z3,13,13, 4K,166128.0,0.029587,5614898.435124,5728544.0,1.0,2,13.380079,4806154.028094,4806154.028094,319047203.5122333,627602540.5758606,33661487.8556385,984947206.7109545,4070500577.3472276,0,25,0
Z3,14,13, 4K,184040.0,0.051672,3561696.857099,3608624.0,1.0,2,13.380079,4395513.71249,4395513.71249,319047203.5122333,627602540.5758606,33661487.8556385,984947206.7109545,4070500577.3472276,0,25,0
Z3,15,13, 4K,326472.0,0.079082,4128271.920285,4132552.0,1.0,2,13.380079,4508828.725127,4508828.725127,319047203.5122333,627602540.5758606,33661487.8556385,984947206.7109545,4070500577.3472276,0,25,0
Z3,16,13, 4K,315832.0,0.138384,2282286.969592,2288632.0,1.0,2,13.380079,4139631.734988,4139631.734988,319047203.5122333,627602540.5758606,33661487.8556385,984947206.7109545,4070500577.3472276,0,25,0
Z3,17,13, 4K,278216.0,0.120444,2309919.962804,2318464.0,1.0,2,13.380079,4145158.333631,4145158.333631,319047203.5122333,627602540.5758606,33661487.8556385,984947206.7109545,4070500577.3472276,0,25,0
Z3,18,13, 4K,213632.0,0.066733,3201294.711762,3236848.0,1.0,2,13.380079,4323433.283422,4323433.283422,319047203.5122333,627602540.5758606,33661487.8556385,984947206.7109545,4070500577.3472276,0,25,0
Z3,19,13, 4K,248704.0,0.062726,3964926.824602,4011352.0,1.0,2,13.380079,4476159.70599,4476159.70599,319047203.5122333,627602540.5758606,33661487.8556385,984947206.7109545,4070500577.3472276,0,25,0
Z3,20,13, 4K,291920.0,0.093801,3112120.339868,3138920.0,1.0,2,13.380079,4305598.409043,4305598.409043,319047203.5122333,627602540.5758606,33661487.8556385,984947206.7109545,4070500577.3472276,0,25,0
Z3,21,13, 4K,272896.0,0.077701,3512129.831019,3544096.0,1.0,2,13.380079,4385600.307274,4385600.307274,319047203.5122333,627602540.5758606,33661487.8556385,984947206.7109545,4070500577.3472276,0,25,0
Z3,22,13, 4K,353984.0,0.067991,5206336.132723,5283336.0,1.0,2,13.380079,4724441.567614,4724441.567614,319047203.5122333,627602540.5758606,33661487.8556385,984947206.7109545,4070500577.3472276,0,25,0
Z3,23,13, 4K,187896.0,0.061794,3040683.561511,3080256.0,1.0,2,13.380079,4291311.053372,4291311.053372,319047203.5122333,627602540.5758606,33661487.8556385,984947206.7109545,4070500577.3472276,0,25,0
Z3,24,13, 4K,267712.0,0.089199,3001289.252122,3008000.0,1.0,2,13.380079,4283432.191494,4283432.191494,319047203.5122333,627602540.5758606,33661487.8556385,984947206.7109545,4070500577.3472276,0,25,0
Z3,25,13, 4K,360608.0,0.10146,3554188.842894,3570376.0,1.0,2,13.380079,4394012.109649,4394012.109649,319047203.5122333,627602540.5758606,33661487.8556385,984947206.7109545,4070500577.3472276,0,25,0
Z3,26,13, 4K,316984.0,0.101558,3121211.524449,3138448.0,1.0,2,13.380079,4307416.64596,4307416.64596,319047203.5122333,627602540.5758606,33661487.8556385,984947206.7109545,4070500577.3472276,0,25,0
Z3,27,13, 4K,217208.0,0.056019,3877398.739713,3878712.0,1.0,2,13.380079,4458654.089012,4458654.089012,319047203.5122333,627602540.5758606,33661487.8556385,984947206.7109545,4070500577.3472276,0,25,0
Z3,28,13, 4K,94808.0,0.031714,2989468.373589,3058320.0,1.0,2,13.380079,4281068.015788,4281068.015788,319047203.5122333,627602540.5758606,33661487.8556385,984947206.7109545,4070500577.3472276,0,25,0
Z3,29,13, 4K,89856.0,0.025117,3577497.312577,3594240.0,1.0,2,13.380079,4398673.803585,4398673.803585,319047203.5122333,627602540.5758606,33661487.8556385,984947206.7109545,4070500577.3472276,0,25,0
Z3,30,13, 4K,76680.0,0.012271,6248879.471926,6390000.0,1.0,2,13.380079,4932950.235455,4932950.235455,319047203.5122333,627602540.5758606,33661487.8556385,984947206.7109545,4070500577.3472276,0,25,0
Z3,31,13, 4K,75464.0,0.019073,3956587.846694,3971784.0,1.0,2,13.380079,4474491.910409,4474491.910409,319047203.5122333,627602540.5758606,33661487.8556385,984947206.7109545,4070500577.3472276,0,25,0
Z3,32,13, 4K,75568.0,0.023924,3158669.118876,3285560.0,1.0,2,13.380079,4314908.164845,4314908.164845,319047203.5122333,627602540.5758606,33661487.8556385,984947206.7109545,4070500577.3472276,0,25,0
Z3,33,13, 4K,53048.0,0.003843,13803799.115275,17682664.0,1.0,2,13.380079,6443934.164125,6443934.164125,319047203.5122333,627602540.5758606,33661487.8556385,984947206.7109545,4070500577.3472276,0,25,0
Z3,34,13, 4K,71632.0,0.011965,5986794.81822,6512000.0,1.0,2,13.380079,4880533.304714,4880533.304714,319047203.5122333,627602540.5758606,33661487.8556385,984947206.7109545,4070500577.3472276,0,25,0
Z3,35,13, 4K,124120.0,0.028218,4398610.815791,4432856.0,1.0,2,13.380079,4562896.504228,4562896.504228,319047203.5122333,627602540.5758606,33661487.8556385,984947206.7109545,4070500577.3472276,0,25,0
Z3,36,13, 4K,159576.0,0.033419,4775008.228852,4835632.0,1.0,2,13.380079,4638175.98684,4638175.98684,319047203.5122333,627602540.5758606,33661487.8556385,984947206.7109545,4070500577.3472276,0,25,0
Z3,37,13, 4K,162672.0,0.027227,5974657.50909,6024888.0,1.0,2,13.380079,4878105.842888,4878105.842888,319047203.5122333,627602540.5758606,33661487.8556385,984947206.7109545,4070500577.3472276,0,25,0
Z3,38,13, 4K,176832.0,0.039519,4474607.150991,4534152.0,1.0,2,13.380079,4578095.771268,4578095.771268,319047203.5122333,627602540.5758606,33661487.8556385,984947206.7109545,4070500577.3472276,0,25,0
Z1,0,14, 4K,310648.0,0.029844,10409060.447661,10712000.0,1.0,2,15.731726,5506862.028273,5506862.028273,319047203.5122333,627602540.5758606,33661487.8556385,984947206.7109545,4070500577.3472276,0,25,0
Z2,0,14, 4K,6624.0,0.075986,87173.953097,88320.0,1.0,2,15.731726,3442484.72936,3442484.72936,319047203.5122333,627602540.5758606,33661487.8556385,984947206.7109545,4070500577.3472276,0,25,0
Z2,1,14, 4K,65528.0,0.001548,42330749.354005,65528000.0,1.0,2,15.731726,11891199.809541,11891199.809541,319047203.5122333,627602540.5758606,33661487.8556385,984947206.7109545,4070500577.3472276,0,25,0
Z2,2,14, 4K,36464.0,0.006388,5708202.880401,6077328.0,1.0,2,15.731726,4566690.514821,4566690.514821,319047203.5122333,627602540.5758606,33661487.8556385,984947206.7109545,4070500577.3472276,0,25,0
Z2,3,14, 4K,26120.0,0.022705,1150407.399251,1187272.0,1.0,2,15.731726,3655131.418591,3655131.418591,319047203.5122333,627602540.5758606,33661487.8556385,984947206.7109545,4070500577.3472276,0,25,0
Z2,4,14, 4K,276584.0,0.020582,13438149.839666,13829200.0,1.0,2,15.731726,6112679.906674,6112679.906674,319047203.5122333,627602540.5758606,33661487.8556385,984947206.7109545,4070500577.3472276,0,25,0
Z2,5,14, 4K,275832.0,0.038831,7103396.770621,7258736.0,1.0,2,15.731726,4845729.292865,4845729.292865,319047203.5122333,627602540.5758606,33661487.8556385,984947206.7109545,4070500577.3472276,0,25,0
Z2,6,14, 4K,392736.0,0.100132,3922182.718811,3927360.0,1.0,2,15.731726,4209486.482503,4209486.482503,319047203.5122333,627602540.5758606,33661487.8556385,984947206.7109545,4070500577.3472276,0,25,0
Z2,7,14, 4K,324128.0,0.073774,4393526.174533,4440104.0,1.0,2,15.731726,4303755.173647,4303755.173647,319047203.5122333,627602540.5758606,33661487.8556385,984947206.7109545,4070500577.3472276,0,25,0
Z3,0,14, 4K,19944.0,0.045536,437983.134223,443200.0,1.0,2,15.731726,3512646.565585,3512646.565585,319047203.5122333,627602540.5758606,33661487.8556385,984947206.7109545,4070500577.3472276,0,25,0
Z3,1,14, 4K,27688.0,0.001135,24394713.656388,27688000.0,1.0,2,15.731726,8303992.670018,8303992.670018,319047203.5122333,627602540.5758606,33661487.8556385,984947206.7109545,4070500577.3472276,0,25,0
Z3,2,14, 4K,29160.0,0.000889,32800899.887514,29160000.0,1.0,2,15.731726,9985229.916243,9985229.916243,319047203.5122333,627602540.5758606,33661487.8556385,984947206.7109545,4070500577.3472276,0,25,0
Z3,3,14, 4K,17040.0,0.019228,886207.613896,896840.0,1.0,2,15.731726,3602291.46152,3602291.46152,319047203.5122333,627602540.5758606,33661487.8556385,984947206.7109545,4070500577.3472276,0,25,0
Z3,4,14, 4K,29288.0,0.016654,1758616.548577,1830496.0,1.0,2,15.731726,3776773.248456,3776773.248456,319047203.5122333,627602540.5758606,33661487.8556385,984947206.7109545,4070500577.3472276,0,25,0
Z3,5,14, 4K,29392.0,0.020605,1426449.890803,1469600.0,1.0,2,15.731726,3710339.916901,3710339.916901,319047203.5122333,627602540.5758606,33661487.8556385,984947206.7109545,4070500577.3472276,0,25,0
Z3,6,14, 4K,19864.0,0.001762,11273552.780931,19864000.0,1.0,2,15.731726,5679760.494927,5679760.494927,319047203.5122333,627602540.5758606,33661487.8556385,984947206.7109545,4070500577.3472276,0,25,0
Z3,7,14, 4K,46568.0,0.001084,42959409.594096,46568000.0,1.0,2,15.731726,12016931.85756,12016931.85756,319047203.5122333,627602540.5758606,33661487.8556385,984947206.7109545,4070500577.3472276,0,25,0
Z3,8,14, 4K,77848.0,0.012877,6045507.493982,6487328.0,1.0,2,15.731726,4634151.437537,4634151.437537,319047203.5122333,627602540.5758606,33661487.8556385,984947206.7109545,4070500577.3472276,0,25,0
Z3,9,14, 4K,121432.0,0.006016,20184840.425532,20238664.0,1.0,2,15.731726,7462018.023847,7462018.023847,319047203.5122333,627602540.5758606,33661487.8556385,984947206.7109545,4070500577.3472276,0,25,0
Z3,10,14, 4K,178104.0,0.027287,6527064.169751,6596440.0,1.0,2,15.731726,4730462.772691,4730462.772691,319047203.5122333,627602540.5758606,33661487.8556385,984947206.7109545,4070500577.3472276,0,25,0
Z3,11,14, 4K,144672.0,0.03473,4165620.501008,4255056.0,1.0,2,15.731726,4258174.038942,4258174.038942,319047203.5122333,627602540.5758606,33661487.8556385,984947206.7109545,4070500577.3472276,0,25,0
Z3,12,14, 4K,153792.0,0.031808,4835010.060362,4961032.0,1.0,2,15.731726,4392051.950813,4392051.950813,319047203.5122333,627602540.5758606,33661487.8556385,984947206.7109545,4070500577.3472276,0,25,0
Z3,13,14, 4K,193616.0,0.022383,8650136.264129,8800720.0,1.0,2,15.731726,5155077.191566,5155077.191566,319047203.5122333,627602540.5758606,33661487.8556385,984947206.7109545,4070500577.3472276,0,25,0
Z3,14,14, 4K,215184.0,0.041211,5221518.526607,5248384.0,1.0,2,15.731726,4469353.644062,4469353.644062,319047203.5122333,627602540.5758606,33661487.8556385,984947206.7109545,4070500577.3472276,0,25,0
Z3,15,14, 4K,391928.0,0.10186,3847712.546633,3880472.0,1.0,2,15.731726,4194592.448067,4194592.448067,319047203.5122333,627602540.5758606,33661487.8556385,984947206.7109545,4070500577.3472276,0,25,0
Z3,16,14, 4K,320024.0,0.295663,1082394.482908,1084824.0,1.0,2,15.731726,3641528.835322,3641528.835322,319047203.5122333,627602540.5758606,33661487.8556385,984947206.7109545,4070500577.3472276,0,25,0
Z3,17,14, 4K,268840.0,0.115117,2335363.152271,2337736.0,1.0,2,15.731726,3892122.569195,3892122.569195,319047203.5122333,627602540.5758606,33661487.8556385,984947206.7109545,4070500577.3472276,0,25,0
Z3,18,14, 4K,163384.0,0.050915,3208956.103309,3267680.0,1.0,2,15.731726,4066841.159402,4066841.159402,319047203.5122333,627602540.5758606,33661487.8556385,984947206.7109545,4070500577.3472276,0,25,0
Z3,19,14, 4K,193688.0,0.087141,2222696.549271,2226296.0,1.0,2,15.731726,3869589.248595,3869589.248595,319047203.5122333,627602540.5758606,33661487.8556385,984947206.7109545,4070500577.3472276,0,25,0
Z3,20,14, 4K,225432.0,0.065382,3447921.44627,3468184.0,1.0,2,15.731726,4114634.227994,4114634.227994,319047203.5122333,627602540.5758606,33661487.8556385,984947206.7109545,4070500577.3472276,0,25,0
Z3,21,14, 4K,248896.0,0.092897,2679268.437086,2705384.0,1.0,2,15.731726,3960903.626158,3960903.626158,319047203.5122333,627602540.5758606,33661487.8556385,984947206.7109545,4070500577.3472276,0,25,0
Z3,22,14, 4K,266808.0,0.086209,3094897.284506,3102416.0,1.0,2,15.731726,4044029.395642,4044029.395642,319047203.5122333,627602540.5758606,33661487.8556385,984947206.7109545,4070500577.3472276,0,25,0
Z3,23,14, 4K,164848.0,0.048085,3428262.451908,3434328.0,1.0,2,15.731726,4110702.429122,4110702.429122,319047203.5122333,627602540.5758606,33661487.8556385,984947206.7109545,4070500577.3472276,0,25,0
Z3,24,14, 4K,188952.0,0.050496,3741920.152091,3779040.0,1.0,2,15.731726,4173433.969159,4173433.969159,319047203.5122333,627602540.5758606,33661487.8556385,984947206.7109545,4070500577.3472276,0,25,0
Z3,25,14, 4K,335320.0,0.077151,4346281.966533,4354800.0,1.0,2,15.731726,4294306.332047,4294306.332047,319047203.5122333,627602540.5758606,33661487.8556385,984947206.7109545,4070500577.3472276,0,25,0
Z3,26,14, 4K,365224.0,0.08705,4195565.766801,4197976.0,1.0,2,15.731726,4264163.0921,4264163.0921,319047203.5122333,627602540.5758606,33661487.8556385,984947206.7109545,4070500577.3472276,0,25,0
Z3,27,14, 4K,211048.0,0.070691,2985500.275848,3014968.0,1.0,2,15.731726,4022149.99391,4022149.99391,319047203.5122333,627602540.5758606,33661487.8556385,984947206.7109545,4070500577.3472276,0,25,0
Z3,28,14, 4K,37424.0,0.001512,24751322.751323,37424000.0,1.0,2,15.731726,8375314.489005,8375314.489005,319047203.5122333,627602540.5758606,33661487.8556385,984947206.7109545,4070500577.3472276,0,25,0
Z3,29,14, 4K,36240.0,0.005408,6701183.431953,7248000.0,1.0,2,15.731726,4765286.625131,4765286.625131,319047203.5122333,627602540.5758606,33661487.8556385,984947206.7109545,4070500577.3472276,0,25,0
Z3,30,14, 4K,32904.0,0.00218,15093577.981651,16452000.0,1.0,2,15.731726,6443765.535071,6443765.535071,319047203.5122333,627602540.5758606,33661487.8556385,984947206.7109545,4070500577.3472276,0,25,0
Z3,31,14, 4K,33208.0,0.02877,1154257.907543,1186000.0,1.0,2,15.731726,3655901.520249,3655901.520249,319047203.5122333,627602540.5758606,33661487.8556385,984947206.7109545,4070500577.3472276,0,25,0
Z3,32,14, 4K,27104.0,0.001689,16047365.304914,27104000.0,1.0,2,15.731726,6634522.999723,6634522.999723,319047203.5122333,627602540.5758606,33661487.8556385,984947206.7109545,4070500577.3472276,0,25,0
Z3,33,14, 4K,27712.0,0.01285,2156575.875486,2309328.0,1.0,2,15.731726,3856365.113838,3856365.113838,319047203.5122333,627602540.5758606,33661487.8556385,984947206.7109545,4070500577.3472276,0,25,0
Z3,34,14, 4K,69480.0,0.017753,3913704.725962,4087056.0,1.0,2,15.731726,4207790.883933,4207790.883933,319047203.5122333,627602540.5758606,33661487.8556385,984947206.7109545,4070500577.3472276,0,25,0
Z3,35,14, 4K,104904.0,0.033704,3112508.901021,3178904.0,1.0,2,15.731726,4047551.718944,4047551.718944,319047203.5122333,627602540.5758606,33661487.8556385,984947206.7109545,4070500577.3472276,0,25,0
Z3,36,14, 4K,111104.0,0.041909,2651077.334224,2709848.0,1.0,2,15.731726,3955265.405585,3955265.405585,319047203.5122333,627602540.5758606,33661487.8556385,984947206.7109545,4070500577.3472276,0,25,0
Z3,37,14, 4K,102528.0,0.035301,2904393.64324,2929368.0,1.0,2,15.731726,4005928.667388,4005928.667388,319047203.5122333,627602540.5758606,33661487.8556385,984947206.7109545,4070500577.3472276,0,25,0
Z3,38,14, 4K,101856.0,0.012759,7983070.773572,8488000.0,1.0,2,15.731726,5021664.093455,5021664.093455,319047203.5122333,627602540.5758606,33661487.8556385,984947206.7109545,4070500577.3472276,0,25,0
Z1,0,15, 4K,278440.0,0.061138,4554287.022801,4564584.0,1.0,2,17.813675,5505463.980804,5505463.980804,319047203.5122333,627602540.5758606,33661487.8556385,984947206.7109545,4070500577.3472276,0,25,0
Z2,0,15, 4K,6624.0,0.032651,202872.806346,207000.0,1.0,2,17.813675,4635181.137513,4635181.137513,319047203.5122333,627602540.5758606,33661487.8556385,984947206.7109545,4070500577.3472276,0,25,0
Z2,1,15, 4K,92296.0,0.010779,8562575.37805,9229600.0,1.0,2,17.813675,6307121.651854,6307121.651854,319047203.5122333,627602540.5758606,33661487.8556385,984947206.7109545,4070500577.3472276,0,25,0
Z2,2,15, 4K,97816.0,0.012944,7556860.321384,8151328.0,1.0,2,17.813675,6105978.640521,6105978.640521,319047203.5122333,627602540.5758606,33661487.8556385,984947206.7109545,4070500577.3472276,0,25,0
Z2,3,15, 4K,40600.0,0.001676,24224343.675418,40600000.0,1.0,2,17.813675,9439475.311327,9439475.311327,319047203.5122333,627602540.5758606,33661487.8556385,984947206.7109545,4070500577.3472276,0,25,0
Z2,4,15, 4K,232152.0,0.067013,3464283.049558,3464952.0,1.0,2,17.813675,5287463.186155,5287463.186155,319047203.5122333,627602540.5758606,33661487.8556385,984947206.7109545,4070500577.3472276,0,25,0
Z2,5,15, 4K,255400.0,0.07795,3276459.268762,3316880.0,1.0,2,17.813675,5249898.429996,5249898.429996,319047203.5122333,627602540.5758606,33661487.8556385,984947206.7109545,4070500577.3472276,0,25,0
Z2,6,15, 4K,249784.0,0.051446,4855265.715508,4897720.0,1.0,2,17.813675,5565659.719345,5565659.719345,319047203.5122333,627602540.5758606,33661487.8556385,984947206.7109545,4070500577.3472276,0,25,0
Z2,7,15, 4K,288648.0,0.066913,4313780.580754,4373448.0,1.0,2,17.813675,5457362.692395,5457362.692395,319047203.5122333,627602540.5758606,33661487.8556385,984947206.7109545,4070500577.3472276,0,25,0
Z3,0,15, 4K,12608.0,0.052744,239041.407553,242456.0,1.0,2,17.813675,4642414.857755,4642414.857755,319047203.5122333,627602540.5758606,33661487.8556385,984947206.7109545,4070500577.3472276,0,25,0
Z3,1,15, 4K,14232.0,0.000904,15743362.831858,14232000.0,1.0,2,17.813675,7743279.142616,7743279.142616,319047203.5122333,627602540.5758606,33661487.8556385,984947206.7109545,4070500577.3472276,0,25,0
Z3,2,15, 4K,18288.0,0.012473,1466207.007135,1524000.0,1.0,2,17.813675,4887847.977671,4887847.977671,319047203.5122333,627602540.5758606,33661487.8556385,984947206.7109545,4070500577.3472276,0,25,0
Z3,3,15, 4K,17960.0,0.015589,1152094.425556,1197328.0,1.0,2,17.813675,4825025.461355,4825025.461355,319047203.5122333,627602540.5758606,33661487.8556385,984947206.7109545,4070500577.3472276,0,25,0
Z3,4,15, 4K,30136.0,0.013963,2158275.44224,2318152.0,1.0,2,17.813675,5026261.664692,5026261.664692,319047203.5122333,627602540.5758606,33661487.8556385,984947206.7109545,4070500577.3472276,0,25,0
Z3,5,15, 4K,38832.0,0.021535,1803204.086371,1849136.0,1.0,2,17.813675,4955247.393518,4955247.393518,319047203.5122333,627602540.5758606,33661487.8556385,984947206.7109545,4070500577.3472276,0,25,0
Z3,6,15, 4K,80120.0,0.022474,3565008.454214,3641816.0,1.0,2,17.813675,5307608.267087,5307608.267087,319047203.5122333,627602540.5758606,33661487.8556385,984947206.7109545,4070500577.3472276,0,25,0
Z3,7,15, 4K,115624.0,0.02301,5024945.675793,5027128.0,1.0,2,17.813675,5599595.711403,5599595.711403,319047203.5122333,627602540.5758606,33661487.8556385,984947206.7109545,4070500577.3472276,0,25,0
Z3,8,15, 4K,91976.0,0.002462,37358245.329001,45988000.0,1.0,2,17.813675,12066255.642044,12066255.642044,319047203.5122333,627602540.5758606,33661487.8556385,984947206.7109545,4070500577.3472276,0,25,0
Z3,9,15, 4K,131496.0,0.030805,4268657.685441,4383200.0,1.0,2,17.813675,5448338.113332,5448338.113332,319047203.5122333,627602540.5758606,33661487.8556385,984947206.7109545,4070500577.3472276,0,25,0
Z3,10,15, 4K,151608.0,0.030827,4918026.405424,5053600.0,1.0,2,17.813675,5578211.857329,5578211.857329,319047203.5122333,627602540.5758606,33661487.8556385,984947206.7109545,4070500577.3472276,0,25,0
Z3,11,15, 4K,133200.0,0.04455,2989898.989899,3027272.0,1.0,2,17.813675,5192586.374224,5192586.374224,319047203.5122333,627602540.5758606,33661487.8556385,984947206.7109545,4070500577.3472276,0,25,0
Z3,12,15, 4K,197848.0,0.04873,4060086.189206,4121832.0,1.0,2,17.813675,5406623.814085,5406623.814085,319047203.5122333,627602540.5758606,33661487.8556385,984947206.7109545,4070500577.3472276,0,25,0
Z3,13,15, 4K,216432.0,0.03445,6282496.371553,6365640.0,1.0,2,17.813675,5851105.850555,5851105.850555,319047203.5122333,627602540.5758606,33661487.8556385,984947206.7109545,4070500577.3472276,0,25,0
Z3,14,15, 4K,250032.0,0.095068,2630033.239366,2631912.0,1.0,2,17.813675,5120613.224117,5120613.224117,319047203.5122333,627602540.5758606,33661487.8556385,984947206.7109545,4070500577.3472276,0,25,0
Z3,15,15, 4K,238656.0,0.082644,2887759.546973,2910432.0,1.0,2,17.813675,5172158.485638,5172158.485638,319047203.5122333,627602540.5758606,33661487.8556385,984947206.7109545,4070500577.3472276,0,25,0
Z3,16,15, 4K,165160.0,0.044404,3719484.731105,3753632.0,1.0,2,17.813675,5338503.522465,5338503.522465,319047203.5122333,627602540.5758606,33661487.8556385,984947206.7109545,4070500577.3472276,0,25,0
Z3,17,15, 4K,167848.0,0.032047,5237557.33766,5245248.0,1.0,2,17.813675,5642118.043776,5642118.043776,319047203.5122333,627602540.5758606,33661487.8556385,984947206.7109545,4070500577.3472276,0,25,0
Z3,18,15, 4K,132104.0,0.065167,2027160.986389,2032368.0,1.0,2,17.813675,5000038.773522,5000038.773522,319047203.5122333,627602540.5758606,33661487.8556385,984947206.7109545,4070500577.3472276,0,25,0
Z3,19,15, 4K,143824.0,0.055662,2583881.283461,2614976.0,1.0,2,17.813675,5111382.832936,5111382.832936,319047203.5122333,627602540.5758606,33661487.8556385,984947206.7109545,4070500577.3472276,0,25,0
Z3,20,15, 4K,175072.0,0.040907,4279756.520889,4376800.0,1.0,2,17.813675,5450557.880422,5450557.880422,319047203.5122333,627602540.5758606,33661487.8556385,984947206.7109545,4070500577.3472276,0,25,0
Z3,21,15, 4K,170296.0,0.039704,4289139.633286,4366560.0,1.0,2,17.813675,5452434.502901,5452434.502901,319047203.5122333,627602540.5758606,33661487.8556385,984947206.7109545,4070500577.3472276,0,25,0
Z3,22,15, 4K,193376.0,0.064531,2996637.275108,3021496.0,1.0,2,17.813675,5193934.031266,5193934.031266,319047203.5122333,627602540.5758606,33661487.8556385,984947206.7109545,4070500577.3472276,0,25,0
Z3,23,15, 4K,150872.0,0.025269,5970635.957102,6034880.0,1.0,2,17.813675,5788733.767664,5788733.767664,319047203.5122333,627602540.5758606,33661487.8556385,984947206.7109545,4070500577.3472276,0,25,0
Z3,24,15, 4K,172416.0,0.035899,4802807.877657,4926168.0,1.0,2,17.813675,5555168.151775,5555168.151775,319047203.5122333,627602540.5758606,33661487.8556385,984947206.7109545,4070500577.3472276,0,25,0
Z3,25,15, 4K,210512.0,0.042767,4922299.904132,5012184.0,1.0,2,17.813675,5579066.55707,5579066.55707,319047203.5122333,627602540.5758606,33661487.8556385,984947206.7109545,4070500577.3472276,0,25,0
Z3,26,15, 4K,202256.0,0.025614,7896306.707269,8090240.0,1.0,2,17.813675,6173867.917698,6173867.917698,319047203.5122333,627602540.5758606,33661487.8556385,984947206.7109545,4070500577.3472276,0,25,0
Z3,27,15, 4K,207528.0,0.025485,8143143.025309,8301120.0,1.0,2,17.813675,6223235.181306,6223235.181306,319047203.5122333,627602540.5758606,33661487.8556385,984947206.7109545,4070500577.3472276,0,25,0
Z3,28,15, 4K,46288.0,0.010947,4228373.070248,4628800.0,1.0,2,17.813675,5440281.190293,5440281.190293,319047203.5122333,627602540.5758606,33661487.8556385,984947206.7109545,4070500577.3472276,0,25,0
Z3,29,15, 4K,38120.0,0.017977,2120487.289314,2242352.0,1.0,2,17.813675,5018704.034107,5018704.034107,319047203.5122333,627602540.5758606,33661487.8556385,984947206.7109545,4070500577.3472276,0,25,0
Z3,30,15, 4K,29864.0,0.001445,20667128.027682,29864000.0,1.0,2,17.813675,8728032.18178,8728032.18178,319047203.5122333,627602540.5758606,33661487.8556385,984947206.7109545,4070500577.3472276,0,25,0
Z3,31,15, 4K,29864.0,0.024107,1238810.304061,1244328.0,1.0,2,17.813675,4842368.637056,4842368.637056,319047203.5122333,627602540.5758606,33661487.8556385,984947206.7109545,4070500577.3472276,0,25,0
Z3,32,15, 4K,42832.0,0.015089,2838624.163298,2855464.0,1.0,2,17.813675,5162331.408903,5162331.408903,319047203.5122333,627602540.5758606,33661487.8556385,984947206.7109545,4070500577.3472276,0,25,0
Z3,33,15, 4K,53400.0,0.017747,3008959.26072,3141176.0,1.0,2,17.813675,5196398.428388,5196398.428388,319047203.5122333,627602540.5758606,33661487.8556385,984947206.7109545,4070500577.3472276,0,25,0
Z3,34,15, 4K,54248.0,0.010701,5069432.763293,5424800.0,1.0,2,17.813675,5608493.128903,5608493.128903,319047203.5122333,627602540.5758606,33661487.8556385,984947206.7109545,4070500577.3472276,0,25,0
Z3,35,15, 4K,56416.0,0.006014,9380778.184237,9402664.0,1.0,2,17.813675,6470762.213091,6470762.213091,319047203.5122333,627602540.5758606,33661487.8556385,984947206.7109545,4070500577.3472276,0,25,0
Z3,36,15, 4K,63392.0,0.021009,3017373.506592,3018664.0,1.0,2,17.813675,5198081.277562,5198081.277562,319047203.5122333,627602540.5758606,33661487.8556385,984947206.7109545,4070500577.3472276,0,25,0
Z3,37,15, 4K,78136.0,0.027708,2819979.789231,2893920.0,1.0,2,17.813675,5158602.53409,5158602.53409,319047203.5122333,627602540.5758606,33661487.8556385,984947206.7109545,4070500577.3472276,0,25,0
Z3,38,15, 4K,85200.0,0.007152,11912751.677852,12171424.0,1.0,2,17.813675,6977156.911814,6977156.911814,319047203.5122333,627602540.5758606,33661487.8556385,984947206.7109545,4070500577.3472276,0,25,0
