Zone, Tile_no, Seg_no, Reso, Seg_d_size, Seg_d_time, Bitrate, Bitrate1, Buf_lev, Buf_limit, Elapsed, Ref_vp, Local_avg
Z1, 0, 1, 720, 9960.000000, 0.635845, 15664.194890, 15680.000000, 1.000000, 2, 0.000060, 15664.194890, 15664.194890
Z2, 0, 1, 720, 8952.000000, 0.324832, 27558.861196, 27624.000000, 1.000000, 2, 0.000060, 13779.430598, 13779.430598
Z2, 1, 1, 720, 5424.000000, 0.100973, 53717.330375, 54240.000000, 1.000000, 2, 0.000060, 17905.776792, 17905.776792
Z2, 2, 1, 720, 7080.000000, 0.100916, 70157.358595, 70800.000000, 1.000000, 2, 0.000060, 17539.339649, 17539.339649
Z2, 3, 1, 720, 18976.000000, 0.101015, 187853.289115, 187880.000000, 1.000000, 2, 0.000060, 37570.657823, 37570.657823
Z2, 4, 1, 720, 8720.000000, 0.419890, 20767.343828, 20808.000000, 1.000000, 2, 0.000060, 4153.468766, 4153.468766
Z2, 5, 1, 720, 8336.000000, 0.100946, 82578.804509, 83360.000000, 1.000000, 2, 0.000060, 16515.760902, 16515.760902
Z2, 6, 1, 720, 6376.000000, 0.100900, 63191.278494, 63760.000000, 1.000000, 2, 0.000060, 12638.255699, 12638.255699
Z2, 7, 1, 720, 6872.000000, 0.100978, 68054.427697, 68720.000000, 1.000000, 2, 0.000060, 13610.885539, 13610.885539
Z3, 0, 1, 720, 7080.000000, 0.323457, 21888.535416, 21912.000000, 1.000000, 2, 0.000060, 4377.707083, 4377.707083
Z3, 1, 1, 720, 7080.000000, 0.100897, 70170.569987, 70800.000000, 1.000000, 2, 0.000060, 14034.113997, 14034.113997
Z3, 2, 1, 720, 5664.000000, 0.100884, 56143.689782, 56640.000000, 1.000000, 2, 0.000060, 11228.737956, 11228.737956
Z3, 3, 1, 720, 7080.000000, 0.100902, 70167.092823, 70800.000000, 1.000000, 2, 0.000060, 14033.418565, 14033.418565
Z3, 4, 1, 720, 7080.000000, 0.100920, 70154.577883, 70800.000000, 1.000000, 2, 0.000060, 14030.915577, 14030.915577
Z3, 5, 1, 720, 5664.000000, 0.100953, 56105.316335, 56640.000000, 1.000000, 2, 0.000060, 11221.063267, 11221.063267
Z3, 6, 1, 720, 7080.000000, 0.100943, 70138.593067, 70800.000000, 1.000000, 2, 0.000060, 14027.718613, 14027.718613
Z3, 7, 1, 720, 7080.000000, 0.100951, 70133.034839, 70800.000000, 1.000000, 2, 0.000060, 14026.606968, 14026.606968
Z3, 8, 1, 720, 5664.000000, 0.100954, 56104.760584, 56640.000000, 1.000000, 2, 0.000060, 11220.952117, 11220.952117
Z3, 9, 1, 720, 7080.000000, 0.100948, 70135.119071, 70800.000000, 1.000000, 2, 0.000060, 14027.023814, 14027.023814
Z3, 10, 1, 720, 12904.000000, 0.415514, 31055.511968, 31088.000000, 1.000000, 2, 0.000060, 6211.102394, 6211.102394
Z3, 11, 1, 720, 17344.000000, 0.100963, 171785.703674, 173440.000000, 1.000000, 2, 0.000060, 34357.140735, 34357.140735
Z3, 12, 1, 720, 16912.000000, 0.101194, 167124.533075, 167440.000000, 1.000000, 2, 0.000060, 33424.906615, 33424.906615
Z3, 13, 1, 720, 13240.000000, 0.100953, 131150.139174, 132400.000000, 1.000000, 2, 0.000060, 26230.027835, 26230.027835
Z3, 14, 1, 720, 28328.000000, 0.101125, 280128.553770, 280472.000000, 1.000000, 2, 0.000060, 56025.710754, 56025.710754
Z3, 15, 1, 720, 30528.000000, 0.101168, 301755.495809, 302256.000000, 1.000000, 2, 0.000060, 60351.099162, 60351.099162
Z3, 16, 1, 720, 16360.000000, 0.100884, 162166.448594, 163600.000000, 1.000000, 2, 0.000060, 32433.289719, 32433.289719
Z3, 17, 1, 720, 33216.000000, 0.101293, 327919.994471, 328864.000000, 1.000000, 2, 0.000060, 65583.998894, 65583.998894
Z3, 18, 1, 720, 28000.000000, 0.101014, 277189.300493, 277224.000000, 1.000000, 2, 0.000060, 55437.860099, 55437.860099
Z3, 19, 1, 720, 15744.000000, 0.101271, 155464.051900, 155880.000000, 1.000000, 2, 0.000060, 31092.810380, 31092.810380
Z3, 20, 1, 720, 16024.000000, 0.101045, 158582.809639, 158648.000000, 1.000000, 2, 0.000060, 31716.561928, 31716.561928
Z3, 21, 1, 720, 11576.000000, 0.420769, 27511.532456, 27560.000000, 1.000000, 2, 0.000060, 5502.306491, 5502.306491
Z3, 22, 1, 720, 10816.000000, 0.101009, 107079.567167, 107088.000000, 1.000000, 2, 0.000060, 21415.913433, 21415.913433
Z3, 23, 1, 720, 13224.000000, 0.100987, 130947.547704, 132240.000000, 1.000000, 2, 0.000060, 26189.509541, 26189.509541
Z3, 24, 1, 720, 17528.000000, 0.100915, 173690.729822, 175280.000000, 1.000000, 2, 0.000060, 34738.145964, 34738.145964
Z3, 25, 1, 720, 23824.000000, 0.101029, 235813.479298, 235880.000000, 1.000000, 2, 0.000060, 47162.695860, 47162.695860
Z3, 26, 1, 720, 11024.000000, 0.100970, 109180.944835, 110240.000000, 1.000000, 2, 0.000060, 21836.188967, 21836.188967
Z3, 27, 1, 720, 15112.000000, 0.100969, 149669.700601, 151120.000000, 1.000000, 2, 0.000060, 29933.940120, 29933.940120
Z3, 28, 1, 720, 24552.000000, 0.104946, 233948.888000, 236072.000000, 1.000000, 2, 0.000060, 46789.777600, 46789.777600
Z3, 29, 1, 720, 10824.000000, 0.101005, 107163.011732, 107168.000000, 1.000000, 2, 0.000060, 21432.602346, 21432.602346
Z3, 30, 1, 720, 6872.000000, 0.100902, 68105.686706, 68720.000000, 1.000000, 2, 0.000060, 13621.137341, 13621.137341
Z3, 31, 1, 720, 6872.000000, 0.100901, 68106.361681, 68720.000000, 1.000000, 2, 0.000060, 13621.272336, 13621.272336
Z3, 32, 1, 720, 6376.000000, 0.100887, 63199.421135, 63760.000000, 1.000000, 2, 0.000060, 12639.884227, 12639.884227
Z3, 33, 1, 720, 6872.000000, 0.100893, 68111.761966, 68720.000000, 1.000000, 2, 0.000060, 13622.352393, 13622.352393
Z3, 34, 1, 720, 6872.000000, 0.100970, 68059.819748, 68720.000000, 1.000000, 2, 0.000060, 13611.963950, 13611.963950
Z3, 35, 1, 720, 6376.000000, 0.100957, 63155.600899, 63760.000000, 1.000000, 2, 0.000060, 12631.120180, 12631.120180
Z3, 36, 1, 720, 6872.000000, 0.100958, 68067.909428, 68720.000000, 1.000000, 2, 0.000060, 13613.581886, 13613.581886
Z3, 37, 1, 720, 6872.000000, 0.100881, 68119.863998, 68720.000000, 1.000000, 2, 0.000060, 13623.972800, 13623.972800
Z3, 38, 1, 720, 6376.000000, 0.100949, 63160.605850, 63760.000000, 1.000000, 2, 0.000060, 12632.121170, 12632.121170
Z1, 0, 2, 720, 7080.000000, 0.322814, 21932.134294, 21984.000000, 1.000000, 2, 6.792655, 17018.548029, 17018.548029
Z2, 0, 2, 720, 6624.000000, 0.323324, 20487.189321, 20504.000000, 1.000000, 2, 6.792655, 16729.559034, 16729.559034
Z2, 1, 2, 720, 5664.000000, 0.100978, 56091.425855, 56640.000000, 1.000000, 2, 6.792655, 23850.406341, 23850.406341
Z2, 2, 2, 720, 7080.000000, 0.100890, 70175.438596, 70800.000000, 1.000000, 2, 6.792655, 26667.208889, 26667.208889
Z2, 3, 2, 720, 12128.000000, 0.101048, 120022.167683, 120072.000000, 1.000000, 2, 6.792655, 36636.554707, 36636.554707
Z2, 4, 2, 720, 15344.000000, 0.101018, 151893.721911, 151920.000000, 1.000000, 2, 6.792655, 43010.865552, 43010.865552
Z2, 5, 2, 720, 9320.000000, 0.100993, 92283.623617, 93200.000000, 1.000000, 2, 6.792655, 31088.845894, 31088.845894
Z2, 6, 2, 720, 6376.000000, 0.100884, 63201.300504, 63760.000000, 1.000000, 2, 6.792655, 25272.381271, 25272.381271
Z2, 7, 2, 720, 6872.000000, 0.101538, 67679.095511, 68032.000000, 1.000000, 2, 6.792655, 26167.940272, 26167.940272
Z3, 0, 2, 720, 5424.000000, 0.462928, 11716.724847, 11736.000000, 1.000000, 2, 6.792655, 14975.466140, 14975.466140
Z3, 1, 2, 720, 7080.000000, 0.100967, 70121.921024, 70800.000000, 1.000000, 2, 6.792655, 26656.505375, 26656.505375
Z3, 2, 2, 720, 7080.000000, 0.100939, 70141.372512, 70800.000000, 1.000000, 2, 6.792655, 26660.395673, 26660.395673
Z3, 3, 2, 720, 5664.000000, 0.100874, 56149.255507, 56640.000000, 1.000000, 2, 6.792655, 23861.972271, 23861.972271
Z3, 4, 2, 720, 7080.000000, 0.100981, 70112.199325, 70800.000000, 1.000000, 2, 6.792655, 26654.561035, 26654.561035
Z3, 5, 2, 720, 7080.000000, 0.100969, 70120.532044, 70800.000000, 1.000000, 2, 6.792655, 26656.227579, 26656.227579
Z3, 6, 2, 720, 5664.000000, 0.100893, 56138.681574, 56640.000000, 1.000000, 2, 6.792655, 23859.857485, 23859.857485
Z3, 7, 2, 720, 7080.000000, 0.100962, 70125.393712, 70800.000000, 1.000000, 2, 6.792655, 26657.199913, 26657.199913
Z3, 8, 2, 720, 7080.000000, 0.100912, 70160.139528, 70800.000000, 1.000000, 2, 6.792655, 26664.149076, 26664.149076
Z3, 9, 2, 720, 12648.000000, 0.101031, 125189.298334, 125224.000000, 1.000000, 2, 6.792655, 37669.980837, 37669.980837
Z3, 10, 2, 720, 17112.000000, 0.100944, 169519.733714, 171120.000000, 1.000000, 2, 6.792655, 46536.067913, 46536.067913
Z3, 11, 2, 720, 15320.000000, 0.100984, 151707.201141, 153200.000000, 1.000000, 2, 6.792655, 42973.561398, 42973.561398
Z3, 12, 2, 720, 10704.000000, 0.101002, 105978.099444, 105976.000000, 1.000000, 2, 6.792655, 33827.741059, 33827.741059
Z3, 13, 2, 720, 18776.000000, 0.101036, 185834.751970, 185896.000000, 1.000000, 2, 6.792655, 49799.071564, 49799.071564
Z3, 14, 2, 720, 21848.000000, 0.101097, 216109.281185, 216312.000000, 1.000000, 2, 6.792655, 55853.977407, 55853.977407
Z3, 15, 2, 720, 12752.000000, 0.414648, 30753.795991, 30800.000000, 1.000000, 2, 6.792655, 18782.880368, 18782.880368
Z3, 16, 2, 720, 21856.000000, 0.101042, 216306.090537, 216392.000000, 1.000000, 2, 6.792655, 55893.339277, 55893.339277
Z3, 17, 2, 720, 16880.000000, 0.100937, 167233.026541, 168800.000000, 1.000000, 2, 6.792655, 46078.726478, 46078.726478
Z3, 18, 2, 720, 18392.000000, 0.100956, 182178.374738, 183920.000000, 1.000000, 2, 6.792655, 49067.796118, 49067.796118
Z3, 19, 2, 720, 9160.000000, 0.100937, 90749.675540, 91600.000000, 1.000000, 2, 6.792655, 30782.056278, 30782.056278
Z3, 20, 2, 720, 11592.000000, 0.100988, 114785.915158, 115920.000000, 1.000000, 2, 6.792655, 35589.304202, 35589.304202
Z3, 21, 2, 720, 9952.000000, 0.101006, 98528.800269, 98528.000000, 1.000000, 2, 6.792655, 32337.881224, 32337.881224
Z3, 22, 2, 720, 11064.000000, 0.101031, 109510.942186, 109544.000000, 1.000000, 2, 6.792655, 34534.309607, 34534.309607
Z3, 23, 2, 720, 14728.000000, 0.101064, 145729.438771, 145816.000000, 1.000000, 2, 6.792655, 41778.008924, 41778.008924
Z3, 24, 2, 720, 16264.000000, 0.101100, 160870.425321, 161024.000000, 1.000000, 2, 6.792655, 44806.206234, 44806.206234
Z3, 25, 2, 720, 9504.000000, 0.101077, 94027.325702, 94096.000000, 1.000000, 2, 6.792655, 31437.586311, 31437.586311
Z3, 26, 2, 720, 12688.000000, 0.101069, 125537.998793, 125616.000000, 1.000000, 2, 6.792655, 37739.720929, 37739.720929
Z3, 27, 2, 720, 17320.000000, 0.101046, 171407.081923, 171480.000000, 1.000000, 2, 6.792655, 46913.537555, 46913.537555
Z3, 28, 2, 720, 10632.000000, 0.101030, 105236.068495, 105264.000000, 1.000000, 2, 6.792655, 33679.334869, 33679.334869
Z3, 29, 2, 720, 8048.000000, 0.100969, 79707.633036, 80480.000000, 1.000000, 2, 6.792655, 28573.647777, 28573.647777
Z3, 30, 2, 720, 6376.000000, 0.100981, 63140.590804, 63760.000000, 1.000000, 2, 6.792655, 25260.239331, 25260.239331
Z3, 31, 2, 720, 6872.000000, 0.100990, 68046.341222, 68720.000000, 1.000000, 2, 6.792655, 26241.389414, 26241.389414
Z3, 32, 2, 720, 6872.000000, 0.100922, 68092.190008, 68720.000000, 1.000000, 2, 6.792655, 26250.559172, 26250.559172
Z3, 33, 2, 720, 6376.000000, 0.100884, 63201.300504, 63760.000000, 1.000000, 2, 6.792655, 25272.381271, 25272.381271
Z3, 34, 2, 720, 6872.000000, 0.753024, 9125.871154, 9120.000000, 1.000000, 2, 6.792655, 14457.295401, 14457.295401
Z3, 35, 2, 720, 6872.000000, 0.100942, 68078.698659, 68720.000000, 1.000000, 2, 6.792655, 26247.860902, 26247.860902
Z3, 36, 2, 720, 6376.000000, 0.100917, 63180.633590, 63760.000000, 1.000000, 2, 6.792655, 25268.247888, 25268.247888
Z3, 37, 2, 720, 6872.000000, 0.100941, 68079.373099, 68720.000000, 1.000000, 2, 6.792655, 26247.995790, 26247.995790
Z3, 38, 2, 720, 6872.000000, 0.100969, 68060.493815, 68720.000000, 1.000000, 2, 6.792655, 26244.219933, 26244.219933
Z1, 0, 3, 720, 15304.000000, 0.322074, 47517.030248, 47520.000000, 1.000000, 2, 13.419296, 35747.625983, 35747.625983
Z2, 0, 3, 720, 6624.000000, 0.323827, 20455.366600, 20504.000000, 1.000000, 2, 13.419296, 30335.293253, 30335.293253
Z2, 1, 3, 720, 5664.000000, 0.100842, 56167.073243, 56640.000000, 1.000000, 2, 13.419296, 37477.634582, 37477.634582
Z2, 2, 3, 720, 7080.000000, 0.100988, 70107.339486, 70800.000000, 1.000000, 2, 13.419296, 40265.687830, 40265.687830
Z2, 3, 3, 720, 7080.000000, 0.100859, 70197.007704, 70800.000000, 1.000000, 2, 13.419296, 40283.621474, 40283.621474
Z2, 4, 3, 720, 12544.000000, 0.626836, 20011.613883, 20032.000000, 1.000000, 2, 13.419296, 30246.542710, 30246.542710
Z2, 5, 3, 720, 18632.000000, 0.100953, 184561.132408, 186320.000000, 1.000000, 2, 13.419296, 63156.446415, 63156.446415
Z2, 6, 3, 720, 10240.000000, 0.100945, 101441.378969, 102400.000000, 1.000000, 2, 13.419296, 46532.495727, 46532.495727
Z2, 7, 3, 720, 8424.000000, 0.100919, 83472.884194, 84240.000000, 1.000000, 2, 13.419296, 42938.796772, 42938.796772
Z3, 0, 3, 720, 5424.000000, 0.323127, 16785.969603, 16792.000000, 1.000000, 2, 13.419296, 29601.413854, 29601.413854
Z3, 1, 3, 720, 7080.000000, 0.100969, 70120.532044, 70800.000000, 1.000000, 2, 13.419296, 40268.326342, 40268.326342
Z3, 2, 3, 720, 7080.000000, 0.422715, 16748.873354, 16776.000000, 1.000000, 2, 13.419296, 29593.994604, 29593.994604
Z3, 3, 3, 720, 5664.000000, 0.100922, 56122.550088, 56640.000000, 1.000000, 2, 13.419296, 37468.729951, 37468.729951
Z3, 4, 3, 720, 7080.000000, 0.100823, 70222.072345, 70800.000000, 1.000000, 2, 13.419296, 40288.634402, 40288.634402
Z3, 5, 3, 720, 7080.000000, 0.100801, 70237.398439, 70800.000000, 1.000000, 2, 13.419296, 40291.699621, 40291.699621
Z3, 6, 3, 720, 5664.000000, 0.100969, 56096.425636, 56640.000000, 1.000000, 2, 13.419296, 37463.505060, 37463.505060
Z3, 7, 3, 720, 7080.000000, 0.100889, 70176.134167, 70800.000000, 1.000000, 2, 13.419296, 40279.446767, 40279.446767
Z3, 8, 3, 720, 7080.000000, 0.423416, 16721.144218, 16736.000000, 1.000000, 2, 13.419296, 29588.448777, 29588.448777
Z3, 9, 3, 720, 14120.000000, 0.100966, 139849.058099, 141200.000000, 1.000000, 2, 13.419296, 54214.031553, 54214.031553
Z3, 10, 3, 720, 17536.000000, 0.100878, 173833.739765, 175360.000000, 1.000000, 2, 13.419296, 61010.967886, 61010.967886
Z3, 11, 3, 720, 16008.000000, 0.100948, 158576.692951, 160080.000000, 1.000000, 2, 13.419296, 57959.558523, 57959.558523
Z3, 12, 3, 720, 10896.000000, 0.100872, 108018.082322, 108960.000000, 1.000000, 2, 13.419296, 47847.836398, 47847.836398
Z3, 13, 3, 720, 19720.000000, 0.101010, 195228.195228, 195240.000000, 1.000000, 2, 13.419296, 65289.858979, 65289.858979
Z3, 14, 3, 720, 20104.000000, 0.101021, 199008.127023, 199048.000000, 1.000000, 2, 13.419296, 66045.845338, 66045.845338
Z3, 15, 3, 720, 12504.000000, 0.100955, 123857.164083, 125040.000000, 1.000000, 2, 13.419296, 51015.652750, 51015.652750
Z3, 16, 3, 720, 23072.000000, 0.101051, 228320.353089, 228432.000000, 1.000000, 2, 13.419296, 71908.290551, 71908.290551
Z3, 17, 3, 720, 18112.000000, 0.101041, 179253.966212, 179320.000000, 1.000000, 2, 13.419296, 62095.013175, 62095.013175
Z3, 18, 3, 720, 9664.000000, 0.100925, 95754.272975, 96640.000000, 1.000000, 2, 13.419296, 45395.074528, 45395.074528
Z3, 19, 3, 720, 12280.000000, 0.100955, 121638.353722, 122800.000000, 1.000000, 2, 13.419296, 50571.890677, 50571.890677
Z3, 20, 3, 720, 10368.000000, 0.100927, 102727.714090, 103680.000000, 1.000000, 2, 13.419296, 46789.762751, 46789.762751
Z3, 21, 3, 720, 10520.000000, 0.101007, 104151.197442, 104152.000000, 1.000000, 2, 13.419296, 47074.459421, 47074.459421
Z3, 22, 3, 720, 15288.000000, 0.101032, 151318.394172, 151360.000000, 1.000000, 2, 13.419296, 56507.898768, 56507.898768
Z3, 23, 3, 720, 16344.000000, 0.100995, 161829.793554, 163440.000000, 1.000000, 2, 13.419296, 58610.178644, 58610.178644
Z3, 24, 3, 720, 9016.000000, 0.100996, 89270.862212, 90160.000000, 1.000000, 2, 13.419296, 44098.392376, 44098.392376
Z3, 25, 3, 720, 13800.000000, 0.100919, 136743.328808, 138000.000000, 1.000000, 2, 13.419296, 53592.885695, 53592.885695
Z3, 26, 3, 720, 17664.000000, 0.100997, 174896.284048, 176640.000000, 1.000000, 2, 13.419296, 61223.476743, 61223.476743
Z3, 27, 3, 720, 9896.000000, 0.100992, 97987.959442, 98960.000000, 1.000000, 2, 13.419296, 45841.811822, 45841.811822
Z3, 28, 3, 720, 6376.000000, 0.100928, 63173.747622, 63760.000000, 1.000000, 2, 13.419296, 38878.969457, 38878.969457
Z3, 29, 3, 720, 6872.000000, 0.412112, 16675.078619, 16672.000000, 1.000000, 2, 13.419296, 29579.235657, 29579.235657
Z3, 30, 3, 720, 6872.000000, 0.100907, 68102.312030, 68720.000000, 1.000000, 2, 13.419296, 39864.682339, 39864.682339
Z3, 31, 3, 720, 6376.000000, 0.100899, 63191.904776, 63760.000000, 1.000000, 2, 13.419296, 38882.600888, 38882.600888
Z3, 32, 3, 720, 6872.000000, 0.100938, 68081.396501, 68720.000000, 1.000000, 2, 13.419296, 39860.499233, 39860.499233
Z3, 33, 3, 720, 6872.000000, 0.100934, 68084.094557, 68720.000000, 1.000000, 2, 13.419296, 39861.038844, 39861.038844
Z3, 34, 3, 720, 6376.000000, 0.100925, 63175.625464, 63760.000000, 1.000000, 2, 13.419296, 38879.345026, 38879.345026
Z3, 35, 3, 720, 6872.000000, 0.100943, 68078.024231, 68720.000000, 1.000000, 2, 13.419296, 39859.824779, 39859.824779
Z3, 36, 3, 720, 6872.000000, 0.418383, 16425.141557, 16440.000000, 1.000000, 2, 13.419296, 29529.248244, 29529.248244
Z3, 37, 3, 720, 6376.000000, 0.100889, 63198.168284, 63760.000000, 1.000000, 2, 13.419296, 38883.853590, 38883.853590
Z3, 38, 3, 720, 6872.000000, 0.100884, 68117.838309, 68720.000000, 1.000000, 2, 13.419296, 39867.787595, 39867.787595
Z1, 0, 4, 720, 7200.000000, 0.322375, 22334.238077, 22360.000000, 1.000000, 2, 20.737604, 44334.635210, 44334.635210
Z2, 0, 4, 720, 6624.000000, 1.525093, 4343.341685, 4336.000000, 1.000000, 2, 20.737604, 40736.455932, 40736.455932
Z2, 1, 4, 720, 6648.000000, 0.100932, 65866.127690, 66480.000000, 1.000000, 2, 20.737604, 53041.013133, 53041.013133
Z2, 2, 4, 720, 7296.000000, 0.100914, 72299.185445, 72960.000000, 1.000000, 2, 20.737604, 54327.624684, 54327.624684
Z2, 3, 4, 720, 17272.000000, 0.101011, 170991.278178, 171008.000000, 1.000000, 2, 20.737604, 74066.043230, 74066.043230
Z2, 4, 4, 720, 22592.000000, 0.101014, 223652.167026, 223680.000000, 1.000000, 2, 20.737604, 84598.221000, 84598.221000
Z2, 5, 4, 720, 17472.000000, 0.101029, 172940.442843, 172984.000000, 1.000000, 2, 20.737604, 74455.876164, 74455.876164
Z2, 6, 4, 720, 6424.000000, 0.100830, 63711.197064, 64240.000000, 1.000000, 2, 20.737604, 52610.027008, 52610.027008
Z2, 7, 4, 720, 6872.000000, 0.100941, 68079.373099, 68720.000000, 1.000000, 2, 20.737604, 53483.662215, 53483.662215
Z3, 0, 4, 720, 6448.000000, 0.323962, 19903.568937, 19960.000000, 1.000000, 2, 20.737604, 43848.501382, 43848.501382
Z3, 1, 4, 720, 7448.000000, 0.100993, 73747.685483, 74480.000000, 1.000000, 2, 20.737604, 54617.324692, 54617.324692
Z3, 2, 4, 720, 7424.000000, 0.101023, 73488.215555, 73504.000000, 1.000000, 2, 20.737604, 54565.430706, 54565.430706
Z3, 3, 4, 720, 6648.000000, 0.101011, 65814.614250, 65816.000000, 1.000000, 2, 20.737604, 53030.710445, 53030.710445
Z3, 4, 4, 720, 7224.000000, 0.101002, 71523.336172, 71520.000000, 1.000000, 2, 20.737604, 54172.454829, 54172.454829
Z3, 5, 4, 720, 7240.000000, 0.100914, 71744.257487, 72400.000000, 1.000000, 2, 20.737604, 54216.639092, 54216.639092
Z3, 6, 4, 720, 6648.000000, 0.100920, 65873.959572, 66480.000000, 1.000000, 2, 20.737604, 53042.579509, 53042.579509
Z3, 7, 4, 720, 7232.000000, 0.101031, 71581.989686, 71600.000000, 1.000000, 2, 20.737604, 54184.185532, 54184.185532
Z3, 8, 4, 720, 7296.000000, 0.100989, 72245.492083, 72960.000000, 1.000000, 2, 20.737604, 54316.886012, 54316.886012
Z3, 9, 4, 720, 16456.000000, 0.101095, 162777.585439, 162928.000000, 1.000000, 2, 20.737604, 72423.304683, 72423.304683
Z3, 10, 4, 720, 25392.000000, 0.515743, 49233.823823, 49304.000000, 1.000000, 2, 20.737604, 49714.552360, 49714.552360
Z3, 11, 4, 720, 21592.000000, 0.101030, 213718.697417, 213776.000000, 1.000000, 2, 20.737604, 82611.527078, 82611.527078
Z3, 12, 4, 720, 13528.000000, 0.100998, 133943.246401, 135280.000000, 1.000000, 2, 20.737604, 66656.436875, 66656.436875
Z3, 13, 4, 720, 29512.000000, 0.101001, 292195.126781, 292192.000000, 1.000000, 2, 20.737604, 98306.812951, 98306.812951
Z3, 14, 4, 720, 29688.000000, 0.101183, 293408.971863, 293936.000000, 1.000000, 2, 20.737604, 98549.581968, 98549.581968
Z3, 15, 4, 720, 16760.000000, 0.101031, 165889.677426, 165936.000000, 1.000000, 2, 20.737604, 73045.723080, 73045.723080
Z3, 16, 4, 720, 33128.000000, 0.101113, 327633.439815, 328000.000000, 1.000000, 2, 20.737604, 105394.475558, 105394.475558
Z3, 17, 4, 720, 26248.000000, 0.101084, 259665.228919, 259880.000000, 1.000000, 2, 20.737604, 91800.833379, 91800.833379
Z3, 18, 4, 720, 26240.000000, 0.101054, 259663.150395, 259800.000000, 1.000000, 2, 20.737604, 91800.417674, 91800.417674
Z3, 19, 4, 720, 14624.000000, 0.101010, 144777.744778, 144792.000000, 1.000000, 2, 20.737604, 68823.336551, 68823.336551
Z3, 20, 4, 720, 26816.000000, 0.100991, 265528.611460, 268160.000000, 1.000000, 2, 20.737604, 92973.509887, 92973.509887
Z3, 21, 4, 720, 23128.000000, 0.101045, 228888.119155, 228984.000000, 1.000000, 2, 20.737604, 85645.411426, 85645.411426
Z3, 22, 4, 720, 19440.000000, 0.101026, 192425.712193, 192472.000000, 1.000000, 2, 20.737604, 78352.930034, 78352.930034
Z3, 23, 4, 720, 29088.000000, 0.101072, 287794.839322, 288000.000000, 1.000000, 2, 20.737604, 97426.755459, 97426.755459
Z3, 24, 4, 720, 29840.000000, 0.101035, 295343.197902, 295440.000000, 1.000000, 2, 20.737604, 98936.427175, 98936.427175
Z3, 25, 4, 720, 17200.000000, 0.101059, 170197.607338, 170296.000000, 1.000000, 2, 20.737604, 73907.309063, 73907.309063
Z3, 26, 4, 720, 25664.000000, 0.101071, 253920.511324, 254096.000000, 1.000000, 2, 20.737604, 90651.889860, 90651.889860
Z3, 27, 4, 720, 26808.000000, 0.101015, 265386.328763, 265424.000000, 1.000000, 2, 20.737604, 92945.053348, 92945.053348
Z3, 28, 4, 720, 12720.000000, 0.100934, 126022.945687, 127200.000000, 1.000000, 2, 20.737604, 65072.376732, 65072.376732
Z3, 29, 4, 720, 11496.000000, 0.101007, 113813.894087, 113816.000000, 1.000000, 2, 20.737604, 62630.566412, 62630.566412
Z3, 30, 4, 720, 6448.000000, 0.100933, 63883.962629, 64480.000000, 1.000000, 2, 20.737604, 52644.580121, 52644.580121
Z3, 31, 4, 720, 7200.000000, 0.100891, 71364.145464, 72000.000000, 1.000000, 2, 20.737604, 54140.616688, 54140.616688
Z3, 32, 4, 720, 7520.000000, 0.100868, 74552.880993, 75200.000000, 1.000000, 2, 20.737604, 54778.363794, 54778.363794
Z3, 33, 4, 720, 6728.000000, 0.100948, 66648.175298, 67280.000000, 1.000000, 2, 20.737604, 53197.422655, 53197.422655
Z3, 34, 4, 720, 7224.000000, 0.100931, 71573.649325, 72240.000000, 1.000000, 2, 20.737604, 54182.517460, 54182.517460
Z3, 35, 4, 720, 7256.000000, 0.100913, 71903.520855, 72560.000000, 1.000000, 2, 20.737604, 54248.491766, 54248.491766
Z3, 36, 4, 720, 6544.000000, 0.100890, 64862.721776, 65440.000000, 1.000000, 2, 20.737604, 52840.331950, 52840.331950
Z3, 37, 4, 720, 12272.000000, 0.413814, 29655.835714, 29712.000000, 1.000000, 2, 20.737604, 45798.954738, 45798.954738
Z3, 38, 4, 720, 8544.000000, 0.100928, 84654.407102, 85440.000000, 1.000000, 2, 20.737604, 56798.669015, 56798.669015
Z1, 0, 5, 720, 20272.000000, 0.322950, 62771.326831, 62952.000000, 1.000000, 2, 28.189027, 69352.934382, 69352.934382
Z2, 0, 5, 720, 6624.000000, 0.323756, 20459.852481, 20504.000000, 1.000000, 2, 28.189027, 60890.639512, 60890.639512
Z2, 1, 5, 720, 7616.000000, 0.100966, 75431.333320, 76160.000000, 1.000000, 2, 28.189027, 71884.935679, 71884.935679
Z2, 2, 5, 720, 8792.000000, 0.101018, 87033.993942, 87048.000000, 1.000000, 2, 28.189027, 74205.467804, 74205.467804
Z2, 3, 5, 720, 8816.000000, 0.100965, 87317.387213, 88160.000000, 1.000000, 2, 28.189027, 74262.146458, 74262.146458
Z2, 4, 5, 720, 14976.000000, 0.101033, 148228.796532, 148272.000000, 1.000000, 2, 28.189027, 86444.428322, 86444.428322
Z2, 5, 5, 720, 25312.000000, 0.101241, 250017.285487, 250608.000000, 1.000000, 2, 28.189027, 106802.126113, 106802.126113
Z2, 6, 5, 720, 13208.000000, 0.101057, 130698.516679, 130768.000000, 1.000000, 2, 28.189027, 82938.372351, 82938.372351
Z2, 7, 5, 720, 16320.000000, 0.101102, 161421.139048, 161584.000000, 1.000000, 2, 28.189027, 89082.896825, 89082.896825
Z3, 0, 5, 720, 7712.000000, 0.323927, 23807.833246, 23872.000000, 1.000000, 2, 28.189027, 61560.235665, 61560.235665
Z3, 1, 5, 720, 9624.000000, 0.100821, 95456.303746, 96240.000000, 1.000000, 2, 28.189027, 75889.929765, 75889.929765
Z3, 2, 5, 720, 9096.000000, 0.413677, 21988.169514, 22024.000000, 1.000000, 2, 28.189027, 61196.302918, 61196.302918
Z3, 3, 5, 720, 7632.000000, 0.100892, 75645.244420, 76320.000000, 1.000000, 2, 28.189027, 71927.717899, 71927.717899
Z3, 4, 5, 720, 8304.000000, 0.100960, 82250.396197, 83040.000000, 1.000000, 2, 28.189027, 73248.748255, 73248.748255
Z3, 5, 5, 720, 8504.000000, 0.100922, 84263.094271, 85040.000000, 1.000000, 2, 28.189027, 73651.287870, 73651.287870
Z3, 6, 5, 720, 7384.000000, 0.100892, 73187.170440, 73840.000000, 1.000000, 2, 28.189027, 71436.103103, 71436.103103
Z3, 7, 5, 720, 8968.000000, 0.100958, 88829.018007, 89680.000000, 1.000000, 2, 28.189027, 74564.472617, 74564.472617
Z3, 8, 5, 720, 8912.000000, 0.100916, 88311.070593, 89120.000000, 1.000000, 2, 28.189027, 74460.883134, 74460.883134
Z3, 9, 5, 720, 16688.000000, 0.101010, 165211.365211, 165224.000000, 1.000000, 2, 28.189027, 89840.942058, 89840.942058
Z3, 10, 5, 720, 23832.000000, 0.101005, 235948.715410, 235960.000000, 1.000000, 2, 28.189027, 103988.412097, 103988.412097
Z3, 11, 5, 720, 21144.000000, 0.507690, 41647.462034, 41704.000000, 1.000000, 2, 28.189027, 65128.161422, 65128.161422
Z3, 12, 5, 720, 14272.000000, 0.101018, 141281.751767, 141304.000000, 1.000000, 2, 28.189027, 85055.019369, 85055.019369
Z3, 13, 5, 720, 27640.000000, 0.101042, 273549.613032, 273656.000000, 1.000000, 2, 28.189027, 111508.591622, 111508.591622
Z3, 14, 5, 720, 33288.000000, 0.101068, 329362.409467, 329584.000000, 1.000000, 2, 28.189027, 122671.150909, 122671.150909
Z3, 15, 5, 720, 17576.000000, 0.100981, 174052.544538, 175760.000000, 1.000000, 2, 28.189027, 91609.177923, 91609.177923
Z3, 16, 5, 720, 34872.000000, 0.101099, 344929.227787, 345264.000000, 1.000000, 2, 28.189027, 125784.514573, 125784.514573
Z3, 17, 5, 720, 27336.000000, 0.101059, 270495.453151, 270648.000000, 1.000000, 2, 28.189027, 110897.759646, 110897.759646
Z3, 18, 5, 720, 18312.000000, 0.101020, 181271.035439, 181304.000000, 1.000000, 2, 28.189027, 93052.876103, 93052.876103
Z3, 19, 5, 720, 41432.000000, 0.101076, 409909.375124, 410216.000000, 1.000000, 2, 28.189027, 138780.544040, 138780.544040
Z3, 20, 5, 720, 36760.000000, 0.101096, 363614.781989, 363960.000000, 1.000000, 2, 28.189027, 129521.625413, 129521.625413
Z3, 21, 5, 720, 21272.000000, 0.101023, 210565.910733, 210608.000000, 1.000000, 2, 28.189027, 98911.851162, 98911.851162
Z3, 22, 5, 720, 43464.000000, 0.101136, 429757.949692, 430336.000000, 1.000000, 2, 28.189027, 142750.258954, 142750.258954
Z3, 23, 5, 720, 42000.000000, 0.101068, 415561.799976, 415840.000000, 1.000000, 2, 28.189027, 139911.029011, 139911.029011
Z3, 24, 5, 720, 20304.000000, 0.101041, 200948.129967, 201024.000000, 1.000000, 2, 28.189027, 96988.295009, 96988.295009
Z3, 25, 5, 720, 32736.000000, 0.101090, 323830.250272, 324112.000000, 1.000000, 2, 28.189027, 121564.719070, 121564.719070
Z3, 26, 5, 720, 34608.000000, 0.101081, 342378.884261, 342648.000000, 1.000000, 2, 28.189027, 125274.445868, 125274.445868
Z3, 27, 5, 720, 21272.000000, 0.101030, 210551.321390, 210608.000000, 1.000000, 2, 28.189027, 98908.933293, 98908.933293
Z3, 28, 5, 720, 8752.000000, 0.100930, 86713.563856, 87520.000000, 1.000000, 2, 28.189027, 74141.381787, 74141.381787
Z3, 29, 5, 720, 12760.000000, 0.101007, 126327.878266, 126336.000000, 1.000000, 2, 28.189027, 82064.244669, 82064.244669
Z3, 30, 5, 720, 15440.000000, 0.100959, 152933.368991, 154400.000000, 1.000000, 2, 28.189027, 87385.342814, 87385.342814
Z3, 31, 5, 720, 10000.000000, 0.101000, 99009.900990, 99008.000000, 1.000000, 2, 28.189027, 76600.649213, 76600.649213
Z3, 32, 5, 720, 15200.000000, 0.415393, 36591.853979, 36624.000000, 1.000000, 2, 28.189027, 64117.039811, 64117.039811
Z3, 33, 5, 720, 18352.000000, 0.100984, 181731.759487, 183520.000000, 1.000000, 2, 28.189027, 93145.020913, 93145.020913
Z3, 34, 5, 720, 11224.000000, 0.100947, 111187.058555, 112240.000000, 1.000000, 2, 28.189027, 79036.080726, 79036.080726
Z3, 35, 5, 720, 23240.000000, 0.101115, 229837.313949, 230096.000000, 1.000000, 2, 28.189027, 102766.131805, 102766.131805
Z3, 36, 5, 720, 16824.000000, 0.100989, 166592.401153, 168240.000000, 1.000000, 2, 28.189027, 90117.149246, 90117.149246
Z3, 37, 5, 720, 9680.000000, 0.100973, 95867.212027, 96800.000000, 1.000000, 2, 28.189027, 75972.111421, 75972.111421
Z3, 38, 5, 720, 12888.000000, 0.100929, 127693.725292, 128880.000000, 1.000000, 2, 28.189027, 82337.414074, 82337.414074
Z1, 0, 6, 720, 14912.000000, 0.322478, 46241.914177, 46304.000000, 1.000000, 2, 34.746437, 78953.675739, 78953.675739
Z2, 0, 6, 720, 6624.000000, 0.758036, 8738.371265, 8736.000000, 1.000000, 2, 34.746437, 71452.967157, 71452.967157
Z2, 1, 6, 720, 6768.000000, 0.100945, 67046.411412, 67680.000000, 1.000000, 2, 34.746437, 83114.575186, 83114.575186
Z2, 2, 6, 720, 7488.000000, 0.100864, 74238.578680, 74880.000000, 1.000000, 2, 34.746437, 84553.008640, 84553.008640
Z2, 3, 6, 720, 7752.000000, 0.100944, 76795.054684, 77520.000000, 1.000000, 2, 34.746437, 85064.303840, 85064.303840
Z2, 4, 6, 720, 10768.000000, 0.101025, 106587.478347, 106608.000000, 1.000000, 2, 34.746437, 91022.788573, 91022.788573
Z2, 5, 6, 720, 17456.000000, 0.100994, 172841.951007, 174560.000000, 1.000000, 2, 34.746437, 104273.683105, 104273.683105
Z2, 6, 6, 720, 9568.000000, 0.100848, 94875.456132, 95680.000000, 1.000000, 2, 34.746437, 88680.384130, 88680.384130
Z2, 7, 6, 720, 12800.000000, 0.100978, 126760.284418, 128000.000000, 1.000000, 2, 34.746437, 95057.349787, 95057.349787
Z3, 0, 6, 720, 6760.000000, 0.323202, 20915.712155, 20928.000000, 1.000000, 2, 34.746437, 73888.435335, 73888.435335
Z3, 1, 6, 720, 8320.000000, 0.100984, 82389.289392, 83200.000000, 1.000000, 2, 34.746437, 86183.150782, 86183.150782
Z3, 2, 6, 720, 7800.000000, 0.100956, 77261.381196, 78000.000000, 1.000000, 2, 34.746437, 85157.569143, 85157.569143
Z3, 3, 6, 720, 6928.000000, 0.100939, 68635.512537, 69280.000000, 1.000000, 2, 34.746437, 83432.395411, 83432.395411
Z3, 4, 6, 720, 7472.000000, 0.100938, 74025.639501, 74720.000000, 1.000000, 2, 34.746437, 84510.420804, 84510.420804
Z3, 5, 6, 720, 7416.000000, 0.100914, 73488.316785, 74160.000000, 1.000000, 2, 34.746437, 84402.956261, 84402.956261
Z3, 6, 6, 720, 6760.000000, 0.100969, 66951.242461, 67600.000000, 1.000000, 2, 34.746437, 83095.541396, 83095.541396
Z3, 7, 6, 720, 7600.000000, 0.100965, 75273.609667, 76000.000000, 1.000000, 2, 34.746437, 84760.014837, 84760.014837
Z3, 8, 6, 720, 7600.000000, 0.100925, 75303.443151, 76000.000000, 1.000000, 2, 34.746437, 84765.981534, 84765.981534
Z3, 9, 6, 720, 12912.000000, 0.101005, 127835.255680, 127840.000000, 1.000000, 2, 34.746437, 95272.344040, 95272.344040
Z3, 10, 6, 720, 17552.000000, 0.100993, 173794.223362, 175520.000000, 1.000000, 2, 34.746437, 104464.137576, 104464.137576
Z3, 11, 6, 720, 14968.000000, 0.101051, 148123.224906, 148192.000000, 1.000000, 2, 34.746437, 99329.937885, 99329.937885
Z3, 12, 6, 720, 10336.000000, 0.100842, 102496.975467, 103360.000000, 1.000000, 2, 34.746437, 90204.687997, 90204.687997
Z3, 13, 6, 720, 18344.000000, 0.102984, 178124.757244, 179840.000000, 1.000000, 2, 34.746437, 105330.244352, 105330.244352
Z3, 14, 6, 720, 20456.000000, 0.101069, 202396.382669, 202528.000000, 1.000000, 2, 34.746437, 110184.569438, 110184.569438
Z3, 15, 6, 720, 12480.000000, 0.100913, 123670.884822, 124800.000000, 1.000000, 2, 34.746437, 94439.469868, 94439.469868
Z3, 16, 6, 720, 18912.000000, 0.101090, 187080.819072, 187240.000000, 1.000000, 2, 34.746437, 107121.456718, 107121.456718
Z3, 17, 6, 720, 16112.000000, 0.100965, 159580.052493, 161120.000000, 1.000000, 2, 34.746437, 101621.303402, 101621.303402
Z3, 18, 6, 720, 16088.000000, 0.100942, 159378.653088, 160880.000000, 1.000000, 2, 34.746437, 101581.023521, 101581.023521
Z3, 19, 6, 720, 31984.000000, 0.101025, 316594.902252, 316672.000000, 1.000000, 2, 34.746437, 133024.273354, 133024.273354
Z3, 20, 6, 720, 21472.000000, 0.100986, 212623.531975, 214720.000000, 1.000000, 2, 34.746437, 112229.999299, 112229.999299
Z3, 21, 6, 720, 19320.000000, 0.100975, 191334.488735, 193200.000000, 1.000000, 2, 34.746437, 107972.190651, 107972.190651
Z3, 22, 6, 720, 33040.000000, 0.101058, 326940.964595, 327128.000000, 1.000000, 2, 34.746437, 135093.485823, 135093.485823
Z3, 23, 6, 720, 26472.000000, 0.101005, 262086.035345, 262096.000000, 1.000000, 2, 34.746437, 122122.499973, 122122.499973
Z3, 24, 6, 720, 12984.000000, 0.100939, 128632.144166, 129840.000000, 1.000000, 2, 34.746437, 95431.721737, 95431.721737
Z3, 25, 6, 720, 21128.000000, 0.100950, 209291.728579, 211280.000000, 1.000000, 2, 34.746437, 111563.638619, 111563.638619
Z3, 26, 6, 720, 21576.000000, 0.100999, 213625.877484, 215760.000000, 1.000000, 2, 34.746437, 112430.468400, 112430.468400
Z3, 27, 6, 720, 14376.000000, 0.100941, 142419.829405, 143760.000000, 1.000000, 2, 34.746437, 98189.258785, 98189.258785
Z3, 28, 6, 720, 7048.000000, 0.100916, 69840.263189, 70480.000000, 1.000000, 2, 34.746437, 83673.345542, 83673.345542
Z3, 29, 6, 720, 8656.000000, 0.100904, 85784.508047, 86560.000000, 1.000000, 2, 34.746437, 86862.194513, 86862.194513
Z3, 30, 6, 720, 9488.000000, 0.100931, 94004.815171, 94880.000000, 1.000000, 2, 34.746437, 88506.255938, 88506.255938
Z3, 31, 6, 720, 8424.000000, 0.100841, 83537.450045, 84240.000000, 1.000000, 2, 34.746437, 86412.782913, 86412.782913
Z3, 32, 6, 720, 9328.000000, 0.100887, 92459.880857, 93280.000000, 1.000000, 2, 34.746437, 88197.269075, 88197.269075
Z3, 33, 6, 720, 8680.000000, 0.100796, 86114.528354, 86800.000000, 1.000000, 2, 34.746437, 86928.198575, 86928.198575
Z3, 34, 6, 720, 7160.000000, 0.100802, 71030.336700, 71600.000000, 1.000000, 2, 34.746437, 83911.360244, 83911.360244
Z3, 35, 6, 720, 10360.000000, 0.100853, 102723.766274, 103600.000000, 1.000000, 2, 34.746437, 90250.046158, 90250.046158
Z3, 36, 6, 720, 9048.000000, 0.100931, 89645.401314, 90480.000000, 1.000000, 2, 34.746437, 87634.373166, 87634.373166
Z3, 37, 6, 720, 7176.000000, 0.100774, 71208.843551, 71760.000000, 1.000000, 2, 34.746437, 83947.061614, 83947.061614
Z3, 38, 6, 720, 8768.000000, 0.100903, 86895.335124, 87680.000000, 1.000000, 2, 34.746437, 87084.359928, 87084.359928
