Zone, Tile_no, Seg_no, Reso, Seg_d_size, Seg_d_time, Bitrate, Bitrate1, Buf_lev, Buf_limit, Elapsed, Ref_vp, Local_avg
Z1, 0, 1, 720, 9960.000000, 0.472913, 21060.956244, 21096.000000, 1.000000, 2, 0.000065, 21060.956244, 21060.956244
Z2, 0, 1, 720, 8952.000000, 0.474690, 18858.623523, 18880.000000, 1.000000, 2, 0.000065, 9429.311761, 9429.311761
Z2, 1, 1, 720, 5424.000000, 0.150939, 35935.046608, 36160.000000, 1.000000, 2, 0.000065, 11978.348869, 11978.348869
Z2, 2, 1, 720, 7080.000000, 0.151000, 46887.417219, 46880.000000, 1.000000, 2, 0.000065, 11721.854305, 11721.854305
Z2, 3, 1, 720, 18976.000000, 0.150988, 125678.861896, 126504.000000, 1.000000, 2, 0.000065, 25135.772379, 25135.772379
Z2, 4, 1, 720, 8720.000000, 0.151054, 57727.700028, 57744.000000, 1.000000, 2, 0.000065, 11545.540006, 11545.540006
Z2, 5, 1, 720, 8336.000000, 0.151023, 55196.890540, 55200.000000, 1.000000, 2, 0.000065, 11039.378108, 11039.378108
Z2, 6, 1, 720, 6376.000000, 0.150976, 42231.877914, 42504.000000, 1.000000, 2, 0.000065, 8446.375583, 8446.375583
Z2, 7, 1, 720, 6872.000000, 0.151005, 45508.426873, 45504.000000, 1.000000, 2, 0.000065, 9101.685375, 9101.685375
Z3, 0, 1, 720, 7080.000000, 0.474156, 14931.794599, 14936.000000, 1.000000, 2, 0.000065, 2986.358920, 2986.358920
Z3, 1, 1, 720, 7080.000000, 0.150981, 46893.317702, 47200.000000, 1.000000, 2, 0.000065, 9378.663540, 9378.663540
Z3, 2, 1, 720, 5664.000000, 0.150960, 37519.872814, 37760.000000, 1.000000, 2, 0.000065, 7503.974563, 7503.974563
Z3, 3, 1, 720, 7080.000000, 0.150935, 46907.609236, 47200.000000, 1.000000, 2, 0.000065, 9381.521847, 9381.521847
Z3, 4, 1, 720, 7080.000000, 0.150946, 46904.190903, 47200.000000, 1.000000, 2, 0.000065, 9380.838181, 9380.838181
Z3, 5, 1, 720, 5664.000000, 0.150928, 37527.827838, 37760.000000, 1.000000, 2, 0.000065, 7505.565568, 7505.565568
Z3, 6, 1, 720, 7080.000000, 0.150948, 46903.569441, 47200.000000, 1.000000, 2, 0.000065, 9380.713888, 9380.713888
Z3, 7, 1, 720, 7080.000000, 0.150957, 46900.773068, 47200.000000, 1.000000, 2, 0.000065, 9380.154614, 9380.154614
Z3, 8, 1, 720, 5664.000000, 0.150897, 37535.537486, 37760.000000, 1.000000, 2, 0.000065, 7507.107497, 7507.107497
Z3, 9, 1, 720, 7080.000000, 0.150877, 46925.641417, 47200.000000, 1.000000, 2, 0.000065, 9385.128283, 9385.128283
Z3, 10, 1, 720, 12904.000000, 0.151017, 85447.333744, 85456.000000, 1.000000, 2, 0.000065, 17089.466749, 17089.466749
Z3, 11, 1, 720, 17344.000000, 0.151033, 114835.830580, 114856.000000, 1.000000, 2, 0.000065, 22967.166116, 22967.166116
Z3, 12, 1, 720, 16912.000000, 0.150970, 112022.256077, 112744.000000, 1.000000, 2, 0.000065, 22404.451215, 22404.451215
Z3, 13, 1, 720, 13240.000000, 0.151021, 87669.926699, 87680.000000, 1.000000, 2, 0.000065, 17533.985340, 17533.985340
Z3, 14, 1, 720, 28328.000000, 0.150933, 187685.926868, 188848.000000, 1.000000, 2, 0.000065, 37537.185374, 37537.185374
Z3, 15, 1, 720, 30528.000000, 0.151073, 202074.493788, 202168.000000, 1.000000, 2, 0.000065, 40414.898758, 40414.898758
Z3, 16, 1, 720, 16360.000000, 0.150876, 108433.415520, 109064.000000, 1.000000, 2, 0.000065, 21686.683104, 21686.683104
Z3, 17, 1, 720, 33216.000000, 0.151005, 219966.226284, 219968.000000, 1.000000, 2, 0.000065, 43993.245257, 43993.245257
Z3, 18, 1, 720, 28000.000000, 0.151038, 185383.810697, 185424.000000, 1.000000, 2, 0.000065, 37076.762139, 37076.762139
Z3, 19, 1, 720, 15744.000000, 0.150995, 104268.353257, 104960.000000, 1.000000, 2, 0.000065, 20853.670651, 20853.670651
Z3, 20, 1, 720, 16024.000000, 0.151016, 106107.962070, 106112.000000, 1.000000, 2, 0.000065, 21221.592414, 21221.592414
Z3, 21, 1, 720, 11576.000000, 0.150988, 76668.344504, 77168.000000, 1.000000, 2, 0.000065, 15333.668901, 15333.668901
Z3, 22, 1, 720, 10816.000000, 0.150997, 71630.562197, 72104.000000, 1.000000, 2, 0.000065, 14326.112439, 14326.112439
Z3, 23, 1, 720, 13224.000000, 0.150963, 87597.623259, 88160.000000, 1.000000, 2, 0.000065, 17519.524652, 17519.524652
Z3, 24, 1, 720, 17528.000000, 0.150966, 116105.613184, 116848.000000, 1.000000, 2, 0.000065, 23221.122637, 23221.122637
Z3, 25, 1, 720, 23824.000000, 0.151027, 157746.628086, 157768.000000, 1.000000, 2, 0.000065, 31549.325617, 31549.325617
Z3, 26, 1, 720, 11024.000000, 0.151016, 72998.887535, 73000.000000, 1.000000, 2, 0.000065, 14599.777507, 14599.777507
Z3, 27, 1, 720, 15112.000000, 0.150947, 100114.609764, 100744.000000, 1.000000, 2, 0.000065, 20022.921953, 20022.921953
Z3, 28, 1, 720, 24552.000000, 0.150982, 162615.411109, 163680.000000, 1.000000, 2, 0.000065, 32523.082222, 32523.082222
Z3, 29, 1, 720, 10824.000000, 0.150913, 71723.443308, 72160.000000, 1.000000, 2, 0.000065, 14344.688662, 14344.688662
Z3, 30, 1, 720, 6872.000000, 0.150940, 45528.024381, 45808.000000, 1.000000, 2, 0.000065, 9105.604876, 9105.604876
Z3, 31, 1, 720, 6872.000000, 0.150917, 45534.962927, 45808.000000, 1.000000, 2, 0.000065, 9106.992585, 9106.992585
Z3, 32, 1, 720, 6376.000000, 0.150930, 42244.749221, 42504.000000, 1.000000, 2, 0.000065, 8448.949844, 8448.949844
Z3, 33, 1, 720, 6872.000000, 0.150946, 45526.214673, 45808.000000, 1.000000, 2, 0.000065, 9105.242935, 9105.242935
Z3, 34, 1, 720, 6872.000000, 0.150954, 45523.801953, 45808.000000, 1.000000, 2, 0.000065, 9104.760391, 9104.760391
Z3, 35, 1, 720, 6376.000000, 0.150912, 42249.787956, 42504.000000, 1.000000, 2, 0.000065, 8449.957591, 8449.957591
Z3, 36, 1, 720, 6872.000000, 0.150968, 45519.580308, 45808.000000, 1.000000, 2, 0.000065, 9103.916062, 9103.916062
Z3, 37, 1, 720, 6872.000000, 0.150945, 45526.516281, 45808.000000, 1.000000, 2, 0.000065, 9105.303256, 9105.303256
Z3, 38, 1, 720, 6376.000000, 0.150927, 42245.588927, 42504.000000, 1.000000, 2, 0.000065, 8449.117785, 8449.117785
Z1, 0, 2, 720, 15344.000000, 0.473256, 32422.198556, 32432.000000, 1.000000, 2, 8.222103, 14933.557497, 14933.557497
Z2, 0, 2, 720, 6624.000000, 0.473120, 14000.676361, 14000.000000, 1.000000, 2, 8.222103, 11249.253058, 11249.253058
Z2, 1, 2, 720, 5664.000000, 0.150969, 37517.636071, 37760.000000, 1.000000, 2, 8.222103, 15952.645000, 15952.645000
Z2, 2, 2, 720, 7080.000000, 0.151012, 46883.691362, 46880.000000, 1.000000, 2, 8.222103, 17825.856058, 17825.856058
Z2, 3, 2, 720, 7080.000000, 0.151033, 46877.172538, 46880.000000, 1.000000, 2, 8.222103, 17824.552293, 17824.552293
Z2, 4, 2, 720, 12128.000000, 0.150954, 80342.355949, 80848.000000, 1.000000, 2, 8.222103, 24517.588975, 24517.588975
Z2, 5, 2, 720, 18392.000000, 0.150990, 121809.391350, 122608.000000, 1.000000, 2, 8.222103, 32810.996056, 32810.996056
Z2, 6, 2, 720, 10632.000000, 0.151081, 70372.846354, 70408.000000, 1.000000, 2, 8.222103, 22523.687056, 22523.687056
Z2, 7, 2, 720, 8048.000000, 0.150938, 53319.906187, 53648.000000, 1.000000, 2, 8.222103, 19113.099023, 19113.099023
Z3, 0, 2, 720, 5424.000000, 0.472476, 11479.948188, 11488.000000, 1.000000, 2, 8.222103, 10745.107423, 10745.107423
Z3, 1, 2, 720, 7080.000000, 0.150972, 46896.113187, 47200.000000, 1.000000, 2, 8.222103, 17828.340423, 17828.340423
Z3, 2, 2, 720, 7080.000000, 0.150859, 46931.240430, 47200.000000, 1.000000, 2, 8.222103, 17835.365871, 17835.365871
Z3, 3, 2, 720, 5664.000000, 0.150900, 37534.791252, 37760.000000, 1.000000, 2, 8.222103, 15956.076036, 15956.076036
Z3, 4, 2, 720, 7080.000000, 0.150949, 46903.258717, 47200.000000, 1.000000, 2, 8.222103, 17829.769529, 17829.769529
Z3, 5, 2, 720, 7080.000000, 0.150941, 46905.744629, 47200.000000, 1.000000, 2, 8.222103, 17830.266711, 17830.266711
Z3, 6, 2, 720, 5664.000000, 0.150957, 37520.618454, 37760.000000, 1.000000, 2, 8.222103, 15953.241476, 15953.241476
Z3, 7, 2, 720, 7080.000000, 0.150947, 46903.880170, 47200.000000, 1.000000, 2, 8.222103, 17829.893819, 17829.893819
Z3, 8, 2, 720, 7080.000000, 0.150895, 46920.043739, 47200.000000, 1.000000, 2, 8.222103, 17833.126533, 17833.126533
Z3, 9, 2, 720, 12648.000000, 0.151006, 83758.261261, 83760.000000, 1.000000, 2, 8.222103, 25200.770038, 25200.770038
Z3, 10, 2, 720, 17112.000000, 0.150974, 113344.019500, 114080.000000, 1.000000, 2, 8.222103, 31117.921685, 31117.921685
Z3, 11, 2, 720, 15320.000000, 0.151026, 101439.487241, 101456.000000, 1.000000, 2, 8.222103, 28737.015234, 28737.015234
Z3, 12, 2, 720, 10704.000000, 0.150993, 70890.703543, 71360.000000, 1.000000, 2, 8.222103, 22627.258494, 22627.258494
Z3, 13, 2, 720, 18776.000000, 0.150945, 124389.678360, 125168.000000, 1.000000, 2, 8.222103, 33327.053457, 33327.053457
Z3, 14, 2, 720, 21848.000000, 0.151133, 144561.412795, 144688.000000, 1.000000, 2, 8.222103, 37361.400344, 37361.400344
Z3, 15, 2, 720, 12752.000000, 0.150929, 84490.058239, 85008.000000, 1.000000, 2, 8.222103, 25347.129433, 25347.129433
Z3, 16, 2, 720, 21856.000000, 0.150914, 144824.204514, 145704.000000, 1.000000, 2, 8.222103, 37413.958688, 37413.958688
Z3, 17, 2, 720, 16880.000000, 0.151013, 111778.456159, 111784.000000, 1.000000, 2, 8.222103, 30804.809017, 30804.809017
Z3, 18, 2, 720, 9160.000000, 0.150955, 60680.335199, 61064.000000, 1.000000, 2, 8.222103, 20585.184825, 20585.184825
Z3, 19, 2, 720, 11592.000000, 0.150981, 76777.872712, 77280.000000, 1.000000, 2, 8.222103, 23804.692328, 23804.692328
Z3, 20, 2, 720, 9952.000000, 0.150908, 65947.464680, 66344.000000, 1.000000, 2, 8.222103, 21638.610722, 21638.610722
Z3, 21, 2, 720, 11064.000000, 0.150855, 73341.950880, 73760.000000, 1.000000, 2, 8.222103, 23117.507961, 23117.507961
Z3, 22, 2, 720, 14728.000000, 0.151000, 97536.423841, 97536.000000, 1.000000, 2, 8.222103, 27956.402554, 27956.402554
Z3, 23, 2, 720, 16264.000000, 0.150989, 107716.456166, 108424.000000, 1.000000, 2, 8.222103, 29992.409019, 29992.409019
Z3, 24, 2, 720, 9504.000000, 0.150996, 62942.064690, 63360.000000, 1.000000, 2, 8.222103, 21037.530724, 21037.530724
Z3, 25, 2, 720, 12688.000000, 0.151004, 84024.264258, 84024.000000, 1.000000, 2, 8.222103, 25253.970637, 25253.970637
Z3, 26, 2, 720, 17320.000000, 0.150979, 114717.940906, 115464.000000, 1.000000, 2, 8.222103, 31392.705967, 31392.705967
Z3, 27, 2, 720, 9320.000000, 0.150979, 61730.439333, 62128.000000, 1.000000, 2, 8.222103, 20795.205652, 20795.205652
Z3, 28, 2, 720, 6376.000000, 0.150970, 42233.556336, 42504.000000, 1.000000, 2, 8.222103, 16895.829053, 16895.829053
Z3, 29, 2, 720, 6872.000000, 0.150902, 45539.489205, 45808.000000, 1.000000, 2, 8.222103, 17557.015626, 17557.015626
Z3, 30, 2, 720, 6872.000000, 0.150819, 45564.550885, 45808.000000, 1.000000, 2, 8.222103, 17562.027963, 17562.027963
Z3, 31, 2, 720, 6376.000000, 0.150806, 42279.484901, 42504.000000, 1.000000, 2, 8.222103, 16905.014766, 16905.014766
Z3, 32, 2, 720, 6872.000000, 0.150932, 45530.437548, 45808.000000, 1.000000, 2, 8.222103, 17555.205295, 17555.205295
Z3, 33, 2, 720, 6872.000000, 0.150889, 45543.412707, 45808.000000, 1.000000, 2, 8.222103, 17557.800327, 17557.800327
Z3, 34, 2, 720, 6376.000000, 0.150912, 42249.787956, 42504.000000, 1.000000, 2, 8.222103, 16899.075377, 16899.075377
Z3, 35, 2, 720, 6872.000000, 0.150930, 45531.040880, 45808.000000, 1.000000, 2, 8.222103, 17555.325961, 17555.325961
Z3, 36, 2, 720, 6872.000000, 0.150945, 45526.516281, 45808.000000, 1.000000, 2, 8.222103, 17554.421042, 17554.421042
Z3, 37, 2, 720, 6376.000000, 0.150934, 42243.629666, 42504.000000, 1.000000, 2, 8.222103, 16897.843719, 16897.843719
Z3, 38, 2, 720, 6872.000000, 0.150866, 45550.355945, 45808.000000, 1.000000, 2, 8.222103, 17559.188974, 17559.188974
Z1, 0, 3, 720, 7080.000000, 0.472775, 14975.411136, 15000.000000, 1.000000, 2, 16.441126, 20554.271202, 20554.271202
Z2, 0, 3, 720, 6624.000000, 0.472792, 14010.389347, 14032.000000, 1.000000, 2, 16.441126, 20361.266844, 20361.266844
Z2, 1, 3, 720, 5664.000000, 0.150853, 37546.485652, 37760.000000, 1.000000, 2, 16.441126, 25068.486105, 25068.486105
Z2, 2, 3, 720, 7080.000000, 0.150915, 46913.825663, 47200.000000, 1.000000, 2, 16.441126, 26941.954107, 26941.954107
Z2, 3, 3, 720, 12544.000000, 0.151006, 83069.546905, 83072.000000, 1.000000, 2, 16.441126, 34173.098356, 34173.098356
Z2, 4, 3, 720, 15304.000000, 0.150988, 101359.048401, 102024.000000, 1.000000, 2, 16.441126, 37830.998655, 37830.998655
Z2, 5, 3, 720, 9896.000000, 0.150851, 65601.156108, 65968.000000, 1.000000, 2, 16.441126, 30679.420196, 30679.420196
Z2, 6, 3, 720, 6376.000000, 0.150922, 42246.988511, 42504.000000, 1.000000, 2, 16.441126, 26008.586677, 26008.586677
Z2, 7, 3, 720, 6872.000000, 0.150937, 45528.929288, 45808.000000, 1.000000, 2, 16.441126, 26664.974832, 26664.974832
Z3, 0, 3, 720, 5424.000000, 0.473183, 11462.795578, 11464.000000, 1.000000, 2, 16.441126, 19851.748090, 19851.748090
Z3, 1, 3, 720, 7080.000000, 0.150746, 46966.420336, 47200.000000, 1.000000, 2, 16.441126, 26952.473042, 26952.473042
Z3, 2, 3, 720, 7080.000000, 0.150867, 46928.751815, 47200.000000, 1.000000, 2, 16.441126, 26944.939337, 26944.939337
Z3, 3, 3, 720, 5664.000000, 0.150933, 37526.584644, 37760.000000, 1.000000, 2, 16.441126, 25064.505903, 25064.505903
Z3, 4, 3, 720, 7080.000000, 0.150909, 46915.690913, 47200.000000, 1.000000, 2, 16.441126, 26942.327157, 26942.327157
Z3, 5, 3, 720, 7080.000000, 0.150940, 46906.055386, 47200.000000, 1.000000, 2, 16.441126, 26940.400052, 26940.400052
Z3, 6, 3, 720, 5664.000000, 0.150937, 37525.590147, 37760.000000, 1.000000, 2, 16.441126, 25064.307004, 25064.307004
Z3, 7, 3, 720, 7080.000000, 0.150923, 46911.338895, 47200.000000, 1.000000, 2, 16.441126, 26941.456753, 26941.456753
Z3, 8, 3, 720, 7080.000000, 0.150940, 46906.055386, 47200.000000, 1.000000, 2, 16.441126, 26940.400052, 26940.400052
Z3, 9, 3, 720, 14120.000000, 0.150982, 93521.081983, 94128.000000, 1.000000, 2, 16.441126, 36263.405371, 36263.405371
Z3, 10, 3, 720, 17536.000000, 0.151077, 116073.260655, 116128.000000, 1.000000, 2, 16.441126, 40773.841105, 40773.841105
Z3, 11, 3, 720, 16008.000000, 0.150945, 106051.873199, 106720.000000, 1.000000, 2, 16.441126, 38769.563614, 38769.563614
Z3, 12, 3, 720, 10896.000000, 0.150961, 72177.582289, 72640.000000, 1.000000, 2, 16.441126, 31994.705432, 31994.705432
Z3, 13, 3, 720, 19720.000000, 0.150975, 130617.651929, 131464.000000, 1.000000, 2, 16.441126, 43682.719360, 43682.719360
Z3, 14, 3, 720, 20104.000000, 0.151058, 133087.952972, 133136.000000, 1.000000, 2, 16.441126, 44176.779569, 44176.779569
Z3, 15, 3, 720, 12504.000000, 0.151009, 82803.011741, 82800.000000, 1.000000, 2, 16.441126, 34119.791323, 34119.791323
Z3, 16, 3, 720, 23072.000000, 0.151047, 152747.158169, 152792.000000, 1.000000, 2, 16.441126, 48108.620608, 48108.620608
Z3, 17, 3, 720, 18112.000000, 0.150976, 119966.087325, 120744.000000, 1.000000, 2, 16.441126, 41552.406439, 41552.406439
Z3, 18, 3, 720, 18632.000000, 0.150929, 123448.773927, 124208.000000, 1.000000, 2, 16.441126, 42248.943760, 42248.943760
Z3, 19, 3, 720, 9664.000000, 0.151005, 63997.880865, 64000.000000, 1.000000, 2, 16.441126, 30358.765147, 30358.765147
Z3, 20, 3, 720, 12280.000000, 0.150946, 81353.596650, 81864.000000, 1.000000, 2, 16.441126, 33829.908305, 33829.908305
Z3, 21, 3, 720, 10368.000000, 0.150958, 68681.355079, 69120.000000, 1.000000, 2, 16.441126, 31295.459990, 31295.459990
Z3, 22, 3, 720, 10520.000000, 0.150943, 69695.182950, 70128.000000, 1.000000, 2, 16.441126, 31498.225564, 31498.225564
Z3, 23, 3, 720, 15288.000000, 0.151022, 101230.284329, 101240.000000, 1.000000, 2, 16.441126, 37805.245840, 37805.245840
Z3, 24, 3, 720, 16344.000000, 0.150922, 108294.350724, 108960.000000, 1.000000, 2, 16.441126, 39218.059119, 39218.059119
Z3, 25, 3, 720, 9016.000000, 0.150960, 59724.430313, 60104.000000, 1.000000, 2, 16.441126, 29504.075037, 29504.075037
Z3, 26, 3, 720, 13800.000000, 0.151028, 91373.784994, 91384.000000, 1.000000, 2, 16.441126, 35833.945973, 35833.945973
Z3, 27, 3, 720, 17664.000000, 0.151053, 116939.087605, 116976.000000, 1.000000, 2, 16.441126, 40947.006495, 40947.006495
Z3, 28, 3, 720, 10240.000000, 0.151007, 67811.425960, 67808.000000, 1.000000, 2, 16.441126, 31121.474166, 31121.474166
Z3, 29, 3, 720, 8424.000000, 0.150991, 55791.404786, 56160.000000, 1.000000, 2, 16.441126, 28717.469932, 28717.469932
Z3, 30, 3, 720, 6376.000000, 0.150978, 42231.318470, 42504.000000, 1.000000, 2, 16.441126, 26005.452668, 26005.452668
Z3, 31, 3, 720, 6872.000000, 0.150980, 45515.962379, 45808.000000, 1.000000, 2, 16.441126, 26662.381450, 26662.381450
Z3, 32, 3, 720, 6872.000000, 0.150918, 45534.661207, 45808.000000, 1.000000, 2, 16.441126, 26666.121216, 26666.121216
Z3, 33, 3, 720, 6376.000000, 0.150844, 42268.834027, 42504.000000, 1.000000, 2, 16.441126, 26012.955780, 26012.955780
Z3, 34, 3, 720, 6872.000000, 0.150910, 45537.075078, 45808.000000, 1.000000, 2, 16.441126, 26666.603990, 26666.603990
Z3, 35, 3, 720, 6872.000000, 0.151004, 45508.728246, 45504.000000, 1.000000, 2, 16.441126, 26660.934624, 26660.934624
Z3, 36, 3, 720, 6376.000000, 0.150991, 42227.682445, 42504.000000, 1.000000, 2, 16.441126, 26004.725463, 26004.725463
Z3, 37, 3, 720, 6872.000000, 0.150917, 45534.962927, 45808.000000, 1.000000, 2, 16.441126, 26666.181560, 26666.181560
Z3, 38, 3, 720, 6872.000000, 0.150924, 45532.850971, 45808.000000, 1.000000, 2, 16.441126, 26665.759169, 26665.759169
Z1, 0, 4, 720, 7200.000000, 0.471692, 15264.197824, 15280.000000, 1.000000, 2, 24.659995, 29718.598733, 29718.598733
Z2, 0, 4, 720, 6624.000000, 0.472196, 14028.073088, 14032.000000, 1.000000, 2, 24.659995, 29471.373786, 29471.373786
Z2, 1, 4, 720, 6648.000000, 0.150898, 44056.249917, 44320.000000, 1.000000, 2, 24.659995, 35477.009152, 35477.009152
Z2, 2, 4, 720, 7296.000000, 0.150953, 48332.924818, 48640.000000, 1.000000, 2, 24.659995, 36332.344132, 36332.344132
Z2, 3, 4, 720, 17272.000000, 0.151026, 114364.414074, 114384.000000, 1.000000, 2, 24.659995, 49538.641984, 49538.641984
Z2, 4, 4, 720, 22592.000000, 0.151004, 149611.930810, 149608.000000, 1.000000, 2, 24.659995, 56588.145331, 56588.145331
Z2, 5, 4, 720, 17472.000000, 0.151021, 115692.519583, 115704.000000, 1.000000, 2, 24.659995, 49804.263085, 49804.263085
Z2, 6, 4, 720, 6424.000000, 0.150911, 42568.136186, 42824.000000, 1.000000, 2, 24.659995, 35179.386406, 35179.386406
Z2, 7, 4, 720, 6872.000000, 0.150936, 45529.230932, 45808.000000, 1.000000, 2, 24.659995, 35771.605355, 35771.605355
Z3, 0, 4, 720, 6448.000000, 0.472442, 13648.236186, 13656.000000, 1.000000, 2, 24.659995, 29395.406406, 29395.406406
Z3, 1, 4, 720, 7448.000000, 0.150936, 49345.417925, 49648.000000, 1.000000, 2, 24.659995, 36534.842754, 36534.842754
Z3, 2, 4, 720, 7424.000000, 0.150903, 49197.166392, 49488.000000, 1.000000, 2, 24.659995, 36505.192447, 36505.192447
Z3, 3, 4, 720, 6648.000000, 0.150890, 44058.585725, 44320.000000, 1.000000, 2, 24.659995, 35477.476314, 35477.476314
Z3, 4, 4, 720, 7224.000000, 0.150858, 47886.091556, 48160.000000, 1.000000, 2, 24.659995, 36242.977480, 36242.977480
Z3, 5, 4, 720, 7240.000000, 0.150883, 47984.199678, 48264.000000, 1.000000, 2, 24.659995, 36262.599104, 36262.599104
Z3, 6, 4, 720, 6648.000000, 0.150910, 44052.746670, 44320.000000, 1.000000, 2, 24.659995, 35476.308503, 35476.308503
Z3, 7, 4, 720, 7232.000000, 0.150886, 47930.225468, 48208.000000, 1.000000, 2, 24.659995, 36251.804262, 36251.804262
Z3, 8, 4, 720, 7296.000000, 0.150874, 48358.232697, 48640.000000, 1.000000, 2, 24.659995, 36337.405708, 36337.405708
Z3, 9, 4, 720, 16456.000000, 0.151017, 108967.864545, 108976.000000, 1.000000, 2, 24.659995, 48459.332078, 48459.332078
Z3, 10, 4, 720, 25392.000000, 0.151072, 168078.796865, 168152.000000, 1.000000, 2, 24.659995, 60281.518542, 60281.518542
Z3, 11, 4, 720, 21592.000000, 0.151019, 142975.387203, 142992.000000, 1.000000, 2, 24.659995, 55260.836609, 55260.836609
Z3, 12, 4, 720, 13528.000000, 0.150984, 89598.897896, 90184.000000, 1.000000, 2, 24.659995, 44585.538748, 44585.538748
Z3, 13, 4, 720, 29512.000000, 0.151055, 195372.546423, 195440.000000, 1.000000, 2, 24.659995, 65740.268453, 65740.268453
Z3, 14, 4, 720, 29688.000000, 0.151062, 196528.577670, 196608.000000, 1.000000, 2, 24.659995, 65971.474703, 65971.474703
Z3, 15, 4, 720, 16760.000000, 0.151022, 110977.208619, 110992.000000, 1.000000, 2, 24.659995, 48861.200892, 48861.200892
Z3, 16, 4, 720, 33128.000000, 0.150991, 219403.805525, 220848.000000, 1.000000, 2, 24.659995, 70546.520274, 70546.520274
Z3, 17, 4, 720, 26248.000000, 0.151083, 173732.319321, 173824.000000, 1.000000, 2, 24.659995, 61412.223033, 61412.223033
Z3, 18, 4, 720, 26240.000000, 0.151045, 173723.062663, 173768.000000, 1.000000, 2, 24.659995, 61410.371701, 61410.371701
Z3, 19, 4, 720, 14624.000000, 0.150910, 96905.440329, 97488.000000, 1.000000, 2, 24.659995, 46046.847234, 46046.847234
Z3, 20, 4, 720, 26816.000000, 0.151088, 177485.968442, 177584.000000, 1.000000, 2, 24.659995, 62162.952857, 62162.952857
Z3, 21, 4, 720, 23128.000000, 0.151062, 153102.699554, 153160.000000, 1.000000, 2, 24.659995, 57286.299079, 57286.299079
Z3, 22, 4, 720, 19440.000000, 0.151041, 128706.774982, 128736.000000, 1.000000, 2, 24.659995, 52407.114165, 52407.114165
Z3, 23, 4, 720, 29088.000000, 0.151030, 192597.497186, 192632.000000, 1.000000, 2, 24.659995, 65185.258606, 65185.258606
Z3, 24, 4, 720, 29840.000000, 0.151063, 197533.479409, 197608.000000, 1.000000, 2, 24.659995, 66172.455051, 66172.455051
Z3, 25, 4, 720, 17200.000000, 0.151004, 113904.267437, 113904.000000, 1.000000, 2, 24.659995, 49446.612656, 49446.612656
Z3, 26, 4, 720, 25664.000000, 0.150985, 169977.150048, 171088.000000, 1.000000, 2, 24.659995, 60661.189178, 60661.189178
Z3, 27, 4, 720, 26808.000000, 0.151107, 177410.708968, 177536.000000, 1.000000, 2, 24.659995, 62147.900962, 62147.900962
Z3, 28, 4, 720, 12720.000000, 0.150939, 84272.454435, 84800.000000, 1.000000, 2, 24.659995, 43520.250056, 43520.250056
Z3, 29, 4, 720, 11496.000000, 0.150990, 76137.492549, 76640.000000, 1.000000, 2, 24.659995, 41893.257679, 41893.257679
Z3, 30, 4, 720, 6448.000000, 0.150945, 42717.546126, 42984.000000, 1.000000, 2, 24.659995, 35209.268394, 35209.268394
Z3, 31, 4, 720, 7200.000000, 0.150861, 47726.052459, 48000.000000, 1.000000, 2, 24.659995, 36210.969660, 36210.969660
Z3, 32, 4, 720, 7520.000000, 0.150968, 49811.880663, 50128.000000, 1.000000, 2, 24.659995, 36628.135301, 36628.135301
Z3, 33, 4, 720, 6728.000000, 0.150947, 44571.935845, 44848.000000, 1.000000, 2, 24.659995, 35580.146338, 35580.146338
Z3, 34, 4, 720, 7224.000000, 0.150955, 47855.321122, 48160.000000, 1.000000, 2, 24.659995, 36236.823393, 36236.823393
Z3, 35, 4, 720, 7256.000000, 0.150906, 48082.912542, 48368.000000, 1.000000, 2, 24.659995, 36282.341677, 36282.341677
Z3, 36, 4, 720, 6544.000000, 0.150945, 43353.539369, 43624.000000, 1.000000, 2, 24.659995, 35336.467042, 35336.467042
Z3, 37, 4, 720, 12272.000000, 0.151003, 81269.908545, 81264.000000, 1.000000, 2, 24.659995, 42919.740878, 42919.740878
Z3, 38, 4, 720, 8544.000000, 0.150793, 56660.455061, 56960.000000, 1.000000, 2, 24.659995, 37997.850181, 37997.850181
Z1, 0, 5, 720, 20272.000000, 0.472733, 42882.557384, 42944.000000, 1.000000, 2, 32.878028, 46574.361658, 46574.361658
Z2, 0, 5, 720, 6624.000000, 0.474052, 13973.150625, 13968.000000, 1.000000, 2, 32.878028, 40792.480306, 40792.480306
Z2, 1, 5, 720, 7616.000000, 0.150962, 50449.782064, 50768.000000, 1.000000, 2, 32.878028, 48087.806594, 48087.806594
Z2, 2, 5, 720, 8792.000000, 0.151001, 58224.779968, 58224.000000, 1.000000, 2, 32.878028, 49642.806175, 49642.806175
Z2, 3, 5, 720, 8816.000000, 0.150980, 58391.839979, 58768.000000, 1.000000, 2, 32.878028, 49676.218177, 49676.218177
Z2, 4, 5, 720, 14976.000000, 0.151013, 99170.270109, 99176.000000, 1.000000, 2, 32.878028, 57831.904203, 57831.904203
Z2, 5, 5, 720, 25312.000000, 0.151143, 167470.541143, 167624.000000, 1.000000, 2, 32.878028, 71491.958410, 71491.958410
Z2, 6, 5, 720, 13208.000000, 0.151133, 87393.223188, 87464.000000, 1.000000, 2, 32.878028, 55476.494818, 55476.494818
Z2, 7, 5, 720, 16320.000000, 0.151002, 108078.038701, 108072.000000, 1.000000, 2, 32.878028, 59613.457921, 59613.457921
Z3, 0, 5, 720, 7712.000000, 0.473842, 16275.467350, 16304.000000, 1.000000, 2, 32.878028, 41252.943651, 41252.943651
Z3, 1, 5, 720, 9624.000000, 0.150876, 63787.481110, 64160.000000, 1.000000, 2, 32.878028, 50755.346403, 50755.346403
Z3, 2, 5, 720, 9096.000000, 0.150955, 60256.367792, 60640.000000, 1.000000, 2, 32.878028, 50049.123739, 50049.123739
Z3, 3, 5, 720, 7632.000000, 0.150893, 50578.887026, 50880.000000, 1.000000, 2, 32.878028, 48113.627586, 48113.627586
Z3, 4, 5, 720, 8304.000000, 0.150936, 55016.695818, 55360.000000, 1.000000, 2, 32.878028, 49001.189344, 49001.189344
Z3, 5, 5, 720, 8504.000000, 0.150963, 56331.683923, 56688.000000, 1.000000, 2, 32.878028, 49264.186965, 49264.186965
Z3, 6, 5, 720, 7384.000000, 0.150943, 48919.128413, 49224.000000, 1.000000, 2, 32.878028, 47781.675863, 47781.675863
Z3, 7, 5, 720, 8968.000000, 0.150958, 59407.252348, 59784.000000, 1.000000, 2, 32.878028, 49879.300651, 49879.300651
Z3, 8, 5, 720, 8912.000000, 0.150958, 59036.288239, 59408.000000, 1.000000, 2, 32.878028, 49805.107829, 49805.107829
Z3, 9, 5, 720, 16688.000000, 0.151010, 110509.237799, 110512.000000, 1.000000, 2, 32.878028, 60099.697741, 60099.697741
Z3, 10, 5, 720, 23832.000000, 0.151065, 157759.904677, 157824.000000, 1.000000, 2, 32.878028, 69549.831116, 69549.831116
Z3, 11, 5, 720, 21144.000000, 0.150987, 140038.546365, 140960.000000, 1.000000, 2, 32.878028, 66005.559454, 66005.559454
Z3, 12, 5, 720, 14272.000000, 0.150962, 94540.347902, 95144.000000, 1.000000, 2, 32.878028, 56905.919761, 56905.919761
Z3, 13, 5, 720, 27640.000000, 0.151038, 183000.304559, 183040.000000, 1.000000, 2, 32.878028, 74597.911093, 74597.911093
Z3, 14, 5, 720, 33288.000000, 0.150991, 220463.471333, 221920.000000, 1.000000, 2, 32.878028, 82090.544447, 82090.544447
Z3, 15, 5, 720, 17576.000000, 0.150903, 116472.170865, 117168.000000, 1.000000, 2, 32.878028, 61292.284354, 61292.284354
Z3, 16, 5, 720, 34872.000000, 0.151021, 230908.284278, 230936.000000, 1.000000, 2, 32.878028, 84179.507037, 84179.507037
Z3, 17, 5, 720, 27336.000000, 0.151055, 180967.197378, 181032.000000, 1.000000, 2, 32.878028, 74191.289657, 74191.289657
Z3, 18, 5, 720, 18312.000000, 0.150966, 121298.835499, 122080.000000, 1.000000, 2, 32.878028, 62257.617281, 62257.617281
Z3, 19, 5, 720, 41432.000000, 0.151157, 274099.115489, 274384.000000, 1.000000, 2, 32.878028, 92817.673279, 92817.673279
Z3, 20, 5, 720, 36760.000000, 0.151116, 243256.835808, 243440.000000, 1.000000, 2, 32.878028, 86649.217343, 86649.217343
Z3, 21, 5, 720, 21272.000000, 0.151016, 140859.246702, 140872.000000, 1.000000, 2, 32.878028, 66169.699521, 66169.699521
Z3, 22, 5, 720, 43464.000000, 0.151108, 287635.333669, 287840.000000, 1.000000, 2, 32.878028, 95524.916915, 95524.916915
Z3, 23, 5, 720, 42000.000000, 0.151119, 277926.667064, 278144.000000, 1.000000, 2, 32.878028, 93583.183594, 93583.183594
Z3, 24, 5, 720, 20304.000000, 0.151015, 134450.220177, 134456.000000, 1.000000, 2, 32.878028, 64887.894216, 64887.894216
Z3, 25, 5, 720, 32736.000000, 0.151090, 216665.563571, 216792.000000, 1.000000, 2, 32.878028, 81330.962895, 81330.962895
Z3, 26, 5, 720, 34608.000000, 0.151164, 228943.399222, 229192.000000, 1.000000, 2, 32.878028, 83786.530025, 83786.530025
Z3, 27, 5, 720, 21272.000000, 0.150987, 140886.301470, 141808.000000, 1.000000, 2, 32.878028, 66175.110475, 66175.110475
Z3, 28, 5, 720, 8752.000000, 0.150954, 57977.927051, 58344.000000, 1.000000, 2, 32.878028, 49593.435591, 49593.435591
Z3, 29, 5, 720, 12760.000000, 0.151039, 84481.491535, 84496.000000, 1.000000, 2, 32.878028, 54894.148488, 54894.148488
Z3, 30, 5, 720, 15440.000000, 0.151083, 102195.481954, 102248.000000, 1.000000, 2, 32.878028, 58436.946572, 58436.946572
Z3, 31, 5, 720, 10000.000000, 0.150959, 66243.152114, 66664.000000, 1.000000, 2, 32.878028, 51246.480604, 51246.480604
Z3, 32, 5, 720, 15200.000000, 0.151013, 100653.586115, 100656.000000, 1.000000, 2, 32.878028, 58128.567404, 58128.567404
Z3, 33, 5, 720, 18352.000000, 0.151004, 121533.204418, 121536.000000, 1.000000, 2, 32.878028, 62304.491065, 62304.491065
Z3, 34, 5, 720, 11224.000000, 0.151004, 74329.156844, 74328.000000, 1.000000, 2, 32.878028, 52863.681550, 52863.681550
Z3, 35, 5, 720, 23240.000000, 0.151058, 153848.190761, 153904.000000, 1.000000, 2, 32.878028, 68767.488333, 68767.488333
Z3, 36, 5, 720, 16824.000000, 0.151016, 111405.413996, 111416.000000, 1.000000, 2, 32.878028, 60278.932980, 60278.932980
Z3, 37, 5, 720, 9680.000000, 0.150961, 64122.521711, 64528.000000, 1.000000, 2, 32.878028, 50822.354523, 50822.354523
Z3, 38, 5, 720, 12888.000000, 0.150966, 85370.215810, 85920.000000, 1.000000, 2, 32.878028, 55071.893343, 55071.893343
