Zone, Tile_no, Seg_no, Reso, Seg_d_size, Seg_d_time, Bitrate, Bitrate1, Buf_lev, Buf_limit, Elapsed, Ref_vp, Local_avg,QoE,QoE1,Z1,Z2,Z3,delay,jitter,loss
Z1,0,1,720,9960.0,0.235452,42301.615616,42376.0,1.0,2,5.8e-05,42301.615616,42301.615616,5838376.543291999,15946380.6668626,698680.4252777,17831000.8186587,118911042.0543647,50,25,3
Z2,0,1,720,8952.0,0.146459,61122.908118,61312.0,1.0,2,5.8e-05,30561.454059,30561.454059,5838376.543291999,15946380.6668626,698680.4252777,17831000.8186587,118911042.0543647,50,25,3
Z2,1,1,720,5424.0,0.067488,80369.843528,80952.0,1.0,2,5.8e-05,26789.947843,26789.947843,5838376.543291999,15946380.6668626,698680.4252777,17831000.8186587,118911042.0543647,50,25,3
Z2,2,1,720,7080.0,0.054608,129651.333138,131104.0,1.0,2,5.8e-05,32412.833285,32412.833285,5838376.543291999,15946380.6668626,698680.4252777,17831000.8186587,118911042.0543647,50,25,3
Z2,3,1,720,18976.0,0.069413,273378.185642,275008.0,1.0,2,5.8e-05,54675.637128,54675.637128,5838376.543291999,15946380.6668626,698680.4252777,17831000.8186587,118911042.0543647,50,25,3
Z2,4,1,720,8720.0,0.046696,186739.763577,189560.0,1.0,2,5.8e-05,37347.952715,37347.952715,5838376.543291999,15946380.6668626,698680.4252777,17831000.8186587,118911042.0543647,50,25,3
Z2,5,1,720,8336.0,0.281917,29568.986617,29664.0,1.0,2,5.8e-05,5913.797323,5913.797323,5838376.543291999,15946380.6668626,698680.4252777,17831000.8186587,118911042.0543647,50,25,3
Z2,6,1,720,6376.0,0.053,120301.886792,120296.0,1.0,2,5.8e-05,24060.377358,24060.377358,5838376.543291999,15946380.6668626,698680.4252777,17831000.8186587,118911042.0543647,50,25,3
Z2,7,1,720,6872.0,0.031418,218728.11764,221672.0,1.0,2,5.8e-05,43745.623528,43745.623528,5838376.543291999,15946380.6668626,698680.4252777,17831000.8186587,118911042.0543647,50,25,3
Z3,0,1,720,7080.0,0.187621,37735.647929,37856.0,1.0,2,5.8e-05,7547.129586,7547.129586,5838376.543291999,15946380.6668626,698680.4252777,17831000.8186587,118911042.0543647,50,25,3
Z3,1,1,720,7080.0,0.074383,95183.039135,95672.0,1.0,2,5.8e-05,19036.607827,19036.607827,5838376.543291999,15946380.6668626,698680.4252777,17831000.8186587,118911042.0543647,50,25,3
Z3,2,1,720,5664.0,0.027037,209490.697932,209776.0,1.0,2,5.8e-05,41898.139586,41898.139586,5838376.543291999,15946380.6668626,698680.4252777,17831000.8186587,118911042.0543647,50,25,3
Z3,3,1,720,7080.0,0.033925,208695.652174,214544.0,1.0,2,5.8e-05,41739.130435,41739.130435,5838376.543291999,15946380.6668626,698680.4252777,17831000.8186587,118911042.0543647,50,25,3
Z3,4,1,720,7080.0,0.029776,237775.389575,244136.0,1.0,2,5.8e-05,47555.077915,47555.077915,5838376.543291999,15946380.6668626,698680.4252777,17831000.8186587,118911042.0543647,50,25,3
Z3,5,1,720,5664.0,0.042709,132618.417664,134856.0,1.0,2,5.8e-05,26523.683533,26523.683533,5838376.543291999,15946380.6668626,698680.4252777,17831000.8186587,118911042.0543647,50,25,3
Z3,6,1,720,7080.0,0.035067,201899.22149,202280.0,1.0,2,5.8e-05,40379.844298,40379.844298,5838376.543291999,15946380.6668626,698680.4252777,17831000.8186587,118911042.0543647,50,25,3
Z3,7,1,720,7080.0,0.056286,125786.163522,126424.0,1.0,2,5.8e-05,25157.232704,25157.232704,5838376.543291999,15946380.6668626,698680.4252777,17831000.8186587,118911042.0543647,50,25,3
Z3,8,1,720,5664.0,0.03546,159729.27242,161824.0,1.0,2,5.8e-05,31945.854484,31945.854484,5838376.543291999,15946380.6668626,698680.4252777,17831000.8186587,118911042.0543647,50,25,3
Z3,9,1,720,7080.0,0.075937,93235.181795,94400.0,1.0,2,5.8e-05,18647.036359,18647.036359,5838376.543291999,15946380.6668626,698680.4252777,17831000.8186587,118911042.0543647,50,25,3
Z3,10,1,720,12904.0,0.046346,278427.480257,280520.0,1.0,2,5.8e-05,55685.496051,55685.496051,5838376.543291999,15946380.6668626,698680.4252777,17831000.8186587,118911042.0543647,50,25,3
Z3,11,1,720,17344.0,0.070853,244788.50578,247768.0,1.0,2,5.8e-05,48957.701156,48957.701156,5838376.543291999,15946380.6668626,698680.4252777,17831000.8186587,118911042.0543647,50,25,3
Z3,12,1,720,16912.0,0.046037,367356.691357,367648.0,1.0,2,5.8e-05,73471.338271,73471.338271,5838376.543291999,15946380.6668626,698680.4252777,17831000.8186587,118911042.0543647,50,25,3
Z3,13,1,720,13240.0,0.054995,240749.159014,245184.0,1.0,2,5.8e-05,48149.831803,48149.831803,5838376.543291999,15946380.6668626,698680.4252777,17831000.8186587,118911042.0543647,50,25,3
Z3,14,1,720,28328.0,0.048056,589478.941235,590160.0,1.0,2,5.8e-05,117895.788247,117895.788247,5838376.543291999,15946380.6668626,698680.4252777,17831000.8186587,118911042.0543647,50,25,3
Z3,15,1,720,30528.0,0.06461,472496.517567,477000.0,1.0,2,5.8e-05,94499.303513,94499.303513,5838376.543291999,15946380.6668626,698680.4252777,17831000.8186587,118911042.0543647,50,25,3
Z3,16,1,720,16360.0,0.039609,413037.440986,419480.0,1.0,2,5.8e-05,82607.488197,82607.488197,5838376.543291999,15946380.6668626,698680.4252777,17831000.8186587,118911042.0543647,50,25,3
Z3,17,1,720,33216.0,0.185376,179181.771103,179544.0,1.0,2,5.8e-05,35836.354221,35836.354221,5838376.543291999,15946380.6668626,698680.4252777,17831000.8186587,118911042.0543647,50,25,3
Z3,18,1,720,28000.0,0.048344,579182.525236,583328.0,1.0,2,5.8e-05,115836.505047,115836.505047,5838376.543291999,15946380.6668626,698680.4252777,17831000.8186587,118911042.0543647,50,25,3
Z3,19,1,720,15744.0,0.036573,430481.502748,437328.0,1.0,2,5.8e-05,86096.30055,86096.30055,5838376.543291999,15946380.6668626,698680.4252777,17831000.8186587,118911042.0543647,50,25,3
Z3,20,1,720,16024.0,0.195138,82116.245939,82168.0,1.0,2,5.8e-05,16423.249188,16423.249188,5838376.543291999,15946380.6668626,698680.4252777,17831000.8186587,118911042.0543647,50,25,3
Z3,21,1,720,11576.0,0.0324,357283.950617,361744.0,1.0,2,5.8e-05,71456.790123,71456.790123,5838376.543291999,15946380.6668626,698680.4252777,17831000.8186587,118911042.0543647,50,25,3
Z3,22,1,720,10816.0,0.069418,155809.732346,156752.0,1.0,2,5.8e-05,31161.946469,31161.946469,5838376.543291999,15946380.6668626,698680.4252777,17831000.8186587,118911042.0543647,50,25,3
Z3,23,1,720,13224.0,0.074039,178608.571158,178696.0,1.0,2,5.8e-05,35721.714232,35721.714232,5838376.543291999,15946380.6668626,698680.4252777,17831000.8186587,118911042.0543647,50,25,3
Z3,24,1,720,17528.0,0.049052,357335.072984,357712.0,1.0,2,5.8e-05,71467.014597,71467.014597,5838376.543291999,15946380.6668626,698680.4252777,17831000.8186587,118911042.0543647,50,25,3
Z3,25,1,720,23824.0,0.031762,750078.710409,768512.0,1.0,2,5.8e-05,150015.742082,150015.742082,5838376.543291999,15946380.6668626,698680.4252777,17831000.8186587,118911042.0543647,50,25,3
Z3,26,1,720,11024.0,0.034144,322867.853796,324232.0,1.0,2,5.8e-05,64573.570759,64573.570759,5838376.543291999,15946380.6668626,698680.4252777,17831000.8186587,118911042.0543647,50,25,3
Z3,27,1,720,15112.0,0.043527,347186.803593,351440.0,1.0,2,5.8e-05,69437.360719,69437.360719,5838376.543291999,15946380.6668626,698680.4252777,17831000.8186587,118911042.0543647,50,25,3
Z3,28,1,720,24552.0,0.059408,413277.673041,416128.0,1.0,2,5.8e-05,82655.534608,82655.534608,5838376.543291999,15946380.6668626,698680.4252777,17831000.8186587,118911042.0543647,50,25,3
Z3,29,1,720,10824.0,0.026646,406214.816483,416304.0,1.0,2,5.8e-05,81242.963297,81242.963297,5838376.543291999,15946380.6668626,698680.4252777,17831000.8186587,118911042.0543647,50,25,3
Z3,30,1,720,6872.0,0.053232,129095.281034,129656.0,1.0,2,5.8e-05,25819.056207,25819.056207,5838376.543291999,15946380.6668626,698680.4252777,17831000.8186587,118911042.0543647,50,25,3
Z3,31,1,720,6872.0,0.03988,172316.950853,176200.0,1.0,2,5.8e-05,34463.390171,34463.390171,5838376.543291999,15946380.6668626,698680.4252777,17831000.8186587,118911042.0543647,50,25,3
Z3,32,1,720,6376.0,0.05513,115653.908942,115920.0,1.0,2,5.8e-05,23130.781788,23130.781788,5838376.543291999,15946380.6668626,698680.4252777,17831000.8186587,118911042.0543647,50,25,3
Z3,33,1,720,6872.0,0.058904,116664.403097,118480.0,1.0,2,5.8e-05,23332.880619,23332.880619,5838376.543291999,15946380.6668626,698680.4252777,17831000.8186587,118911042.0543647,50,25,3
Z3,34,1,720,6872.0,0.047861,143582.457533,146208.0,1.0,2,5.8e-05,28716.491507,28716.491507,5838376.543291999,15946380.6668626,698680.4252777,17831000.8186587,118911042.0543647,50,25,3
Z3,35,1,720,6376.0,0.061709,103323.664295,104520.0,1.0,2,5.8e-05,20664.732859,20664.732859,5838376.543291999,15946380.6668626,698680.4252777,17831000.8186587,118911042.0543647,50,25,3
Z3,36,1,720,6872.0,0.06803,101014.258415,101056.0,1.0,2,5.8e-05,20202.851683,20202.851683,5838376.543291999,15946380.6668626,698680.4252777,17831000.8186587,118911042.0543647,50,25,3
Z3,37,1,720,6872.0,0.073805,93110.222885,94136.0,1.0,2,5.8e-05,18622.044577,18622.044577,5838376.543291999,15946380.6668626,698680.4252777,17831000.8186587,118911042.0543647,50,25,3
Z3,38,1,720,6376.0,0.054001,118071.887558,118072.0,1.0,2,5.8e-05,23614.377512,23614.377512,5838376.543291999,15946380.6668626,698680.4252777,17831000.8186587,118911042.0543647,50,25,3
Z1,0,2,720,7080.0,0.169276,41825.184905,41888.0,1.0,2,3.359628,31979.414493,31979.414493,5838376.543291999,15946380.6668626,698680.4252777,17831000.8186587,118911042.0543647,50,25,3
Z2,0,2,720,6624.0,0.184048,35990.611145,36000.0,1.0,2,3.359628,30812.499741,30812.499741,5838376.543291999,15946380.6668626,698680.4252777,17831000.8186587,118911042.0543647,50,25,3
Z2,1,2,720,5424.0,0.321108,16891.513136,16896.0,1.0,2,3.359628,26992.680139,26992.680139,5838376.543291999,15946380.6668626,698680.4252777,17831000.8186587,118911042.0543647,50,25,3
Z2,2,2,720,7080.0,0.062767,112798.126404,114192.0,1.0,2,3.359628,46174.002792,46174.002792,5838376.543291999,15946380.6668626,698680.4252777,17831000.8186587,118911042.0543647,50,25,3
Z2,3,2,720,12648.0,0.070893,178409.716051,180680.0,1.0,2,3.359628,59296.320722,59296.320722,5838376.543291999,15946380.6668626,698680.4252777,17831000.8186587,118911042.0543647,50,25,3
Z2,4,2,720,15344.0,0.031848,481788.495353,494960.0,1.0,2,3.359628,119972.076582,119972.076582,5838376.543291999,15946380.6668626,698680.4252777,17831000.8186587,118911042.0543647,50,25,3
Z2,5,2,720,18392.0,0.036063,509996.395197,510888.0,1.0,2,3.359628,125613.656551,125613.656551,5838376.543291999,15946380.6668626,698680.4252777,17831000.8186587,118911042.0543647,50,25,3
Z2,6,2,720,9160.0,0.029921,306139.500685,315856.0,1.0,2,3.359628,84842.277649,84842.277649,5838376.543291999,15946380.6668626,698680.4252777,17831000.8186587,118911042.0543647,50,25,3
Z2,7,2,720,8048.0,0.059365,135568.095679,136400.0,1.0,2,3.359628,50727.996647,50727.996647,5838376.543291999,15946380.6668626,698680.4252777,17831000.8186587,118911042.0543647,50,25,3
Z3,0,2,720,7080.0,0.144692,48931.523512,49160.0,1.0,2,3.359628,33400.682214,33400.682214,5838376.543291999,15946380.6668626,698680.4252777,17831000.8186587,118911042.0543647,50,25,3
Z3,1,2,720,7080.0,0.036799,192396.532514,196664.0,1.0,2,3.359628,62093.684014,62093.684014,5838376.543291999,15946380.6668626,698680.4252777,17831000.8186587,118911042.0543647,50,25,3
Z3,2,2,720,5664.0,0.026092,217078.031581,217840.0,1.0,2,3.359628,67029.983828,67029.983828,5838376.543291999,15946380.6668626,698680.4252777,17831000.8186587,118911042.0543647,50,25,3
Z3,3,2,720,7080.0,0.072469,97696.94628,98328.0,1.0,2,3.359628,43153.766768,43153.766768,5838376.543291999,15946380.6668626,698680.4252777,17831000.8186587,118911042.0543647,50,25,3
Z3,4,2,720,7080.0,0.061441,115232.499471,116064.0,1.0,2,3.359628,46660.877406,46660.877406,5838376.543291999,15946380.6668626,698680.4252777,17831000.8186587,118911042.0543647,50,25,3
Z3,5,2,720,5664.0,0.036582,154830.244382,157328.0,1.0,2,3.359628,54580.426388,54580.426388,5838376.543291999,15946380.6668626,698680.4252777,17831000.8186587,118911042.0543647,50,25,3
Z3,6,2,720,7080.0,0.063773,111018.769699,112376.0,1.0,2,3.359628,45818.131451,45818.131451,5838376.543291999,15946380.6668626,698680.4252777,17831000.8186587,118911042.0543647,50,25,3
Z3,7,2,720,7080.0,0.056904,124420.075917,126424.0,1.0,2,3.359628,48498.392695,48498.392695,5838376.543291999,15946380.6668626,698680.4252777,17831000.8186587,118911042.0543647,50,25,3
Z3,8,2,720,5664.0,0.050062,113139.706764,113280.0,1.0,2,3.359628,46242.318864,46242.318864,5838376.543291999,15946380.6668626,698680.4252777,17831000.8186587,118911042.0543647,50,25,3
Z3,9,2,720,17112.0,0.046787,365742.620813,372000.0,1.0,2,3.359628,96762.901674,96762.901674,5838376.543291999,15946380.6668626,698680.4252777,17831000.8186587,118911042.0543647,50,25,3
Z3,10,2,720,15320.0,0.05715,268066.491689,268768.0,1.0,2,3.359628,77227.675849,77227.675849,5838376.543291999,15946380.6668626,698680.4252777,17831000.8186587,118911042.0543647,50,25,3
Z3,11,2,720,10704.0,0.048688,219848.833388,223000.0,1.0,2,3.359628,67584.144189,67584.144189,5838376.543291999,15946380.6668626,698680.4252777,17831000.8186587,118911042.0543647,50,25,3
Z3,12,2,720,18776.0,0.051644,363565.951514,368152.0,1.0,2,3.359628,96327.567814,96327.567814,5838376.543291999,15946380.6668626,698680.4252777,17831000.8186587,118911042.0543647,50,25,3
Z3,13,2,720,21848.0,0.065907,331497.413021,336120.0,1.0,2,3.359628,89913.860116,89913.860116,5838376.543291999,15946380.6668626,698680.4252777,17831000.8186587,118911042.0543647,50,25,3
Z3,14,2,720,12752.0,0.027567,462582.072768,472296.0,1.0,2,3.359628,116130.792065,116130.792065,5838376.543291999,15946380.6668626,698680.4252777,17831000.8186587,118911042.0543647,50,25,3
Z3,15,2,720,21856.0,0.070969,307965.449703,312224.0,1.0,2,3.359628,85207.467452,85207.467452,5838376.543291999,15946380.6668626,698680.4252777,17831000.8186587,118911042.0543647,50,25,3
Z3,16,2,720,16880.0,0.061992,272293.199122,276720.0,1.0,2,3.359628,78073.017336,78073.017336,5838376.543291999,15946380.6668626,698680.4252777,17831000.8186587,118911042.0543647,50,25,3
Z3,17,2,720,12128.0,0.047308,256362.560244,258040.0,1.0,2,3.359628,74886.88956,74886.88956,5838376.543291999,15946380.6668626,698680.4252777,17831000.8186587,118911042.0543647,50,25,3
Z3,18,2,720,11592.0,0.053617,216200.085794,218712.0,1.0,2,3.359628,66854.39467,66854.39467,5838376.543291999,15946380.6668626,698680.4252777,17831000.8186587,118911042.0543647,50,25,3
Z3,19,2,720,9952.0,0.04595,216583.242655,221152.0,1.0,2,3.359628,66931.026043,66931.026043,5838376.543291999,15946380.6668626,698680.4252777,17831000.8186587,118911042.0543647,50,25,3
Z3,20,2,720,11064.0,0.075032,147457.084977,147520.0,1.0,2,3.359628,53105.794507,53105.794507,5838376.543291999,15946380.6668626,698680.4252777,17831000.8186587,118911042.0543647,50,25,3
Z3,21,2,720,14728.0,0.051507,285941.71666,288784.0,1.0,2,3.359628,80802.720844,80802.720844,5838376.543291999,15946380.6668626,698680.4252777,17831000.8186587,118911042.0543647,50,25,3
Z3,22,2,720,16264.0,0.058221,279349.375655,280408.0,1.0,2,3.359628,79484.252642,79484.252642,5838376.543291999,15946380.6668626,698680.4252777,17831000.8186587,118911042.0543647,50,25,3
Z3,23,2,720,9504.0,0.054685,173795.373503,176000.0,1.0,2,3.359628,58373.452212,58373.452212,5838376.543291999,15946380.6668626,698680.4252777,17831000.8186587,118911042.0543647,50,25,3
Z3,24,2,720,12688.0,0.071611,177179.483599,178704.0,1.0,2,3.359628,59050.274231,59050.274231,5838376.543291999,15946380.6668626,698680.4252777,17831000.8186587,118911042.0543647,50,25,3
Z3,25,2,720,17320.0,0.036863,469847.814882,481104.0,1.0,2,3.359628,117583.940488,117583.940488,5838376.543291999,15946380.6668626,698680.4252777,17831000.8186587,118911042.0543647,50,25,3
Z3,26,2,720,10632.0,0.069134,153788.295195,154080.0,1.0,2,3.359628,54372.03655,54372.03655,5838376.543291999,15946380.6668626,698680.4252777,17831000.8186587,118911042.0543647,50,25,3
Z3,27,2,720,9320.0,0.035511,262453.887528,266280.0,1.0,2,3.359628,76105.155017,76105.155017,5838376.543291999,15946380.6668626,698680.4252777,17831000.8186587,118911042.0543647,50,25,3
Z3,28,2,720,6376.0,0.044636,142844.340891,144904.0,1.0,2,3.359628,52183.24569,52183.24569,5838376.543291999,15946380.6668626,698680.4252777,17831000.8186587,118911042.0543647,50,25,3
Z3,29,2,720,6872.0,0.063629,108001.068695,109072.0,1.0,2,3.359628,45214.591251,45214.591251,5838376.543291999,15946380.6668626,698680.4252777,17831000.8186587,118911042.0543647,50,25,3
Z3,30,2,720,6872.0,0.044596,154094.537627,156176.0,1.0,2,3.359628,54433.285037,54433.285037,5838376.543291999,15946380.6668626,698680.4252777,17831000.8186587,118911042.0543647,50,25,3
Z3,31,2,720,6376.0,0.057213,111443.203468,111856.0,1.0,2,3.359628,45903.018205,45903.018205,5838376.543291999,15946380.6668626,698680.4252777,17831000.8186587,118911042.0543647,50,25,3
Z3,32,2,720,6872.0,0.067681,101535.142802,102560.0,1.0,2,3.359628,43921.406072,43921.406072,5838376.543291999,15946380.6668626,698680.4252777,17831000.8186587,118911042.0543647,50,25,3
Z3,33,2,720,6872.0,0.033105,207581.936263,208240.0,1.0,2,3.359628,65130.764764,65130.764764,5838376.543291999,15946380.6668626,698680.4252777,17831000.8186587,118911042.0543647,50,25,3
Z3,34,2,720,6376.0,0.055621,114632.96237,115920.0,1.0,2,3.359628,46540.969986,46540.969986,5838376.543291999,15946380.6668626,698680.4252777,17831000.8186587,118911042.0543647,50,25,3
Z3,35,2,720,6872.0,0.026458,259732.406078,264304.0,1.0,2,3.359628,75560.858727,75560.858727,5838376.543291999,15946380.6668626,698680.4252777,17831000.8186587,118911042.0543647,50,25,3
Z3,36,2,720,6872.0,0.038944,176458.504519,180840.0,1.0,2,3.359628,58906.078415,58906.078415,5838376.543291999,15946380.6668626,698680.4252777,17831000.8186587,118911042.0543647,50,25,3
Z3,37,2,720,6376.0,0.055298,115302.542587,115920.0,1.0,2,3.359628,46674.886029,46674.886029,5838376.543291999,15946380.6668626,698680.4252777,17831000.8186587,118911042.0543647,50,25,3
Z3,38,2,720,6872.0,0.065819,104407.541895,105720.0,1.0,2,3.359628,44495.885891,44495.885891,5838376.543291999,15946380.6668626,698680.4252777,17831000.8186587,118911042.0543647,50,25,3
Z1,0,3,720,7080.0,0.208791,33909.507594,34032.0,1.0,2,6.464312,51277.787409,51277.787409,5838376.543291999,15946380.6668626,698680.4252777,17831000.8186587,118911042.0543647,50,25,3
Z2,0,3,720,6624.0,0.153341,43197.840108,43288.0,1.0,2,6.464312,53135.453912,53135.453912,5838376.543291999,15946380.6668626,698680.4252777,17831000.8186587,118911042.0543647,50,25,3
Z2,1,3,720,5664.0,0.064171,88264.169173,88496.0,1.0,2,6.464312,62148.719725,62148.719725,5838376.543291999,15946380.6668626,698680.4252777,17831000.8186587,118911042.0543647,50,25,3
Z2,2,3,720,7080.0,0.062534,113218.409185,114192.0,1.0,2,6.464312,67139.567728,67139.567728,5838376.543291999,15946380.6668626,698680.4252777,17831000.8186587,118911042.0543647,50,25,3
Z2,3,3,720,12544.0,0.033485,374615.499477,380120.0,1.0,2,6.464312,119418.985786,119418.985786,5838376.543291999,15946380.6668626,698680.4252777,17831000.8186587,118911042.0543647,50,25,3
Z2,4,3,720,15304.0,0.070503,217068.777215,218624.0,1.0,2,6.464312,87909.641334,87909.641334,5838376.543291999,15946380.6668626,698680.4252777,17831000.8186587,118911042.0543647,50,25,3
Z2,5,3,720,9896.0,0.066516,148776.234289,149936.0,1.0,2,6.464312,74251.132748,74251.132748,5838376.543291999,15946380.6668626,698680.4252777,17831000.8186587,118911042.0543647,50,25,3
Z2,6,3,720,6376.0,0.055595,114686.572534,115920.0,1.0,2,6.464312,67433.200397,67433.200397,5838376.543291999,15946380.6668626,698680.4252777,17831000.8186587,118911042.0543647,50,25,3
Z2,7,3,720,6872.0,0.067882,101234.495153,102560.0,1.0,2,6.464312,64742.784921,64742.784921,5838376.543291999,15946380.6668626,698680.4252777,17831000.8186587,118911042.0543647,50,25,3
Z3,0,3,720,5424.0,0.193311,28058.413644,28096.0,1.0,2,6.464312,50107.568619,50107.568619,5838376.543291999,15946380.6668626,698680.4252777,17831000.8186587,118911042.0543647,50,25,3
Z3,1,3,720,7080.0,0.061434,115245.629456,116064.0,1.0,2,6.464312,67545.011782,67545.011782,5838376.543291999,15946380.6668626,698680.4252777,17831000.8186587,118911042.0543647,50,25,3
Z3,2,3,720,7080.0,0.350473,20201.270854,20224.0,1.0,2,6.464312,48536.140061,48536.140061,5838376.543291999,15946380.6668626,698680.4252777,17831000.8186587,118911042.0543647,50,25,3
Z3,3,3,720,5664.0,0.040081,141313.839475,141600.0,1.0,2,6.464312,72758.653786,72758.653786,5838376.543291999,15946380.6668626,698680.4252777,17831000.8186587,118911042.0543647,50,25,3
Z3,4,3,720,7080.0,0.07528,94048.884166,94400.0,1.0,2,6.464312,63305.662724,63305.662724,5838376.543291999,15946380.6668626,698680.4252777,17831000.8186587,118911042.0543647,50,25,3
Z3,5,3,720,7080.0,0.029261,241960.288439,244136.0,1.0,2,6.464312,92887.943578,92887.943578,5838376.543291999,15946380.6668626,698680.4252777,17831000.8186587,118911042.0543647,50,25,3
Z3,6,3,720,5664.0,0.038234,148140.398598,149048.0,1.0,2,6.464312,74123.96561,74123.96561,5838376.543291999,15946380.6668626,698680.4252777,17831000.8186587,118911042.0543647,50,25,3
Z3,7,3,720,7080.0,0.059245,119503.755591,120000.0,1.0,2,6.464312,68396.637009,68396.637009,5838376.543291999,15946380.6668626,698680.4252777,17831000.8186587,118911042.0543647,50,25,3
Z3,8,3,720,7080.0,0.034726,203881.817658,208232.0,1.0,2,6.464312,85272.249422,85272.249422,5838376.543291999,15946380.6668626,698680.4252777,17831000.8186587,118911042.0543647,50,25,3
Z3,9,3,720,14120.0,0.046602,302991.287928,306952.0,1.0,2,6.464312,105094.143476,105094.143476,5838376.543291999,15946380.6668626,698680.4252777,17831000.8186587,118911042.0543647,50,25,3
Z3,10,3,720,17536.0,0.058507,299724.819252,302344.0,1.0,2,6.464312,104440.849741,104440.849741,5838376.543291999,15946380.6668626,698680.4252777,17831000.8186587,118911042.0543647,50,25,3
Z3,11,3,720,16008.0,0.067969,235519.133723,238920.0,1.0,2,6.464312,91599.712635,91599.712635,5838376.543291999,15946380.6668626,698680.4252777,17831000.8186587,118911042.0543647,50,25,3
Z3,12,3,720,10896.0,0.029728,366523.143165,375720.0,1.0,2,6.464312,117800.514524,117800.514524,5838376.543291999,15946380.6668626,698680.4252777,17831000.8186587,118911042.0543647,50,25,3
Z3,13,3,720,19720.0,0.05777,341353.64376,345960.0,1.0,2,6.464312,112766.614643,112766.614643,5838376.543291999,15946380.6668626,698680.4252777,17831000.8186587,118911042.0543647,50,25,3
Z3,14,3,720,20104.0,0.045387,442946.21808,446752.0,1.0,2,6.464312,133085.129507,133085.129507,5838376.543291999,15946380.6668626,698680.4252777,17831000.8186587,118911042.0543647,50,25,3
Z3,15,3,720,12504.0,0.072619,172186.342417,173664.0,1.0,2,6.464312,78933.154374,78933.154374,5838376.543291999,15946380.6668626,698680.4252777,17831000.8186587,118911042.0543647,50,25,3
Z3,16,3,720,23072.0,0.061295,376409.168774,378224.0,1.0,2,6.464312,119777.719645,119777.719645,5838376.543291999,15946380.6668626,698680.4252777,17831000.8186587,118911042.0543647,50,25,3
Z3,17,3,720,18112.0,0.068831,263137.249205,266352.0,1.0,2,6.464312,97123.335731,97123.335731,5838376.543291999,15946380.6668626,698680.4252777,17831000.8186587,118911042.0543647,50,25,3
Z3,18,3,720,18632.0,0.072598,256646.1886,258776.0,1.0,2,6.464312,95825.123611,95825.123611,5838376.543291999,15946380.6668626,698680.4252777,17831000.8186587,118911042.0543647,50,25,3
Z3,19,3,720,9664.0,0.072221,133811.495271,134216.0,1.0,2,6.464312,71258.184945,71258.184945,5838376.543291999,15946380.6668626,698680.4252777,17831000.8186587,118911042.0543647,50,25,3
Z3,20,3,720,12280.0,0.065899,186345.77156,188920.0,1.0,2,6.464312,81765.040202,81765.040202,5838376.543291999,15946380.6668626,698680.4252777,17831000.8186587,118911042.0543647,50,25,3
Z3,21,3,720,10368.0,0.059769,173467.851227,175728.0,1.0,2,6.464312,79189.456136,79189.456136,5838376.543291999,15946380.6668626,698680.4252777,17831000.8186587,118911042.0543647,50,25,3
Z3,22,3,720,10520.0,0.029342,358530.43419,362752.0,1.0,2,6.464312,116201.972729,116201.972729,5838376.543291999,15946380.6668626,698680.4252777,17831000.8186587,118911042.0543647,50,25,3
Z3,23,3,720,15288.0,0.061704,247763.516142,250616.0,1.0,2,6.464312,94048.589119,94048.589119,5838376.543291999,15946380.6668626,698680.4252777,17831000.8186587,118911042.0543647,50,25,3
Z3,24,3,720,16344.0,0.026049,627432.914891,628608.0,1.0,2,6.464312,169982.468869,169982.468869,5838376.543291999,15946380.6668626,698680.4252777,17831000.8186587,118911042.0543647,50,25,3
Z3,25,3,720,9016.0,0.045156,199663.38914,200352.0,1.0,2,6.464312,84428.563719,84428.563719,5838376.543291999,15946380.6668626,698680.4252777,17831000.8186587,118911042.0543647,50,25,3
Z3,26,3,720,13800.0,0.037363,369349.356315,372968.0,1.0,2,6.464312,118365.757154,118365.757154,5838376.543291999,15946380.6668626,698680.4252777,17831000.8186587,118911042.0543647,50,25,3
Z3,27,3,720,17664.0,0.066284,266489.650594,267632.0,1.0,2,6.464312,97793.816009,97793.816009,5838376.543291999,15946380.6668626,698680.4252777,17831000.8186587,118911042.0543647,50,25,3
Z3,28,3,720,10240.0,0.031089,329376.950047,330320.0,1.0,2,6.464312,110371.2759,110371.2759,5838376.543291999,15946380.6668626,698680.4252777,17831000.8186587,118911042.0543647,50,25,3
Z3,29,3,720,8424.0,0.06841,123139.891829,123880.0,1.0,2,6.464312,69123.864256,69123.864256,5838376.543291999,15946380.6668626,698680.4252777,17831000.8186587,118911042.0543647,50,25,3
Z3,30,3,720,6376.0,0.029863,213508.35482,219856.0,1.0,2,6.464312,87197.556855,87197.556855,5838376.543291999,15946380.6668626,698680.4252777,17831000.8186587,118911042.0543647,50,25,3
Z3,31,3,720,6872.0,0.048199,142575.572107,143160.0,1.0,2,6.464312,73011.000312,73011.000312,5838376.543291999,15946380.6668626,698680.4252777,17831000.8186587,118911042.0543647,50,25,3
Z3,32,3,720,6872.0,0.03343,205563.864792,208240.0,1.0,2,6.464312,85608.658849,85608.658849,5838376.543291999,15946380.6668626,698680.4252777,17831000.8186587,118911042.0543647,50,25,3
Z3,33,3,720,6376.0,0.048664,131020.877856,132832.0,1.0,2,6.464312,70700.061462,70700.061462,5838376.543291999,15946380.6668626,698680.4252777,17831000.8186587,118911042.0543647,50,25,3
Z3,34,3,720,6872.0,0.036616,187677.518025,190888.0,1.0,2,6.464312,82031.389496,82031.389496,5838376.543291999,15946380.6668626,698680.4252777,17831000.8186587,118911042.0543647,50,25,3
Z3,35,3,720,6872.0,0.055921,122887.645071,124944.0,1.0,2,6.464312,69073.414905,69073.414905,5838376.543291999,15946380.6668626,698680.4252777,17831000.8186587,118911042.0543647,50,25,3
Z3,36,3,720,6376.0,0.042075,151538.918598,151808.0,1.0,2,6.464312,74803.66961,74803.66961,5838376.543291999,15946380.6668626,698680.4252777,17831000.8186587,118911042.0543647,50,25,3
Z3,37,3,720,6872.0,0.036851,186480.692519,190888.0,1.0,2,6.464312,81792.024394,81792.024394,5838376.543291999,15946380.6668626,698680.4252777,17831000.8186587,118911042.0543647,50,25,3
Z3,38,3,720,6872.0,0.051429,133621.108713,134744.0,1.0,2,6.464312,71220.107633,71220.107633,5838376.543291999,15946380.6668626,698680.4252777,17831000.8186587,118911042.0543647,50,25,3
Z1,0,4,720,22592.0,0.274891,82185.302538,82448.0,1.0,2,9.664707,87657.168141,87657.168141,5838376.543291999,15946380.6668626,698680.4252777,17831000.8186587,118911042.0543647,50,25,3
Z2,0,4,720,6624.0,0.226994,29181.388054,29304.0,1.0,2,9.664707,77056.385244,77056.385244,5838376.543291999,15946380.6668626,698680.4252777,17831000.8186587,118911042.0543647,50,25,3
Z2,1,4,720,6648.0,0.031827,208879.253464,214448.0,1.0,2,9.664707,112995.958326,112995.958326,5838376.543291999,15946380.6668626,698680.4252777,17831000.8186587,118911042.0543647,50,25,3
Z2,2,4,720,7200.0,0.061339,117380.459414,118032.0,1.0,2,9.664707,94696.199516,94696.199516,5838376.543291999,15946380.6668626,698680.4252777,17831000.8186587,118911042.0543647,50,25,3
Z2,3,4,720,7296.0,0.051476,141735.95462,143056.0,1.0,2,9.664707,99567.298557,99567.298557,5838376.543291999,15946380.6668626,698680.4252777,17831000.8186587,118911042.0543647,50,25,3
Z2,4,4,720,17272.0,0.039468,437620.350664,442864.0,1.0,2,9.664707,158744.177766,158744.177766,5838376.543291999,15946380.6668626,698680.4252777,17831000.8186587,118911042.0543647,50,25,3
Z2,5,4,720,26240.0,0.061884,424019.132571,430160.0,1.0,2,9.664707,156023.934147,156023.934147,5838376.543291999,15946380.6668626,698680.4252777,17831000.8186587,118911042.0543647,50,25,3
Z2,6,4,720,12720.0,0.059052,215403.373298,215592.0,1.0,2,9.664707,114300.782293,114300.782293,5838376.543291999,15946380.6668626,698680.4252777,17831000.8186587,118911042.0543647,50,25,3
Z2,7,4,720,11496.0,0.070314,163495.17877,164224.0,1.0,2,9.664707,103919.143387,103919.143387,5838376.543291999,15946380.6668626,698680.4252777,17831000.8186587,118911042.0543647,50,25,3
Z3,0,4,720,6448.0,0.220741,29210.703947,29304.0,1.0,2,9.664707,77062.248423,77062.248423,5838376.543291999,15946380.6668626,698680.4252777,17831000.8186587,118911042.0543647,50,25,3
Z3,1,4,720,7448.0,0.040093,185768.089193,186200.0,1.0,2,9.664707,108373.725472,108373.725472,5838376.543291999,15946380.6668626,698680.4252777,17831000.8186587,118911042.0543647,50,25,3
Z3,2,4,720,7424.0,0.038755,191562.379048,195368.0,1.0,2,9.664707,109532.583443,109532.583443,5838376.543291999,15946380.6668626,698680.4252777,17831000.8186587,118911042.0543647,50,25,3
Z3,3,4,720,6648.0,0.033462,198673.12175,201448.0,1.0,2,9.664707,110954.731983,110954.731983,5838376.543291999,15946380.6668626,698680.4252777,17831000.8186587,118911042.0543647,50,25,3
Z3,4,4,720,7224.0,0.315074,22927.947085,22928.0,1.0,2,9.664707,75805.69705,75805.69705,5838376.543291999,15946380.6668626,698680.4252777,17831000.8186587,118911042.0543647,50,25,3
Z3,5,4,720,7240.0,0.034065,212534.859827,212936.0,1.0,2,9.664707,113727.079599,113727.079599,5838376.543291999,15946380.6668626,698680.4252777,17831000.8186587,118911042.0543647,50,25,3
Z3,6,4,720,6648.0,0.074764,88919.800974,89832.0,1.0,2,9.664707,89004.067828,89004.067828,5838376.543291999,15946380.6668626,698680.4252777,17831000.8186587,118911042.0543647,50,25,3
Z3,7,4,720,7232.0,0.07314,98878.862456,99064.0,1.0,2,9.664707,90995.880124,90995.880124,5838376.543291999,15946380.6668626,698680.4252777,17831000.8186587,118911042.0543647,50,25,3
Z3,8,4,720,7296.0,0.336298,21695.044276,21712.0,1.0,2,9.664707,75559.116488,75559.116488,5838376.543291999,15946380.6668626,698680.4252777,17831000.8186587,118911042.0543647,50,25,3
Z3,9,4,720,16456.0,0.050558,325487.558843,329120.0,1.0,2,9.664707,136317.619402,136317.619402,5838376.543291999,15946380.6668626,698680.4252777,17831000.8186587,118911042.0543647,50,25,3
Z3,10,4,720,25392.0,0.044057,576344.281272,577088.0,1.0,2,9.664707,186488.963888,186488.963888,5838376.543291999,15946380.6668626,698680.4252777,17831000.8186587,118911042.0543647,50,25,3
Z3,11,4,720,21592.0,0.049363,437412.636995,440648.0,1.0,2,9.664707,158702.635032,158702.635032,5838376.543291999,15946380.6668626,698680.4252777,17831000.8186587,118911042.0543647,50,25,3
Z3,12,4,720,13528.0,0.188825,71643.055739,71952.0,1.0,2,9.664707,85548.718781,85548.718781,5838376.543291999,15946380.6668626,698680.4252777,17831000.8186587,118911042.0543647,50,25,3
Z3,13,4,720,29512.0,0.104245,283102.307065,283768.0,1.0,2,9.664707,127840.569046,127840.569046,5838376.543291999,15946380.6668626,698680.4252777,17831000.8186587,118911042.0543647,50,25,3
Z3,14,4,720,29688.0,0.352123,84311.447988,84336.0,1.0,2,9.664707,88082.397231,88082.397231,5838376.543291999,15946380.6668626,698680.4252777,17831000.8186587,118911042.0543647,50,25,3
Z3,15,4,720,16760.0,0.075061,223285.061483,223464.0,1.0,2,9.664707,115877.11993,115877.11993,5838376.543291999,15946380.6668626,698680.4252777,17831000.8186587,118911042.0543647,50,25,3
Z3,16,4,720,33128.0,0.125089,264835.437169,265024.0,1.0,2,9.664707,124187.195067,124187.195067,5838376.543291999,15946380.6668626,698680.4252777,17831000.8186587,118911042.0543647,50,25,3
Z3,17,4,720,26248.0,0.054876,478314.745973,486072.0,1.0,2,9.664707,166883.056828,166883.056828,5838376.543291999,15946380.6668626,698680.4252777,17831000.8186587,118911042.0543647,50,25,3
Z3,18,4,720,14624.0,0.048762,299905.664247,304664.0,1.0,2,9.664707,131201.240483,131201.240483,5838376.543291999,15946380.6668626,698680.4252777,17831000.8186587,118911042.0543647,50,25,3
Z3,19,4,720,26816.0,0.072331,370740.069956,372440.0,1.0,2,9.664707,145368.121624,145368.121624,5838376.543291999,15946380.6668626,698680.4252777,17831000.8186587,118911042.0543647,50,25,3
Z3,20,4,720,23128.0,0.354473,65246.15415,65328.0,1.0,2,9.664707,84269.338463,84269.338463,5838376.543291999,15946380.6668626,698680.4252777,17831000.8186587,118911042.0543647,50,25,3
Z3,21,4,720,19440.0,0.05035,386097.318769,388800.0,1.0,2,9.664707,148439.571387,148439.571387,5838376.543291999,15946380.6668626,698680.4252777,17831000.8186587,118911042.0543647,50,25,3
Z3,22,4,720,29088.0,0.131613,221011.602197,222040.0,1.0,2,9.664707,115422.428073,115422.428073,5838376.543291999,15946380.6668626,698680.4252777,17831000.8186587,118911042.0543647,50,25,3
Z3,23,4,720,29840.0,0.06389,467052.746909,473648.0,1.0,2,9.664707,164630.657015,164630.657015,5838376.543291999,15946380.6668626,698680.4252777,17831000.8186587,118911042.0543647,50,25,3
Z3,24,4,720,17200.0,0.051682,332804.458032,337248.0,1.0,2,9.664707,137780.99924,137780.99924,5838376.543291999,15946380.6668626,698680.4252777,17831000.8186587,118911042.0543647,50,25,3
Z3,25,4,720,25664.0,0.066168,387861.201789,388848.0,1.0,2,9.664707,148792.347991,148792.347991,5838376.543291999,15946380.6668626,698680.4252777,17831000.8186587,118911042.0543647,50,25,3
Z3,26,4,720,26808.0,0.074805,358371.766593,362264.0,1.0,2,9.664707,142894.460952,142894.460952,5838376.543291999,15946380.6668626,698680.4252777,17831000.8186587,118911042.0543647,50,25,3
Z3,27,4,720,17472.0,0.065478,266837.716485,268800.0,1.0,2,9.664707,124587.65093,124587.65093,5838376.543291999,15946380.6668626,698680.4252777,17831000.8186587,118911042.0543647,50,25,3
Z3,28,4,720,6448.0,0.068686,93876.481379,94816.0,1.0,2,9.664707,89995.403909,89995.403909,5838376.543291999,15946380.6668626,698680.4252777,17831000.8186587,118911042.0543647,50,25,3
Z3,29,4,720,7200.0,0.035041,205473.588083,205712.0,1.0,2,9.664707,112314.82525,112314.82525,5838376.543291999,15946380.6668626,698680.4252777,17831000.8186587,118911042.0543647,50,25,3
Z3,30,4,720,7520.0,0.049813,150964.607633,153464.0,1.0,2,9.664707,101413.02916,101413.02916,5838376.543291999,15946380.6668626,698680.4252777,17831000.8186587,118911042.0543647,50,25,3
Z3,31,4,720,6728.0,0.04211,159772.025647,160184.0,1.0,2,9.664707,103174.512763,103174.512763,5838376.543291999,15946380.6668626,698680.4252777,17831000.8186587,118911042.0543647,50,25,3
Z3,32,4,720,7224.0,0.349018,20698.072879,20696.0,1.0,2,9.664707,75359.722209,75359.722209,5838376.543291999,15946380.6668626,698680.4252777,17831000.8186587,118911042.0543647,50,25,3
Z3,33,4,720,7256.0,0.052395,138486.496803,139536.0,1.0,2,9.664707,98917.406994,98917.406994,5838376.543291999,15946380.6668626,698680.4252777,17831000.8186587,118911042.0543647,50,25,3
Z3,34,4,720,6544.0,0.04692,139471.44075,142256.0,1.0,2,9.664707,99114.395783,99114.395783,5838376.543291999,15946380.6668626,698680.4252777,17831000.8186587,118911042.0543647,50,25,3
Z3,35,4,720,12272.0,0.065895,186235.677973,188800.0,1.0,2,9.664707,108467.243228,108467.243228,5838376.543291999,15946380.6668626,698680.4252777,17831000.8186587,118911042.0543647,50,25,3
Z3,36,4,720,8544.0,0.063591,134358.635656,135616.0,1.0,2,9.664707,98091.834764,98091.834764,5838376.543291999,15946380.6668626,698680.4252777,17831000.8186587,118911042.0543647,50,25,3
Z3,37,4,720,6424.0,0.031196,205923.836389,207224.0,1.0,2,9.664707,112404.874911,112404.874911,5838376.543291999,15946380.6668626,698680.4252777,17831000.8186587,118911042.0543647,50,25,3
Z3,38,4,720,6872.0,0.07294,94214.422813,95440.0,1.0,2,9.664707,90062.992196,90062.992196,5838376.543291999,15946380.6668626,698680.4252777,17831000.8186587,118911042.0543647,50,25,3
Z1,0,5,720,8792.0,0.187201,46965.561081,47016.0,1.0,2,14.61683,99456.104412,99456.104412,5838376.543291999,15946380.6668626,698680.4252777,17831000.8186587,118911042.0543647,50,25,3
Z2,0,5,720,6624.0,0.217348,30476.470913,30520.0,1.0,2,14.61683,96158.286378,96158.286378,5838376.543291999,15946380.6668626,698680.4252777,17831000.8186587,118911042.0543647,50,25,3
Z2,1,5,720,7616.0,0.03398,224131.84226,230784.0,1.0,2,14.61683,134889.360648,134889.360648,5838376.543291999,15946380.6668626,698680.4252777,17831000.8186587,118911042.0543647,50,25,3
Z2,2,5,720,8816.0,0.039003,226033.894829,226048.0,1.0,2,14.61683,135269.771162,135269.771162,5838376.543291999,15946380.6668626,698680.4252777,17831000.8186587,118911042.0543647,50,25,3
Z2,3,5,720,14976.0,0.033444,447793.326157,453816.0,1.0,2,14.61683,179621.657427,179621.657427,5838376.543291999,15946380.6668626,698680.4252777,17831000.8186587,118911042.0543647,50,25,3
Z2,4,5,720,20272.0,0.057101,355020.052188,355648.0,1.0,2,14.61683,161067.002633,161067.002633,5838376.543291999,15946380.6668626,698680.4252777,17831000.8186587,118911042.0543647,50,25,3
Z2,5,5,720,21272.0,0.057006,373153.703119,373192.0,1.0,2,14.61683,164693.73282,164693.73282,5838376.543291999,15946380.6668626,698680.4252777,17831000.8186587,118911042.0543647,50,25,3
Z2,6,5,720,9680.0,0.062366,155212.776192,156128.0,1.0,2,14.61683,121105.547434,121105.547434,5838376.543291999,15946380.6668626,698680.4252777,17831000.8186587,118911042.0543647,50,25,3
Z2,7,5,720,12888.0,0.060285,213784.523513,214800.0,1.0,2,14.61683,132819.896898,132819.896898,5838376.543291999,15946380.6668626,698680.4252777,17831000.8186587,118911042.0543647,50,25,3
Z3,0,5,720,7712.0,0.192167,40131.760396,40160.0,1.0,2,14.61683,98089.344275,98089.344275,5838376.543291999,15946380.6668626,698680.4252777,17831000.8186587,118911042.0543647,50,25,3
Z3,1,5,720,9624.0,0.461091,20872.235632,20872.0,1.0,2,14.61683,94237.439322,94237.439322,5838376.543291999,15946380.6668626,698680.4252777,17831000.8186587,118911042.0543647,50,25,3
Z3,2,5,720,9096.0,0.068058,133650.709689,133760.0,1.0,2,14.61683,116793.134134,116793.134134,5838376.543291999,15946380.6668626,698680.4252777,17831000.8186587,118911042.0543647,50,25,3
Z3,3,5,720,7632.0,0.059563,128133.237077,129352.0,1.0,2,14.61683,115689.639611,115689.639611,5838376.543291999,15946380.6668626,698680.4252777,17831000.8186587,118911042.0543647,50,25,3
Z3,4,5,720,8304.0,0.036978,224565.958137,230664.0,1.0,2,14.61683,134976.183823,134976.183823,5838376.543291999,15946380.6668626,698680.4252777,17831000.8186587,118911042.0543647,50,25,3
Z3,5,5,720,8504.0,0.038881,218718.654356,223784.0,1.0,2,14.61683,133806.723067,133806.723067,5838376.543291999,15946380.6668626,698680.4252777,17831000.8186587,118911042.0543647,50,25,3
Z3,6,5,720,7384.0,0.043829,168472.928883,171720.0,1.0,2,14.61683,123757.577972,123757.577972,5838376.543291999,15946380.6668626,698680.4252777,17831000.8186587,118911042.0543647,50,25,3
Z3,7,5,720,8968.0,0.032454,276329.574167,280248.0,1.0,2,14.61683,145328.907029,145328.907029,5838376.543291999,15946380.6668626,698680.4252777,17831000.8186587,118911042.0543647,50,25,3
Z3,8,5,720,8912.0,0.031144,286154.636527,287480.0,1.0,2,14.61683,147293.919501,147293.919501,5838376.543291999,15946380.6668626,698680.4252777,17831000.8186587,118911042.0543647,50,25,3
Z3,9,5,720,16688.0,0.056241,296723.031241,298000.0,1.0,2,14.61683,149407.598444,149407.598444,5838376.543291999,15946380.6668626,698680.4252777,17831000.8186587,118911042.0543647,50,25,3
Z3,10,5,720,23832.0,0.048366,492742.835876,496496.0,1.0,2,14.61683,188611.559371,188611.559371,5838376.543291999,15946380.6668626,698680.4252777,17831000.8186587,118911042.0543647,50,25,3
Z3,11,5,720,21144.0,0.071239,296803.717065,297800.0,1.0,2,14.61683,149423.735609,149423.735609,5838376.543291999,15946380.6668626,698680.4252777,17831000.8186587,118911042.0543647,50,25,3
Z3,12,5,720,14272.0,0.067815,210454.914105,213008.0,1.0,2,14.61683,132153.975017,132153.975017,5838376.543291999,15946380.6668626,698680.4252777,17831000.8186587,118911042.0543647,50,25,3
Z3,13,5,720,27640.0,0.030157,916536.790795,921328.0,1.0,2,14.61683,273370.350355,273370.350355,5838376.543291999,15946380.6668626,698680.4252777,17831000.8186587,118911042.0543647,50,25,3
Z3,14,5,720,33288.0,0.071976,462487.495832,468840.0,1.0,2,14.61683,182560.491362,182560.491362,5838376.543291999,15946380.6668626,698680.4252777,17831000.8186587,118911042.0543647,50,25,3
Z3,15,5,720,17576.0,0.046532,377718.559271,382080.0,1.0,2,14.61683,165606.70405,165606.70405,5838376.543291999,15946380.6668626,698680.4252777,17831000.8186587,118911042.0543647,50,25,3
Z3,16,5,720,34872.0,0.055079,633126.963089,634032.0,1.0,2,14.61683,216688.384814,216688.384814,5838376.543291999,15946380.6668626,698680.4252777,17831000.8186587,118911042.0543647,50,25,3
Z3,17,5,720,27336.0,0.060899,448874.365753,455600.0,1.0,2,14.61683,179837.865346,179837.865346,5838376.543291999,15946380.6668626,698680.4252777,17831000.8186587,118911042.0543647,50,25,3
Z3,18,5,720,25312.0,0.057352,441344.678477,444064.0,1.0,2,14.61683,178331.927891,178331.927891,5838376.543291999,15946380.6668626,698680.4252777,17831000.8186587,118911042.0543647,50,25,3
Z3,19,5,720,18312.0,0.049015,373599.918392,373712.0,1.0,2,14.61683,164782.975874,164782.975874,5838376.543291999,15946380.6668626,698680.4252777,17831000.8186587,118911042.0543647,50,25,3
Z3,20,5,720,41432.0,0.059866,692078.976381,702232.0,1.0,2,14.61683,228478.787472,228478.787472,5838376.543291999,15946380.6668626,698680.4252777,17831000.8186587,118911042.0543647,50,25,3
Z3,21,5,720,36760.0,0.065451,561641.533361,565536.0,1.0,2,14.61683,202391.298868,202391.298868,5838376.543291999,15946380.6668626,698680.4252777,17831000.8186587,118911042.0543647,50,25,3
Z3,22,5,720,21272.0,0.164266,129497.278804,129704.0,1.0,2,14.61683,115962.447957,115962.447957,5838376.543291999,15946380.6668626,698680.4252777,17831000.8186587,118911042.0543647,50,25,3
Z3,23,5,720,43464.0,0.09776,444599.018003,448080.0,1.0,2,14.61683,178982.795796,178982.795796,5838376.543291999,15946380.6668626,698680.4252777,17831000.8186587,118911042.0543647,50,25,3
Z3,24,5,720,42000.0,0.051308,818585.795587,823528.0,1.0,2,14.61683,253780.151313,253780.151313,5838376.543291999,15946380.6668626,698680.4252777,17831000.8186587,118911042.0543647,50,25,3
Z3,25,5,720,20304.0,0.068795,295137.728033,298584.0,1.0,2,14.61683,149090.537802,149090.537802,5838376.543291999,15946380.6668626,698680.4252777,17831000.8186587,118911042.0543647,50,25,3
Z3,26,5,720,32736.0,0.064831,504943.62265,511496.0,1.0,2,14.61683,191051.716726,191051.716726,5838376.543291999,15946380.6668626,698680.4252777,17831000.8186587,118911042.0543647,50,25,3
Z3,27,5,720,34608.0,0.075028,461267.793357,461440.0,1.0,2,14.61683,182316.550867,182316.550867,5838376.543291999,15946380.6668626,698680.4252777,17831000.8186587,118911042.0543647,50,25,3
Z3,28,5,720,13208.0,0.236633,55816.390782,55960.0,1.0,2,14.61683,101226.270352,101226.270352,5838376.543291999,15946380.6668626,698680.4252777,17831000.8186587,118911042.0543647,50,25,3
Z3,29,5,720,16320.0,0.047496,343607.882769,347232.0,1.0,2,14.61683,158784.56875,158784.56875,5838376.543291999,15946380.6668626,698680.4252777,17831000.8186587,118911042.0543647,50,25,3
Z3,30,5,720,8752.0,0.072233,121163.457146,121552.0,1.0,2,14.61683,114295.683625,114295.683625,5838376.543291999,15946380.6668626,698680.4252777,17831000.8186587,118911042.0543647,50,25,3
Z3,31,5,720,12760.0,0.067295,189612.898432,190440.0,1.0,2,14.61683,127985.571882,127985.571882,5838376.543291999,15946380.6668626,698680.4252777,17831000.8186587,118911042.0543647,50,25,3
Z3,32,5,720,15440.0,0.073651,209637.343688,211504.0,1.0,2,14.61683,131990.460934,131990.460934,5838376.543291999,15946380.6668626,698680.4252777,17831000.8186587,118911042.0543647,50,25,3
Z3,33,5,720,10000.0,0.062118,160983.933803,161288.0,1.0,2,14.61683,122259.778956,122259.778956,5838376.543291999,15946380.6668626,698680.4252777,17831000.8186587,118911042.0543647,50,25,3
Z3,34,5,720,15200.0,0.057063,266372.255227,266664.0,1.0,2,14.61683,143337.443241,143337.443241,5838376.543291999,15946380.6668626,698680.4252777,17831000.8186587,118911042.0543647,50,25,3
Z3,35,5,720,18352.0,0.065899,278486.775217,282336.0,1.0,2,14.61683,145760.347239,145760.347239,5838376.543291999,15946380.6668626,698680.4252777,17831000.8186587,118911042.0543647,50,25,3
Z3,36,5,720,11224.0,0.07293,153901.00096,155888.0,1.0,2,14.61683,120843.192388,120843.192388,5838376.543291999,15946380.6668626,698680.4252777,17831000.8186587,118911042.0543647,50,25,3
Z3,37,5,720,23240.0,0.054322,427819.299731,430368.0,1.0,2,14.61683,175626.852142,175626.852142,5838376.543291999,15946380.6668626,698680.4252777,17831000.8186587,118911042.0543647,50,25,3
Z3,38,5,720,16824.0,0.065294,257665.329127,258824.0,1.0,2,14.61683,141596.058021,141596.058021,5838376.543291999,15946380.6668626,698680.4252777,17831000.8186587,118911042.0543647,50,25,3
Z1,0,6,720,10768.0,0.188092,57248.580482,57272.0,1.0,2,18.47294,129431.396606,129431.396606,5838376.543291999,15946380.6668626,698680.4252777,17831000.8186587,118911042.0543647,50,25,3
Z2,0,6,720,7600.0,0.175847,43219.389583,43424.0,1.0,2,18.47294,126625.558426,126625.558426,5838376.543291999,15946380.6668626,698680.4252777,17831000.8186587,118911042.0543647,50,25,3
Z2,1,6,720,6768.0,0.075132,90081.456636,90240.0,1.0,2,18.47294,135997.971837,135997.971837,5838376.543291999,15946380.6668626,698680.4252777,17831000.8186587,118911042.0543647,50,25,3
Z2,2,6,720,7488.0,0.075701,98915.470073,99840.0,1.0,2,18.47294,137764.774524,137764.774524,5838376.543291999,15946380.6668626,698680.4252777,17831000.8186587,118911042.0543647,50,25,3
Z2,3,6,720,16112.0,0.052616,306218.640718,309840.0,1.0,2,18.47294,179225.408653,179225.408653,5838376.543291999,15946380.6668626,698680.4252777,17831000.8186587,118911042.0543647,50,25,3
Z2,4,6,720,14912.0,0.056493,263961.906785,266280.0,1.0,2,18.47294,170774.061867,170774.061867,5838376.543291999,15946380.6668626,698680.4252777,17831000.8186587,118911042.0543647,50,25,3
Z2,5,6,720,21576.0,0.203956,105787.522799,106280.0,1.0,2,18.47294,139139.185069,139139.185069,5838376.543291999,15946380.6668626,698680.4252777,17831000.8186587,118911042.0543647,50,25,3
Z2,6,6,720,9568.0,0.042487,225198.295949,227808.0,1.0,2,18.47294,163021.3397,163021.3397,5838376.543291999,15946380.6668626,698680.4252777,17831000.8186587,118911042.0543647,50,25,3
Z2,7,6,720,12800.0,0.054012,236984.373843,237032.0,1.0,2,18.47294,165378.555278,165378.555278,5838376.543291999,15946380.6668626,698680.4252777,17831000.8186587,118911042.0543647,50,25,3
Z3,0,6,720,6624.0,0.181086,36579.304861,36592.0,1.0,2,18.47294,125297.541482,125297.541482,5838376.543291999,15946380.6668626,698680.4252777,17831000.8186587,118911042.0543647,50,25,3
Z3,1,6,720,6760.0,0.572499,11807.880887,11816.0,1.0,2,18.47294,120343.256687,120343.256687,5838376.543291999,15946380.6668626,698680.4252777,17831000.8186587,118911042.0543647,50,25,3
Z3,2,6,720,8320.0,0.040334,206277.582189,208000.0,1.0,2,18.47294,159237.196947,159237.196947,5838376.543291999,15946380.6668626,698680.4252777,17831000.8186587,118911042.0543647,50,25,3
Z3,3,6,720,7800.0,0.045761,170450.820568,173328.0,1.0,2,18.47294,152071.844623,152071.844623,5838376.543291999,15946380.6668626,698680.4252777,17831000.8186587,118911042.0543647,50,25,3
Z3,4,6,720,6928.0,0.044147,156930.255737,157448.0,1.0,2,18.47294,149367.731657,149367.731657,5838376.543291999,15946380.6668626,698680.4252777,17831000.8186587,118911042.0543647,50,25,3
Z3,5,6,720,7472.0,0.04502,165970.679698,166040.0,1.0,2,18.47294,151175.816449,151175.816449,5838376.543291999,15946380.6668626,698680.4252777,17831000.8186587,118911042.0543647,50,25,3
Z3,6,6,720,7416.0,0.047046,157632.95498,157784.0,1.0,2,18.47294,149508.271506,149508.271506,5838376.543291999,15946380.6668626,698680.4252777,17831000.8186587,118911042.0543647,50,25,3
Z3,7,6,720,6760.0,0.045894,147295.942825,150216.0,1.0,2,18.47294,147440.869075,147440.869075,5838376.543291999,15946380.6668626,698680.4252777,17831000.8186587,118911042.0543647,50,25,3
Z3,8,6,720,7600.0,0.028793,263953.044143,271424.0,1.0,2,18.47294,170772.289338,170772.289338,5838376.543291999,15946380.6668626,698680.4252777,17831000.8186587,118911042.0543647,50,25,3
Z3,9,6,720,7752.0,0.036358,213213.048022,215328.0,1.0,2,18.47294,160624.290114,160624.290114,5838376.543291999,15946380.6668626,698680.4252777,17831000.8186587,118911042.0543647,50,25,3
Z3,10,6,720,12912.0,0.072276,178648.51403,179328.0,1.0,2,18.47294,153711.383316,153711.383316,5838376.543291999,15946380.6668626,698680.4252777,17831000.8186587,118911042.0543647,50,25,3
Z3,11,6,720,17552.0,0.067028,261860.714925,261968.0,1.0,2,18.47294,170353.823495,170353.823495,5838376.543291999,15946380.6668626,698680.4252777,17831000.8186587,118911042.0543647,50,25,3
Z3,12,6,720,14968.0,0.183223,81692.800576,81792.0,1.0,2,18.47294,134320.240625,134320.240625,5838376.543291999,15946380.6668626,698680.4252777,17831000.8186587,118911042.0543647,50,25,3
Z3,13,6,720,10336.0,0.045876,225302.990671,229688.0,1.0,2,18.47294,163042.278644,163042.278644,5838376.543291999,15946380.6668626,698680.4252777,17831000.8186587,118911042.0543647,50,25,3
Z3,14,6,720,18344.0,0.053045,345819.587143,346112.0,1.0,2,18.47294,187145.597938,187145.597938,5838376.543291999,15946380.6668626,698680.4252777,17831000.8186587,118911042.0543647,50,25,3
Z3,15,6,720,20456.0,0.064413,317575.644668,319624.0,1.0,2,18.47294,181496.809443,181496.809443,5838376.543291999,15946380.6668626,698680.4252777,17831000.8186587,118911042.0543647,50,25,3
Z3,16,6,720,12480.0,0.047368,263469.008613,265528.0,1.0,2,18.47294,170675.482232,170675.482232,5838376.543291999,15946380.6668626,698680.4252777,17831000.8186587,118911042.0543647,50,25,3
Z3,17,6,720,18912.0,0.070414,268582.952254,270168.0,1.0,2,18.47294,171698.27096,171698.27096,5838376.543291999,15946380.6668626,698680.4252777,17831000.8186587,118911042.0543647,50,25,3
Z3,18,6,720,17456.0,0.033759,517076.927634,528968.0,1.0,2,18.47294,221397.066036,221397.066036,5838376.543291999,15946380.6668626,698680.4252777,17831000.8186587,118911042.0543647,50,25,3
Z3,19,6,720,16088.0,0.073427,219101.965217,220376.0,1.0,2,18.47294,161802.073553,161802.073553,5838376.543291999,15946380.6668626,698680.4252777,17831000.8186587,118911042.0543647,50,25,3
Z3,20,6,720,31984.0,0.074636,428533.147543,432216.0,1.0,2,18.47294,203688.310018,203688.310018,5838376.543291999,15946380.6668626,698680.4252777,17831000.8186587,118911042.0543647,50,25,3
Z3,21,6,720,21472.0,0.075621,283942.291163,286288.0,1.0,2,18.47294,174770.138742,174770.138742,5838376.543291999,15946380.6668626,698680.4252777,17831000.8186587,118911042.0543647,50,25,3
Z3,22,6,720,19320.0,0.05863,329524.134402,333096.0,1.0,2,18.47294,183886.50739,183886.50739,5838376.543291999,15946380.6668626,698680.4252777,17831000.8186587,118911042.0543647,50,25,3
Z3,23,6,720,33040.0,0.0539,612987.012987,623392.0,1.0,2,18.47294,240579.083107,240579.083107,5838376.543291999,15946380.6668626,698680.4252777,17831000.8186587,118911042.0543647,50,25,3
Z3,24,6,720,26472.0,0.061665,429287.278035,433960.0,1.0,2,18.47294,203839.136117,203839.136117,5838376.543291999,15946380.6668626,698680.4252777,17831000.8186587,118911042.0543647,50,25,3
Z3,25,6,720,12984.0,0.069989,185514.866622,188168.0,1.0,2,18.47294,155084.653834,155084.653834,5838376.543291999,15946380.6668626,698680.4252777,17831000.8186587,118911042.0543647,50,25,3
Z3,26,6,720,21128.0,0.067883,311241.400645,315336.0,1.0,2,18.47294,180229.960639,180229.960639,5838376.543291999,15946380.6668626,698680.4252777,17831000.8186587,118911042.0543647,50,25,3
Z3,27,6,720,14376.0,0.065905,218132.159927,221168.0,1.0,2,18.47294,161608.112495,161608.112495,5838376.543291999,15946380.6668626,698680.4252777,17831000.8186587,118911042.0543647,50,25,3
Z3,28,6,720,7048.0,0.058315,120860.841979,121512.0,1.0,2,18.47294,142153.848905,142153.848905,5838376.543291999,15946380.6668626,698680.4252777,17831000.8186587,118911042.0543647,50,25,3
Z3,29,6,720,8656.0,0.043242,200175.755053,201296.0,1.0,2,18.47294,158016.83152,158016.83152,5838376.543291999,15946380.6668626,698680.4252777,17831000.8186587,118911042.0543647,50,25,3
Z3,30,6,720,9488.0,0.044717,212178.813427,215632.0,1.0,2,18.47294,160417.443195,160417.443195,5838376.543291999,15946380.6668626,698680.4252777,17831000.8186587,118911042.0543647,50,25,3
Z3,31,6,720,8424.0,0.069831,120634.102333,122080.0,1.0,2,18.47294,142108.500976,142108.500976,5838376.543291999,15946380.6668626,698680.4252777,17831000.8186587,118911042.0543647,50,25,3
Z3,32,6,720,9328.0,0.064654,144275.682866,145744.0,1.0,2,18.47294,146836.817083,146836.817083,5838376.543291999,15946380.6668626,698680.4252777,17831000.8186587,118911042.0543647,50,25,3
Z3,33,6,720,8680.0,0.030441,285141.749614,289328.0,1.0,2,18.47294,175010.030432,175010.030432,5838376.543291999,15946380.6668626,698680.4252777,17831000.8186587,118911042.0543647,50,25,3
Z3,34,6,720,7160.0,0.044125,162266.288952,162720.0,1.0,2,18.47294,150434.9383,150434.9383,5838376.543291999,15946380.6668626,698680.4252777,17831000.8186587,118911042.0543647,50,25,3
Z3,35,6,720,10360.0,0.042518,243661.508067,246664.0,1.0,2,18.47294,166713.982123,166713.982123,5838376.543291999,15946380.6668626,698680.4252777,17831000.8186587,118911042.0543647,50,25,3
Z3,36,6,720,9048.0,0.064834,139556.40559,141368.0,1.0,2,18.47294,145892.961628,145892.961628,5838376.543291999,15946380.6668626,698680.4252777,17831000.8186587,118911042.0543647,50,25,3
Z3,37,6,720,7176.0,0.02817,254739.084132,256280.0,1.0,2,18.47294,168929.497336,168929.497336,5838376.543291999,15946380.6668626,698680.4252777,17831000.8186587,118911042.0543647,50,25,3
Z3,38,6,720,8768.0,0.048364,181291.869986,182664.0,1.0,2,18.47294,154240.054507,154240.054507,5838376.543291999,15946380.6668626,698680.4252777,17831000.8186587,118911042.0543647,50,25,3
Z1,0,7,720,7408.0,0.168578,43944.049639,44088.0,1.0,2,22.269646,142147.356056,142147.356056,5838376.543291999,15946380.6668626,698680.4252777,17831000.8186587,118911042.0543647,50,25,3
Z2,0,7,720,6624.0,0.210404,31482.291211,31536.0,1.0,2,22.269646,139655.00437,139655.00437,5838376.543291999,15946380.6668626,698680.4252777,17831000.8186587,118911042.0543647,50,25,3
Z2,1,7,720,6792.0,0.062268,109076.893428,109544.0,1.0,2,22.269646,155173.924813,155173.924813,5838376.543291999,15946380.6668626,698680.4252777,17831000.8186587,118911042.0543647,50,25,3
Z2,2,7,720,7464.0,0.04945,150940.343782,152320.0,1.0,2,22.269646,163546.614884,163546.614884,5838376.543291999,15946380.6668626,698680.4252777,17831000.8186587,118911042.0543647,50,25,3
Z2,3,7,720,10144.0,0.057209,177314.758167,177960.0,1.0,2,22.269646,168821.497761,168821.497761,5838376.543291999,15946380.6668626,698680.4252777,17831000.8186587,118911042.0543647,50,25,3
Z2,4,7,720,14352.0,0.036811,389883.458749,398664.0,1.0,2,22.269646,211335.237878,211335.237878,5838376.543291999,15946380.6668626,698680.4252777,17831000.8186587,118911042.0543647,50,25,3
Z2,5,7,720,15008.0,0.03813,393600.839234,394944.0,1.0,2,22.269646,212078.713975,212078.713975,5838376.543291999,15946380.6668626,698680.4252777,17831000.8186587,118911042.0543647,50,25,3
Z2,6,7,720,7168.0,0.031367,228520.419549,231224.0,1.0,2,22.269646,179062.630038,179062.630038,5838376.543291999,15946380.6668626,698680.4252777,17831000.8186587,118911042.0543647,50,25,3
Z2,7,7,720,8160.0,0.026969,302569.616968,313840.0,1.0,2,22.269646,193872.469521,193872.469521,5838376.543291999,15946380.6668626,698680.4252777,17831000.8186587,118911042.0543647,50,25,3
Z3,0,7,720,6656.0,0.181665,36638.868246,36768.0,1.0,2,22.269646,140686.319777,140686.319777,5838376.543291999,15946380.6668626,698680.4252777,17831000.8186587,118911042.0543647,50,25,3
Z3,1,7,720,7664.0,0.049735,154096.712577,156408.0,1.0,2,22.269646,164177.888643,164177.888643,5838376.543291999,15946380.6668626,698680.4252777,17831000.8186587,118911042.0543647,50,25,3
Z3,2,7,720,7664.0,0.044956,170477.800516,174176.0,1.0,2,22.269646,167454.106231,167454.106231,5838376.543291999,15946380.6668626,698680.4252777,17831000.8186587,118911042.0543647,50,25,3
Z3,3,7,720,6920.0,0.03673,188401.851348,192216.0,1.0,2,22.269646,171038.916397,171038.916397,5838376.543291999,15946380.6668626,698680.4252777,17831000.8186587,118911042.0543647,50,25,3
Z3,4,7,720,7504.0,0.062149,120742.087564,121032.0,1.0,2,22.269646,157506.963641,157506.963641,5838376.543291999,15946380.6668626,698680.4252777,17831000.8186587,118911042.0543647,50,25,3
Z3,5,7,720,7480.0,0.061582,121464.064175,122616.0,1.0,2,22.269646,157651.358963,157651.358963,5838376.543291999,15946380.6668626,698680.4252777,17831000.8186587,118911042.0543647,50,25,3
Z3,6,7,720,6728.0,0.066131,101737.460495,101936.0,1.0,2,22.269646,153706.038227,153706.038227,5838376.543291999,15946380.6668626,698680.4252777,17831000.8186587,118911042.0543647,50,25,3
Z3,7,7,720,7632.0,0.07454,102387.979608,103128.0,1.0,2,22.269646,153836.142049,153836.142049,5838376.543291999,15946380.6668626,698680.4252777,17831000.8186587,118911042.0543647,50,25,3
Z3,8,7,720,7392.0,0.03154,234369.055168,238448.0,1.0,2,22.269646,180232.357161,180232.357161,5838376.543291999,15946380.6668626,698680.4252777,17831000.8186587,118911042.0543647,50,25,3
Z3,9,7,720,12800.0,0.041957,305074.242677,312192.0,1.0,2,22.269646,194373.394663,194373.394663,5838376.543291999,15946380.6668626,698680.4252777,17831000.8186587,118911042.0543647,50,25,3
Z3,10,7,720,16760.0,0.050952,328937.038782,335200.0,1.0,2,22.269646,199145.953884,199145.953884,5838376.543291999,15946380.6668626,698680.4252777,17831000.8186587,118911042.0543647,50,25,3
Z3,11,7,720,14104.0,0.074081,190386.19889,190592.0,1.0,2,22.269646,171435.785906,171435.785906,5838376.543291999,15946380.6668626,698680.4252777,17831000.8186587,118911042.0543647,50,25,3
Z3,12,7,720,9704.0,0.046726,207678.808372,210952.0,1.0,2,22.269646,174894.307802,174894.307802,5838376.543291999,15946380.6668626,698680.4252777,17831000.8186587,118911042.0543647,50,25,3
Z3,13,7,720,17248.0,0.028655,601919.385797,616000.0,1.0,2,22.269646,253742.423287,253742.423287,5838376.543291999,15946380.6668626,698680.4252777,17831000.8186587,118911042.0543647,50,25,3
Z3,14,7,720,21552.0,0.057267,376342.396144,378104.0,1.0,2,22.269646,208627.025357,208627.025357,5838376.543291999,15946380.6668626,698680.4252777,17831000.8186587,118911042.0543647,50,25,3
Z3,15,7,720,16688.0,0.059569,280145.713374,282840.0,1.0,2,22.269646,189387.688803,189387.688803,5838376.543291999,15946380.6668626,698680.4252777,17831000.8186587,118911042.0543647,50,25,3
Z3,16,7,720,23312.0,0.074724,311974.733687,315024.0,1.0,2,22.269646,195753.492865,195753.492865,5838376.543291999,15946380.6668626,698680.4252777,17831000.8186587,118911042.0543647,50,25,3
Z3,17,7,720,14952.0,0.219688,68060.158042,68272.0,1.0,2,22.269646,146970.577736,146970.577736,5838376.543291999,15946380.6668626,698680.4252777,17831000.8186587,118911042.0543647,50,25,3
Z3,18,7,720,16856.0,0.046285,364178.459544,366432.0,1.0,2,22.269646,206194.238037,206194.238037,5838376.543291999,15946380.6668626,698680.4252777,17831000.8186587,118911042.0543647,50,25,3
Z3,19,7,720,23928.0,0.071393,335158.909137,337008.0,1.0,2,22.269646,200390.327955,200390.327955,5838376.543291999,15946380.6668626,698680.4252777,17831000.8186587,118911042.0543647,50,25,3
Z3,20,7,720,29544.0,0.06305,468580.491673,468952.0,1.0,2,22.269646,227074.644462,227074.644462,5838376.543291999,15946380.6668626,698680.4252777,17831000.8186587,118911042.0543647,50,25,3
Z3,21,7,720,31920.0,0.06701,476346.813908,476416.0,1.0,2,22.269646,228627.908909,228627.908909,5838376.543291999,15946380.6668626,698680.4252777,17831000.8186587,118911042.0543647,50,25,3
Z3,22,7,720,15096.0,0.044769,337197.614421,343088.0,1.0,2,22.269646,200798.069012,200798.069012,5838376.543291999,15946380.6668626,698680.4252777,17831000.8186587,118911042.0543647,50,25,3
Z3,23,7,720,22296.0,0.065621,339769.281175,343008.0,1.0,2,22.269646,201312.402363,201312.402363,5838376.543291999,15946380.6668626,698680.4252777,17831000.8186587,118911042.0543647,50,25,3
Z3,24,7,720,24272.0,0.052116,465730.29396,466768.0,1.0,2,22.269646,226504.60492,226504.60492,5838376.543291999,15946380.6668626,698680.4252777,17831000.8186587,118911042.0543647,50,25,3
Z3,25,7,720,13368.0,0.040414,330776.463602,334200.0,1.0,2,22.269646,199513.838848,199513.838848,5838376.543291999,15946380.6668626,698680.4252777,17831000.8186587,118911042.0543647,50,25,3
Z3,26,7,720,21768.0,0.06189,351720.794959,356848.0,1.0,2,22.269646,203702.70512,203702.70512,5838376.543291999,15946380.6668626,698680.4252777,17831000.8186587,118911042.0543647,50,25,3
Z3,27,7,720,21680.0,0.065734,329814.099248,333536.0,1.0,2,22.269646,199321.365977,199321.365977,5838376.543291999,15946380.6668626,698680.4252777,17831000.8186587,118911042.0543647,50,25,3
Z3,28,7,720,9672.0,0.027303,354246.786067,358216.0,1.0,2,22.269646,204207.903341,204207.903341,5838376.543291999,15946380.6668626,698680.4252777,17831000.8186587,118911042.0543647,50,25,3
Z3,29,7,720,13368.0,0.041046,325683.379623,326048.0,1.0,2,22.269646,198495.222052,198495.222052,5838376.543291999,15946380.6668626,698680.4252777,17831000.8186587,118911042.0543647,50,25,3
Z3,30,7,720,13424.0,0.053051,253039.528001,253280.0,1.0,2,22.269646,183966.451728,183966.451728,5838376.543291999,15946380.6668626,698680.4252777,17831000.8186587,118911042.0543647,50,25,3
Z3,31,7,720,8064.0,0.304064,26520.732477,26520.0,1.0,2,22.269646,138662.692623,138662.692623,5838376.543291999,15946380.6668626,698680.4252777,17831000.8186587,118911042.0543647,50,25,3
Z3,32,7,720,9424.0,0.073174,128788.914095,129088.0,1.0,2,22.269646,159116.328947,159116.328947,5838376.543291999,15946380.6668626,698680.4252777,17831000.8186587,118911042.0543647,50,25,3
Z3,33,7,720,7368.0,0.048232,152761.652015,153496.0,1.0,2,22.269646,163910.876531,163910.876531,5838376.543291999,15946380.6668626,698680.4252777,17831000.8186587,118911042.0543647,50,25,3
Z3,34,7,720,8792.0,0.044256,198662.328272,199816.0,1.0,2,22.269646,173091.011782,173091.011782,5838376.543291999,15946380.6668626,698680.4252777,17831000.8186587,118911042.0543647,50,25,3
Z3,35,7,720,8568.0,0.039963,214398.318445,219688.0,1.0,2,22.269646,176238.209817,176238.209817,5838376.543291999,15946380.6668626,698680.4252777,17831000.8186587,118911042.0543647,50,25,3
Z3,36,7,720,7064.0,0.03612,195570.321152,196216.0,1.0,2,22.269646,172472.610358,172472.610358,5838376.543291999,15946380.6668626,698680.4252777,17831000.8186587,118911042.0543647,50,25,3
Z3,37,7,720,10104.0,0.026043,387973.735745,388608.0,1.0,2,22.269646,210953.293277,210953.293277,5838376.543291999,15946380.6668626,698680.4252777,17831000.8186587,118911042.0543647,50,25,3
Z3,38,7,720,8640.0,0.063544,135968.77754,137136.0,1.0,2,22.269646,160552.301636,160552.301636,5838376.543291999,15946380.6668626,698680.4252777,17831000.8186587,118911042.0543647,50,25,3
Z1,0,8,720,7744.0,0.179746,43083.017146,43256.0,1.0,2,25.555944,142444.683322,142444.683322,5838376.543291999,15946380.6668626,698680.4252777,17831000.8186587,118911042.0543647,50,25,3
Z2,0,8,720,6624.0,0.182184,36358.846002,36392.0,1.0,2,25.555944,141099.849094,141099.849094,5838376.543291999,15946380.6668626,698680.4252777,17831000.8186587,118911042.0543647,50,25,3
Z2,1,8,720,6968.0,0.060874,114465.946053,116128.0,1.0,2,25.555944,156721.269104,156721.269104,5838376.543291999,15946380.6668626,698680.4252777,17831000.8186587,118911042.0543647,50,25,3
Z2,2,8,720,7968.0,0.062577,127331.12805,128512.0,1.0,2,25.555944,159294.305503,159294.305503,5838376.543291999,15946380.6668626,698680.4252777,17831000.8186587,118911042.0543647,50,25,3
Z2,3,8,720,12752.0,0.039546,322459.920093,326968.0,1.0,2,25.555944,198320.063912,198320.063912,5838376.543291999,15946380.6668626,698680.4252777,17831000.8186587,118911042.0543647,50,25,3
Z2,4,8,720,18720.0,0.026909,695678.025939,720000.0,1.0,2,25.555944,272963.685081,272963.685081,5838376.543291999,15946380.6668626,698680.4252777,17831000.8186587,118911042.0543647,50,25,3
Z2,5,8,720,25648.0,0.072935,351655.583739,356216.0,1.0,2,25.555944,204159.196641,204159.196641,5838376.543291999,15946380.6668626,698680.4252777,17831000.8186587,118911042.0543647,50,25,3
Z2,6,8,720,9784.0,0.030577,319979.069235,326128.0,1.0,2,25.555944,197823.89374,197823.89374,5838376.543291999,15946380.6668626,698680.4252777,17831000.8186587,118911042.0543647,50,25,3
Z2,7,8,720,13192.0,0.032663,403882.068395,412248.0,1.0,2,25.555944,214604.493572,214604.493572,5838376.543291999,15946380.6668626,698680.4252777,17831000.8186587,118911042.0543647,50,25,3
Z3,0,8,720,6768.0,0.153855,43989.470605,44232.0,1.0,2,25.555944,142625.974014,142625.974014,5838376.543291999,15946380.6668626,698680.4252777,17831000.8186587,118911042.0543647,50,25,3
Z3,1,8,720,8032.0,0.029276,274354.420003,276960.0,1.0,2,25.555944,188698.963894,188698.963894,5838376.543291999,15946380.6668626,698680.4252777,17831000.8186587,118911042.0543647,50,25,3
Z3,2,8,720,7872.0,0.02933,268394.135697,271448.0,1.0,2,25.555944,187506.907033,187506.907033,5838376.543291999,15946380.6668626,698680.4252777,17831000.8186587,118911042.0543647,50,25,3
Z3,3,8,720,7024.0,0.059984,117097.892771,119048.0,1.0,2,25.555944,157247.658447,157247.658447,5838376.543291999,15946380.6668626,698680.4252777,17831000.8186587,118911042.0543647,50,25,3
Z3,4,8,720,7816.0,0.073975,105657.316661,107064.0,1.0,2,25.555944,154959.543225,154959.543225,5838376.543291999,15946380.6668626,698680.4252777,17831000.8186587,118911042.0543647,50,25,3
Z3,5,8,720,7936.0,0.039877,199011.961782,203480.0,1.0,2,25.555944,173630.47225,173630.47225,5838376.543291999,15946380.6668626,698680.4252777,17831000.8186587,118911042.0543647,50,25,3
Z3,6,8,720,6928.0,0.28082,24670.607507,24736.0,1.0,2,25.555944,138762.201394,138762.201394,5838376.543291999,15946380.6668626,698680.4252777,17831000.8186587,118911042.0543647,50,25,3
Z3,7,8,720,8048.0,0.032491,247699.3629,251496.0,1.0,2,25.555944,183367.952473,183367.952473,5838376.543291999,15946380.6668626,698680.4252777,17831000.8186587,118911042.0543647,50,25,3
Z3,8,8,720,7664.0,0.026677,287288.675638,294768.0,1.0,2,25.555944,191285.815021,191285.815021,5838376.543291999,15946380.6668626,698680.4252777,17831000.8186587,118911042.0543647,50,25,3
Z3,9,8,720,14248.0,0.032855,433663.064982,445248.0,1.0,2,25.555944,220560.69289,220560.69289,5838376.543291999,15946380.6668626,698680.4252777,17831000.8186587,118911042.0543647,50,25,3
Z3,10,8,720,19448.0,0.058168,334341.906203,335304.0,1.0,2,25.555944,200696.461134,200696.461134,5838376.543291999,15946380.6668626,698680.4252777,17831000.8186587,118911042.0543647,50,25,3
Z3,11,8,720,17344.0,0.044048,393752.270251,394176.0,1.0,2,25.555944,212578.533943,212578.533943,5838376.543291999,15946380.6668626,698680.4252777,17831000.8186587,118911042.0543647,50,25,3
Z3,12,8,720,11952.0,0.028133,424839.156862,426856.0,1.0,2,25.555944,218795.911266,218795.911266,5838376.543291999,15946380.6668626,698680.4252777,17831000.8186587,118911042.0543647,50,25,3
Z3,13,8,720,25224.0,0.028319,890709.417705,900856.0,1.0,2,25.555944,311969.963434,311969.963434,5838376.543291999,15946380.6668626,698680.4252777,17831000.8186587,118911042.0543647,50,25,3
Z3,14,8,720,35992.0,0.060065,599217.514359,599864.0,1.0,2,25.555944,253671.582765,253671.582765,5838376.543291999,15946380.6668626,698680.4252777,17831000.8186587,118911042.0543647,50,25,3
Z3,15,8,720,20016.0,0.075609,264730.389239,266880.0,1.0,2,25.555944,186774.157741,186774.157741,5838376.543291999,15946380.6668626,698680.4252777,17831000.8186587,118911042.0543647,50,25,3
Z3,16,8,720,36432.0,0.058035,627759.110881,628136.0,1.0,2,25.555944,259379.902069,259379.902069,5838376.543291999,15946380.6668626,698680.4252777,17831000.8186587,118911042.0543647,50,25,3
Z3,17,8,720,22472.0,0.07096,316685.456595,321024.0,1.0,2,25.555944,197165.171212,197165.171212,5838376.543291999,15946380.6668626,698680.4252777,17831000.8186587,118911042.0543647,50,25,3
Z3,18,8,720,21736.0,0.066643,326155.785304,329328.0,1.0,2,25.555944,199059.236954,199059.236954,5838376.543291999,15946380.6668626,698680.4252777,17831000.8186587,118911042.0543647,50,25,3
Z3,19,8,720,16848.0,0.042645,395075.62434,401136.0,1.0,2,25.555944,212843.204761,212843.204761,5838376.543291999,15946380.6668626,698680.4252777,17831000.8186587,118911042.0543647,50,25,3
Z3,20,8,720,47160.0,0.07529,626378.005047,628800.0,1.0,2,25.555944,259103.680903,259103.680903,5838376.543291999,15946380.6668626,698680.4252777,17831000.8186587,118911042.0543647,50,25,3
Z3,21,8,720,39472.0,0.064088,615903.133192,616744.0,1.0,2,25.555944,257008.706532,257008.706532,5838376.543291999,15946380.6668626,698680.4252777,17831000.8186587,118911042.0543647,50,25,3
Z3,22,8,720,26968.0,0.038592,698797.678275,709680.0,1.0,2,25.555944,273587.615548,273587.615548,5838376.543291999,15946380.6668626,698680.4252777,17831000.8186587,118911042.0543647,50,25,3
Z3,23,8,720,39776.0,0.053425,744520.355639,750488.0,1.0,2,25.555944,282732.151021,282732.151021,5838376.543291999,15946380.6668626,698680.4252777,17831000.8186587,118911042.0543647,50,25,3
Z3,24,8,720,34992.0,0.073701,474783.245818,479336.0,1.0,2,25.555944,228784.729057,228784.729057,5838376.543291999,15946380.6668626,698680.4252777,17831000.8186587,118911042.0543647,50,25,3
Z3,25,8,720,22464.0,0.069544,323018.520649,325560.0,1.0,2,25.555944,198431.784023,198431.784023,5838376.543291999,15946380.6668626,698680.4252777,17831000.8186587,118911042.0543647,50,25,3
Z3,26,8,720,43144.0,0.059504,725060.500134,731248.0,1.0,2,25.555944,278840.17992,278840.17992,5838376.543291999,15946380.6668626,698680.4252777,17831000.8186587,118911042.0543647,50,25,3
Z3,27,8,720,43672.0,0.048912,892868.825646,909832.0,1.0,2,25.555944,312401.845022,312401.845022,5838376.543291999,15946380.6668626,698680.4252777,17831000.8186587,118911042.0543647,50,25,3
Z3,28,8,720,18320.0,0.069056,265291.936979,265504.0,1.0,2,25.555944,186886.467289,186886.467289,5838376.543291999,15946380.6668626,698680.4252777,17831000.8186587,118911042.0543647,50,25,3
Z3,29,8,720,24560.0,0.072607,338259.396477,341104.0,1.0,2,25.555944,201479.959189,201479.959189,5838376.543291999,15946380.6668626,698680.4252777,17831000.8186587,118911042.0543647,50,25,3
Z3,30,8,720,19040.0,0.051002,373318.693385,373328.0,1.0,2,25.555944,208491.81857,208491.81857,5838376.543291999,15946380.6668626,698680.4252777,17831000.8186587,118911042.0543647,50,25,3
Z3,31,8,720,20160.0,0.070008,287967.089475,288000.0,1.0,2,25.555944,191421.497788,191421.497788,5838376.543291999,15946380.6668626,698680.4252777,17831000.8186587,118911042.0543647,50,25,3
Z3,32,8,720,16496.0,0.05113,322628.593781,323448.0,1.0,2,25.555944,198353.798649,198353.798649,5838376.543291999,15946380.6668626,698680.4252777,17831000.8186587,118911042.0543647,50,25,3
Z3,33,8,720,11624.0,0.053095,218928.336002,219320.0,1.0,2,25.555944,177613.747093,177613.747093,5838376.543291999,15946380.6668626,698680.4252777,17831000.8186587,118911042.0543647,50,25,3
Z3,34,8,720,21024.0,0.028424,739656.628202,750856.0,1.0,2,25.555944,281759.405533,281759.405533,5838376.543291999,15946380.6668626,698680.4252777,17831000.8186587,118911042.0543647,50,25,3
Z3,35,8,720,28496.0,0.068942,413332.946535,419056.0,1.0,2,25.555944,216494.6692,216494.6692,5838376.543291999,15946380.6668626,698680.4252777,17831000.8186587,118911042.0543647,50,25,3
Z3,36,8,720,12416.0,0.042895,289450.984963,295616.0,1.0,2,25.555944,191718.276886,191718.276886,5838376.543291999,15946380.6668626,698680.4252777,17831000.8186587,118911042.0543647,50,25,3
Z3,37,8,720,17312.0,0.040699,425366.716627,432800.0,1.0,2,25.555944,218901.423219,218901.423219,5838376.543291999,15946380.6668626,698680.4252777,17831000.8186587,118911042.0543647,50,25,3
Z3,38,8,720,14664.0,0.070228,208805.604602,209480.0,1.0,2,25.555944,175589.200814,175589.200814,5838376.543291999,15946380.6668626,698680.4252777,17831000.8186587,118911042.0543647,50,25,3
Z1,0,9,720,24464.0,0.285626,85650.465994,85832.0,1.0,2,28.644064,173876.40945,173876.40945,5838376.543291999,15946380.6668626,698680.4252777,17831000.8186587,118911042.0543647,50,25,3
Z2,0,9,720,6624.0,0.213699,30996.869428,31096.0,1.0,2,28.644064,162945.690137,162945.690137,5838376.543291999,15946380.6668626,698680.4252777,17831000.8186587,118911042.0543647,50,25,3
Z2,1,9,720,6776.0,0.075133,90186.735522,90344.0,1.0,2,28.644064,174783.663355,174783.663355,5838376.543291999,15946380.6668626,698680.4252777,17831000.8186587,118911042.0543647,50,25,3
Z2,2,9,720,7696.0,0.042614,180597.925564,183232.0,1.0,2,28.644064,192865.901364,192865.901364,5838376.543291999,15946380.6668626,698680.4252777,17831000.8186587,118911042.0543647,50,25,3
Z2,3,9,720,7496.0,0.048188,155557.400183,156160.0,1.0,2,28.644064,187857.796287,187857.796287,5838376.543291999,15946380.6668626,698680.4252777,17831000.8186587,118911042.0543647,50,25,3
Z2,4,9,720,16056.0,0.047368,338963.013005,341616.0,1.0,2,28.644064,224538.918852,224538.918852,5838376.543291999,15946380.6668626,698680.4252777,17831000.8186587,118911042.0543647,50,25,3
Z2,5,9,720,26344.0,0.053644,491089.40422,497056.0,1.0,2,28.644064,254964.197095,254964.197095,5838376.543291999,15946380.6668626,698680.4252777,17831000.8186587,118911042.0543647,50,25,3
Z2,6,9,720,23952.0,0.064898,369071.465993,374248.0,1.0,2,28.644064,230560.60945,230560.60945,5838376.543291999,15946380.6668626,698680.4252777,17831000.8186587,118911042.0543647,50,25,3
Z2,7,9,720,32816.0,0.065607,500190.52845,504856.0,1.0,2,28.644064,256784.421941,256784.421941,5838376.543291999,15946380.6668626,698680.4252777,17831000.8186587,118911042.0543647,50,25,3
Z3,0,9,720,6752.0,0.193224,34943.899309,34984.0,1.0,2,28.644064,163735.096113,163735.096113,5838376.543291999,15946380.6668626,698680.4252777,17831000.8186587,118911042.0543647,50,25,3
Z3,1,9,720,9824.0,0.069226,141911.998382,142376.0,1.0,2,28.644064,185128.715927,185128.715927,5838376.543291999,15946380.6668626,698680.4252777,17831000.8186587,118911042.0543647,50,25,3
Z3,2,9,720,8640.0,0.060065,143844.168817,144000.0,1.0,2,28.644064,185515.150014,185515.150014,5838376.543291999,15946380.6668626,698680.4252777,17831000.8186587,118911042.0543647,50,25,3
Z3,3,9,720,7248.0,0.040965,176931.526913,181200.0,1.0,2,28.644064,192132.621634,192132.621634,5838376.543291999,15946380.6668626,698680.4252777,17831000.8186587,118911042.0543647,50,25,3
Z3,4,9,720,8336.0,0.038855,214541.243083,219368.0,1.0,2,28.644064,199654.564868,199654.564868,5838376.543291999,15946380.6668626,698680.4252777,17831000.8186587,118911042.0543647,50,25,3
Z3,5,9,720,9640.0,0.046914,205482.372,209560.0,1.0,2,28.644064,197842.790651,197842.790651,5838376.543291999,15946380.6668626,698680.4252777,17831000.8186587,118911042.0543647,50,25,3
Z3,6,9,720,10312.0,0.049425,208639.352554,210448.0,1.0,2,28.644064,198474.186762,198474.186762,5838376.543291999,15946380.6668626,698680.4252777,17831000.8186587,118911042.0543647,50,25,3
Z3,7,9,720,21208.0,0.069571,304839.660203,307360.0,1.0,2,28.644064,217714.248292,217714.248292,5838376.543291999,15946380.6668626,698680.4252777,17831000.8186587,118911042.0543647,50,25,3
Z3,8,9,720,8000.0,0.041221,194075.835133,195120.0,1.0,2,28.644064,195561.483277,195561.483277,5838376.543291999,15946380.6668626,698680.4252777,17831000.8186587,118911042.0543647,50,25,3
Z3,9,9,720,16880.0,0.063684,265058.727467,267936.0,1.0,2,28.644064,209758.061744,209758.061744,5838376.543291999,15946380.6668626,698680.4252777,17831000.8186587,118911042.0543647,50,25,3
Z3,10,9,720,23240.0,0.065716,353642.948445,357536.0,1.0,2,28.644064,227474.90594,227474.90594,5838376.543291999,15946380.6668626,698680.4252777,17831000.8186587,118911042.0543647,50,25,3
Z3,11,9,720,21680.0,0.075933,285514.861786,289064.0,1.0,2,28.644064,213849.288608,213849.288608,5838376.543291999,15946380.6668626,698680.4252777,17831000.8186587,118911042.0543647,50,25,3
Z3,12,9,720,16096.0,0.056931,282728.214857,287424.0,1.0,2,28.644064,213291.959222,213291.959222,5838376.543291999,15946380.6668626,698680.4252777,17831000.8186587,118911042.0543647,50,25,3
Z3,13,9,720,39872.0,0.066322,601188.142698,604120.0,1.0,2,28.644064,276983.944791,276983.944791,5838376.543291999,15946380.6668626,698680.4252777,17831000.8186587,118911042.0543647,50,25,3
Z3,14,9,720,46392.0,0.071528,648585.169444,653408.0,1.0,2,28.644064,286463.35014,286463.35014,5838376.543291999,15946380.6668626,698680.4252777,17831000.8186587,118911042.0543647,50,25,3
Z3,15,9,720,26168.0,0.054639,478925.30976,484592.0,1.0,2,28.644064,252531.378203,252531.378203,5838376.543291999,15946380.6668626,698680.4252777,17831000.8186587,118911042.0543647,50,25,3
Z3,16,9,720,48816.0,0.067006,728531.773274,728592.0,1.0,2,28.644064,302452.670906,302452.670906,5838376.543291999,15946380.6668626,698680.4252777,17831000.8186587,118911042.0543647,50,25,3
Z3,17,9,720,38664.0,0.042016,920220.868241,920568.0,1.0,2,28.644064,340790.489899,340790.489899,5838376.543291999,15946380.6668626,698680.4252777,17831000.8186587,118911042.0543647,50,25,3
Z3,18,9,720,19912.0,0.03375,589985.185185,603392.0,1.0,2,28.644064,274743.353288,274743.353288,5838376.543291999,15946380.6668626,698680.4252777,17831000.8186587,118911042.0543647,50,25,3
Z3,19,9,720,61688.0,0.066874,922451.17684,934664.0,1.0,2,28.644064,341236.551619,341236.551619,5838376.543291999,15946380.6668626,698680.4252777,17831000.8186587,118911042.0543647,50,25,3
Z3,20,9,720,59200.0,0.070564,838954.707783,845712.0,1.0,2,28.644064,324537.257808,324537.257808,5838376.543291999,15946380.6668626,698680.4252777,17831000.8186587,118911042.0543647,50,25,3
Z3,21,9,720,41064.0,0.067788,605770.932908,612888.0,1.0,2,28.644064,277900.502833,277900.502833,5838376.543291999,15946380.6668626,698680.4252777,17831000.8186587,118911042.0543647,50,25,3
Z3,22,9,720,55576.0,0.054266,1024140.345704,1029184.0,1.0,2,28.644064,361574.385392,361574.385392,5838376.543291999,15946380.6668626,698680.4252777,17831000.8186587,118911042.0543647,50,25,3
Z3,23,9,720,50200.0,0.06296,797331.639136,809672.0,1.0,2,28.644064,316212.644078,316212.644078,5838376.543291999,15946380.6668626,698680.4252777,17831000.8186587,118911042.0543647,50,25,3
Z3,24,9,720,30056.0,0.041168,730081.61679,733072.0,1.0,2,28.644064,302762.639609,302762.639609,5838376.543291999,15946380.6668626,698680.4252777,17831000.8186587,118911042.0543647,50,25,3
Z3,25,9,720,59504.0,0.067316,883950.323846,888112.0,1.0,2,28.644064,333536.38102,333536.38102,5838376.543291999,15946380.6668626,698680.4252777,17831000.8186587,118911042.0543647,50,25,3
Z3,26,9,720,65232.0,0.064372,1013359.845896,1019248.0,1.0,2,28.644064,359418.28543,359418.28543,5838376.543291999,15946380.6668626,698680.4252777,17831000.8186587,118911042.0543647,50,25,3
Z3,27,9,720,36648.0,0.06619,553678.803445,555272.0,1.0,2,28.644064,267482.07694,267482.07694,5838376.543291999,15946380.6668626,698680.4252777,17831000.8186587,118911042.0543647,50,25,3
Z3,28,9,720,8856.0,0.037276,237579.139393,239344.0,1.0,2,28.644064,204262.144129,204262.144129,5838376.543291999,15946380.6668626,698680.4252777,17831000.8186587,118911042.0543647,50,25,3
Z3,29,9,720,14088.0,0.039373,357808.650598,361224.0,1.0,2,28.644064,228308.046371,228308.046371,5838376.543291999,15946380.6668626,698680.4252777,17831000.8186587,118911042.0543647,50,25,3
Z3,30,9,720,15104.0,0.047628,317124.380616,321360.0,1.0,2,28.644064,220171.192374,220171.192374,5838376.543291999,15946380.6668626,698680.4252777,17831000.8186587,118911042.0543647,50,25,3
Z3,31,9,720,11784.0,0.071466,164889.597851,165968.0,1.0,2,28.644064,189724.235821,189724.235821,5838376.543291999,15946380.6668626,698680.4252777,17831000.8186587,118911042.0543647,50,25,3
Z3,32,9,720,18496.0,0.036813,502431.206367,513776.0,1.0,2,28.644064,257232.557524,257232.557524,5838376.543291999,15946380.6668626,698680.4252777,17831000.8186587,118911042.0543647,50,25,3
Z3,33,9,720,22376.0,0.066556,336198.088827,339024.0,1.0,2,28.644064,223985.934016,223985.934016,5838376.543291999,15946380.6668626,698680.4252777,17831000.8186587,118911042.0543647,50,25,3
Z3,34,9,720,8792.0,0.049604,177243.770664,179424.0,1.0,2,28.644064,192195.070384,192195.070384,5838376.543291999,15946380.6668626,698680.4252777,17831000.8186587,118911042.0543647,50,25,3
Z3,35,9,720,19464.0,0.061039,318878.094333,319080.0,1.0,2,28.644064,220521.935118,220521.935118,5838376.543291999,15946380.6668626,698680.4252777,17831000.8186587,118911042.0543647,50,25,3
Z3,36,9,720,20360.0,0.064109,317584.114555,318120.0,1.0,2,28.644064,220263.139162,220263.139162,5838376.543291999,15946380.6668626,698680.4252777,17831000.8186587,118911042.0543647,50,25,3
Z3,37,9,720,11344.0,0.030609,370609.951322,378128.0,1.0,2,28.644064,230868.306515,230868.306515,5838376.543291999,15946380.6668626,698680.4252777,17831000.8186587,118911042.0543647,50,25,3
Z3,38,9,720,15808.0,0.072733,217342.884248,219552.0,1.0,2,28.644064,200214.893101,200214.893101,5838376.543291999,15946380.6668626,698680.4252777,17831000.8186587,118911042.0543647,50,25,3
Z1,0,10,720,35840.0,0.161685,221665.584315,222608.0,1.0,2,31.893961,193014.944138,193014.944138,5838376.543291999,15946380.6668626,698680.4252777,17831000.8186587,118911042.0543647,50,25,3
Z2,0,10,720,6624.0,0.656166,10095.006447,10096.0,1.0,2,31.893961,150700.828564,150700.828564,5838376.543291999,15946380.6668626,698680.4252777,17831000.8186587,118911042.0543647,50,25,3
Z2,1,10,720,7008.0,0.054282,129103.570244,129776.0,1.0,2,31.893961,174502.541324,174502.541324,5838376.543291999,15946380.6668626,698680.4252777,17831000.8186587,118911042.0543647,50,25,3
Z2,2,10,720,7480.0,0.03704,201943.844492,202160.0,1.0,2,31.893961,189070.596174,189070.596174,5838376.543291999,15946380.6668626,698680.4252777,17831000.8186587,118911042.0543647,50,25,3
Z2,3,10,720,7832.0,0.075779,103353.171723,104424.0,1.0,2,31.893961,169352.46162,169352.46162,5838376.543291999,15946380.6668626,698680.4252777,17831000.8186587,118911042.0543647,50,25,3
Z2,4,10,720,29728.0,0.065532,453640.969297,457352.0,1.0,2,31.893961,239410.021135,239410.021135,5838376.543291999,15946380.6668626,698680.4252777,17831000.8186587,118911042.0543647,50,25,3
Z2,5,10,720,35136.0,0.066896,525233.1978,532360.0,1.0,2,31.893961,253728.466835,253728.466835,5838376.543291999,15946380.6668626,698680.4252777,17831000.8186587,118911042.0543647,50,25,3
Z2,6,10,720,23040.0,0.056505,407751.526414,411424.0,1.0,2,31.893961,230232.132558,230232.132558,5838376.543291999,15946380.6668626,698680.4252777,17831000.8186587,118911042.0543647,50,25,3
Z2,7,10,720,35840.0,0.075305,475931.213067,477864.0,1.0,2,31.893961,243868.069889,243868.069889,5838376.543291999,15946380.6668626,698680.4252777,17831000.8186587,118911042.0543647,50,25,3
Z3,0,10,720,6840.0,0.254193,26908.687493,26928.0,1.0,2,31.893961,154063.564774,154063.564774,5838376.543291999,15946380.6668626,698680.4252777,17831000.8186587,118911042.0543647,50,25,3
Z3,1,10,720,22064.0,0.191268,115356.463183,115512.0,1.0,2,31.893961,171753.119912,171753.119912,5838376.543291999,15946380.6668626,698680.4252777,17831000.8186587,118911042.0543647,50,25,3
Z3,2,10,720,15312.0,0.028482,537602.69644,546856.0,1.0,2,31.893961,256202.366563,256202.366563,5838376.543291999,15946380.6668626,698680.4252777,17831000.8186587,118911042.0543647,50,25,3
Z3,3,10,720,7752.0,0.063666,121760.437282,123040.0,1.0,2,31.893961,173033.914732,173033.914732,5838376.543291999,15946380.6668626,698680.4252777,17831000.8186587,118911042.0543647,50,25,3
Z3,4,10,720,11432.0,0.067698,168867.61795,170624.0,1.0,2,31.893961,182455.350865,182455.350865,5838376.543291999,15946380.6668626,698680.4252777,17831000.8186587,118911042.0543647,50,25,3
Z3,5,10,720,17232.0,0.052409,328798.488809,331384.0,1.0,2,31.893961,214441.525037,214441.525037,5838376.543291999,15946380.6668626,698680.4252777,17831000.8186587,118911042.0543647,50,25,3
Z3,6,10,720,23328.0,0.068194,342082.881192,343056.0,1.0,2,31.893961,217098.403514,217098.403514,5838376.543291999,15946380.6668626,698680.4252777,17831000.8186587,118911042.0543647,50,25,3
Z3,7,10,720,18496.0,0.037856,488588.334742,499888.0,1.0,2,31.893961,246399.494224,246399.494224,5838376.543291999,15946380.6668626,698680.4252777,17831000.8186587,118911042.0543647,50,25,3
Z3,8,10,720,7968.0,0.060714,131238.264651,132800.0,1.0,2,31.893961,174929.480205,174929.480205,5838376.543291999,15946380.6668626,698680.4252777,17831000.8186587,118911042.0543647,50,25,3
Z3,9,10,720,19568.0,0.050065,390851.89254,391360.0,1.0,2,31.893961,226852.205783,226852.205783,5838376.543291999,15946380.6668626,698680.4252777,17831000.8186587,118911042.0543647,50,25,3
Z3,10,10,720,36064.0,0.046093,782418.1546,784000.0,1.0,2,31.893961,305165.458195,305165.458195,5838376.543291999,15946380.6668626,698680.4252777,17831000.8186587,118911042.0543647,50,25,3
Z3,11,10,720,29248.0,0.04383,667305.498517,680184.0,1.0,2,31.893961,282142.926979,282142.926979,5838376.543291999,15946380.6668626,698680.4252777,17831000.8186587,118911042.0543647,50,25,3
Z3,12,10,720,24216.0,0.07073,342372.402092,345936.0,1.0,2,31.893961,217156.307694,217156.307694,5838376.543291999,15946380.6668626,698680.4252777,17831000.8186587,118911042.0543647,50,25,3
Z3,13,10,720,54424.0,0.063234,860676.21849,863872.0,1.0,2,31.893961,320817.070973,320817.070973,5838376.543291999,15946380.6668626,698680.4252777,17831000.8186587,118911042.0543647,50,25,3
Z3,14,10,720,56832.0,0.10722,530050.363738,531136.0,1.0,2,31.893961,254691.900023,254691.900023,5838376.543291999,15946380.6668626,698680.4252777,17831000.8186587,118911042.0543647,50,25,3
Z3,15,10,720,29576.0,0.035379,835976.14404,845024.0,1.0,2,31.893961,315877.056083,315877.056083,5838376.543291999,15946380.6668626,698680.4252777,17831000.8186587,118911042.0543647,50,25,3
Z3,16,10,720,52328.0,0.073921,707890.856455,716816.0,1.0,2,31.893961,290259.998566,290259.998566,5838376.543291999,15946380.6668626,698680.4252777,17831000.8186587,118911042.0543647,50,25,3
Z3,17,10,720,52840.0,0.069948,755418.310745,765792.0,1.0,2,31.893961,299765.489424,299765.489424,5838376.543291999,15946380.6668626,698680.4252777,17831000.8186587,118911042.0543647,50,25,3
Z3,18,10,720,23160.0,0.071017,326119.098244,326192.0,1.0,2,31.893961,213905.646924,213905.646924,5838376.543291999,15946380.6668626,698680.4252777,17831000.8186587,118911042.0543647,50,25,3
Z3,19,10,720,77048.0,0.12333,624730.398119,626400.0,1.0,2,31.893961,273627.906899,273627.906899,5838376.543291999,15946380.6668626,698680.4252777,17831000.8186587,118911042.0543647,50,25,3
Z3,20,10,720,68968.0,0.084017,820881.48827,821040.0,1.0,2,31.893961,312858.124929,312858.124929,5838376.543291999,15946380.6668626,698680.4252777,17831000.8186587,118911042.0543647,50,25,3
Z3,21,10,720,52224.0,0.06267,833317.376735,842320.0,1.0,2,31.893961,315345.302622,315345.302622,5838376.543291999,15946380.6668626,698680.4252777,17831000.8186587,118911042.0543647,50,25,3
Z3,22,10,720,76384.0,0.077532,985193.210545,992000.0,1.0,2,31.893961,345720.469384,345720.469384,5838376.543291999,15946380.6668626,698680.4252777,17831000.8186587,118911042.0543647,50,25,3
Z3,23,10,720,57512.0,0.068646,837805.553128,845760.0,1.0,2,31.893961,316242.937901,316242.937901,5838376.543291999,15946380.6668626,698680.4252777,17831000.8186587,118911042.0543647,50,25,3
Z3,24,10,720,35600.0,0.142743,249399.270017,250704.0,1.0,2,31.893961,198561.681279,198561.681279,5838376.543291999,15946380.6668626,698680.4252777,17831000.8186587,118911042.0543647,50,25,3
Z3,25,10,720,72816.0,0.121473,599441.851276,601784.0,1.0,2,31.893961,268570.19753,268570.19753,5838376.543291999,15946380.6668626,698680.4252777,17831000.8186587,118911042.0543647,50,25,3
Z3,26,10,720,93600.0,0.079535,1176840.384736,1184808.0,1.0,2,31.893961,384049.904222,384049.904222,5838376.543291999,15946380.6668626,698680.4252777,17831000.8186587,118911042.0543647,50,25,3
Z3,27,10,720,43888.0,0.068413,641515.50144,645408.0,1.0,2,31.893961,276984.927563,276984.927563,5838376.543291999,15946380.6668626,698680.4252777,17831000.8186587,118911042.0543647,50,25,3
Z3,28,10,720,13072.0,0.075363,173453.81686,174288.0,1.0,2,31.893961,183372.590647,183372.590647,5838376.543291999,15946380.6668626,698680.4252777,17831000.8186587,118911042.0543647,50,25,3
Z3,29,10,720,20608.0,0.059317,347421.481194,349288.0,1.0,2,31.893961,218166.123514,218166.123514,5838376.543291999,15946380.6668626,698680.4252777,17831000.8186587,118911042.0543647,50,25,3
Z3,30,10,720,22584.0,0.055975,403465.832961,410616.0,1.0,2,31.893961,229374.993867,229374.993867,5838376.543291999,15946380.6668626,698680.4252777,17831000.8186587,118911042.0543647,50,25,3
Z3,31,10,720,14712.0,0.057158,257391.791175,258104.0,1.0,2,31.893961,200160.18551,200160.18551,5838376.543291999,15946380.6668626,698680.4252777,17831000.8186587,118911042.0543647,50,25,3
Z3,32,10,720,20512.0,0.065188,314659.139719,315568.0,1.0,2,31.893961,211613.655219,211613.655219,5838376.543291999,15946380.6668626,698680.4252777,17831000.8186587,118911042.0543647,50,25,3
Z3,33,10,720,17992.0,0.053854,334088.461396,339464.0,1.0,2,31.893961,215499.519554,215499.519554,5838376.543291999,15946380.6668626,698680.4252777,17831000.8186587,118911042.0543647,50,25,3
Z3,34,10,720,11464.0,0.074986,152881.871283,154912.0,1.0,2,31.893961,179258.201532,179258.201532,5838376.543291999,15946380.6668626,698680.4252777,17831000.8186587,118911042.0543647,50,25,3
Z3,35,10,720,22376.0,0.07493,298625.383691,302376.0,1.0,2,31.893961,208406.904013,208406.904013,5838376.543291999,15946380.6668626,698680.4252777,17831000.8186587,118911042.0543647,50,25,3
Z3,36,10,720,29088.0,0.057895,502426.807151,510312.0,1.0,2,31.893961,249167.188705,249167.188705,5838376.543291999,15946380.6668626,698680.4252777,17831000.8186587,118911042.0543647,50,25,3
Z3,37,10,720,17936.0,0.029459,608846.193014,618480.0,1.0,2,31.893961,270451.065878,270451.065878,5838376.543291999,15946380.6668626,698680.4252777,17831000.8186587,118911042.0543647,50,25,3
Z3,38,10,720,24920.0,0.063526,392280.326166,395552.0,1.0,2,31.893961,227137.892508,227137.892508,5838376.543291999,15946380.6668626,698680.4252777,17831000.8186587,118911042.0543647,50,25,3
