Zone, Tile_no, Seg_no, Reso, Seg_d_size, Seg_d_time, Bitrate, Bitrate1, Buf_lev, Buf_limit, Elapsed, Ref_vp, Local_avg,QoE,QoE1,Z1,Z2,Z3,delay,jitter,loss
Z1,0,1,720,9960.0,0.200851,49588.99881,49800.0,1.0,2,6.2e-05,49588.99881,49588.99881,8939749.438107498,23826205.770845197,1191273.1591286,27019527.422391597,175884090.74976858,50,25,0
Z2,0,1,720,8952.0,0.192111,46598.060496,46624.0,1.0,2,6.2e-05,23299.030248,23299.030248,8939749.438107498,23826205.770845197,1191273.1591286,27019527.422391597,175884090.74976858,50,25,0
Z2,1,1,720,5424.0,0.027425,197775.752051,200888.0,1.0,2,6.2e-05,65925.250684,65925.250684,8939749.438107498,23826205.770845197,1191273.1591286,27019527.422391597,175884090.74976858,50,25,0
Z2,2,1,720,7080.0,0.068441,103446.764366,104112.0,1.0,2,6.2e-05,25861.691092,25861.691092,8939749.438107498,23826205.770845197,1191273.1591286,27019527.422391597,175884090.74976858,50,25,0
Z2,3,1,720,18976.0,0.062848,301934.826884,306064.0,1.0,2,6.2e-05,60386.965377,60386.965377,8939749.438107498,23826205.770845197,1191273.1591286,27019527.422391597,175884090.74976858,50,25,0
Z2,4,1,720,8720.0,0.047779,182506.959124,185528.0,1.0,2,6.2e-05,36501.391825,36501.391825,8939749.438107498,23826205.770845197,1191273.1591286,27019527.422391597,175884090.74976858,50,25,0
Z2,5,1,720,8336.0,0.059766,139477.294783,141288.0,1.0,2,6.2e-05,27895.458957,27895.458957,8939749.438107498,23826205.770845197,1191273.1591286,27019527.422391597,175884090.74976858,50,25,0
Z2,6,1,720,6376.0,0.068899,92541.256041,93760.0,1.0,2,6.2e-05,18508.251208,18508.251208,8939749.438107498,23826205.770845197,1191273.1591286,27019527.422391597,175884090.74976858,50,25,0
Z2,7,1,720,6872.0,0.03735,183989.290495,185728.0,1.0,2,6.2e-05,36797.858099,36797.858099,8939749.438107498,23826205.770845197,1191273.1591286,27019527.422391597,175884090.74976858,50,25,0
Z3,0,1,720,7080.0,0.152093,46550.465833,46576.0,1.0,2,6.2e-05,9310.093167,9310.093167,8939749.438107498,23826205.770845197,1191273.1591286,27019527.422391597,175884090.74976858,50,25,0
Z3,1,1,720,7080.0,0.03065,230995.106036,236000.0,1.0,2,6.2e-05,46199.021207,46199.021207,8939749.438107498,23826205.770845197,1191273.1591286,27019527.422391597,175884090.74976858,50,25,0
Z3,2,1,720,5664.0,0.070055,80850.760117,80912.0,1.0,2,6.2e-05,16170.152023,16170.152023,8939749.438107498,23826205.770845197,1191273.1591286,27019527.422391597,175884090.74976858,50,25,0
Z3,3,1,720,7080.0,0.064763,109321.680589,110624.0,1.0,2,6.2e-05,21864.336118,21864.336118,8939749.438107498,23826205.770845197,1191273.1591286,27019527.422391597,175884090.74976858,50,25,0
Z3,4,1,720,7080.0,0.038636,183248.783518,186312.0,1.0,2,6.2e-05,36649.756704,36649.756704,8939749.438107498,23826205.770845197,1191273.1591286,27019527.422391597,175884090.74976858,50,25,0
Z3,5,1,720,5664.0,0.074027,76512.623772,76536.0,1.0,2,6.2e-05,15302.524754,15302.524754,8939749.438107498,23826205.770845197,1191273.1591286,27019527.422391597,175884090.74976858,50,25,0
Z3,6,1,720,7080.0,0.04724,149872.988992,150632.0,1.0,2,6.2e-05,29974.597798,29974.597798,8939749.438107498,23826205.770845197,1191273.1591286,27019527.422391597,175884090.74976858,50,25,0
Z3,7,1,720,7080.0,0.036985,191428.957686,196664.0,1.0,2,6.2e-05,38285.791537,38285.791537,8939749.438107498,23826205.770845197,1191273.1591286,27019527.422391597,175884090.74976858,50,25,0
Z3,8,1,720,5664.0,0.058338,97089.375707,97648.0,1.0,2,6.2e-05,19417.875141,19417.875141,8939749.438107498,23826205.770845197,1191273.1591286,27019527.422391597,175884090.74976858,50,25,0
Z3,9,1,720,7080.0,0.047456,149190.8294,150632.0,1.0,2,6.2e-05,29838.16588,29838.16588,8939749.438107498,23826205.770845197,1191273.1591286,27019527.422391597,175884090.74976858,50,25,0
Z3,10,1,720,12904.0,0.04929,261797.524853,263344.0,1.0,2,6.2e-05,52359.504971,52359.504971,8939749.438107498,23826205.770845197,1191273.1591286,27019527.422391597,175884090.74976858,50,25,0
Z3,11,1,720,17344.0,0.031419,552022.661447,559480.0,1.0,2,6.2e-05,110404.532289,110404.532289,8939749.438107498,23826205.770845197,1191273.1591286,27019527.422391597,175884090.74976858,50,25,0
Z3,12,1,720,16912.0,0.071177,237604.844261,238192.0,1.0,2,6.2e-05,47520.968852,47520.968852,8939749.438107498,23826205.770845197,1191273.1591286,27019527.422391597,175884090.74976858,50,25,0
Z3,13,1,720,13240.0,0.034292,386095.882422,389408.0,1.0,2,6.2e-05,77219.176484,77219.176484,8939749.438107498,23826205.770845197,1191273.1591286,27019527.422391597,175884090.74976858,50,25,0
Z3,14,1,720,28328.0,0.058278,486083.942483,488408.0,1.0,2,6.2e-05,97216.788497,97216.788497,8939749.438107498,23826205.770845197,1191273.1591286,27019527.422391597,175884090.74976858,50,25,0
Z3,15,1,720,30528.0,0.058202,524518.057799,526344.0,1.0,2,6.2e-05,104903.61156,104903.61156,8939749.438107498,23826205.770845197,1191273.1591286,27019527.422391597,175884090.74976858,50,25,0
Z3,16,1,720,16360.0,0.060964,268355.09481,272664.0,1.0,2,6.2e-05,53671.018962,53671.018962,8939749.438107498,23826205.770845197,1191273.1591286,27019527.422391597,175884090.74976858,50,25,0
Z3,17,1,720,33216.0,0.057475,577920.835146,582736.0,1.0,2,6.2e-05,115584.167029,115584.167029,8939749.438107498,23826205.770845197,1191273.1591286,27019527.422391597,175884090.74976858,50,25,0
Z3,18,1,720,28000.0,0.068453,409039.779119,411760.0,1.0,2,6.2e-05,81807.955824,81807.955824,8939749.438107498,23826205.770845197,1191273.1591286,27019527.422391597,175884090.74976858,50,25,0
Z3,19,1,720,15744.0,0.073734,213524.290015,215664.0,1.0,2,6.2e-05,42704.858003,42704.858003,8939749.438107498,23826205.770845197,1191273.1591286,27019527.422391597,175884090.74976858,50,25,0
Z3,20,1,720,16024.0,0.048025,333659.552317,333832.0,1.0,2,6.2e-05,66731.910463,66731.910463,8939749.438107498,23826205.770845197,1191273.1591286,27019527.422391597,175884090.74976858,50,25,0
Z3,21,1,720,11576.0,0.066568,173897.368105,175392.0,1.0,2,6.2e-05,34779.473621,34779.473621,8939749.438107498,23826205.770845197,1191273.1591286,27019527.422391597,175884090.74976858,50,25,0
Z3,22,1,720,10816.0,0.053189,203350.316795,204072.0,1.0,2,6.2e-05,40670.063359,40670.063359,8939749.438107498,23826205.770845197,1191273.1591286,27019527.422391597,175884090.74976858,50,25,0
Z3,23,1,720,13224.0,0.047201,280163.555857,281360.0,1.0,2,6.2e-05,56032.711171,56032.711171,8939749.438107498,23826205.770845197,1191273.1591286,27019527.422391597,175884090.74976858,50,25,0
Z3,24,1,720,17528.0,0.058217,301080.440421,302200.0,1.0,2,6.2e-05,60216.088084,60216.088084,8939749.438107498,23826205.770845197,1191273.1591286,27019527.422391597,175884090.74976858,50,25,0
Z3,25,1,720,23824.0,0.075591,315169.795346,317648.0,1.0,2,6.2e-05,63033.959069,63033.959069,8939749.438107498,23826205.770845197,1191273.1591286,27019527.422391597,175884090.74976858,50,25,0
Z3,26,1,720,11024.0,0.066533,165692.212887,167024.0,1.0,2,6.2e-05,33138.442577,33138.442577,8939749.438107498,23826205.770845197,1191273.1591286,27019527.422391597,175884090.74976858,50,25,0
Z3,27,1,720,15112.0,0.043623,346422.758636,351440.0,1.0,2,6.2e-05,69284.551727,69284.551727,8939749.438107498,23826205.770845197,1191273.1591286,27019527.422391597,175884090.74976858,50,25,0
Z3,28,1,720,24552.0,0.053523,458718.681688,463240.0,1.0,2,6.2e-05,91743.736338,91743.736338,8939749.438107498,23826205.770845197,1191273.1591286,27019527.422391597,175884090.74976858,50,25,0
Z3,29,1,720,10824.0,0.050659,213663.909671,216480.0,1.0,2,6.2e-05,42732.781934,42732.781934,8939749.438107498,23826205.770845197,1191273.1591286,27019527.422391597,175884090.74976858,50,25,0
Z3,30,1,720,6872.0,0.041568,165319.47652,167608.0,1.0,2,6.2e-05,33063.895304,33063.895304,8939749.438107498,23826205.770845197,1191273.1591286,27019527.422391597,175884090.74976858,50,25,0
Z3,31,1,720,6872.0,0.037761,181986.705861,185728.0,1.0,2,6.2e-05,36397.341172,36397.341172,8939749.438107498,23826205.770845197,1191273.1591286,27019527.422391597,175884090.74976858,50,25,0
Z3,32,1,720,6376.0,0.028535,223444.892238,227712.0,1.0,2,6.2e-05,44688.978448,44688.978448,8939749.438107498,23826205.770845197,1191273.1591286,27019527.422391597,175884090.74976858,50,25,0
Z3,33,1,720,6872.0,0.073623,93340.396344,94136.0,1.0,2,6.2e-05,18668.079269,18668.079269,8939749.438107498,23826205.770845197,1191273.1591286,27019527.422391597,175884090.74976858,50,25,0
Z3,34,1,720,6872.0,0.063173,108780.649961,109072.0,1.0,2,6.2e-05,21756.129992,21756.129992,8939749.438107498,23826205.770845197,1191273.1591286,27019527.422391597,175884090.74976858,50,25,0
Z3,35,1,720,6376.0,0.044535,143168.2946,144904.0,1.0,2,6.2e-05,28633.65892,28633.65892,8939749.438107498,23826205.770845197,1191273.1591286,27019527.422391597,175884090.74976858,50,25,0
Z3,36,1,720,6872.0,0.035174,195371.581282,196336.0,1.0,2,6.2e-05,39074.316256,39074.316256,8939749.438107498,23826205.770845197,1191273.1591286,27019527.422391597,175884090.74976858,50,25,0
Z3,37,1,720,6872.0,0.05541,124020.934849,124944.0,1.0,2,6.2e-05,24804.18697,24804.18697,8939749.438107498,23826205.770845197,1191273.1591286,27019527.422391597,175884090.74976858,50,25,0
Z3,38,1,720,6376.0,0.054614,116746.621745,118072.0,1.0,2,6.2e-05,23349.324349,23349.324349,8939749.438107498,23826205.770845197,1191273.1591286,27019527.422391597,175884090.74976858,50,25,0
Z1,0,2,720,7080.0,0.165843,42690.978817,42904.0,1.0,2,2.953198,31887.520113,31887.520113,8939749.438107498,23826205.770845197,1191273.1591286,27019527.422391597,175884090.74976858,50,25,0
Z2,0,2,720,6624.0,0.221322,29929.243365,29968.0,1.0,2,2.953198,29335.173022,29335.173022,8939749.438107498,23826205.770845197,1191273.1591286,27019527.422391597,175884090.74976858,50,25,0
Z2,1,2,720,5424.0,0.061053,88840.843202,88912.0,1.0,2,2.953198,41117.492989,41117.492989,8939749.438107498,23826205.770845197,1191273.1591286,27019527.422391597,175884090.74976858,50,25,0
Z2,2,2,720,7080.0,0.043671,162121.316205,164648.0,1.0,2,2.953198,55773.58759,55773.58759,8939749.438107498,23826205.770845197,1191273.1591286,27019527.422391597,175884090.74976858,50,25,0
Z2,3,2,720,12648.0,0.068927,183498.483903,186000.0,1.0,2,2.953198,60049.02113,60049.02113,8939749.438107498,23826205.770845197,1191273.1591286,27019527.422391597,175884090.74976858,50,25,0
Z2,4,2,720,15344.0,0.037877,405100.720754,414696.0,1.0,2,2.953198,104369.4685,104369.4685,8939749.438107498,23826205.770845197,1191273.1591286,27019527.422391597,175884090.74976858,50,25,0
Z2,5,2,720,18392.0,0.068078,270160.698023,270464.0,1.0,2,2.953198,77381.463954,77381.463954,8939749.438107498,23826205.770845197,1191273.1591286,27019527.422391597,175884090.74976858,50,25,0
Z2,6,2,720,9160.0,0.037159,246508.248338,247560.0,1.0,2,2.953198,72650.974017,72650.974017,8939749.438107498,23826205.770845197,1191273.1591286,27019527.422391597,175884090.74976858,50,25,0
Z2,7,2,720,8048.0,0.042407,189779.989153,191616.0,1.0,2,2.953198,61305.32218,61305.32218,8939749.438107498,23826205.770845197,1191273.1591286,27019527.422391597,175884090.74976858,50,25,0
Z3,0,2,720,7080.0,0.20421,34670.192449,34704.0,1.0,2,2.953198,30283.362839,30283.362839,8939749.438107498,23826205.770845197,1191273.1591286,27019527.422391597,175884090.74976858,50,25,0
Z3,1,2,720,7080.0,0.067916,104246.422051,105664.0,1.0,2,2.953198,44198.608759,44198.608759,8939749.438107498,23826205.770845197,1191273.1591286,27019527.422391597,175884090.74976858,50,25,0
Z3,2,2,720,5664.0,0.048533,116704.098242,118000.0,1.0,2,2.953198,46690.143998,46690.143998,8939749.438107498,23826205.770845197,1191273.1591286,27019527.422391597,175884090.74976858,50,25,0
Z3,3,2,720,7080.0,0.061223,115642.813975,116064.0,1.0,2,2.953198,46477.887144,46477.887144,8939749.438107498,23826205.770845197,1191273.1591286,27019527.422391597,175884090.74976858,50,25,0
Z3,4,2,720,7080.0,0.056939,124343.595778,126424.0,1.0,2,2.953198,48218.043505,48218.043505,8939749.438107498,23826205.770845197,1191273.1591286,27019527.422391597,175884090.74976858,50,25,0
Z3,5,2,720,5664.0,0.042754,132478.83239,134856.0,1.0,2,2.953198,49845.090827,49845.090827,8939749.438107498,23826205.770845197,1191273.1591286,27019527.422391597,175884090.74976858,50,25,0
Z3,6,2,720,7080.0,0.056074,126261.725577,126424.0,1.0,2,2.953198,48601.669464,48601.669464,8939749.438107498,23826205.770845197,1191273.1591286,27019527.422391597,175884090.74976858,50,25,0
Z3,7,2,720,7080.0,0.074401,95160.01129,95672.0,1.0,2,2.953198,42381.326607,42381.326607,8939749.438107498,23826205.770845197,1191273.1591286,27019527.422391597,175884090.74976858,50,25,0
Z3,8,2,720,5664.0,0.058898,96166.253523,97648.0,1.0,2,2.953198,42582.575054,42582.575054,8939749.438107498,23826205.770845197,1191273.1591286,27019527.422391597,175884090.74976858,50,25,0
Z3,9,2,720,17112.0,0.027405,624411.603722,633776.0,1.0,2,2.953198,148231.645093,148231.645093,8939749.438107498,23826205.770845197,1191273.1591286,27019527.422391597,175884090.74976858,50,25,0
Z3,10,2,720,15320.0,0.073242,209169.602141,209856.0,1.0,2,2.953198,65183.244777,65183.244777,8939749.438107498,23826205.770845197,1191273.1591286,27019527.422391597,175884090.74976858,50,25,0
Z3,11,2,720,10704.0,0.064321,166415.323145,167248.0,1.0,2,2.953198,56632.388978,56632.388978,8939749.438107498,23826205.770845197,1191273.1591286,27019527.422391597,175884090.74976858,50,25,0
Z3,12,2,720,18776.0,0.027576,680881.926313,695400.0,1.0,2,2.953198,159525.709612,159525.709612,8939749.438107498,23826205.770845197,1191273.1591286,27019527.422391597,175884090.74976858,50,25,0
Z3,13,2,720,21848.0,0.045284,482466.213232,485504.0,1.0,2,2.953198,119842.566995,119842.566995,8939749.438107498,23826205.770845197,1191273.1591286,27019527.422391597,175884090.74976858,50,25,0
Z3,14,2,720,12752.0,0.067141,189928.657601,190328.0,1.0,2,2.953198,61335.055869,61335.055869,8939749.438107498,23826205.770845197,1191273.1591286,27019527.422391597,175884090.74976858,50,25,0
Z3,15,2,720,21856.0,0.053654,407350.803295,412376.0,1.0,2,2.953198,104819.485008,104819.485008,8939749.438107498,23826205.770845197,1191273.1591286,27019527.422391597,175884090.74976858,50,25,0
Z3,16,2,720,16880.0,0.055711,302992.227747,306904.0,1.0,2,2.953198,83947.769898,83947.769898,8939749.438107498,23826205.770845197,1191273.1591286,27019527.422391597,175884090.74976858,50,25,0
Z3,17,2,720,12128.0,0.063363,191405.078674,192504.0,1.0,2,2.953198,61630.340084,61630.340084,8939749.438107498,23826205.770845197,1191273.1591286,27019527.422391597,175884090.74976858,50,25,0
Z3,18,2,720,11592.0,0.072051,160886.039056,161000.0,1.0,2,2.953198,55526.53216,55526.53216,8939749.438107498,23826205.770845197,1191273.1591286,27019527.422391597,175884090.74976858,50,25,0
Z3,19,2,720,9952.0,0.031526,315675.95001,321032.0,1.0,2,2.953198,86484.514351,86484.514351,8939749.438107498,23826205.770845197,1191273.1591286,27019527.422391597,175884090.74976858,50,25,0
Z3,20,2,720,11064.0,0.053354,207369.644263,208752.0,1.0,2,2.953198,64823.253202,64823.253202,8939749.438107498,23826205.770845197,1191273.1591286,27019527.422391597,175884090.74976858,50,25,0
Z3,21,2,720,14728.0,0.057979,254023.008331,258384.0,1.0,2,2.953198,74153.926015,74153.926015,8939749.438107498,23826205.770845197,1191273.1591286,27019527.422391597,175884090.74976858,50,25,0
Z3,22,2,720,16264.0,0.04823,337217.499482,338832.0,1.0,2,2.953198,90792.824245,90792.824245,8939749.438107498,23826205.770845197,1191273.1591286,27019527.422391597,175884090.74976858,50,25,0
Z3,23,2,720,9504.0,0.064536,147266.641874,148496.0,1.0,2,2.953198,52802.652724,52802.652724,8939749.438107498,23826205.770845197,1191273.1591286,27019527.422391597,175884090.74976858,50,25,0
Z3,24,2,720,12688.0,0.065968,192335.677904,195200.0,1.0,2,2.953198,61816.45993,61816.45993,8939749.438107498,23826205.770845197,1191273.1591286,27019527.422391597,175884090.74976858,50,25,0
Z3,25,2,720,17320.0,0.044565,388645.798272,393632.0,1.0,2,2.953198,101078.484004,101078.484004,8939749.438107498,23826205.770845197,1191273.1591286,27019527.422391597,175884090.74976858,50,25,0
Z3,26,2,720,10632.0,0.03178,334550.031466,342960.0,1.0,2,2.953198,90259.330642,90259.330642,8939749.438107498,23826205.770845197,1191273.1591286,27019527.422391597,175884090.74976858,50,25,0
Z3,27,2,720,9320.0,0.044369,210056.571029,211816.0,1.0,2,2.953198,65360.638555,65360.638555,8939749.438107498,23826205.770845197,1191273.1591286,27019527.422391597,175884090.74976858,50,25,0
Z3,28,2,720,6376.0,0.049153,129717.412976,130120.0,1.0,2,2.953198,49292.806944,49292.806944,8939749.438107498,23826205.770845197,1191273.1591286,27019527.422391597,175884090.74976858,50,25,0
Z3,29,2,720,6872.0,0.029473,233162.555559,236960.0,1.0,2,2.953198,69981.835461,69981.835461,8939749.438107498,23826205.770845197,1191273.1591286,27019527.422391597,175884090.74976858,50,25,0
Z3,30,2,720,6872.0,0.071513,96094.4164,96784.0,1.0,2,2.953198,42568.207629,42568.207629,8939749.438107498,23826205.770845197,1191273.1591286,27019527.422391597,175884090.74976858,50,25,0
Z3,31,2,720,6376.0,0.063149,100967.55293,101200.0,1.0,2,2.953198,43542.834935,43542.834935,8939749.438107498,23826205.770845197,1191273.1591286,27019527.422391597,175884090.74976858,50,25,0
Z3,32,2,720,6872.0,0.04434,154984.2129,156176.0,1.0,2,2.953198,54346.166929,54346.166929,8939749.438107498,23826205.770845197,1191273.1591286,27019527.422391597,175884090.74976858,50,25,0
Z3,33,2,720,6872.0,0.060871,112894.481773,114528.0,1.0,2,2.953198,45928.220704,45928.220704,8939749.438107498,23826205.770845197,1191273.1591286,27019527.422391597,175884090.74976858,50,25,0
Z3,34,2,720,6376.0,0.074386,85715.053908,86160.0,1.0,2,2.953198,40492.335131,40492.335131,8939749.438107498,23826205.770845197,1191273.1591286,27019527.422391597,175884090.74976858,50,25,0
Z3,35,2,720,6872.0,0.043128,159339.640141,159808.0,1.0,2,2.953198,55217.252377,55217.252377,8939749.438107498,23826205.770845197,1191273.1591286,27019527.422391597,175884090.74976858,50,25,0
Z3,36,2,720,6872.0,0.051761,132764.050154,134744.0,1.0,2,2.953198,49902.13438,49902.13438,8939749.438107498,23826205.770845197,1191273.1591286,27019527.422391597,175884090.74976858,50,25,0
Z3,37,2,720,6376.0,0.033665,189395.514629,193208.0,1.0,2,2.953198,61228.427275,61228.427275,8939749.438107498,23826205.770845197,1191273.1591286,27019527.422391597,175884090.74976858,50,25,0
Z3,38,2,720,6872.0,0.06151,111721.671273,112648.0,1.0,2,2.953198,45693.658604,45693.658604,8939749.438107498,23826205.770845197,1191273.1591286,27019527.422391597,175884090.74976858,50,25,0
Z1,0,3,720,9896.0,0.178123,55557.115027,55592.0,1.0,2,5.952127,56805.081609,56805.081609,8939749.438107498,23826205.770845197,1191273.1591286,27019527.422391597,175884090.74976858,50,25,0
Z2,0,3,720,6624.0,0.15859,41768.081216,41920.0,1.0,2,5.952127,54047.274847,54047.274847,8939749.438107498,23826205.770845197,1191273.1591286,27019527.422391597,175884090.74976858,50,25,0
Z2,1,3,720,5424.0,0.030416,178327.196213,180800.0,1.0,2,5.952127,81359.097846,81359.097846,8939749.438107498,23826205.770845197,1191273.1591286,27019527.422391597,175884090.74976858,50,25,0
Z2,2,3,720,7080.0,0.026832,263864.042934,272304.0,1.0,2,5.952127,98466.46719,98466.46719,8939749.438107498,23826205.770845197,1191273.1591286,27019527.422391597,175884090.74976858,50,25,0
Z2,3,3,720,18632.0,0.070826,263067.235196,266168.0,1.0,2,5.952127,98307.105643,98307.105643,8939749.438107498,23826205.770845197,1191273.1591286,27019527.422391597,175884090.74976858,50,25,0
Z2,4,3,720,9664.0,0.075778,127530.417799,128848.0,1.0,2,5.952127,71199.742164,71199.742164,8939749.438107498,23826205.770845197,1191273.1591286,27019527.422391597,175884090.74976858,50,25,0
Z2,5,3,720,8424.0,0.054029,155916.26719,156000.0,1.0,2,5.952127,76876.912042,76876.912042,8939749.438107498,23826205.770845197,1191273.1591286,27019527.422391597,175884090.74976858,50,25,0
Z2,6,3,720,6376.0,0.060507,105376.23746,106264.0,1.0,2,5.952127,66768.906096,66768.906096,8939749.438107498,23826205.770845197,1191273.1591286,27019527.422391597,175884090.74976858,50,25,0
Z2,7,3,720,6872.0,0.049641,138433.955803,140240.0,1.0,2,5.952127,73380.449764,73380.449764,8939749.438107498,23826205.770845197,1191273.1591286,27019527.422391597,175884090.74976858,50,25,0
Z3,0,3,720,7080.0,0.185951,38074.54652,38264.0,1.0,2,5.952127,53308.567908,53308.567908,8939749.438107498,23826205.770845197,1191273.1591286,27019527.422391597,175884090.74976858,50,25,0
Z3,1,3,720,7080.0,0.046142,153439.382775,153912.0,1.0,2,5.952127,76381.535159,76381.535159,8939749.438107498,23826205.770845197,1191273.1591286,27019527.422391597,175884090.74976858,50,25,0
Z3,2,3,720,5664.0,0.054802,103353.892194,104888.0,1.0,2,5.952127,66364.437042,66364.437042,8939749.438107498,23826205.770845197,1191273.1591286,27019527.422391597,175884090.74976858,50,25,0
Z3,3,3,720,7080.0,0.057668,122771.727821,124208.0,1.0,2,5.952127,70248.004168,70248.004168,8939749.438107498,23826205.770845197,1191273.1591286,27019527.422391597,175884090.74976858,50,25,0
Z3,4,3,720,7080.0,0.051359,137853.151346,138816.0,1.0,2,5.952127,73264.288873,73264.288873,8939749.438107498,23826205.770845197,1191273.1591286,27019527.422391597,175884090.74976858,50,25,0
Z3,5,3,720,5664.0,0.05969,94890.266376,96000.0,1.0,2,5.952127,64671.711879,64671.711879,8939749.438107498,23826205.770845197,1191273.1591286,27019527.422391597,175884090.74976858,50,25,0
Z3,6,3,720,7080.0,0.038542,183695.708578,186312.0,1.0,2,5.952127,82432.800319,82432.800319,8939749.438107498,23826205.770845197,1191273.1591286,27019527.422391597,175884090.74976858,50,25,0
Z3,7,3,720,7080.0,0.033346,212319.318659,214544.0,1.0,2,5.952127,88157.522335,88157.522335,8939749.438107498,23826205.770845197,1191273.1591286,27019527.422391597,175884090.74976858,50,25,0
Z3,8,3,720,5664.0,0.033499,169079.67402,171632.0,1.0,2,5.952127,79509.593408,79509.593408,8939749.438107498,23826205.770845197,1191273.1591286,27019527.422391597,175884090.74976858,50,25,0
Z3,9,3,720,7080.0,0.046238,153120.809724,153912.0,1.0,2,5.952127,76317.820548,76317.820548,8939749.438107498,23826205.770845197,1191273.1591286,27019527.422391597,175884090.74976858,50,25,0
Z3,10,3,720,14120.0,0.035062,402715.190234,403424.0,1.0,2,5.952127,126236.696651,126236.696651,8939749.438107498,23826205.770845197,1191273.1591286,27019527.422391597,175884090.74976858,50,25,0
Z3,11,3,720,17536.0,0.054493,321802.80036,324736.0,1.0,2,5.952127,110054.218676,110054.218676,8939749.438107498,23826205.770845197,1191273.1591286,27019527.422391597,175884090.74976858,50,25,0
Z3,12,3,720,16008.0,0.054473,293870.357792,296440.0,1.0,2,5.952127,104467.730162,104467.730162,8939749.438107498,23826205.770845197,1191273.1591286,27019527.422391597,175884090.74976858,50,25,0
Z3,13,3,720,10896.0,0.07045,154662.881476,155656.0,1.0,2,5.952127,76626.234899,76626.234899,8939749.438107498,23826205.770845197,1191273.1591286,27019527.422391597,175884090.74976858,50,25,0
Z3,14,3,720,19720.0,0.059303,332529.551625,334232.0,1.0,2,5.952127,112199.568929,112199.568929,8939749.438107498,23826205.770845197,1191273.1591286,27019527.422391597,175884090.74976858,50,25,0
Z3,15,3,720,20104.0,0.064936,309597.141801,314120.0,1.0,2,5.952127,107613.086964,107613.086964,8939749.438107498,23826205.770845197,1191273.1591286,27019527.422391597,175884090.74976858,50,25,0
Z3,16,3,720,12504.0,0.027326,457586.181658,463104.0,1.0,2,5.952127,137210.894935,137210.894935,8939749.438107498,23826205.770845197,1191273.1591286,27019527.422391597,175884090.74976858,50,25,0
Z3,17,3,720,23072.0,0.07503,307503.665201,307624.0,1.0,2,5.952127,107194.391644,107194.391644,8939749.438107498,23826205.770845197,1191273.1591286,27019527.422391597,175884090.74976858,50,25,0
Z3,18,3,720,18112.0,0.0469,386183.36887,393736.0,1.0,2,5.952127,122930.332378,122930.332378,8939749.438107498,23826205.770845197,1191273.1591286,27019527.422391597,175884090.74976858,50,25,0
Z3,19,3,720,12544.0,0.063934,196202.333657,199104.0,1.0,2,5.952127,84934.125335,84934.125335,8939749.438107498,23826205.770845197,1191273.1591286,27019527.422391597,175884090.74976858,50,25,0
Z3,20,3,720,15304.0,0.073939,206981.430639,209640.0,1.0,2,5.952127,87089.944731,87089.944731,8939749.438107498,23826205.770845197,1191273.1591286,27019527.422391597,175884090.74976858,50,25,0
Z3,21,3,720,12280.0,0.054369,225864.003384,227400.0,1.0,2,5.952127,90866.459281,90866.459281,8939749.438107498,23826205.770845197,1191273.1591286,27019527.422391597,175884090.74976858,50,25,0
Z3,22,3,720,10368.0,0.030794,336688.965383,345600.0,1.0,2,5.952127,113031.45168,113031.45168,8939749.438107498,23826205.770845197,1191273.1591286,27019527.422391597,175884090.74976858,50,25,0
Z3,23,3,720,10520.0,0.058706,179198.037679,181376.0,1.0,2,5.952127,81533.26614,81533.26614,8939749.438107498,23826205.770845197,1191273.1591286,27019527.422391597,175884090.74976858,50,25,0
Z3,24,3,720,15288.0,0.035787,427194.232543,436800.0,1.0,2,5.952127,131132.505112,131132.505112,8939749.438107498,23826205.770845197,1191273.1591286,27019527.422391597,175884090.74976858,50,25,0
Z3,25,3,720,16344.0,0.038305,426680.590001,430104.0,1.0,2,5.952127,131029.776604,131029.776604,8939749.438107498,23826205.770845197,1191273.1591286,27019527.422391597,175884090.74976858,50,25,0
Z3,26,3,720,9016.0,0.045326,198914.530292,200352.0,1.0,2,5.952127,85476.564662,85476.564662,8939749.438107498,23826205.770845197,1191273.1591286,27019527.422391597,175884090.74976858,50,25,0
Z3,27,3,720,13800.0,0.039318,350984.282008,353840.0,1.0,2,5.952127,115890.515005,115890.515005,8939749.438107498,23826205.770845197,1191273.1591286,27019527.422391597,175884090.74976858,50,25,0
Z3,28,3,720,17664.0,0.07542,234208.432776,235520.0,1.0,2,5.952127,92535.345159,92535.345159,8939749.438107498,23826205.770845197,1191273.1591286,27019527.422391597,175884090.74976858,50,25,0
Z3,29,3,720,10240.0,0.075717,135240.434777,136528.0,1.0,2,5.952127,72741.745559,72741.745559,8939749.438107498,23826205.770845197,1191273.1591286,27019527.422391597,175884090.74976858,50,25,0
Z3,30,3,720,6872.0,0.047839,143648.487636,146208.0,1.0,2,5.952127,74423.356131,74423.356131,8939749.438107498,23826205.770845197,1191273.1591286,27019527.422391597,175884090.74976858,50,25,0
Z3,31,3,720,6872.0,0.072078,95341.15819,95440.0,1.0,2,5.952127,64761.890242,64761.890242,8939749.438107498,23826205.770845197,1191273.1591286,27019527.422391597,175884090.74976858,50,25,0
Z3,32,3,720,6376.0,0.034276,186019.372155,187528.0,1.0,2,5.952127,82897.533035,82897.533035,8939749.438107498,23826205.770845197,1191273.1591286,27019527.422391597,175884090.74976858,50,25,0
Z3,33,3,720,6872.0,0.044496,154440.848616,156176.0,1.0,2,5.952127,76581.828327,76581.828327,8939749.438107498,23826205.770845197,1191273.1591286,27019527.422391597,175884090.74976858,50,25,0
Z3,34,3,720,6872.0,0.027413,250683.982052,254512.0,1.0,2,5.952127,95830.455014,95830.455014,8939749.438107498,23826205.770845197,1191273.1591286,27019527.422391597,175884090.74976858,50,25,0
Z3,35,3,720,6376.0,0.060633,105157.257599,106264.0,1.0,2,5.952127,66725.110123,66725.110123,8939749.438107498,23826205.770845197,1191273.1591286,27019527.422391597,175884090.74976858,50,25,0
Z3,36,3,720,6872.0,0.072006,95436.491403,95440.0,1.0,2,5.952127,64780.956884,64780.956884,8939749.438107498,23826205.770845197,1191273.1591286,27019527.422391597,175884090.74976858,50,25,0
Z3,37,3,720,6872.0,0.030978,221834.850539,229064.0,1.0,2,5.952127,90060.628711,90060.628711,8939749.438107498,23826205.770845197,1191273.1591286,27019527.422391597,175884090.74976858,50,25,0
Z3,38,3,720,6376.0,0.036573,174336.258989,177104.0,1.0,2,5.952127,80560.910401,80560.910401,8939749.438107498,23826205.770845197,1191273.1591286,27019527.422391597,175884090.74976858,50,25,0
Z1,0,4,720,22592.0,0.171208,131956.450633,132112.0,1.0,2,8.777573,106952.200528,106952.200528,8939749.438107498,23826205.770845197,1191273.1591286,27019527.422391597,175884090.74976858,50,25,0
Z2,0,4,720,6624.0,0.113126,58554.178527,58616.0,1.0,2,8.777573,92271.746107,92271.746107,8939749.438107498,23826205.770845197,1191273.1591286,27019527.422391597,175884090.74976858,50,25,0
Z2,1,4,720,6648.0,0.06584,100972.053463,102272.0,1.0,2,8.777573,100755.321094,100755.321094,8939749.438107498,23826205.770845197,1191273.1591286,27019527.422391597,175884090.74976858,50,25,0
Z2,2,4,720,7200.0,0.073483,97981.846141,98624.0,1.0,2,8.777573,100157.27963,100157.27963,8939749.438107498,23826205.770845197,1191273.1591286,27019527.422391597,175884090.74976858,50,25,0
Z2,3,4,720,7296.0,0.035676,204507.231752,208456.0,1.0,2,8.777573,121462.356752,121462.356752,8939749.438107498,23826205.770845197,1191273.1591286,27019527.422391597,175884090.74976858,50,25,0
Z2,4,4,720,17272.0,0.033236,519677.458178,523392.0,1.0,2,8.777573,184496.402037,184496.402037,8939749.438107498,23826205.770845197,1191273.1591286,27019527.422391597,175884090.74976858,50,25,0
Z2,5,4,720,26240.0,0.070176,373917.008664,374856.0,1.0,2,8.777573,155344.312134,155344.312134,8939749.438107498,23826205.770845197,1191273.1591286,27019527.422391597,175884090.74976858,50,25,0
Z2,6,4,720,12720.0,0.052032,244464.944649,244608.0,1.0,2,8.777573,129453.899331,129453.899331,8939749.438107498,23826205.770845197,1191273.1591286,27019527.422391597,175884090.74976858,50,25,0
Z2,7,4,720,11496.0,0.054621,210468.501126,212888.0,1.0,2,8.777573,122654.610627,122654.610627,8939749.438107498,23826205.770845197,1191273.1591286,27019527.422391597,175884090.74976858,50,25,0
Z3,0,4,720,6448.0,0.167175,38570.360401,38608.0,1.0,2,8.777573,88274.982482,88274.982482,8939749.438107498,23826205.770845197,1191273.1591286,27019527.422391597,175884090.74976858,50,25,0
Z3,1,4,720,7448.0,0.056497,131830.008673,133000.0,1.0,2,8.777573,106926.912136,106926.912136,8939749.438107498,23826205.770845197,1191273.1591286,27019527.422391597,175884090.74976858,50,25,0
Z3,2,4,720,7424.0,0.037131,199940.750316,200648.0,1.0,2,8.777573,120549.060465,120549.060465,8939749.438107498,23826205.770845197,1191273.1591286,27019527.422391597,175884090.74976858,50,25,0
Z3,3,4,720,6648.0,0.026573,250178.752869,255688.0,1.0,2,8.777573,130596.660975,130596.660975,8939749.438107498,23826205.770845197,1191273.1591286,27019527.422391597,175884090.74976858,50,25,0
Z3,4,4,720,7224.0,0.036305,198980.856631,200664.0,1.0,2,8.777573,120357.081728,120357.081728,8939749.438107498,23826205.770845197,1191273.1591286,27019527.422391597,175884090.74976858,50,25,0
Z3,5,4,720,7240.0,0.059703,121266.93801,122704.0,1.0,2,8.777573,104814.298003,104814.298003,8939749.438107498,23826205.770845197,1191273.1591286,27019527.422391597,175884090.74976858,50,25,0
Z3,6,4,720,6648.0,0.031062,214023.565772,214448.0,1.0,2,8.777573,123365.623556,123365.623556,8939749.438107498,23826205.770845197,1191273.1591286,27019527.422391597,175884090.74976858,50,25,0
Z3,7,4,720,7232.0,0.028894,250294.178722,258280.0,1.0,2,8.777573,130619.746146,130619.746146,8939749.438107498,23826205.770845197,1191273.1591286,27019527.422391597,175884090.74976858,50,25,0
Z3,8,4,720,7296.0,0.074105,98454.895081,98592.0,1.0,2,8.777573,100251.889418,100251.889418,8939749.438107498,23826205.770845197,1191273.1591286,27019527.422391597,175884090.74976858,50,25,0
Z3,9,4,720,16456.0,0.065306,251982.972468,253168.0,1.0,2,8.777573,130957.504895,130957.504895,8939749.438107498,23826205.770845197,1191273.1591286,27019527.422391597,175884090.74976858,50,25,0
Z3,10,4,720,25392.0,0.042895,591957.104558,604568.0,1.0,2,8.777573,198952.331313,198952.331313,8939749.438107498,23826205.770845197,1191273.1591286,27019527.422391597,175884090.74976858,50,25,0
Z3,11,4,720,21592.0,0.055974,385750.52703,392576.0,1.0,2,8.777573,157711.015808,157711.015808,8939749.438107498,23826205.770845197,1191273.1591286,27019527.422391597,175884090.74976858,50,25,0
Z3,12,4,720,13528.0,0.051498,262689.813197,265248.0,1.0,2,8.777573,133098.873041,133098.873041,8939749.438107498,23826205.770845197,1191273.1591286,27019527.422391597,175884090.74976858,50,25,0
Z3,13,4,720,29512.0,0.073791,399940.372132,404272.0,1.0,2,8.777573,160548.984828,160548.984828,8939749.438107498,23826205.770845197,1191273.1591286,27019527.422391597,175884090.74976858,50,25,0
Z3,14,4,720,29688.0,0.040598,731267.550126,742200.0,1.0,2,8.777573,226814.420427,226814.420427,8939749.438107498,23826205.770845197,1191273.1591286,27019527.422391597,175884090.74976858,50,25,0
Z3,15,4,720,16760.0,0.060941,275020.10141,279328.0,1.0,2,8.777573,135564.930683,135564.930683,8939749.438107498,23826205.770845197,1191273.1591286,27019527.422391597,175884090.74976858,50,25,0
Z3,16,4,720,33128.0,0.067156,493299.18399,494440.0,1.0,2,8.777573,179220.747199,179220.747199,8939749.438107498,23826205.770845197,1191273.1591286,27019527.422391597,175884090.74976858,50,25,0
Z3,17,4,720,26248.0,0.067128,391014.181862,391760.0,1.0,2,8.777573,158763.746774,158763.746774,8939749.438107498,23826205.770845197,1191273.1591286,27019527.422391597,175884090.74976858,50,25,0
Z3,18,4,720,14624.0,0.058314,250780.2586,252136.0,1.0,2,8.777573,130716.962121,130716.962121,8939749.438107498,23826205.770845197,1191273.1591286,27019527.422391597,175884090.74976858,50,25,0
Z3,19,4,720,26816.0,0.053865,497837.185556,505960.0,1.0,2,8.777573,180128.347513,180128.347513,8939749.438107498,23826205.770845197,1191273.1591286,27019527.422391597,175884090.74976858,50,25,0
Z3,20,4,720,23128.0,0.066573,347408.108392,350424.0,1.0,2,8.777573,150042.53208,150042.53208,8939749.438107498,23826205.770845197,1191273.1591286,27019527.422391597,175884090.74976858,50,25,0
Z3,21,4,720,19440.0,0.06193,313902.793477,318688.0,1.0,2,8.777573,143341.469097,143341.469097,8939749.438107498,23826205.770845197,1191273.1591286,27019527.422391597,175884090.74976858,50,25,0
Z3,22,4,720,29088.0,0.040084,725676.080232,727200.0,1.0,2,8.777573,225696.126448,225696.126448,8939749.438107498,23826205.770845197,1191273.1591286,27019527.422391597,175884090.74976858,50,25,0
Z3,23,4,720,29840.0,0.039137,762449.855635,765128.0,1.0,2,8.777573,233050.881529,233050.881529,8939749.438107498,23826205.770845197,1191273.1591286,27019527.422391597,175884090.74976858,50,25,0
Z3,24,4,720,17200.0,0.062203,276513.994502,277416.0,1.0,2,8.777573,135863.709302,135863.709302,8939749.438107498,23826205.770845197,1191273.1591286,27019527.422391597,175884090.74976858,50,25,0
Z3,25,4,720,25664.0,0.06056,423778.071334,427728.0,1.0,2,8.777573,165316.524668,165316.524668,8939749.438107498,23826205.770845197,1191273.1591286,27019527.422391597,175884090.74976858,50,25,0
Z3,26,4,720,26808.0,0.065446,409620.144852,412424.0,1.0,2,8.777573,162484.939372,162484.939372,8939749.438107498,23826205.770845197,1191273.1591286,27019527.422391597,175884090.74976858,50,25,0
Z3,27,4,720,17472.0,0.073071,239109.906803,239336.0,1.0,2,8.777573,128382.891762,128382.891762,8939749.438107498,23826205.770845197,1191273.1591286,27019527.422391597,175884090.74976858,50,25,0
Z3,28,4,720,6448.0,0.075404,85512.704896,85968.0,1.0,2,8.777573,97663.451381,97663.451381,8939749.438107498,23826205.770845197,1191273.1591286,27019527.422391597,175884090.74976858,50,25,0
Z3,29,4,720,7200.0,0.038695,186070.551751,189472.0,1.0,2,8.777573,117775.020752,117775.020752,8939749.438107498,23826205.770845197,1191273.1591286,27019527.422391597,175884090.74976858,50,25,0
Z3,30,4,720,7520.0,0.03749,200586.823153,203240.0,1.0,2,8.777573,120678.275032,120678.275032,8939749.438107498,23826205.770845197,1191273.1591286,27019527.422391597,175884090.74976858,50,25,0
Z3,31,4,720,6728.0,0.068276,98541.215068,98936.0,1.0,2,8.777573,100269.153415,100269.153415,8939749.438107498,23826205.770845197,1191273.1591286,27019527.422391597,175884090.74976858,50,25,0
Z3,32,4,720,7224.0,0.045689,158112.455952,160528.0,1.0,2,8.777573,112183.401592,112183.401592,8939749.438107498,23826205.770845197,1191273.1591286,27019527.422391597,175884090.74976858,50,25,0
Z3,33,4,720,7256.0,0.043072,168462.109955,168744.0,1.0,2,8.777573,114253.332393,114253.332393,8939749.438107498,23826205.770845197,1191273.1591286,27019527.422391597,175884090.74976858,50,25,0
Z3,34,4,720,6544.0,0.034355,190481.734828,192464.0,1.0,2,8.777573,118657.257367,118657.257367,8939749.438107498,23826205.770845197,1191273.1591286,27019527.422391597,175884090.74976858,50,25,0
Z3,35,4,720,12272.0,0.06237,196761.263428,197928.0,1.0,2,8.777573,119913.163087,119913.163087,8939749.438107498,23826205.770845197,1191273.1591286,27019527.422391597,175884090.74976858,50,25,0
Z3,36,4,720,8544.0,0.069421,123075.150171,123824.0,1.0,2,8.777573,105175.940436,105175.940436,8939749.438107498,23826205.770845197,1191273.1591286,27019527.422391597,175884090.74976858,50,25,0
Z3,37,4,720,6424.0,0.04377,146767.192141,149392.0,1.0,2,8.777573,109914.34883,109914.34883,8939749.438107498,23826205.770845197,1191273.1591286,27019527.422391597,175884090.74976858,50,25,0
Z3,38,4,720,6872.0,0.057419,119681.638482,120560.0,1.0,2,8.777573,104497.238098,104497.238098,8939749.438107498,23826205.770845197,1191273.1591286,27019527.422391597,175884090.74976858,50,25,0
Z1,0,5,720,20272.0,0.181024,111985.15114,112000.0,1.0,2,11.654289,126894.268326,126894.268326,8939749.438107498,23826205.770845197,1191273.1591286,27019527.422391597,175884090.74976858,50,25,0
Z2,0,5,720,6624.0,0.218302,30343.285907,30384.0,1.0,2,11.654289,110565.895279,110565.895279,8939749.438107498,23826205.770845197,1191273.1591286,27019527.422391597,175884090.74976858,50,25,0
Z2,1,5,720,7616.0,0.062113,122615.233526,122832.0,1.0,2,11.654289,129020.284803,129020.284803,8939749.438107498,23826205.770845197,1191273.1591286,27019527.422391597,175884090.74976858,50,25,0
Z2,2,5,720,8792.0,0.030131,291792.506057,293064.0,1.0,2,11.654289,162855.739309,162855.739309,8939749.438107498,23826205.770845197,1191273.1591286,27019527.422391597,175884090.74976858,50,25,0
Z2,3,5,720,8816.0,0.056128,157069.555302,157424.0,1.0,2,11.654289,135911.149158,135911.149158,8939749.438107498,23826205.770845197,1191273.1591286,27019527.422391597,175884090.74976858,50,25,0
Z2,4,5,720,14976.0,0.049561,302173.079639,305632.0,1.0,2,11.654289,164931.854026,164931.854026,8939749.438107498,23826205.770845197,1191273.1591286,27019527.422391597,175884090.74976858,50,25,0
Z2,5,5,720,25312.0,0.065388,387104.667523,389408.0,1.0,2,11.654289,181918.171602,181918.171602,8939749.438107498,23826205.770845197,1191273.1591286,27019527.422391597,175884090.74976858,50,25,0
Z2,6,5,720,13208.0,0.035845,368475.380109,377368.0,1.0,2,11.654289,178192.31412,178192.31412,8939749.438107498,23826205.770845197,1191273.1591286,27019527.422391597,175884090.74976858,50,25,0
Z2,7,5,720,16320.0,0.049247,331390.744614,333056.0,1.0,2,11.654289,170775.387021,170775.387021,8939749.438107498,23826205.770845197,1191273.1591286,27019527.422391597,175884090.74976858,50,25,0
Z3,0,5,720,7712.0,0.143403,53778.512304,53928.0,1.0,2,11.654289,115252.940559,115252.940559,8939749.438107498,23826205.770845197,1191273.1591286,27019527.422391597,175884090.74976858,50,25,0
Z3,1,5,720,9624.0,0.036153,266201.97494,267328.0,1.0,2,11.654289,157737.633086,157737.633086,8939749.438107498,23826205.770845197,1191273.1591286,27019527.422391597,175884090.74976858,50,25,0
Z3,2,5,720,9096.0,0.032955,276012.744652,284248.0,1.0,2,11.654289,159699.787028,159699.787028,8939749.438107498,23826205.770845197,1191273.1591286,27019527.422391597,175884090.74976858,50,25,0
Z3,3,5,720,7632.0,0.060723,125685.489847,127200.0,1.0,2,11.654289,129634.336067,129634.336067,8939749.438107498,23826205.770845197,1191273.1591286,27019527.422391597,175884090.74976858,50,25,0
Z3,4,5,720,8304.0,0.02598,319630.484988,332160.0,1.0,2,11.654289,168423.335096,168423.335096,8939749.438107498,23826205.770845197,1191273.1591286,27019527.422391597,175884090.74976858,50,25,0
Z3,5,5,720,8504.0,0.050654,167884.076282,170080.0,1.0,2,11.654289,138074.053354,138074.053354,8939749.438107498,23826205.770845197,1191273.1591286,27019527.422391597,175884090.74976858,50,25,0
Z3,6,5,720,7384.0,0.035085,210460.310674,210968.0,1.0,2,11.654289,146589.300233,146589.300233,8939749.438107498,23826205.770845197,1191273.1591286,27019527.422391597,175884090.74976858,50,25,0
Z3,7,5,720,8968.0,0.073602,121844.515095,122848.0,1.0,2,11.654289,128866.141117,128866.141117,8939749.438107498,23826205.770845197,1191273.1591286,27019527.422391597,175884090.74976858,50,25,0
Z3,8,5,720,8912.0,0.042819,208131.904061,212184.0,1.0,2,11.654289,146123.61891,146123.61891,8939749.438107498,23826205.770845197,1191273.1591286,27019527.422391597,175884090.74976858,50,25,0
Z3,9,5,720,16688.0,0.069833,238970.114416,241848.0,1.0,2,11.654289,152291.260981,152291.260981,8939749.438107498,23826205.770845197,1191273.1591286,27019527.422391597,175884090.74976858,50,25,0
Z3,10,5,720,23832.0,0.060893,391375.034897,397200.0,1.0,2,11.654289,182772.245077,182772.245077,8939749.438107498,23826205.770845197,1191273.1591286,27019527.422391597,175884090.74976858,50,25,0
Z3,11,5,720,21144.0,0.06236,339063.502245,341032.0,1.0,2,11.654289,172309.938547,172309.938547,8939749.438107498,23826205.770845197,1191273.1591286,27019527.422391597,175884090.74976858,50,25,0
Z3,12,5,720,14272.0,0.037849,377077.333615,385728.0,1.0,2,11.654289,179912.704821,179912.704821,8939749.438107498,23826205.770845197,1191273.1591286,27019527.422391597,175884090.74976858,50,25,0
Z3,13,5,720,27640.0,0.058597,471696.503234,476544.0,1.0,2,11.654289,198836.538745,198836.538745,8939749.438107498,23826205.770845197,1191273.1591286,27019527.422391597,175884090.74976858,50,25,0
Z3,14,5,720,33288.0,0.053187,625867.223194,628072.0,1.0,2,11.654289,229670.682737,229670.682737,8939749.438107498,23826205.770845197,1191273.1591286,27019527.422391597,175884090.74976858,50,25,0
Z3,15,5,720,17576.0,0.052032,337792.127921,338000.0,1.0,2,11.654289,172055.663682,172055.663682,8939749.438107498,23826205.770845197,1191273.1591286,27019527.422391597,175884090.74976858,50,25,0
Z3,16,5,720,34872.0,0.074338,469100.594582,471240.0,1.0,2,11.654289,198317.357014,198317.357014,8939749.438107498,23826205.770845197,1191273.1591286,27019527.422391597,175884090.74976858,50,25,0
Z3,17,5,720,27336.0,0.046167,592111.248294,594256.0,1.0,2,11.654289,222919.487757,222919.487757,8939749.438107498,23826205.770845197,1191273.1591286,27019527.422391597,175884090.74976858,50,25,0
Z3,18,5,720,18312.0,0.063191,289788.102736,290664.0,1.0,2,11.654289,162454.858645,162454.858645,8939749.438107498,23826205.770845197,1191273.1591286,27019527.422391597,175884090.74976858,50,25,0
Z3,19,5,720,41432.0,0.050882,814276.16839,828640.0,1.0,2,11.654289,267352.471776,267352.471776,8939749.438107498,23826205.770845197,1191273.1591286,27019527.422391597,175884090.74976858,50,25,0
Z3,20,5,720,36760.0,0.063632,577696.756349,583488.0,1.0,2,11.654289,220036.589368,220036.589368,8939749.438107498,23826205.770845197,1191273.1591286,27019527.422391597,175884090.74976858,50,25,0
Z3,21,5,720,21272.0,0.051091,416355.131041,417096.0,1.0,2,11.654289,187768.264306,187768.264306,8939749.438107498,23826205.770845197,1191273.1591286,27019527.422391597,175884090.74976858,50,25,0
Z3,22,5,720,43464.0,0.056514,769083.766854,776136.0,1.0,2,11.654289,258313.991469,258313.991469,8939749.438107498,23826205.770845197,1191273.1591286,27019527.422391597,175884090.74976858,50,25,0
Z3,23,5,720,42000.0,0.050489,831864.366496,840000.0,1.0,2,11.654289,270870.111397,270870.111397,8939749.438107498,23826205.770845197,1191273.1591286,27019527.422391597,175884090.74976858,50,25,0
Z3,24,5,720,20304.0,0.02866,708443.824145,725136.0,1.0,2,11.654289,246186.002927,246186.002927,8939749.438107498,23826205.770845197,1191273.1591286,27019527.422391597,175884090.74976858,50,25,0
Z3,25,5,720,32736.0,0.053012,617520.561382,617656.0,1.0,2,11.654289,228001.350374,228001.350374,8939749.438107498,23826205.770845197,1191273.1591286,27019527.422391597,175884090.74976858,50,25,0
Z3,26,5,720,34608.0,0.055242,626479.852286,629232.0,1.0,2,11.654289,229793.208555,229793.208555,8939749.438107498,23826205.770845197,1191273.1591286,27019527.422391597,175884090.74976858,50,25,0
Z3,27,5,720,21272.0,0.042651,498745.633162,506472.0,1.0,2,11.654289,204246.36473,204246.36473,8939749.438107498,23826205.770845197,1191273.1591286,27019527.422391597,175884090.74976858,50,25,0
Z3,28,5,720,8752.0,0.064627,135423.275102,136744.0,1.0,2,11.654289,131581.893118,131581.893118,8939749.438107498,23826205.770845197,1191273.1591286,27019527.422391597,175884090.74976858,50,25,0
Z3,29,5,720,12760.0,0.065072,196090.484387,196304.0,1.0,2,11.654289,143715.334975,143715.334975,8939749.438107498,23826205.770845197,1191273.1591286,27019527.422391597,175884090.74976858,50,25,0
Z3,30,5,720,15440.0,0.029849,517270.26031,532408.0,1.0,2,11.654289,207951.29016,207951.29016,8939749.438107498,23826205.770845197,1191273.1591286,27019527.422391597,175884090.74976858,50,25,0
Z3,31,5,720,10000.0,0.057422,174149.280763,175432.0,1.0,2,11.654289,139327.094251,139327.094251,8939749.438107498,23826205.770845197,1191273.1591286,27019527.422391597,175884090.74976858,50,25,0
Z3,32,5,720,15200.0,0.060518,251164.942662,253328.0,1.0,2,11.654289,154730.22663,154730.22663,8939749.438107498,23826205.770845197,1191273.1591286,27019527.422391597,175884090.74976858,50,25,0
Z3,33,5,720,18352.0,0.063737,287933.225599,291296.0,1.0,2,11.654289,162083.883218,162083.883218,8939749.438107498,23826205.770845197,1191273.1591286,27019527.422391597,175884090.74976858,50,25,0
Z3,34,5,720,11224.0,0.040348,278179.835432,280600.0,1.0,2,11.654289,160133.205184,160133.205184,8939749.438107498,23826205.770845197,1191273.1591286,27019527.422391597,175884090.74976858,50,25,0
Z3,35,5,720,23240.0,0.059259,392176.715773,393896.0,1.0,2,11.654289,182932.581252,182932.581252,8939749.438107498,23826205.770845197,1191273.1591286,27019527.422391597,175884090.74976858,50,25,0
Z3,36,5,720,16824.0,0.027705,607255.008121,623104.0,1.0,2,11.654289,225948.239722,225948.239722,8939749.438107498,23826205.770845197,1191273.1591286,27019527.422391597,175884090.74976858,50,25,0
Z3,37,5,720,9680.0,0.05478,176706.827309,179256.0,1.0,2,11.654289,139838.60356,139838.60356,8939749.438107498,23826205.770845197,1191273.1591286,27019527.422391597,175884090.74976858,50,25,0
Z3,38,5,720,12888.0,0.075067,171686.626614,171840.0,1.0,2,11.654289,138834.563421,138834.563421,8939749.438107498,23826205.770845197,1191273.1591286,27019527.422391597,175884090.74976858,50,25,0
Z1,0,6,720,7488.0,0.199816,37474.476518,37624.0,1.0,2,14.539445,122980.134375,122980.134375,8939749.438107498,23826205.770845197,1191273.1591286,27019527.422391597,175884090.74976858,50,25,0
Z2,0,6,720,6624.0,0.184866,35831.35893,36000.0,1.0,2,14.539445,122651.510858,122651.510858,8939749.438107498,23826205.770845197,1191273.1591286,27019527.422391597,175884090.74976858,50,25,0
Z2,1,6,720,6768.0,0.055162,122693.158334,123048.0,1.0,2,14.539445,140023.870738,140023.870738,8939749.438107498,23826205.770845197,1191273.1591286,27019527.422391597,175884090.74976858,50,25,0
Z2,2,6,720,7752.0,0.075874,102169.386087,103360.0,1.0,2,14.539445,135919.116289,135919.116289,8939749.438107498,23826205.770845197,1191273.1591286,27019527.422391597,175884090.74976858,50,25,0
Z2,3,6,720,10768.0,0.029313,367345.546345,371304.0,1.0,2,14.539445,188954.34834,188954.34834,8939749.438107498,23826205.770845197,1191273.1591286,27019527.422391597,175884090.74976858,50,25,0
Z2,4,6,720,14912.0,0.067741,220132.563735,222560.0,1.0,2,14.539445,159511.751819,159511.751819,8939749.438107498,23826205.770845197,1191273.1591286,27019527.422391597,175884090.74976858,50,25,0
Z2,5,6,720,14376.0,0.035227,408096.062679,410736.0,1.0,2,14.539445,197104.451607,197104.451607,8939749.438107498,23826205.770845197,1191273.1591286,27019527.422391597,175884090.74976858,50,25,0
Z2,6,6,720,7176.0,0.045471,157814.871017,159464.0,1.0,2,14.539445,147048.213275,147048.213275,8939749.438107498,23826205.770845197,1191273.1591286,27019527.422391597,175884090.74976858,50,25,0
Z2,7,6,720,8768.0,0.065943,132963.316804,134888.0,1.0,2,14.539445,142077.902432,142077.902432,8939749.438107498,23826205.770845197,1191273.1591286,27019527.422391597,175884090.74976858,50,25,0
Z3,0,6,720,6760.0,0.146069,46279.498045,46296.0,1.0,2,14.539445,124741.138681,124741.138681,8939749.438107498,23826205.770845197,1191273.1591286,27019527.422391597,175884090.74976858,50,25,0
Z3,1,6,720,8320.0,0.048025,173243.102551,173328.0,1.0,2,14.539445,150133.859582,150133.859582,8939749.438107498,23826205.770845197,1191273.1591286,27019527.422391597,175884090.74976858,50,25,0
Z3,2,6,720,7800.0,0.042105,185251.15782,185712.0,1.0,2,14.539445,152535.470635,152535.470635,8939749.438107498,23826205.770845197,1191273.1591286,27019527.422391597,175884090.74976858,50,25,0
Z3,3,6,720,6928.0,0.074861,92544.849788,93616.0,1.0,2,14.539445,133994.209029,133994.209029,8939749.438107498,23826205.770845197,1191273.1591286,27019527.422391597,175884090.74976858,50,25,0
Z3,4,6,720,7472.0,0.057877,129101.370147,131080.0,1.0,2,14.539445,141305.513101,141305.513101,8939749.438107498,23826205.770845197,1191273.1591286,27019527.422391597,175884090.74976858,50,25,0
Z3,5,6,720,7416.0,0.071529,103678.228411,104448.0,1.0,2,14.539445,136220.884754,136220.884754,8939749.438107498,23826205.770845197,1191273.1591286,27019527.422391597,175884090.74976858,50,25,0
Z3,6,6,720,6760.0,0.058845,114878.069505,116544.0,1.0,2,14.539445,138460.852972,138460.852972,8939749.438107498,23826205.770845197,1191273.1591286,27019527.422391597,175884090.74976858,50,25,0
Z3,7,6,720,7600.0,0.044361,171321.65641,172720.0,1.0,2,14.539445,149749.570353,149749.570353,8939749.438107498,23826205.770845197,1191273.1591286,27019527.422391597,175884090.74976858,50,25,0
Z3,8,6,720,7600.0,0.044807,169616.354587,172720.0,1.0,2,14.539445,149408.509989,149408.509989,8939749.438107498,23826205.770845197,1191273.1591286,27019527.422391597,175884090.74976858,50,25,0
Z3,9,6,720,12912.0,0.045068,286500.399396,286928.0,1.0,2,14.539445,172785.318951,172785.318951,8939749.438107498,23826205.770845197,1191273.1591286,27019527.422391597,175884090.74976858,50,25,0
Z3,10,6,720,17552.0,0.063957,274434.385603,278600.0,1.0,2,14.539445,170372.116192,170372.116192,8939749.438107498,23826205.770845197,1191273.1591286,27019527.422391597,175884090.74976858,50,25,0
Z3,11,6,720,14968.0,0.069899,214137.54131,216920.0,1.0,2,14.539445,158312.747333,158312.747333,8939749.438107498,23826205.770845197,1191273.1591286,27019527.422391597,175884090.74976858,50,25,0
Z3,12,6,720,10336.0,0.065807,157065.357789,159008.0,1.0,2,14.539445,146898.310629,146898.310629,8939749.438107498,23826205.770845197,1191273.1591286,27019527.422391597,175884090.74976858,50,25,0
Z3,13,6,720,18344.0,0.041625,440696.696697,447408.0,1.0,2,14.539445,203624.578411,203624.578411,8939749.438107498,23826205.770845197,1191273.1591286,27019527.422391597,175884090.74976858,50,25,0
Z3,14,6,720,20456.0,0.074529,274470.340404,276432.0,1.0,2,14.539445,170379.307152,170379.307152,8939749.438107498,23826205.770845197,1191273.1591286,27019527.422391597,175884090.74976858,50,25,0
Z3,15,6,720,12480.0,0.05077,245814.457357,249600.0,1.0,2,14.539445,164648.130543,164648.130543,8939749.438107498,23826205.770845197,1191273.1591286,27019527.422391597,175884090.74976858,50,25,0
Z3,16,6,720,18912.0,0.038342,493245.005477,497680.0,1.0,2,14.539445,214134.240167,214134.240167,8939749.438107498,23826205.770845197,1191273.1591286,27019527.422391597,175884090.74976858,50,25,0
Z3,17,6,720,16112.0,0.077171,208783.092094,209240.0,1.0,2,14.539445,157241.85749,157241.85749,8939749.438107498,23826205.770845197,1191273.1591286,27019527.422391597,175884090.74976858,50,25,0
Z3,18,6,720,17456.0,0.071463,244266.263661,245856.0,1.0,2,14.539445,164338.491804,164338.491804,8939749.438107498,23826205.770845197,1191273.1591286,27019527.422391597,175884090.74976858,50,25,0
Z3,19,6,720,16088.0,0.045123,356536.577798,357504.0,1.0,2,14.539445,186792.554631,186792.554631,8939749.438107498,23826205.770845197,1191273.1591286,27019527.422391597,175884090.74976858,50,25,0
Z3,20,6,720,31984.0,0.046197,692339.329394,695304.0,1.0,2,14.539445,253953.10495,253953.10495,8939749.438107498,23826205.770845197,1191273.1591286,27019527.422391597,175884090.74976858,50,25,0
Z3,21,6,720,21472.0,0.042837,501248.920326,511232.0,1.0,2,14.539445,215735.023137,215735.023137,8939749.438107498,23826205.770845197,1191273.1591286,27019527.422391597,175884090.74976858,50,25,0
Z3,22,6,720,19320.0,0.053163,363410.64274,364528.0,1.0,2,14.539445,188167.36762,188167.36762,8939749.438107498,23826205.770845197,1191273.1591286,27019527.422391597,175884090.74976858,50,25,0
Z3,23,6,720,33040.0,0.067494,489524.994814,493128.0,1.0,2,14.539445,213390.238034,213390.238034,8939749.438107498,23826205.770845197,1191273.1591286,27019527.422391597,175884090.74976858,50,25,0
Z3,24,6,720,26472.0,0.075503,350608.585089,352960.0,1.0,2,14.539445,185606.956089,185606.956089,8939749.438107498,23826205.770845197,1191273.1591286,27019527.422391597,175884090.74976858,50,25,0
Z3,25,6,720,12984.0,0.037088,350086.281277,350912.0,1.0,2,14.539445,185502.495327,185502.495327,8939749.438107498,23826205.770845197,1191273.1591286,27019527.422391597,175884090.74976858,50,25,0
Z3,26,6,720,21128.0,0.056749,372306.119932,377280.0,1.0,2,14.539445,189946.463058,189946.463058,8939749.438107498,23826205.770845197,1191273.1591286,27019527.422391597,175884090.74976858,50,25,0
Z3,27,6,720,21576.0,0.061885,348646.683364,353704.0,1.0,2,14.539445,185214.575744,185214.575744,8939749.438107498,23826205.770845197,1191273.1591286,27019527.422391597,175884090.74976858,50,25,0
Z3,28,6,720,9568.0,0.045984,208072.372999,212616.0,1.0,2,14.539445,157099.713671,157099.713671,8939749.438107498,23826205.770845197,1191273.1591286,27019527.422391597,175884090.74976858,50,25,0
Z3,29,6,720,12800.0,0.037845,338221.693751,345944.0,1.0,2,14.539445,183129.577822,183129.577822,8939749.438107498,23826205.770845197,1191273.1591286,27019527.422391597,175884090.74976858,50,25,0
Z3,30,6,720,7048.0,0.063903,110292.161557,111872.0,1.0,2,14.539445,137543.671383,137543.671383,8939749.438107498,23826205.770845197,1191273.1591286,27019527.422391597,175884090.74976858,50,25,0
Z3,31,6,720,8656.0,0.0358,241787.709497,247312.0,1.0,2,14.539445,163842.780971,163842.780971,8939749.438107498,23826205.770845197,1191273.1591286,27019527.422391597,175884090.74976858,50,25,0
Z3,32,6,720,9488.0,0.064431,147258.307337,148248.0,1.0,2,14.539445,144936.900539,144936.900539,8939749.438107498,23826205.770845197,1191273.1591286,27019527.422391597,175884090.74976858,50,25,0
Z3,33,6,720,8424.0,0.066233,127187.353736,127632.0,1.0,2,14.539445,140922.709819,140922.709819,8939749.438107498,23826205.770845197,1191273.1591286,27019527.422391597,175884090.74976858,50,25,0
Z3,34,6,720,9328.0,0.059333,157214.366373,158096.0,1.0,2,14.539445,146928.112346,146928.112346,8939749.438107498,23826205.770845197,1191273.1591286,27019527.422391597,175884090.74976858,50,25,0
Z3,35,6,720,8680.0,0.060088,144454.799627,144664.0,1.0,2,14.539445,144376.198997,144376.198997,8939749.438107498,23826205.770845197,1191273.1591286,27019527.422391597,175884090.74976858,50,25,0
Z3,36,6,720,7160.0,0.043223,165652.546098,166504.0,1.0,2,14.539445,148615.748291,148615.748291,8939749.438107498,23826205.770845197,1191273.1591286,27019527.422391597,175884090.74976858,50,25,0
Z3,37,6,720,10360.0,0.074568,138933.590816,140000.0,1.0,2,14.539445,143271.957235,143271.957235,8939749.438107498,23826205.770845197,1191273.1591286,27019527.422391597,175884090.74976858,50,25,0
Z3,38,6,720,9048.0,0.030335,298269.325861,301600.0,1.0,2,14.539445,175139.104244,175139.104244,8939749.438107498,23826205.770845197,1191273.1591286,27019527.422391597,175884090.74976858,50,25,0
Z1,0,7,720,14352.0,0.179551,79932.721065,80176.0,1.0,2,17.561265,168781.314202,168781.314202,8939749.438107498,23826205.770845197,1191273.1591286,27019527.422391597,175884090.74976858,50,25,0
Z2,0,7,720,6624.0,0.12474,53102.453102,53416.0,1.0,2,17.561265,163415.26061,163415.26061,8939749.438107498,23826205.770845197,1191273.1591286,27019527.422391597,175884090.74976858,50,25,0
Z2,1,7,720,6792.0,0.05464,124304.538799,125776.0,1.0,2,17.561265,177655.677749,177655.677749,8939749.438107498,23826205.770845197,1191273.1591286,27019527.422391597,175884090.74976858,50,25,0
Z2,2,7,720,7408.0,0.036305,204049.029059,205776.0,1.0,2,17.561265,193604.575801,193604.575801,8939749.438107498,23826205.770845197,1191273.1591286,27019527.422391597,175884090.74976858,50,25,0
Z2,3,7,720,7464.0,0.0619,120581.583199,122360.0,1.0,2,17.561265,176911.086629,176911.086629,8939749.438107498,23826205.770845197,1191273.1591286,27019527.422391597,175884090.74976858,50,25,0
Z2,4,7,720,10144.0,0.066565,152392.398408,153696.0,1.0,2,17.561265,183273.249671,183273.249671,8939749.438107498,23826205.770845197,1191273.1591286,27019527.422391597,175884090.74976858,50,25,0
Z2,5,7,720,16856.0,0.036704,459241.499564,468216.0,1.0,2,17.561265,244643.069902,244643.069902,8939749.438107498,23826205.770845197,1191273.1591286,27019527.422391597,175884090.74976858,50,25,0
Z2,6,7,720,9672.0,0.065696,147223.575256,148800.0,1.0,2,17.561265,182239.48504,182239.48504,8939749.438107498,23826205.770845197,1191273.1591286,27019527.422391597,175884090.74976858,50,25,0
Z2,7,7,720,13368.0,0.071515,186925.819758,188280.0,1.0,2,17.561265,190179.933941,190179.933941,8939749.438107498,23826205.770845197,1191273.1591286,27019527.422391597,175884090.74976858,50,25,0
Z3,0,7,720,6656.0,0.146665,45382.33389,45584.0,1.0,2,17.561265,161871.236767,161871.236767,8939749.438107498,23826205.770845197,1191273.1591286,27019527.422391597,175884090.74976858,50,25,0
Z3,1,7,720,7664.0,0.052522,145919.805034,147384.0,1.0,2,17.561265,181978.730996,181978.730996,8939749.438107498,23826205.770845197,1191273.1591286,27019527.422391597,175884090.74976858,50,25,0
Z3,2,7,720,7664.0,0.038933,196851.000437,201680.0,1.0,2,17.561265,192164.970076,192164.970076,8939749.438107498,23826205.770845197,1191273.1591286,27019527.422391597,175884090.74976858,50,25,0
Z3,3,7,720,6920.0,0.052872,130882.130428,133072.0,1.0,2,17.561265,178971.196075,178971.196075,8939749.438107498,23826205.770845197,1191273.1591286,27019527.422391597,175884090.74976858,50,25,0
Z3,4,7,720,7504.0,0.062245,120555.867941,121032.0,1.0,2,17.561265,176905.943577,176905.943577,8939749.438107498,23826205.770845197,1191273.1591286,27019527.422391597,175884090.74976858,50,25,0
Z3,5,7,720,7480.0,0.054754,136611.023852,138512.0,1.0,2,17.561265,180116.97476,180116.97476,8939749.438107498,23826205.770845197,1191273.1591286,27019527.422391597,175884090.74976858,50,25,0
Z3,6,7,720,6728.0,0.058039,115922.052413,116000.0,1.0,2,17.561265,175979.180472,175979.180472,8939749.438107498,23826205.770845197,1191273.1591286,27019527.422391597,175884090.74976858,50,25,0
Z3,7,7,720,7632.0,0.069375,110010.810811,110608.0,1.0,2,17.561265,174796.932151,174796.932151,8939749.438107498,23826205.770845197,1191273.1591286,27019527.422391597,175884090.74976858,50,25,0
Z3,8,7,720,7392.0,0.054023,136830.609185,136888.0,1.0,2,17.561265,180160.891826,180160.891826,8939749.438107498,23826205.770845197,1191273.1591286,27019527.422391597,175884090.74976858,50,25,0
Z3,9,7,720,12800.0,0.070845,180676.123933,182856.0,1.0,2,17.561265,188929.994776,188929.994776,8939749.438107498,23826205.770845197,1191273.1591286,27019527.422391597,175884090.74976858,50,25,0
Z3,10,7,720,16760.0,0.065694,255122.233385,257840.0,1.0,2,17.561265,203819.216666,203819.216666,8939749.438107498,23826205.770845197,1191273.1591286,27019527.422391597,175884090.74976858,50,25,0
Z3,11,7,720,14104.0,0.041948,336225.803376,344000.0,1.0,2,17.561265,220039.930664,220039.930664,8939749.438107498,23826205.770845197,1191273.1591286,27019527.422391597,175884090.74976858,50,25,0
Z3,12,7,720,9704.0,0.045383,213824.559857,215640.0,1.0,2,17.561265,195559.681961,195559.681961,8939749.438107498,23826205.770845197,1191273.1591286,27019527.422391597,175884090.74976858,50,25,0
Z3,13,7,720,17248.0,0.072583,237631.401292,239552.0,1.0,2,17.561265,200321.050248,200321.050248,8939749.438107498,23826205.770845197,1191273.1591286,27019527.422391597,175884090.74976858,50,25,0
Z3,14,7,720,21552.0,0.064677,333225.103205,336744.0,1.0,2,17.561265,219439.79063,219439.79063,8939749.438107498,23826205.770845197,1191273.1591286,27019527.422391597,175884090.74976858,50,25,0
Z3,15,7,720,16688.0,0.052691,316714.429409,320920.0,1.0,2,17.561265,216137.655871,216137.655871,8939749.438107498,23826205.770845197,1191273.1591286,27019527.422391597,175884090.74976858,50,25,0
Z3,16,7,720,23312.0,0.069606,334913.656869,337848.0,1.0,2,17.561265,219777.501363,219777.501363,8939749.438107498,23826205.770845197,1191273.1591286,27019527.422391597,175884090.74976858,50,25,0
Z3,17,7,720,14952.0,0.028944,516583.747927,534000.0,1.0,2,17.561265,256111.519575,256111.519575,8939749.438107498,23826205.770845197,1191273.1591286,27019527.422391597,175884090.74976858,50,25,0
Z3,18,7,720,23928.0,0.075826,315564.582069,319040.0,1.0,2,17.561265,215907.686403,215907.686403,8939749.438107498,23826205.770845197,1191273.1591286,27019527.422391597,175884090.74976858,50,25,0
Z3,19,7,720,29544.0,0.03999,738784.696174,757536.0,1.0,2,17.561265,300551.709224,300551.709224,8939749.438107498,23826205.770845197,1191273.1591286,27019527.422391597,175884090.74976858,50,25,0
Z3,20,7,720,31920.0,0.067504,472860.867504,476416.0,1.0,2,17.561265,247366.94349,247366.94349,8939749.438107498,23826205.770845197,1191273.1591286,27019527.422391597,175884090.74976858,50,25,0
Z3,21,7,720,15096.0,0.034778,434067.513946,444000.0,1.0,2,17.561265,239608.272778,239608.272778,8939749.438107498,23826205.770845197,1191273.1591286,27019527.422391597,175884090.74976858,50,25,0
Z3,22,7,720,22296.0,0.033286,669831.160248,675632.0,1.0,2,17.561265,286761.002039,286761.002039,8939749.438107498,23826205.770845197,1191273.1591286,27019527.422391597,175884090.74976858,50,25,0
Z3,23,7,720,24272.0,0.058431,415395.937088,418480.0,1.0,2,17.561265,235873.957407,235873.957407,8939749.438107498,23826205.770845197,1191273.1591286,27019527.422391597,175884090.74976858,50,25,0
Z3,24,7,720,13368.0,0.041065,325532.692074,326048.0,1.0,2,17.561265,217901.308404,217901.308404,8939749.438107498,23826205.770845197,1191273.1591286,27019527.422391597,175884090.74976858,50,25,0
Z3,25,7,720,21768.0,0.044433,489906.150834,494720.0,1.0,2,17.561265,250776.000156,250776.000156,8939749.438107498,23826205.770845197,1191273.1591286,27019527.422391597,175884090.74976858,50,25,0
Z3,26,7,720,21680.0,0.060898,356005.123321,361328.0,1.0,2,17.561265,223995.794653,223995.794653,8939749.438107498,23826205.770845197,1191273.1591286,27019527.422391597,175884090.74976858,50,25,0
Z3,27,7,720,15008.0,0.046633,321832.178929,326256.0,1.0,2,17.561265,217161.205775,217161.205775,8939749.438107498,23826205.770845197,1191273.1591286,27019527.422391597,175884090.74976858,50,25,0
Z3,28,7,720,13424.0,0.02735,490822.669104,497184.0,1.0,2,17.561265,250959.30381,250959.30381,8939749.438107498,23826205.770845197,1191273.1591286,27019527.422391597,175884090.74976858,50,25,0
Z3,29,7,720,8064.0,0.06541,123283.901544,124056.0,1.0,2,17.561265,177451.550298,177451.550298,8939749.438107498,23826205.770845197,1191273.1591286,27019527.422391597,175884090.74976858,50,25,0
Z3,30,7,720,9424.0,0.05076,185657.998424,188480.0,1.0,2,17.561265,189926.369674,189926.369674,8939749.438107498,23826205.770845197,1191273.1591286,27019527.422391597,175884090.74976858,50,25,0
Z3,31,7,720,7368.0,0.032473,226896.190681,230248.0,1.0,2,17.561265,198174.008125,198174.008125,8939749.438107498,23826205.770845197,1191273.1591286,27019527.422391597,175884090.74976858,50,25,0
Z3,32,7,720,8792.0,0.054604,161013.84514,162808.0,1.0,2,17.561265,184997.539017,184997.539017,8939749.438107498,23826205.770845197,1191273.1591286,27019527.422391597,175884090.74976858,50,25,0
Z3,33,7,720,8568.0,0.068045,125916.67279,126000.0,1.0,2,17.561265,177978.104547,177978.104547,8939749.438107498,23826205.770845197,1191273.1591286,27019527.422391597,175884090.74976858,50,25,0
Z3,34,7,720,7064.0,0.059974,117784.373228,119728.0,1.0,2,17.561265,176351.644635,176351.644635,8939749.438107498,23826205.770845197,1191273.1591286,27019527.422391597,175884090.74976858,50,25,0
Z3,35,7,720,10104.0,0.070338,143649.236544,144336.0,1.0,2,17.561265,181524.617298,181524.617298,8939749.438107498,23826205.770845197,1191273.1591286,27019527.422391597,175884090.74976858,50,25,0
Z3,36,7,720,8640.0,0.042309,204211.869815,205712.0,1.0,2,17.561265,193637.143952,193637.143952,8939749.438107498,23826205.770845197,1191273.1591286,27019527.422391597,175884090.74976858,50,25,0
Z3,37,7,720,7168.0,0.058497,122536.198438,123584.0,1.0,2,17.561265,177302.009677,177302.009677,8939749.438107498,23826205.770845197,1191273.1591286,27019527.422391597,175884090.74976858,50,25,0
Z3,38,7,720,8160.0,0.067472,120939.056201,121784.0,1.0,2,17.561265,176982.581229,176982.581229,8939749.438107498,23826205.770845197,1191273.1591286,27019527.422391597,175884090.74976858,50,25,0
Z1,0,8,720,7744.0,0.196296,39450.625586,39504.0,1.0,2,20.46811,150005.454549,150005.454549,8939749.438107498,23826205.770845197,1191273.1591286,27019527.422391597,175884090.74976858,50,25,0
Z2,0,8,720,6624.0,0.160012,41396.895233,41400.0,1.0,2,20.46811,150394.708478,150394.708478,8939749.438107498,23826205.770845197,1191273.1591286,27019527.422391597,175884090.74976858,50,25,0
Z2,1,8,720,6968.0,0.027207,256110.559782,258072.0,1.0,2,20.46811,193337.441388,193337.441388,8939749.438107498,23826205.770845197,1191273.1591286,27019527.422391597,175884090.74976858,50,25,0
Z2,2,8,720,7968.0,0.058125,137083.870968,137376.0,1.0,2,20.46811,169532.103625,169532.103625,8939749.438107498,23826205.770845197,1191273.1591286,27019527.422391597,175884090.74976858,50,25,0
Z2,3,8,720,12752.0,0.049654,256817.17485,260240.0,1.0,2,20.46811,193478.764402,193478.764402,8939749.438107498,23826205.770845197,1191273.1591286,27019527.422391597,175884090.74976858,50,25,0
Z2,4,8,720,18720.0,0.047941,390479.964957,398296.0,1.0,2,20.46811,220211.322423,220211.322423,8939749.438107498,23826205.770845197,1191273.1591286,27019527.422391597,175884090.74976858,50,25,0
Z2,5,8,720,25648.0,0.071575,358337.408313,361232.0,1.0,2,20.46811,213782.811094,213782.811094,8939749.438107498,23826205.770845197,1191273.1591286,27019527.422391597,175884090.74976858,50,25,0
Z2,6,8,720,9784.0,0.046699,209511.980985,212688.0,1.0,2,20.46811,184017.725629,184017.725629,8939749.438107498,23826205.770845197,1191273.1591286,27019527.422391597,175884090.74976858,50,25,0
Z2,7,8,720,13192.0,0.069727,189195.00337,191184.0,1.0,2,20.46811,179954.330106,179954.330106,8939749.438107498,23826205.770845197,1191273.1591286,27019527.422391597,175884090.74976858,50,25,0
Z3,0,8,720,6768.0,0.204747,33055.429384,33176.0,1.0,2,20.46811,148726.415308,148726.415308,8939749.438107498,23826205.770845197,1191273.1591286,27019527.422391597,175884090.74976858,50,25,0
Z3,1,8,720,8032.0,0.05785,138841.832325,140912.0,1.0,2,20.46811,169883.695897,169883.695897,8939749.438107498,23826205.770845197,1191273.1591286,27019527.422391597,175884090.74976858,50,25,0
Z3,2,8,720,7872.0,0.067485,116648.144032,117488.0,1.0,2,20.46811,165444.958238,165444.958238,8939749.438107498,23826205.770845197,1191273.1591286,27019527.422391597,175884090.74976858,50,25,0
Z3,3,8,720,7024.0,0.03681,190817.712578,195104.0,1.0,2,20.46811,180278.871947,180278.871947,8939749.438107498,23826205.770845197,1191273.1591286,27019527.422391597,175884090.74976858,50,25,0
Z3,4,8,720,7816.0,0.032249,242364.104313,244248.0,1.0,2,20.46811,190588.150294,190588.150294,8939749.438107498,23826205.770845197,1191273.1591286,27019527.422391597,175884090.74976858,50,25,0
Z3,5,8,720,7936.0,0.035015,226645.723261,226736.0,1.0,2,20.46811,187444.474084,187444.474084,8939749.438107498,23826205.770845197,1191273.1591286,27019527.422391597,175884090.74976858,50,25,0
Z3,6,8,720,6928.0,0.06205,111651.893634,111736.0,1.0,2,20.46811,164445.708158,164445.708158,8939749.438107498,23826205.770845197,1191273.1591286,27019527.422391597,175884090.74976858,50,25,0
Z3,7,8,720,8048.0,0.057851,139116.004909,141192.0,1.0,2,20.46811,169938.530413,169938.530413,8939749.438107498,23826205.770845197,1191273.1591286,27019527.422391597,175884090.74976858,50,25,0
Z3,8,8,720,7664.0,0.069738,109897.043219,111072.0,1.0,2,20.46811,164094.738075,164094.738075,8939749.438107498,23826205.770845197,1191273.1591286,27019527.422391597,175884090.74976858,50,25,0
Z3,9,8,720,14248.0,0.061335,232298.035379,233568.0,1.0,2,20.46811,188574.936507,188574.936507,8939749.438107498,23826205.770845197,1191273.1591286,27019527.422391597,175884090.74976858,50,25,0
Z3,10,8,720,19448.0,0.034672,560913.705584,572000.0,1.0,2,20.46811,254298.070548,254298.070548,8939749.438107498,23826205.770845197,1191273.1591286,27019527.422391597,175884090.74976858,50,25,0
Z3,11,8,720,17344.0,0.046858,370139.570618,377040.0,1.0,2,20.46811,216143.243555,216143.243555,8939749.438107498,23826205.770845197,1191273.1591286,27019527.422391597,175884090.74976858,50,25,0
Z3,12,8,720,11952.0,0.029076,411060.668593,412136.0,1.0,2,20.46811,224327.46315,224327.46315,8939749.438107498,23826205.770845197,1191273.1591286,27019527.422391597,175884090.74976858,50,25,0
Z3,13,8,720,25224.0,0.075301,334975.631134,336320.0,1.0,2,20.46811,209110.455658,209110.455658,8939749.438107498,23826205.770845197,1191273.1591286,27019527.422391597,175884090.74976858,50,25,0
Z3,14,8,720,35992.0,0.052116,690613.247371,692152.0,1.0,2,20.46811,280237.978906,280237.978906,8939749.438107498,23826205.770845197,1191273.1591286,27019527.422391597,175884090.74976858,50,25,0
Z3,15,8,720,20016.0,0.055407,361253.993178,363920.0,1.0,2,20.46811,214366.128067,214366.128067,8939749.438107498,23826205.770845197,1191273.1591286,27019527.422391597,175884090.74976858,50,25,0
Z3,16,8,720,36432.0,0.075736,481039.400021,485760.0,1.0,2,20.46811,238323.209436,238323.209436,8939749.438107498,23826205.770845197,1191273.1591286,27019527.422391597,175884090.74976858,50,25,0
Z3,17,8,720,22472.0,0.053177,422588.713165,424000.0,1.0,2,20.46811,226633.072065,226633.072065,8939749.438107498,23826205.770845197,1191273.1591286,27019527.422391597,175884090.74976858,50,25,0
Z3,18,8,720,21736.0,0.045287,479961.13675,483016.0,1.0,2,20.46811,238107.556782,238107.556782,8939749.438107498,23826205.770845197,1191273.1591286,27019527.422391597,175884090.74976858,50,25,0
Z3,19,8,720,16848.0,0.055126,305627.108805,306320.0,1.0,2,20.46811,203240.751193,203240.751193,8939749.438107498,23826205.770845197,1191273.1591286,27019527.422391597,175884090.74976858,50,25,0
Z3,20,8,720,47160.0,0.068538,688085.441653,693528.0,1.0,2,20.46811,279732.417762,279732.417762,8939749.438107498,23826205.770845197,1191273.1591286,27019527.422391597,175884090.74976858,50,25,0
Z3,21,8,720,39472.0,0.070515,559767.42537,563880.0,1.0,2,20.46811,254068.814506,254068.814506,8939749.438107498,23826205.770845197,1191273.1591286,27019527.422391597,175884090.74976858,50,25,0
Z3,22,8,720,26968.0,0.067461,399756.896577,402504.0,1.0,2,20.46811,222066.708747,222066.708747,8939749.438107498,23826205.770845197,1191273.1591286,27019527.422391597,175884090.74976858,50,25,0
Z3,23,8,720,39776.0,0.058861,675761.539899,685792.0,1.0,2,20.46811,277267.637411,277267.637411,8939749.438107498,23826205.770845197,1191273.1591286,27019527.422391597,175884090.74976858,50,25,0
Z3,24,8,720,34992.0,0.033308,1050558.424403,1060360.0,1.0,2,20.46811,352227.014312,352227.014312,8939749.438107498,23826205.770845197,1191273.1591286,27019527.422391597,175884090.74976858,50,25,0
Z3,25,8,720,22464.0,0.037758,594946.766248,607128.0,1.0,2,20.46811,261104.682681,261104.682681,8939749.438107498,23826205.770845197,1191273.1591286,27019527.422391597,175884090.74976858,50,25,0
Z3,26,8,720,43144.0,0.074562,578632.54741,583024.0,1.0,2,20.46811,257841.838914,257841.838914,8939749.438107498,23826205.770845197,1191273.1591286,27019527.422391597,175884090.74976858,50,25,0
Z3,27,8,720,43672.0,0.069726,626337.377736,632920.0,1.0,2,20.46811,267382.804979,267382.804979,8939749.438107498,23826205.770845197,1191273.1591286,27019527.422391597,175884090.74976858,50,25,0
Z3,28,8,720,18320.0,0.064233,285211.651332,286248.0,1.0,2,20.46811,199157.659698,199157.659698,8939749.438107498,23826205.770845197,1191273.1591286,27019527.422391597,175884090.74976858,50,25,0
Z3,29,8,720,24560.0,0.056678,433325.099686,438568.0,1.0,2,20.46811,228780.349369,228780.349369,8939749.438107498,23826205.770845197,1191273.1591286,27019527.422391597,175884090.74976858,50,25,0
Z3,30,8,720,19040.0,0.070134,271480.309123,272000.0,1.0,2,20.46811,196411.391256,196411.391256,8939749.438107498,23826205.770845197,1191273.1591286,27019527.422391597,175884090.74976858,50,25,0
Z3,31,8,720,20160.0,0.029383,686111.016574,695168.0,1.0,2,20.46811,279337.532746,279337.532746,8939749.438107498,23826205.770845197,1191273.1591286,27019527.422391597,175884090.74976858,50,25,0
Z3,32,8,720,16496.0,0.056079,294156.457854,294568.0,1.0,2,20.46811,200946.621002,200946.621002,8939749.438107498,23826205.770845197,1191273.1591286,27019527.422391597,175884090.74976858,50,25,0
Z3,33,8,720,11624.0,0.042539,273255.130586,276760.0,1.0,2,20.46811,196766.355549,196766.355549,8939749.438107498,23826205.770845197,1191273.1591286,27019527.422391597,175884090.74976858,50,25,0
Z3,34,8,720,21024.0,0.053548,392619.705685,396672.0,1.0,2,20.46811,220639.270569,220639.270569,8939749.438107498,23826205.770845197,1191273.1591286,27019527.422391597,175884090.74976858,50,25,0
Z3,35,8,720,28496.0,0.060626,470029.36034,474928.0,1.0,2,20.46811,236121.2015,236121.2015,8939749.438107498,23826205.770845197,1191273.1591286,27019527.422391597,175884090.74976858,50,25,0
Z3,36,8,720,12416.0,0.070427,176296.022832,177368.0,1.0,2,20.46811,177374.533998,177374.533998,8939749.438107498,23826205.770845197,1191273.1591286,27019527.422391597,175884090.74976858,50,25,0
Z3,37,8,720,17312.0,0.057721,299925.503716,303712.0,1.0,2,20.46811,202100.430175,202100.430175,8939749.438107498,23826205.770845197,1191273.1591286,27019527.422391597,175884090.74976858,50,25,0
Z3,38,8,720,14664.0,0.049864,294079.897321,299264.0,1.0,2,20.46811,200931.308896,200931.308896,8939749.438107498,23826205.770845197,1191273.1591286,27019527.422391597,175884090.74976858,50,25,0
Z1,0,9,720,7696.0,0.181849,42320.82662,42512.0,1.0,2,23.502962,185459.146523,185459.146523,8939749.438107498,23826205.770845197,1191273.1591286,27019527.422391597,175884090.74976858,50,25,0
Z2,0,9,720,6624.0,0.159591,41506.099968,41656.0,1.0,2,23.502962,185296.201193,185296.201193,8939749.438107498,23826205.770845197,1191273.1591286,27019527.422391597,175884090.74976858,50,25,0
Z2,1,9,720,6776.0,0.028583,237063.989084,242000.0,1.0,2,23.502962,224407.779016,224407.779016,8939749.438107498,23826205.770845197,1191273.1591286,27019527.422391597,175884090.74976858,50,25,0
Z2,2,9,720,7496.0,0.071154,105348.961408,105576.0,1.0,2,23.502962,198064.773481,198064.773481,8939749.438107498,23826205.770845197,1191273.1591286,27019527.422391597,175884090.74976858,50,25,0
Z2,3,9,720,16056.0,0.038845,413335.049556,422520.0,1.0,2,23.502962,259661.991111,259661.991111,8939749.438107498,23826205.770845197,1191273.1591286,27019527.422391597,175884090.74976858,50,25,0
Z2,4,9,720,24464.0,0.064626,378547.33389,382248.0,1.0,2,23.502962,252704.447977,252704.447977,8939749.438107498,23826205.770845197,1191273.1591286,27019527.422391597,175884090.74976858,50,25,0
Z2,5,9,720,36648.0,0.051718,708612.088635,718584.0,1.0,2,23.502962,318717.398926,318717.398926,8939749.438107498,23826205.770845197,1191273.1591286,27019527.422391597,175884090.74976858,50,25,0
Z2,6,9,720,11344.0,0.057539,197153.235197,199016.0,1.0,2,23.502962,216425.628239,216425.628239,8939749.438107498,23826205.770845197,1191273.1591286,27019527.422391597,175884090.74976858,50,25,0
Z2,7,9,720,15808.0,0.045937,344123.473453,351288.0,1.0,2,23.502962,245819.67589,245819.67589,8939749.438107498,23826205.770845197,1191273.1591286,27019527.422391597,175884090.74976858,50,25,0
Z3,0,9,720,6752.0,0.213918,31563.496293,31696.0,1.0,2,23.502962,183307.680458,183307.680458,8939749.438107498,23826205.770845197,1191273.1591286,27019527.422391597,175884090.74976858,50,25,0
Z3,1,9,720,9824.0,0.072968,134634.360268,136440.0,1.0,2,23.502962,203921.853253,203921.853253,8939749.438107498,23826205.770845197,1191273.1591286,27019527.422391597,175884090.74976858,50,25,0
Z3,2,9,720,8640.0,0.036583,236175.272668,240000.0,1.0,2,23.502962,224230.035733,224230.035733,8939749.438107498,23826205.770845197,1191273.1591286,27019527.422391597,175884090.74976858,50,25,0
Z3,3,9,720,7248.0,0.054325,133419.236079,134216.0,1.0,2,23.502962,203678.828415,203678.828415,8939749.438107498,23826205.770845197,1191273.1591286,27019527.422391597,175884090.74976858,50,25,0
Z3,4,9,720,8336.0,0.071025,117367.124252,117408.0,1.0,2,23.502962,200468.40605,200468.40605,8939749.438107498,23826205.770845197,1191273.1591286,27019527.422391597,175884090.74976858,50,25,0
Z3,5,9,720,9640.0,0.038592,249792.703151,253680.0,1.0,2,23.502962,226953.521829,226953.521829,8939749.438107498,23826205.770845197,1191273.1591286,27019527.422391597,175884090.74976858,50,25,0
Z3,6,9,720,10312.0,0.054534,189093.042872,190960.0,1.0,2,23.502962,214813.589774,214813.589774,8939749.438107498,23826205.770845197,1191273.1591286,27019527.422391597,175884090.74976858,50,25,0
Z3,7,9,720,21208.0,0.06733,314985.890391,316536.0,1.0,2,23.502962,239992.159277,239992.159277,8939749.438107498,23826205.770845197,1191273.1591286,27019527.422391597,175884090.74976858,50,25,0
Z3,8,9,720,8000.0,0.062406,128192.801974,129032.0,1.0,2,23.502962,202633.541594,202633.541594,8939749.438107498,23826205.770845197,1191273.1591286,27019527.422391597,175884090.74976858,50,25,0
Z3,9,9,720,16880.0,0.031791,530967.883992,544512.0,1.0,2,23.502962,283188.557998,283188.557998,8939749.438107498,23826205.770845197,1191273.1591286,27019527.422391597,175884090.74976858,50,25,0
Z3,10,9,720,23240.0,0.073607,315730.840817,318352.0,1.0,2,23.502962,240141.149363,240141.149363,8939749.438107498,23826205.770845197,1191273.1591286,27019527.422391597,175884090.74976858,50,25,0
Z3,11,9,720,21680.0,0.070453,307722.879083,309712.0,1.0,2,23.502962,238539.557016,238539.557016,8939749.438107498,23826205.770845197,1191273.1591286,27019527.422391597,175884090.74976858,50,25,0
Z3,12,9,720,16096.0,0.065607,245339.67412,247624.0,1.0,2,23.502962,226062.916023,226062.916023,8939749.438107498,23826205.770845197,1191273.1591286,27019527.422391597,175884090.74976858,50,25,0
Z3,13,9,720,39872.0,0.07076,563482.19333,569600.0,1.0,2,23.502962,289691.419865,289691.419865,8939749.438107498,23826205.770845197,1191273.1591286,27019527.422391597,175884090.74976858,50,25,0
Z3,14,9,720,46392.0,0.073029,635254.487943,635504.0,1.0,2,23.502962,304045.878788,304045.878788,8939749.438107498,23826205.770845197,1191273.1591286,27019527.422391597,175884090.74976858,50,25,0
Z3,15,9,720,26168.0,0.042161,620668.390218,623040.0,1.0,2,23.502962,301128.659243,301128.659243,8939749.438107498,23826205.770845197,1191273.1591286,27019527.422391597,175884090.74976858,50,25,0
Z3,16,9,720,48816.0,0.07077,689783.806698,697368.0,1.0,2,23.502962,314951.742539,314951.742539,8939749.438107498,23826205.770845197,1191273.1591286,27019527.422391597,175884090.74976858,50,25,0
Z3,17,9,720,38664.0,0.066015,585685.071575,585816.0,1.0,2,23.502962,294131.995514,294131.995514,8939749.438107498,23826205.770845197,1191273.1591286,27019527.422391597,175884090.74976858,50,25,0
Z3,18,9,720,26344.0,0.064455,408719.2615,411624.0,1.0,2,23.502962,258738.833499,258738.833499,8939749.438107498,23826205.770845197,1191273.1591286,27019527.422391597,175884090.74976858,50,25,0
Z3,19,9,720,19912.0,0.066664,298691.947678,301696.0,1.0,2,23.502962,236733.370735,236733.370735,8939749.438107498,23826205.770845197,1191273.1591286,27019527.422391597,175884090.74976858,50,25,0
Z3,20,9,720,61688.0,0.053169,1160224.943106,1163920.0,1.0,2,23.502962,409039.969821,409039.969821,8939749.438107498,23826205.770845197,1191273.1591286,27019527.422391597,175884090.74976858,50,25,0
Z3,21,9,720,59200.0,0.074565,793938.174747,800000.0,1.0,2,23.502962,335782.616149,335782.616149,8939749.438107498,23826205.770845197,1191273.1591286,27019527.422391597,175884090.74976858,50,25,0
Z3,22,9,720,41064.0,0.069337,592237.910495,595128.0,1.0,2,23.502962,295442.563298,295442.563298,8939749.438107498,23826205.770845197,1191273.1591286,27019527.422391597,175884090.74976858,50,25,0
Z3,23,9,720,55576.0,0.067714,820746.079097,829488.0,1.0,2,23.502962,341144.197019,341144.197019,8939749.438107498,23826205.770845197,1191273.1591286,27019527.422391597,175884090.74976858,50,25,0
Z3,24,9,720,50200.0,0.07403,678103.471566,678376.0,1.0,2,23.502962,312615.675512,312615.675512,8939749.438107498,23826205.770845197,1191273.1591286,27019527.422391597,175884090.74976858,50,25,0
Z3,25,9,720,30056.0,0.027513,1092429.033548,1113184.0,1.0,2,23.502962,395480.787909,395480.787909,8939749.438107498,23826205.770845197,1191273.1591286,27019527.422391597,175884090.74976858,50,25,0
Z3,26,9,720,59504.0,0.066303,897455.620409,901568.0,1.0,2,23.502962,356486.105281,356486.105281,8939749.438107498,23826205.770845197,1191273.1591286,27019527.422391597,175884090.74976858,50,25,0
Z3,27,9,720,65232.0,0.056692,1150638.538065,1164856.0,1.0,2,23.502962,407122.688812,407122.688812,8939749.438107498,23826205.770845197,1191273.1591286,27019527.422391597,175884090.74976858,50,25,0
Z3,28,9,720,23952.0,0.03895,614942.233633,630312.0,1.0,2,23.502962,299983.427926,299983.427926,8939749.438107498,23826205.770845197,1191273.1591286,27019527.422391597,175884090.74976858,50,25,0
Z3,29,9,720,32816.0,0.044675,734549.524342,745816.0,1.0,2,23.502962,323904.886068,323904.886068,8939749.438107498,23826205.770845197,1191273.1591286,27019527.422391597,175884090.74976858,50,25,0
Z3,30,9,720,8856.0,0.043872,201859.956236,205952.0,1.0,2,23.502962,217366.972447,217366.972447,8939749.438107498,23826205.770845197,1191273.1591286,27019527.422391597,175884090.74976858,50,25,0
Z3,31,9,720,14088.0,0.057652,244362.728093,247152.0,1.0,2,23.502962,225867.526818,225867.526818,8939749.438107498,23826205.770845197,1191273.1591286,27019527.422391597,175884090.74976858,50,25,0
Z3,32,9,720,15104.0,0.037627,401413.878332,408216.0,1.0,2,23.502962,257277.756866,257277.756866,8939749.438107498,23826205.770845197,1191273.1591286,27019527.422391597,175884090.74976858,50,25,0
Z3,33,9,720,11784.0,0.068483,172071.901056,173288.0,1.0,2,23.502962,211409.36141,211409.36141,8939749.438107498,23826205.770845197,1191273.1591286,27019527.422391597,175884090.74976858,50,25,0
Z3,34,9,720,18496.0,0.071802,257597.281413,260504.0,1.0,2,23.502962,228514.437482,228514.437482,8939749.438107498,23826205.770845197,1191273.1591286,27019527.422391597,175884090.74976858,50,25,0
Z3,35,9,720,22376.0,0.063911,350111.874325,355168.0,1.0,2,23.502962,247017.356064,247017.356064,8939749.438107498,23826205.770845197,1191273.1591286,27019527.422391597,175884090.74976858,50,25,0
Z3,36,9,720,8792.0,0.07412,118618.456557,118808.0,1.0,2,23.502962,200718.672511,200718.672511,8939749.438107498,23826205.770845197,1191273.1591286,27019527.422391597,175884090.74976858,50,25,0
Z3,37,9,720,19464.0,0.051984,374422.899354,381640.0,1.0,2,23.502962,251879.56107,251879.56107,8939749.438107498,23826205.770845197,1191273.1591286,27019527.422391597,175884090.74976858,50,25,0
Z3,38,9,720,20360.0,0.03483,584553.545794,598816.0,1.0,2,23.502962,293905.690358,293905.690358,8939749.438107498,23826205.770845197,1191273.1591286,27019527.422391597,175884090.74976858,50,25,0
Z1,0,10,720,7480.0,0.184292,40587.762898,40648.0,1.0,2,26.654531,267685.917615,267685.917615,8939749.438107498,23826205.770845197,1191273.1591286,27019527.422391597,175884090.74976858,50,25,0
Z2,0,10,720,6624.0,0.208849,31716.694837,31840.0,1.0,2,26.654531,265911.704003,265911.704003,8939749.438107498,23826205.770845197,1191273.1591286,27019527.422391597,175884090.74976858,50,25,0
Z2,1,10,720,7008.0,0.030049,233219.07551,233600.0,1.0,2,26.654531,306212.180137,306212.180137,8939749.438107498,23826205.770845197,1191273.1591286,27019527.422391597,175884090.74976858,50,25,0
Z2,2,10,720,7832.0,0.060299,129886.067762,130528.0,1.0,2,26.654531,285545.578588,285545.578588,8939749.438107498,23826205.770845197,1191273.1591286,27019527.422391597,175884090.74976858,50,25,0
Z2,3,10,720,29728.0,0.05263,564848.945468,571688.0,1.0,2,26.654531,372538.154129,372538.154129,8939749.438107498,23826205.770845197,1191273.1591286,27019527.422391597,175884090.74976858,50,25,0
Z2,4,10,720,35840.0,0.074922,478364.165399,484320.0,1.0,2,26.654531,355241.198115,355241.198115,8939749.438107498,23826205.770845197,1191273.1591286,27019527.422391597,175884090.74976858,50,25,0
Z2,5,10,720,43888.0,0.063875,687091.976517,696632.0,1.0,2,26.654531,396986.760339,396986.760339,8939749.438107498,23826205.770845197,1191273.1591286,27019527.422391597,175884090.74976858,50,25,0
Z2,6,10,720,17936.0,0.030053,596812.298273,597864.0,1.0,2,26.654531,378930.82469,378930.82469,8939749.438107498,23826205.770845197,1191273.1591286,27019527.422391597,175884090.74976858,50,25,0
Z2,7,10,720,24920.0,0.070987,351050.192289,356000.0,1.0,2,26.654531,329778.403493,329778.403493,8939749.438107498,23826205.770845197,1191273.1591286,27019527.422391597,175884090.74976858,50,25,0
Z3,0,10,720,6840.0,0.183334,37308.95524,37376.0,1.0,2,26.654531,267030.156083,267030.156083,8939749.438107498,23826205.770845197,1191273.1591286,27019527.422391597,175884090.74976858,50,25,0
Z3,1,10,720,22064.0,0.075697,291477.865701,294184.0,1.0,2,26.654531,317863.938176,317863.938176,8939749.438107498,23826205.770845197,1191273.1591286,27019527.422391597,175884090.74976858,50,25,0
Z3,2,10,720,15312.0,0.052264,292974.131333,294456.0,1.0,2,26.654531,318163.191302,318163.191302,8939749.438107498,23826205.770845197,1191273.1591286,27019527.422391597,175884090.74976858,50,25,0
Z3,3,10,720,7752.0,0.063124,122805.905836,123040.0,1.0,2,26.654531,284129.546203,284129.546203,8939749.438107498,23826205.770845197,1191273.1591286,27019527.422391597,175884090.74976858,50,25,0
Z3,4,10,720,11432.0,0.036902,309793.507127,317552.0,1.0,2,26.654531,321527.066461,321527.066461,8939749.438107498,23826205.770845197,1191273.1591286,27019527.422391597,175884090.74976858,50,25,0
Z3,5,10,720,17232.0,0.035464,485901.195579,492336.0,1.0,2,26.654531,356748.604151,356748.604151,8939749.438107498,23826205.770845197,1191273.1591286,27019527.422391597,175884090.74976858,50,25,0
Z3,6,10,720,23328.0,0.054377,429004.910164,432000.0,1.0,2,26.654531,345369.347068,345369.347068,8939749.438107498,23826205.770845197,1191273.1591286,27019527.422391597,175884090.74976858,50,25,0
Z3,7,10,720,18496.0,0.048814,378907.690417,385328.0,1.0,2,26.654531,335349.903119,335349.903119,8939749.438107498,23826205.770845197,1191273.1591286,27019527.422391597,175884090.74976858,50,25,0
Z3,8,10,720,7968.0,0.048952,162771.694721,166000.0,1.0,2,26.654531,292122.70398,292122.70398,8939749.438107498,23826205.770845197,1191273.1591286,27019527.422391597,175884090.74976858,50,25,0
Z3,9,10,720,19568.0,0.04309,454119.285217,455064.0,1.0,2,26.654531,350392.222079,350392.222079,8939749.438107498,23826205.770845197,1191273.1591286,27019527.422391597,175884090.74976858,50,25,0
Z3,10,10,720,36064.0,0.045408,794221.282593,801416.0,1.0,2,26.654531,418412.621554,418412.621554,8939749.438107498,23826205.770845197,1191273.1591286,27019527.422391597,175884090.74976858,50,25,0
Z3,11,10,720,29248.0,0.067885,430846.284157,436536.0,1.0,2,26.654531,345737.621867,345737.621867,8939749.438107498,23826205.770845197,1191273.1591286,27019527.422391597,175884090.74976858,50,25,0
Z3,12,10,720,24216.0,0.074607,324580.80341,327240.0,1.0,2,26.654531,324484.525717,324484.525717,8939749.438107498,23826205.770845197,1191273.1591286,27019527.422391597,175884090.74976858,50,25,0
Z3,13,10,720,54424.0,0.075533,720532.747276,725648.0,1.0,2,26.654531,403674.914491,403674.914491,8939749.438107498,23826205.770845197,1191273.1591286,27019527.422391597,175884090.74976858,50,25,0
Z3,14,10,720,56832.0,0.073364,774657.870345,778520.0,1.0,2,26.654531,414499.939104,414499.939104,8939749.438107498,23826205.770845197,1191273.1591286,27019527.422391597,175884090.74976858,50,25,0
Z3,15,10,720,29576.0,0.073586,401924.279075,405144.0,1.0,2,26.654531,339953.22085,339953.22085,8939749.438107498,23826205.770845197,1191273.1591286,27019527.422391597,175884090.74976858,50,25,0
Z3,16,10,720,52328.0,0.054872,953637.556495,969032.0,1.0,2,26.654531,450295.876334,450295.876334,8939749.438107498,23826205.770845197,1191273.1591286,27019527.422391597,175884090.74976858,50,25,0
Z3,17,10,720,52840.0,0.068377,772774.470948,777056.0,1.0,2,26.654531,414123.259225,414123.259225,8939749.438107498,23826205.770845197,1191273.1591286,27019527.422391597,175884090.74976858,50,25,0
Z3,18,10,720,35136.0,0.054521,644448.927936,650664.0,1.0,2,26.654531,388458.150623,388458.150623,8939749.438107498,23826205.770845197,1191273.1591286,27019527.422391597,175884090.74976858,50,25,0
Z3,19,10,720,23160.0,0.060961,379915.027641,386000.0,1.0,2,26.654531,335551.370563,335551.370563,8939749.438107498,23826205.770845197,1191273.1591286,27019527.422391597,175884090.74976858,50,25,0
Z3,20,10,720,77048.0,0.069184,1113667.900093,1116632.0,1.0,2,26.654531,482301.945054,482301.945054,8939749.438107498,23826205.770845197,1191273.1591286,27019527.422391597,175884090.74976858,50,25,0
Z3,21,10,720,68968.0,0.057474,1199986.080663,1209960.0,1.0,2,26.654531,499565.581168,499565.581168,8939749.438107498,23826205.770845197,1191273.1591286,27019527.422391597,175884090.74976858,50,25,0
Z3,22,10,720,52224.0,0.075484,691855.227598,696320.0,1.0,2,26.654531,397939.410555,397939.410555,8939749.438107498,23826205.770845197,1191273.1591286,27019527.422391597,175884090.74976858,50,25,0
Z3,23,10,720,76384.0,0.076177,1002717.355632,1005048.0,1.0,2,26.654531,460111.836162,460111.836162,8939749.438107498,23826205.770845197,1191273.1591286,27019527.422391597,175884090.74976858,50,25,0
Z3,24,10,720,57512.0,0.059571,965436.202179,974776.0,1.0,2,26.654531,452655.605471,452655.605471,8939749.438107498,23826205.770845197,1191273.1591286,27019527.422391597,175884090.74976858,50,25,0
Z3,25,10,720,35600.0,0.048591,732645.963244,741664.0,1.0,2,26.654531,406097.557684,406097.557684,8939749.438107498,23826205.770845197,1191273.1591286,27019527.422391597,175884090.74976858,50,25,0
Z3,26,10,720,72816.0,0.0593,1227925.801012,1234168.0,1.0,2,26.654531,505153.525238,505153.525238,8939749.438107498,23826205.770845197,1191273.1591286,27019527.422391597,175884090.74976858,50,25,0
Z3,27,10,720,93600.0,0.072282,1294928.197892,1300000.0,1.0,2,26.654531,518554.004614,518554.004614,8939749.438107498,23826205.770845197,1191273.1591286,27019527.422391597,175884090.74976858,50,25,0
Z3,28,10,720,23040.0,0.04737,486383.787207,490208.0,1.0,2,26.654531,356845.122477,356845.122477,8939749.438107498,23826205.770845197,1191273.1591286,27019527.422391597,175884090.74976858,50,25,0
Z3,29,10,720,35840.0,0.073098,490300.692221,490952.0,1.0,2,26.654531,357628.50348,357628.50348,8939749.438107498,23826205.770845197,1191273.1591286,27019527.422391597,175884090.74976858,50,25,0
Z3,30,10,720,13072.0,0.047642,274379.748961,278120.0,1.0,2,26.654531,314444.314828,314444.314828,8939749.438107498,23826205.770845197,1191273.1591286,27019527.422391597,175884090.74976858,50,25,0
Z3,31,10,720,20608.0,0.048599,424041.646947,429328.0,1.0,2,26.654531,344376.694425,344376.694425,8939749.438107498,23826205.770845197,1191273.1591286,27019527.422391597,175884090.74976858,50,25,0
Z3,32,10,720,22584.0,0.053055,425671.473,426112.0,1.0,2,26.654531,344702.659635,344702.659635,8939749.438107498,23826205.770845197,1191273.1591286,27019527.422391597,175884090.74976858,50,25,0
Z3,33,10,720,14712.0,0.045417,323931.567475,326928.0,1.0,2,26.654531,324354.67853,324354.67853,8939749.438107498,23826205.770845197,1191273.1591286,27019527.422391597,175884090.74976858,50,25,0
Z3,34,10,720,20512.0,0.044973,456095.87975,466176.0,1.0,2,26.654531,350787.540985,350787.540985,8939749.438107498,23826205.770845197,1191273.1591286,27019527.422391597,175884090.74976858,50,25,0
Z3,35,10,720,17992.0,0.055145,326267.113972,327120.0,1.0,2,26.654531,324821.78783,324821.78783,8939749.438107498,23826205.770845197,1191273.1591286,27019527.422391597,175884090.74976858,50,25,0
Z3,36,10,720,11464.0,0.040819,280849.604351,286600.0,1.0,2,26.654531,315738.285906,315738.285906,8939749.438107498,23826205.770845197,1191273.1591286,27019527.422391597,175884090.74976858,50,25,0
Z3,37,10,720,22376.0,0.064518,346817.94228,349624.0,1.0,2,26.654531,328931.953491,328931.953491,8939749.438107498,23826205.770845197,1191273.1591286,27019527.422391597,175884090.74976858,50,25,0
Z3,38,10,720,29088.0,0.075086,387395.786165,387840.0,1.0,2,26.654531,337047.522268,337047.522268,8939749.438107498,23826205.770845197,1191273.1591286,27019527.422391597,175884090.74976858,50,25,0
Z1,0,11,720,41864.0,0.201878,207372.769693,208272.0,1.0,2,29.842451,318868.211035,318868.211035,8939749.438107498,23826205.770845197,1191273.1591286,27019527.422391597,175884090.74976858,50,25,0
Z2,0,11,720,10080.0,0.185166,54437.639739,54480.0,1.0,2,29.842451,288281.185044,288281.185044,8939749.438107498,23826205.770845197,1191273.1591286,27019527.422391597,175884090.74976858,50,25,0
Z2,1,11,720,36112.0,0.056324,641147.645764,644856.0,1.0,2,29.842451,405623.186249,405623.186249,8939749.438107498,23826205.770845197,1191273.1591286,27019527.422391597,175884090.74976858,50,25,0
Z2,2,11,720,36680.0,0.065951,556170.490212,564304.0,1.0,2,29.842451,388627.755139,388627.755139,8939749.438107498,23826205.770845197,1191273.1591286,27019527.422391597,175884090.74976858,50,25,0
Z2,3,11,720,39392.0,0.063889,616569.362488,625264.0,1.0,2,29.842451,400707.529594,400707.529594,8939749.438107498,23826205.770845197,1191273.1591286,27019527.422391597,175884090.74976858,50,25,0
Z2,4,11,720,43216.0,0.07051,612905.970784,617368.0,1.0,2,29.842451,399974.851253,399974.851253,8939749.438107498,23826205.770845197,1191273.1591286,27019527.422391597,175884090.74976858,50,25,0
Z2,5,11,720,50760.0,0.067808,748584.237848,757608.0,1.0,2,29.842451,427110.504666,427110.504666,8939749.438107498,23826205.770845197,1191273.1591286,27019527.422391597,175884090.74976858,50,25,0
Z2,6,11,720,17768.0,0.041934,423713.454476,433360.0,1.0,2,29.842451,362136.347991,362136.347991,8939749.438107498,23826205.770845197,1191273.1591286,27019527.422391597,175884090.74976858,50,25,0
Z2,7,11,720,33352.0,0.056447,590855.138448,595568.0,1.0,2,29.842451,395564.684786,395564.684786,8939749.438107498,23826205.770845197,1191273.1591286,27019527.422391597,175884090.74976858,50,25,0
Z3,0,11,720,6624.0,0.192324,34441.879329,34496.0,1.0,2,29.842451,284282.032962,284282.032962,8939749.438107498,23826205.770845197,1191273.1591286,27019527.422391597,175884090.74976858,50,25,0
Z3,1,11,720,11320.0,0.034261,330404.833484,332936.0,1.0,2,29.842451,343474.623793,343474.623793,8939749.438107498,23826205.770845197,1191273.1591286,27019527.422391597,175884090.74976858,50,25,0
Z3,2,11,720,16208.0,0.02972,545356.66218,558896.0,1.0,2,29.842451,386464.989532,386464.989532,8939749.438107498,23826205.770845197,1191273.1591286,27019527.422391597,175884090.74976858,50,25,0
Z3,3,11,720,12920.0,0.060222,214539.537046,215328.0,1.0,2,29.842451,320301.564505,320301.564505,8939749.438107498,23826205.770845197,1191273.1591286,27019527.422391597,175884090.74976858,50,25,0
Z3,4,11,720,8968.0,0.055974,160217.24372,163048.0,1.0,2,29.842451,309437.10584,309437.10584,8939749.438107498,23826205.770845197,1191273.1591286,27019527.422391597,175884090.74976858,50,25,0
Z3,5,11,720,12016.0,0.056485,212729.043109,214568.0,1.0,2,29.842451,319939.465718,319939.465718,8939749.438107498,23826205.770845197,1191273.1591286,27019527.422391597,175884090.74976858,50,25,0
Z3,6,11,720,21880.0,0.05285,414001.892148,420768.0,1.0,2,29.842451,360194.035526,360194.035526,8939749.438107498,23826205.770845197,1191273.1591286,27019527.422391597,175884090.74976858,50,25,0
Z3,7,11,720,13408.0,0.047827,280343.738892,285272.0,1.0,2,29.842451,333462.404875,333462.404875,8939749.438107498,23826205.770845197,1191273.1591286,27019527.422391597,175884090.74976858,50,25,0
Z3,8,11,720,14528.0,0.043974,330377.040979,337856.0,1.0,2,29.842451,343469.065292,343469.065292,8939749.438107498,23826205.770845197,1191273.1591286,27019527.422391597,175884090.74976858,50,25,0
Z3,9,11,720,15928.0,0.02628,606088.280061,612608.0,1.0,2,29.842451,398611.313108,398611.313108,8939749.438107498,23826205.770845197,1191273.1591286,27019527.422391597,175884090.74976858,50,25,0
Z3,10,11,720,8224.0,0.028012,293588.462088,293712.0,1.0,2,29.842451,336111.349514,336111.349514,8939749.438107498,23826205.770845197,1191273.1591286,27019527.422391597,175884090.74976858,50,25,0
Z3,11,11,720,8720.0,0.073364,118859.386075,119448.0,1.0,2,29.842451,301165.534311,301165.534311,8939749.438107498,23826205.770845197,1191273.1591286,27019527.422391597,175884090.74976858,50,25,0
Z3,12,11,720,23504.0,0.07516,312719.531666,313384.0,1.0,2,29.842451,339937.563429,339937.563429,8939749.438107498,23826205.770845197,1191273.1591286,27019527.422391597,175884090.74976858,50,25,0
Z3,13,11,720,50640.0,0.071387,709372.855002,713232.0,1.0,2,29.842451,419268.228096,419268.228096,8939749.438107498,23826205.770845197,1191273.1591286,27019527.422391597,175884090.74976858,50,25,0
Z3,14,11,720,47296.0,0.060796,777945.917495,788264.0,1.0,2,29.842451,432982.840595,432982.840595,8939749.438107498,23826205.770845197,1191273.1591286,27019527.422391597,175884090.74976858,50,25,0
Z3,15,11,720,34344.0,0.050561,679258.717193,686880.0,1.0,2,29.842451,413245.400535,413245.400535,8939749.438107498,23826205.770845197,1191273.1591286,27019527.422391597,175884090.74976858,50,25,0
Z3,16,11,720,73648.0,0.074936,982811.999573,995240.0,1.0,2,29.842451,473956.057011,473956.057011,8939749.438107498,23826205.770845197,1191273.1591286,27019527.422391597,175884090.74976858,50,25,0
Z3,17,11,720,59920.0,0.06937,863773.965691,868400.0,1.0,2,29.842451,450148.450234,450148.450234,8939749.438107498,23826205.770845197,1191273.1591286,27019527.422391597,175884090.74976858,50,25,0
Z3,18,11,720,40664.0,0.056138,724357.832484,726136.0,1.0,2,29.842451,422265.223593,422265.223593,8939749.438107498,23826205.770845197,1191273.1591286,27019527.422391597,175884090.74976858,50,25,0
Z3,19,11,720,56880.0,0.074299,765555.391055,768648.0,1.0,2,29.842451,430504.735307,430504.735307,8939749.438107498,23826205.770845197,1191273.1591286,27019527.422391597,175884090.74976858,50,25,0
Z3,20,11,720,57216.0,0.071196,803640.653969,805856.0,1.0,2,29.842451,438121.78789,438121.78789,8939749.438107498,23826205.770845197,1191273.1591286,27019527.422391597,175884090.74976858,50,25,0
Z3,21,11,720,28160.0,0.073475,383259.612113,385752.0,1.0,2,29.842451,354045.579519,354045.579519,8939749.438107498,23826205.770845197,1191273.1591286,27019527.422391597,175884090.74976858,50,25,0
Z3,22,11,720,76696.0,0.068338,1122303.842664,1127880.0,1.0,2,29.842451,501854.425629,501854.425629,8939749.438107498,23826205.770845197,1191273.1591286,27019527.422391597,175884090.74976858,50,25,0
Z3,23,11,720,80520.0,0.066875,1204037.383178,1220000.0,1.0,2,29.842451,518201.133732,518201.133732,8939749.438107498,23826205.770845197,1191273.1591286,27019527.422391597,175884090.74976858,50,25,0
Z3,24,11,720,66560.0,0.058348,1140741.756358,1147584.0,1.0,2,29.842451,505542.008368,505542.008368,8939749.438107498,23826205.770845197,1191273.1591286,27019527.422391597,175884090.74976858,50,25,0
Z3,25,11,720,77808.0,0.05876,1324166.099387,1341512.0,1.0,2,29.842451,542226.876974,542226.876974,8939749.438107498,23826205.770845197,1191273.1591286,27019527.422391597,175884090.74976858,50,25,0
Z3,26,11,720,55056.0,0.061829,890455.934917,902552.0,1.0,2,29.842451,455484.84408,455484.84408,8939749.438107498,23826205.770845197,1191273.1591286,27019527.422391597,175884090.74976858,50,25,0
Z3,27,11,720,36552.0,0.058395,625944.002055,630200.0,1.0,2,29.842451,402582.457507,402582.457507,8939749.438107498,23826205.770845197,1191273.1591286,27019527.422391597,175884090.74976858,50,25,0
Z3,28,11,720,100304.0,0.075108,1335463.599084,1337384.0,1.0,2,29.842451,544486.376913,544486.376913,8939749.438107498,23826205.770845197,1191273.1591286,27019527.422391597,175884090.74976858,50,25,0
Z3,29,11,720,133264.0,0.086692,1537212.199511,1549576.0,1.0,2,29.842451,584836.096998,584836.096998,8939749.438107498,23826205.770845197,1191273.1591286,27019527.422391597,175884090.74976858,50,25,0
Z3,30,11,720,14528.0,0.070672,205569.390989,207536.0,1.0,2,29.842451,318507.535294,318507.535294,8939749.438107498,23826205.770845197,1191273.1591286,27019527.422391597,175884090.74976858,50,25,0
Z3,31,11,720,24392.0,0.067228,362825.013387,364056.0,1.0,2,29.842451,349958.659774,349958.659774,8939749.438107498,23826205.770845197,1191273.1591286,27019527.422391597,175884090.74976858,50,25,0
Z3,32,11,720,22216.0,0.070741,314047.016582,317368.0,1.0,2,29.842451,340203.060412,340203.060412,8939749.438107498,23826205.770845197,1191273.1591286,27019527.422391597,175884090.74976858,50,25,0
Z3,33,11,720,14368.0,0.026486,542475.269954,552608.0,1.0,2,29.842451,385888.711087,385888.711087,8939749.438107498,23826205.770845197,1191273.1591286,27019527.422391597,175884090.74976858,50,25,0
Z3,34,11,720,21288.0,0.062377,341279.638328,343352.0,1.0,2,29.842451,345649.584762,345649.584762,8939749.438107498,23826205.770845197,1191273.1591286,27019527.422391597,175884090.74976858,50,25,0
Z3,35,11,720,18544.0,0.054535,340038.507381,343400.0,1.0,2,29.842451,345401.358572,345401.358572,8939749.438107498,23826205.770845197,1191273.1591286,27019527.422391597,175884090.74976858,50,25,0
Z3,36,11,720,12272.0,0.05342,229726.694122,231544.0,1.0,2,29.842451,323338.995921,323338.995921,8939749.438107498,23826205.770845197,1191273.1591286,27019527.422391597,175884090.74976858,50,25,0
Z3,37,11,720,21736.0,0.065789,330389.578805,334400.0,1.0,2,29.842451,343471.572857,343471.572857,8939749.438107498,23826205.770845197,1191273.1591286,27019527.422391597,175884090.74976858,50,25,0
Z3,38,11,720,22688.0,0.07428,305438.879914,306592.0,1.0,2,29.842451,338481.433079,338481.433079,8939749.438107498,23826205.770845197,1191273.1591286,27019527.422391597,175884090.74976858,50,25,0
Z1,0,12,720,65984.0,0.187215,352450.391261,352848.0,1.0,2,33.118358,384783.700091,384783.700091,8939749.438107498,23826205.770845197,1191273.1591286,27019527.422391597,175884090.74976858,50,25,0
Z2,0,12,720,6624.0,0.180922,36612.462829,36800.0,1.0,2,33.118358,321616.114405,321616.114405,8939749.438107498,23826205.770845197,1191273.1591286,27019527.422391597,175884090.74976858,50,25,0
Z2,1,12,720,6760.0,0.057236,118107.4848,118592.0,1.0,2,33.118358,337915.118799,337915.118799,8939749.438107498,23826205.770845197,1191273.1591286,27019527.422391597,175884090.74976858,50,25,0
Z2,2,12,720,7528.0,0.046803,160844.390317,163648.0,1.0,2,33.118358,346462.499902,346462.499902,8939749.438107498,23826205.770845197,1191273.1591286,27019527.422391597,175884090.74976858,50,25,0
Z2,3,12,720,7704.0,0.040749,189059.85423,192600.0,1.0,2,33.118358,352105.592685,352105.592685,8939749.438107498,23826205.770845197,1191273.1591286,27019527.422391597,175884090.74976858,50,25,0
Z2,4,12,720,58576.0,0.06587,889266.737513,901168.0,1.0,2,33.118358,492146.969341,492146.969341,8939749.438107498,23826205.770845197,1191273.1591286,27019527.422391597,175884090.74976858,50,25,0
Z2,5,12,720,36544.0,0.05168,707120.743034,716544.0,1.0,2,33.118358,455717.770446,455717.770446,8939749.438107498,23826205.770845197,1191273.1591286,27019527.422391597,175884090.74976858,50,25,0
Z2,6,12,720,62000.0,0.055277,1121623.821843,1127272.0,1.0,2,33.118358,538618.386207,538618.386207,8939749.438107498,23826205.770845197,1191273.1591286,27019527.422391597,175884090.74976858,50,25,0
Z2,7,12,720,77544.0,0.05874,1320122.574055,1336960.0,1.0,2,33.118358,578318.13665,578318.13665,8939749.438107498,23826205.770845197,1191273.1591286,27019527.422391597,175884090.74976858,50,25,0
Z3,0,12,720,7896.0,0.194724,40549.701115,40696.0,1.0,2,33.118358,322403.562062,322403.562062,8939749.438107498,23826205.770845197,1191273.1591286,27019527.422391597,175884090.74976858,50,25,0
Z3,1,12,720,10520.0,0.053791,195571.749921,198488.0,1.0,2,33.118358,353407.971823,353407.971823,8939749.438107498,23826205.770845197,1191273.1591286,27019527.422391597,175884090.74976858,50,25,0
Z3,2,12,720,20088.0,0.030969,648648.648649,669600.0,1.0,2,33.118358,444023.351568,444023.351568,8939749.438107498,23826205.770845197,1191273.1591286,27019527.422391597,175884090.74976858,50,25,0
Z3,3,12,720,10320.0,0.043799,235621.81785,240000.0,1.0,2,33.118358,361417.985409,361417.985409,8939749.438107498,23826205.770845197,1191273.1591286,27019527.422391597,175884090.74976858,50,25,0
Z3,4,12,720,12664.0,0.050805,249266.804448,253280.0,1.0,2,33.118358,364146.982728,364146.982728,8939749.438107498,23826205.770845197,1191273.1591286,27019527.422391597,175884090.74976858,50,25,0
Z3,5,12,720,15440.0,0.067316,229365.9754,230440.0,1.0,2,33.118358,360166.816919,360166.816919,8939749.438107498,23826205.770845197,1191273.1591286,27019527.422391597,175884090.74976858,50,25,0
Z3,6,12,720,7712.0,0.050898,151518.723722,154240.0,1.0,2,33.118358,344597.366583,344597.366583,8939749.438107498,23826205.770845197,1191273.1591286,27019527.422391597,175884090.74976858,50,25,0
Z3,7,12,720,10120.0,0.06771,149460.936346,151040.0,1.0,2,33.118358,344185.809108,344185.809108,8939749.438107498,23826205.770845197,1191273.1591286,27019527.422391597,175884090.74976858,50,25,0
Z3,8,12,720,7576.0,0.044404,170615.259886,172176.0,1.0,2,33.118358,348416.673816,348416.673816,8939749.438107498,23826205.770845197,1191273.1591286,27019527.422391597,175884090.74976858,50,25,0
Z3,9,12,720,24720.0,0.074807,330450.358924,334048.0,1.0,2,33.118358,380383.693623,380383.693623,8939749.438107498,23826205.770845197,1191273.1591286,27019527.422391597,175884090.74976858,50,25,0
Z3,10,12,720,60536.0,0.050624,1195796.460177,1210720.0,1.0,2,33.118358,553452.913874,553452.913874,8939749.438107498,23826205.770845197,1191273.1591286,27019527.422391597,175884090.74976858,50,25,0
Z3,11,12,720,65616.0,0.071495,917770.47346,924168.0,1.0,2,33.118358,497847.716531,497847.716531,8939749.438107498,23826205.770845197,1191273.1591286,27019527.422391597,175884090.74976858,50,25,0
Z3,12,12,720,38936.0,0.049173,791816.647347,794608.0,1.0,2,33.118358,472656.951308,472656.951308,8939749.438107498,23826205.770845197,1191273.1591286,27019527.422391597,175884090.74976858,50,25,0
Z3,13,12,720,87896.0,0.076063,1155568.410397,1156520.0,1.0,2,33.118358,545407.303918,545407.303918,8939749.438107498,23826205.770845197,1191273.1591286,27019527.422391597,175884090.74976858,50,25,0
Z3,14,12,720,78296.0,0.070702,1107408.559871,1118512.0,1.0,2,33.118358,535775.333813,535775.333813,8939749.438107498,23826205.770845197,1191273.1591286,27019527.422391597,175884090.74976858,50,25,0
Z3,15,12,720,45720.0,0.042789,1068498.913272,1088568.0,1.0,2,33.118358,527993.404493,527993.404493,8939749.438107498,23826205.770845197,1191273.1591286,27019527.422391597,175884090.74976858,50,25,0
Z3,16,12,720,82616.0,0.066853,1235785.978191,1251752.0,1.0,2,33.118358,561450.817477,561450.817477,8939749.438107498,23826205.770845197,1191273.1591286,27019527.422391597,175884090.74976858,50,25,0
Z3,17,12,720,109704.0,0.091328,1201208.829713,1205536.0,1.0,2,33.118358,554535.387781,554535.387781,8939749.438107498,23826205.770845197,1191273.1591286,27019527.422391597,175884090.74976858,50,25,0
Z3,18,12,720,28840.0,0.063409,454825.024839,457776.0,1.0,2,33.118358,405258.626806,405258.626806,8939749.438107498,23826205.770845197,1191273.1591286,27019527.422391597,175884090.74976858,50,25,0
Z3,19,12,720,75104.0,0.057433,1307680.253513,1317608.0,1.0,2,33.118358,575829.672541,575829.672541,8939749.438107498,23826205.770845197,1191273.1591286,27019527.422391597,175884090.74976858,50,25,0
Z3,20,12,720,96504.0,0.075696,1274889.029803,1286720.0,1.0,2,33.118358,569271.427799,569271.427799,8939749.438107498,23826205.770845197,1191273.1591286,27019527.422391597,175884090.74976858,50,25,0
Z3,21,12,720,42960.0,0.070713,607526.197446,613712.0,1.0,2,33.118358,435798.861328,435798.861328,8939749.438107498,23826205.770845197,1191273.1591286,27019527.422391597,175884090.74976858,50,25,0
Z3,22,12,720,68064.0,0.074125,918232.715008,919776.0,1.0,2,33.118358,497940.16484,497940.16484,8939749.438107498,23826205.770845197,1191273.1591286,27019527.422391597,175884090.74976858,50,25,0
Z3,23,12,720,50352.0,0.055139,913183.046483,915488.0,1.0,2,33.118358,496930.231135,496930.231135,8939749.438107498,23826205.770845197,1191273.1591286,27019527.422391597,175884090.74976858,50,25,0
Z3,24,12,720,31856.0,0.028253,1127526.280395,1137712.0,1.0,2,33.118358,539798.877918,539798.877918,8939749.438107498,23826205.770845197,1191273.1591286,27019527.422391597,175884090.74976858,50,25,0
Z3,25,12,720,130312.0,0.076128,1711748.63388,1714624.0,1.0,2,33.118358,656643.348615,656643.348615,8939749.438107498,23826205.770845197,1191273.1591286,27019527.422391597,175884090.74976858,50,25,0
Z3,26,12,720,138080.0,0.107949,1279122.548611,1290464.0,1.0,2,33.118358,570118.131561,570118.131561,8939749.438107498,23826205.770845197,1191273.1591286,27019527.422391597,175884090.74976858,50,25,0
Z3,27,12,720,50256.0,0.055557,904584.480803,913744.0,1.0,2,33.118358,495210.517999,495210.517999,8939749.438107498,23826205.770845197,1191273.1591286,27019527.422391597,175884090.74976858,50,25,0
Z3,28,12,720,14080.0,0.029915,470666.88952,485512.0,1.0,2,33.118358,408426.999743,408426.999743,8939749.438107498,23826205.770845197,1191273.1591286,27019527.422391597,175884090.74976858,50,25,0
Z3,29,12,720,21056.0,0.06943,303269.480052,305152.0,1.0,2,33.118358,374947.517849,374947.517849,8939749.438107498,23826205.770845197,1191273.1591286,27019527.422391597,175884090.74976858,50,25,0
Z3,30,12,720,21064.0,0.05936,354851.752022,357016.0,1.0,2,33.118358,385263.972243,385263.972243,8939749.438107498,23826205.770845197,1191273.1591286,27019527.422391597,175884090.74976858,50,25,0
Z3,31,12,720,16432.0,0.069322,237038.746718,238144.0,1.0,2,33.118358,361701.371182,361701.371182,8939749.438107498,23826205.770845197,1191273.1591286,27019527.422391597,175884090.74976858,50,25,0
Z3,32,12,720,26024.0,0.073871,352289.802494,356488.0,1.0,2,33.118358,384751.582337,384751.582337,8939749.438107498,23826205.770845197,1191273.1591286,27019527.422391597,175884090.74976858,50,25,0
Z3,33,12,720,25696.0,0.074334,345682.998359,347240.0,1.0,2,33.118358,383430.22151,383430.22151,8939749.438107498,23826205.770845197,1191273.1591286,27019527.422391597,175884090.74976858,50,25,0
Z3,34,12,720,13400.0,0.033729,397284.236117,406056.0,1.0,2,33.118358,393750.469062,393750.469062,8939749.438107498,23826205.770845197,1191273.1591286,27019527.422391597,175884090.74976858,50,25,0
Z3,35,12,720,31112.0,0.075577,411659.631899,414824.0,1.0,2,33.118358,396625.548218,396625.548218,8939749.438107498,23826205.770845197,1191273.1591286,27019527.422391597,175884090.74976858,50,25,0
Z3,36,12,720,34872.0,0.064178,543363.769516,544872.0,1.0,2,33.118358,422966.375742,422966.375742,8939749.438107498,23826205.770845197,1191273.1591286,27019527.422391597,175884090.74976858,50,25,0
Z3,37,12,720,18096.0,0.053348,339206.718153,341432.0,1.0,2,33.118358,382134.965469,382134.965469,8939749.438107498,23826205.770845197,1191273.1591286,27019527.422391597,175884090.74976858,50,25,0
Z3,38,12,720,26888.0,0.059271,453645.12156,455728.0,1.0,2,33.118358,405022.646151,405022.646151,8939749.438107498,23826205.770845197,1191273.1591286,27019527.422391597,175884090.74976858,50,25,0
