Zone, Tile_no, Seg_no, Reso, Seg_d_size, Seg_d_time, Bitrate, Bitrate1, Buf_lev, Buf_limit, Elapsed, Ref_vp, Local_avg,QoE,QoE1,Z1,Z2,Z3,delay,jitter,loss
Z1,0,1,720,9960.0,0.344358,28923.38787,28952.0,1.0,2,6e-05,28923.38787,28923.38787,1592873.4552820001,4055414.8482667003,182495.27501230003,4883755.875911301,29509169.8057583,100,25,3
Z2,0,1,720,8952.0,0.309937,28883.289185,28968.0,1.0,2,6e-05,14441.644592,14441.644592,1592873.4552820001,4055414.8482667003,182495.27501230003,4883755.875911301,29509169.8057583,100,25,3
Z2,1,1,720,5424.0,0.120881,44870.575194,45200.0,1.0,2,6e-05,14956.858398,14956.858398,1592873.4552820001,4055414.8482667003,182495.27501230003,4883755.875911301,29509169.8057583,100,25,3
Z2,2,1,720,7080.0,0.118866,59562.869113,60000.0,1.0,2,6e-05,14890.717278,14890.717278,1592873.4552820001,4055414.8482667003,182495.27501230003,4883755.875911301,29509169.8057583,100,25,3
Z2,3,1,720,18976.0,0.09781,194008.792557,195624.0,1.0,2,6e-05,38801.758511,38801.758511,1592873.4552820001,4055414.8482667003,182495.27501230003,4883755.875911301,29509169.8057583,100,25,3
Z2,4,1,720,8720.0,0.086721,100552.346029,101392.0,1.0,2,6e-05,20110.469206,20110.469206,1592873.4552820001,4055414.8482667003,182495.27501230003,4883755.875911301,29509169.8057583,100,25,3
Z2,5,1,720,8336.0,0.454877,18325.833137,18360.0,1.0,2,6e-05,3665.166627,3665.166627,1592873.4552820001,4055414.8482667003,182495.27501230003,4883755.875911301,29509169.8057583,100,25,3
Z2,6,1,720,6376.0,0.109981,57973.649994,58488.0,1.0,2,6e-05,11594.729999,11594.729999,1592873.4552820001,4055414.8482667003,182495.27501230003,4883755.875911301,29509169.8057583,100,25,3
Z2,7,1,720,6872.0,0.102354,67139.535338,67368.0,1.0,2,6e-05,13427.907068,13427.907068,1592873.4552820001,4055414.8482667003,182495.27501230003,4883755.875911301,29509169.8057583,100,25,3
Z3,0,1,720,7080.0,0.309984,22839.88851,22912.0,1.0,2,6e-05,4567.977702,4567.977702,1592873.4552820001,4055414.8482667003,182495.27501230003,4883755.875911301,29509169.8057583,100,25,3
Z3,1,1,720,7080.0,0.104057,68039.632125,68072.0,1.0,2,6e-05,13607.926425,13607.926425,1592873.4552820001,4055414.8482667003,182495.27501230003,4883755.875911301,29509169.8057583,100,25,3
Z3,2,1,720,5664.0,0.082597,68573.91915,69072.0,1.0,2,6e-05,13714.78383,13714.78383,1592873.4552820001,4055414.8482667003,182495.27501230003,4883755.875911301,29509169.8057583,100,25,3
Z3,3,1,720,7080.0,0.108327,65357.667064,65552.0,1.0,2,6e-05,13071.533413,13071.533413,1592873.4552820001,4055414.8482667003,182495.27501230003,4883755.875911301,29509169.8057583,100,25,3
Z3,4,1,720,7080.0,0.086398,81946.34135,82320.0,1.0,2,6e-05,16389.26827,16389.26827,1592873.4552820001,4055414.8482667003,182495.27501230003,4883755.875911301,29509169.8057583,100,25,3
Z3,5,1,720,5664.0,0.078013,72603.284068,72608.0,1.0,2,6e-05,14520.656814,14520.656814,1592873.4552820001,4055414.8482667003,182495.27501230003,4883755.875911301,29509169.8057583,100,25,3
Z3,6,1,720,7080.0,0.095939,73796.891775,74520.0,1.0,2,6e-05,14759.378355,14759.378355,1592873.4552820001,4055414.8482667003,182495.27501230003,4883755.875911301,29509169.8057583,100,25,3
Z3,7,1,720,7080.0,0.11062,64002.892786,64360.0,1.0,2,6e-05,12800.578557,12800.578557,1592873.4552820001,4055414.8482667003,182495.27501230003,4883755.875911301,29509169.8057583,100,25,3
Z3,8,1,720,5664.0,0.095466,59330.023254,59616.0,1.0,2,6e-05,11866.004651,11866.004651,1592873.4552820001,4055414.8482667003,182495.27501230003,4883755.875911301,29509169.8057583,100,25,3
Z3,9,1,720,7080.0,0.089996,78670.163118,79544.0,1.0,2,6e-05,15734.032624,15734.032624,1592873.4552820001,4055414.8482667003,182495.27501230003,4883755.875911301,29509169.8057583,100,25,3
Z3,10,1,720,12904.0,0.098953,130405.343951,131672.0,1.0,2,6e-05,26081.06879,26081.06879,1592873.4552820001,4055414.8482667003,182495.27501230003,4883755.875911301,29509169.8057583,100,25,3
Z3,11,1,720,17344.0,0.119366,145301.006987,145744.0,1.0,2,6e-05,29060.201397,29060.201397,1592873.4552820001,4055414.8482667003,182495.27501230003,4883755.875911301,29509169.8057583,100,25,3
Z3,12,1,720,16912.0,0.096378,175475.730976,176160.0,1.0,2,6e-05,35095.146195,35095.146195,1592873.4552820001,4055414.8482667003,182495.27501230003,4883755.875911301,29509169.8057583,100,25,3
Z3,13,1,720,13240.0,0.118638,111599.993257,112200.0,1.0,2,6e-05,22319.998651,22319.998651,1592873.4552820001,4055414.8482667003,182495.27501230003,4883755.875911301,29509169.8057583,100,25,3
Z3,14,1,720,28328.0,0.116585,242981.515632,244200.0,1.0,2,6e-05,48596.303126,48596.303126,1592873.4552820001,4055414.8482667003,182495.27501230003,4883755.875911301,29509169.8057583,100,25,3
Z3,15,1,720,30528.0,0.09891,308644.22202,311504.0,1.0,2,6e-05,61728.844404,61728.844404,1592873.4552820001,4055414.8482667003,182495.27501230003,4883755.875911301,29509169.8057583,100,25,3
Z3,16,1,720,16360.0,0.119163,137290.937623,137472.0,1.0,2,6e-05,27458.187525,27458.187525,1592873.4552820001,4055414.8482667003,182495.27501230003,4883755.875911301,29509169.8057583,100,25,3
Z3,17,1,720,33216.0,0.366981,90511.49787,90752.0,1.0,2,6e-05,18102.299574,18102.299574,1592873.4552820001,4055414.8482667003,182495.27501230003,4883755.875911301,29509169.8057583,100,25,3
Z3,18,1,720,28000.0,0.114454,244639.767942,245608.0,1.0,2,6e-05,48927.953588,48927.953588,1592873.4552820001,4055414.8482667003,182495.27501230003,4883755.875911301,29509169.8057583,100,25,3
Z3,19,1,720,15744.0,0.095759,164412.744494,165720.0,1.0,2,6e-05,32882.548899,32882.548899,1592873.4552820001,4055414.8482667003,182495.27501230003,4883755.875911301,29509169.8057583,100,25,3
Z3,20,1,720,16024.0,0.091721,174703.721067,176080.0,1.0,2,6e-05,34940.744213,34940.744213,1592873.4552820001,4055414.8482667003,182495.27501230003,4883755.875911301,29509169.8057583,100,25,3
Z3,21,1,720,11576.0,0.09054,127855.091672,128616.0,1.0,2,6e-05,25571.018334,25571.018334,1592873.4552820001,4055414.8482667003,182495.27501230003,4883755.875911301,29509169.8057583,100,25,3
Z3,22,1,720,10816.0,0.125176,86406.339873,86528.0,1.0,2,6e-05,17281.267975,17281.267975,1592873.4552820001,4055414.8482667003,182495.27501230003,4883755.875911301,29509169.8057583,100,25,3
Z3,23,1,720,13224.0,0.076227,173481.837144,174000.0,1.0,2,6e-05,34696.367429,34696.367429,1592873.4552820001,4055414.8482667003,182495.27501230003,4883755.875911301,29509169.8057583,100,25,3
Z3,24,1,720,17528.0,0.096114,182366.772791,182576.0,1.0,2,6e-05,36473.354558,36473.354558,1592873.4552820001,4055414.8482667003,182495.27501230003,4883755.875911301,29509169.8057583,100,25,3
Z3,25,1,720,23824.0,0.119207,199854.035417,200200.0,1.0,2,6e-05,39970.807083,39970.807083,1592873.4552820001,4055414.8482667003,182495.27501230003,4883755.875911301,29509169.8057583,100,25,3
Z3,26,1,720,11024.0,0.077355,142511.796264,143168.0,1.0,2,6e-05,28502.359253,28502.359253,1592873.4552820001,4055414.8482667003,182495.27501230003,4883755.875911301,29509169.8057583,100,25,3
Z3,27,1,720,15112.0,0.112542,134278.758153,134928.0,1.0,2,6e-05,26855.751631,26855.751631,1592873.4552820001,4055414.8482667003,182495.27501230003,4883755.875911301,29509169.8057583,100,25,3
Z3,28,1,720,24552.0,0.098054,250392.64079,250528.0,1.0,2,6e-05,50078.528158,50078.528158,1592873.4552820001,4055414.8482667003,182495.27501230003,4883755.875911301,29509169.8057583,100,25,3
Z3,29,1,720,10824.0,0.115705,93548.247699,94120.0,1.0,2,6e-05,18709.64954,18709.64954,1592873.4552820001,4055414.8482667003,182495.27501230003,4883755.875911301,29509169.8057583,100,25,3
Z3,30,1,720,6872.0,0.078354,87704.520509,88096.0,1.0,2,6e-05,17540.904102,17540.904102,1592873.4552820001,4055414.8482667003,182495.27501230003,4883755.875911301,29509169.8057583,100,25,3
Z3,31,1,720,6872.0,0.115438,59529.790883,59752.0,1.0,2,6e-05,11905.958177,11905.958177,1592873.4552820001,4055414.8482667003,182495.27501230003,4883755.875911301,29509169.8057583,100,25,3
Z3,32,1,720,6376.0,0.105543,60411.396303,60720.0,1.0,2,6e-05,12082.279261,12082.279261,1592873.4552820001,4055414.8482667003,182495.27501230003,4883755.875911301,29509169.8057583,100,25,3
Z3,33,1,720,6872.0,0.08664,79316.712835,79904.0,1.0,2,6e-05,15863.342567,15863.342567,1592873.4552820001,4055414.8482667003,182495.27501230003,4883755.875911301,29509169.8057583,100,25,3
Z3,34,1,720,6872.0,0.087295,78721.576264,78984.0,1.0,2,6e-05,15744.315253,15744.315253,1592873.4552820001,4055414.8482667003,182495.27501230003,4883755.875911301,29509169.8057583,100,25,3
Z3,35,1,720,6376.0,0.084629,75340.604285,75904.0,1.0,2,6e-05,15068.120857,15068.120857,1592873.4552820001,4055414.8482667003,182495.27501230003,4883755.875911301,29509169.8057583,100,25,3
Z3,36,1,720,6872.0,0.083684,82118.445581,82792.0,1.0,2,6e-05,16423.689116,16423.689116,1592873.4552820001,4055414.8482667003,182495.27501230003,4883755.875911301,29509169.8057583,100,25,3
Z3,37,1,720,6872.0,0.122951,55892.184691,56320.0,1.0,2,6e-05,11178.436938,11178.436938,1592873.4552820001,4055414.8482667003,182495.27501230003,4883755.875911301,29509169.8057583,100,25,3
Z3,38,1,720,6376.0,0.103949,61337.771407,61896.0,1.0,2,6e-05,12267.554281,12267.554281,1592873.4552820001,4055414.8482667003,182495.27501230003,4883755.875911301,29509169.8057583,100,25,3
Z1,0,2,720,9320.0,0.705204,13216.033942,13216.0,1.0,2,6.129849,14910.76107,14910.76107,1592873.4552820001,4055414.8482667003,182495.27501230003,4883755.875911301,29509169.8057583,100,25,3
Z2,0,2,720,6624.0,0.337004,19655.55305,19648.0,1.0,2,6.129849,16198.664891,16198.664891,1592873.4552820001,4055414.8482667003,182495.27501230003,4883755.875911301,29509169.8057583,100,25,3
Z2,1,2,720,5424.0,0.083019,65334.441513,65344.0,1.0,2,6.129849,25334.442584,25334.442584,1592873.4552820001,4055414.8482667003,182495.27501230003,4883755.875911301,29509169.8057583,100,25,3
Z2,2,2,720,7080.0,0.080187,88293.613678,88496.0,1.0,2,6.129849,29926.277017,29926.277017,1592873.4552820001,4055414.8482667003,182495.27501230003,4883755.875911301,29509169.8057583,100,25,3
Z2,3,2,720,18392.0,0.079264,232034.719419,232808.0,1.0,2,6.129849,58674.498165,58674.498165,1592873.4552820001,4055414.8482667003,182495.27501230003,4883755.875911301,29509169.8057583,100,25,3
Z2,4,2,720,9160.0,0.084292,108669.861909,109040.0,1.0,2,6.129849,34001.526663,34001.526663,1592873.4552820001,4055414.8482667003,182495.27501230003,4883755.875911301,29509169.8057583,100,25,3
Z2,5,2,720,8048.0,0.123365,65237.303935,65424.0,1.0,2,6.129849,25315.015069,25315.015069,1592873.4552820001,4055414.8482667003,182495.27501230003,4883755.875911301,29509169.8057583,100,25,3
Z2,6,2,720,6376.0,0.118623,53750.115913,54032.0,1.0,2,6.129849,23017.577464,23017.577464,1592873.4552820001,4055414.8482667003,182495.27501230003,4883755.875911301,29509169.8057583,100,25,3
Z2,7,2,720,6872.0,0.080045,85851.708414,85896.0,1.0,2,6.129849,29437.895964,29437.895964,1592873.4552820001,4055414.8482667003,182495.27501230003,4883755.875911301,29509169.8057583,100,25,3
Z3,0,2,720,7080.0,0.326548,21681.345468,21712.0,1.0,2,6.129849,16603.823375,16603.823375,1592873.4552820001,4055414.8482667003,182495.27501230003,4883755.875911301,29509169.8057583,100,25,3
Z3,1,2,720,7080.0,0.105084,67374.671691,67424.0,1.0,2,6.129849,25742.48862,25742.48862,1592873.4552820001,4055414.8482667003,182495.27501230003,4883755.875911301,29509169.8057583,100,25,3
Z3,2,2,720,5664.0,0.096465,58715.59633,59000.0,1.0,2,6.129849,24010.673547,24010.673547,1592873.4552820001,4055414.8482667003,182495.27501230003,4883755.875911301,29509169.8057583,100,25,3
Z3,3,2,720,7080.0,0.098598,71806.73036,72240.0,1.0,2,6.129849,26628.900353,26628.900353,1592873.4552820001,4055414.8482667003,182495.27501230003,4883755.875911301,29509169.8057583,100,25,3
Z3,4,2,720,7080.0,0.089489,79115.868989,79544.0,1.0,2,6.129849,28090.728079,28090.728079,1592873.4552820001,4055414.8482667003,182495.27501230003,4883755.875911301,29509169.8057583,100,25,3
Z3,5,2,720,5664.0,0.120631,46953.104923,47200.0,1.0,2,6.129849,21658.175266,21658.175266,1592873.4552820001,4055414.8482667003,182495.27501230003,4883755.875911301,29509169.8057583,100,25,3
Z3,6,2,720,7080.0,0.439124,16123.008535,16120.0,1.0,2,6.129849,15492.155988,15492.155988,1592873.4552820001,4055414.8482667003,182495.27501230003,4883755.875911301,29509169.8057583,100,25,3
Z3,7,2,720,7080.0,0.089953,78707.769613,79544.0,1.0,2,6.129849,28009.108204,28009.108204,1592873.4552820001,4055414.8482667003,182495.27501230003,4883755.875911301,29509169.8057583,100,25,3
Z3,8,2,720,5664.0,0.089299,63427.362009,63640.0,1.0,2,6.129849,24953.026683,24953.026683,1592873.4552820001,4055414.8482667003,182495.27501230003,4883755.875911301,29509169.8057583,100,25,3
Z3,9,2,720,7080.0,0.117166,60427.086356,60512.0,1.0,2,6.129849,24352.971553,24352.971553,1592873.4552820001,4055414.8482667003,182495.27501230003,4883755.875911301,29509169.8057583,100,25,3
Z3,10,2,720,12648.0,0.091601,138077.095228,138984.0,1.0,2,6.129849,39882.973327,39882.973327,1592873.4552820001,4055414.8482667003,182495.27501230003,4883755.875911301,29509169.8057583,100,25,3
Z3,11,2,720,17112.0,0.09577,178678.082907,180120.0,1.0,2,6.129849,48003.170863,48003.170863,1592873.4552820001,4055414.8482667003,182495.27501230003,4883755.875911301,29509169.8057583,100,25,3
Z3,12,2,720,15320.0,0.087949,174191.861192,176088.0,1.0,2,6.129849,47105.92652,47105.92652,1592873.4552820001,4055414.8482667003,182495.27501230003,4883755.875911301,29509169.8057583,100,25,3
Z3,13,2,720,10704.0,0.374815,28558.088657,28616.0,1.0,2,6.129849,17979.172013,17979.172013,1592873.4552820001,4055414.8482667003,182495.27501230003,4883755.875911301,29509169.8057583,100,25,3
Z3,14,2,720,18776.0,0.110013,170670.738913,170688.0,1.0,2,6.129849,46401.702064,46401.702064,1592873.4552820001,4055414.8482667003,182495.27501230003,4883755.875911301,29509169.8057583,100,25,3
Z3,15,2,720,21848.0,0.122777,177948.638589,179080.0,1.0,2,6.129849,47857.281999,47857.281999,1592873.4552820001,4055414.8482667003,182495.27501230003,4883755.875911301,29509169.8057583,100,25,3
Z3,16,2,720,12752.0,0.09072,140564.373898,141688.0,1.0,2,6.129849,40380.429061,40380.429061,1592873.4552820001,4055414.8482667003,182495.27501230003,4883755.875911301,29509169.8057583,100,25,3
Z3,17,2,720,21856.0,0.117743,185624.62312,186800.0,1.0,2,6.129849,49392.478905,49392.478905,1592873.4552820001,4055414.8482667003,182495.27501230003,4883755.875911301,29509169.8057583,100,25,3
Z3,18,2,720,16880.0,0.086268,195669.309593,196272.0,1.0,2,6.129849,51401.4162,51401.4162,1592873.4552820001,4055414.8482667003,182495.27501230003,4883755.875911301,29509169.8057583,100,25,3
Z3,19,2,720,12128.0,0.111526,108745.94265,109256.0,1.0,2,6.129849,34016.742811,34016.742811,1592873.4552820001,4055414.8482667003,182495.27501230003,4883755.875911301,29509169.8057583,100,25,3
Z3,20,2,720,15344.0,0.122353,125407.632016,125768.0,1.0,2,6.129849,37349.080685,37349.080685,1592873.4552820001,4055414.8482667003,182495.27501230003,4883755.875911301,29509169.8057583,100,25,3
Z3,21,2,720,11592.0,0.097585,118788.748271,119504.0,1.0,2,6.129849,36025.303936,36025.303936,1592873.4552820001,4055414.8482667003,182495.27501230003,4883755.875911301,29509169.8057583,100,25,3
Z3,22,2,720,9952.0,0.084941,117163.678318,118472.0,1.0,2,6.129849,35700.289945,35700.289945,1592873.4552820001,4055414.8482667003,182495.27501230003,4883755.875911301,29509169.8057583,100,25,3
Z3,23,2,720,11064.0,0.101247,109277.31192,109544.0,1.0,2,6.129849,34123.016665,34123.016665,1592873.4552820001,4055414.8482667003,182495.27501230003,4883755.875911301,29509169.8057583,100,25,3
Z3,24,2,720,14728.0,0.084107,175110.276196,175328.0,1.0,2,6.129849,47289.609521,47289.609521,1592873.4552820001,4055414.8482667003,182495.27501230003,4883755.875911301,29509169.8057583,100,25,3
Z3,25,2,720,16264.0,0.107884,150754.514108,152000.0,1.0,2,6.129849,42418.457103,42418.457103,1592873.4552820001,4055414.8482667003,182495.27501230003,4883755.875911301,29509169.8057583,100,25,3
Z3,26,2,720,9504.0,0.105612,89989.773889,90512.0,1.0,2,6.129849,30265.509059,30265.509059,1592873.4552820001,4055414.8482667003,182495.27501230003,4883755.875911301,29509169.8057583,100,25,3
Z3,27,2,720,12688.0,0.123601,102652.891158,103152.0,1.0,2,6.129849,32798.132513,32798.132513,1592873.4552820001,4055414.8482667003,182495.27501230003,4883755.875911301,29509169.8057583,100,25,3
Z3,28,2,720,17320.0,0.1212,142904.290429,143136.0,1.0,2,6.129849,40848.412367,40848.412367,1592873.4552820001,4055414.8482667003,182495.27501230003,4883755.875911301,29509169.8057583,100,25,3
Z3,29,2,720,10632.0,0.081479,130487.610304,131256.0,1.0,2,6.129849,38365.076342,38365.076342,1592873.4552820001,4055414.8482667003,182495.27501230003,4883755.875911301,29509169.8057583,100,25,3
Z3,30,2,720,6872.0,0.08716,78843.506196,78984.0,1.0,2,6.129849,28036.255521,28036.255521,1592873.4552820001,4055414.8482667003,182495.27501230003,4883755.875911301,29509169.8057583,100,25,3
Z3,31,2,720,6872.0,0.124358,55259.814407,55416.0,1.0,2,6.129849,23319.517163,23319.517163,1592873.4552820001,4055414.8482667003,182495.27501230003,4883755.875911301,29509169.8057583,100,25,3
Z3,32,2,720,6376.0,0.114764,55557.491896,55928.0,1.0,2,6.129849,23379.052661,23379.052661,1592873.4552820001,4055414.8482667003,182495.27501230003,4883755.875911301,29509169.8057583,100,25,3
Z3,33,2,720,6872.0,0.109188,62937.319119,63040.0,1.0,2,6.129849,24855.018105,24855.018105,1592873.4552820001,4055414.8482667003,182495.27501230003,4883755.875911301,29509169.8057583,100,25,3
Z3,34,2,720,6872.0,0.095287,72118.96691,72336.0,1.0,2,6.129849,26691.347664,26691.347664,1592873.4552820001,4055414.8482667003,182495.27501230003,4883755.875911301,29509169.8057583,100,25,3
Z3,35,2,720,6376.0,0.116804,54587.171672,54960.0,1.0,2,6.129849,23184.988616,23184.988616,1592873.4552820001,4055414.8482667003,182495.27501230003,4883755.875911301,29509169.8057583,100,25,3
Z3,36,2,720,6872.0,0.119444,57533.237333,57744.0,1.0,2,6.129849,23774.201748,23774.201748,1592873.4552820001,4055414.8482667003,182495.27501230003,4883755.875911301,29509169.8057583,100,25,3
Z3,37,2,720,6872.0,0.110995,61912.69877,62472.0,1.0,2,6.129849,24650.094035,24650.094035,1592873.4552820001,4055414.8482667003,182495.27501230003,4883755.875911301,29509169.8057583,100,25,3
Z3,38,2,720,6376.0,0.090134,70739.121752,70840.0,1.0,2,6.129849,26415.378632,26415.378632,1592873.4552820001,4055414.8482667003,182495.27501230003,4883755.875911301,29509169.8057583,100,25,3
Z1,0,3,720,12544.0,0.295453,42456.837467,42520.0,1.0,2,12.687793,34906.746125,34906.746125,1592873.4552820001,4055414.8482667003,182495.27501230003,4883755.875911301,29509169.8057583,100,25,3
Z2,0,3,720,7080.0,0.34515,20512.820513,20520.0,1.0,2,12.687793,30517.942734,30517.942734,1592873.4552820001,4055414.8482667003,182495.27501230003,4883755.875911301,29509169.8057583,100,25,3
Z2,1,3,720,5664.0,0.10239,55317.902139,55528.0,1.0,2,12.687793,37478.95906,37478.95906,1592873.4552820001,4055414.8482667003,182495.27501230003,4883755.875911301,29509169.8057583,100,25,3
Z2,2,3,720,7080.0,0.077293,91599.498014,91944.0,1.0,2,12.687793,44735.278235,44735.278235,1592873.4552820001,4055414.8482667003,182495.27501230003,4883755.875911301,29509169.8057583,100,25,3
Z2,3,3,720,18112.0,0.119621,151411.541452,152200.0,1.0,2,12.687793,56697.686922,56697.686922,1592873.4552820001,4055414.8482667003,182495.27501230003,4883755.875911301,29509169.8057583,100,25,3
Z2,4,3,720,15304.0,0.096356,158827.680684,159416.0,1.0,2,12.687793,58180.914769,58180.914769,1592873.4552820001,4055414.8482667003,182495.27501230003,4883755.875911301,29509169.8057583,100,25,3
Z2,5,3,720,17664.0,0.079786,221392.2242,223592.0,1.0,2,12.687793,70693.823472,70693.823472,1592873.4552820001,4055414.8482667003,182495.27501230003,4883755.875911301,29509169.8057583,100,25,3
Z2,6,3,720,10240.0,0.113464,90248.889516,90616.0,1.0,2,12.687793,44465.156535,44465.156535,1592873.4552820001,4055414.8482667003,182495.27501230003,4883755.875911301,29509169.8057583,100,25,3
Z2,7,3,720,8424.0,0.084371,99844.73338,100280.0,1.0,2,12.687793,46384.325308,46384.325308,1592873.4552820001,4055414.8482667003,182495.27501230003,4883755.875911301,29509169.8057583,100,25,3
Z3,0,3,720,6624.0,0.333683,19851.176116,19888.0,1.0,2,12.687793,30385.613855,30385.613855,1592873.4552820001,4055414.8482667003,182495.27501230003,4883755.875911301,29509169.8057583,100,25,3
Z3,1,3,720,5424.0,0.124963,43404.847835,43736.0,1.0,2,12.687793,35096.348199,35096.348199,1592873.4552820001,4055414.8482667003,182495.27501230003,4883755.875911301,29509169.8057583,100,25,3
Z3,2,3,720,7080.0,0.096566,73317.730878,73744.0,1.0,2,12.687793,41078.924808,41078.924808,1592873.4552820001,4055414.8482667003,182495.27501230003,4883755.875911301,29509169.8057583,100,25,3
Z3,3,3,720,7080.0,0.086685,81675.030282,82320.0,1.0,2,12.687793,42750.384688,42750.384688,1592873.4552820001,4055414.8482667003,182495.27501230003,4883755.875911301,29509169.8057583,100,25,3
Z3,4,3,720,5664.0,0.11094,51054.624121,51488.0,1.0,2,12.687793,36626.303456,36626.303456,1592873.4552820001,4055414.8482667003,182495.27501230003,4883755.875911301,29509169.8057583,100,25,3
Z3,5,3,720,7080.0,0.098425,71932.943866,72240.0,1.0,2,12.687793,40801.967405,40801.967405,1592873.4552820001,4055414.8482667003,182495.27501230003,4883755.875911301,29509169.8057583,100,25,3
Z3,6,3,720,7080.0,0.101786,69557.699487,70096.0,1.0,2,12.687793,40326.918529,40326.918529,1592873.4552820001,4055414.8482667003,182495.27501230003,4883755.875911301,29509169.8057583,100,25,3
Z3,7,3,720,5664.0,0.091607,61829.336186,62240.0,1.0,2,12.687793,38781.245869,38781.245869,1592873.4552820001,4055414.8482667003,182495.27501230003,4883755.875911301,29509169.8057583,100,25,3
Z3,8,3,720,7080.0,0.092529,76516.551568,76952.0,1.0,2,12.687793,41718.688945,41718.688945,1592873.4552820001,4055414.8482667003,182495.27501230003,4883755.875911301,29509169.8057583,100,25,3
Z3,9,3,720,7080.0,0.07997,88533.19995,89616.0,1.0,2,12.687793,44122.018622,44122.018622,1592873.4552820001,4055414.8482667003,182495.27501230003,4883755.875911301,29509169.8057583,100,25,3
Z3,10,3,720,14120.0,0.107186,131733.621928,131960.0,1.0,2,12.687793,52762.103017,52762.103017,1592873.4552820001,4055414.8482667003,182495.27501230003,4883755.875911301,29509169.8057583,100,25,3
Z3,11,3,720,17536.0,0.083812,209230.181836,211272.0,1.0,2,12.687793,68261.414999,68261.414999,1592873.4552820001,4055414.8482667003,182495.27501230003,4883755.875911301,29509169.8057583,100,25,3
Z3,12,3,720,16008.0,0.097031,164978.202842,165024.0,1.0,2,12.687793,59411.0192,59411.0192,1592873.4552820001,4055414.8482667003,182495.27501230003,4883755.875911301,29509169.8057583,100,25,3
Z3,13,3,720,10896.0,0.112704,96678.02385,97280.0,1.0,2,12.687793,45750.983402,45750.983402,1592873.4552820001,4055414.8482667003,182495.27501230003,4883755.875911301,29509169.8057583,100,25,3
Z3,14,3,720,19720.0,0.098055,201111.621029,201224.0,1.0,2,12.687793,66637.702838,66637.702838,1592873.4552820001,4055414.8482667003,182495.27501230003,4883755.875911301,29509169.8057583,100,25,3
Z3,15,3,720,20104.0,0.107601,186838.412282,187880.0,1.0,2,12.687793,63783.061088,63783.061088,1592873.4552820001,4055414.8482667003,182495.27501230003,4883755.875911301,29509169.8057583,100,25,3
Z3,16,3,720,12504.0,0.39427,31714.307454,31736.0,1.0,2,12.687793,32758.240123,32758.240123,1592873.4552820001,4055414.8482667003,182495.27501230003,4883755.875911301,29509169.8057583,100,25,3
Z3,17,3,720,23072.0,0.103431,223066.585453,224000.0,1.0,2,12.687793,71028.695722,71028.695722,1592873.4552820001,4055414.8482667003,182495.27501230003,4883755.875911301,29509169.8057583,100,25,3
Z3,18,3,720,18632.0,0.113972,163478.749166,164880.0,1.0,2,12.687793,59111.128465,59111.128465,1592873.4552820001,4055414.8482667003,182495.27501230003,4883755.875911301,29509169.8057583,100,25,3
Z3,19,3,720,9664.0,0.098005,98607.213918,98608.0,1.0,2,12.687793,46136.821415,46136.821415,1592873.4552820001,4055414.8482667003,182495.27501230003,4883755.875911301,29509169.8057583,100,25,3
Z3,20,3,720,12280.0,0.076273,161000.616208,161576.0,1.0,2,12.687793,58615.501873,58615.501873,1592873.4552820001,4055414.8482667003,182495.27501230003,4883755.875911301,29509169.8057583,100,25,3
Z3,21,3,720,10368.0,0.110822,93555.431232,94248.0,1.0,2,12.687793,45126.464878,45126.464878,1592873.4552820001,4055414.8482667003,182495.27501230003,4883755.875911301,29509169.8057583,100,25,3
Z3,22,3,720,10520.0,0.082951,126821.858688,128288.0,1.0,2,12.687793,51779.750369,51779.750369,1592873.4552820001,4055414.8482667003,182495.27501230003,4883755.875911301,29509169.8057583,100,25,3
Z3,23,3,720,15288.0,0.079563,192149.617284,193512.0,1.0,2,12.687793,64845.302089,64845.302089,1592873.4552820001,4055414.8482667003,182495.27501230003,4883755.875911301,29509169.8057583,100,25,3
Z3,24,3,720,16344.0,0.11444,142817.196784,143368.0,1.0,2,12.687793,54978.817989,54978.817989,1592873.4552820001,4055414.8482667003,182495.27501230003,4883755.875911301,29509169.8057583,100,25,3
Z3,25,3,720,9016.0,0.096495,93434.893,93912.0,1.0,2,12.687793,45102.357232,45102.357232,1592873.4552820001,4055414.8482667003,182495.27501230003,4883755.875911301,29509169.8057583,100,25,3
Z3,26,3,720,13800.0,0.08101,170349.339588,170368.0,1.0,2,12.687793,60485.246549,60485.246549,1592873.4552820001,4055414.8482667003,182495.27501230003,4883755.875911301,29509169.8057583,100,25,3
Z3,27,3,720,9896.0,0.109718,90194.863195,90784.0,1.0,2,12.687793,44454.351271,44454.351271,1592873.4552820001,4055414.8482667003,182495.27501230003,4883755.875911301,29509169.8057583,100,25,3
Z3,28,3,720,6376.0,0.115507,55200.117742,55440.0,1.0,2,12.687793,37455.40218,37455.40218,1592873.4552820001,4055414.8482667003,182495.27501230003,4883755.875911301,29509169.8057583,100,25,3
Z3,29,3,720,6872.0,0.099671,68946.835087,69408.0,1.0,2,12.687793,40204.745649,40204.745649,1592873.4552820001,4055414.8482667003,182495.27501230003,4883755.875911301,29509169.8057583,100,25,3
Z3,30,3,720,6872.0,0.076749,89538.62591,90416.0,1.0,2,12.687793,44323.103814,44323.103814,1592873.4552820001,4055414.8482667003,182495.27501230003,4883755.875911301,29509169.8057583,100,25,3
Z3,31,3,720,6376.0,0.077303,82480.628177,82800.0,1.0,2,12.687793,42911.504267,42911.504267,1592873.4552820001,4055414.8482667003,182495.27501230003,4883755.875911301,29509169.8057583,100,25,3
Z3,32,3,720,6872.0,0.109639,62678.426472,63040.0,1.0,2,12.687793,38951.063926,38951.063926,1592873.4552820001,4055414.8482667003,182495.27501230003,4883755.875911301,29509169.8057583,100,25,3
Z3,33,3,720,6872.0,0.12437,55254.482592,55416.0,1.0,2,12.687793,37466.27515,37466.27515,1592873.4552820001,4055414.8482667003,182495.27501230003,4883755.875911301,29509169.8057583,100,25,3
Z3,34,3,720,6376.0,0.081684,78056.902209,78712.0,1.0,2,12.687793,42026.759074,42026.759074,1592873.4552820001,4055414.8482667003,182495.27501230003,4883755.875911301,29509169.8057583,100,25,3
Z3,35,3,720,6872.0,0.125117,54924.590583,54976.0,1.0,2,12.687793,37400.296748,37400.296748,1592873.4552820001,4055414.8482667003,182495.27501230003,4883755.875911301,29509169.8057583,100,25,3
Z3,36,3,720,6872.0,0.078494,87548.092848,88096.0,1.0,2,12.687793,43924.997201,43924.997201,1592873.4552820001,4055414.8482667003,182495.27501230003,4883755.875911301,29509169.8057583,100,25,3
Z3,37,3,720,6376.0,0.122353,52111.513408,52256.0,1.0,2,12.687793,36837.681313,36837.681313,1592873.4552820001,4055414.8482667003,182495.27501230003,4883755.875911301,29509169.8057583,100,25,3
Z3,38,3,720,6872.0,0.116263,59107.368638,59240.0,1.0,2,12.687793,38236.85236,38236.85236,1592873.4552820001,4055414.8482667003,182495.27501230003,4883755.875911301,29509169.8057583,100,25,3
Z1,0,4,720,17272.0,0.357938,48254.166923,48376.0,1.0,2,18.420786,47887.685744,47887.685744,1592873.4552820001,4055414.8482667003,182495.27501230003,4883755.875911301,29509169.8057583,100,25,3
Z2,0,4,720,7296.0,0.368995,19772.625645,19824.0,1.0,2,18.420786,42191.377489,42191.377489,1592873.4552820001,4055414.8482667003,182495.27501230003,4883755.875911301,29509169.8057583,100,25,3
Z2,1,4,720,6648.0,0.125219,53090.984595,53184.0,1.0,2,18.420786,48855.049279,48855.049279,1592873.4552820001,4055414.8482667003,182495.27501230003,4883755.875911301,29509169.8057583,100,25,3
Z2,2,4,720,7200.0,0.118749,60632.089533,61016.0,1.0,2,18.420786,50363.270266,50363.270266,1592873.4552820001,4055414.8482667003,182495.27501230003,4883755.875911301,29509169.8057583,100,25,3
Z2,3,4,720,26248.0,0.111862,234646.260571,236464.0,1.0,2,18.420786,85166.104474,85166.104474,1592873.4552820001,4055414.8482667003,182495.27501230003,4883755.875911301,29509169.8057583,100,25,3
Z2,4,4,720,22592.0,0.108437,208342.17103,209184.0,1.0,2,18.420786,79905.286566,79905.286566,1592873.4552820001,4055414.8482667003,182495.27501230003,4883755.875911301,29509169.8057583,100,25,3
Z2,5,4,720,26808.0,0.114192,234762.505254,235152.0,1.0,2,18.420786,85189.35341,85189.35341,1592873.4552820001,4055414.8482667003,182495.27501230003,4883755.875911301,29509169.8057583,100,25,3
Z2,6,4,720,12720.0,0.085781,148284.585165,149640.0,1.0,2,18.420786,67893.769392,67893.769392,1592873.4552820001,4055414.8482667003,182495.27501230003,4883755.875911301,29509169.8057583,100,25,3
Z2,7,4,720,11496.0,0.088904,129308.017637,130632.0,1.0,2,18.420786,64098.455887,64098.455887,1592873.4552820001,4055414.8482667003,182495.27501230003,4883755.875911301,29509169.8057583,100,25,3
Z3,0,4,720,6624.0,0.491892,13466.370667,13488.0,1.0,2,18.420786,40930.126493,40930.126493,1592873.4552820001,4055414.8482667003,182495.27501230003,4883755.875911301,29509169.8057583,100,25,3
Z3,1,4,720,6448.0,0.099909,64538.730245,65128.0,1.0,2,18.420786,51144.598408,51144.598408,1592873.4552820001,4055414.8482667003,182495.27501230003,4883755.875911301,29509169.8057583,100,25,3
Z3,2,4,720,7448.0,0.116538,63910.484134,64200.0,1.0,2,18.420786,51018.949186,51018.949186,1592873.4552820001,4055414.8482667003,182495.27501230003,4883755.875911301,29509169.8057583,100,25,3
Z3,3,4,720,7424.0,0.116701,63615.564562,64000.0,1.0,2,18.420786,50959.965272,50959.965272,1592873.4552820001,4055414.8482667003,182495.27501230003,4883755.875911301,29509169.8057583,100,25,3
Z3,4,4,720,6648.0,0.125169,53112.192316,53184.0,1.0,2,18.420786,48859.290823,48859.290823,1592873.4552820001,4055414.8482667003,182495.27501230003,4883755.875911301,29509169.8057583,100,25,3
Z3,5,4,720,7224.0,0.091247,79169.726128,79384.0,1.0,2,18.420786,54070.797585,54070.797585,1592873.4552820001,4055414.8482667003,182495.27501230003,4883755.875911301,29509169.8057583,100,25,3
Z3,6,4,720,7240.0,0.094815,76359.225861,77016.0,1.0,2,18.420786,53508.697532,53508.697532,1592873.4552820001,4055414.8482667003,182495.27501230003,4883755.875911301,29509169.8057583,100,25,3
Z3,7,4,720,6648.0,0.087558,75926.814226,76408.0,1.0,2,18.420786,53422.215205,53422.215205,1592873.4552820001,4055414.8482667003,182495.27501230003,4883755.875911301,29509169.8057583,100,25,3
Z3,8,4,720,7232.0,0.087017,83110.196858,83120.0,1.0,2,18.420786,54858.891731,54858.891731,1592873.4552820001,4055414.8482667003,182495.27501230003,4883755.875911301,29509169.8057583,100,25,3
Z3,9,4,720,7296.0,0.082019,88954.998232,88968.0,1.0,2,18.420786,56027.852006,56027.852006,1592873.4552820001,4055414.8482667003,182495.27501230003,4883755.875911301,29509169.8057583,100,25,3
Z3,10,4,720,16456.0,0.096509,170512.59468,171416.0,1.0,2,18.420786,72339.371296,72339.371296,1592873.4552820001,4055414.8482667003,182495.27501230003,4883755.875911301,29509169.8057583,100,25,3
Z3,11,4,720,25392.0,0.126027,201480.635102,201520.0,1.0,2,18.420786,78532.97938,78532.97938,1592873.4552820001,4055414.8482667003,182495.27501230003,4883755.875911301,29509169.8057583,100,25,3
Z3,12,4,720,21592.0,0.125728,171735.810639,172736.0,1.0,2,18.420786,72584.014487,72584.014487,1592873.4552820001,4055414.8482667003,182495.27501230003,4883755.875911301,29509169.8057583,100,25,3
Z3,13,4,720,13528.0,0.119148,113539.463524,113680.0,1.0,2,18.420786,60944.745064,60944.745064,1592873.4552820001,4055414.8482667003,182495.27501230003,4883755.875911301,29509169.8057583,100,25,3
Z3,14,4,720,29512.0,0.090798,325029.185665,327904.0,1.0,2,18.420786,103242.689492,103242.689492,1592873.4552820001,4055414.8482667003,182495.27501230003,4883755.875911301,29509169.8057583,100,25,3
Z3,15,4,720,29688.0,0.117166,253384.087534,253736.0,1.0,2,18.420786,88913.669866,88913.669866,1592873.4552820001,4055414.8482667003,182495.27501230003,4883755.875911301,29509169.8057583,100,25,3
Z3,16,4,720,16760.0,0.100501,166764.509806,167600.0,1.0,2,18.420786,71589.754321,71589.754321,1592873.4552820001,4055414.8482667003,182495.27501230003,4883755.875911301,29509169.8057583,100,25,3
Z3,17,4,720,33128.0,0.099461,333075.275736,334624.0,1.0,2,18.420786,104851.907507,104851.907507,1592873.4552820001,4055414.8482667003,182495.27501230003,4883755.875911301,29509169.8057583,100,25,3
Z3,18,4,720,26240.0,0.121859,215330.833176,216856.0,1.0,2,18.420786,81303.018995,81303.018995,1592873.4552820001,4055414.8482667003,182495.27501230003,4883755.875911301,29509169.8057583,100,25,3
Z3,19,4,720,14624.0,0.125392,116626.260048,116992.0,1.0,2,18.420786,61562.104369,61562.104369,1592873.4552820001,4055414.8482667003,182495.27501230003,4883755.875911301,29509169.8057583,100,25,3
Z3,20,4,720,26816.0,0.115045,233091.399018,233176.0,1.0,2,18.420786,84855.132163,84855.132163,1592873.4552820001,4055414.8482667003,182495.27501230003,4883755.875911301,29509169.8057583,100,25,3
Z3,21,4,720,23128.0,0.116072,199255.634434,199376.0,1.0,2,18.420786,78087.979246,78087.979246,1592873.4552820001,4055414.8482667003,182495.27501230003,4883755.875911301,29509169.8057583,100,25,3
Z3,22,4,720,19440.0,0.122846,158246.910766,159344.0,1.0,2,18.420786,69886.234513,69886.234513,1592873.4552820001,4055414.8482667003,182495.27501230003,4883755.875911301,29509169.8057583,100,25,3
Z3,23,4,720,29088.0,0.124991,232720.755894,234576.0,1.0,2,18.420786,84781.003538,84781.003538,1592873.4552820001,4055414.8482667003,182495.27501230003,4883755.875911301,29509169.8057583,100,25,3
Z3,24,4,720,29840.0,0.095734,311696.993754,314104.0,1.0,2,18.420786,100576.25111,100576.25111,1592873.4552820001,4055414.8482667003,182495.27501230003,4883755.875911301,29509169.8057583,100,25,3
Z3,25,4,720,17200.0,0.103146,166753.921626,166984.0,1.0,2,18.420786,71587.636685,71587.636685,1592873.4552820001,4055414.8482667003,182495.27501230003,4883755.875911301,29509169.8057583,100,25,3
Z3,26,4,720,25664.0,0.099851,257022.964217,259232.0,1.0,2,18.420786,89641.445203,89641.445203,1592873.4552820001,4055414.8482667003,182495.27501230003,4883755.875911301,29509169.8057583,100,25,3
Z3,27,4,720,17472.0,0.108303,161325.171048,161776.0,1.0,2,18.420786,70501.886569,70501.886569,1592873.4552820001,4055414.8482667003,182495.27501230003,4883755.875911301,29509169.8057583,100,25,3
Z3,28,4,720,6448.0,0.102669,62803.767447,63208.0,1.0,2,18.420786,50797.605849,50797.605849,1592873.4552820001,4055414.8482667003,182495.27501230003,4883755.875911301,29509169.8057583,100,25,3
Z3,29,4,720,7200.0,0.084462,85245.435817,85712.0,1.0,2,18.420786,55285.939523,55285.939523,1592873.4552820001,4055414.8482667003,182495.27501230003,4883755.875911301,29509169.8057583,100,25,3
Z3,30,4,720,7520.0,0.417918,17993.960538,18032.0,1.0,2,18.420786,41835.644467,41835.644467,1592873.4552820001,4055414.8482667003,182495.27501230003,4883755.875911301,29509169.8057583,100,25,3
Z3,31,4,720,6728.0,0.122151,55079.368978,55144.0,1.0,2,18.420786,49252.726155,49252.726155,1592873.4552820001,4055414.8482667003,182495.27501230003,4883755.875911301,29509169.8057583,100,25,3
Z3,32,4,720,7224.0,0.105915,68205.636595,68800.0,1.0,2,18.420786,51877.979679,51877.979679,1592873.4552820001,4055414.8482667003,182495.27501230003,4883755.875911301,29509169.8057583,100,25,3
Z3,33,4,720,7256.0,0.08667,83719.856929,84368.0,1.0,2,18.420786,54980.823745,54980.823745,1592873.4552820001,4055414.8482667003,182495.27501230003,4883755.875911301,29509169.8057583,100,25,3
Z3,34,4,720,6544.0,0.105851,61822.750848,62320.0,1.0,2,18.420786,50601.402529,50601.402529,1592873.4552820001,4055414.8482667003,182495.27501230003,4883755.875911301,29509169.8057583,100,25,3
Z3,35,4,720,12272.0,0.112866,108730.70721,109568.0,1.0,2,18.420786,59982.993802,59982.993802,1592873.4552820001,4055414.8482667003,182495.27501230003,4883755.875911301,29509169.8057583,100,25,3
Z3,36,4,720,8544.0,0.079019,108125.893772,108144.0,1.0,2,18.420786,59862.031114,59862.031114,1592873.4552820001,4055414.8482667003,182495.27501230003,4883755.875911301,29509169.8057583,100,25,3
Z3,37,4,720,6424.0,0.741411,8664.559873,8664.0,1.0,2,18.420786,39969.764334,39969.764334,1592873.4552820001,4055414.8482667003,182495.27501230003,4883755.875911301,29509169.8057583,100,25,3
Z3,38,4,720,6872.0,0.125266,54859.259496,54976.0,1.0,2,18.420786,49208.704259,49208.704259,1592873.4552820001,4055414.8482667003,182495.27501230003,4883755.875911301,29509169.8057583,100,25,3
Z1,0,5,720,8792.0,0.311803,28197.291238,28264.0,1.0,2,25.393936,54848.162506,54848.162506,1592873.4552820001,4055414.8482667003,182495.27501230003,4883755.875911301,29509169.8057583,100,25,3
Z2,0,5,720,6624.0,0.351264,18857.611369,18864.0,1.0,2,25.393936,52980.226533,52980.226533,1592873.4552820001,4055414.8482667003,182495.27501230003,4883755.875911301,29509169.8057583,100,25,3
Z2,1,5,720,7616.0,0.106179,71727.931135,71848.0,1.0,2,25.393936,63554.290486,63554.290486,1592873.4552820001,4055414.8482667003,182495.27501230003,4883755.875911301,29509169.8057583,100,25,3
Z2,2,5,720,8816.0,0.085915,102613.04778,103712.0,1.0,2,25.393936,69731.313815,69731.313815,1592873.4552820001,4055414.8482667003,182495.27501230003,4883755.875911301,29509169.8057583,100,25,3
Z2,3,5,720,14976.0,0.11236,133285.866857,133712.0,1.0,2,25.393936,75865.87763,75865.87763,1592873.4552820001,4055414.8482667003,182495.27501230003,4883755.875911301,29509169.8057583,100,25,3
Z2,4,5,720,20272.0,0.105395,192343.090279,193064.0,1.0,2,25.393936,87677.322315,87677.322315,1592873.4552820001,4055414.8482667003,182495.27501230003,4883755.875911301,29509169.8057583,100,25,3
Z2,5,5,720,21272.0,0.107234,198369.919988,198800.0,1.0,2,25.393936,88882.688256,88882.688256,1592873.4552820001,4055414.8482667003,182495.27501230003,4883755.875911301,29509169.8057583,100,25,3
Z2,6,5,720,9680.0,0.094151,102813.565443,102976.0,1.0,2,25.393936,69771.417347,69771.417347,1592873.4552820001,4055414.8482667003,182495.27501230003,4883755.875911301,29509169.8057583,100,25,3
Z2,7,5,720,12888.0,0.104482,123351.39067,123920.0,1.0,2,25.393936,73878.982393,73878.982393,1592873.4552820001,4055414.8482667003,182495.27501230003,4883755.875911301,29509169.8057583,100,25,3
Z3,0,5,720,7712.0,0.36142,21338.055448,21360.0,1.0,2,25.393936,53476.315348,53476.315348,1592873.4552820001,4055414.8482667003,182495.27501230003,4883755.875911301,29509169.8057583,100,25,3
Z3,1,5,720,9624.0,0.099291,96927.213947,97208.0,1.0,2,25.393936,68594.147048,68594.147048,1592873.4552820001,4055414.8482667003,182495.27501230003,4883755.875911301,29509169.8057583,100,25,3
Z3,2,5,720,9096.0,0.078439,115962.722625,116608.0,1.0,2,25.393936,72401.248784,72401.248784,1592873.4552820001,4055414.8482667003,182495.27501230003,4883755.875911301,29509169.8057583,100,25,3
Z3,3,5,720,7632.0,0.123664,61715.616509,62048.0,1.0,2,25.393936,61551.827561,61551.827561,1592873.4552820001,4055414.8482667003,182495.27501230003,4883755.875911301,29509169.8057583,100,25,3
Z3,4,5,720,8304.0,0.09232,89948.006932,90256.0,1.0,2,25.393936,67198.305645,67198.305645,1592873.4552820001,4055414.8482667003,182495.27501230003,4883755.875911301,29509169.8057583,100,25,3
Z3,5,5,720,8504.0,0.103255,82359.207787,82560.0,1.0,2,25.393936,65680.545816,65680.545816,1592873.4552820001,4055414.8482667003,182495.27501230003,4883755.875911301,29509169.8057583,100,25,3
Z3,6,5,720,7384.0,0.090043,82005.264152,82040.0,1.0,2,25.393936,65609.757089,65609.757089,1592873.4552820001,4055414.8482667003,182495.27501230003,4883755.875911301,29509169.8057583,100,25,3
Z3,7,5,720,8968.0,0.121971,73525.674136,74112.0,1.0,2,25.393936,63913.839086,63913.839086,1592873.4552820001,4055414.8482667003,182495.27501230003,4883755.875911301,29509169.8057583,100,25,3
Z3,8,5,720,8912.0,0.07845,113601.019758,114256.0,1.0,2,25.393936,71928.90821,71928.90821,1592873.4552820001,4055414.8482667003,182495.27501230003,4883755.875911301,29509169.8057583,100,25,3
Z3,9,5,720,16688.0,0.114507,145737.815155,146384.0,1.0,2,25.393936,78356.26729,78356.26729,1592873.4552820001,4055414.8482667003,182495.27501230003,4883755.875911301,29509169.8057583,100,25,3
Z3,10,5,720,23832.0,0.112739,211390.911752,212784.0,1.0,2,25.393936,91486.886609,91486.886609,1592873.4552820001,4055414.8482667003,182495.27501230003,4883755.875911301,29509169.8057583,100,25,3
Z3,11,5,720,21144.0,0.105259,200875.934599,201368.0,1.0,2,25.393936,89383.891179,89383.891179,1592873.4552820001,4055414.8482667003,182495.27501230003,4883755.875911301,29509169.8057583,100,25,3
Z3,12,5,720,14272.0,0.112122,127289.916341,127424.0,1.0,2,25.393936,74666.687527,74666.687527,1592873.4552820001,4055414.8482667003,182495.27501230003,4883755.875911301,29509169.8057583,100,25,3
Z3,13,5,720,27640.0,0.110971,249074.082418,251272.0,1.0,2,25.393936,99023.520742,99023.520742,1592873.4552820001,4055414.8482667003,182495.27501230003,4883755.875911301,29509169.8057583,100,25,3
Z3,14,5,720,33288.0,0.117735,282736.654351,284512.0,1.0,2,25.393936,105756.035129,105756.035129,1592873.4552820001,4055414.8482667003,182495.27501230003,4883755.875911301,29509169.8057583,100,25,3
Z3,15,5,720,17576.0,0.121141,145087.129873,145256.0,1.0,2,25.393936,78226.130233,78226.130233,1592873.4552820001,4055414.8482667003,182495.27501230003,4883755.875911301,29509169.8057583,100,25,3
Z3,16,5,720,34872.0,0.12476,279512.664315,281224.0,1.0,2,25.393936,105111.237122,105111.237122,1592873.4552820001,4055414.8482667003,182495.27501230003,4883755.875911301,29509169.8057583,100,25,3
Z3,17,5,720,27336.0,0.092675,294966.280011,297128.0,1.0,2,25.393936,108201.960261,108201.960261,1592873.4552820001,4055414.8482667003,182495.27501230003,4883755.875911301,29509169.8057583,100,25,3
Z3,18,5,720,25312.0,0.123389,205139.842287,205784.0,1.0,2,25.393936,90236.672716,90236.672716,1592873.4552820001,4055414.8482667003,182495.27501230003,4883755.875911301,29509169.8057583,100,25,3
Z3,19,5,720,18312.0,0.084642,216346.494648,218000.0,1.0,2,25.393936,92478.003188,92478.003188,1592873.4552820001,4055414.8482667003,182495.27501230003,4883755.875911301,29509169.8057583,100,25,3
Z3,20,5,720,41432.0,0.12525,330794.411178,331456.0,1.0,2,25.393936,115367.586494,115367.586494,1592873.4552820001,4055414.8482667003,182495.27501230003,4883755.875911301,29509169.8057583,100,25,3
Z3,21,5,720,36760.0,0.099639,368931.843957,371312.0,1.0,2,25.393936,122995.07305,122995.07305,1592873.4552820001,4055414.8482667003,182495.27501230003,4883755.875911301,29509169.8057583,100,25,3
Z3,22,5,720,21272.0,0.124256,171194.952356,171544.0,1.0,2,25.393936,83447.69473,83447.69473,1592873.4552820001,4055414.8482667003,182495.27501230003,4883755.875911301,29509169.8057583,100,25,3
Z3,23,5,720,43464.0,0.115597,375995.916849,377944.0,1.0,2,25.393936,124407.887628,124407.887628,1592873.4552820001,4055414.8482667003,182495.27501230003,4883755.875911301,29509169.8057583,100,25,3
Z3,24,5,720,42000.0,0.104741,400989.106463,403840.0,1.0,2,25.393936,129406.525551,129406.525551,1592873.4552820001,4055414.8482667003,182495.27501230003,4883755.875911301,29509169.8057583,100,25,3
Z3,25,5,720,20304.0,0.119948,169273.351786,170616.0,1.0,2,25.393936,83063.374616,83063.374616,1592873.4552820001,4055414.8482667003,182495.27501230003,4883755.875911301,29509169.8057583,100,25,3
Z3,26,5,720,32736.0,0.125452,260944.424959,261888.0,1.0,2,25.393936,101397.589251,101397.589251,1592873.4552820001,4055414.8482667003,182495.27501230003,4883755.875911301,29509169.8057583,100,25,3
Z3,27,5,720,34608.0,0.094797,365074.844141,368168.0,1.0,2,25.393936,122223.673087,122223.673087,1592873.4552820001,4055414.8482667003,182495.27501230003,4883755.875911301,29509169.8057583,100,25,3
Z3,28,5,720,13208.0,0.117661,112254.697818,112888.0,1.0,2,25.393936,71659.643822,71659.643822,1592873.4552820001,4055414.8482667003,182495.27501230003,4883755.875911301,29509169.8057583,100,25,3
Z3,29,5,720,16320.0,0.079949,204130.13296,206576.0,1.0,2,25.393936,90034.730851,90034.730851,1592873.4552820001,4055414.8482667003,182495.27501230003,4883755.875911301,29509169.8057583,100,25,3
Z3,30,5,720,8752.0,0.122273,71577.535515,71736.0,1.0,2,25.393936,63524.211362,63524.211362,1592873.4552820001,4055414.8482667003,182495.27501230003,4883755.875911301,29509169.8057583,100,25,3
Z3,31,5,720,12760.0,0.088133,144781.182985,145000.0,1.0,2,25.393936,78164.940856,78164.940856,1592873.4552820001,4055414.8482667003,182495.27501230003,4883755.875911301,29509169.8057583,100,25,3
Z3,32,5,720,15440.0,0.107301,143894.278711,144296.0,1.0,2,25.393936,77987.560001,77987.560001,1592873.4552820001,4055414.8482667003,182495.27501230003,4883755.875911301,29509169.8057583,100,25,3
Z3,33,5,720,10000.0,0.093363,107108.811842,107520.0,1.0,2,25.393936,70630.466627,70630.466627,1592873.4552820001,4055414.8482667003,182495.27501230003,4883755.875911301,29509169.8057583,100,25,3
Z3,34,5,720,15200.0,0.119005,127725.72581,127728.0,1.0,2,25.393936,74753.849421,74753.849421,1592873.4552820001,4055414.8482667003,182495.27501230003,4883755.875911301,29509169.8057583,100,25,3
Z3,35,5,720,18352.0,0.114776,159894.054506,160976.0,1.0,2,25.393936,81187.51516,81187.51516,1592873.4552820001,4055414.8482667003,182495.27501230003,4883755.875911301,29509169.8057583,100,25,3
Z3,36,5,720,11224.0,0.124312,90288.950383,90512.0,1.0,2,25.393936,67266.494335,67266.494335,1592873.4552820001,4055414.8482667003,182495.27501230003,4883755.875911301,29509169.8057583,100,25,3
Z3,37,5,720,23240.0,0.124914,186048.001025,187416.0,1.0,2,25.393936,86418.304464,86418.304464,1592873.4552820001,4055414.8482667003,182495.27501230003,4883755.875911301,29509169.8057583,100,25,3
Z3,38,5,720,16824.0,0.097716,172172.418028,173440.0,1.0,2,25.393936,83643.187864,83643.187864,1592873.4552820001,4055414.8482667003,182495.27501230003,4883755.875911301,29509169.8057583,100,25,3
Z1,0,6,720,7488.0,0.347303,21560.424183,21576.0,1.0,2,31.248049,75687.718419,75687.718419,1592873.4552820001,4055414.8482667003,182495.27501230003,4883755.875911301,29509169.8057583,100,25,3
Z2,0,6,720,6624.0,0.341302,19408.031597,19424.0,1.0,2,31.248049,75257.239902,75257.239902,1592873.4552820001,4055414.8482667003,182495.27501230003,4883755.875911301,29509169.8057583,100,25,3
Z2,1,6,720,6768.0,0.109292,61925.850016,62088.0,1.0,2,31.248049,83760.803586,83760.803586,1592873.4552820001,4055414.8482667003,182495.27501230003,4883755.875911301,29509169.8057583,100,25,3
Z2,2,6,720,7752.0,0.093721,82713.586069,83352.0,1.0,2,31.248049,87918.350797,87918.350797,1592873.4552820001,4055414.8482667003,182495.27501230003,4883755.875911301,29509169.8057583,100,25,3
Z2,3,6,720,10768.0,0.114539,94011.646688,94456.0,1.0,2,31.248049,90177.96292,90177.96292,1592873.4552820001,4055414.8482667003,182495.27501230003,4883755.875911301,29509169.8057583,100,25,3
Z2,4,6,720,14912.0,0.106875,139527.48538,140672.0,1.0,2,31.248049,99281.130659,99281.130659,1592873.4552820001,4055414.8482667003,182495.27501230003,4883755.875911301,29509169.8057583,100,25,3
Z2,5,6,720,14376.0,0.122229,117615.295879,117832.0,1.0,2,31.248049,94898.692759,94898.692759,1592873.4552820001,4055414.8482667003,182495.27501230003,4883755.875911301,29509169.8057583,100,25,3
Z2,6,6,720,7176.0,0.088949,80675.443232,81544.0,1.0,2,31.248049,87510.722229,87510.722229,1592873.4552820001,4055414.8482667003,182495.27501230003,4883755.875911301,29509169.8057583,100,25,3
Z2,7,6,720,8768.0,0.114629,76490.242434,76912.0,1.0,2,31.248049,86673.68207,86673.68207,1592873.4552820001,4055414.8482667003,182495.27501230003,4883755.875911301,29509169.8057583,100,25,3
Z3,0,6,720,6760.0,0.338018,19998.934968,20000.0,1.0,2,31.248049,75375.420576,75375.420576,1592873.4552820001,4055414.8482667003,182495.27501230003,4883755.875911301,29509169.8057583,100,25,3
Z3,1,6,720,8320.0,0.412573,20166.128176,20192.0,1.0,2,31.248049,75408.859218,75408.859218,1592873.4552820001,4055414.8482667003,182495.27501230003,4883755.875911301,29509169.8057583,100,25,3
Z3,2,6,720,7800.0,0.123722,63044.56766,63408.0,1.0,2,31.248049,83984.547115,83984.547115,1592873.4552820001,4055414.8482667003,182495.27501230003,4883755.875911301,29509169.8057583,100,25,3
Z3,3,6,720,6928.0,0.076833,90169.588588,91152.0,1.0,2,31.248049,89409.5513,89409.5513,1592873.4552820001,4055414.8482667003,182495.27501230003,4883755.875911301,29509169.8057583,100,25,3
Z3,4,6,720,7472.0,0.12207,61210.7807,61240.0,1.0,2,31.248049,83617.789723,83617.789723,1592873.4552820001,4055414.8482667003,182495.27501230003,4883755.875911301,29509169.8057583,100,25,3
Z3,5,6,720,7416.0,0.125867,58919.335489,59328.0,1.0,2,31.248049,83159.500681,83159.500681,1592873.4552820001,4055414.8482667003,182495.27501230003,4883755.875911301,29509169.8057583,100,25,3
Z3,6,6,720,6760.0,0.078928,85647.678897,86664.0,1.0,2,31.248049,88505.169362,88505.169362,1592873.4552820001,4055414.8482667003,182495.27501230003,4883755.875911301,29509169.8057583,100,25,3
Z3,7,6,720,7600.0,0.080544,94358.363131,95000.0,1.0,2,31.248049,90247.306209,90247.306209,1592873.4552820001,4055414.8482667003,182495.27501230003,4883755.875911301,29509169.8057583,100,25,3
Z3,8,6,720,7600.0,0.09706,78302.081187,78344.0,1.0,2,31.248049,87036.04982,87036.04982,1592873.4552820001,4055414.8482667003,182495.27501230003,4883755.875911301,29509169.8057583,100,25,3
Z3,9,6,720,12912.0,0.08228,156927.564414,157456.0,1.0,2,31.248049,102761.146466,102761.146466,1592873.4552820001,4055414.8482667003,182495.27501230003,4883755.875911301,29509169.8057583,100,25,3
Z3,10,6,720,17552.0,0.093687,187347.230672,188728.0,1.0,2,31.248049,108845.079717,108845.079717,1592873.4552820001,4055414.8482667003,182495.27501230003,4883755.875911301,29509169.8057583,100,25,3
Z3,11,6,720,14968.0,0.091126,164256.084981,164480.0,1.0,2,31.248049,104226.850579,104226.850579,1592873.4552820001,4055414.8482667003,182495.27501230003,4883755.875911301,29509169.8057583,100,25,3
Z3,12,6,720,10336.0,0.088541,116736.87896,117448.0,1.0,2,31.248049,94723.009375,94723.009375,1592873.4552820001,4055414.8482667003,182495.27501230003,4883755.875911301,29509169.8057583,100,25,3
Z3,13,6,720,18344.0,0.122505,149740.826905,150360.0,1.0,2,31.248049,101323.798964,101323.798964,1592873.4552820001,4055414.8482667003,182495.27501230003,4883755.875911301,29509169.8057583,100,25,3
Z3,14,6,720,20456.0,0.353862,57807.845996,57944.0,1.0,2,31.248049,82937.202782,82937.202782,1592873.4552820001,4055414.8482667003,182495.27501230003,4883755.875911301,29509169.8057583,100,25,3
Z3,15,6,720,12480.0,0.085948,145204.076884,146816.0,1.0,2,31.248049,100416.44896,100416.44896,1592873.4552820001,4055414.8482667003,182495.27501230003,4883755.875911301,29509169.8057583,100,25,3
Z3,16,6,720,18912.0,0.089845,210495.853971,212488.0,1.0,2,31.248049,113474.804377,113474.804377,1592873.4552820001,4055414.8482667003,182495.27501230003,4883755.875911301,29509169.8057583,100,25,3
Z3,17,6,720,16112.0,0.10191,158100.284565,159520.0,1.0,2,31.248049,102995.690496,102995.690496,1592873.4552820001,4055414.8482667003,182495.27501230003,4883755.875911301,29509169.8057583,100,25,3
Z3,18,6,720,17456.0,0.106231,164321.149194,164672.0,1.0,2,31.248049,104239.863422,104239.863422,1592873.4552820001,4055414.8482667003,182495.27501230003,4883755.875911301,29509169.8057583,100,25,3
Z3,19,6,720,16088.0,0.10364,155229.641065,156192.0,1.0,2,31.248049,102421.561796,102421.561796,1592873.4552820001,4055414.8482667003,182495.27501230003,4883755.875911301,29509169.8057583,100,25,3
Z3,20,6,720,31984.0,0.110274,290041.170176,290760.0,1.0,2,31.248049,129383.867618,129383.867618,1592873.4552820001,4055414.8482667003,182495.27501230003,4883755.875911301,29509169.8057583,100,25,3
Z3,21,6,720,21472.0,0.099527,215740.45234,216888.0,1.0,2,31.248049,114523.724051,114523.724051,1592873.4552820001,4055414.8482667003,182495.27501230003,4883755.875911301,29509169.8057583,100,25,3
Z3,22,6,720,19320.0,0.092056,209872.251673,210000.0,1.0,2,31.248049,113350.083917,113350.083917,1592873.4552820001,4055414.8482667003,182495.27501230003,4883755.875911301,29509169.8057583,100,25,3
Z3,23,6,720,33040.0,0.123431,267679.918335,268616.0,1.0,2,31.248049,124911.61725,124911.61725,1592873.4552820001,4055414.8482667003,182495.27501230003,4883755.875911301,29509169.8057583,100,25,3
Z3,24,6,720,26472.0,0.115127,229937.373509,230184.0,1.0,2,31.248049,117363.108285,117363.108285,1592873.4552820001,4055414.8482667003,182495.27501230003,4883755.875911301,29509169.8057583,100,25,3
Z3,25,6,720,12984.0,0.092052,141050.710468,141128.0,1.0,2,31.248049,99585.775676,99585.775676,1592873.4552820001,4055414.8482667003,182495.27501230003,4883755.875911301,29509169.8057583,100,25,3
Z3,26,6,720,21128.0,0.09994,211406.844106,213408.0,1.0,2,31.248049,113657.002404,113657.002404,1592873.4552820001,4055414.8482667003,182495.27501230003,4883755.875911301,29509169.8057583,100,25,3
Z3,27,6,720,21576.0,0.120366,179253.277504,179800.0,1.0,2,31.248049,107226.289084,107226.289084,1592873.4552820001,4055414.8482667003,182495.27501230003,4883755.875911301,29509169.8057583,100,25,3
Z3,28,6,720,9568.0,0.108322,88329.240597,88592.0,1.0,2,31.248049,89041.481702,89041.481702,1592873.4552820001,4055414.8482667003,182495.27501230003,4883755.875911301,29509169.8057583,100,25,3
Z3,29,6,720,12800.0,0.103767,123353.281872,124264.0,1.0,2,31.248049,96046.289957,96046.289957,1592873.4552820001,4055414.8482667003,182495.27501230003,4883755.875911301,29509169.8057583,100,25,3
Z3,30,6,720,7048.0,0.088297,79821.51149,80088.0,1.0,2,31.248049,87339.935881,87339.935881,1592873.4552820001,4055414.8482667003,182495.27501230003,4883755.875911301,29509169.8057583,100,25,3
Z3,31,6,720,8656.0,0.119441,72470.927069,72736.0,1.0,2,31.248049,85869.818997,85869.818997,1592873.4552820001,4055414.8482667003,182495.27501230003,4883755.875911301,29509169.8057583,100,25,3
Z3,32,6,720,9488.0,0.105234,90160.97459,90360.0,1.0,2,31.248049,89407.828501,89407.828501,1592873.4552820001,4055414.8482667003,182495.27501230003,4883755.875911301,29509169.8057583,100,25,3
Z3,33,6,720,8424.0,0.425624,19792.116986,19816.0,1.0,2,31.248049,75334.05698,75334.05698,1592873.4552820001,4055414.8482667003,182495.27501230003,4883755.875911301,29509169.8057583,100,25,3
Z3,34,6,720,9328.0,0.557009,16746.587578,16744.0,1.0,2,31.248049,74724.951098,74724.951098,1592873.4552820001,4055414.8482667003,182495.27501230003,4883755.875911301,29509169.8057583,100,25,3
Z3,35,6,720,8680.0,0.098108,88473.926693,88568.0,1.0,2,31.248049,89070.418921,89070.418921,1592873.4552820001,4055414.8482667003,182495.27501230003,4883755.875911301,29509169.8057583,100,25,3
Z3,36,6,720,7160.0,0.11272,63520.227111,63928.0,1.0,2,31.248049,84079.679005,84079.679005,1592873.4552820001,4055414.8482667003,182495.27501230003,4883755.875911301,29509169.8057583,100,25,3
Z3,37,6,720,10360.0,0.111667,92775.84246,93328.0,1.0,2,31.248049,89930.802075,89930.802075,1592873.4552820001,4055414.8482667003,182495.27501230003,4883755.875911301,29509169.8057583,100,25,3
Z3,38,6,720,9048.0,0.091687,98683.564737,99424.0,1.0,2,31.248049,91112.34653,91112.34653,1592873.4552820001,4055414.8482667003,182495.27501230003,4883755.875911301,29509169.8057583,100,25,3
