Zone, Tile_no, Seg_no, Reso, Seg_d_size, Seg_d_time, Bitrate, Bitrate1, Buf_lev, Buf_limit, Elapsed, Ref_vp, Local_avg
Z1, 0, 1, 720, 9960.000000, 0.172895, 57607.218254, 57904.000000, 1.000000, 2, 0.000066, 57607.218254, 57607.218254
Z2, 0, 1, 720, 8952.000000, 0.478946, 18691.042414, 18728.000000, 1.000000, 2, 0.000066, 9345.521207, 9345.521207
Z2, 1, 1, 720, 5424.000000, 0.050963, 106430.155211, 108480.000000, 1.000000, 2, 0.000066, 35476.718404, 35476.718404
Z2, 2, 1, 720, 7080.000000, 0.050967, 138913.414562, 141600.000000, 1.000000, 2, 0.000066, 34728.353641, 34728.353641
Z2, 3, 1, 720, 18976.000000, 0.051115, 371241.318595, 372072.000000, 1.000000, 2, 0.000066, 74248.263719, 74248.263719
Z2, 4, 1, 720, 8720.000000, 0.050781, 171717.768457, 174400.000000, 1.000000, 2, 0.000066, 34343.553691, 34343.553691
Z2, 5, 1, 720, 8336.000000, 0.051027, 163364.493307, 163448.000000, 1.000000, 2, 0.000066, 32672.898661, 32672.898661
Z2, 6, 1, 720, 6376.000000, 0.050898, 125270.148139, 127520.000000, 1.000000, 2, 0.000066, 25054.029628, 25054.029628
Z2, 7, 1, 720, 6872.000000, 0.050911, 134980.652511, 137440.000000, 1.000000, 2, 0.000066, 26996.130502, 26996.130502
Z3, 0, 1, 720, 7080.000000, 0.173719, 40755.472919, 40920.000000, 1.000000, 2, 0.000066, 8151.094584, 8151.094584
Z3, 1, 1, 720, 7080.000000, 0.050754, 139496.394373, 141600.000000, 1.000000, 2, 0.000066, 27899.278875, 27899.278875
Z3, 2, 1, 720, 5664.000000, 0.050900, 111277.013752, 113280.000000, 1.000000, 2, 0.000066, 22255.402750, 22255.402750
Z3, 3, 1, 720, 7080.000000, 0.050843, 139252.207777, 141600.000000, 1.000000, 2, 0.000066, 27850.441555, 27850.441555
Z3, 4, 1, 720, 7080.000000, 0.050813, 139334.422294, 141600.000000, 1.000000, 2, 0.000066, 27866.884459, 27866.884459
Z3, 5, 1, 720, 5664.000000, 0.050830, 111430.257722, 113280.000000, 1.000000, 2, 0.000066, 22286.051544, 22286.051544
Z3, 6, 1, 720, 7080.000000, 0.050712, 139611.926171, 141600.000000, 1.000000, 2, 0.000066, 27922.385234, 27922.385234
Z3, 7, 1, 720, 7080.000000, 0.052298, 135378.025928, 136152.000000, 1.000000, 2, 0.000066, 27075.605186, 27075.605186
Z3, 8, 1, 720, 5664.000000, 0.050886, 111307.628817, 113280.000000, 1.000000, 2, 0.000066, 22261.525763, 22261.525763
Z3, 9, 1, 720, 7080.000000, 0.050820, 139315.230224, 141600.000000, 1.000000, 2, 0.000066, 27863.046045, 27863.046045
Z3, 10, 1, 720, 12904.000000, 0.050884, 253596.415376, 258080.000000, 1.000000, 2, 0.000066, 50719.283075, 50719.283075
Z3, 11, 1, 720, 17344.000000, 0.050951, 340405.487625, 346880.000000, 1.000000, 2, 0.000066, 68081.097525, 68081.097525
Z3, 12, 1, 720, 16912.000000, 0.050936, 332024.501335, 338240.000000, 1.000000, 2, 0.000066, 66404.900267, 66404.900267
Z3, 13, 1, 720, 13240.000000, 0.050884, 260199.669837, 264800.000000, 1.000000, 2, 0.000066, 52039.933967, 52039.933967
Z3, 14, 1, 720, 28328.000000, 0.050979, 555679.789717, 566560.000000, 1.000000, 2, 0.000066, 111135.957943, 111135.957943
Z3, 15, 1, 720, 30528.000000, 0.050949, 599187.422717, 610560.000000, 1.000000, 2, 0.000066, 119837.484543, 119837.484543
Z3, 16, 1, 720, 16360.000000, 0.050914, 321326.157835, 327200.000000, 1.000000, 2, 0.000066, 64265.231567, 64265.231567
Z3, 17, 1, 720, 33216.000000, 0.050945, 651997.251938, 664320.000000, 1.000000, 2, 0.000066, 130399.450388, 130399.450388
Z3, 18, 1, 720, 28000.000000, 0.050937, 549698.647349, 560000.000000, 1.000000, 2, 0.000066, 109939.729470, 109939.729470
Z3, 19, 1, 720, 15744.000000, 0.050991, 308760.369477, 314880.000000, 1.000000, 2, 0.000066, 61752.073895, 61752.073895
Z3, 20, 1, 720, 16024.000000, 0.051013, 314116.009645, 314192.000000, 1.000000, 2, 0.000066, 62823.201929, 62823.201929
Z3, 21, 1, 720, 11576.000000, 0.050820, 227784.336875, 231520.000000, 1.000000, 2, 0.000066, 45556.867375, 45556.867375
Z3, 22, 1, 720, 10816.000000, 0.050812, 212863.103204, 216320.000000, 1.000000, 2, 0.000066, 42572.620641, 42572.620641
Z3, 23, 1, 720, 13224.000000, 0.050838, 260120.382391, 264480.000000, 1.000000, 2, 0.000066, 52024.076478, 52024.076478
Z3, 24, 1, 720, 17528.000000, 0.050861, 344625.548062, 350560.000000, 1.000000, 2, 0.000066, 68925.109612, 68925.109612
Z3, 25, 1, 720, 23824.000000, 0.050909, 467972.264236, 476480.000000, 1.000000, 2, 0.000066, 93594.452847, 93594.452847
Z3, 26, 1, 720, 11024.000000, 0.050810, 216965.164338, 220480.000000, 1.000000, 2, 0.000066, 43393.032868, 43393.032868
Z3, 27, 1, 720, 15112.000000, 0.050769, 297661.959070, 302240.000000, 1.000000, 2, 0.000066, 59532.391814, 59532.391814
Z3, 28, 1, 720, 24552.000000, 0.050874, 482604.080670, 491040.000000, 1.000000, 2, 0.000066, 96520.816134, 96520.816134
Z3, 29, 1, 720, 10824.000000, 0.215845, 50147.096296, 50344.000000, 1.000000, 2, 0.000066, 10029.419259, 10029.419259
Z3, 30, 1, 720, 6872.000000, 0.050832, 135190.431224, 137440.000000, 1.000000, 2, 0.000066, 27038.086245, 27038.086245
Z3, 31, 1, 720, 6872.000000, 0.050787, 135310.217182, 137440.000000, 1.000000, 2, 0.000066, 27062.043436, 27062.043436
Z3, 32, 1, 720, 6376.000000, 0.050770, 125585.975970, 127520.000000, 1.000000, 2, 0.000066, 25117.195194, 25117.195194
Z3, 33, 1, 720, 6872.000000, 0.050899, 135012.475687, 137440.000000, 1.000000, 2, 0.000066, 27002.495137, 27002.495137
Z3, 34, 1, 720, 6872.000000, 0.050839, 135171.816912, 137440.000000, 1.000000, 2, 0.000066, 27034.363382, 27034.363382
Z3, 35, 1, 720, 6376.000000, 0.050946, 125152.121855, 127520.000000, 1.000000, 2, 0.000066, 25030.424371, 25030.424371
Z3, 36, 1, 720, 6872.000000, 0.050931, 134927.647209, 137440.000000, 1.000000, 2, 0.000066, 26985.529442, 26985.529442
Z3, 37, 1, 720, 6872.000000, 0.050828, 135201.070276, 137440.000000, 1.000000, 2, 0.000066, 27040.214055, 27040.214055
Z3, 38, 1, 720, 6376.000000, 0.050985, 125056.389134, 127520.000000, 1.000000, 2, 0.000066, 25011.277827, 25011.277827
Z1, 0, 2, 720, 9320.000000, 0.172572, 54006.443687, 54184.000000, 1.000000, 2, 3.288279, 35812.566564, 35812.566564
Z2, 0, 2, 720, 6624.000000, 0.250686, 26423.493933, 26496.000000, 1.000000, 2, 3.288279, 30295.976613, 30295.976613
Z2, 1, 2, 720, 5424.000000, 0.050928, 106503.298775, 108480.000000, 1.000000, 2, 3.288279, 46311.937582, 46311.937582
Z2, 2, 2, 720, 7080.000000, 0.312977, 22621.470587, 22688.000000, 1.000000, 2, 3.288279, 29535.571944, 29535.571944
Z2, 3, 2, 720, 18392.000000, 0.051018, 360500.215610, 360624.000000, 1.000000, 2, 3.288279, 97111.320949, 97111.320949
Z2, 4, 2, 720, 9160.000000, 0.050955, 179766.460602, 183200.000000, 1.000000, 2, 3.288279, 60964.569947, 60964.569947
Z2, 5, 2, 720, 8048.000000, 0.050977, 157875.120152, 160960.000000, 1.000000, 2, 3.288279, 56586.301857, 56586.301857
Z2, 6, 2, 720, 6376.000000, 0.050974, 125083.375839, 127520.000000, 1.000000, 2, 3.288279, 50027.952995, 50027.952995
Z2, 7, 2, 720, 6872.000000, 0.051001, 134742.456030, 134744.000000, 1.000000, 2, 3.288279, 51959.769033, 51959.769033
Z3, 0, 2, 720, 7080.000000, 0.172515, 41039.909573, 41160.000000, 1.000000, 2, 3.288279, 33219.259741, 33219.259741
Z3, 1, 2, 720, 7080.000000, 0.050962, 138927.043680, 141600.000000, 1.000000, 2, 3.288279, 52796.686563, 52796.686563
Z3, 2, 2, 720, 5664.000000, 0.050991, 111078.425605, 113280.000000, 1.000000, 2, 3.288279, 47226.962948, 47226.962948
Z3, 3, 2, 720, 7080.000000, 0.304569, 23245.963969, 23288.000000, 1.000000, 2, 3.288279, 29660.470621, 29660.470621
Z3, 4, 2, 720, 7080.000000, 0.050946, 138970.674832, 141600.000000, 1.000000, 2, 3.288279, 52805.412793, 52805.412793
Z3, 5, 2, 720, 5664.000000, 0.050961, 111143.815859, 113280.000000, 1.000000, 2, 3.288279, 47240.040999, 47240.040999
Z3, 6, 2, 720, 7080.000000, 0.050986, 138861.648296, 141600.000000, 1.000000, 2, 3.288279, 52783.607486, 52783.607486
Z3, 7, 2, 720, 7080.000000, 0.051003, 138815.363802, 138816.000000, 1.000000, 2, 3.288279, 52774.350587, 52774.350587
Z3, 8, 2, 720, 5664.000000, 0.050990, 111080.604040, 113280.000000, 1.000000, 2, 3.288279, 47227.398635, 47227.398635
Z3, 9, 2, 720, 7080.000000, 0.050991, 138848.032006, 141600.000000, 1.000000, 2, 3.288279, 52780.884228, 52780.884228
Z3, 10, 2, 720, 12648.000000, 0.050994, 248029.179904, 252960.000000, 1.000000, 2, 3.288279, 74617.113808, 74617.113808
Z3, 11, 2, 720, 17112.000000, 0.051085, 334971.126554, 335528.000000, 1.000000, 2, 3.288279, 92005.503138, 92005.503138
Z3, 12, 2, 720, 15320.000000, 0.051019, 300280.287736, 300392.000000, 1.000000, 2, 3.288279, 85067.335374, 85067.335374
Z3, 13, 2, 720, 10704.000000, 0.051050, 209676.787463, 209880.000000, 1.000000, 2, 3.288279, 66946.635319, 66946.635319
Z3, 14, 2, 720, 18776.000000, 0.051056, 367753.055469, 368152.000000, 1.000000, 2, 3.288279, 98561.888921, 98561.888921
Z3, 15, 2, 720, 21848.000000, 0.051110, 427470.162395, 428392.000000, 1.000000, 2, 3.288279, 110505.310306, 110505.310306
Z3, 16, 2, 720, 12752.000000, 0.051053, 249779.640765, 250032.000000, 1.000000, 2, 3.288279, 74967.205980, 74967.205980
Z3, 17, 2, 720, 21856.000000, 0.051098, 427727.112607, 428544.000000, 1.000000, 2, 3.288279, 110556.700348, 110556.700348
Z3, 18, 2, 720, 16880.000000, 0.051078, 330474.959865, 330976.000000, 1.000000, 2, 3.288279, 91106.269800, 91106.269800
Z3, 19, 2, 720, 12128.000000, 0.051060, 237524.481003, 237800.000000, 1.000000, 2, 3.288279, 72516.174027, 72516.174027
Z3, 20, 2, 720, 15344.000000, 0.213731, 71791.176760, 72032.000000, 1.000000, 2, 3.288279, 39369.513179, 39369.513179
Z3, 21, 2, 720, 11592.000000, 0.051005, 227271.836095, 227288.000000, 1.000000, 2, 3.288279, 70465.645046, 70465.645046
Z3, 22, 2, 720, 9952.000000, 0.050932, 195397.785282, 199040.000000, 1.000000, 2, 3.288279, 64090.834883, 64090.834883
Z3, 23, 2, 720, 11064.000000, 0.050984, 217009.257806, 221280.000000, 1.000000, 2, 3.288279, 68413.129388, 68413.129388
Z3, 24, 2, 720, 14728.000000, 0.051087, 288292.520602, 288784.000000, 1.000000, 2, 3.288279, 82669.781947, 82669.781947
Z3, 25, 2, 720, 16264.000000, 0.051042, 318639.551742, 318896.000000, 1.000000, 2, 3.288279, 88739.188175, 88739.188175
Z3, 26, 2, 720, 9504.000000, 0.051051, 186166.774402, 186352.000000, 1.000000, 2, 3.288279, 62244.632707, 62244.632707
Z3, 27, 2, 720, 12688.000000, 0.051006, 248755.048426, 248784.000000, 1.000000, 2, 3.288279, 74762.287512, 74762.287512
Z3, 28, 2, 720, 17320.000000, 0.051031, 339401.540240, 339600.000000, 1.000000, 2, 3.288279, 92891.585875, 92891.585875
Z3, 29, 2, 720, 10632.000000, 0.051025, 208368.446840, 208464.000000, 1.000000, 2, 3.288279, 66684.967195, 66684.967195
Z3, 30, 2, 720, 6872.000000, 0.050957, 134858.802520, 137440.000000, 1.000000, 2, 3.288279, 51983.038331, 51983.038331
Z3, 31, 2, 720, 6872.000000, 0.050916, 134967.397282, 137440.000000, 1.000000, 2, 3.288279, 52004.757283, 52004.757283
Z3, 32, 2, 720, 6376.000000, 0.050968, 125098.100769, 127520.000000, 1.000000, 2, 3.288279, 50030.897981, 50030.897981
Z3, 33, 2, 720, 6872.000000, 0.051017, 134700.197973, 134744.000000, 1.000000, 2, 3.288279, 51951.317421, 51951.317421
Z3, 34, 2, 720, 6872.000000, 0.050999, 134747.740152, 137440.000000, 1.000000, 2, 3.288279, 51960.825857, 51960.825857
Z3, 35, 2, 720, 6376.000000, 0.050932, 125186.523207, 127520.000000, 1.000000, 2, 3.288279, 50048.582468, 50048.582468
Z3, 36, 2, 720, 6872.000000, 0.050910, 134983.303870, 137440.000000, 1.000000, 2, 3.288279, 52007.938601, 52007.938601
Z3, 37, 2, 720, 6872.000000, 0.050965, 134837.633670, 137440.000000, 1.000000, 2, 3.288279, 51978.804561, 51978.804561
Z3, 38, 2, 720, 6376.000000, 0.050934, 125181.607571, 127520.000000, 1.000000, 2, 3.288279, 50047.599341, 50047.599341
Z1, 0, 3, 720, 7080.000000, 0.172473, 41049.903463, 41160.000000, 1.000000, 2, 6.864199, 58257.580034, 58257.580034
Z2, 0, 3, 720, 6624.000000, 0.250311, 26463.079929, 26496.000000, 1.000000, 2, 6.864199, 55340.215327, 55340.215327
Z2, 1, 3, 720, 5664.000000, 0.050952, 111163.447951, 113280.000000, 1.000000, 2, 6.864199, 72280.288931, 72280.288931
Z2, 2, 3, 720, 7080.000000, 0.051132, 138465.149026, 138816.000000, 1.000000, 2, 6.864199, 77740.629146, 77740.629146
Z2, 3, 3, 720, 12544.000000, 0.051094, 245508.278859, 245960.000000, 1.000000, 2, 6.864199, 99149.255113, 99149.255113
Z2, 4, 3, 720, 15304.000000, 0.050945, 300402.394739, 306080.000000, 1.000000, 2, 6.864199, 110128.078289, 110128.078289
Z2, 5, 3, 720, 9896.000000, 0.050952, 194222.012875, 197920.000000, 1.000000, 2, 6.864199, 88892.001916, 88892.001916
Z2, 6, 3, 720, 6376.000000, 0.053500, 119177.570093, 120296.000000, 1.000000, 2, 6.864199, 73883.113360, 73883.113360
Z2, 7, 3, 720, 6872.000000, 0.051029, 134668.521821, 134744.000000, 1.000000, 2, 6.864199, 76981.303705, 76981.303705
Z3, 0, 3, 720, 5424.000000, 0.173885, 31193.029876, 31352.000000, 1.000000, 2, 6.864199, 56286.205316, 56286.205316
Z3, 1, 3, 720, 7080.000000, 0.050875, 139164.619165, 141600.000000, 1.000000, 2, 6.864199, 77880.523174, 77880.523174
Z3, 2, 3, 720, 7080.000000, 0.050922, 139036.172970, 141600.000000, 1.000000, 2, 6.864199, 77854.833935, 77854.833935
Z3, 3, 3, 720, 5664.000000, 0.050843, 111401.766222, 113280.000000, 1.000000, 2, 6.864199, 72327.952585, 72327.952585
Z3, 4, 3, 720, 7080.000000, 0.050864, 139194.715319, 141600.000000, 1.000000, 2, 6.864199, 77886.542405, 77886.542405
Z3, 5, 3, 720, 7080.000000, 0.050831, 139285.081938, 141600.000000, 1.000000, 2, 6.864199, 77904.615729, 77904.615729
Z3, 6, 3, 720, 5664.000000, 0.054901, 103167.519717, 104888.000000, 1.000000, 2, 6.864199, 70681.103284, 70681.103284
Z3, 7, 3, 720, 7080.000000, 0.051014, 138785.431450, 138816.000000, 1.000000, 2, 6.864199, 77804.685631, 77804.685631
Z3, 8, 3, 720, 7080.000000, 0.050837, 139268.642918, 141600.000000, 1.000000, 2, 6.864199, 77901.327924, 77901.327924
Z3, 9, 3, 720, 14120.000000, 0.051050, 276591.576885, 276856.000000, 1.000000, 2, 6.864199, 105365.914718, 105365.914718
Z3, 10, 3, 720, 17536.000000, 0.050918, 344396.873404, 350720.000000, 1.000000, 2, 6.864199, 118926.974022, 118926.974022
Z3, 11, 3, 720, 16008.000000, 0.050873, 314665.932813, 320160.000000, 1.000000, 2, 6.864199, 112980.785904, 112980.785904
Z3, 12, 3, 720, 10896.000000, 0.050942, 213890.306623, 217920.000000, 1.000000, 2, 6.864199, 92825.660666, 92825.660666
Z3, 13, 3, 720, 19720.000000, 0.051005, 386628.761886, 386664.000000, 1.000000, 2, 6.864199, 127373.351718, 127373.351718
Z3, 14, 3, 720, 20104.000000, 0.050883, 395102.490026, 402080.000000, 1.000000, 2, 6.864199, 129068.097346, 129068.097346
Z3, 15, 3, 720, 12504.000000, 0.050962, 245359.287312, 250080.000000, 1.000000, 2, 6.864199, 99119.456803, 99119.456803
Z3, 16, 3, 720, 23072.000000, 0.050941, 452916.118647, 461440.000000, 1.000000, 2, 6.864199, 140630.823070, 140630.823070
Z3, 17, 3, 720, 18112.000000, 0.050941, 355548.575803, 362240.000000, 1.000000, 2, 6.864199, 121157.314502, 121157.314502
Z3, 18, 3, 720, 18632.000000, 0.050907, 366000.746459, 372640.000000, 1.000000, 2, 6.864199, 123247.748633, 123247.748633
Z3, 19, 3, 720, 9664.000000, 0.050989, 189531.075330, 193280.000000, 1.000000, 2, 6.864199, 87953.814407, 87953.814407
Z3, 20, 3, 720, 12280.000000, 0.050895, 241281.068867, 245600.000000, 1.000000, 2, 6.864199, 98303.813114, 98303.813114
Z3, 21, 3, 720, 10368.000000, 0.050964, 203437.720744, 207360.000000, 1.000000, 2, 6.864199, 90735.143490, 90735.143490
Z3, 22, 3, 720, 10520.000000, 0.051026, 206169.403833, 206272.000000, 1.000000, 2, 6.864199, 91281.480108, 91281.480108
Z3, 23, 3, 720, 15288.000000, 0.051016, 299670.691548, 299760.000000, 1.000000, 2, 6.864199, 109981.737650, 109981.737650
Z3, 24, 3, 720, 16344.000000, 0.050964, 320696.962562, 326880.000000, 1.000000, 2, 6.864199, 114186.991853, 114186.991853
Z3, 25, 3, 720, 9016.000000, 0.050986, 176832.856078, 180320.000000, 1.000000, 2, 6.864199, 85414.170557, 85414.170557
Z3, 26, 3, 720, 13800.000000, 0.051037, 270392.068499, 270584.000000, 1.000000, 2, 6.864199, 104126.013041, 104126.013041
Z3, 27, 3, 720, 17664.000000, 0.214135, 82490.017979, 82536.000000, 1.000000, 2, 6.864199, 66545.602937, 66545.602937
Z3, 28, 3, 720, 10240.000000, 0.050953, 200969.520931, 204800.000000, 1.000000, 2, 6.864199, 90241.503527, 90241.503527
Z3, 29, 3, 720, 8424.000000, 0.050989, 165212.104572, 168480.000000, 1.000000, 2, 6.864199, 83090.020255, 83090.020255
Z3, 30, 3, 720, 6376.000000, 0.050886, 125299.689502, 127520.000000, 1.000000, 2, 6.864199, 75107.537241, 75107.537241
Z3, 31, 3, 720, 6872.000000, 0.050922, 134951.494442, 137440.000000, 1.000000, 2, 6.864199, 77037.898229, 77037.898229
Z3, 32, 3, 720, 6872.000000, 0.050948, 134882.625422, 137440.000000, 1.000000, 2, 6.864199, 77024.124425, 77024.124425
Z3, 33, 3, 720, 6376.000000, 0.050879, 125316.928399, 127520.000000, 1.000000, 2, 6.864199, 75110.985021, 75110.985021
Z3, 34, 3, 720, 6872.000000, 0.050932, 134924.998037, 137440.000000, 1.000000, 2, 6.864199, 77032.598948, 77032.598948
Z3, 35, 3, 720, 6872.000000, 0.050846, 135153.207725, 137440.000000, 1.000000, 2, 6.864199, 77078.240886, 77078.240886
Z3, 36, 3, 720, 6376.000000, 0.050928, 125196.355639, 127520.000000, 1.000000, 2, 6.864199, 75086.870469, 75086.870469
Z3, 37, 3, 720, 6872.000000, 0.050977, 134805.892854, 137440.000000, 1.000000, 2, 6.864199, 77008.777912, 77008.777912
Z3, 38, 3, 720, 6872.000000, 0.050934, 134919.700004, 137440.000000, 1.000000, 2, 6.864199, 77031.539342, 77031.539342
Z1, 0, 4, 720, 22592.000000, 0.173150, 130476.465492, 130584.000000, 1.000000, 2, 9.930703, 103126.832440, 103126.832440
Z2, 0, 4, 720, 6624.000000, 0.341901, 19374.029324, 19424.000000, 1.000000, 2, 9.930703, 80906.345207, 80906.345207
Z2, 1, 4, 720, 6648.000000, 0.050907, 130591.077848, 132960.000000, 1.000000, 2, 9.930703, 103149.754911, 103149.754911
Z2, 2, 4, 720, 7200.000000, 0.050970, 141259.564450, 144000.000000, 1.000000, 2, 9.930703, 105283.452232, 105283.452232
Z2, 3, 4, 720, 7296.000000, 0.051006, 143041.995059, 143056.000000, 1.000000, 2, 9.930703, 105639.938354, 105639.938354
Z2, 4, 4, 720, 17272.000000, 0.051006, 338626.828216, 338664.000000, 1.000000, 2, 9.930703, 144756.904985, 144756.904985
Z2, 5, 4, 720, 26240.000000, 0.051115, 513352.244938, 514504.000000, 1.000000, 2, 9.930703, 179701.988329, 179701.988329
Z2, 6, 4, 720, 12720.000000, 0.051054, 249147.960982, 249408.000000, 1.000000, 2, 9.930703, 126861.131538, 126861.131538
Z2, 7, 4, 720, 11496.000000, 0.051025, 225301.322881, 225408.000000, 1.000000, 2, 9.930703, 122091.803918, 122091.803918
Z3, 0, 4, 720, 6448.000000, 0.173438, 37177.550479, 37264.000000, 1.000000, 2, 9.930703, 84467.049438, 84467.049438
Z3, 1, 4, 720, 7448.000000, 0.050981, 146093.642730, 148960.000000, 1.000000, 2, 9.930703, 106250.267888, 106250.267888
Z3, 2, 4, 720, 7424.000000, 0.051005, 145554.357416, 145568.000000, 1.000000, 2, 9.930703, 106142.410825, 106142.410825
Z3, 3, 4, 720, 6648.000000, 0.051013, 130319.722424, 130352.000000, 1.000000, 2, 9.930703, 103095.483826, 103095.483826
Z3, 4, 4, 720, 7224.000000, 0.051026, 141574.883393, 141640.000000, 1.000000, 2, 9.930703, 105346.516020, 105346.516020
Z3, 5, 4, 720, 7240.000000, 0.050987, 141996.979622, 144800.000000, 1.000000, 2, 9.930703, 105430.935266, 105430.935266
Z3, 6, 4, 720, 6648.000000, 0.050962, 130450.139319, 132960.000000, 1.000000, 2, 9.930703, 103121.567206, 103121.567206
Z3, 7, 4, 720, 7232.000000, 0.051001, 141801.141154, 141800.000000, 1.000000, 2, 9.930703, 105391.767573, 105391.767573
Z3, 8, 4, 720, 7296.000000, 0.051015, 143016.759777, 143056.000000, 1.000000, 2, 9.930703, 105634.891297, 105634.891297
Z3, 9, 4, 720, 16456.000000, 0.051047, 322369.580974, 322664.000000, 1.000000, 2, 9.930703, 141505.455537, 141505.455537
Z3, 10, 4, 720, 25392.000000, 0.051114, 496771.921587, 497880.000000, 1.000000, 2, 9.930703, 176385.923659, 176385.923659
Z3, 11, 4, 720, 21592.000000, 0.051063, 422850.204649, 423368.000000, 1.000000, 2, 9.930703, 161601.580272, 161601.580272
Z3, 12, 4, 720, 13528.000000, 0.051050, 264995.102840, 265248.000000, 1.000000, 2, 9.930703, 130030.559910, 130030.559910
Z3, 13, 4, 720, 29512.000000, 0.051090, 577647.289098, 578664.000000, 1.000000, 2, 9.930703, 192560.997161, 192560.997161
Z3, 14, 4, 720, 29688.000000, 0.051123, 580717.094067, 582112.000000, 1.000000, 2, 9.930703, 193174.958155, 193174.958155
Z3, 15, 4, 720, 16760.000000, 0.050990, 328691.900373, 335200.000000, 1.000000, 2, 9.930703, 142769.919416, 142769.919416
Z3, 16, 4, 720, 33128.000000, 0.266021, 124531.521948, 124536.000000, 1.000000, 2, 9.930703, 101937.843731, 101937.843731
Z3, 17, 4, 720, 26248.000000, 0.050957, 515100.967482, 524960.000000, 1.000000, 2, 9.930703, 180051.732838, 180051.732838
Z3, 18, 4, 720, 14624.000000, 0.050986, 286823.833994, 292480.000000, 1.000000, 2, 9.930703, 134396.306140, 134396.306140
Z3, 19, 4, 720, 26816.000000, 0.051118, 524590.163934, 525800.000000, 1.000000, 2, 9.930703, 181949.572129, 181949.572129
Z3, 20, 4, 720, 23128.000000, 0.051050, 453046.033301, 453488.000000, 1.000000, 2, 9.930703, 167640.746002, 167640.746002
Z3, 21, 4, 720, 19440.000000, 0.051060, 380728.554642, 381176.000000, 1.000000, 2, 9.930703, 153177.250270, 153177.250270
Z3, 22, 4, 720, 29088.000000, 0.051161, 568558.081351, 570352.000000, 1.000000, 2, 9.930703, 190743.155612, 190743.155612
Z3, 23, 4, 720, 29840.000000, 0.052799, 565162.218981, 573840.000000, 1.000000, 2, 9.930703, 190063.983138, 190063.983138
Z3, 24, 4, 720, 17200.000000, 0.051106, 336555.394670, 337248.000000, 1.000000, 2, 9.930703, 144342.618276, 144342.618276
Z3, 25, 4, 720, 25664.000000, 0.051151, 501730.171453, 503208.000000, 1.000000, 2, 9.930703, 177377.573632, 177377.573632
Z3, 26, 4, 720, 26808.000000, 0.051143, 524177.306767, 525640.000000, 1.000000, 2, 9.930703, 181867.000695, 181867.000695
Z3, 27, 4, 720, 17472.000000, 0.051081, 342044.987373, 342584.000000, 1.000000, 2, 9.930703, 145440.536816, 145440.536816
Z3, 28, 4, 720, 6448.000000, 0.051027, 126364.473710, 126424.000000, 1.000000, 2, 9.930703, 102304.434084, 102304.434084
Z3, 29, 4, 720, 7200.000000, 0.050992, 141198.619391, 144000.000000, 1.000000, 2, 9.930703, 105271.263220, 105271.263220
Z3, 30, 4, 720, 7520.000000, 0.051079, 147222.929188, 147448.000000, 1.000000, 2, 9.930703, 106476.125179, 106476.125179
Z3, 31, 4, 720, 6728.000000, 0.051009, 131898.292458, 131920.000000, 1.000000, 2, 9.930703, 103411.197833, 103411.197833
Z3, 32, 4, 720, 7224.000000, 0.050961, 141755.460058, 144480.000000, 1.000000, 2, 9.930703, 105382.631353, 105382.631353
Z3, 33, 4, 720, 7256.000000, 0.050986, 142313.576276, 145120.000000, 1.000000, 2, 9.930703, 105494.254597, 105494.254597
Z3, 34, 4, 720, 6544.000000, 0.051035, 128225.727442, 128312.000000, 1.000000, 2, 9.930703, 102676.684830, 102676.684830
Z3, 35, 4, 720, 12272.000000, 0.050970, 240769.079851, 245440.000000, 1.000000, 2, 9.930703, 125185.355312, 125185.355312
Z3, 36, 4, 720, 8544.000000, 0.051045, 167381.722010, 167528.000000, 1.000000, 2, 9.930703, 110507.883744, 110507.883744
Z3, 37, 4, 720, 6424.000000, 0.050961, 126057.180982, 128480.000000, 1.000000, 2, 9.930703, 102242.975538, 102242.975538
Z3, 38, 4, 720, 6872.000000, 0.050964, 134840.279413, 137440.000000, 1.000000, 2, 9.930703, 103999.595224, 103999.595224
Z1, 0, 5, 720, 20272.000000, 0.171302, 118340.708223, 118544.000000, 1.000000, 2, 13.139280, 127667.736869, 127667.736869
Z2, 0, 5, 720, 6624.000000, 0.173134, 38259.382906, 38288.000000, 1.000000, 2, 13.139280, 111651.471805, 111651.471805
Z2, 1, 5, 720, 7616.000000, 0.050849, 149776.790104, 152320.000000, 1.000000, 2, 13.139280, 133954.953245, 133954.953245
Z2, 2, 5, 720, 8792.000000, 0.051005, 172375.257328, 172392.000000, 1.000000, 2, 13.139280, 138474.646690, 138474.646690
Z2, 3, 5, 720, 8816.000000, 0.051026, 172774.663897, 172856.000000, 1.000000, 2, 13.139280, 138554.528004, 138554.528004
Z2, 4, 5, 720, 14976.000000, 0.051048, 293370.944993, 293640.000000, 1.000000, 2, 13.139280, 162673.784223, 162673.784223
Z2, 5, 5, 720, 25312.000000, 0.051118, 495168.042568, 496312.000000, 1.000000, 2, 13.139280, 203033.203738, 203033.203738
Z2, 6, 5, 720, 13208.000000, 0.051022, 258868.723296, 258976.000000, 1.000000, 2, 13.139280, 155773.339883, 155773.339883
Z2, 7, 5, 720, 16320.000000, 0.051139, 319130.213731, 320000.000000, 1.000000, 2, 13.139280, 167825.637971, 167825.637971
Z3, 0, 5, 720, 7712.000000, 0.173097, 44553.054068, 44576.000000, 1.000000, 2, 13.139280, 112910.206038, 112910.206038
Z3, 1, 5, 720, 9624.000000, 0.050988, 188750.294187, 192480.000000, 1.000000, 2, 13.139280, 141749.654062, 141749.654062
Z3, 2, 5, 720, 9096.000000, 0.051026, 178262.062478, 178352.000000, 1.000000, 2, 13.139280, 139652.007720, 139652.007720
Z3, 3, 5, 720, 7632.000000, 0.051037, 149538.570057, 149640.000000, 1.000000, 2, 13.139280, 133907.309236, 133907.309236
Z3, 4, 5, 720, 8304.000000, 0.051004, 162810.759940, 162816.000000, 1.000000, 2, 13.139280, 136561.747212, 136561.747212
Z3, 5, 5, 720, 8504.000000, 0.051013, 166702.605218, 166744.000000, 1.000000, 2, 13.139280, 137340.116268, 137340.116268
Z3, 6, 5, 720, 7384.000000, 0.050979, 144843.955354, 147680.000000, 1.000000, 2, 13.139280, 132968.386295, 132968.386295
Z3, 7, 5, 720, 8968.000000, 0.051020, 175774.206194, 175840.000000, 1.000000, 2, 13.139280, 139154.436463, 139154.436463
Z3, 8, 5, 720, 8912.000000, 0.051014, 174697.141961, 174744.000000, 1.000000, 2, 13.139280, 138939.023617, 138939.023617
Z3, 9, 5, 720, 16688.000000, 0.051030, 327023.319616, 327208.000000, 1.000000, 2, 13.139280, 169404.259147, 169404.259147
Z3, 10, 5, 720, 23832.000000, 0.051116, 466233.664606, 467288.000000, 1.000000, 2, 13.139280, 197246.328145, 197246.328145
Z3, 11, 5, 720, 21144.000000, 0.051024, 414393.226717, 414584.000000, 1.000000, 2, 13.139280, 186878.240568, 186878.240568
Z3, 12, 5, 720, 14272.000000, 0.051069, 279465.037498, 279840.000000, 1.000000, 2, 13.139280, 159892.602724, 159892.602724
Z3, 13, 5, 720, 27640.000000, 0.051066, 541260.329769, 541960.000000, 1.000000, 2, 13.139280, 212251.661178, 212251.661178
Z3, 14, 5, 720, 33288.000000, 0.051038, 652219.914573, 652704.000000, 1.000000, 2, 13.139280, 234443.578139, 234443.578139
Z3, 15, 5, 720, 17576.000000, 0.051084, 344060.762665, 344624.000000, 1.000000, 2, 13.139280, 172811.747757, 172811.747757
Z3, 16, 5, 720, 34872.000000, 0.051125, 682092.909535, 683760.000000, 1.000000, 2, 13.139280, 240418.177131, 240418.177131
Z3, 17, 5, 720, 27336.000000, 0.051117, 534773.167439, 536000.000000, 1.000000, 2, 13.139280, 210954.228712, 210954.228712
Z3, 18, 5, 720, 18312.000000, 0.051088, 358440.338240, 359056.000000, 1.000000, 2, 13.139280, 175687.662872, 175687.662872
Z3, 19, 5, 720, 41432.000000, 0.051174, 809629.890179, 812392.000000, 1.000000, 2, 13.139280, 265925.573260, 265925.573260
Z3, 20, 5, 720, 36760.000000, 0.051217, 717730.441064, 720784.000000, 1.000000, 2, 13.139280, 247545.683437, 247545.683437
Z3, 21, 5, 720, 21272.000000, 0.051035, 416811.991770, 417096.000000, 1.000000, 2, 13.139280, 187361.993578, 187361.993578
Z3, 22, 5, 720, 43464.000000, 0.051087, 850783.956780, 852232.000000, 1.000000, 2, 13.139280, 274156.386580, 274156.386580
Z3, 23, 5, 720, 42000.000000, 0.051113, 821708.762937, 823528.000000, 1.000000, 2, 13.139280, 268341.347812, 268341.347812
Z3, 24, 5, 720, 20304.000000, 0.051054, 397696.556587, 398112.000000, 1.000000, 2, 13.139280, 183538.906542, 183538.906542
Z3, 25, 5, 720, 32736.000000, 0.051207, 639287.597399, 641880.000000, 1.000000, 2, 13.139280, 231857.114704, 231857.114704
Z3, 26, 5, 720, 34608.000000, 0.050975, 678921.039725, 692160.000000, 1.000000, 2, 13.139280, 239783.803169, 239783.803169
Z3, 27, 5, 720, 21272.000000, 0.051016, 416967.225968, 417096.000000, 1.000000, 2, 13.139280, 187393.040418, 187393.040418
Z3, 28, 5, 720, 8752.000000, 0.050985, 171658.330882, 175040.000000, 1.000000, 2, 13.139280, 138331.261401, 138331.261401
Z3, 29, 5, 720, 12760.000000, 0.050971, 250338.427733, 255200.000000, 1.000000, 2, 13.139280, 154067.280771, 154067.280771
Z3, 30, 5, 720, 15440.000000, 0.051035, 302537.474282, 302744.000000, 1.000000, 2, 13.139280, 164507.090081, 164507.090081
Z3, 31, 5, 720, 10000.000000, 0.051022, 195993.884991, 196072.000000, 1.000000, 2, 13.139280, 143198.372222, 143198.372222
Z3, 32, 5, 720, 15200.000000, 0.051016, 297945.742512, 298032.000000, 1.000000, 2, 13.139280, 163588.743727, 163588.743727
Z3, 33, 5, 720, 18352.000000, 0.051051, 359483.653601, 359840.000000, 1.000000, 2, 13.139280, 175896.325945, 175896.325945
Z3, 34, 5, 720, 11224.000000, 0.051017, 220005.096340, 220072.000000, 1.000000, 2, 13.139280, 148000.614492, 148000.614492
Z3, 35, 5, 720, 23240.000000, 0.051069, 455070.590769, 455680.000000, 1.000000, 2, 13.139280, 195013.713378, 195013.713378
Z3, 36, 5, 720, 16824.000000, 0.050971, 330070.039827, 336480.000000, 1.000000, 2, 13.139280, 170013.603190, 170013.603190
Z3, 37, 5, 720, 9680.000000, 0.051014, 189751.832830, 189800.000000, 1.000000, 2, 13.139280, 141949.961790, 141949.961790
Z3, 38, 5, 720, 12888.000000, 0.051049, 252463.319556, 252704.000000, 1.000000, 2, 13.139280, 154492.259135, 154492.259135
Z1, 0, 6, 720, 7488.000000, 0.172353, 43445.718961, 43528.000000, 1.000000, 2, 15.960846, 138170.125101, 138170.125101
Z2, 0, 6, 720, 6624.000000, 0.173741, 38125.715864, 38288.000000, 1.000000, 2, 15.960846, 137106.124482, 137106.124482
Z2, 1, 6, 720, 6768.000000, 0.050964, 132799.623263, 135360.000000, 1.000000, 2, 15.960846, 156040.905961, 156040.905961
Z2, 2, 6, 720, 7752.000000, 0.051012, 151964.243707, 152000.000000, 1.000000, 2, 15.960846, 159873.830050, 159873.830050
Z2, 3, 6, 720, 10768.000000, 0.051061, 210885.019878, 211136.000000, 1.000000, 2, 15.960846, 171657.985284, 171657.985284
Z2, 4, 6, 720, 14912.000000, 0.050975, 292535.556645, 298240.000000, 1.000000, 2, 15.960846, 187988.092638, 187988.092638
Z2, 5, 6, 720, 14376.000000, 0.050977, 282009.533711, 287520.000000, 1.000000, 2, 15.960846, 185882.888051, 185882.888051
Z2, 6, 6, 720, 7176.000000, 0.050971, 140785.937101, 143520.000000, 1.000000, 2, 15.960846, 157638.168729, 157638.168729
Z2, 7, 6, 720, 8768.000000, 0.051032, 171813.763913, 171920.000000, 1.000000, 2, 15.960846, 163843.734091, 163843.734091
Z3, 0, 6, 720, 6760.000000, 1.178051, 5738.291466, 5736.000000, 1.000000, 2, 15.960846, 130628.639602, 130628.639602
Z3, 1, 6, 720, 8320.000000, 0.050994, 163156.449778, 166400.000000, 1.000000, 2, 15.960846, 162112.271264, 162112.271264
Z3, 2, 6, 720, 7800.000000, 0.050980, 153001.176932, 156000.000000, 1.000000, 2, 15.960846, 160081.216695, 160081.216695
Z3, 3, 6, 720, 6928.000000, 0.051087, 135611.799479, 135840.000000, 1.000000, 2, 15.960846, 156603.341204, 156603.341204
Z3, 4, 6, 720, 7472.000000, 0.050891, 146823.603388, 149440.000000, 1.000000, 2, 15.960846, 158845.701986, 158845.701986
Z3, 5, 6, 720, 7416.000000, 0.050810, 145955.520567, 148320.000000, 1.000000, 2, 15.960846, 158672.085422, 158672.085422
Z3, 6, 6, 720, 6760.000000, 0.050847, 132947.863197, 135200.000000, 1.000000, 2, 15.960846, 156070.553948, 156070.553948
Z3, 7, 6, 720, 7600.000000, 0.050917, 149262.525286, 152000.000000, 1.000000, 2, 15.960846, 159333.486366, 159333.486366
Z3, 8, 6, 720, 7600.000000, 0.050850, 149459.193707, 152000.000000, 1.000000, 2, 15.960846, 159372.820050, 159372.820050
Z3, 9, 6, 720, 12912.000000, 0.051013, 253111.951855, 253176.000000, 1.000000, 2, 15.960846, 180103.371680, 180103.371680
Z3, 10, 6, 720, 17552.000000, 0.051001, 344150.114704, 344152.000000, 1.000000, 2, 15.960846, 198311.004249, 198311.004249
Z3, 11, 6, 720, 14968.000000, 0.051023, 293357.897419, 293488.000000, 1.000000, 2, 15.960846, 188152.560792, 188152.560792
Z3, 12, 6, 720, 10336.000000, 0.050953, 202853.610190, 206720.000000, 1.000000, 2, 15.960846, 170051.703347, 170051.703347
Z3, 13, 6, 720, 18344.000000, 0.051003, 359665.117738, 359680.000000, 1.000000, 2, 15.960846, 201414.004856, 201414.004856
Z3, 14, 6, 720, 20456.000000, 0.051025, 400901.518863, 401096.000000, 1.000000, 2, 15.960846, 209661.285081, 209661.285081
Z3, 15, 6, 720, 12480.000000, 0.050954, 244926.796719, 249600.000000, 1.000000, 2, 15.960846, 178466.340652, 178466.340652
Z3, 16, 6, 720, 18912.000000, 0.050948, 371202.009892, 378240.000000, 1.000000, 2, 15.960846, 203721.383287, 203721.383287
Z3, 17, 6, 720, 16112.000000, 0.214367, 75160.822328, 75288.000000, 1.000000, 2, 15.960846, 144513.145774, 144513.145774
Z3, 18, 6, 720, 17456.000000, 0.051039, 342012.970474, 342272.000000, 1.000000, 2, 15.960846, 197883.575403, 197883.575403
Z3, 19, 6, 720, 16088.000000, 0.051027, 315284.065299, 315448.000000, 1.000000, 2, 15.960846, 192537.794368, 192537.794368
Z3, 20, 6, 720, 31984.000000, 0.051075, 626216.348507, 627136.000000, 1.000000, 2, 15.960846, 254724.251010, 254724.251010
Z3, 21, 6, 720, 21472.000000, 0.051002, 421003.097918, 421016.000000, 1.000000, 2, 15.960846, 213681.600892, 213681.600892
Z3, 22, 6, 720, 19320.000000, 0.050994, 378868.102130, 386400.000000, 1.000000, 2, 15.960846, 205254.601735, 205254.601735
Z3, 23, 6, 720, 33040.000000, 0.051011, 647703.436514, 647840.000000, 1.000000, 2, 15.960846, 259021.668611, 259021.668611
Z3, 24, 6, 720, 26472.000000, 0.051029, 518763.840169, 519056.000000, 1.000000, 2, 15.960846, 233233.749342, 233233.749342
Z3, 25, 6, 720, 12984.000000, 0.051002, 254578.251833, 254584.000000, 1.000000, 2, 15.960846, 180396.631675, 180396.631675
Z3, 26, 6, 720, 21128.000000, 0.051046, 413901.187165, 414272.000000, 1.000000, 2, 15.960846, 212261.218742, 212261.218742
Z3, 27, 6, 720, 21576.000000, 0.051027, 422834.969722, 423056.000000, 1.000000, 2, 15.960846, 214047.975253, 214047.975253
Z3, 28, 6, 720, 9568.000000, 0.051026, 187512.248658, 187600.000000, 1.000000, 2, 15.960846, 166983.431040, 166983.431040
Z3, 29, 6, 720, 12800.000000, 0.050950, 251226.692836, 256000.000000, 1.000000, 2, 15.960846, 179726.319876, 179726.319876
Z3, 30, 6, 720, 7048.000000, 0.050813, 138704.662193, 140960.000000, 1.000000, 2, 15.960846, 157221.913747, 157221.913747
Z3, 31, 6, 720, 8656.000000, 0.052767, 164041.920139, 166456.000000, 1.000000, 2, 15.960846, 162289.365337, 162289.365337
Z3, 32, 6, 720, 9488.000000, 0.050992, 186068.402887, 189760.000000, 1.000000, 2, 15.960846, 166694.661886, 166694.661886
Z3, 33, 6, 720, 8424.000000, 0.050907, 165478.224999, 168480.000000, 1.000000, 2, 15.960846, 162576.626308, 162576.626308
Z3, 34, 6, 720, 9328.000000, 0.050998, 182909.133692, 186560.000000, 1.000000, 2, 15.960846, 166062.808047, 166062.808047
Z3, 35, 6, 720, 8680.000000, 0.050919, 170466.819851, 173600.000000, 1.000000, 2, 15.960846, 163574.345279, 163574.345279
Z3, 36, 6, 720, 7160.000000, 0.050944, 140546.482412, 143200.000000, 1.000000, 2, 15.960846, 157590.277791, 157590.277791
Z3, 37, 6, 720, 10360.000000, 0.050918, 203464.393731, 207200.000000, 1.000000, 2, 15.960846, 170173.860055, 170173.860055
Z3, 38, 6, 720, 9048.000000, 0.050999, 177415.243436, 180960.000000, 1.000000, 2, 15.960846, 164964.029996, 164964.029996
Z1, 0, 7, 720, 7408.000000, 0.173153, 42782.972285, 42816.000000, 1.000000, 2, 19.951272, 148484.302939, 148484.302939
Z2, 0, 7, 720, 6624.000000, 0.173836, 38104.880462, 38288.000000, 1.000000, 2, 19.951272, 147548.684574, 147548.684574
Z2, 1, 7, 720, 6792.000000, 0.050955, 133294.083014, 135840.000000, 1.000000, 2, 19.951272, 166586.525085, 166586.525085
Z2, 2, 7, 720, 7464.000000, 0.050985, 146395.998823, 149280.000000, 1.000000, 2, 19.951272, 169206.908246, 169206.908246
Z2, 3, 7, 720, 10144.000000, 0.050888, 199339.726458, 202880.000000, 1.000000, 2, 19.951272, 179795.653773, 179795.653773
Z2, 4, 7, 720, 14352.000000, 0.051002, 281400.729383, 281408.000000, 1.000000, 2, 19.951272, 196207.854358, 196207.854358
Z2, 5, 7, 720, 15008.000000, 0.050923, 294719.478428, 300160.000000, 1.000000, 2, 19.951272, 198871.604167, 198871.604167
Z2, 6, 7, 720, 7168.000000, 0.050868, 140913.737517, 143360.000000, 1.000000, 2, 19.951272, 168110.455985, 168110.455985
Z2, 7, 7, 720, 8160.000000, 0.050977, 160072.189419, 163200.000000, 1.000000, 2, 19.951272, 171942.146365, 171942.146365
Z3, 0, 7, 720, 6656.000000, 0.173900, 38274.870615, 38472.000000, 1.000000, 2, 19.951272, 147582.682605, 147582.682605
Z3, 1, 7, 720, 7664.000000, 0.050927, 150489.916940, 153280.000000, 1.000000, 2, 19.951272, 170025.691870, 170025.691870
Z3, 2, 7, 720, 7664.000000, 0.050898, 150575.661126, 153280.000000, 1.000000, 2, 19.951272, 170042.840707, 170042.840707
Z3, 3, 7, 720, 6920.000000, 0.050922, 135894.112564, 138400.000000, 1.000000, 2, 19.951272, 167106.530995, 167106.530995
Z3, 4, 7, 720, 7504.000000, 0.050935, 147325.022087, 150080.000000, 1.000000, 2, 19.951272, 169392.712899, 169392.712899
Z3, 5, 7, 720, 7480.000000, 0.050861, 147067.497690, 149600.000000, 1.000000, 2, 19.951272, 169341.208020, 169341.208020
Z3, 6, 7, 720, 6728.000000, 0.050960, 132025.117739, 134560.000000, 1.000000, 2, 19.951272, 166332.732030, 166332.732030
Z3, 7, 7, 720, 7632.000000, 0.050993, 149667.601435, 152640.000000, 1.000000, 2, 19.951272, 169861.228769, 169861.228769
Z3, 8, 7, 720, 7392.000000, 0.050966, 145037.868383, 147840.000000, 1.000000, 2, 19.951272, 168935.282158, 168935.282158
Z3, 9, 7, 720, 12800.000000, 0.050998, 250990.234911, 256000.000000, 1.000000, 2, 19.951272, 190125.755464, 190125.755464
Z3, 10, 7, 720, 16760.000000, 0.051039, 328376.339662, 328624.000000, 1.000000, 2, 19.951272, 205602.976414, 205602.976414
Z3, 11, 7, 720, 14104.000000, 0.051050, 276278.158668, 276544.000000, 1.000000, 2, 19.951272, 195183.340215, 195183.340215
Z3, 12, 7, 720, 9704.000000, 0.051048, 190095.596302, 190272.000000, 1.000000, 2, 19.951272, 177946.827742, 177946.827742
Z3, 13, 7, 720, 17248.000000, 0.051071, 337725.910987, 338192.000000, 1.000000, 2, 19.951272, 207472.890679, 207472.890679
Z3, 14, 7, 720, 21552.000000, 0.051012, 422488.826159, 422584.000000, 1.000000, 2, 19.951272, 224425.473713, 224425.473713
Z3, 15, 7, 720, 16688.000000, 0.051087, 326658.445397, 327208.000000, 1.000000, 2, 19.951272, 205259.397561, 205259.397561
Z3, 16, 7, 720, 23312.000000, 0.051135, 455891.268212, 457096.000000, 1.000000, 2, 19.951272, 231105.962124, 231105.962124
Z3, 17, 7, 720, 14952.000000, 0.051045, 292918.013517, 293176.000000, 1.000000, 2, 19.951272, 198511.311185, 198511.311185
Z3, 18, 7, 720, 16856.000000, 0.051075, 330024.473813, 330504.000000, 1.000000, 2, 19.951272, 205932.603244, 205932.603244
Z3, 19, 7, 720, 23928.000000, 0.051149, 467809.732351, 469176.000000, 1.000000, 2, 19.951272, 233489.654952, 233489.654952
Z3, 20, 7, 720, 29544.000000, 0.051095, 578217.046678, 579288.000000, 1.000000, 2, 19.951272, 255571.117817, 255571.117817
Z3, 21, 7, 720, 31920.000000, 0.051147, 624083.523960, 625880.000000, 1.000000, 2, 19.951272, 264744.413274, 264744.413274
Z3, 22, 7, 720, 15096.000000, 0.051051, 295704.295704, 296000.000000, 1.000000, 2, 19.951272, 199068.567623, 199068.567623
Z3, 23, 7, 720, 22296.000000, 0.051075, 436534.508076, 437176.000000, 1.000000, 2, 19.951272, 227234.610097, 227234.610097
Z3, 24, 7, 720, 24272.000000, 0.051131, 474702.235434, 475920.000000, 1.000000, 2, 19.951272, 234868.155569, 234868.155569
Z3, 25, 7, 720, 13368.000000, 0.051047, 261876.310067, 262112.000000, 1.000000, 2, 19.951272, 192302.970495, 192302.970495
Z3, 26, 7, 720, 21768.000000, 0.051134, 425705.010365, 426816.000000, 1.000000, 2, 19.951272, 225068.710555, 225068.710555
Z3, 27, 7, 720, 21680.000000, 0.051050, 424681.684623, 425096.000000, 1.000000, 2, 19.951272, 224864.045406, 224864.045406
Z3, 28, 7, 720, 9672.000000, 0.051030, 189535.567313, 189640.000000, 1.000000, 2, 19.951272, 177834.821944, 177834.821944
Z3, 29, 7, 720, 13368.000000, 0.051107, 261568.865322, 262112.000000, 1.000000, 2, 19.951272, 192241.481546, 192241.481546
Z3, 30, 7, 720, 13424.000000, 0.051089, 262757.149288, 263208.000000, 1.000000, 2, 19.951272, 192479.138339, 192479.138339
Z3, 31, 7, 720, 8064.000000, 0.051006, 158099.047171, 158112.000000, 1.000000, 2, 19.951272, 171547.517916, 171547.517916
Z3, 32, 7, 720, 9424.000000, 0.051056, 184581.635851, 184784.000000, 1.000000, 2, 19.951272, 176844.035652, 176844.035652
Z3, 33, 7, 720, 7368.000000, 0.562490, 13098.899536, 13104.000000, 1.000000, 2, 19.951272, 142547.488389, 142547.488389
Z3, 34, 7, 720, 8792.000000, 0.050944, 172581.658291, 175840.000000, 1.000000, 2, 19.951272, 174444.040140, 174444.040140
Z3, 35, 7, 720, 8568.000000, 0.050972, 168092.285961, 171360.000000, 1.000000, 2, 19.951272, 173546.165674, 173546.165674
Z3, 36, 7, 720, 7064.000000, 0.050930, 138700.176713, 141280.000000, 1.000000, 2, 19.951272, 167667.743824, 167667.743824
Z3, 37, 7, 720, 10104.000000, 0.051025, 198020.578148, 198112.000000, 1.000000, 2, 19.951272, 179531.824111, 179531.824111
Z3, 38, 7, 720, 8640.000000, 0.051049, 169249.152775, 169408.000000, 1.000000, 2, 19.951272, 173777.539037, 173777.539037
Z1, 0, 8, 720, 7744.000000, 0.173059, 44747.744989, 44760.000000, 1.000000, 2, 23.286687, 155743.148034, 155743.148034
Z2, 0, 8, 720, 6624.000000, 0.172058, 38498.645805, 38504.000000, 1.000000, 2, 23.286687, 154493.328197, 154493.328197
Z2, 1, 8, 720, 6968.000000, 0.050910, 136868.984482, 139360.000000, 1.000000, 2, 23.286687, 174167.395932, 174167.395932
Z2, 2, 8, 720, 7968.000000, 0.304573, 26161.215866, 26208.000000, 1.000000, 2, 23.286687, 152025.842209, 152025.842209
Z2, 3, 8, 720, 12752.000000, 0.051024, 249921.605519, 250032.000000, 1.000000, 2, 23.286687, 196777.920140, 196777.920140
Z2, 4, 8, 720, 18720.000000, 0.051100, 366340.508806, 367056.000000, 1.000000, 2, 23.286687, 220061.700797, 220061.700797
Z2, 5, 8, 720, 25648.000000, 0.051046, 502448.771696, 502896.000000, 1.000000, 2, 23.286687, 247283.353375, 247283.353375
Z2, 6, 8, 720, 9784.000000, 0.051032, 191722.840571, 191840.000000, 1.000000, 2, 23.286687, 185138.167150, 185138.167150
Z2, 7, 8, 720, 13192.000000, 0.051038, 258474.078138, 258664.000000, 1.000000, 2, 23.286687, 198488.414663, 198488.414663
Z3, 0, 8, 720, 6768.000000, 0.172442, 39247.979031, 39344.000000, 1.000000, 2, 23.286687, 154643.194842, 154643.194842
Z3, 1, 8, 720, 8032.000000, 0.050951, 157641.655708, 160640.000000, 1.000000, 2, 23.286687, 178321.930178, 178321.930178
Z3, 2, 8, 720, 7872.000000, 0.050914, 154613.662254, 157440.000000, 1.000000, 2, 23.286687, 177716.331487, 177716.331487
Z3, 3, 8, 720, 7024.000000, 0.050855, 138118.179137, 140480.000000, 1.000000, 2, 23.286687, 174417.234863, 174417.234863
Z3, 4, 8, 720, 7816.000000, 0.050895, 153571.077709, 156320.000000, 1.000000, 2, 23.286687, 177507.814578, 177507.814578
Z3, 5, 8, 720, 7936.000000, 0.050885, 155959.516557, 158720.000000, 1.000000, 2, 23.286687, 177985.502347, 177985.502347
Z3, 6, 8, 720, 6928.000000, 0.050872, 136184.934738, 138560.000000, 1.000000, 2, 23.286687, 174030.585984, 174030.585984
Z3, 7, 8, 720, 8048.000000, 0.050886, 158157.449986, 160960.000000, 1.000000, 2, 23.286687, 178425.089033, 178425.089033
Z3, 8, 8, 720, 7664.000000, 0.050914, 150528.341910, 153280.000000, 1.000000, 2, 23.286687, 176899.267418, 176899.267418
Z3, 9, 8, 720, 14248.000000, 0.050900, 279921.414538, 284960.000000, 1.000000, 2, 23.286687, 202777.881944, 202777.881944
Z3, 10, 8, 720, 19448.000000, 0.051057, 380907.613060, 381328.000000, 1.000000, 2, 23.286687, 222975.121648, 222975.121648
Z3, 11, 8, 720, 17344.000000, 0.050893, 340793.429352, 346880.000000, 1.000000, 2, 23.286687, 214952.284906, 214952.284906
Z3, 12, 8, 720, 11952.000000, 0.050919, 234725.740883, 239040.000000, 1.000000, 2, 23.286687, 193738.747212, 193738.747212
Z3, 13, 8, 720, 25224.000000, 0.050998, 494607.631672, 504480.000000, 1.000000, 2, 23.286687, 245715.125370, 245715.125370
Z3, 14, 8, 720, 35992.000000, 0.051034, 705255.319983, 705720.000000, 1.000000, 2, 23.286687, 287844.663032, 287844.663032
Z3, 15, 8, 720, 20016.000000, 0.050895, 393280.282935, 400320.000000, 1.000000, 2, 23.286687, 225449.655623, 225449.655623
Z3, 16, 8, 720, 36432.000000, 0.050955, 714983.809243, 728640.000000, 1.000000, 2, 23.286687, 289790.360885, 289790.360885
Z3, 17, 8, 720, 22472.000000, 0.050799, 442370.912813, 449440.000000, 1.000000, 2, 23.286687, 235267.781599, 235267.781599
Z3, 18, 8, 720, 21736.000000, 0.050992, 426262.943207, 434720.000000, 1.000000, 2, 23.286687, 232046.187677, 232046.187677
Z3, 19, 8, 720, 16848.000000, 0.050844, 331366.532924, 336960.000000, 1.000000, 2, 23.286687, 213066.905621, 213066.905621
Z3, 20, 8, 720, 47160.000000, 0.051011, 924506.478995, 924704.000000, 1.000000, 2, 23.286687, 331694.894835, 331694.894835
Z3, 21, 8, 720, 39472.000000, 0.050911, 775313.782876, 789440.000000, 1.000000, 2, 23.286687, 301856.355611, 301856.355611
Z3, 22, 8, 720, 26968.000000, 0.050853, 530312.862565, 539360.000000, 1.000000, 2, 23.286687, 252856.171549, 252856.171549
Z3, 23, 8, 720, 39776.000000, 0.051013, 779722.815753, 779920.000000, 1.000000, 2, 23.286687, 302738.162186, 302738.162186
Z3, 24, 8, 720, 34992.000000, 0.050862, 687979.237938, 699840.000000, 1.000000, 2, 23.286687, 284389.446624, 284389.446624
Z3, 25, 8, 720, 22464.000000, 0.050854, 441735.163409, 449280.000000, 1.000000, 2, 23.286687, 235140.631718, 235140.631718
Z3, 26, 8, 720, 43144.000000, 0.050902, 847589.485678, 862880.000000, 1.000000, 2, 23.286687, 316311.496172, 316311.496172
Z3, 27, 8, 720, 43672.000000, 0.050942, 857288.681245, 873440.000000, 1.000000, 2, 23.286687, 318251.335285, 318251.335285
Z3, 28, 8, 720, 18320.000000, 0.050891, 359985.066122, 366400.000000, 1.000000, 2, 23.286687, 218790.612260, 218790.612260
Z3, 29, 8, 720, 24560.000000, 0.050925, 482277.859597, 491200.000000, 1.000000, 2, 23.286687, 243249.170955, 243249.170955
Z3, 30, 8, 720, 19040.000000, 0.051004, 373304.054584, 373328.000000, 1.000000, 2, 23.286687, 221454.409953, 221454.409953
Z3, 31, 8, 720, 20160.000000, 0.050965, 395565.584224, 403200.000000, 1.000000, 2, 23.286687, 225906.715881, 225906.715881
Z3, 32, 8, 720, 16496.000000, 0.050991, 323508.070052, 329920.000000, 1.000000, 2, 23.286687, 211495.213046, 211495.213046
Z3, 33, 8, 720, 11624.000000, 0.051013, 227863.485778, 227920.000000, 1.000000, 2, 23.286687, 192366.296192, 192366.296192
Z3, 34, 8, 720, 21024.000000, 0.050992, 412299.968623, 420480.000000, 1.000000, 2, 23.286687, 229253.592760, 229253.592760
Z3, 35, 8, 720, 28496.000000, 0.050985, 558909.483181, 569920.000000, 1.000000, 2, 23.286687, 258575.495672, 258575.495672
Z3, 36, 8, 720, 12416.000000, 0.050962, 243632.510498, 248320.000000, 1.000000, 2, 23.286687, 195520.101136, 195520.101136
Z3, 37, 8, 720, 17312.000000, 0.051000, 339450.980392, 339448.000000, 1.000000, 2, 23.286687, 214683.795114, 214683.795114
Z3, 38, 8, 720, 14664.000000, 0.050914, 288015.084260, 293280.000000, 1.000000, 2, 23.286687, 204396.615888, 204396.615888
Z1, 0, 9, 720, 7696.000000, 0.172091, 44720.525768, 44744.000000, 1.000000, 2, 26.357709, 186372.665159, 186372.665159
Z2, 0, 9, 720, 6624.000000, 1.286934, 5147.117102, 5144.000000, 1.000000, 2, 26.357709, 178457.983426, 178457.983426
Z2, 1, 9, 720, 6776.000000, 0.050913, 133089.780606, 135520.000000, 1.000000, 2, 26.357709, 204046.516127, 204046.516127
Z2, 2, 9, 720, 7496.000000, 0.050913, 147231.551863, 149920.000000, 1.000000, 2, 26.357709, 206874.870378, 206874.870378
Z2, 3, 9, 720, 16056.000000, 0.050989, 314891.447175, 321120.000000, 1.000000, 2, 26.357709, 240406.849440, 240406.849440
Z2, 4, 9, 720, 24464.000000, 0.361328, 67705.796396, 67760.000000, 1.000000, 2, 26.357709, 190969.719284, 190969.719284
Z2, 5, 9, 720, 36648.000000, 0.051047, 717926.616647, 718584.000000, 1.000000, 2, 26.357709, 321013.883335, 321013.883335
Z2, 6, 9, 720, 11344.000000, 0.050900, 222868.369352, 226880.000000, 1.000000, 2, 26.357709, 222002.233876, 222002.233876
Z2, 7, 9, 720, 15808.000000, 0.050876, 310716.251278, 316160.000000, 1.000000, 2, 26.357709, 239571.810261, 239571.810261
Z3, 0, 9, 720, 6752.000000, 0.171810, 39299.225889, 39480.000000, 1.000000, 2, 26.357709, 185288.405183, 185288.405183
Z3, 1, 9, 720, 9824.000000, 0.051039, 192480.260193, 192624.000000, 1.000000, 2, 26.357709, 215924.612044, 215924.612044
Z3, 2, 9, 720, 8640.000000, 0.050963, 169534.760513, 172800.000000, 1.000000, 2, 26.357709, 211335.512108, 211335.512108
Z3, 3, 9, 720, 7248.000000, 0.051049, 141981.233717, 142112.000000, 1.000000, 2, 26.357709, 205824.806749, 205824.806749
Z3, 4, 9, 720, 8336.000000, 0.050926, 163688.489180, 166720.000000, 1.000000, 2, 26.357709, 210166.257841, 210166.257841
Z3, 5, 9, 720, 9640.000000, 0.050921, 189312.857171, 192800.000000, 1.000000, 2, 26.357709, 215291.131439, 215291.131439
Z3, 6, 9, 720, 10312.000000, 0.050920, 202513.747054, 206240.000000, 1.000000, 2, 26.357709, 217931.309416, 217931.309416
Z3, 7, 9, 720, 21208.000000, 0.181879, 116604.995629, 117168.000000, 1.000000, 2, 26.357709, 200749.559131, 200749.559131
Z3, 8, 9, 720, 8000.000000, 0.050880, 157232.704403, 160000.000000, 1.000000, 2, 26.357709, 208875.100886, 208875.100886
Z3, 9, 9, 720, 16880.000000, 0.050979, 331116.734342, 337600.000000, 1.000000, 2, 26.357709, 243651.906874, 243651.906874
Z3, 10, 9, 720, 23240.000000, 0.051077, 454999.314760, 455680.000000, 1.000000, 2, 26.357709, 268428.422957, 268428.422957
Z3, 11, 9, 720, 21680.000000, 0.050938, 425615.454081, 433600.000000, 1.000000, 2, 26.357709, 262551.650822, 262551.650822
Z3, 12, 9, 720, 16096.000000, 0.050922, 316091.276855, 321920.000000, 1.000000, 2, 26.357709, 240646.815376, 240646.815376
Z3, 13, 9, 720, 39872.000000, 0.051116, 780029.736286, 781800.000000, 1.000000, 2, 26.357709, 333434.507262, 333434.507262
Z3, 14, 9, 720, 46392.000000, 0.051082, 908186.836851, 909640.000000, 1.000000, 2, 26.357709, 359065.927375, 359065.927375
Z3, 15, 9, 720, 26168.000000, 0.050923, 513873.888027, 523360.000000, 1.000000, 2, 26.357709, 280203.337611, 280203.337611
Z3, 16, 9, 720, 48816.000000, 0.051074, 955789.638564, 957176.000000, 1.000000, 2, 26.357709, 368586.487718, 368586.487718
Z3, 17, 9, 720, 38664.000000, 0.051109, 756500.811990, 758112.000000, 1.000000, 2, 26.357709, 328728.722403, 328728.722403
Z3, 18, 9, 720, 26344.000000, 0.050945, 517106.683678, 526880.000000, 1.000000, 2, 26.357709, 280849.896741, 280849.896741
Z3, 19, 9, 720, 19912.000000, 0.050994, 390477.311056, 398240.000000, 1.000000, 2, 26.357709, 255524.022217, 255524.022217
Z3, 20, 9, 720, 61688.000000, 0.051207, 1204679.047786, 1209568.000000, 1.000000, 2, 26.357709, 418364.369563, 418364.369563
Z3, 21, 9, 720, 59200.000000, 0.051171, 1156905.278380, 1160784.000000, 1.000000, 2, 26.357709, 408809.615681, 408809.615681
Z3, 22, 9, 720, 41064.000000, 0.051013, 804971.281830, 805176.000000, 1.000000, 2, 26.357709, 338422.816371, 338422.816371
Z3, 23, 9, 720, 55576.000000, 0.051164, 1086232.507232, 1089720.000000, 1.000000, 2, 26.357709, 394675.061452, 394675.061452
Z3, 24, 9, 720, 50200.000000, 0.051156, 981312.065056, 984312.000000, 1.000000, 2, 26.357709, 373690.973016, 373690.973016
Z3, 25, 9, 720, 30056.000000, 0.051056, 588686.931996, 589328.000000, 1.000000, 2, 26.357709, 295165.946405, 295165.946405
Z3, 26, 9, 720, 59504.000000, 0.051149, 1163346.301980, 1166744.000000, 1.000000, 2, 26.357709, 410097.820401, 410097.820401
Z3, 27, 9, 720, 65232.000000, 0.051262, 1272521.555928, 1279056.000000, 1.000000, 2, 26.357709, 431932.871191, 431932.871191
Z3, 28, 9, 720, 23952.000000, 0.050897, 470597.481187, 479040.000000, 1.000000, 2, 26.357709, 271548.056243, 271548.056243
Z3, 29, 9, 720, 32816.000000, 0.053357, 615027.081732, 619168.000000, 1.000000, 2, 26.357709, 300433.976352, 300433.976352
Z3, 30, 9, 720, 8856.000000, 0.050862, 174118.202194, 177120.000000, 1.000000, 2, 26.357709, 212252.200444, 212252.200444
Z3, 31, 9, 720, 14088.000000, 0.050907, 276739.937533, 281760.000000, 1.000000, 2, 26.357709, 232776.547512, 232776.547512
Z3, 32, 9, 720, 15104.000000, 0.050889, 296802.845409, 302080.000000, 1.000000, 2, 26.357709, 236789.129087, 236789.129087
Z3, 33, 9, 720, 11784.000000, 0.050885, 231581.016017, 235680.000000, 1.000000, 2, 26.357709, 223744.763209, 223744.763209
Z3, 34, 9, 720, 18496.000000, 0.050896, 363407.733417, 369920.000000, 1.000000, 2, 26.357709, 250110.106689, 250110.106689
Z3, 35, 9, 720, 22376.000000, 0.050897, 439632.984262, 447520.000000, 1.000000, 2, 26.357709, 265355.156858, 265355.156858
Z3, 36, 9, 720, 8792.000000, 0.050869, 172836.108435, 175840.000000, 1.000000, 2, 26.357709, 211995.781692, 211995.781692
Z3, 37, 9, 720, 19464.000000, 0.050974, 381841.723231, 389280.000000, 1.000000, 2, 26.357709, 253796.904652, 253796.904652
Z3, 38, 9, 720, 20360.000000, 0.050928, 399780.081684, 407200.000000, 1.000000, 2, 26.357709, 257384.576342, 257384.576342
Z1, 0, 10, 720, 7480.000000, 0.172798, 43287.538050, 43488.000000, 1.000000, 2, 30.734563, 215549.420041, 215549.420041
Z2, 0, 10, 720, 6624.000000, 0.172941, 38302.079900, 38504.000000, 1.000000, 2, 30.734563, 214552.328411, 214552.328411
Z2, 1, 10, 720, 7008.000000, 0.050881, 137733.142037, 140160.000000, 1.000000, 2, 30.734563, 234438.540838, 234438.540838
Z2, 2, 10, 720, 7832.000000, 0.050867, 153970.157469, 156640.000000, 1.000000, 2, 30.734563, 237685.943925, 237685.943925
Z2, 3, 10, 720, 29728.000000, 0.051006, 582833.392150, 582896.000000, 1.000000, 2, 30.734563, 323458.590861, 323458.590861
Z2, 4, 10, 720, 35840.000000, 0.051041, 702180.599910, 702744.000000, 1.000000, 2, 30.734563, 347328.032413, 347328.032413
Z2, 5, 10, 720, 43888.000000, 0.051136, 858260.325407, 860544.000000, 1.000000, 2, 30.734563, 378543.977512, 378543.977512
Z2, 6, 10, 720, 17936.000000, 0.051046, 351369.353132, 351680.000000, 1.000000, 2, 30.734563, 277165.783057, 277165.783057
Z2, 7, 10, 720, 24920.000000, 0.051029, 488349.761900, 488624.000000, 1.000000, 2, 30.734563, 304561.864811, 304561.864811
Z3, 0, 10, 720, 6840.000000, 0.173051, 39525.920104, 39536.000000, 1.000000, 2, 30.734563, 214797.096452, 214797.096452
Z3, 1, 10, 720, 22064.000000, 0.051007, 432568.078891, 432624.000000, 1.000000, 2, 30.734563, 293405.528209, 293405.528209
Z3, 2, 10, 720, 15312.000000, 0.051164, 299272.926276, 300232.000000, 1.000000, 2, 30.734563, 266746.497686, 266746.497686
Z3, 3, 10, 720, 7752.000000, 0.050961, 152116.324248, 155040.000000, 1.000000, 2, 30.734563, 237315.177281, 237315.177281
Z3, 4, 10, 720, 11432.000000, 0.050981, 224240.403287, 228640.000000, 1.000000, 2, 30.734563, 251739.993088, 251739.993088
Z3, 5, 10, 720, 17232.000000, 0.051132, 337010.091528, 337880.000000, 1.000000, 2, 30.734563, 274293.930736, 274293.930736
Z3, 6, 10, 720, 23328.000000, 0.051193, 455687.300998, 457408.000000, 1.000000, 2, 30.734563, 298029.372631, 298029.372631
Z3, 7, 10, 720, 18496.000000, 0.051171, 361454.730218, 362664.000000, 1.000000, 2, 30.734563, 279182.858475, 279182.858475
Z3, 8, 10, 720, 7968.000000, 0.050944, 156407.035176, 159360.000000, 1.000000, 2, 30.734563, 238173.319466, 238173.319466
Z3, 9, 10, 720, 19568.000000, 0.051178, 382351.791786, 383680.000000, 1.000000, 2, 30.734563, 283362.270788, 283362.270788
Z3, 10, 10, 720, 36064.000000, 0.178237, 202337.337365, 202600.000000, 1.000000, 2, 30.734563, 247359.379904, 247359.379904
Z3, 11, 10, 720, 29248.000000, 0.051140, 571920.219007, 573488.000000, 1.000000, 2, 30.734563, 321275.956232, 321275.956232
Z3, 12, 10, 720, 24216.000000, 0.051101, 473885.051173, 474816.000000, 1.000000, 2, 30.734563, 301668.922666, 301668.922666
Z3, 13, 10, 720, 54424.000000, 0.051234, 1062263.340750, 1067136.000000, 1.000000, 2, 30.734563, 419344.580581, 419344.580581
Z3, 14, 10, 720, 56832.000000, 0.051214, 1109696.567345, 1114352.000000, 1.000000, 2, 30.734563, 428831.225900, 428831.225900
Z3, 15, 10, 720, 29576.000000, 0.051009, 579819.247584, 579920.000000, 1.000000, 2, 30.734563, 322855.761948, 322855.761948
Z3, 16, 10, 720, 52328.000000, 0.051172, 1022590.479168, 1026032.000000, 1.000000, 2, 30.734563, 411410.008265, 411410.008265
Z3, 17, 10, 720, 52840.000000, 0.382333, 138204.130954, 138320.000000, 1.000000, 2, 30.734563, 234532.738622, 234532.738622
Z3, 18, 10, 720, 35136.000000, 0.051077, 687902.578460, 688936.000000, 1.000000, 2, 30.734563, 344472.428123, 344472.428123
Z3, 19, 10, 720, 23160.000000, 0.051038, 453779.536816, 454112.000000, 1.000000, 2, 30.734563, 297647.819794, 297647.819794
Z3, 20, 10, 720, 77048.000000, 0.102004, 755342.927728, 755368.000000, 1.000000, 2, 30.734563, 357960.497977, 357960.497977
Z3, 21, 10, 720, 68968.000000, 0.152562, 452065.389809, 453736.000000, 1.000000, 2, 30.734563, 297304.990393, 297304.990393
Z3, 22, 10, 720, 52224.000000, 0.101819, 512910.164115, 517064.000000, 1.000000, 2, 30.734563, 309473.945254, 309473.945254
Z3, 23, 10, 720, 76384.000000, 0.102033, 748620.544334, 748856.000000, 1.000000, 2, 30.734563, 356616.021298, 356616.021298
Z3, 24, 10, 720, 57512.000000, 0.101809, 564900.941960, 569424.000000, 1.000000, 2, 30.734563, 319872.100823, 319872.100823
Z3, 25, 10, 720, 35600.000000, 0.051117, 696441.496958, 698032.000000, 1.000000, 2, 30.734563, 346180.211823, 346180.211823
Z3, 26, 10, 720, 72816.000000, 0.101926, 714400.643604, 720944.000000, 1.000000, 2, 30.734563, 349772.041152, 349772.041152
Z3, 27, 10, 720, 93600.000000, 0.102012, 917539.113046, 917640.000000, 1.000000, 2, 30.734563, 390399.735040, 390399.735040
Z3, 28, 10, 720, 23040.000000, 0.051079, 451065.995810, 451760.000000, 1.000000, 2, 30.734563, 297105.111593, 297105.111593
Z3, 29, 10, 720, 35840.000000, 0.051170, 700410.396717, 702744.000000, 1.000000, 2, 30.734563, 346973.991774, 346973.991774
Z3, 30, 10, 720, 13072.000000, 0.050999, 256318.751348, 261440.000000, 1.000000, 2, 30.734563, 258155.662701, 258155.662701
Z3, 31, 10, 720, 20608.000000, 0.051129, 403058.929375, 404072.000000, 1.000000, 2, 30.734563, 287503.698306, 287503.698306
Z3, 32, 10, 720, 22584.000000, 0.051061, 442294.510487, 442816.000000, 1.000000, 2, 30.734563, 295350.814528, 295350.814528
Z3, 33, 10, 720, 14712.000000, 0.050972, 288629.051244, 294240.000000, 1.000000, 2, 30.734563, 264617.722680, 264617.722680
Z3, 34, 10, 720, 20512.000000, 0.051113, 401306.908223, 402192.000000, 1.000000, 2, 30.734563, 287153.294076, 287153.294076
Z3, 35, 10, 720, 17992.000000, 0.051120, 351956.181534, 352784.000000, 1.000000, 2, 30.734563, 277283.148738, 277283.148738
Z3, 36, 10, 720, 11464.000000, 0.051025, 224674.179324, 224784.000000, 1.000000, 2, 30.734563, 251826.748296, 251826.748296
Z3, 37, 10, 720, 22376.000000, 0.051120, 437715.179969, 438744.000000, 1.000000, 2, 30.734563, 294434.948425, 294434.948425
Z3, 38, 10, 720, 29088.000000, 0.051141, 568780.430574, 570352.000000, 1.000000, 2, 30.734563, 320647.998546, 320647.998546
