Zone, Tile_no, Seg_no, Reso, Seg_d_size, Seg_d_time, Bitrate, Bitrate1, Buf_lev, Buf_limit, Elapsed, Ref_vp, Local_avg
Z1, 0, 1, 720, 9960.000000, 0.265719, 37483.205943, 37584.000000, 1.000000, 2, 0.000060, 37483.205943, 37483.205943
Z2, 0, 1, 720, 8952.000000, 0.201193, 44494.589772, 44536.000000, 1.000000, 2, 0.000060, 22247.294886, 22247.294886
Z2, 1, 1, 720, 5424.000000, 0.026361, 205758.506885, 208608.000000, 1.000000, 2, 0.000060, 68586.168962, 68586.168962
Z2, 2, 1, 720, 7080.000000, 0.060363, 117290.393122, 118000.000000, 1.000000, 2, 0.000060, 29322.598280, 29322.598280
Z2, 3, 1, 720, 18976.000000, 0.039210, 483958.173935, 486560.000000, 1.000000, 2, 0.000060, 96791.634787, 96791.634787
Z2, 4, 1, 720, 8720.000000, 0.043177, 201959.376520, 202784.000000, 1.000000, 2, 0.000060, 40391.875304, 40391.875304
Z2, 5, 1, 720, 8336.000000, 0.057529, 144900.832624, 146240.000000, 1.000000, 2, 0.000060, 28980.166525, 28980.166525
Z2, 6, 1, 720, 6376.000000, 0.070948, 89868.636184, 91080.000000, 1.000000, 2, 0.000060, 17973.727237, 17973.727237
Z2, 7, 1, 720, 6872.000000, 0.058414, 117643.030780, 118480.000000, 1.000000, 2, 0.000060, 23528.606156, 23528.606156
Z3, 0, 1, 720, 7080.000000, 0.169398, 41795.062515, 41888.000000, 1.000000, 2, 0.000060, 8359.012503, 8359.012503
Z3, 1, 1, 720, 7080.000000, 0.053712, 131814.119750, 133584.000000, 1.000000, 2, 0.000060, 26362.823950, 26362.823950
Z3, 2, 1, 720, 5664.000000, 0.033748, 167832.167832, 171632.000000, 1.000000, 2, 0.000060, 33566.433566, 33566.433566
Z3, 3, 1, 720, 7080.000000, 0.037062, 191031.244941, 191344.000000, 1.000000, 2, 0.000060, 38206.248988, 38206.248988
Z3, 4, 1, 720, 7080.000000, 0.026802, 264159.391090, 272304.000000, 1.000000, 2, 0.000060, 52831.878218, 52831.878218
Z3, 5, 1, 720, 5664.000000, 0.034014, 166519.668372, 166584.000000, 1.000000, 2, 0.000060, 33303.933674, 33303.933674
Z3, 6, 1, 720, 7080.000000, 0.060798, 116451.199053, 118000.000000, 1.000000, 2, 0.000060, 23290.239811, 23290.239811
Z3, 7, 1, 720, 7080.000000, 0.046994, 150657.530749, 153912.000000, 1.000000, 2, 0.000060, 30131.506150, 30131.506150
Z3, 8, 1, 720, 5664.000000, 0.054428, 104064.084662, 104888.000000, 1.000000, 2, 0.000060, 20812.816932, 20812.816932
Z3, 9, 1, 720, 7080.000000, 0.053844, 131490.973925, 133584.000000, 1.000000, 2, 0.000060, 26298.194785, 26298.194785
Z3, 10, 1, 720, 12904.000000, 0.068064, 189586.271744, 189760.000000, 1.000000, 2, 0.000060, 37917.254349, 37917.254349
Z3, 11, 1, 720, 17344.000000, 0.202019, 85853.310827, 85856.000000, 1.000000, 2, 0.000060, 17170.662165, 17170.662165
Z3, 12, 1, 720, 16912.000000, 0.070151, 241079.956095, 241600.000000, 1.000000, 2, 0.000060, 48215.991219, 48215.991219
Z3, 13, 1, 720, 13240.000000, 0.066213, 199960.732787, 200600.000000, 1.000000, 2, 0.000060, 39992.146557, 39992.146557
Z3, 14, 1, 720, 28328.000000, 0.055928, 506508.367902, 515048.000000, 1.000000, 2, 0.000060, 101301.673580, 101301.673580
Z3, 15, 1, 720, 30528.000000, 0.066527, 458881.356442, 462544.000000, 1.000000, 2, 0.000060, 91776.271288, 91776.271288
Z3, 16, 1, 720, 16360.000000, 0.031095, 526129.602830, 527736.000000, 1.000000, 2, 0.000060, 105225.920566, 105225.920566
Z3, 17, 1, 720, 33216.000000, 0.073874, 449630.451850, 455008.000000, 1.000000, 2, 0.000060, 89926.090370, 89926.090370
Z3, 18, 1, 720, 28000.000000, 0.067739, 413351.245221, 417904.000000, 1.000000, 2, 0.000060, 82670.249044, 82670.249044
Z3, 19, 1, 720, 15744.000000, 0.057232, 275090.858261, 276208.000000, 1.000000, 2, 0.000060, 55018.171652, 55018.171652
Z3, 20, 1, 720, 16024.000000, 0.039275, 407994.907702, 410864.000000, 1.000000, 2, 0.000060, 81598.981540, 81598.981540
Z3, 21, 1, 720, 11576.000000, 0.069316, 167003.289284, 167768.000000, 1.000000, 2, 0.000060, 33400.657857, 33400.657857
Z3, 22, 1, 720, 10816.000000, 0.030344, 356446.084893, 360528.000000, 1.000000, 2, 0.000060, 71289.216979, 71289.216979
Z3, 23, 1, 720, 13224.000000, 0.046294, 285652.568367, 287472.000000, 1.000000, 2, 0.000060, 57130.513673, 57130.513673
Z3, 24, 1, 720, 17528.000000, 0.031650, 553807.266983, 565416.000000, 1.000000, 2, 0.000060, 110761.453397, 110761.453397
Z3, 25, 1, 720, 23824.000000, 0.070491, 337972.223404, 340336.000000, 1.000000, 2, 0.000060, 67594.444681, 67594.444681
Z3, 26, 1, 720, 11024.000000, 0.049061, 224699.863435, 224976.000000, 1.000000, 2, 0.000060, 44939.972687, 44939.972687
Z3, 27, 1, 720, 15112.000000, 0.072642, 208033.919771, 209888.000000, 1.000000, 2, 0.000060, 41606.783954, 41606.783954
Z3, 28, 1, 720, 24552.000000, 0.042013, 584390.545783, 584568.000000, 1.000000, 2, 0.000060, 116878.109157, 116878.109157
Z3, 29, 1, 720, 10824.000000, 0.034436, 314322.220932, 318352.000000, 1.000000, 2, 0.000060, 62864.444186, 62864.444186
Z3, 30, 1, 720, 6872.000000, 0.030392, 226112.134772, 229064.000000, 1.000000, 2, 0.000060, 45222.426954, 45222.426954
Z3, 31, 1, 720, 6872.000000, 0.036154, 190075.786912, 190888.000000, 1.000000, 2, 0.000060, 38015.157382, 38015.157382
Z3, 32, 1, 720, 6376.000000, 0.029128, 218895.907718, 219856.000000, 1.000000, 2, 0.000060, 43779.181544, 43779.181544
Z3, 33, 1, 720, 6872.000000, 0.044020, 156110.858701, 156176.000000, 1.000000, 2, 0.000060, 31222.171740, 31222.171740
Z3, 34, 1, 720, 6872.000000, 0.322187, 21329.228057, 21336.000000, 1.000000, 2, 0.000060, 4265.845611, 4265.845611
Z3, 35, 1, 720, 6376.000000, 0.044454, 143429.162730, 144904.000000, 1.000000, 2, 0.000060, 28685.832546, 28685.832546
Z3, 36, 1, 720, 6872.000000, 0.043793, 156920.055717, 159808.000000, 1.000000, 2, 0.000060, 31384.011143, 31384.011143
Z3, 37, 1, 720, 6872.000000, 0.041992, 163650.219089, 167608.000000, 1.000000, 2, 0.000060, 32730.043818, 32730.043818
Z3, 38, 1, 720, 6376.000000, 0.063051, 101124.486527, 101200.000000, 1.000000, 2, 0.000060, 20224.897305, 20224.897305
Z1, 0, 2, 720, 9320.000000, 0.225927, 41252.262899, 41416.000000, 1.000000, 2, 3.299648, 28475.349885, 28475.349885
Z2, 0, 2, 720, 6624.000000, 0.413234, 16029.658741, 16032.000000, 1.000000, 2, 3.299648, 23430.829053, 23430.829053
Z2, 1, 2, 720, 5424.000000, 0.052986, 102366.662892, 104304.000000, 1.000000, 2, 3.299648, 40698.229884, 40698.229884
Z2, 2, 2, 720, 7080.000000, 0.051567, 137297.108616, 138816.000000, 1.000000, 2, 3.299648, 47684.319029, 47684.319029
Z2, 3, 2, 720, 18392.000000, 0.071043, 258885.463733, 259040.000000, 1.000000, 2, 3.299648, 72001.990052, 72001.990052
Z2, 4, 2, 720, 9160.000000, 0.043686, 209678.157762, 213016.000000, 1.000000, 2, 3.299648, 62160.528858, 62160.528858
Z2, 5, 2, 720, 8048.000000, 0.032080, 250872.817955, 251496.000000, 1.000000, 2, 3.299648, 70399.460896, 70399.460896
Z2, 6, 2, 720, 6376.000000, 0.026250, 242895.238095, 245224.000000, 1.000000, 2, 3.299648, 68803.944924, 68803.944924
Z2, 7, 2, 720, 6872.000000, 0.059894, 114736.033659, 116472.000000, 1.000000, 2, 3.299648, 43172.104037, 43172.104037
Z3, 0, 2, 720, 7080.000000, 0.189782, 37305.961577, 37456.000000, 1.000000, 2, 3.299648, 27686.089621, 27686.089621
Z3, 1, 2, 720, 7080.000000, 0.071637, 98831.609364, 99712.000000, 1.000000, 2, 3.299648, 39991.219178, 39991.219178
Z3, 2, 2, 720, 5664.000000, 0.069315, 81713.914737, 82080.000000, 1.000000, 2, 3.299648, 36567.680253, 36567.680253
Z3, 3, 2, 720, 7080.000000, 0.051364, 137839.732108, 138816.000000, 1.000000, 2, 3.299648, 47792.843727, 47792.843727
Z3, 4, 2, 720, 7080.000000, 0.058168, 121716.407647, 122064.000000, 1.000000, 2, 3.299648, 44568.178835, 44568.178835
Z3, 5, 2, 720, 5664.000000, 0.074719, 75804.012366, 76536.000000, 1.000000, 2, 3.299648, 35385.699779, 35385.699779
Z3, 6, 2, 720, 7080.000000, 0.070964, 99768.896905, 101136.000000, 1.000000, 2, 3.299648, 40178.676686, 40178.676686
Z3, 7, 2, 720, 7080.000000, 0.073016, 96965.048756, 96984.000000, 1.000000, 2, 3.299648, 39617.907057, 39617.907057
Z3, 8, 2, 720, 5664.000000, 0.040892, 138511.200235, 141600.000000, 1.000000, 2, 3.299648, 47927.137352, 47927.137352
Z3, 9, 2, 720, 7080.000000, 0.027415, 258252.781324, 262216.000000, 1.000000, 2, 3.299648, 71875.453570, 71875.453570
Z3, 10, 2, 720, 12648.000000, 0.066656, 189750.360058, 191632.000000, 1.000000, 2, 3.299648, 58174.969317, 58174.969317
Z3, 11, 2, 720, 17112.000000, 0.074982, 228214.771545, 231240.000000, 1.000000, 2, 3.299648, 65867.851614, 65867.851614
Z3, 12, 2, 720, 15320.000000, 0.071241, 215044.707402, 215768.000000, 1.000000, 2, 3.299648, 63233.838786, 63233.838786
Z3, 13, 2, 720, 10704.000000, 0.035304, 303195.105370, 305824.000000, 1.000000, 2, 3.299648, 80863.918379, 80863.918379
Z3, 14, 2, 720, 18776.000000, 0.071881, 261209.499033, 264448.000000, 1.000000, 2, 3.299648, 72466.797112, 72466.797112
Z3, 15, 2, 720, 21848.000000, 0.074803, 292073.847306, 295240.000000, 1.000000, 2, 3.299648, 78639.666766, 78639.666766
Z3, 16, 2, 720, 12752.000000, 0.054329, 234718.106352, 236144.000000, 1.000000, 2, 3.299648, 67168.518576, 67168.518576
Z3, 17, 2, 720, 21856.000000, 0.044645, 489550.901557, 496720.000000, 1.000000, 2, 3.299648, 118135.077617, 118135.077617
Z3, 18, 2, 720, 16880.000000, 0.032743, 515530.036954, 527496.000000, 1.000000, 2, 3.299648, 123330.904696, 123330.904696
Z3, 19, 2, 720, 12128.000000, 0.047551, 255052.469980, 258040.000000, 1.000000, 2, 3.299648, 71235.391301, 71235.391301
Z3, 20, 2, 720, 15344.000000, 0.072904, 210468.561396, 213104.000000, 1.000000, 2, 3.299648, 62318.609585, 62318.609585
Z3, 21, 2, 720, 11592.000000, 0.074412, 155781.325593, 156648.000000, 1.000000, 2, 3.299648, 51381.162424, 51381.162424
Z3, 22, 2, 720, 9952.000000, 0.068428, 145437.540188, 146352.000000, 1.000000, 2, 3.299648, 49312.405343, 49312.405343
Z3, 23, 2, 720, 11064.000000, 0.058348, 189620.895318, 190752.000000, 1.000000, 2, 3.299648, 58149.076369, 58149.076369
Z3, 24, 2, 720, 14728.000000, 0.068393, 215343.675522, 216584.000000, 1.000000, 2, 3.299648, 63293.632410, 63293.632410
Z3, 25, 2, 720, 16264.000000, 0.044392, 366372.319337, 369632.000000, 1.000000, 2, 3.299648, 93499.361173, 93499.361173
Z3, 26, 2, 720, 9504.000000, 0.028234, 336615.428207, 339424.000000, 1.000000, 2, 3.299648, 87547.982947, 87547.982947
Z3, 27, 2, 720, 12688.000000, 0.050816, 249685.138539, 253760.000000, 1.000000, 2, 3.299648, 70161.925013, 70161.925013
Z3, 28, 2, 720, 17320.000000, 0.063754, 271669.228597, 274920.000000, 1.000000, 2, 3.299648, 74558.743025, 74558.743025
Z3, 29, 2, 720, 10632.000000, 0.034048, 312265.037594, 312704.000000, 1.000000, 2, 3.299648, 82677.904824, 82677.904824
Z3, 30, 2, 720, 6872.000000, 0.046859, 146652.724130, 149384.000000, 1.000000, 2, 3.299648, 49555.442131, 49555.442131
Z3, 31, 2, 720, 6872.000000, 0.065872, 104323.536556, 105720.000000, 1.000000, 2, 3.299648, 41089.604617, 41089.604617
Z3, 32, 2, 720, 6376.000000, 0.033066, 192826.468276, 193208.000000, 1.000000, 2, 3.299648, 58790.190960, 58790.190960
Z3, 33, 2, 720, 6872.000000, 0.060500, 113586.776860, 114528.000000, 1.000000, 2, 3.299648, 42942.252677, 42942.252677
Z3, 34, 2, 720, 6872.000000, 0.048163, 142682.141893, 143160.000000, 1.000000, 2, 3.299648, 48761.325684, 48761.325684
Z3, 35, 2, 720, 6376.000000, 0.067160, 94937.462775, 95160.000000, 1.000000, 2, 3.299648, 39212.389860, 39212.389860
Z3, 36, 2, 720, 6872.000000, 0.028354, 242364.393031, 245424.000000, 1.000000, 2, 3.299648, 68697.775912, 68697.775912
Z3, 37, 2, 720, 6872.000000, 0.064781, 106080.486562, 107368.000000, 1.000000, 2, 3.299648, 41440.994618, 41440.994618
Z3, 38, 2, 720, 6376.000000, 0.074626, 85439.391097, 86160.000000, 1.000000, 2, 3.299648, 37312.775525, 37312.775525
Z1, 0, 3, 720, 7080.000000, 0.184426, 38389.381107, 38472.000000, 1.000000, 2, 6.638072, 44990.651746, 44990.651746
Z2, 0, 3, 720, 6624.000000, 0.160103, 41373.365896, 41400.000000, 1.000000, 2, 6.638072, 45587.448704, 45587.448704
Z2, 1, 3, 720, 5664.000000, 0.281052, 20152.854276, 20152.000000, 1.000000, 2, 6.638072, 41343.346380, 41343.346380
Z2, 2, 3, 720, 7080.000000, 0.047856, 147943.831494, 150632.000000, 1.000000, 2, 6.638072, 66901.541824, 66901.541824
Z2, 3, 3, 720, 12544.000000, 0.055413, 226372.872792, 228072.000000, 1.000000, 2, 6.638072, 82587.350083, 82587.350083
Z2, 4, 3, 720, 15304.000000, 0.038817, 394260.246799, 402736.000000, 1.000000, 2, 6.638072, 116164.824885, 116164.824885
Z2, 5, 3, 720, 9896.000000, 0.051134, 193530.723198, 194032.000000, 1.000000, 2, 6.638072, 76018.920164, 76018.920164
Z2, 6, 3, 720, 6376.000000, 0.053453, 119282.360204, 120296.000000, 1.000000, 2, 6.638072, 61169.247566, 61169.247566
Z2, 7, 3, 720, 6872.000000, 0.051017, 134700.197973, 134744.000000, 1.000000, 2, 6.638072, 64252.815119, 64252.815119
Z3, 0, 3, 720, 5424.000000, 0.141557, 38316.720473, 38464.000000, 1.000000, 2, 6.638072, 44976.119619, 44976.119619
Z3, 1, 3, 720, 7080.000000, 0.045195, 156654.497179, 157328.000000, 1.000000, 2, 6.638072, 68643.674961, 68643.674961
Z3, 2, 3, 720, 7080.000000, 0.074098, 95549.137629, 95672.000000, 1.000000, 2, 6.638072, 56422.603050, 56422.603050
Z3, 3, 3, 720, 5664.000000, 0.054261, 104384.364461, 104888.000000, 1.000000, 2, 6.638072, 58189.648417, 58189.648417
Z3, 4, 3, 720, 7080.000000, 0.069950, 101215.153681, 102608.000000, 1.000000, 2, 6.638072, 57555.806261, 57555.806261
Z3, 5, 3, 720, 7080.000000, 0.053935, 131269.120237, 133584.000000, 1.000000, 2, 6.638072, 63566.599572, 63566.599572
Z3, 6, 3, 720, 5664.000000, 0.026835, 211067.635551, 217840.000000, 1.000000, 2, 6.638072, 79526.302635, 79526.302635
Z3, 7, 3, 720, 7080.000000, 0.070344, 100648.242921, 101136.000000, 1.000000, 2, 6.638072, 57442.424109, 57442.424109
Z3, 8, 3, 720, 7080.000000, 0.053823, 131542.277465, 133584.000000, 1.000000, 2, 6.638072, 63621.231018, 63621.231018
Z3, 9, 3, 720, 14120.000000, 0.053786, 262521.845833, 266408.000000, 1.000000, 2, 6.638072, 89817.144691, 89817.144691
Z3, 10, 3, 720, 17536.000000, 0.064481, 271956.080086, 274000.000000, 1.000000, 2, 6.638072, 91703.991542, 91703.991542
Z3, 11, 3, 720, 16008.000000, 0.070282, 227768.134088, 228680.000000, 1.000000, 2, 6.638072, 82866.402342, 82866.402342
Z3, 12, 3, 720, 10896.000000, 0.039794, 273810.122129, 279384.000000, 1.000000, 2, 6.638072, 92074.799951, 92074.799951
Z3, 13, 3, 720, 19720.000000, 0.074153, 265936.644505, 266480.000000, 1.000000, 2, 6.638072, 90500.104426, 90500.104426
Z3, 14, 3, 720, 20104.000000, 0.028014, 717641.179410, 718000.000000, 1.000000, 2, 6.638072, 180841.011407, 180841.011407
Z3, 15, 3, 720, 12504.000000, 0.054142, 230948.247202, 231552.000000, 1.000000, 2, 6.638072, 83502.424965, 83502.424965
Z3, 16, 3, 720, 23072.000000, 0.050303, 458660.517265, 461440.000000, 1.000000, 2, 6.638072, 129044.878978, 129044.878978
Z3, 17, 3, 720, 18112.000000, 0.052579, 344472.127656, 348304.000000, 1.000000, 2, 6.638072, 106207.201056, 106207.201056
Z3, 18, 3, 720, 18632.000000, 0.070533, 264160.038564, 266168.000000, 1.000000, 2, 6.638072, 90144.783237, 90144.783237
Z3, 19, 3, 720, 9664.000000, 0.047381, 203963.614107, 205616.000000, 1.000000, 2, 6.638072, 78105.498346, 78105.498346
Z3, 20, 3, 720, 12280.000000, 0.034937, 351489.824541, 361176.000000, 1.000000, 2, 6.638072, 107610.740433, 107610.740433
Z3, 21, 3, 720, 10368.000000, 0.070997, 146034.339479, 148112.000000, 1.000000, 2, 6.638072, 66519.643421, 66519.643421
Z3, 22, 3, 720, 10520.000000, 0.038431, 273737.347454, 276840.000000, 1.000000, 2, 6.638072, 92060.245016, 92060.245016
Z3, 23, 3, 720, 15288.000000, 0.054216, 281983.178398, 283104.000000, 1.000000, 2, 6.638072, 93709.411204, 93709.411204
Z3, 24, 3, 720, 16344.000000, 0.044634, 366178.249765, 371448.000000, 1.000000, 2, 6.638072, 110548.425478, 110548.425478
Z3, 25, 3, 720, 9016.000000, 0.059677, 151079.980562, 152808.000000, 1.000000, 2, 6.638072, 67528.771637, 67528.771637
Z3, 26, 3, 720, 13800.000000, 0.051531, 267799.965070, 270584.000000, 1.000000, 2, 6.638072, 90872.768539, 90872.768539
Z3, 27, 3, 720, 17664.000000, 0.053202, 332017.593324, 333280.000000, 1.000000, 2, 6.638072, 103716.294189, 103716.294189
Z3, 28, 3, 720, 10240.000000, 0.050159, 204150.800455, 204800.000000, 1.000000, 2, 6.638072, 78142.935616, 78142.935616
Z3, 29, 3, 720, 8424.000000, 0.054385, 154895.651374, 156000.000000, 1.000000, 2, 6.638072, 68291.905800, 68291.905800
Z3, 30, 3, 720, 6376.000000, 0.064448, 98932.472691, 99624.000000, 1.000000, 2, 6.638072, 57099.270063, 57099.270063
Z3, 31, 3, 720, 6872.000000, 0.036779, 186845.754371, 190888.000000, 1.000000, 2, 6.638072, 74681.926399, 74681.926399
Z3, 32, 3, 720, 6872.000000, 0.029935, 229564.055453, 236960.000000, 1.000000, 2, 6.638072, 83225.586615, 83225.586615
Z3, 33, 3, 720, 6376.000000, 0.027588, 231114.977526, 236144.000000, 1.000000, 2, 6.638072, 83535.771030, 83535.771030
Z3, 34, 3, 720, 6872.000000, 0.047212, 145556.214522, 146208.000000, 1.000000, 2, 6.638072, 66424.018429, 66424.018429
Z3, 35, 3, 720, 6872.000000, 0.059498, 115499.680662, 116472.000000, 1.000000, 2, 6.638072, 60412.711657, 60412.711657
Z3, 36, 3, 720, 6376.000000, 0.039806, 160176.857760, 163480.000000, 1.000000, 2, 6.638072, 69348.147077, 69348.147077
Z3, 37, 3, 720, 6872.000000, 0.067787, 101376.370100, 102560.000000, 1.000000, 2, 6.638072, 57588.049545, 57588.049545
Z3, 38, 3, 720, 6872.000000, 0.038377, 179065.586158, 180840.000000, 1.000000, 2, 6.638072, 73125.892756, 73125.892756
Z1, 0, 4, 720, 22592.000000, 0.212763, 106183.875956, 106560.000000, 1.000000, 2, 9.687907, 94362.667948, 94362.667948
Z2, 0, 4, 720, 6624.000000, 0.512578, 12922.911245, 12936.000000, 1.000000, 2, 9.687907, 75710.475005, 75710.475005
Z2, 1, 4, 720, 6648.000000, 0.067642, 98282.132403, 99216.000000, 1.000000, 2, 9.687907, 92782.319237, 92782.319237
Z2, 2, 4, 720, 7200.000000, 0.049716, 144822.592324, 146936.000000, 1.000000, 2, 9.687907, 102090.411221, 102090.411221
Z2, 3, 4, 720, 7296.000000, 0.069817, 104501.768910, 105736.000000, 1.000000, 2, 9.687907, 94026.246538, 94026.246538
Z2, 4, 4, 720, 17272.000000, 0.074056, 233228.907854, 233400.000000, 1.000000, 2, 9.687907, 119771.674327, 119771.674327
Z2, 5, 4, 720, 26240.000000, 0.075041, 349675.510721, 349864.000000, 1.000000, 2, 9.687907, 143060.994901, 143060.994901
Z2, 6, 4, 720, 12720.000000, 0.038871, 327236.242957, 334736.000000, 1.000000, 2, 9.687907, 138573.141348, 138573.141348
Z2, 7, 4, 720, 11496.000000, 0.032133, 357763.047335, 359248.000000, 1.000000, 2, 9.687907, 144678.502223, 144678.502223
Z3, 0, 4, 720, 6448.000000, 0.158501, 40681.131349, 40808.000000, 1.000000, 2, 9.687907, 81262.119026, 81262.119026
Z3, 1, 4, 720, 7448.000000, 0.065450, 113796.791444, 114584.000000, 1.000000, 2, 9.687907, 95885.251045, 95885.251045
Z3, 2, 4, 720, 7424.000000, 0.058887, 126071.968346, 128000.000000, 1.000000, 2, 9.687907, 98340.286426, 98340.286426
Z3, 3, 4, 720, 6648.000000, 0.026658, 249381.048841, 255688.000000, 1.000000, 2, 9.687907, 123002.102525, 123002.102525
Z3, 4, 4, 720, 7224.000000, 0.069982, 103226.543968, 104688.000000, 1.000000, 2, 9.687907, 93771.201550, 93771.201550
Z3, 5, 4, 720, 7240.000000, 0.065704, 110191.160356, 111384.000000, 1.000000, 2, 9.687907, 95164.124828, 95164.124828
Z3, 6, 4, 720, 6648.000000, 0.037443, 177549.875811, 179672.000000, 1.000000, 2, 9.687907, 108635.867919, 108635.867919
Z3, 7, 4, 720, 7232.000000, 0.054624, 132396.016403, 133920.000000, 1.000000, 2, 9.687907, 99605.096037, 99605.096037
Z3, 8, 4, 720, 7296.000000, 0.045209, 161383.795262, 162128.000000, 1.000000, 2, 9.687907, 105402.651809, 105402.651809
Z3, 9, 4, 720, 16456.000000, 0.050819, 323815.895630, 329120.000000, 1.000000, 2, 9.687907, 137889.071882, 137889.071882
Z3, 10, 4, 720, 25392.000000, 0.039319, 645794.653984, 651072.000000, 1.000000, 2, 9.687907, 202284.823553, 202284.823553
Z3, 11, 4, 720, 21592.000000, 0.075897, 284490.823089, 287888.000000, 1.000000, 2, 9.687907, 130024.057374, 130024.057374
Z3, 12, 4, 720, 13528.000000, 0.208116, 65002.210306, 65032.000000, 1.000000, 2, 9.687907, 86126.334818, 86126.334818
Z3, 13, 4, 720, 29512.000000, 0.075238, 392248.597783, 393488.000000, 1.000000, 2, 9.687907, 151575.612313, 151575.612313
Z3, 14, 4, 720, 29688.000000, 0.049144, 604102.230181, 605872.000000, 1.000000, 2, 9.687907, 193946.338793, 193946.338793
Z3, 15, 4, 720, 16760.000000, 0.074292, 225596.295698, 226480.000000, 1.000000, 2, 9.687907, 118245.151896, 118245.151896
Z3, 16, 4, 720, 33128.000000, 0.058136, 569836.246044, 571168.000000, 1.000000, 2, 9.687907, 187093.141965, 187093.141965
Z3, 17, 4, 720, 26248.000000, 0.062559, 419571.924104, 423352.000000, 1.000000, 2, 9.687907, 157040.277577, 157040.277577
Z3, 18, 4, 720, 14624.000000, 0.049837, 293436.603327, 298448.000000, 1.000000, 2, 9.687907, 131813.213422, 131813.213422
Z3, 19, 4, 720, 26816.000000, 0.038444, 697534.075538, 705680.000000, 1.000000, 2, 9.687907, 212632.707864, 212632.707864
Z3, 20, 4, 720, 23128.000000, 0.051503, 449061.219735, 453488.000000, 1.000000, 2, 9.687907, 162938.136703, 162938.136703
Z3, 21, 4, 720, 19440.000000, 0.051314, 378843.980200, 381176.000000, 1.000000, 2, 9.687907, 148894.688796, 148894.688796
Z3, 22, 4, 720, 29088.000000, 0.059824, 486226.263707, 493016.000000, 1.000000, 2, 9.687907, 170371.145498, 170371.145498
Z3, 23, 4, 720, 29840.000000, 0.040053, 745012.857963, 746000.000000, 1.000000, 2, 9.687907, 222128.464349, 222128.464349
Z3, 24, 4, 720, 17200.000000, 0.029457, 583901.958787, 593096.000000, 1.000000, 2, 9.687907, 189906.284514, 189906.284514
Z3, 25, 4, 720, 25664.000000, 0.055279, 464263.101720, 466616.000000, 1.000000, 2, 9.687907, 165978.513100, 165978.513100
Z3, 26, 4, 720, 26808.000000, 0.160138, 167405.612659, 167544.000000, 1.000000, 2, 9.687907, 106607.015288, 106607.015288
Z3, 27, 4, 720, 17472.000000, 0.052466, 333015.667289, 336000.000000, 1.000000, 2, 9.687907, 139729.026214, 139729.026214
Z3, 28, 4, 720, 6448.000000, 0.051076, 126243.245360, 126424.000000, 1.000000, 2, 9.687907, 98374.541828, 98374.541828
Z3, 29, 4, 720, 7200.000000, 0.035909, 200506.836726, 205712.000000, 1.000000, 2, 9.687907, 113227.260102, 113227.260102
Z3, 30, 4, 720, 7520.000000, 0.071406, 105313.278996, 105912.000000, 1.000000, 2, 9.687907, 94188.548556, 94188.548556
Z3, 31, 4, 720, 6728.000000, 0.042432, 158559.577677, 160184.000000, 1.000000, 2, 9.687907, 104837.808292, 104837.808292
Z3, 32, 4, 720, 7224.000000, 0.055479, 130211.431352, 131344.000000, 1.000000, 2, 9.687907, 99168.179027, 99168.179027
Z3, 33, 4, 720, 7256.000000, 0.042301, 171532.587882, 172760.000000, 1.000000, 2, 9.687907, 107432.410333, 107432.410333
Z3, 34, 4, 720, 6544.000000, 0.058704, 111474.516217, 112824.000000, 1.000000, 2, 9.687907, 95420.796000, 95420.796000
Z3, 35, 4, 720, 12272.000000, 0.036139, 339577.741498, 340888.000000, 1.000000, 2, 9.687907, 141041.441056, 141041.441056
Z3, 36, 4, 720, 8544.000000, 0.030778, 277600.883748, 284800.000000, 1.000000, 2, 9.687907, 128646.069506, 128646.069506
Z3, 37, 4, 720, 6424.000000, 0.035069, 183181.727452, 183536.000000, 1.000000, 2, 9.687907, 109762.238247, 109762.238247
Z3, 38, 4, 720, 6872.000000, 0.075653, 90835.789724, 91624.000000, 1.000000, 2, 9.687907, 91293.050701, 91293.050701
Z1, 0, 5, 720, 20272.000000, 0.231229, 87670.664147, 87752.000000, 1.000000, 2, 13.227545, 108827.183531, 108827.183531
Z2, 0, 5, 720, 6624.000000, 0.159743, 41466.605735, 41656.000000, 1.000000, 2, 13.227545, 99586.371848, 99586.371848
Z2, 1, 5, 720, 7616.000000, 0.034418, 221279.563019, 224000.000000, 1.000000, 2, 13.227545, 135548.963305, 135548.963305
Z2, 2, 5, 720, 8792.000000, 0.045604, 192790.106131, 195376.000000, 1.000000, 2, 13.227545, 129851.071927, 129851.071927
Z2, 3, 5, 720, 8816.000000, 0.049951, 176492.963104, 179912.000000, 1.000000, 2, 13.227545, 126591.643322, 126591.643322
Z2, 4, 5, 720, 14976.000000, 0.040671, 368223.058199, 374400.000000, 1.000000, 2, 13.227545, 164937.662341, 164937.662341
Z2, 5, 5, 720, 25312.000000, 0.060340, 419489.559165, 421864.000000, 1.000000, 2, 13.227545, 175190.962534, 175190.962534
Z2, 6, 5, 720, 13208.000000, 0.065595, 201356.810733, 203200.000000, 1.000000, 2, 13.227545, 131564.412848, 131564.412848
Z2, 7, 5, 720, 16320.000000, 0.043067, 378944.435415, 379528.000000, 1.000000, 2, 13.227545, 167081.937784, 167081.937784
Z3, 0, 5, 720, 7712.000000, 0.183309, 42071.038520, 42136.000000, 1.000000, 2, 13.227545, 99707.258405, 99707.258405
Z3, 1, 5, 720, 9624.000000, 0.038331, 251076.152461, 253256.000000, 1.000000, 2, 13.227545, 141508.281194, 141508.281194
Z3, 2, 5, 720, 9096.000000, 0.404907, 22464.417755, 22512.000000, 1.000000, 2, 13.227545, 95785.934252, 95785.934252
Z3, 3, 5, 720, 7632.000000, 0.052628, 145017.861215, 146768.000000, 1.000000, 2, 13.227545, 120296.622944, 120296.622944
Z3, 4, 5, 720, 8304.000000, 0.031806, 261082.814563, 267864.000000, 1.000000, 2, 13.227545, 143509.613614, 143509.613614
Z3, 5, 5, 720, 8504.000000, 0.059804, 142197.846298, 144128.000000, 1.000000, 2, 13.227545, 119732.619961, 119732.619961
Z3, 6, 5, 720, 7384.000000, 0.047980, 153897.457274, 157104.000000, 1.000000, 2, 13.227545, 122072.542156, 122072.542156
Z3, 7, 5, 720, 8968.000000, 0.028007, 320205.662870, 320280.000000, 1.000000, 2, 13.227545, 155334.183275, 155334.183275
Z3, 8, 5, 720, 8912.000000, 0.039610, 224993.688463, 228512.000000, 1.000000, 2, 13.227545, 136291.788394, 136291.788394
Z3, 9, 5, 720, 16688.000000, 0.046813, 356482.173755, 362776.000000, 1.000000, 2, 13.227545, 162589.485452, 162589.485452
Z3, 10, 5, 720, 23832.000000, 0.049381, 482614.770863, 486360.000000, 1.000000, 2, 13.227545, 187816.004874, 187816.004874
Z3, 11, 5, 720, 21144.000000, 0.073413, 288014.384373, 289640.000000, 1.000000, 2, 13.227545, 148895.927576, 148895.927576
Z3, 12, 5, 720, 14272.000000, 0.062396, 228732.611065, 230192.000000, 1.000000, 2, 13.227545, 137039.572914, 137039.572914
Z3, 13, 5, 720, 27640.000000, 0.045694, 604893.421456, 614216.000000, 1.000000, 2, 13.227545, 212271.734992, 212271.734992
Z3, 14, 5, 720, 33288.000000, 0.054170, 614509.876315, 616440.000000, 1.000000, 2, 13.227545, 214195.025964, 214195.025964
Z3, 15, 5, 720, 17576.000000, 0.052751, 333187.996436, 338000.000000, 1.000000, 2, 13.227545, 157930.649988, 157930.649988
Z3, 16, 5, 720, 34872.000000, 0.056548, 616679.635000, 622712.000000, 1.000000, 2, 13.227545, 214628.977701, 214628.977701
Z3, 17, 5, 720, 27336.000000, 0.038600, 708186.528497, 719368.000000, 1.000000, 2, 13.227545, 232930.356401, 232930.356401
Z3, 18, 5, 720, 18312.000000, 0.039205, 467083.280194, 469536.000000, 1.000000, 2, 13.227545, 184709.706740, 184709.706740
Z3, 19, 5, 720, 41432.000000, 0.057661, 718544.596868, 726872.000000, 1.000000, 2, 13.227545, 235001.970075, 235001.970075
Z3, 20, 5, 720, 36760.000000, 0.067000, 548656.716418, 548656.000000, 1.000000, 2, 13.227545, 201024.393985, 201024.393985
Z3, 21, 5, 720, 21272.000000, 0.228756, 92989.910647, 93296.000000, 1.000000, 2, 13.227545, 109891.032831, 109891.032831
Z3, 22, 5, 720, 43464.000000, 0.112275, 387120.908484, 388064.000000, 1.000000, 2, 13.227545, 168717.232398, 168717.232398
Z3, 23, 5, 720, 42000.000000, 0.069437, 604864.841511, 608688.000000, 1.000000, 2, 13.227545, 212266.019003, 212266.019003
Z3, 24, 5, 720, 20304.000000, 0.068046, 298386.385680, 298584.000000, 1.000000, 2, 13.227545, 150970.327837, 150970.327837
Z3, 25, 5, 720, 32736.000000, 0.174163, 187961.851828, 188136.000000, 1.000000, 2, 13.227545, 128885.421067, 128885.421067
Z3, 26, 5, 720, 34608.000000, 0.136339, 253837.860040, 254464.000000, 1.000000, 2, 13.227545, 142060.622709, 142060.622709
Z3, 27, 5, 720, 21272.000000, 0.114923, 185097.848124, 186592.000000, 1.000000, 2, 13.227545, 128312.620326, 128312.620326
Z3, 28, 5, 720, 8752.000000, 0.043711, 200224.199858, 203528.000000, 1.000000, 2, 13.227545, 131337.890673, 131337.890673
Z3, 29, 5, 720, 12760.000000, 0.048962, 260610.269188, 265832.000000, 1.000000, 2, 13.227545, 143415.104539, 143415.104539
Z3, 30, 5, 720, 15440.000000, 0.052330, 295050.640168, 296920.000000, 1.000000, 2, 13.227545, 150303.178735, 150303.178735
Z3, 31, 5, 720, 10000.000000, 0.073796, 135508.699659, 136984.000000, 1.000000, 2, 13.227545, 118394.790633, 118394.790633
Z3, 32, 5, 720, 15200.000000, 0.075077, 202458.808956, 202664.000000, 1.000000, 2, 13.227545, 131784.812492, 131784.812492
Z3, 33, 5, 720, 18352.000000, 0.040530, 452800.394769, 458800.000000, 1.000000, 2, 13.227545, 181853.129655, 181853.129655
Z3, 34, 5, 720, 11224.000000, 0.073814, 152057.875200, 153752.000000, 1.000000, 2, 13.227545, 121704.625741, 121704.625741
Z3, 35, 5, 720, 23240.000000, 0.052817, 440009.845315, 446920.000000, 1.000000, 2, 13.227545, 179295.019764, 179295.019764
Z3, 36, 5, 720, 16824.000000, 0.056571, 297396.192395, 300424.000000, 1.000000, 2, 13.227545, 150772.289180, 150772.289180
Z3, 37, 5, 720, 9680.000000, 0.037616, 257337.303275, 261616.000000, 1.000000, 2, 13.227545, 142760.511356, 142760.511356
Z3, 38, 5, 720, 12888.000000, 0.060940, 211486.708238, 214800.000000, 1.000000, 2, 13.227545, 133590.392349, 133590.392349
Z1, 0, 6, 720, 7488.000000, 0.163155, 45895.007815, 45936.000000, 1.000000, 2, 17.016230, 122544.496606, 122544.496606
Z2, 0, 6, 720, 6624.000000, 1.204814, 5497.944081, 5496.000000, 1.000000, 2, 17.016230, 114465.083860, 114465.083860
Z2, 1, 6, 720, 6768.000000, 0.064087, 105606.441244, 105744.000000, 1.000000, 2, 17.016230, 134486.783292, 134486.783292
Z2, 2, 6, 720, 7752.000000, 0.059863, 129495.681807, 131384.000000, 1.000000, 2, 17.016230, 139264.631405, 139264.631405
Z2, 3, 6, 720, 10768.000000, 0.035356, 304559.339292, 307656.000000, 1.000000, 2, 17.016230, 174277.362902, 174277.362902
Z2, 4, 6, 720, 14912.000000, 0.029358, 507936.507937, 514200.000000, 1.000000, 2, 17.016230, 214952.796631, 214952.796631
Z2, 5, 6, 720, 14376.000000, 0.033987, 422985.259070, 435632.000000, 1.000000, 2, 17.016230, 197962.546857, 197962.546857
Z2, 6, 6, 720, 7176.000000, 0.041805, 171654.108360, 175024.000000, 1.000000, 2, 17.016230, 147696.316715, 147696.316715
Z2, 7, 6, 720, 8768.000000, 0.031680, 276767.676768, 282832.000000, 1.000000, 2, 17.016230, 168719.030397, 168719.030397
Z3, 0, 6, 720, 6760.000000, 0.176397, 38322.647211, 38408.000000, 1.000000, 2, 17.016230, 121030.024486, 121030.024486
Z3, 1, 6, 720, 8320.000000, 0.046219, 180012.548952, 180864.000000, 1.000000, 2, 17.016230, 149368.004834, 149368.004834
Z3, 2, 6, 720, 7800.000000, 0.029778, 261938.343744, 268960.000000, 1.000000, 2, 17.016230, 165753.163792, 165753.163792
Z3, 3, 6, 720, 6928.000000, 0.042793, 161895.637137, 164952.000000, 1.000000, 2, 17.016230, 145744.622471, 145744.622471
Z3, 4, 6, 720, 7472.000000, 0.071777, 104100.199228, 105232.000000, 1.000000, 2, 17.016230, 134185.534889, 134185.534889
Z3, 5, 6, 720, 7416.000000, 0.072239, 102659.228395, 103000.000000, 1.000000, 2, 17.016230, 133897.340722, 133897.340722
Z3, 6, 6, 720, 6760.000000, 0.054504, 124027.594305, 125184.000000, 1.000000, 2, 17.016230, 138171.013904, 138171.013904
Z3, 7, 6, 720, 7600.000000, 0.072356, 105036.209851, 105552.000000, 1.000000, 2, 17.016230, 134372.737014, 134372.737014
Z3, 8, 6, 720, 7600.000000, 0.067561, 112490.934119, 113432.000000, 1.000000, 2, 17.016230, 135863.681867, 135863.681867
Z3, 9, 6, 720, 12912.000000, 0.048061, 268658.579722, 269000.000000, 1.000000, 2, 17.016230, 167097.210988, 167097.210988
Z3, 10, 6, 720, 17552.000000, 0.030738, 571019.584879, 585064.000000, 1.000000, 2, 17.016230, 227569.412019, 227569.412019
Z3, 11, 6, 720, 14968.000000, 0.070293, 212937.276827, 213824.000000, 1.000000, 2, 17.016230, 155952.950409, 155952.950409
Z3, 12, 6, 720, 10336.000000, 0.067224, 153754.611448, 154264.000000, 1.000000, 2, 17.016230, 144116.417333, 144116.417333
Z3, 13, 6, 720, 18344.000000, 0.071797, 255498.140591, 258360.000000, 1.000000, 2, 17.016230, 164465.123162, 164465.123162
Z3, 14, 6, 720, 20456.000000, 0.063105, 324158.149117, 324696.000000, 1.000000, 2, 17.016230, 178197.124867, 178197.124867
Z3, 15, 6, 720, 12480.000000, 0.028328, 440553.515956, 445712.000000, 1.000000, 2, 17.016230, 201476.198235, 201476.198235
Z3, 16, 6, 720, 18912.000000, 0.038685, 488871.655680, 497680.000000, 1.000000, 2, 17.016230, 211139.826180, 211139.826180
Z3, 17, 6, 720, 16112.000000, 0.054465, 295823.005600, 298368.000000, 1.000000, 2, 17.016230, 172530.096163, 172530.096163
Z3, 18, 6, 720, 17456.000000, 0.074772, 233456.374044, 235888.000000, 1.000000, 2, 17.016230, 160056.769852, 160056.769852
Z3, 19, 6, 720, 16088.000000, 0.039836, 403855.808816, 412512.000000, 1.000000, 2, 17.016230, 194136.656807, 194136.656807
Z3, 20, 6, 720, 31984.000000, 0.065905, 485304.605113, 492056.000000, 1.000000, 2, 17.016230, 210426.416066, 210426.416066
Z3, 21, 6, 720, 21472.000000, 0.058379, 367803.490981, 370200.000000, 1.000000, 2, 17.016230, 186926.193240, 186926.193240
Z3, 22, 6, 720, 19320.000000, 0.066126, 292169.494601, 292720.000000, 1.000000, 2, 17.016230, 171799.393964, 171799.393964
Z3, 23, 6, 720, 33040.000000, 0.042898, 770199.076880, 786664.000000, 1.000000, 2, 17.016230, 267405.310419, 267405.310419
Z3, 24, 6, 720, 26472.000000, 0.076114, 347794.098326, 348312.000000, 1.000000, 2, 17.016230, 182924.314709, 182924.314709
Z3, 25, 6, 720, 12984.000000, 0.046500, 279225.806452, 282256.000000, 1.000000, 2, 17.016230, 169210.656334, 169210.656334
Z3, 26, 6, 720, 21128.000000, 0.054698, 386266.408278, 391256.000000, 1.000000, 2, 17.016230, 190618.776699, 190618.776699
Z3, 27, 6, 720, 21576.000000, 0.065403, 329893.124169, 331936.000000, 1.000000, 2, 17.016230, 179344.119877, 179344.119877
Z3, 28, 6, 720, 9568.000000, 0.033891, 282316.839279, 289936.000000, 1.000000, 2, 17.016230, 169828.862899, 169828.862899
Z3, 29, 6, 720, 12800.000000, 0.060089, 213017.357586, 213328.000000, 1.000000, 2, 17.016230, 155968.966561, 155968.966561
Z3, 30, 6, 720, 7048.000000, 0.071150, 99058.327477, 99264.000000, 1.000000, 2, 17.016230, 133177.160539, 133177.160539
Z3, 31, 6, 720, 8656.000000, 0.050510, 171372.005543, 173120.000000, 1.000000, 2, 17.016230, 147639.896152, 147639.896152
Z3, 32, 6, 720, 9488.000000, 0.065957, 143851.297057, 145968.000000, 1.000000, 2, 17.016230, 142135.754455, 142135.754455
Z3, 33, 6, 720, 8424.000000, 0.072071, 116884.738660, 117000.000000, 1.000000, 2, 17.016230, 136742.442776, 136742.442776
Z3, 34, 6, 720, 9328.000000, 0.256016, 36435.222799, 36432.000000, 1.000000, 2, 17.016230, 120652.539603, 120652.539603
Z3, 35, 6, 720, 8680.000000, 0.073056, 118812.965396, 118904.000000, 1.000000, 2, 17.016230, 137128.088123, 137128.088123
Z3, 36, 6, 720, 7160.000000, 0.053849, 132964.400453, 135088.000000, 1.000000, 2, 17.016230, 139958.375134, 139958.375134
Z3, 37, 6, 720, 10360.000000, 0.027095, 382358.368703, 383696.000000, 1.000000, 2, 17.016230, 189837.168784, 189837.168784
Z3, 38, 6, 720, 9048.000000, 0.035468, 255103.191609, 258512.000000, 1.000000, 2, 17.016230, 164386.133365, 164386.133365
Z1, 0, 7, 720, 7408.000000, 0.177074, 41835.616748, 41848.000000, 1.000000, 2, 21.183295, 155665.378495, 155665.378495
Z2, 0, 7, 720, 6624.000000, 1.286632, 5148.325240, 5144.000000, 1.000000, 2, 21.183295, 148327.920194, 148327.920194
Z2, 1, 7, 720, 6792.000000, 0.030659, 221533.644281, 226400.000000, 1.000000, 2, 21.183295, 191604.984002, 191604.984002
Z2, 2, 7, 720, 7464.000000, 0.075488, 98876.642645, 99520.000000, 1.000000, 2, 21.183295, 167073.583675, 167073.583675
Z2, 3, 7, 720, 10144.000000, 0.062897, 161279.552284, 163608.000000, 1.000000, 2, 21.183295, 179554.165603, 179554.165603
Z2, 4, 7, 720, 14352.000000, 0.029435, 487582.809580, 494896.000000, 1.000000, 2, 21.183295, 244814.817062, 244814.817062
Z2, 5, 7, 720, 15008.000000, 0.045633, 328884.798282, 333504.000000, 1.000000, 2, 21.183295, 213075.214802, 213075.214802
Z2, 6, 7, 720, 7168.000000, 0.044529, 160973.747445, 162904.000000, 1.000000, 2, 21.183295, 179493.004635, 179493.004635
Z2, 7, 7, 720, 8160.000000, 0.033715, 242028.770577, 247272.000000, 1.000000, 2, 21.183295, 195704.009261, 195704.009261
Z3, 0, 7, 720, 6656.000000, 0.207994, 32000.923104, 32152.000000, 1.000000, 2, 21.183295, 153698.439767, 153698.439767
Z3, 1, 7, 720, 7664.000000, 0.072270, 106046.769060, 106440.000000, 1.000000, 2, 21.183295, 168507.608958, 168507.608958
Z3, 2, 7, 720, 7664.000000, 0.055070, 139168.331215, 139344.000000, 1.000000, 2, 21.183295, 175131.921389, 175131.921389
Z3, 3, 7, 720, 6920.000000, 0.035387, 195552.038884, 197712.000000, 1.000000, 2, 21.183295, 186408.662923, 186408.662923
Z3, 4, 7, 720, 7504.000000, 0.030518, 245887.672849, 250128.000000, 1.000000, 2, 21.183295, 196475.789716, 196475.789716
Z3, 5, 7, 720, 7480.000000, 0.068169, 109727.295398, 110000.000000, 1.000000, 2, 21.183295, 169243.714226, 169243.714226
Z3, 6, 7, 720, 6728.000000, 0.041975, 160285.884455, 164096.000000, 1.000000, 2, 21.183295, 179355.432037, 179355.432037
Z3, 7, 7, 720, 7632.000000, 0.072263, 105614.214743, 106000.000000, 1.000000, 2, 21.183295, 168421.098095, 168421.098095
Z3, 8, 7, 720, 7392.000000, 0.056400, 131063.829787, 132000.000000, 1.000000, 2, 21.183295, 173511.021103, 173511.021103
Z3, 9, 7, 720, 12800.000000, 0.051129, 250347.161102, 250976.000000, 1.000000, 2, 21.183295, 197367.687366, 197367.687366
Z3, 10, 7, 720, 16760.000000, 0.048403, 346259.529368, 349160.000000, 1.000000, 2, 21.183295, 216550.161019, 216550.161019
Z3, 11, 7, 720, 14104.000000, 0.069878, 201837.488194, 204400.000000, 1.000000, 2, 21.183295, 187665.752785, 187665.752785
Z3, 12, 7, 720, 9704.000000, 0.031935, 303867.230312, 313032.000000, 1.000000, 2, 21.183295, 208071.701208, 208071.701208
Z3, 13, 7, 720, 17248.000000, 0.041535, 415264.234983, 420680.000000, 1.000000, 2, 21.183295, 230351.102142, 230351.102142
Z3, 14, 7, 720, 21552.000000, 0.035429, 608315.221993, 615768.000000, 1.000000, 2, 21.183295, 268961.299545, 268961.299545
Z3, 15, 7, 720, 16688.000000, 0.055598, 300154.681823, 303416.000000, 1.000000, 2, 21.183295, 207329.191511, 207329.191511
Z3, 16, 7, 720, 23312.000000, 0.050842, 458518.547657, 466240.000000, 1.000000, 2, 21.183295, 239001.964677, 239001.964677
Z3, 17, 7, 720, 14952.000000, 0.075709, 197493.032532, 199360.000000, 1.000000, 2, 21.183295, 186796.861652, 186796.861652
Z3, 18, 7, 720, 16856.000000, 0.037834, 445525.188983, 455560.000000, 1.000000, 2, 21.183295, 236403.292943, 236403.292943
Z3, 19, 7, 720, 23928.000000, 0.063244, 378344.190753, 379808.000000, 1.000000, 2, 21.183295, 222967.093297, 222967.093297
Z3, 20, 7, 720, 29544.000000, 0.054242, 544670.181778, 547104.000000, 1.000000, 2, 21.183295, 256232.291501, 256232.291501
Z3, 21, 7, 720, 31920.000000, 0.054141, 589571.673962, 591104.000000, 1.000000, 2, 21.183295, 265212.589938, 265212.589938
Z3, 22, 7, 720, 15096.000000, 0.060366, 250074.545274, 251600.000000, 1.000000, 2, 21.183295, 197313.164201, 197313.164201
Z3, 23, 7, 720, 22296.000000, 0.074084, 300955.671940, 301296.000000, 1.000000, 2, 21.183295, 207489.389534, 207489.389534
Z3, 24, 7, 720, 24272.000000, 0.055698, 435778.663507, 441304.000000, 1.000000, 2, 21.183295, 234453.987847, 234453.987847
Z3, 25, 7, 720, 13368.000000, 0.070256, 190275.563653, 190968.000000, 1.000000, 2, 21.183295, 185353.367876, 185353.367876
Z3, 26, 7, 720, 21768.000000, 0.063312, 343821.076573, 345520.000000, 1.000000, 2, 21.183295, 216062.470461, 216062.470461
Z3, 27, 7, 720, 21680.000000, 0.074208, 292151.789564, 292968.000000, 1.000000, 2, 21.183295, 205728.613059, 205728.613059
Z3, 28, 7, 720, 9672.000000, 0.030887, 313141.451096, 322400.000000, 1.000000, 2, 21.183295, 209926.545365, 209926.545365
Z3, 29, 7, 720, 13368.000000, 0.073952, 180765.902207, 183120.000000, 1.000000, 2, 21.183295, 183451.435587, 183451.435587
Z3, 30, 7, 720, 13424.000000, 0.051963, 258337.663337, 263208.000000, 1.000000, 2, 21.183295, 198965.787813, 198965.787813
Z3, 31, 7, 720, 8064.000000, 0.059179, 136264.553304, 136672.000000, 1.000000, 2, 21.183295, 174551.165807, 174551.165807
Z3, 32, 7, 720, 9424.000000, 0.037192, 253387.825339, 254696.000000, 1.000000, 2, 21.183295, 197975.820214, 197975.820214
Z3, 33, 7, 720, 7368.000000, 0.054863, 134298.160873, 136440.000000, 1.000000, 2, 21.183295, 174157.887321, 174157.887321
Z3, 34, 7, 720, 8792.000000, 0.038065, 230973.335085, 231368.000000, 1.000000, 2, 21.183295, 193492.922163, 193492.922163
Z3, 35, 7, 720, 8568.000000, 0.028874, 296737.549352, 306000.000000, 1.000000, 2, 21.183295, 206645.765016, 206645.765016
Z3, 36, 7, 720, 7064.000000, 0.044194, 159840.702358, 160544.000000, 1.000000, 2, 21.183295, 179266.395617, 179266.395617
Z3, 37, 7, 720, 10104.000000, 0.052829, 191258.589033, 194304.000000, 1.000000, 2, 21.183295, 185549.972952, 185549.972952
Z3, 38, 7, 720, 8640.000000, 0.044737, 193128.730134, 196360.000000, 1.000000, 2, 21.183295, 185924.001173, 185924.001173
Z1, 0, 8, 720, 7744.000000, 0.212944, 36366.368623, 36528.000000, 1.000000, 2, 25.201214, 157384.157666, 157384.157666
Z2, 0, 8, 720, 6624.000000, 0.171633, 38593.976683, 38736.000000, 1.000000, 2, 25.201214, 157829.679278, 157829.679278
Z2, 1, 8, 720, 6968.000000, 0.031523, 221044.951305, 224768.000000, 1.000000, 2, 25.201214, 194319.874202, 194319.874202
Z2, 2, 8, 720, 7968.000000, 0.049814, 159955.032722, 162608.000000, 1.000000, 2, 25.201214, 182101.890485, 182101.890485
Z2, 3, 8, 720, 12752.000000, 0.027284, 467380.149538, 472296.000000, 1.000000, 2, 25.201214, 243586.913849, 243586.913849
Z2, 4, 8, 720, 18720.000000, 0.056762, 329798.104366, 334280.000000, 1.000000, 2, 25.201214, 216070.504814, 216070.504814
Z2, 5, 8, 720, 25648.000000, 0.051569, 497353.060947, 502896.000000, 1.000000, 2, 25.201214, 249581.496130, 249581.496130
Z2, 6, 8, 720, 9784.000000, 0.075916, 128879.287634, 130448.000000, 1.000000, 2, 25.201214, 175886.741468, 175886.741468
Z2, 7, 8, 720, 13192.000000, 0.058175, 226764.073915, 227448.000000, 1.000000, 2, 25.201214, 195463.698724, 195463.698724
Z3, 0, 8, 720, 6768.000000, 0.197597, 34251.532159, 34352.000000, 1.000000, 2, 25.201214, 156961.190373, 156961.190373
Z3, 1, 8, 720, 8032.000000, 0.065613, 122414.765367, 123568.000000, 1.000000, 2, 25.201214, 174593.837014, 174593.837014
Z3, 2, 8, 720, 7872.000000, 0.041547, 189472.164055, 192000.000000, 1.000000, 2, 25.201214, 188005.316752, 188005.316752
Z3, 3, 8, 720, 7024.000000, 0.064257, 109311.047824, 109744.000000, 1.000000, 2, 25.201214, 171973.093506, 171973.093506
Z3, 4, 8, 720, 7816.000000, 0.045067, 173430.669891, 173688.000000, 1.000000, 2, 25.201214, 184797.017919, 184797.017919
Z3, 5, 8, 720, 7936.000000, 0.053914, 147197.388433, 149728.000000, 1.000000, 2, 25.201214, 179550.361628, 179550.361628
Z3, 6, 8, 720, 6928.000000, 0.297816, 23262.685685, 23320.000000, 1.000000, 2, 25.201214, 154763.421078, 154763.421078
Z3, 7, 8, 720, 8048.000000, 0.057653, 139593.776560, 141192.000000, 1.000000, 2, 25.201214, 178029.639253, 178029.639253
Z3, 8, 8, 720, 7664.000000, 0.075628, 101338.128735, 102184.000000, 1.000000, 2, 25.201214, 170378.509688, 170378.509688
Z3, 9, 8, 720, 14248.000000, 0.055680, 255890.804598, 259048.000000, 1.000000, 2, 25.201214, 201289.044861, 201289.044861
Z3, 10, 8, 720, 19448.000000, 0.043821, 443805.481390, 452272.000000, 1.000000, 2, 25.201214, 238871.980219, 238871.980219
Z3, 11, 8, 720, 17344.000000, 0.071527, 242481.859997, 244280.000000, 1.000000, 2, 25.201214, 198607.255940, 198607.255940
Z3, 12, 8, 720, 11952.000000, 0.053944, 221563.102477, 225504.000000, 1.000000, 2, 25.201214, 194423.504436, 194423.504436
Z3, 13, 8, 720, 25224.000000, 0.048662, 518351.074761, 525496.000000, 1.000000, 2, 25.201214, 253781.098893, 253781.098893
Z3, 14, 8, 720, 35992.000000, 0.047436, 758748.629733, 765784.000000, 1.000000, 2, 25.201214, 301860.609888, 301860.609888
Z3, 15, 8, 720, 20016.000000, 0.054347, 368299.998160, 370664.000000, 1.000000, 2, 25.201214, 223770.883573, 223770.883573
Z3, 16, 8, 720, 36432.000000, 0.069394, 525002.161570, 528000.000000, 1.000000, 2, 25.201214, 255111.316255, 255111.316255
Z3, 17, 8, 720, 22472.000000, 0.064684, 347412.033888, 351120.000000, 1.000000, 2, 25.201214, 219593.290719, 219593.290719
Z3, 18, 8, 720, 21736.000000, 0.060424, 359724.612737, 362264.000000, 1.000000, 2, 25.201214, 222055.806488, 222055.806488
Z3, 19, 8, 720, 16848.000000, 0.029525, 570635.055038, 580960.000000, 1.000000, 2, 25.201214, 264237.894949, 264237.894949
Z3, 20, 8, 720, 47160.000000, 0.052500, 898285.714286, 906920.000000, 1.000000, 2, 25.201214, 329768.026798, 329768.026798
Z3, 21, 8, 720, 39472.000000, 0.188156, 209783.371245, 209952.000000, 1.000000, 2, 25.201214, 192067.558190, 192067.558190
Z3, 22, 8, 720, 26968.000000, 0.047745, 564834.014033, 573784.000000, 1.000000, 2, 25.201214, 263077.686748, 263077.686748
Z3, 23, 8, 720, 39776.000000, 0.072713, 547027.354118, 552440.000000, 1.000000, 2, 25.201214, 259516.354765, 259516.354765
Z3, 24, 8, 720, 34992.000000, 0.054338, 643969.229637, 648000.000000, 1.000000, 2, 25.201214, 278904.729868, 278904.729868
Z3, 25, 8, 720, 22464.000000, 0.067685, 331890.374529, 335280.000000, 1.000000, 2, 25.201214, 216488.958847, 216488.958847
Z3, 26, 8, 720, 43144.000000, 0.061557, 700878.860243, 707272.000000, 1.000000, 2, 25.201214, 290286.655990, 290286.655990
Z3, 27, 8, 720, 43672.000000, 0.065574, 665995.669015, 671872.000000, 1.000000, 2, 25.201214, 283310.017744, 283310.017744
Z3, 28, 8, 720, 18320.000000, 0.031021, 590567.679959, 590960.000000, 1.000000, 2, 25.201214, 268224.419933, 268224.419933
Z3, 29, 8, 720, 24560.000000, 0.056357, 435793.246624, 438568.000000, 1.000000, 2, 25.201214, 237269.533266, 237269.533266
Z3, 30, 8, 720, 19040.000000, 0.067635, 281511.051970, 284176.000000, 1.000000, 2, 25.201214, 206413.094335, 206413.094335
Z3, 31, 8, 720, 20160.000000, 0.072027, 279895.039360, 280000.000000, 1.000000, 2, 25.201214, 206089.891813, 206089.891813
Z3, 32, 8, 720, 16496.000000, 0.045357, 363692.484071, 366576.000000, 1.000000, 2, 25.201214, 222849.380755, 222849.380755
Z3, 33, 8, 720, 11624.000000, 0.034244, 339446.326364, 341880.000000, 1.000000, 2, 25.201214, 218000.149214, 218000.149214
Z3, 34, 8, 720, 21024.000000, 0.048163, 436517.658784, 438000.000000, 1.000000, 2, 25.201214, 237414.415698, 237414.415698
Z3, 35, 8, 720, 28496.000000, 0.073911, 385544.776826, 390352.000000, 1.000000, 2, 25.201214, 227219.839306, 227219.839306
Z3, 36, 8, 720, 12416.000000, 0.050545, 245642.496785, 248320.000000, 1.000000, 2, 25.201214, 199239.383298, 199239.383298
Z3, 37, 8, 720, 17312.000000, 0.051559, 335770.670494, 339448.000000, 1.000000, 2, 25.201214, 217265.018040, 217265.018040
Z3, 38, 8, 720, 14664.000000, 0.060583, 242048.099302, 244400.000000, 1.000000, 2, 25.201214, 198520.503801, 198520.503801
Z1, 0, 9, 720, 24464.000000, 0.182038, 134389.523067, 134416.000000, 1.000000, 2, 28.644280, 207231.250470, 207231.250470
Z2, 0, 9, 720, 6624.000000, 0.582378, 11374.056025, 11376.000000, 1.000000, 2, 28.644280, 182628.157062, 182628.157062
Z2, 1, 9, 720, 6776.000000, 0.036927, 183497.170092, 188216.000000, 1.000000, 2, 28.644280, 217052.779875, 217052.779875
Z2, 2, 9, 720, 7696.000000, 0.073228, 105096.411209, 105424.000000, 1.000000, 2, 28.644280, 201372.628098, 201372.628098
Z2, 3, 9, 720, 7496.000000, 0.044036, 170224.361886, 170360.000000, 1.000000, 2, 28.644280, 214398.218234, 214398.218234
Z2, 4, 9, 720, 16056.000000, 0.027106, 592341.179075, 594664.000000, 1.000000, 2, 28.644280, 298821.581671, 298821.581671
Z2, 5, 9, 720, 26344.000000, 0.067295, 391470.391560, 393192.000000, 1.000000, 2, 28.644280, 258647.424168, 258647.424168
Z2, 6, 9, 720, 23952.000000, 0.069859, 342862.050702, 347128.000000, 1.000000, 2, 28.644280, 248925.755997, 248925.755997
Z2, 7, 9, 720, 32816.000000, 0.064949, 505257.971639, 512744.000000, 1.000000, 2, 28.644280, 281404.940184, 281404.940184
Z3, 0, 9, 720, 6752.000000, 0.165630, 40765.561794, 40920.000000, 1.000000, 2, 28.644280, 188506.458215, 188506.458215
Z3, 1, 9, 720, 9824.000000, 0.050841, 193229.873527, 196480.000000, 1.000000, 2, 28.644280, 218999.320562, 218999.320562
Z3, 2, 9, 720, 8640.000000, 0.049559, 174337.658145, 176320.000000, 1.000000, 2, 28.644280, 215220.877485, 215220.877485
Z3, 3, 9, 720, 7248.000000, 0.041635, 174084.304071, 176776.000000, 1.000000, 2, 28.644280, 215170.206671, 215170.206671
Z3, 4, 9, 720, 8336.000000, 0.036830, 226337.225088, 231552.000000, 1.000000, 2, 28.644280, 225620.790874, 225620.790874
Z3, 5, 9, 720, 9640.000000, 0.046649, 206649.660229, 209560.000000, 1.000000, 2, 28.644280, 221683.277902, 221683.277902
Z3, 6, 9, 720, 10312.000000, 0.058777, 175442.775235, 177792.000000, 1.000000, 2, 28.644280, 215441.900904, 215441.900904
Z3, 7, 9, 720, 21208.000000, 0.068582, 309235.659502, 311880.000000, 1.000000, 2, 28.644280, 242200.477757, 242200.477757
Z3, 8, 9, 720, 8000.000000, 0.039928, 200360.649169, 205128.000000, 1.000000, 2, 28.644280, 220425.475690, 220425.475690
Z3, 9, 9, 720, 16880.000000, 0.064880, 260172.626387, 263744.000000, 1.000000, 2, 28.644280, 232387.871134, 232387.871134
Z3, 10, 9, 720, 23240.000000, 0.049841, 466282.779238, 474280.000000, 1.000000, 2, 28.644280, 273609.901704, 273609.901704
Z3, 11, 9, 720, 21680.000000, 0.059416, 364884.879494, 367456.000000, 1.000000, 2, 28.644280, 253330.321755, 253330.321755
Z3, 12, 9, 720, 16096.000000, 0.044272, 363570.654138, 365816.000000, 1.000000, 2, 28.644280, 253067.476684, 253067.476684
Z3, 13, 9, 720, 39872.000000, 0.060812, 655660.067092, 664528.000000, 1.000000, 2, 28.644280, 311485.359275, 311485.359275
Z3, 14, 9, 720, 46392.000000, 0.069463, 667866.346112, 672344.000000, 1.000000, 2, 28.644280, 313926.615079, 313926.615079
Z3, 15, 9, 720, 26168.000000, 0.052150, 501783.317354, 503224.000000, 1.000000, 2, 28.644280, 280710.009327, 280710.009327
Z3, 16, 9, 720, 48816.000000, 0.072683, 671628.854065, 678000.000000, 1.000000, 2, 28.644280, 314679.116670, 314679.116670
Z3, 17, 9, 720, 38664.000000, 0.054538, 708936.888041, 716000.000000, 1.000000, 2, 28.644280, 322140.723465, 322140.723465
Z3, 18, 9, 720, 19912.000000, 0.051994, 382967.265454, 390424.000000, 1.000000, 2, 28.644280, 256946.798947, 256946.798947
Z3, 19, 9, 720, 61688.000000, 0.067269, 917034.592457, 920712.000000, 1.000000, 2, 28.644280, 363760.264348, 363760.264348
Z3, 20, 9, 720, 59200.000000, 0.040499, 1461764.488012, 1480000.000000, 1.000000, 2, 28.644280, 472706.243459, 472706.243459
Z3, 21, 9, 720, 41064.000000, 0.075794, 541784.310104, 547520.000000, 1.000000, 2, 28.644280, 288710.207877, 288710.207877
Z3, 22, 9, 720, 55576.000000, 0.045030, 1234199.422607, 1235016.000000, 1.000000, 2, 28.644280, 427193.230378, 427193.230378
Z3, 23, 9, 720, 50200.000000, 0.051905, 967151.526828, 984312.000000, 1.000000, 2, 28.644280, 373783.651222, 373783.651222
Z3, 24, 9, 720, 30056.000000, 0.053674, 559973.171368, 567088.000000, 1.000000, 2, 28.644280, 292347.980130, 292347.980130
Z3, 25, 9, 720, 59504.000000, 0.059319, 1003118.730929, 1008536.000000, 1.000000, 2, 28.644280, 380977.092042, 380977.092042
Z3, 26, 9, 720, 65232.000000, 0.072363, 901455.163550, 906000.000000, 1.000000, 2, 28.644280, 360644.378567, 360644.378567
Z3, 27, 9, 720, 36648.000000, 0.054524, 672144.376788, 678664.000000, 1.000000, 2, 28.644280, 314782.221214, 314782.221214
Z3, 28, 9, 720, 8856.000000, 0.036168, 244857.332449, 246000.000000, 1.000000, 2, 28.644280, 229324.812346, 229324.812346
Z3, 29, 9, 720, 14088.000000, 0.069670, 202210.420554, 204168.000000, 1.000000, 2, 28.644280, 220795.429967, 220795.429967
Z3, 30, 9, 720, 15104.000000, 0.056067, 269391.977456, 269712.000000, 1.000000, 2, 28.644280, 234231.741348, 234231.741348
Z3, 31, 9, 720, 11784.000000, 0.073333, 160691.639507, 161424.000000, 1.000000, 2, 28.644280, 212491.673758, 212491.673758
Z3, 32, 9, 720, 18496.000000, 0.052630, 351434.543036, 355688.000000, 1.000000, 2, 28.644280, 250640.254464, 250640.254464
Z3, 33, 9, 720, 22376.000000, 0.043191, 518070.894399, 520368.000000, 1.000000, 2, 28.644280, 283967.524736, 283967.524736
Z3, 34, 9, 720, 8792.000000, 0.029170, 301405.553651, 303168.000000, 1.000000, 2, 28.644280, 240634.456587, 240634.456587
Z3, 35, 9, 720, 19464.000000, 0.049444, 393657.471078, 397224.000000, 1.000000, 2, 28.644280, 259084.840072, 259084.840072
Z3, 36, 9, 720, 20360.000000, 0.066451, 306391.175453, 308480.000000, 1.000000, 2, 28.644280, 241631.580947, 241631.580947
Z3, 37, 9, 720, 11344.000000, 0.027909, 406463.864703, 420144.000000, 1.000000, 2, 28.644280, 261646.118797, 261646.118797
Z3, 38, 9, 720, 15808.000000, 0.040519, 390137.959969, 395200.000000, 1.000000, 2, 28.644280, 258380.937850, 258380.937850
Z1, 0, 10, 720, 35840.000000, 0.204904, 174911.177917, 175680.000000, 1.000000, 2, 32.002879, 251065.831786, 251065.831786
Z2, 0, 10, 720, 6624.000000, 0.177015, 37420.557580, 37416.000000, 1.000000, 2, 32.002879, 223567.707719, 223567.707719
Z2, 1, 10, 720, 7008.000000, 0.046751, 149900.536887, 152344.000000, 1.000000, 2, 32.002879, 246063.703580, 246063.703580
Z2, 2, 10, 720, 7480.000000, 0.026049, 287151.138239, 287688.000000, 1.000000, 2, 32.002879, 273513.823851, 273513.823851
Z2, 3, 10, 720, 7832.000000, 0.055738, 140514.550217, 142400.000000, 1.000000, 2, 32.002879, 244186.506246, 244186.506246
Z2, 4, 10, 720, 29728.000000, 0.069554, 427408.919688, 430840.000000, 1.000000, 2, 32.002879, 301565.380141, 301565.380141
Z2, 5, 10, 720, 35136.000000, 0.060816, 577742.699290, 585600.000000, 1.000000, 2, 32.002879, 331632.136061, 331632.136061
Z2, 6, 10, 720, 23040.000000, 0.075548, 304971.673638, 307200.000000, 1.000000, 2, 32.002879, 277077.930930, 277077.930930
Z2, 7, 10, 720, 35840.000000, 0.054305, 659976.061136, 663696.000000, 1.000000, 2, 32.002879, 348078.808430, 348078.808430
Z3, 0, 10, 720, 6840.000000, 0.336858, 20305.291844, 20352.000000, 1.000000, 2, 32.002879, 220144.654572, 220144.654572
Z3, 1, 10, 720, 22064.000000, 0.067746, 325687.125439, 329312.000000, 1.000000, 2, 32.002879, 281221.021291, 281221.021291
Z3, 2, 10, 720, 15312.000000, 0.067236, 227735.141888, 228536.000000, 1.000000, 2, 32.002879, 261630.624581, 261630.624581
Z3, 3, 10, 720, 7752.000000, 0.055193, 140452.593626, 140944.000000, 1.000000, 2, 32.002879, 244174.114928, 244174.114928
Z3, 4, 10, 720, 11432.000000, 0.051524, 221877.183448, 224152.000000, 1.000000, 2, 32.002879, 260459.032893, 260459.032893
Z3, 5, 10, 720, 17232.000000, 0.044071, 391005.423067, 391632.000000, 1.000000, 2, 32.002879, 294284.680816, 294284.680816
Z3, 6, 10, 720, 23328.000000, 0.072933, 319855.209576, 324000.000000, 1.000000, 2, 32.002879, 280054.638118, 280054.638118
Z3, 7, 10, 720, 18496.000000, 0.069096, 267685.538960, 268056.000000, 1.000000, 2, 32.002879, 269620.703995, 269620.703995
Z3, 8, 10, 720, 7968.000000, 0.039208, 203223.831871, 204304.000000, 1.000000, 2, 32.002879, 256728.362577, 256728.362577
Z3, 9, 10, 720, 19568.000000, 0.034801, 562282.693026, 575528.000000, 1.000000, 2, 32.002879, 328540.134808, 328540.134808
Z3, 10, 10, 720, 36064.000000, 0.056163, 642130.940299, 644000.000000, 1.000000, 2, 32.002879, 344509.784263, 344509.784263
Z3, 11, 10, 720, 29248.000000, 0.052147, 560875.985196, 562456.000000, 1.000000, 2, 32.002879, 328258.793242, 328258.793242
Z3, 12, 10, 720, 24216.000000, 0.062980, 384503.016831, 390576.000000, 1.000000, 2, 32.002879, 292984.199569, 292984.199569
Z3, 13, 10, 720, 54424.000000, 0.052108, 1044446.150303, 1046608.000000, 1.000000, 2, 32.002879, 424972.826264, 424972.826264
Z3, 14, 10, 720, 56832.000000, 0.075026, 757497.400901, 757760.000000, 1.000000, 2, 32.002879, 367583.076383, 367583.076383
Z3, 15, 10, 720, 29576.000000, 0.071068, 416164.799910, 416560.000000, 1.000000, 2, 32.002879, 299316.556185, 299316.556185
Z3, 16, 10, 720, 52328.000000, 0.061778, 847032.924342, 857832.000000, 1.000000, 2, 32.002879, 385490.181071, 385490.181071
Z3, 17, 10, 720, 52840.000000, 0.049213, 1073700.038608, 1078360.000000, 1.000000, 2, 32.002879, 430823.603924, 430823.603924
Z3, 18, 10, 720, 23160.000000, 0.050093, 462340.047512, 463200.000000, 1.000000, 2, 32.002879, 308551.605705, 308551.605705
Z3, 19, 10, 720, 77048.000000, 0.103652, 743333.461969, 748032.000000, 1.000000, 2, 32.002879, 364750.288597, 364750.288597
Z3, 20, 10, 720, 68968.000000, 0.062469, 1104035.601658, 1112384.000000, 1.000000, 2, 32.002879, 436890.716535, 436890.716535
Z3, 21, 10, 720, 52224.000000, 0.074084, 704929.539442, 705728.000000, 1.000000, 2, 32.002879, 357069.504091, 357069.504091
Z3, 22, 10, 720, 76384.000000, 0.376572, 202840.359878, 203144.000000, 1.000000, 2, 32.002879, 256651.668178, 256651.668178
Z3, 23, 10, 720, 57512.000000, 0.131973, 435786.107764, 439016.000000, 1.000000, 2, 32.002879, 303240.817756, 303240.817756
Z3, 24, 10, 720, 35600.000000, 0.067048, 530962.892256, 531336.000000, 1.000000, 2, 32.002879, 322276.174654, 322276.174654
Z3, 25, 10, 720, 72816.000000, 0.112208, 648937.687152, 650136.000000, 1.000000, 2, 32.002879, 345871.133633, 345871.133633
Z3, 26, 10, 720, 93600.000000, 0.107521, 870527.617861, 874760.000000, 1.000000, 2, 32.002879, 390189.119775, 390189.119775
Z3, 27, 10, 720, 43888.000000, 0.075930, 578006.058212, 585168.000000, 1.000000, 2, 32.002879, 331684.807845, 331684.807845
Z3, 28, 10, 720, 13072.000000, 0.055451, 235739.662044, 237672.000000, 1.000000, 2, 32.002879, 263231.528612, 263231.528612
Z3, 29, 10, 720, 20608.000000, 0.061218, 336633.016433, 337832.000000, 1.000000, 2, 32.002879, 283410.199489, 283410.199489
Z3, 30, 10, 720, 22584.000000, 0.060481, 373406.524363, 376400.000000, 1.000000, 2, 32.002879, 290764.901075, 290764.901075
Z3, 31, 10, 720, 14712.000000, 0.066267, 222010.955679, 222904.000000, 1.000000, 2, 32.002879, 260485.787339, 260485.787339
Z3, 32, 10, 720, 20512.000000, 0.075648, 271150.592217, 273488.000000, 1.000000, 2, 32.002879, 270313.714646, 270313.714646
Z3, 33, 10, 720, 17992.000000, 0.058560, 307240.437158, 310200.000000, 1.000000, 2, 32.002879, 277531.683635, 277531.683635
Z3, 34, 10, 720, 11464.000000, 0.063409, 180794.524437, 181968.000000, 1.000000, 2, 32.002879, 252242.501090, 252242.501090
Z3, 35, 10, 720, 22376.000000, 0.062850, 356022.275259, 360896.000000, 1.000000, 2, 32.002879, 287288.051255, 287288.051255
Z3, 36, 10, 720, 29088.000000, 0.066004, 440700.563602, 440720.000000, 1.000000, 2, 32.002879, 304223.708923, 304223.708923
Z3, 37, 10, 720, 17936.000000, 0.034868, 514397.154985, 527528.000000, 1.000000, 2, 32.002879, 318963.027200, 318963.027200
Z3, 38, 10, 720, 24920.000000, 0.066901, 372490.695206, 377568.000000, 1.000000, 2, 32.002879, 290581.735244, 290581.735244
