Zone, Tile_no, Seg_no, Reso, Seg_d_size, Seg_d_time, Bitrate, Bitrate1, Buf_lev, Buf_limit, Elapsed, Ref_vp, Local_avg,QoE,QoE1,Z1,Z2,Z3,delay,jitter,loss
Z1,0,1,720,9960.0,0.196951,50570.954197,50816.0,1.0,2,6e-05,50570.954197,50570.954197,5602062.851928101,15296415.366871802,755462.5120171,16910796.978387102,113854322.1278241,50,25,3
Z2,0,1,720,8952.0,0.176749,50648.09419,50856.0,1.0,2,6e-05,25324.047095,25324.047095,5602062.851928101,15296415.366871802,755462.5120171,16910796.978387102,113854322.1278241,50,25,3
Z2,1,1,720,5424.0,0.045252,119862.105542,120528.0,1.0,2,6e-05,39954.035181,39954.035181,5602062.851928101,15296415.366871802,755462.5120171,16910796.978387102,113854322.1278241,50,25,3
Z2,2,1,720,7080.0,0.075918,93258.515767,94400.0,1.0,2,6e-05,23314.628942,23314.628942,5602062.851928101,15296415.366871802,755462.5120171,16910796.978387102,113854322.1278241,50,25,3
Z2,3,1,720,18976.0,0.052545,361138.072129,364920.0,1.0,2,6e-05,72227.614426,72227.614426,5602062.851928101,15296415.366871802,755462.5120171,16910796.978387102,113854322.1278241,50,25,3
Z2,4,1,720,8720.0,0.050884,171370.175301,174400.0,1.0,2,6e-05,34274.03506,34274.03506,5602062.851928101,15296415.366871802,755462.5120171,16910796.978387102,113854322.1278241,50,25,3
Z2,5,1,720,8336.0,0.058947,141415.169559,143720.0,1.0,2,6e-05,28283.033912,28283.033912,5602062.851928101,15296415.366871802,755462.5120171,16910796.978387102,113854322.1278241,50,25,3
Z2,6,1,720,6376.0,0.074653,85408.489947,86160.0,1.0,2,6e-05,17081.697989,17081.697989,5602062.851928101,15296415.366871802,755462.5120171,16910796.978387102,113854322.1278241,50,25,3
Z2,7,1,720,6872.0,0.060513,113562.375027,114528.0,1.0,2,6e-05,22712.475005,22712.475005,5602062.851928101,15296415.366871802,755462.5120171,16910796.978387102,113854322.1278241,50,25,3
Z3,0,1,720,7080.0,0.167064,42378.968539,42392.0,1.0,2,6e-05,8475.793708,8475.793708,5602062.851928101,15296415.366871802,755462.5120171,16910796.978387102,113854322.1278241,50,25,3
Z3,1,1,720,7080.0,0.057032,124140.833216,124208.0,1.0,2,6e-05,24828.166643,24828.166643,5602062.851928101,15296415.366871802,755462.5120171,16910796.978387102,113854322.1278241,50,25,3
Z3,2,1,720,5664.0,0.027995,202321.843186,209776.0,1.0,2,6e-05,40464.368637,40464.368637,5602062.851928101,15296415.366871802,755462.5120171,16910796.978387102,113854322.1278241,50,25,3
Z3,3,1,720,7080.0,0.064689,109446.737467,110624.0,1.0,2,6e-05,21889.347493,21889.347493,5602062.851928101,15296415.366871802,755462.5120171,16910796.978387102,113854322.1278241,50,25,3
Z3,4,1,720,7080.0,0.060975,116113.161132,118000.0,1.0,2,6e-05,23222.632226,23222.632226,5602062.851928101,15296415.366871802,755462.5120171,16910796.978387102,113854322.1278241,50,25,3
Z3,5,1,720,5664.0,0.074011,76529.164584,76536.0,1.0,2,6e-05,15305.832917,15305.832917,5602062.851928101,15296415.366871802,755462.5120171,16910796.978387102,113854322.1278241,50,25,3
Z3,6,1,720,7080.0,0.035848,197500.557911,202280.0,1.0,2,6e-05,39500.111582,39500.111582,5602062.851928101,15296415.366871802,755462.5120171,16910796.978387102,113854322.1278241,50,25,3
Z3,7,1,720,7080.0,0.035615,198792.643549,202280.0,1.0,2,6e-05,39758.52871,39758.52871,5602062.851928101,15296415.366871802,755462.5120171,16910796.978387102,113854322.1278241,50,25,3
Z3,8,1,720,5664.0,0.032197,175917.010902,177000.0,1.0,2,6e-05,35183.40218,35183.40218,5602062.851928101,15296415.366871802,755462.5120171,16910796.978387102,113854322.1278241,50,25,3
Z3,9,1,720,7080.0,0.031878,222096.743836,228384.0,1.0,2,6e-05,44419.348767,44419.348767,5602062.851928101,15296415.366871802,755462.5120171,16910796.978387102,113854322.1278241,50,25,3
Z3,10,1,720,12904.0,0.060758,212383.554429,215064.0,1.0,2,6e-05,42476.710886,42476.710886,5602062.851928101,15296415.366871802,755462.5120171,16910796.978387102,113854322.1278241,50,25,3
Z3,11,1,720,17344.0,0.060361,287337.850599,289064.0,1.0,2,6e-05,57467.57012,57467.57012,5602062.851928101,15296415.366871802,755462.5120171,16910796.978387102,113854322.1278241,50,25,3
Z3,12,1,720,16912.0,0.070583,239604.437329,241600.0,1.0,2,6e-05,47920.887466,47920.887466,5602062.851928101,15296415.366871802,755462.5120171,16910796.978387102,113854322.1278241,50,25,3
Z3,13,1,720,13240.0,0.042591,310863.797516,315232.0,1.0,2,6e-05,62172.759503,62172.759503,5602062.851928101,15296415.366871802,755462.5120171,16910796.978387102,113854322.1278241,50,25,3
Z3,14,1,720,28328.0,0.395536,71619.271065,71712.0,1.0,2,6e-05,14323.854213,14323.854213,5602062.851928101,15296415.366871802,755462.5120171,16910796.978387102,113854322.1278241,50,25,3
Z3,15,1,720,30528.0,0.067895,449635.466529,455640.0,1.0,2,6e-05,89927.093306,89927.093306,5602062.851928101,15296415.366871802,755462.5120171,16910796.978387102,113854322.1278241,50,25,3
Z3,16,1,720,16360.0,0.044549,367236.077129,371816.0,1.0,2,6e-05,73447.215426,73447.215426,5602062.851928101,15296415.366871802,755462.5120171,16910796.978387102,113854322.1278241,50,25,3
Z3,17,1,720,33216.0,0.073856,449740.034662,455008.0,1.0,2,6e-05,89948.006932,89948.006932,5602062.851928101,15296415.366871802,755462.5120171,16910796.978387102,113854322.1278241,50,25,3
Z3,18,1,720,28000.0,0.048085,582302.173235,583328.0,1.0,2,6e-05,116460.434647,116460.434647,5602062.851928101,15296415.366871802,755462.5120171,16910796.978387102,113854322.1278241,50,25,3
Z3,19,1,720,15744.0,0.074032,212664.793603,212752.0,1.0,2,6e-05,42532.958721,42532.958721,5602062.851928101,15296415.366871802,755462.5120171,16910796.978387102,113854322.1278241,50,25,3
Z3,20,1,720,16024.0,0.053364,300277.340529,302336.0,1.0,2,6e-05,60055.468106,60055.468106,5602062.851928101,15296415.366871802,755462.5120171,16910796.978387102,113854322.1278241,50,25,3
Z3,21,1,720,11576.0,0.031024,373130.479629,373416.0,1.0,2,6e-05,74626.095926,74626.095926,5602062.851928101,15296415.366871802,755462.5120171,16910796.978387102,113854322.1278241,50,25,3
Z3,22,1,720,10816.0,0.071826,150586.138724,152336.0,1.0,2,6e-05,30117.227745,30117.227745,5602062.851928101,15296415.366871802,755462.5120171,16910796.978387102,113854322.1278241,50,25,3
Z3,23,1,720,13224.0,0.065811,200939.052742,203440.0,1.0,2,6e-05,40187.810548,40187.810548,5602062.851928101,15296415.366871802,755462.5120171,16910796.978387102,113854322.1278241,50,25,3
Z3,24,1,720,17528.0,0.03146,557151.93897,565416.0,1.0,2,6e-05,111430.387794,111430.387794,5602062.851928101,15296415.366871802,755462.5120171,16910796.978387102,113854322.1278241,50,25,3
Z3,25,1,720,23824.0,0.074182,321156.075598,321944.0,1.0,2,6e-05,64231.21512,64231.21512,5602062.851928101,15296415.366871802,755462.5120171,16910796.978387102,113854322.1278241,50,25,3
Z3,26,1,720,11024.0,0.038971,282877.011111,290104.0,1.0,2,6e-05,56575.402222,56575.402222,5602062.851928101,15296415.366871802,755462.5120171,16910796.978387102,113854322.1278241,50,25,3
Z3,27,1,720,15112.0,0.036932,409184.447092,419776.0,1.0,2,6e-05,81836.889418,81836.889418,5602062.851928101,15296415.366871802,755462.5120171,16910796.978387102,113854322.1278241,50,25,3
Z3,28,1,720,24552.0,0.075623,324663.131587,327360.0,1.0,2,6e-05,64932.626317,64932.626317,5602062.851928101,15296415.366871802,755462.5120171,16910796.978387102,113854322.1278241,50,25,3
Z3,29,1,720,10824.0,0.030061,360067.862014,360800.0,1.0,2,6e-05,72013.572403,72013.572403,5602062.851928101,15296415.366871802,755462.5120171,16910796.978387102,113854322.1278241,50,25,3
Z3,30,1,720,6872.0,0.057262,120009.77961,120560.0,1.0,2,6e-05,24001.955922,24001.955922,5602062.851928101,15296415.366871802,755462.5120171,16910796.978387102,113854322.1278241,50,25,3
Z3,31,1,720,6872.0,0.028199,243696.584985,245424.0,1.0,2,6e-05,48739.316997,48739.316997,5602062.851928101,15296415.366871802,755462.5120171,16910796.978387102,113854322.1278241,50,25,3
Z3,32,1,720,6376.0,0.030113,211735.795172,212528.0,1.0,2,6e-05,42347.159034,42347.159034,5602062.851928101,15296415.366871802,755462.5120171,16910796.978387102,113854322.1278241,50,25,3
Z3,33,1,720,6872.0,0.05816,118156.808803,118480.0,1.0,2,6e-05,23631.361761,23631.361761,5602062.851928101,15296415.366871802,755462.5120171,16910796.978387102,113854322.1278241,50,25,3
Z3,34,1,720,6872.0,0.03218,213548.788067,214744.0,1.0,2,6e-05,42709.757613,42709.757613,5602062.851928101,15296415.366871802,755462.5120171,16910796.978387102,113854322.1278241,50,25,3
Z3,35,1,720,6376.0,0.073084,87242.077609,87336.0,1.0,2,6e-05,17448.415522,17448.415522,5602062.851928101,15296415.366871802,755462.5120171,16910796.978387102,113854322.1278241,50,25,3
Z3,36,1,720,6872.0,0.065527,104872.800525,105720.0,1.0,2,6e-05,20974.560105,20974.560105,5602062.851928101,15296415.366871802,755462.5120171,16910796.978387102,113854322.1278241,50,25,3
Z3,37,1,720,6872.0,0.026553,258803.14842,264304.0,1.0,2,6e-05,51760.629684,51760.629684,5602062.851928101,15296415.366871802,755462.5120171,16910796.978387102,113854322.1278241,50,25,3
Z3,38,1,720,6376.0,0.043774,145657.239457,148272.0,1.0,2,6e-05,29131.447891,29131.447891,5602062.851928101,15296415.366871802,755462.5120171,16910796.978387102,113854322.1278241,50,25,3
Z1,0,2,720,9320.0,0.189528,49174.792115,49312.0,1.0,2,3.248279,38966.406314,38966.406314,5602062.851928101,15296415.366871802,755462.5120171,16910796.978387102,113854322.1278241,50,25,3
Z2,0,2,720,6624.0,0.169806,39009.222289,39192.0,1.0,2,3.248279,36933.292349,36933.292349,5602062.851928101,15296415.366871802,755462.5120171,16910796.978387102,113854322.1278241,50,25,3
Z2,1,2,720,5424.0,0.057333,94605.201193,95152.0,1.0,2,3.248279,48052.48813,48052.48813,5602062.851928101,15296415.366871802,755462.5120171,16910796.978387102,113854322.1278241,50,25,3
Z2,2,2,720,7080.0,0.037921,186703.937132,191344.0,1.0,2,3.248279,66472.235318,66472.235318,5602062.851928101,15296415.366871802,755462.5120171,16910796.978387102,113854322.1278241,50,25,3
Z2,3,2,720,18392.0,0.060585,303573.491788,306528.0,1.0,2,3.248279,89846.146249,89846.146249,5602062.851928101,15296415.366871802,755462.5120171,16910796.978387102,113854322.1278241,50,25,3
Z2,4,2,720,9160.0,0.050133,182713.980811,183200.0,1.0,2,3.248279,65674.244054,65674.244054,5602062.851928101,15296415.366871802,755462.5120171,16910796.978387102,113854322.1278241,50,25,3
Z2,5,2,720,8048.0,0.065438,122986.643846,123808.0,1.0,2,3.248279,53728.776661,53728.776661,5602062.851928101,15296415.366871802,755462.5120171,16910796.978387102,113854322.1278241,50,25,3
Z2,6,2,720,6376.0,0.050518,126212.439131,127520.0,1.0,2,3.248279,54373.935718,54373.935718,5602062.851928101,15296415.366871802,755462.5120171,16910796.978387102,113854322.1278241,50,25,3
Z2,7,2,720,6872.0,0.069642,98676.08627,99592.0,1.0,2,3.248279,48866.665145,48866.665145,5602062.851928101,15296415.366871802,755462.5120171,16910796.978387102,113854322.1278241,50,25,3
Z3,0,2,720,7080.0,0.191406,36989.436068,37064.0,1.0,2,3.248279,36529.335105,36529.335105,5602062.851928101,15296415.366871802,755462.5120171,16910796.978387102,113854322.1278241,50,25,3
Z3,1,2,720,7080.0,0.074693,94787.998875,95672.0,1.0,2,3.248279,48089.047667,48089.047667,5602062.851928101,15296415.366871802,755462.5120171,16910796.978387102,113854322.1278241,50,25,3
Z3,2,2,720,5664.0,0.054157,104584.818214,104888.0,1.0,2,3.248279,50048.411534,50048.411534,5602062.851928101,15296415.366871802,755462.5120171,16910796.978387102,113854322.1278241,50,25,3
Z3,3,2,720,7080.0,0.037268,189975.313942,191344.0,1.0,2,3.248279,67126.51068,67126.51068,5602062.851928101,15296415.366871802,755462.5120171,16910796.978387102,113854322.1278241,50,25,3
Z3,4,2,720,7080.0,0.038203,185325.759757,186312.0,1.0,2,3.248279,66196.599843,66196.599843,5602062.851928101,15296415.366871802,755462.5120171,16910796.978387102,113854322.1278241,50,25,3
Z3,5,2,720,5664.0,0.034195,165638.251206,166584.0,1.0,2,3.248279,62259.098133,62259.098133,5602062.851928101,15296415.366871802,755462.5120171,16910796.978387102,113854322.1278241,50,25,3
Z3,6,2,720,7080.0,0.058774,120461.428523,122064.0,1.0,2,3.248279,53223.733596,53223.733596,5602062.851928101,15296415.366871802,755462.5120171,16910796.978387102,113854322.1278241,50,25,3
Z3,7,2,720,7080.0,0.048906,144767.513189,147496.0,1.0,2,3.248279,58084.950529,58084.950529,5602062.851928101,15296415.366871802,755462.5120171,16910796.978387102,113854322.1278241,50,25,3
Z3,8,2,720,5664.0,0.057182,99052.149278,99368.0,1.0,2,3.248279,48941.877747,48941.877747,5602062.851928101,15296415.366871802,755462.5120171,16910796.978387102,113854322.1278241,50,25,3
Z3,9,2,720,7080.0,0.040616,174315.540674,177000.0,1.0,2,3.248279,63994.556026,63994.556026,5602062.851928101,15296415.366871802,755462.5120171,16910796.978387102,113854322.1278241,50,25,3
Z3,10,2,720,12648.0,0.040104,315380.011969,316200.0,1.0,2,3.248279,92207.450285,92207.450285,5602062.851928101,15296415.366871802,755462.5120171,16910796.978387102,113854322.1278241,50,25,3
Z3,11,2,720,17112.0,0.069783,245217.316538,248000.0,1.0,2,3.248279,78174.911199,78174.911199,5602062.851928101,15296415.366871802,755462.5120171,16910796.978387102,113854322.1278241,50,25,3
Z3,12,2,720,15320.0,0.049006,312614.781863,312648.0,1.0,2,3.248279,91654.404264,91654.404264,5602062.851928101,15296415.366871802,755462.5120171,16910796.978387102,113854322.1278241,50,25,3
Z3,13,2,720,10704.0,0.05109,209512.62478,209880.0,1.0,2,3.248279,71033.972847,71033.972847,5602062.851928101,15296415.366871802,755462.5120171,16910796.978387102,113854322.1278241,50,25,3
Z3,14,2,720,18776.0,0.070631,265832.283275,268224.0,1.0,2,3.248279,82297.904546,82297.904546,5602062.851928101,15296415.366871802,755462.5120171,16910796.978387102,113854322.1278241,50,25,3
Z3,15,2,720,21848.0,0.053319,409760.123033,412224.0,1.0,2,3.248279,111083.472498,111083.472498,5602062.851928101,15296415.366871802,755462.5120171,16910796.978387102,113854322.1278241,50,25,3
Z3,16,2,720,12752.0,0.049724,256455.635106,260240.0,1.0,2,3.248279,80422.574913,80422.574913,5602062.851928101,15296415.366871802,755462.5120171,16910796.978387102,113854322.1278241,50,25,3
Z3,17,2,720,21856.0,0.046735,467658.072109,475128.0,1.0,2,3.248279,122663.062313,122663.062313,5602062.851928101,15296415.366871802,755462.5120171,16910796.978387102,113854322.1278241,50,25,3
Z3,18,2,720,16880.0,0.075051,224913.725333,225064.0,1.0,2,3.248279,74114.192958,74114.192958,5602062.851928101,15296415.366871802,755462.5120171,16910796.978387102,113854322.1278241,50,25,3
Z3,19,2,720,12128.0,0.036733,330166.335448,336888.0,1.0,2,3.248279,95164.714981,95164.714981,5602062.851928101,15296415.366871802,755462.5120171,16910796.978387102,113854322.1278241,50,25,3
Z3,20,2,720,15344.0,0.052715,291074.646685,295072.0,1.0,2,3.248279,87346.377228,87346.377228,5602062.851928101,15296415.366871802,755462.5120171,16910796.978387102,113854322.1278241,50,25,3
Z3,21,2,720,11592.0,0.039495,293505.507026,297224.0,1.0,2,3.248279,87832.549297,87832.549297,5602062.851928101,15296415.366871802,755462.5120171,16910796.978387102,113854322.1278241,50,25,3
Z3,22,2,720,9952.0,0.058519,170064.423521,171584.0,1.0,2,3.248279,63144.332596,63144.332596,5602062.851928101,15296415.366871802,755462.5120171,16910796.978387102,113854322.1278241,50,25,3
Z3,23,2,720,11064.0,0.049455,223718.531999,225792.0,1.0,2,3.248279,73875.154291,73875.154291,5602062.851928101,15296415.366871802,755462.5120171,16910796.978387102,113854322.1278241,50,25,3
Z3,24,2,720,14728.0,0.063949,230308.527108,233776.0,1.0,2,3.248279,75193.153313,75193.153313,5602062.851928101,15296415.366871802,755462.5120171,16910796.978387102,113854322.1278241,50,25,3
Z3,25,2,720,16264.0,0.029,560827.586207,560824.0,1.0,2,3.248279,141296.965133,141296.965133,5602062.851928101,15296415.366871802,755462.5120171,16910796.978387102,113854322.1278241,50,25,3
Z3,26,2,720,9504.0,0.035562,267251.560655,271536.0,1.0,2,3.248279,82581.760022,82581.760022,5602062.851928101,15296415.366871802,755462.5120171,16910796.978387102,113854322.1278241,50,25,3
Z3,27,2,720,12688.0,0.070454,180089.136174,181256.0,1.0,2,3.248279,65149.275126,65149.275126,5602062.851928101,15296415.366871802,755462.5120171,16910796.978387102,113854322.1278241,50,25,3
Z3,28,2,720,17320.0,0.073309,236260.213616,237256.0,1.0,2,3.248279,76383.490615,76383.490615,5602062.851928101,15296415.366871802,755462.5120171,16910796.978387102,113854322.1278241,50,25,3
Z3,29,2,720,10632.0,0.070302,151233.250832,151880.0,1.0,2,3.248279,59378.098058,59378.098058,5602062.851928101,15296415.366871802,755462.5120171,16910796.978387102,113854322.1278241,50,25,3
Z3,30,2,720,6872.0,0.039029,176074.201235,176200.0,1.0,2,3.248279,64346.288138,64346.288138,5602062.851928101,15296415.366871802,755462.5120171,16910796.978387102,113854322.1278241,50,25,3
Z3,31,2,720,6872.0,0.069534,98829.349671,99592.0,1.0,2,3.248279,48897.317826,48897.317826,5602062.851928101,15296415.366871802,755462.5120171,16910796.978387102,113854322.1278241,50,25,3
Z3,32,2,720,6376.0,0.033768,188817.815683,193208.0,1.0,2,3.248279,66895.011028,66895.011028,5602062.851928101,15296415.366871802,755462.5120171,16910796.978387102,113854322.1278241,50,25,3
Z3,33,2,720,6872.0,0.035883,191511.300616,196336.0,1.0,2,3.248279,67433.708015,67433.708015,5602062.851928101,15296415.366871802,755462.5120171,16910796.978387102,113854322.1278241,50,25,3
Z3,34,2,720,6872.0,0.063543,108147.238878,109072.0,1.0,2,3.248279,50760.895667,50760.895667,5602062.851928101,15296415.366871802,755462.5120171,16910796.978387102,113854322.1278241,50,25,3
Z3,35,2,720,6376.0,0.046149,138161.17359,138608.0,1.0,2,3.248279,56763.682609,56763.682609,5602062.851928101,15296415.366871802,755462.5120171,16910796.978387102,113854322.1278241,50,25,3
Z3,36,2,720,6872.0,0.066456,103406.765379,104120.0,1.0,2,3.248279,49812.800967,49812.800967,5602062.851928101,15296415.366871802,755462.5120171,16910796.978387102,113854322.1278241,50,25,3
Z3,37,2,720,6872.0,0.029756,230945.019492,236960.0,1.0,2,3.248279,75320.45179,75320.45179,5602062.851928101,15296415.366871802,755462.5120171,16910796.978387102,113854322.1278241,50,25,3
Z3,38,2,720,6376.0,0.061958,102908.421834,104520.0,1.0,2,3.248279,49713.132258,49713.132258,5602062.851928101,15296415.366871802,755462.5120171,16910796.978387102,113854322.1278241,50,25,3
Z1,0,3,720,9896.0,0.125719,78715.229997,79168.0,1.0,2,6.172513,65456.178258,65456.178258,5602062.851928101,15296415.366871802,755462.5120171,16910796.978387102,113854322.1278241,50,25,3
Z2,0,3,720,6624.0,0.167003,39663.958132,39664.0,1.0,2,6.172513,57645.923885,57645.923885,5602062.851928101,15296415.366871802,755462.5120171,16910796.978387102,113854322.1278241,50,25,3
Z2,1,3,720,5424.0,0.043349,125123.993633,126136.0,1.0,2,6.172513,74737.930985,74737.930985,5602062.851928101,15296415.366871802,755462.5120171,16910796.978387102,113854322.1278241,50,25,3
Z2,2,3,720,7080.0,0.073067,96897.368169,96984.0,1.0,2,6.172513,69092.605892,69092.605892,5602062.851928101,15296415.366871802,755462.5120171,16910796.978387102,113854322.1278241,50,25,3
Z2,3,3,720,18632.0,0.039481,471923.203566,477736.0,1.0,2,6.172513,144097.772972,144097.772972,5602062.851928101,15296415.366871802,755462.5120171,16910796.978387102,113854322.1278241,50,25,3
Z2,4,3,720,9664.0,0.037836,255418.120309,261184.0,1.0,2,6.172513,100796.75632,100796.75632,5602062.851928101,15296415.366871802,755462.5120171,16910796.978387102,113854322.1278241,50,25,3
Z2,5,3,720,8424.0,0.032785,256946.77444,263248.0,1.0,2,6.172513,101102.487146,101102.487146,5602062.851928101,15296415.366871802,755462.5120171,16910796.978387102,113854322.1278241,50,25,3
Z2,6,3,720,6376.0,0.055883,114095.520999,115920.0,1.0,2,6.172513,72532.236458,72532.236458,5602062.851928101,15296415.366871802,755462.5120171,16910796.978387102,113854322.1278241,50,25,3
Z2,7,3,720,6872.0,0.061132,112412.48446,112648.0,1.0,2,6.172513,72195.62915,72195.62915,5602062.851928101,15296415.366871802,755462.5120171,16910796.978387102,113854322.1278241,50,25,3
Z3,0,3,720,7080.0,0.166032,42642.382191,42648.0,1.0,2,6.172513,58241.608697,58241.608697,5602062.851928101,15296415.366871802,755462.5120171,16910796.978387102,113854322.1278241,50,25,3
Z3,1,3,720,7080.0,0.045862,154376.171994,157328.0,1.0,2,6.172513,80588.366657,80588.366657,5602062.851928101,15296415.366871802,755462.5120171,16910796.978387102,113854322.1278241,50,25,3
Z3,2,3,720,5664.0,0.046464,121900.826446,123128.0,1.0,2,6.172513,74093.297548,74093.297548,5602062.851928101,15296415.366871802,755462.5120171,16910796.978387102,113854322.1278241,50,25,3
Z3,3,3,720,7080.0,0.283617,24963.242683,25016.0,1.0,2,6.172513,54705.780795,54705.780795,5602062.851928101,15296415.366871802,755462.5120171,16910796.978387102,113854322.1278241,50,25,3
Z3,4,3,720,7080.0,0.043069,164387.378393,164648.0,1.0,2,6.172513,82590.607937,82590.607937,5602062.851928101,15296415.366871802,755462.5120171,16910796.978387102,113854322.1278241,50,25,3
Z3,5,3,720,5664.0,0.050847,111393.002537,113280.0,1.0,2,6.172513,71991.732766,71991.732766,5602062.851928101,15296415.366871802,755462.5120171,16910796.978387102,113854322.1278241,50,25,3
Z3,6,3,720,7080.0,0.035912,197148.585431,202280.0,1.0,2,6.172513,89142.849344,89142.849344,5602062.851928101,15296415.366871802,755462.5120171,16910796.978387102,113854322.1278241,50,25,3
Z3,7,3,720,7080.0,0.064442,109866.236306,110624.0,1.0,2,6.172513,71686.379519,71686.379519,5602062.851928101,15296415.366871802,755462.5120171,16910796.978387102,113854322.1278241,50,25,3
Z3,8,3,720,5664.0,0.030745,184225.077248,188800.0,1.0,2,6.172513,86558.147708,86558.147708,5602062.851928101,15296415.366871802,755462.5120171,16910796.978387102,113854322.1278241,50,25,3
Z3,9,3,720,7080.0,0.067959,104180.461749,105664.0,1.0,2,6.172513,70549.224608,70549.224608,5602062.851928101,15296415.366871802,755462.5120171,16910796.978387102,113854322.1278241,50,25,3
Z3,10,3,720,14120.0,0.063301,223061.247058,224120.0,1.0,2,6.172513,94325.38167,94325.38167,5602062.851928101,15296415.366871802,755462.5120171,16910796.978387102,113854322.1278241,50,25,3
Z3,11,3,720,17536.0,0.042824,409490.005604,417520.0,1.0,2,6.172513,131611.133379,131611.133379,5602062.851928101,15296415.366871802,755462.5120171,16910796.978387102,113854322.1278241,50,25,3
Z3,12,3,720,16008.0,0.03255,491797.235023,500248.0,1.0,2,6.172513,148072.579263,148072.579263,5602062.851928101,15296415.366871802,755462.5120171,16910796.978387102,113854322.1278241,50,25,3
Z3,13,3,720,10896.0,0.033919,321235.885492,330176.0,1.0,2,6.172513,113960.309357,113960.309357,5602062.851928101,15296415.366871802,755462.5120171,16910796.978387102,113854322.1278241,50,25,3
Z3,14,3,720,19720.0,0.043929,448906.189533,458600.0,1.0,2,6.172513,139494.370165,139494.370165,5602062.851928101,15296415.366871802,755462.5120171,16910796.978387102,113854322.1278241,50,25,3
Z3,15,3,720,20104.0,0.030663,655643.609562,670128.0,1.0,2,6.172513,180841.854171,180841.854171,5602062.851928101,15296415.366871802,755462.5120171,16910796.978387102,113854322.1278241,50,25,3
Z3,16,3,720,12504.0,0.066146,189036.374082,189448.0,1.0,2,6.172513,87520.407075,87520.407075,5602062.851928101,15296415.366871802,755462.5120171,16910796.978387102,113854322.1278241,50,25,3
Z3,17,3,720,23072.0,0.054572,422780.913289,427256.0,1.0,2,6.172513,134269.314916,134269.314916,5602062.851928101,15296415.366871802,755462.5120171,16910796.978387102,113854322.1278241,50,25,3
Z3,18,3,720,18112.0,0.075753,239092.841208,241488.0,1.0,2,6.172513,97531.7005,97531.7005,5602062.851928101,15296415.366871802,755462.5120171,16910796.978387102,113854322.1278241,50,25,3
Z3,19,3,720,12544.0,0.043835,286164.024182,291720.0,1.0,2,6.172513,106945.937095,106945.937095,5602062.851928101,15296415.366871802,755462.5120171,16910796.978387102,113854322.1278241,50,25,3
Z3,20,3,720,15304.0,0.068682,222824.029586,225056.0,1.0,2,6.172513,94277.938175,94277.938175,5602062.851928101,15296415.366871802,755462.5120171,16910796.978387102,113854322.1278241,50,25,3
Z3,21,3,720,12280.0,0.053621,229014.751683,231696.0,1.0,2,6.172513,95516.082595,95516.082595,5602062.851928101,15296415.366871802,755462.5120171,16910796.978387102,113854322.1278241,50,25,3
Z3,22,3,720,10368.0,0.055207,187802.271451,188504.0,1.0,2,6.172513,87273.586548,87273.586548,5602062.851928101,15296415.366871802,755462.5120171,16910796.978387102,113854322.1278241,50,25,3
Z3,23,3,720,10520.0,0.073386,143351.592947,144104.0,1.0,2,6.172513,78383.450848,78383.450848,5602062.851928101,15296415.366871802,755462.5120171,16910796.978387102,113854322.1278241,50,25,3
Z3,24,3,720,15288.0,0.062635,244080.785503,246576.0,1.0,2,6.172513,98529.289359,98529.289359,5602062.851928101,15296415.366871802,755462.5120171,16910796.978387102,113854322.1278241,50,25,3
Z3,25,3,720,16344.0,0.032217,507309.805382,510744.0,1.0,2,6.172513,151175.093335,151175.093335,5602062.851928101,15296415.366871802,755462.5120171,16910796.978387102,113854322.1278241,50,25,3
Z3,26,3,720,9016.0,0.065347,137971.13869,138704.0,1.0,2,6.172513,77307.359996,77307.359996,5602062.851928101,15296415.366871802,755462.5120171,16910796.978387102,113854322.1278241,50,25,3
Z3,27,3,720,13800.0,0.062682,220158.897291,222576.0,1.0,2,6.172513,93744.911716,93744.911716,5602062.851928101,15296415.366871802,755462.5120171,16910796.978387102,113854322.1278241,50,25,3
Z3,28,3,720,17664.0,0.048036,367724.206845,368000.0,1.0,2,6.172513,123257.973627,123257.973627,5602062.851928101,15296415.366871802,755462.5120171,16910796.978387102,113854322.1278241,50,25,3
Z3,29,3,720,10240.0,0.074815,136870.948339,138376.0,1.0,2,6.172513,77087.321926,77087.321926,5602062.851928101,15296415.366871802,755462.5120171,16910796.978387102,113854322.1278241,50,25,3
Z3,30,3,720,6872.0,0.031637,217214.021557,221672.0,1.0,2,6.172513,93155.93657,93155.93657,5602062.851928101,15296415.366871802,755462.5120171,16910796.978387102,113854322.1278241,50,25,3
Z3,31,3,720,6872.0,0.060518,113552.992498,114528.0,1.0,2,6.172513,72423.730758,72423.730758,5602062.851928101,15296415.366871802,755462.5120171,16910796.978387102,113854322.1278241,50,25,3
Z3,32,3,720,6376.0,0.029501,216128.266838,219856.0,1.0,2,6.172513,92938.785626,92938.785626,5602062.851928101,15296415.366871802,755462.5120171,16910796.978387102,113854322.1278241,50,25,3
Z3,33,3,720,6872.0,0.027768,247479.112648,254512.0,1.0,2,6.172513,99208.954788,99208.954788,5602062.851928101,15296415.366871802,755462.5120171,16910796.978387102,113854322.1278241,50,25,3
Z3,34,3,720,6872.0,0.057832,118826.947019,120560.0,1.0,2,6.172513,73478.521662,73478.521662,5602062.851928101,15296415.366871802,755462.5120171,16910796.978387102,113854322.1278241,50,25,3
Z3,35,3,720,6376.0,0.034469,184977.806145,187528.0,1.0,2,6.172513,86708.693487,86708.693487,5602062.851928101,15296415.366871802,755462.5120171,16910796.978387102,113854322.1278241,50,25,3
Z3,36,3,720,6872.0,0.069306,99154.47436,99592.0,1.0,2,6.172513,69544.02713,69544.02713,5602062.851928101,15296415.366871802,755462.5120171,16910796.978387102,113854322.1278241,50,25,3
Z3,37,3,720,6872.0,0.049534,138732.991481,140240.0,1.0,2,6.172513,77459.730554,77459.730554,5602062.851928101,15296415.366871802,755462.5120171,16910796.978387102,113854322.1278241,50,25,3
Z3,38,3,720,6376.0,0.070189,90840.445084,91080.0,1.0,2,6.172513,67881.221275,67881.221275,5602062.851928101,15296415.366871802,755462.5120171,16910796.978387102,113854322.1278241,50,25,3
Z1,0,4,720,22592.0,1.336952,16898.138452,16904.0,1.0,2,9.165828,71260.848966,71260.848966,5602062.851928101,15296415.366871802,755462.5120171,16910796.978387102,113854322.1278241,50,25,3
Z2,0,4,720,6624.0,0.198032,33449.139533,33448.0,1.0,2,9.165828,74571.049182,74571.049182,5602062.851928101,15296415.366871802,755462.5120171,16910796.978387102,113854322.1278241,50,25,3
Z2,1,4,720,6648.0,0.040321,164876.863173,166200.0,1.0,2,9.165828,100856.59391,100856.59391,5602062.851928101,15296415.366871802,755462.5120171,16910796.978387102,113854322.1278241,50,25,3
Z2,2,4,720,7200.0,0.064816,111083.683041,112496.0,1.0,2,9.165828,90097.957883,90097.957883,5602062.851928101,15296415.366871802,755462.5120171,16910796.978387102,113854322.1278241,50,25,3
Z2,3,4,720,7296.0,0.028205,258677.539443,260568.0,1.0,2,9.165828,119616.729164,119616.729164,5602062.851928101,15296415.366871802,755462.5120171,16910796.978387102,113854322.1278241,50,25,3
Z2,4,4,720,17272.0,0.071917,240165.746625,243264.0,1.0,2,9.165828,115914.3706,115914.3706,5602062.851928101,15296415.366871802,755462.5120171,16910796.978387102,113854322.1278241,50,25,3
Z2,5,4,720,26240.0,0.05082,516332.152696,524800.0,1.0,2,9.165828,171147.651814,171147.651814,5602062.851928101,15296415.366871802,755462.5120171,16910796.978387102,113854322.1278241,50,25,3
Z2,6,4,720,12720.0,0.030212,421024.758374,424000.0,1.0,2,9.165828,152086.17295,152086.17295,5602062.851928101,15296415.366871802,755462.5120171,16910796.978387102,113854322.1278241,50,25,3
Z2,7,4,720,11496.0,0.075604,152055.446802,153280.0,1.0,2,9.165828,98292.310635,98292.310635,5602062.851928101,15296415.366871802,755462.5120171,16910796.978387102,113854322.1278241,50,25,3
Z3,0,4,720,6448.0,0.154021,41864.421085,41864.0,1.0,2,9.165828,76254.105492,76254.105492,5602062.851928101,15296415.366871802,755462.5120171,16910796.978387102,113854322.1278241,50,25,3
Z3,1,4,720,7448.0,0.06542,113848.975848,114584.0,1.0,2,9.165828,90651.016445,90651.016445,5602062.851928101,15296415.366871802,755462.5120171,16910796.978387102,113854322.1278241,50,25,3
Z3,2,4,720,7424.0,0.038179,194452.447681,195368.0,1.0,2,9.165828,106771.710811,106771.710811,5602062.851928101,15296415.366871802,755462.5120171,16910796.978387102,113854322.1278241,50,25,3
Z3,3,4,720,6648.0,0.044907,148039.281181,151088.0,1.0,2,9.165828,97489.077511,97489.077511,5602062.851928101,15296415.366871802,755462.5120171,16910796.978387102,113854322.1278241,50,25,3
Z3,4,4,720,7224.0,0.07324,98634.625887,98952.0,1.0,2,9.165828,87608.146453,87608.146453,5602062.851928101,15296415.366871802,755462.5120171,16910796.978387102,113854322.1278241,50,25,3
Z3,5,4,720,7240.0,0.054544,132736.872983,134072.0,1.0,2,9.165828,94428.595872,94428.595872,5602062.851928101,15296415.366871802,755462.5120171,16910796.978387102,113854322.1278241,50,25,3
Z3,6,4,720,6648.0,0.067338,98725.830883,99216.0,1.0,2,9.165828,87626.387452,87626.387452,5602062.851928101,15296415.366871802,755462.5120171,16910796.978387102,113854322.1278241,50,25,3
Z3,7,4,720,7232.0,0.063246,114347.152389,114792.0,1.0,2,9.165828,90750.651753,90750.651753,5602062.851928101,15296415.366871802,755462.5120171,16910796.978387102,113854322.1278241,50,25,3
Z3,8,4,720,7296.0,0.059181,123282.810361,123656.0,1.0,2,9.165828,92537.783347,92537.783347,5602062.851928101,15296415.366871802,755462.5120171,16910796.978387102,113854322.1278241,50,25,3
Z3,9,4,720,16456.0,0.058546,281078.126601,283720.0,1.0,2,9.165828,124096.846595,124096.846595,5602062.851928101,15296415.366871802,755462.5120171,16910796.978387102,113854322.1278241,50,25,3
Z3,10,4,720,25392.0,0.064699,392463.562033,396744.0,1.0,2,9.165828,146373.933682,146373.933682,5602062.851928101,15296415.366871802,755462.5120171,16910796.978387102,113854322.1278241,50,25,3
Z3,11,4,720,21592.0,0.061213,352735.530034,353960.0,1.0,2,9.165828,138428.327282,138428.327282,5602062.851928101,15296415.366871802,755462.5120171,16910796.978387102,113854322.1278241,50,25,3
Z3,12,4,720,13528.0,0.032425,417208.943716,422744.0,1.0,2,9.165828,151323.010018,151323.010018,5602062.851928101,15296415.366871802,755462.5120171,16910796.978387102,113854322.1278241,50,25,3
Z3,13,4,720,29512.0,0.050235,587478.849408,590240.0,1.0,2,9.165828,185376.991157,185376.991157,5602062.851928101,15296415.366871802,755462.5120171,16910796.978387102,113854322.1278241,50,25,3
Z3,14,4,720,29688.0,0.057389,517311.679939,520840.0,1.0,2,9.165828,171343.557263,171343.557263,5602062.851928101,15296415.366871802,755462.5120171,16910796.978387102,113854322.1278241,50,25,3
Z3,15,4,720,16760.0,0.04583,365699.323587,372440.0,1.0,2,9.165828,141021.085993,141021.085993,5602062.851928101,15296415.366871802,755462.5120171,16910796.978387102,113854322.1278241,50,25,3
Z3,16,4,720,33128.0,0.070619,469108.880046,473256.0,1.0,2,9.165828,161702.997284,161702.997284,5602062.851928101,15296415.366871802,755462.5120171,16910796.978387102,113854322.1278241,50,25,3
Z3,17,4,720,26248.0,0.036896,711405.030356,729104.0,1.0,2,9.165828,210162.227346,210162.227346,5602062.851928101,15296415.366871802,755462.5120171,16910796.978387102,113854322.1278241,50,25,3
Z3,18,4,720,14624.0,0.060904,240115.591751,243728.0,1.0,2,9.165828,115904.339625,115904.339625,5602062.851928101,15296415.366871802,755462.5120171,16910796.978387102,113854322.1278241,50,25,3
Z3,19,4,720,26816.0,0.052398,511775.258598,515688.0,1.0,2,9.165828,170236.272995,170236.272995,5602062.851928101,15296415.366871802,755462.5120171,16910796.978387102,113854322.1278241,50,25,3
Z3,20,4,720,23128.0,0.061705,374815.655133,379144.0,1.0,2,9.165828,142844.352302,142844.352302,5602062.851928101,15296415.366871802,755462.5120171,16910796.978387102,113854322.1278241,50,25,3
Z3,21,4,720,19440.0,0.407226,47737.619897,47760.0,1.0,2,9.165828,77428.745254,77428.745254,5602062.851928101,15296415.366871802,755462.5120171,16910796.978387102,113854322.1278241,50,25,3
Z3,22,4,720,29088.0,0.104625,278021.505376,279688.0,1.0,2,9.165828,123485.52235,123485.52235,5602062.851928101,15296415.366871802,755462.5120171,16910796.978387102,113854322.1278241,50,25,3
Z3,23,4,720,29840.0,0.074232,401982.972303,403240.0,1.0,2,9.165828,148277.815736,148277.815736,5602062.851928101,15296415.366871802,755462.5120171,16910796.978387102,113854322.1278241,50,25,3
Z3,24,4,720,17200.0,0.039991,430096.771774,441024.0,1.0,2,9.165828,153900.57563,153900.57563,5602062.851928101,15296415.366871802,755462.5120171,16910796.978387102,113854322.1278241,50,25,3
Z3,25,4,720,25664.0,0.063213,405992.438264,407360.0,1.0,2,9.165828,149079.708928,149079.708928,5602062.851928101,15296415.366871802,755462.5120171,16910796.978387102,113854322.1278241,50,25,3
Z3,26,4,720,26808.0,0.045063,594900.472672,595728.0,1.0,2,9.165828,186861.315809,186861.315809,5602062.851928101,15296415.366871802,755462.5120171,16910796.978387102,113854322.1278241,50,25,3
Z3,27,4,720,17472.0,0.03408,512676.056338,513880.0,1.0,2,9.165828,170416.432543,170416.432543,5602062.851928101,15296415.366871802,755462.5120171,16910796.978387102,113854322.1278241,50,25,3
Z3,28,4,720,6448.0,0.046348,139121.429188,140168.0,1.0,2,9.165828,95705.507113,95705.507113,5602062.851928101,15296415.366871802,755462.5120171,16910796.978387102,113854322.1278241,50,25,3
Z3,29,4,720,7200.0,0.049195,146356.337026,146936.0,1.0,2,9.165828,97152.48868,97152.48868,5602062.851928101,15296415.366871802,755462.5120171,16910796.978387102,113854322.1278241,50,25,3
Z3,30,4,720,7520.0,0.033516,224370.449934,227872.0,1.0,2,9.165828,112755.311262,112755.311262,5602062.851928101,15296415.366871802,755462.5120171,16910796.978387102,113854322.1278241,50,25,3
Z3,31,4,720,6728.0,0.057258,117503.23099,118032.0,1.0,2,9.165828,91381.867473,91381.867473,5602062.851928101,15296415.366871802,755462.5120171,16910796.978387102,113854322.1278241,50,25,3
Z3,32,4,720,7224.0,0.07581,95290.858726,96320.0,1.0,2,9.165828,86939.39302,86939.39302,5602062.851928101,15296415.366871802,755462.5120171,16910796.978387102,113854322.1278241,50,25,3
Z3,33,4,720,7256.0,0.064876,111844.133424,113368.0,1.0,2,9.165828,90250.04796,90250.04796,5602062.851928101,15296415.366871802,755462.5120171,16910796.978387102,113854322.1278241,50,25,3
Z3,34,4,720,6544.0,0.042872,152640.417988,155808.0,1.0,2,9.165828,98409.304873,98409.304873,5602062.851928101,15296415.366871802,755462.5120171,16910796.978387102,113854322.1278241,50,25,3
Z3,35,4,720,12272.0,0.07047,174145.026252,175312.0,1.0,2,9.165828,102710.226526,102710.226526,5602062.851928101,15296415.366871802,755462.5120171,16910796.978387102,113854322.1278241,50,25,3
Z3,36,4,720,8544.0,0.049053,174178.9493,174360.0,1.0,2,9.165828,102717.011135,102717.011135,5602062.851928101,15296415.366871802,755462.5120171,16910796.978387102,113854322.1278241,50,25,3
Z3,37,4,720,6424.0,0.037891,169538.940646,173616.0,1.0,2,9.165828,101789.009404,101789.009404,5602062.851928101,15296415.366871802,755462.5120171,16910796.978387102,113854322.1278241,50,25,3
Z3,38,4,720,6872.0,0.062426,110082.337488,110832.0,1.0,2,9.165828,89897.688773,89897.688773,5602062.851928101,15296415.366871802,755462.5120171,16910796.978387102,113854322.1278241,50,25,3
Z1,0,5,720,20272.0,0.155861,130064.60885,130784.0,1.0,2,13.700918,115910.610543,115910.610543,5602062.851928101,15296415.366871802,755462.5120171,16910796.978387102,113854322.1278241,50,25,3
Z2,0,5,720,6624.0,0.502382,13185.185775,13192.0,1.0,2,13.700918,92534.725928,92534.725928,5602062.851928101,15296415.366871802,755462.5120171,16910796.978387102,113854322.1278241,50,25,3
Z2,1,5,720,7616.0,0.05191,146715.469081,149328.0,1.0,2,13.700918,119240.782589,119240.782589,5602062.851928101,15296415.366871802,755462.5120171,16910796.978387102,113854322.1278241,50,25,3
Z2,2,5,720,8792.0,0.057061,154080.720632,154240.0,1.0,2,13.700918,120713.832899,120713.832899,5602062.851928101,15296415.366871802,755462.5120171,16910796.978387102,113854322.1278241,50,25,3
Z2,3,5,720,8816.0,0.038754,227486.194973,232000.0,1.0,2,13.700918,135394.927767,135394.927767,5602062.851928101,15296415.366871802,755462.5120171,16910796.978387102,113854322.1278241,50,25,3
Z2,4,5,720,14976.0,0.06643,225440.313112,226904.0,1.0,2,13.700918,134985.751395,134985.751395,5602062.851928101,15296415.366871802,755462.5120171,16910796.978387102,113854322.1278241,50,25,3
Z2,5,5,720,25312.0,0.054274,466374.32288,468736.0,1.0,2,13.700918,183172.553349,183172.553349,5602062.851928101,15296415.366871802,755462.5120171,16910796.978387102,113854322.1278241,50,25,3
Z2,6,5,720,13208.0,0.039441,334879.947263,338664.0,1.0,2,13.700918,156873.678225,156873.678225,5602062.851928101,15296415.366871802,755462.5120171,16910796.978387102,113854322.1278241,50,25,3
Z2,7,5,720,16320.0,0.058538,278793.262496,281376.0,1.0,2,13.700918,145656.341272,145656.341272,5602062.851928101,15296415.366871802,755462.5120171,16910796.978387102,113854322.1278241,50,25,3
Z3,0,5,720,7712.0,0.184777,41736.796246,41912.0,1.0,2,13.700918,98245.048022,98245.048022,5602062.851928101,15296415.366871802,755462.5120171,16910796.978387102,113854322.1278241,50,25,3
Z3,1,5,720,9624.0,0.030006,320735.852829,320800.0,1.0,2,13.700918,154044.859338,154044.859338,5602062.851928101,15296415.366871802,755462.5120171,16910796.978387102,113854322.1278241,50,25,3
Z3,2,5,720,9096.0,0.028125,323413.333333,324856.0,1.0,2,13.700918,154580.355439,154580.355439,5602062.851928101,15296415.366871802,755462.5120171,16910796.978387102,113854322.1278241,50,25,3
Z3,3,5,720,7632.0,0.027017,282488.803346,282664.0,1.0,2,13.700918,146395.449442,146395.449442,5602062.851928101,15296415.366871802,755462.5120171,16910796.978387102,113854322.1278241,50,25,3
Z3,4,5,720,8304.0,0.031573,263009.533462,267864.0,1.0,2,13.700918,142499.595465,142499.595465,5602062.851928101,15296415.366871802,755462.5120171,16910796.978387102,113854322.1278241,50,25,3
Z3,5,5,720,8504.0,0.064569,131704.068516,132872.0,1.0,2,13.700918,116238.502476,116238.502476,5602062.851928101,15296415.366871802,755462.5120171,16910796.978387102,113854322.1278241,50,25,3
Z3,6,5,720,7384.0,0.064599,114305.175003,115368.0,1.0,2,13.700918,112758.723773,112758.723773,5602062.851928101,15296415.366871802,755462.5120171,16910796.978387102,113854322.1278241,50,25,3
Z3,7,5,720,8968.0,0.0581,154354.561102,154616.0,1.0,2,13.700918,120768.600993,120768.600993,5602062.851928101,15296415.366871802,755462.5120171,16910796.978387102,113854322.1278241,50,25,3
Z3,8,5,720,8912.0,0.065031,137042.333656,137104.0,1.0,2,13.700918,117306.155504,117306.155504,5602062.851928101,15296415.366871802,755462.5120171,16910796.978387102,113854322.1278241,50,25,3
Z3,9,5,720,16688.0,0.036802,453453.616651,463552.0,1.0,2,13.700918,180588.412103,180588.412103,5602062.851928101,15296415.366871802,755462.5120171,16910796.978387102,113854322.1278241,50,25,3
Z3,10,5,720,23832.0,0.075759,314576.485962,317760.0,1.0,2,13.700918,152812.985965,152812.985965,5602062.851928101,15296415.366871802,755462.5120171,16910796.978387102,113854322.1278241,50,25,3
Z3,11,5,720,21144.0,0.046113,458525.795329,459648.0,1.0,2,13.700918,181602.847838,181602.847838,5602062.851928101,15296415.366871802,755462.5120171,16910796.978387102,113854322.1278241,50,25,3
Z3,12,5,720,14272.0,0.03653,390692.58144,396440.0,1.0,2,13.700918,168036.205061,168036.205061,5602062.851928101,15296415.366871802,755462.5120171,16910796.978387102,113854322.1278241,50,25,3
Z3,13,5,720,27640.0,0.072901,379144.319008,383888.0,1.0,2,13.700918,165726.552574,165726.552574,5602062.851928101,15296415.366871802,755462.5120171,16910796.978387102,113854322.1278241,50,25,3
Z3,14,5,720,33288.0,0.072969,456193.726103,462328.0,1.0,2,13.700918,181136.433993,181136.433993,5602062.851928101,15296415.366871802,755462.5120171,16910796.978387102,113854322.1278241,50,25,3
Z3,15,5,720,17576.0,0.030959,567718.595562,585864.0,1.0,2,13.700918,203441.407885,203441.407885,5602062.851928101,15296415.366871802,755462.5120171,16910796.978387102,113854322.1278241,50,25,3
Z3,16,5,720,34872.0,0.072042,484050.970267,484328.0,1.0,2,13.700918,186707.882826,186707.882826,5602062.851928101,15296415.366871802,755462.5120171,16910796.978387102,113854322.1278241,50,25,3
Z3,17,5,720,27336.0,0.071261,383603.934831,385008.0,1.0,2,13.700918,166618.475739,166618.475739,5602062.851928101,15296415.366871802,755462.5120171,16910796.978387102,113854322.1278241,50,25,3
Z3,18,5,720,18312.0,0.032343,566181.244782,572248.0,1.0,2,13.700918,203133.937729,203133.937729,5602062.851928101,15296415.366871802,755462.5120171,16910796.978387102,113854322.1278241,50,25,3
Z3,19,5,720,41432.0,0.070851,584776.502802,591880.0,1.0,2,13.700918,206852.989333,206852.989333,5602062.851928101,15296415.366871802,755462.5120171,16910796.978387102,113854322.1278241,50,25,3
Z3,20,5,720,36760.0,0.065247,563397.550845,565536.0,1.0,2,13.700918,202577.198942,202577.198942,5602062.851928101,15296415.366871802,755462.5120171,16910796.978387102,113854322.1278241,50,25,3
Z3,21,5,720,21272.0,0.057851,367703.237628,373192.0,1.0,2,13.700918,163438.336298,163438.336298,5602062.851928101,15296415.366871802,755462.5120171,16910796.978387102,113854322.1278241,50,25,3
Z3,22,5,720,43464.0,0.047727,910679.489597,924760.0,1.0,2,13.700918,272033.586692,272033.586692,5602062.851928101,15296415.366871802,755462.5120171,16910796.978387102,113854322.1278241,50,25,3
Z3,23,5,720,42000.0,0.043088,974749.350167,976744.0,1.0,2,13.700918,284847.558806,284847.558806,5602062.851928101,15296415.366871802,755462.5120171,16910796.978387102,113854322.1278241,50,25,3
Z3,24,5,720,20304.0,0.055716,364419.556321,369160.0,1.0,2,13.700918,162781.600037,162781.600037,5602062.851928101,15296415.366871802,755462.5120171,16910796.978387102,113854322.1278241,50,25,3
Z3,25,5,720,32736.0,0.047884,683652.159385,696504.0,1.0,2,13.700918,226628.12065,226628.12065,5602062.851928101,15296415.366871802,755462.5120171,16910796.978387102,113854322.1278241,50,25,3
Z3,26,5,720,34608.0,0.073601,470211.002568,474080.0,1.0,2,13.700918,183939.889286,183939.889286,5602062.851928101,15296415.366871802,755462.5120171,16910796.978387102,113854322.1278241,50,25,3
Z3,27,5,720,21272.0,0.074572,285254.519122,287456.0,1.0,2,13.700918,146948.592597,146948.592597,5602062.851928101,15296415.366871802,755462.5120171,16910796.978387102,113854322.1278241,50,25,3
Z3,28,5,720,8752.0,0.054733,159903.53169,162072.0,1.0,2,13.700918,121878.395111,121878.395111,5602062.851928101,15296415.366871802,755462.5120171,16910796.978387102,113854322.1278241,50,25,3
Z3,29,5,720,12760.0,0.043221,295226.857315,296744.0,1.0,2,13.700918,148943.060236,148943.060236,5602062.851928101,15296415.366871802,755462.5120171,16910796.978387102,113854322.1278241,50,25,3
Z3,30,5,720,15440.0,0.070707,218365.932652,220568.0,1.0,2,13.700918,133570.875303,133570.875303,5602062.851928101,15296415.366871802,755462.5120171,16910796.978387102,113854322.1278241,50,25,3
Z3,31,5,720,10000.0,0.07325,136518.771331,136984.0,1.0,2,13.700918,117201.443039,117201.443039,5602062.851928101,15296415.366871802,755462.5120171,16910796.978387102,113854322.1278241,50,25,3
Z3,32,5,720,15200.0,0.045304,335511.213138,337776.0,1.0,2,13.700918,156999.9314,156999.9314,5602062.851928101,15296415.366871802,755462.5120171,16910796.978387102,113854322.1278241,50,25,3
Z3,33,5,720,18352.0,0.030933,593282.255197,611728.0,1.0,2,13.700918,208554.139812,208554.139812,5602062.851928101,15296415.366871802,755462.5120171,16910796.978387102,113854322.1278241,50,25,3
Z3,34,5,720,11224.0,0.037303,300887.328097,303344.0,1.0,2,13.700918,150075.154392,150075.154392,5602062.851928101,15296415.366871802,755462.5120171,16910796.978387102,113854322.1278241,50,25,3
Z3,35,5,720,23240.0,0.035537,653966.288657,664000.0,1.0,2,13.700918,220690.946504,220690.946504,5602062.851928101,15296415.366871802,755462.5120171,16910796.978387102,113854322.1278241,50,25,3
Z3,36,5,720,16824.0,0.067352,249792.136833,251104.0,1.0,2,13.700918,139856.116139,139856.116139,5602062.851928101,15296415.366871802,755462.5120171,16910796.978387102,113854322.1278241,50,25,3
Z3,37,5,720,9680.0,0.062897,153902.41188,156128.0,1.0,2,13.700918,120678.171149,120678.171149,5602062.851928101,15296415.366871802,755462.5120171,16910796.978387102,113854322.1278241,50,25,3
Z3,38,5,720,12888.0,0.033631,383217.86447,390544.0,1.0,2,13.700918,166541.261667,166541.261667,5602062.851928101,15296415.366871802,755462.5120171,16910796.978387102,113854322.1278241,50,25,3
Z1,0,6,720,7488.0,0.16306,45921.746596,45936.0,1.0,2,16.926045,146594.163094,146594.163094,5602062.851928101,15296415.366871802,755462.5120171,16910796.978387102,113854322.1278241,50,25,3
Z2,0,6,720,6624.0,0.193208,34284.294646,34320.0,1.0,2,16.926045,144266.672704,144266.672704,5602062.851928101,15296415.366871802,755462.5120171,16910796.978387102,113854322.1278241,50,25,3
Z2,1,6,720,6768.0,0.026255,257779.470577,260304.0,1.0,2,16.926045,188965.707891,188965.707891,5602062.851928101,15296415.366871802,755462.5120171,16910796.978387102,113854322.1278241,50,25,3
Z2,2,6,720,7752.0,0.069558,111446.562581,112344.0,1.0,2,16.926045,159699.126291,159699.126291,5602062.851928101,15296415.366871802,755462.5120171,16910796.978387102,113854322.1278241,50,25,3
Z2,3,6,720,10768.0,0.042383,254064.129486,256376.0,1.0,2,16.926045,188222.639672,188222.639672,5602062.851928101,15296415.366871802,755462.5120171,16910796.978387102,113854322.1278241,50,25,3
Z2,4,6,720,14912.0,0.067716,220213.834249,222560.0,1.0,2,16.926045,181452.580625,181452.580625,5602062.851928101,15296415.366871802,755462.5120171,16910796.978387102,113854322.1278241,50,25,3
Z2,5,6,720,14376.0,0.043411,331160.304992,334320.0,1.0,2,16.926045,203641.874774,203641.874774,5602062.851928101,15296415.366871802,755462.5120171,16910796.978387102,113854322.1278241,50,25,3
Z2,6,6,720,7176.0,0.048542,147830.74451,149496.0,1.0,2,16.926045,166975.962677,166975.962677,5602062.851928101,15296415.366871802,755462.5120171,16910796.978387102,113854322.1278241,50,25,3
Z2,7,6,720,8768.0,0.281632,31132.825815,31200.0,1.0,2,16.926045,143636.378938,143636.378938,5602062.851928101,15296415.366871802,755462.5120171,16910796.978387102,113854322.1278241,50,25,3
Z3,0,6,720,6760.0,0.170216,39714.245429,39760.0,1.0,2,16.926045,145352.662861,145352.662861,5602062.851928101,15296415.366871802,755462.5120171,16910796.978387102,113854322.1278241,50,25,3
Z3,1,6,720,8320.0,0.061599,135067.127713,136392.0,1.0,2,16.926045,164423.239318,164423.239318,5602062.851928101,15296415.366871802,755462.5120171,16910796.978387102,113854322.1278241,50,25,3
Z3,2,6,720,7800.0,0.320014,24373.93364,24368.0,1.0,2,16.926045,142284.600503,142284.600503,5602062.851928101,15296415.366871802,755462.5120171,16910796.978387102,113854322.1278241,50,25,3
Z3,3,6,720,6928.0,0.047468,145950.956434,147400.0,1.0,2,16.926045,166600.005062,166600.005062,5602062.851928101,15296415.366871802,755462.5120171,16910796.978387102,113854322.1278241,50,25,3
Z3,4,6,720,7472.0,0.055509,134608.802176,135848.0,1.0,2,16.926045,164331.57421,164331.57421,5602062.851928101,15296415.366871802,755462.5120171,16910796.978387102,113854322.1278241,50,25,3
Z3,5,6,720,7416.0,0.068758,107856.54033,109056.0,1.0,2,16.926045,158981.121841,158981.121841,5602062.851928101,15296415.366871802,755462.5120171,16910796.978387102,113854322.1278241,50,25,3
Z3,6,6,720,6760.0,0.041004,164861.964686,164872.0,1.0,2,16.926045,170382.206712,170382.206712,5602062.851928101,15296415.366871802,755462.5120171,16910796.978387102,113854322.1278241,50,25,3
Z3,7,6,720,7600.0,0.063267,120125.815986,120632.0,1.0,2,16.926045,161434.976972,161434.976972,5602062.851928101,15296415.366871802,755462.5120171,16910796.978387102,113854322.1278241,50,25,3
Z3,8,6,720,7600.0,0.075403,100791.745687,101328.0,1.0,2,16.926045,157568.162913,157568.162913,5602062.851928101,15296415.366871802,755462.5120171,16910796.978387102,113854322.1278241,50,25,3
Z3,9,6,720,12912.0,0.054771,235745.193624,239104.0,1.0,2,16.926045,184558.8525,184558.8525,5602062.851928101,15296415.366871802,755462.5120171,16910796.978387102,113854322.1278241,50,25,3
Z3,10,6,720,17552.0,0.070549,248791.620009,250736.0,1.0,2,16.926045,187168.137777,187168.137777,5602062.851928101,15296415.366871802,755462.5120171,16910796.978387102,113854322.1278241,50,25,3
Z3,11,6,720,14968.0,0.038497,388809.517625,393888.0,1.0,2,16.926045,215171.7173,215171.7173,5602062.851928101,15296415.366871802,755462.5120171,16910796.978387102,113854322.1278241,50,25,3
Z3,12,6,720,10336.0,0.028118,367593.712213,369136.0,1.0,2,16.926045,210928.556218,210928.556218,5602062.851928101,15296415.366871802,755462.5120171,16910796.978387102,113854322.1278241,50,25,3
Z3,13,6,720,18344.0,0.042496,431664.156627,436760.0,1.0,2,16.926045,223742.645101,223742.645101,5602062.851928101,15296415.366871802,755462.5120171,16910796.978387102,113854322.1278241,50,25,3
Z3,14,6,720,20456.0,0.067954,301027.165435,305312.0,1.0,2,16.926045,197615.246862,197615.246862,5602062.851928101,15296415.366871802,755462.5120171,16910796.978387102,113854322.1278241,50,25,3
Z3,15,6,720,12480.0,0.057358,217580.808257,218944.0,1.0,2,16.926045,180925.975427,180925.975427,5602062.851928101,15296415.366871802,755462.5120171,16910796.978387102,113854322.1278241,50,25,3
Z3,16,6,720,18912.0,0.064826,291734.797766,295496.0,1.0,2,16.926045,195756.773328,195756.773328,5602062.851928101,15296415.366871802,755462.5120171,16910796.978387102,113854322.1278241,50,25,3
Z3,17,6,720,16112.0,0.227636,70779.665782,70976.0,1.0,2,16.926045,151565.746932,151565.746932,5602062.851928101,15296415.366871802,755462.5120171,16910796.978387102,113854322.1278241,50,25,3
Z3,18,6,720,17456.0,0.031178,559881.968054,563096.0,1.0,2,16.926045,249386.207386,249386.207386,5602062.851928101,15296415.366871802,755462.5120171,16910796.978387102,113854322.1278241,50,25,3
Z3,19,6,720,16088.0,0.049189,327064.994206,328320.0,1.0,2,16.926045,202822.812616,202822.812616,5602062.851928101,15296415.366871802,755462.5120171,16910796.978387102,113854322.1278241,50,25,3
Z3,20,6,720,31984.0,0.066306,482369.619642,484600.0,1.0,2,16.926045,233883.737704,233883.737704,5602062.851928101,15296415.366871802,755462.5120171,16910796.978387102,113854322.1278241,50,25,3
Z3,21,6,720,21472.0,0.045553,471363.027682,477152.0,1.0,2,16.926045,231682.419312,231682.419312,5602062.851928101,15296415.366871802,755462.5120171,16910796.978387102,113854322.1278241,50,25,3
Z3,22,6,720,19320.0,0.056304,343137.254902,345000.0,1.0,2,16.926045,206037.264756,206037.264756,5602062.851928101,15296415.366871802,755462.5120171,16910796.978387102,113854322.1278241,50,25,3
Z3,23,6,720,33040.0,0.048872,676051.72696,688328.0,1.0,2,16.926045,272620.159167,272620.159167,5602062.851928101,15296415.366871802,755462.5120171,16910796.978387102,113854322.1278241,50,25,3
Z3,24,6,720,26472.0,0.070482,375585.25581,378168.0,1.0,2,16.926045,212526.864937,212526.864937,5602062.851928101,15296415.366871802,755462.5120171,16910796.978387102,113854322.1278241,50,25,3
Z3,25,6,720,12984.0,0.053495,242714.272362,244976.0,1.0,2,16.926045,185952.668248,185952.668248,5602062.851928101,15296415.366871802,755462.5120171,16910796.978387102,113854322.1278241,50,25,3
Z3,26,6,720,21128.0,0.069153,305525.429121,306200.0,1.0,2,16.926045,198514.899599,198514.899599,5602062.851928101,15296415.366871802,755462.5120171,16910796.978387102,113854322.1278241,50,25,3
Z3,27,6,720,21576.0,0.067152,321300.929235,322024.0,1.0,2,16.926045,201669.999622,201669.999622,5602062.851928101,15296415.366871802,755462.5120171,16910796.978387102,113854322.1278241,50,25,3
Z3,28,6,720,9568.0,0.040923,233804.950761,239200.0,1.0,2,16.926045,184170.803927,184170.803927,5602062.851928101,15296415.366871802,755462.5120171,16910796.978387102,113854322.1278241,50,25,3
Z3,29,6,720,12800.0,0.047205,271157.716344,272336.0,1.0,2,16.926045,191641.357044,191641.357044,5602062.851928101,15296415.366871802,755462.5120171,16910796.978387102,113854322.1278241,50,25,3
Z3,30,6,720,7048.0,0.027885,252752.375829,261032.0,1.0,2,16.926045,187960.288941,187960.288941,5602062.851928101,15296415.366871802,755462.5120171,16910796.978387102,113854322.1278241,50,25,3
Z3,31,6,720,8656.0,0.066115,130923.391061,131144.0,1.0,2,16.926045,163594.491987,163594.491987,5602062.851928101,15296415.366871802,755462.5120171,16910796.978387102,113854322.1278241,50,25,3
Z3,32,6,720,9488.0,0.069868,135798.935135,137504.0,1.0,2,16.926045,164569.600802,164569.600802,5602062.851928101,15296415.366871802,755462.5120171,16910796.978387102,113854322.1278241,50,25,3
Z3,33,6,720,8424.0,0.058735,143423.852899,145240.0,1.0,2,16.926045,166094.584355,166094.584355,5602062.851928101,15296415.366871802,755462.5120171,16910796.978387102,113854322.1278241,50,25,3
Z3,34,6,720,9328.0,0.054033,172635.241427,172736.0,1.0,2,16.926045,171936.862061,171936.862061,5602062.851928101,15296415.366871802,755462.5120171,16910796.978387102,113854322.1278241,50,25,3
Z3,35,6,720,8680.0,0.048927,177407.157602,180832.0,1.0,2,16.926045,172891.245296,172891.245296,5602062.851928101,15296415.366871802,755462.5120171,16910796.978387102,113854322.1278241,50,25,3
Z3,36,6,720,7160.0,0.057354,124838.720926,125608.0,1.0,2,16.926045,162377.55796,162377.55796,5602062.851928101,15296415.366871802,755462.5120171,16910796.978387102,113854322.1278241,50,25,3
Z3,37,6,720,10360.0,0.035585,291133.904735,296000.0,1.0,2,16.926045,195636.594722,195636.594722,5602062.851928101,15296415.366871802,755462.5120171,16910796.978387102,113854322.1278241,50,25,3
Z3,38,6,720,9048.0,0.057876,156334.231806,158736.0,1.0,2,16.926045,168676.660136,168676.660136,5602062.851928101,15296415.366871802,755462.5120171,16910796.978387102,113854322.1278241,50,25,3
Z1,0,7,720,7408.0,0.174947,42344.252831,42568.0,1.0,2,20.546942,156563.826336,156563.826336,5602062.851928101,15296415.366871802,755462.5120171,16910796.978387102,113854322.1278241,50,25,3
Z2,0,7,720,6624.0,0.17869,37069.785662,37208.0,1.0,2,20.546942,155508.932902,155508.932902,5602062.851928101,15296415.366871802,755462.5120171,16910796.978387102,113854322.1278241,50,25,3
Z2,1,7,720,6792.0,0.068991,98447.623603,99880.0,1.0,2,20.546942,167784.50049,167784.50049,5602062.851928101,15296415.366871802,755462.5120171,16910796.978387102,113854322.1278241,50,25,3
Z2,2,7,720,7464.0,0.032319,230947.73972,233248.0,1.0,2,20.546942,194284.523713,194284.523713,5602062.851928101,15296415.366871802,755462.5120171,16910796.978387102,113854322.1278241,50,25,3
Z2,3,7,720,10144.0,0.063102,160755.602041,161008.0,1.0,2,20.546942,180246.096178,180246.096178,5602062.851928101,15296415.366871802,755462.5120171,16910796.978387102,113854322.1278241,50,25,3
Z2,4,7,720,14352.0,0.056335,254761.693441,256280.0,1.0,2,20.546942,199047.314458,199047.314458,5602062.851928101,15296415.366871802,755462.5120171,16910796.978387102,113854322.1278241,50,25,3
Z2,5,7,720,15008.0,0.053249,281845.668463,283168.0,1.0,2,20.546942,204464.109462,204464.109462,5602062.851928101,15296415.366871802,755462.5120171,16910796.978387102,113854322.1278241,50,25,3
Z2,6,7,720,7168.0,0.032638,219621.300325,224000.0,1.0,2,20.546942,192019.235835,192019.235835,5602062.851928101,15296415.366871802,755462.5120171,16910796.978387102,113854322.1278241,50,25,3
Z2,7,7,720,8160.0,0.025841,315777.253202,326400.0,1.0,2,20.546942,211250.42641,211250.42641,5602062.851928101,15296415.366871802,755462.5120171,16910796.978387102,113854322.1278241,50,25,3
Z3,0,7,720,6656.0,0.179741,37031.061361,37184.0,1.0,2,20.546942,155501.188042,155501.188042,5602062.851928101,15296415.366871802,755462.5120171,16910796.978387102,113854322.1278241,50,25,3
Z3,1,7,720,7664.0,0.044173,173499.649107,174176.0,1.0,2,20.546942,182794.905591,182794.905591,5602062.851928101,15296415.366871802,755462.5120171,16910796.978387102,113854322.1278241,50,25,3
Z3,2,7,720,7664.0,0.037799,202756.686685,207128.0,1.0,2,20.546942,188646.313107,188646.313107,5602062.851928101,15296415.366871802,755462.5120171,16910796.978387102,113854322.1278241,50,25,3
Z3,3,7,720,6920.0,0.05896,117367.70692,119304.0,1.0,2,20.546942,171568.517154,171568.517154,5602062.851928101,15296415.366871802,755462.5120171,16910796.978387102,113854322.1278241,50,25,3
Z3,4,7,720,7504.0,0.067581,111037.125819,112000.0,1.0,2,20.546942,170302.400933,170302.400933,5602062.851928101,15296415.366871802,755462.5120171,16910796.978387102,113854322.1278241,50,25,3
Z3,5,7,720,7480.0,0.047139,158679.649547,159144.0,1.0,2,20.546942,179830.905679,179830.905679,5602062.851928101,15296415.366871802,755462.5120171,16910796.978387102,113854322.1278241,50,25,3
Z3,6,7,720,6728.0,0.049152,136881.510417,137304.0,1.0,2,20.546942,175471.277853,175471.277853,5602062.851928101,15296415.366871802,755462.5120171,16910796.978387102,113854322.1278241,50,25,3
Z3,7,7,720,7632.0,0.041748,182811.15263,186144.0,1.0,2,20.546942,184657.206296,184657.206296,5602062.851928101,15296415.366871802,755462.5120171,16910796.978387102,113854322.1278241,50,25,3
Z3,8,7,720,7392.0,0.038075,194143.138542,194520.0,1.0,2,20.546942,186923.603478,186923.603478,5602062.851928101,15296415.366871802,755462.5120171,16910796.978387102,113854322.1278241,50,25,3
Z3,9,7,720,12800.0,0.05696,224719.101124,228568.0,1.0,2,20.546942,193038.795994,193038.795994,5602062.851928101,15296415.366871802,755462.5120171,16910796.978387102,113854322.1278241,50,25,3
Z3,10,7,720,16760.0,0.038113,439744.968908,441048.0,1.0,2,20.546942,236043.969551,236043.969551,5602062.851928101,15296415.366871802,755462.5120171,16910796.978387102,113854322.1278241,50,25,3
Z3,11,7,720,14104.0,0.048386,291489.273757,293832.0,1.0,2,20.546942,206392.830521,206392.830521,5602062.851928101,15296415.366871802,755462.5120171,16910796.978387102,113854322.1278241,50,25,3
Z3,12,7,720,9704.0,0.056999,170248.600853,173280.0,1.0,2,20.546942,182144.69594,182144.69594,5602062.851928101,15296415.366871802,755462.5120171,16910796.978387102,113854322.1278241,50,25,3
Z3,13,7,720,17248.0,0.073274,235390.452275,236272.0,1.0,2,20.546942,195173.066225,195173.066225,5602062.851928101,15296415.366871802,755462.5120171,16910796.978387102,113854322.1278241,50,25,3
Z3,14,7,720,21552.0,0.065657,328251.366952,331568.0,1.0,2,20.546942,213745.24916,213745.24916,5602062.851928101,15296415.366871802,755462.5120171,16910796.978387102,113854322.1278241,50,25,3
Z3,15,7,720,16688.0,0.062726,266045.977744,269160.0,1.0,2,20.546942,201304.171318,201304.171318,5602062.851928101,15296415.366871802,755462.5120171,16910796.978387102,113854322.1278241,50,25,3
Z3,16,7,720,23312.0,0.058423,399020.933536,401928.0,1.0,2,20.546942,227899.162477,227899.162477,5602062.851928101,15296415.366871802,755462.5120171,16910796.978387102,113854322.1278241,50,25,3
Z3,17,7,720,14952.0,0.054648,273605.621432,276888.0,1.0,2,20.546942,202816.100056,202816.100056,5602062.851928101,15296415.366871802,755462.5120171,16910796.978387102,113854322.1278241,50,25,3
Z3,18,7,720,16856.0,0.055192,305406.580664,306472.0,1.0,2,20.546942,209176.291902,209176.291902,5602062.851928101,15296415.366871802,755462.5120171,16910796.978387102,113854322.1278241,50,25,3
Z3,19,7,720,23928.0,0.332818,71895.149902,72072.0,1.0,2,20.546942,162474.00575,162474.00575,5602062.851928101,15296415.366871802,755462.5120171,16910796.978387102,113854322.1278241,50,25,3
Z3,20,7,720,29544.0,0.075122,393280.264104,393920.0,1.0,2,20.546942,226751.02859,226751.02859,5602062.851928101,15296415.366871802,755462.5120171,16910796.978387102,113854322.1278241,50,25,3
Z3,21,7,720,31920.0,0.0704,453409.090909,456000.0,1.0,2,20.546942,238776.793951,238776.793951,5602062.851928101,15296415.366871802,755462.5120171,16910796.978387102,113854322.1278241,50,25,3
Z3,22,7,720,15096.0,0.069399,217524.748195,218776.0,1.0,2,20.546942,191599.925409,191599.925409,5602062.851928101,15296415.366871802,755462.5120171,16910796.978387102,113854322.1278241,50,25,3
Z3,23,7,720,22296.0,0.063293,352266.443367,353904.0,1.0,2,20.546942,218548.264443,218548.264443,5602062.851928101,15296415.366871802,755462.5120171,16910796.978387102,113854322.1278241,50,25,3
Z3,24,7,720,24272.0,0.075648,320854.483926,323624.0,1.0,2,20.546942,212265.872555,212265.872555,5602062.851928101,15296415.366871802,755462.5120171,16910796.978387102,113854322.1278241,50,25,3
Z3,25,7,720,13368.0,0.237953,56179.161431,56400.0,1.0,2,20.546942,159330.808056,159330.808056,5602062.851928101,15296415.366871802,755462.5120171,16910796.978387102,113854322.1278241,50,25,3
Z3,26,7,720,21768.0,0.058164,374252.11471,375304.0,1.0,2,20.546942,222945.398712,222945.398712,5602062.851928101,15296415.366871802,755462.5120171,16910796.978387102,113854322.1278241,50,25,3
Z3,27,7,720,21680.0,0.071991,301148.754705,305352.0,1.0,2,20.546942,208324.726711,208324.726711,5602062.851928101,15296415.366871802,755462.5120171,16910796.978387102,113854322.1278241,50,25,3
Z3,28,7,720,9672.0,0.034676,278924.904833,284464.0,1.0,2,20.546942,203879.956736,203879.956736,5602062.851928101,15296415.366871802,755462.5120171,16910796.978387102,113854322.1278241,50,25,3
Z3,29,7,720,13368.0,0.042112,317439.209726,318280.0,1.0,2,20.546942,211582.817715,211582.817715,5602062.851928101,15296415.366871802,755462.5120171,16910796.978387102,113854322.1278241,50,25,3
Z3,30,7,720,13424.0,0.038914,344965.822069,353256.0,1.0,2,20.546942,217088.140183,217088.140183,5602062.851928101,15296415.366871802,755462.5120171,16910796.978387102,113854322.1278241,50,25,3
Z3,31,7,720,8064.0,0.047915,168298.027757,171568.0,1.0,2,20.546942,181754.581321,181754.581321,5602062.851928101,15296415.366871802,755462.5120171,16910796.978387102,113854322.1278241,50,25,3
Z3,32,7,720,9424.0,0.062101,151752.78981,152000.0,1.0,2,20.546942,178445.533732,178445.533732,5602062.851928101,15296415.366871802,755462.5120171,16910796.978387102,113854322.1278241,50,25,3
Z3,33,7,720,7368.0,0.069347,106248.287597,106776.0,1.0,2,20.546942,169344.633289,169344.633289,5602062.851928101,15296415.366871802,755462.5120171,16910796.978387102,113854322.1278241,50,25,3
Z3,34,7,720,8792.0,0.064569,136164.413263,137368.0,1.0,2,20.546942,175327.858422,175327.858422,5602062.851928101,15296415.366871802,755462.5120171,16910796.978387102,113854322.1278241,50,25,3
Z3,35,7,720,8568.0,0.033147,258484.930763,259632.0,1.0,2,20.546942,199791.961922,199791.961922,5602062.851928101,15296415.366871802,755462.5120171,16910796.978387102,113854322.1278241,50,25,3
Z3,36,7,720,7064.0,0.047711,148058.099809,150296.0,1.0,2,20.546942,177706.595731,177706.595731,5602062.851928101,15296415.366871802,755462.5120171,16910796.978387102,113854322.1278241,50,25,3
Z3,37,7,720,10104.0,0.068194,148165.527759,148584.0,1.0,2,20.546942,177728.081321,177728.081321,5602062.851928101,15296415.366871802,755462.5120171,16910796.978387102,113854322.1278241,50,25,3
Z3,38,7,720,8640.0,0.346055,24967.129503,24968.0,1.0,2,20.546942,153088.40167,153088.40167,5602062.851928101,15296415.366871802,755462.5120171,16910796.978387102,113854322.1278241,50,25,3
Z1,0,8,720,7744.0,0.150811,51349.039526,51624.0,1.0,2,24.284616,145190.120559,145190.120559,5602062.851928101,15296415.366871802,755462.5120171,16910796.978387102,113854322.1278241,50,25,3
Z2,0,8,720,6624.0,0.178428,37124.218172,37208.0,1.0,2,24.284616,142345.156288,142345.156288,5602062.851928101,15296415.366871802,755462.5120171,16910796.978387102,113854322.1278241,50,25,3
Z2,1,8,720,6968.0,0.048975,142276.671771,145160.0,1.0,2,24.284616,163375.647008,163375.647008,5602062.851928101,15296415.366871802,755462.5120171,16910796.978387102,113854322.1278241,50,25,3
Z2,2,8,720,7968.0,0.060873,130895.470898,132800.0,1.0,2,24.284616,161099.406833,161099.406833,5602062.851928101,15296415.366871802,755462.5120171,16910796.978387102,113854322.1278241,50,25,3
Z2,3,8,720,12752.0,0.055607,229323.646304,231848.0,1.0,2,24.284616,180785.041914,180785.041914,5602062.851928101,15296415.366871802,755462.5120171,16910796.978387102,113854322.1278241,50,25,3
Z2,4,8,720,18720.0,0.035639,525267.263391,534856.0,1.0,2,24.284616,239973.765332,239973.765332,5602062.851928101,15296415.366871802,755462.5120171,16910796.978387102,113854322.1278241,50,25,3
Z2,5,8,720,25648.0,0.073538,348772.063423,351336.0,1.0,2,24.284616,204674.725338,204674.725338,5602062.851928101,15296415.366871802,755462.5120171,16910796.978387102,113854322.1278241,50,25,3
Z2,6,8,720,9784.0,0.043167,226654.620428,227528.0,1.0,2,24.284616,180251.236739,180251.236739,5602062.851928101,15296415.366871802,755462.5120171,16910796.978387102,113854322.1278241,50,25,3
Z2,7,8,720,13192.0,0.029259,450869.817834,454896.0,1.0,2,24.284616,225094.27622,225094.27622,5602062.851928101,15296415.366871802,755462.5120171,16910796.978387102,113854322.1278241,50,25,3
Z3,0,8,720,6768.0,0.207845,32562.727032,32688.0,1.0,2,24.284616,141432.85806,141432.85806,5602062.851928101,15296415.366871802,755462.5120171,16910796.978387102,113854322.1278241,50,25,3
Z3,1,8,720,8032.0,0.034209,234792.013798,236232.0,1.0,2,24.284616,181878.715413,181878.715413,5602062.851928101,15296415.366871802,755462.5120171,16910796.978387102,113854322.1278241,50,25,3
Z3,2,8,720,7872.0,0.060593,129915.996897,131200.0,1.0,2,24.284616,160903.512033,160903.512033,5602062.851928101,15296415.366871802,755462.5120171,16910796.978387102,113854322.1278241,50,25,3
Z3,3,8,720,7024.0,0.058071,120955.382205,121096.0,1.0,2,24.284616,159111.389094,159111.389094,5602062.851928101,15296415.366871802,755462.5120171,16910796.978387102,113854322.1278241,50,25,3
Z3,4,8,720,7816.0,0.060042,130175.543786,130264.0,1.0,2,24.284616,160955.42141,160955.42141,5602062.851928101,15296415.366871802,755462.5120171,16910796.978387102,113854322.1278241,50,25,3
Z3,5,8,720,7936.0,0.309839,25613.302393,25680.0,1.0,2,24.284616,140042.973132,140042.973132,5602062.851928101,15296415.366871802,755462.5120171,16910796.978387102,113854322.1278241,50,25,3
Z3,6,8,720,6928.0,0.068848,100627.469208,101880.0,1.0,2,24.284616,155045.806495,155045.806495,5602062.851928101,15296415.366871802,755462.5120171,16910796.978387102,113854322.1278241,50,25,3
Z3,7,8,720,8048.0,0.065763,122378.845247,123808.0,1.0,2,24.284616,159396.081703,159396.081703,5602062.851928101,15296415.366871802,755462.5120171,16910796.978387102,113854322.1278241,50,25,3
Z3,8,8,720,7664.0,0.036568,209582.148326,212888.0,1.0,2,24.284616,176836.742319,176836.742319,5602062.851928101,15296415.366871802,755462.5120171,16910796.978387102,113854322.1278241,50,25,3
Z3,9,8,720,14248.0,0.041421,343980.106709,347512.0,1.0,2,24.284616,203716.333995,203716.333995,5602062.851928101,15296415.366871802,755462.5120171,16910796.978387102,113854322.1278241,50,25,3
Z3,10,8,720,19448.0,0.060159,323276.65021,324128.0,1.0,2,24.284616,199575.642695,199575.642695,5602062.851928101,15296415.366871802,755462.5120171,16910796.978387102,113854322.1278241,50,25,3
Z3,11,8,720,17344.0,0.026475,655108.593012,667072.0,1.0,2,24.284616,265942.031256,265942.031256,5602062.851928101,15296415.366871802,755462.5120171,16910796.978387102,113854322.1278241,50,25,3
Z3,12,8,720,11952.0,0.030808,387951.181511,398400.0,1.0,2,24.284616,212510.548956,212510.548956,5602062.851928101,15296415.366871802,755462.5120171,16910796.978387102,113854322.1278241,50,25,3
Z3,13,8,720,25224.0,0.052795,477772.516337,485072.0,1.0,2,24.284616,230474.815921,230474.815921,5602062.851928101,15296415.366871802,755462.5120171,16910796.978387102,113854322.1278241,50,25,3
Z3,14,8,720,35992.0,0.04814,747652.679684,749832.0,1.0,2,24.284616,284450.84859,284450.84859,5602062.851928101,15296415.366871802,755462.5120171,16910796.978387102,113854322.1278241,50,25,3
Z3,15,8,720,20016.0,0.060275,332077.975944,333600.0,1.0,2,24.284616,201335.907842,201335.907842,5602062.851928101,15296415.366871802,755462.5120171,16910796.978387102,113854322.1278241,50,25,3
Z3,16,8,720,36432.0,0.066904,544541.4325,552000.0,1.0,2,24.284616,243828.599153,243828.599153,5602062.851928101,15296415.366871802,755462.5120171,16910796.978387102,113854322.1278241,50,25,3
Z3,17,8,720,22472.0,0.387872,57936.638891,58064.0,1.0,2,24.284616,146507.640432,146507.640432,5602062.851928101,15296415.366871802,755462.5120171,16910796.978387102,113854322.1278241,50,25,3
Z3,18,8,720,21736.0,0.070264,309347.603325,310512.0,1.0,2,24.284616,196789.833318,196789.833318,5602062.851928101,15296415.366871802,755462.5120171,16910796.978387102,113854322.1278241,50,25,3
Z3,19,8,720,16848.0,0.040839,412546.830236,421200.0,1.0,2,24.284616,217429.6787,217429.6787,5602062.851928101,15296415.366871802,755462.5120171,16910796.978387102,113854322.1278241,50,25,3
Z3,20,8,720,47160.0,0.395414,119267.40075,119392.0,1.0,2,24.284616,158773.792803,158773.792803,5602062.851928101,15296415.366871802,755462.5120171,16910796.978387102,113854322.1278241,50,25,3
Z3,21,8,720,39472.0,0.081301,485504.48334,487304.0,1.0,2,24.284616,232021.209321,232021.209321,5602062.851928101,15296415.366871802,755462.5120171,16910796.978387102,113854322.1278241,50,25,3
Z3,22,8,720,26968.0,0.052943,509378.010313,518608.0,1.0,2,24.284616,236795.914716,236795.914716,5602062.851928101,15296415.366871802,755462.5120171,16910796.978387102,113854322.1278241,50,25,3
Z3,23,8,720,39776.0,0.05751,691636.237176,697824.0,1.0,2,24.284616,273247.560088,273247.560088,5602062.851928101,15296415.366871802,755462.5120171,16910796.978387102,113854322.1278241,50,25,3
Z3,24,8,720,34992.0,0.07523,465133.590323,466560.0,1.0,2,24.284616,227947.030718,227947.030718,5602062.851928101,15296415.366871802,755462.5120171,16910796.978387102,113854322.1278241,50,25,3
Z3,25,8,720,22464.0,0.065302,344001.715108,345600.0,1.0,2,24.284616,203720.655675,203720.655675,5602062.851928101,15296415.366871802,755462.5120171,16910796.978387102,113854322.1278241,50,25,3
Z3,26,8,720,43144.0,0.08408,513130.352046,513616.0,1.0,2,24.284616,237546.383062,237546.383062,5602062.851928101,15296415.366871802,755462.5120171,16910796.978387102,113854322.1278241,50,25,3
Z3,27,8,720,43672.0,0.090149,484442.4231,485240.0,1.0,2,24.284616,231808.797273,231808.797273,5602062.851928101,15296415.366871802,755462.5120171,16910796.978387102,113854322.1278241,50,25,3
Z3,28,8,720,18320.0,0.069285,264415.097063,265504.0,1.0,2,24.284616,187803.332066,187803.332066,5602062.851928101,15296415.366871802,755462.5120171,16910796.978387102,113854322.1278241,50,25,3
Z3,29,8,720,24560.0,0.072689,337877.808197,341104.0,1.0,2,24.284616,202495.874293,202495.874293,5602062.851928101,15296415.366871802,755462.5120171,16910796.978387102,113854322.1278241,50,25,3
Z3,30,8,720,19040.0,0.055454,343347.639485,346176.0,1.0,2,24.284616,203589.84055,203589.84055,5602062.851928101,15296415.366871802,755462.5120171,16910796.978387102,113854322.1278241,50,25,3
Z3,31,8,720,20160.0,0.034557,583383.974303,592936.0,1.0,2,24.284616,251597.107514,251597.107514,5602062.851928101,15296415.366871802,755462.5120171,16910796.978387102,113854322.1278241,50,25,3
Z3,32,8,720,16496.0,0.032077,514262.555725,515496.0,1.0,2,24.284616,237772.823798,237772.823798,5602062.851928101,15296415.366871802,755462.5120171,16910796.978387102,113854322.1278241,50,25,3
Z3,33,8,720,11624.0,0.045957,252932.088692,258304.0,1.0,2,24.284616,185506.730392,185506.730392,5602062.851928101,15296415.366871802,755462.5120171,16910796.978387102,113854322.1278241,50,25,3
Z3,34,8,720,21024.0,0.067455,311674.449633,313784.0,1.0,2,24.284616,197255.20258,197255.20258,5602062.851928101,15296415.366871802,755462.5120171,16910796.978387102,113854322.1278241,50,25,3
Z3,35,8,720,28496.0,0.056812,501584.172358,508856.0,1.0,2,24.284616,235237.147125,235237.147125,5602062.851928101,15296415.366871802,755462.5120171,16910796.978387102,113854322.1278241,50,25,3
Z3,36,8,720,12416.0,0.060243,206098.633866,206928.0,1.0,2,24.284616,176140.039427,176140.039427,5602062.851928101,15296415.366871802,755462.5120171,16910796.978387102,113854322.1278241,50,25,3
Z3,37,8,720,17312.0,0.046767,370175.551136,376344.0,1.0,2,24.284616,208955.422881,208955.422881,5602062.851928101,15296415.366871802,755462.5120171,16910796.978387102,113854322.1278241,50,25,3
Z3,38,8,720,14664.0,0.037959,386311.546669,396320.0,1.0,2,24.284616,212182.621987,212182.621987,5602062.851928101,15296415.366871802,755462.5120171,16910796.978387102,113854322.1278241,50,25,3
Z1,0,9,720,24464.0,0.193877,126183.095468,126752.0,1.0,2,28.237242,215402.773583,215402.773583,5602062.851928101,15296415.366871802,755462.5120171,16910796.978387102,113854322.1278241,50,25,3
Z2,0,9,720,6624.0,0.189325,34987.455434,35040.0,1.0,2,28.237242,197163.645576,197163.645576,5602062.851928101,15296415.366871802,755462.5120171,16910796.978387102,113854322.1278241,50,25,3
Z2,1,9,720,6776.0,0.064318,105351.534563,105872.0,1.0,2,28.237242,211236.461402,211236.461402,5602062.851928101,15296415.366871802,755462.5120171,16910796.978387102,113854322.1278241,50,25,3
Z2,2,9,720,7696.0,0.04016,191633.466135,192400.0,1.0,2,28.237242,228492.847717,228492.847717,5602062.851928101,15296415.366871802,755462.5120171,16910796.978387102,113854322.1278241,50,25,3
Z2,3,9,720,7496.0,0.054545,137427.811898,138808.0,1.0,2,28.237242,217651.716869,217651.716869,5602062.851928101,15296415.366871802,755462.5120171,16910796.978387102,113854322.1278241,50,25,3
Z2,4,9,720,16056.0,0.070175,228799.429996,229368.0,1.0,2,28.237242,235926.040489,235926.040489,5602062.851928101,15296415.366871802,755462.5120171,16910796.978387102,113854322.1278241,50,25,3
Z2,5,9,720,26344.0,0.066096,398571.774389,399144.0,1.0,2,28.237242,269880.509367,269880.509367,5602062.851928101,15296415.366871802,755462.5120171,16910796.978387102,113854322.1278241,50,25,3
Z2,6,9,720,23952.0,0.073739,324821.329283,328104.0,1.0,2,28.237242,255130.420346,255130.420346,5602062.851928101,15296415.366871802,755462.5120171,16910796.978387102,113854322.1278241,50,25,3
Z2,7,9,720,32816.0,0.039122,838811.921681,841432.0,1.0,2,28.237242,357928.538826,357928.538826,5602062.851928101,15296415.366871802,755462.5120171,16910796.978387102,113854322.1278241,50,25,3
Z3,0,9,720,6752.0,1.231359,5483.372436,5480.0,1.0,2,28.237242,191262.828977,191262.828977,5602062.851928101,15296415.366871802,755462.5120171,16910796.978387102,113854322.1278241,50,25,3
Z3,1,9,720,9824.0,0.217991,45066.08071,45264.0,1.0,2,28.237242,199179.370631,199179.370631,5602062.851928101,15296415.366871802,755462.5120171,16910796.978387102,113854322.1278241,50,25,3
Z3,2,9,720,8640.0,0.029121,296693.108066,297928.0,1.0,2,28.237242,249504.776103,249504.776103,5602062.851928101,15296415.366871802,755462.5120171,16910796.978387102,113854322.1278241,50,25,3
Z3,3,9,720,7248.0,0.037254,194556.289258,195888.0,1.0,2,28.237242,229077.412341,229077.412341,5602062.851928101,15296415.366871802,755462.5120171,16910796.978387102,113854322.1278241,50,25,3
Z3,4,9,720,8336.0,0.032609,255634.947407,260496.0,1.0,2,28.237242,241293.143971,241293.143971,5602062.851928101,15296415.366871802,755462.5120171,16910796.978387102,113854322.1278241,50,25,3
Z3,5,9,720,9640.0,0.043692,220635.356587,224184.0,1.0,2,28.237242,234293.225807,234293.225807,5602062.851928101,15296415.366871802,755462.5120171,16910796.978387102,113854322.1278241,50,25,3
Z3,6,9,720,10312.0,0.067838,152009.198384,153904.0,1.0,2,28.237242,220567.994166,220567.994166,5602062.851928101,15296415.366871802,755462.5120171,16910796.978387102,113854322.1278241,50,25,3
Z3,7,9,720,21208.0,0.061603,344268.947941,347672.0,1.0,2,28.237242,259019.944078,259019.944078,5602062.851928101,15296415.366871802,755462.5120171,16910796.978387102,113854322.1278241,50,25,3
Z3,8,9,720,8000.0,0.030113,265665.991432,266664.0,1.0,2,28.237242,243299.352776,243299.352776,5602062.851928101,15296415.366871802,755462.5120171,16910796.978387102,113854322.1278241,50,25,3
Z3,9,9,720,16880.0,0.056512,298697.621744,301424.0,1.0,2,28.237242,249905.678838,249905.678838,5602062.851928101,15296415.366871802,755462.5120171,16910796.978387102,113854322.1278241,50,25,3
Z3,10,9,720,23240.0,0.070834,328091.029731,332000.0,1.0,2,28.237242,255784.360436,255784.360436,5602062.851928101,15296415.366871802,755462.5120171,16910796.978387102,113854322.1278241,50,25,3
Z3,11,9,720,21680.0,0.061108,354781.697977,355408.0,1.0,2,28.237242,261122.494085,261122.494085,5602062.851928101,15296415.366871802,755462.5120171,16910796.978387102,113854322.1278241,50,25,3
Z3,12,9,720,16096.0,0.040604,396414.14639,402400.0,1.0,2,28.237242,269448.983767,269448.983767,5602062.851928101,15296415.366871802,755462.5120171,16910796.978387102,113854322.1278241,50,25,3
Z3,13,9,720,39872.0,0.14921,267220.695664,267592.0,1.0,2,28.237242,243610.293622,243610.293622,5602062.851928101,15296415.366871802,755462.5120171,16910796.978387102,113854322.1278241,50,25,3
Z3,14,9,720,46392.0,0.140951,329135.657072,331368.0,1.0,2,28.237242,255993.285904,255993.285904,5602062.851928101,15296415.366871802,755462.5120171,16910796.978387102,113854322.1278241,50,25,3
Z3,15,9,720,26168.0,0.067878,385515.189016,390560.0,1.0,2,28.237242,267269.192293,267269.192293,5602062.851928101,15296415.366871802,755462.5120171,16910796.978387102,113854322.1278241,50,25,3
Z3,16,9,720,48816.0,0.097987,498188.535214,503256.0,1.0,2,28.237242,289803.861532,289803.861532,5602062.851928101,15296415.366871802,755462.5120171,16910796.978387102,113854322.1278241,50,25,3
Z3,17,9,720,38664.0,0.053925,716995.827538,729504.0,1.0,2,28.237242,333565.319997,333565.319997,5602062.851928101,15296415.366871802,755462.5120171,16910796.978387102,113854322.1278241,50,25,3
Z3,18,9,720,19912.0,0.053096,375018.83381,375696.0,1.0,2,28.237242,265169.921252,265169.921252,5602062.851928101,15296415.366871802,755462.5120171,16910796.978387102,113854322.1278241,50,25,3
Z3,19,9,720,61688.0,0.091697,672737.385083,677888.0,1.0,2,28.237242,324713.631506,324713.631506,5602062.851928101,15296415.366871802,755462.5120171,16910796.978387102,113854322.1278241,50,25,3
Z3,20,9,720,59200.0,0.362093,163493.909023,163528.0,1.0,2,28.237242,222864.936294,222864.936294,5602062.851928101,15296415.366871802,755462.5120171,16910796.978387102,113854322.1278241,50,25,3
Z3,21,9,720,41064.0,0.125233,327900.792922,328512.0,1.0,2,28.237242,255746.313074,255746.313074,5602062.851928101,15296415.366871802,755462.5120171,16910796.978387102,113854322.1278241,50,25,3
Z3,22,9,720,55576.0,0.235389,236102.791549,236488.0,1.0,2,28.237242,237386.712799,237386.712799,5602062.851928101,15296415.366871802,755462.5120171,16910796.978387102,113854322.1278241,50,25,3
Z3,23,9,720,50200.0,0.097068,517163.22578,517520.0,1.0,2,28.237242,293598.799645,293598.799645,5602062.851928101,15296415.366871802,755462.5120171,16910796.978387102,113854322.1278241,50,25,3
Z3,24,9,720,30056.0,0.044583,674158.311464,683088.0,1.0,2,28.237242,324997.816782,324997.816782,5602062.851928101,15296415.366871802,755462.5120171,16910796.978387102,113854322.1278241,50,25,3
Z3,25,9,720,59504.0,0.088246,674296.851982,676176.0,1.0,2,28.237242,325025.524886,325025.524886,5602062.851928101,15296415.366871802,755462.5120171,16910796.978387102,113854322.1278241,50,25,3
Z3,26,9,720,65232.0,0.131002,497946.596235,497952.0,1.0,2,28.237242,289755.473737,289755.473737,5602062.851928101,15296415.366871802,755462.5120171,16910796.978387102,113854322.1278241,50,25,3
Z3,27,9,720,36648.0,0.075795,483514.743717,488640.0,1.0,2,28.237242,286869.103233,286869.103233,5602062.851928101,15296415.366871802,755462.5120171,16910796.978387102,113854322.1278241,50,25,3
Z3,28,9,720,8856.0,0.049814,177781.346609,180728.0,1.0,2,28.237242,225722.423811,225722.423811,5602062.851928101,15296415.366871802,755462.5120171,16910796.978387102,113854322.1278241,50,25,3
Z3,29,9,720,14088.0,0.039438,357218.925909,361224.0,1.0,2,28.237242,261609.939671,261609.939671,5602062.851928101,15296415.366871802,755462.5120171,16910796.978387102,113854322.1278241,50,25,3
Z3,30,9,720,15104.0,0.050406,299646.867436,302080.0,1.0,2,28.237242,250095.527977,250095.527977,5602062.851928101,15296415.366871802,755462.5120171,16910796.978387102,113854322.1278241,50,25,3
Z3,31,9,720,11784.0,0.056902,207092.896559,210424.0,1.0,2,28.237242,231584.733801,231584.733801,5602062.851928101,15296415.366871802,755462.5120171,16910796.978387102,113854322.1278241,50,25,3
Z3,32,9,720,18496.0,0.252482,73256.707409,73392.0,1.0,2,28.237242,204817.495971,204817.495971,5602062.851928101,15296415.366871802,755462.5120171,16910796.978387102,113854322.1278241,50,25,3
Z3,33,9,720,22376.0,0.074717,299476.692051,302376.0,1.0,2,28.237242,250061.4929,250061.4929,5602062.851928101,15296415.366871802,755462.5120171,16910796.978387102,113854322.1278241,50,25,3
Z3,34,9,720,8792.0,0.049797,176556.820692,179424.0,1.0,2,28.237242,225477.518628,225477.518628,5602062.851928101,15296415.366871802,755462.5120171,16910796.978387102,113854322.1278241,50,25,3
Z3,35,9,720,19464.0,0.055839,348573.577607,353888.0,1.0,2,28.237242,259880.870011,259880.870011,5602062.851928101,15296415.366871802,755462.5120171,16910796.978387102,113854322.1278241,50,25,3
Z3,36,9,720,20360.0,0.049418,411995.629123,415504.0,1.0,2,28.237242,272565.280314,272565.280314,5602062.851928101,15296415.366871802,755462.5120171,16910796.978387102,113854322.1278241,50,25,3
Z3,37,9,720,11344.0,0.039739,285462.64375,290864.0,1.0,2,28.237242,247258.68324,247258.68324,5602062.851928101,15296415.366871802,755462.5120171,16910796.978387102,113854322.1278241,50,25,3
Z3,38,9,720,15808.0,0.036905,428343.042948,439104.0,1.0,2,28.237242,275834.763079,275834.763079,5602062.851928101,15296415.366871802,755462.5120171,16910796.978387102,113854322.1278241,50,25,3
Z1,0,10,720,35840.0,0.218076,164346.374658,164400.0,1.0,2,33.586203,232060.465117,232060.465117,5602062.851928101,15296415.366871802,755462.5120171,16910796.978387102,113854322.1278241,50,25,3
Z2,0,10,720,6624.0,0.239756,27628.088557,27712.0,1.0,2,33.586203,204716.807896,204716.807896,5602062.851928101,15296415.366871802,755462.5120171,16910796.978387102,113854322.1278241,50,25,3
Z2,1,10,720,7008.0,0.048579,144259.865374,146000.0,1.0,2,33.586203,228043.16326,228043.16326,5602062.851928101,15296415.366871802,755462.5120171,16910796.978387102,113854322.1278241,50,25,3
Z2,2,10,720,7480.0,0.051289,145840.238648,146664.0,1.0,2,33.586203,228359.237915,228359.237915,5602062.851928101,15296415.366871802,755462.5120171,16910796.978387102,113854322.1278241,50,25,3
Z2,3,10,720,7832.0,0.075736,103411.851695,104424.0,1.0,2,33.586203,219873.560524,219873.560524,5602062.851928101,15296415.366871802,755462.5120171,16910796.978387102,113854322.1278241,50,25,3
Z2,4,10,720,29728.0,0.393643,75520.204856,75640.0,1.0,2,33.586203,214295.231156,214295.231156,5602062.851928101,15296415.366871802,755462.5120171,16910796.978387102,113854322.1278241,50,25,3
Z2,5,10,720,35136.0,0.052531,668862.195656,675688.0,1.0,2,33.586203,332963.629316,332963.629316,5602062.851928101,15296415.366871802,755462.5120171,16910796.978387102,113854322.1278241,50,25,3
Z2,6,10,720,23040.0,0.056442,408206.654619,411424.0,1.0,2,33.586203,280832.521109,280832.521109,5602062.851928101,15296415.366871802,755462.5120171,16910796.978387102,113854322.1278241,50,25,3
Z2,7,10,720,35840.0,0.073113,490200.101213,490952.0,1.0,2,33.586203,297231.210428,297231.210428,5602062.851928101,15296415.366871802,755462.5120171,16910796.978387102,113854322.1278241,50,25,3
Z3,0,10,720,6840.0,0.207966,32889.991633,33040.0,1.0,2,33.586203,205769.188512,205769.188512,5602062.851928101,15296415.366871802,755462.5120171,16910796.978387102,113854322.1278241,50,25,3
Z3,1,10,720,22064.0,0.073257,301186.234763,302240.0,1.0,2,33.586203,259428.437138,259428.437138,5602062.851928101,15296415.366871802,755462.5120171,16910796.978387102,113854322.1278241,50,25,3
Z3,2,10,720,15312.0,0.044506,344043.499753,348000.0,1.0,2,33.586203,267999.890136,267999.890136,5602062.851928101,15296415.366871802,755462.5120171,16910796.978387102,113854322.1278241,50,25,3
Z3,3,10,720,7752.0,0.029312,264465.065502,267304.0,1.0,2,33.586203,252084.203286,252084.203286,5602062.851928101,15296415.366871802,755462.5120171,16910796.978387102,113854322.1278241,50,25,3
Z3,4,10,720,11432.0,0.074031,154421.796275,154480.0,1.0,2,33.586203,230075.54944,230075.54944,5602062.851928101,15296415.366871802,755462.5120171,16910796.978387102,113854322.1278241,50,25,3
Z3,5,10,720,17232.0,0.045579,378068.847496,382928.0,1.0,2,33.586203,274804.959684,274804.959684,5602062.851928101,15296415.366871802,755462.5120171,16910796.978387102,113854322.1278241,50,25,3
Z3,6,10,720,23328.0,0.067653,344818.4116,348176.0,1.0,2,33.586203,268154.872505,268154.872505,5602062.851928101,15296415.366871802,755462.5120171,16910796.978387102,113854322.1278241,50,25,3
Z3,7,10,720,18496.0,0.05289,349706.93893,355688.0,1.0,2,33.586203,269132.577971,269132.577971,5602062.851928101,15296415.366871802,755462.5120171,16910796.978387102,113854322.1278241,50,25,3
Z3,8,10,720,7968.0,0.040185,198282.941396,199200.0,1.0,2,33.586203,238847.778464,238847.778464,5602062.851928101,15296415.366871802,755462.5120171,16910796.978387102,113854322.1278241,50,25,3
Z3,9,10,720,19568.0,0.0469,417228.144989,425384.0,1.0,2,33.586203,282636.819183,282636.819183,5602062.851928101,15296415.366871802,755462.5120171,16910796.978387102,113854322.1278241,50,25,3
Z3,10,10,720,36064.0,0.071879,501732.077519,507936.0,1.0,2,33.586203,299537.605689,299537.605689,5602062.851928101,15296415.366871802,755462.5120171,16910796.978387102,113854322.1278241,50,25,3
Z3,11,10,720,29248.0,0.074073,394853.725379,395240.0,1.0,2,33.586203,278161.935261,278161.935261,5602062.851928101,15296415.366871802,755462.5120171,16910796.978387102,113854322.1278241,50,25,3
Z3,12,10,720,24216.0,0.062692,386269.380463,390576.0,1.0,2,33.586203,276445.066278,276445.066278,5602062.851928101,15296415.366871802,755462.5120171,16910796.978387102,113854322.1278241,50,25,3
Z3,13,10,720,54424.0,0.076149,714704.067026,716104.0,1.0,2,33.586203,342132.00359,342132.00359,5602062.851928101,15296415.366871802,755462.5120171,16910796.978387102,113854322.1278241,50,25,3
Z3,14,10,720,56832.0,0.072654,782228.094806,789328.0,1.0,2,33.586203,355636.809146,355636.809146,5602062.851928101,15296415.366871802,755462.5120171,16910796.978387102,113854322.1278241,50,25,3
Z3,15,10,720,29576.0,0.041803,707509.030452,721360.0,1.0,2,33.586203,340692.996276,340692.996276,5602062.851928101,15296415.366871802,755462.5120171,16910796.978387102,113854322.1278241,50,25,3
Z3,16,10,720,52328.0,0.068465,764302.928504,769528.0,1.0,2,33.586203,352051.775886,352051.775886,5602062.851928101,15296415.366871802,755462.5120171,16910796.978387102,113854322.1278241,50,25,3
Z3,17,10,720,52840.0,0.070079,754006.193011,754856.0,1.0,2,33.586203,349992.428787,349992.428787,5602062.851928101,15296415.366871802,755462.5120171,16910796.978387102,113854322.1278241,50,25,3
Z3,18,10,720,23160.0,0.048505,477476.548809,482496.0,1.0,2,33.586203,294686.499947,294686.499947,5602062.851928101,15296415.366871802,755462.5120171,16910796.978387102,113854322.1278241,50,25,3
Z3,19,10,720,77048.0,0.407428,189108.259619,189304.0,1.0,2,33.586203,237012.842109,237012.842109,5602062.851928101,15296415.366871802,755462.5120171,16910796.978387102,113854322.1278241,50,25,3
Z3,20,10,720,68968.0,0.14806,465811.157639,466000.0,1.0,2,33.586203,292353.421713,292353.421713,5602062.851928101,15296415.366871802,755462.5120171,16910796.978387102,113854322.1278241,50,25,3
Z3,21,10,720,52224.0,0.156511,333676.22723,334768.0,1.0,2,33.586203,265926.435631,265926.435631,5602062.851928101,15296415.366871802,755462.5120171,16910796.978387102,113854322.1278241,50,25,3
Z3,22,10,720,76384.0,0.144845,527349.925783,530440.0,1.0,2,33.586203,304661.175342,304661.175342,5602062.851928101,15296415.366871802,755462.5120171,16910796.978387102,113854322.1278241,50,25,3
Z3,23,10,720,57512.0,0.119887,479718.401495,483288.0,1.0,2,33.586203,295134.870484,295134.870484,5602062.851928101,15296415.366871802,755462.5120171,16910796.978387102,113854322.1278241,50,25,3
Z3,24,10,720,35600.0,0.063412,561407.935407,565072.0,1.0,2,33.586203,311472.777266,311472.777266,5602062.851928101,15296415.366871802,755462.5120171,16910796.978387102,113854322.1278241,50,25,3
Z3,25,10,720,72816.0,0.107861,675091.089458,680520.0,1.0,2,33.586203,334209.408077,334209.408077,5602062.851928101,15296415.366871802,755462.5120171,16910796.978387102,113854322.1278241,50,25,3
Z3,26,10,720,93600.0,0.115219,812366.016022,813912.0,1.0,2,33.586203,361664.393389,361664.393389,5602062.851928101,15296415.366871802,755462.5120171,16910796.978387102,113854322.1278241,50,25,3
Z3,27,10,720,43888.0,0.039882,1100446.316634,1125328.0,1.0,2,33.586203,419280.453512,419280.453512,5602062.851928101,15296415.366871802,755462.5120171,16910796.978387102,113854322.1278241,50,25,3
Z3,28,10,720,13072.0,0.072974,179132.293694,181552.0,1.0,2,33.586203,235017.648924,235017.648924,5602062.851928101,15296415.366871802,755462.5120171,16910796.978387102,113854322.1278241,50,25,3
Z3,29,10,720,20608.0,0.07078,291155.693699,294400.0,1.0,2,33.586203,257422.328925,257422.328925,5602062.851928101,15296415.366871802,755462.5120171,16910796.978387102,113854322.1278241,50,25,3
Z3,30,10,720,22584.0,0.06449,350193.828501,352872.0,1.0,2,33.586203,269229.955885,269229.955885,5602062.851928101,15296415.366871802,755462.5120171,16910796.978387102,113854322.1278241,50,25,3
Z3,31,10,720,14712.0,0.039593,371580.834996,377224.0,1.0,2,33.586203,273507.357184,273507.357184,5602062.851928101,15296415.366871802,755462.5120171,16910796.978387102,113854322.1278241,50,25,3
Z3,32,10,720,20512.0,0.072808,281727.282716,284888.0,1.0,2,33.586203,255536.646728,255536.646728,5602062.851928101,15296415.366871802,755462.5120171,16910796.978387102,113854322.1278241,50,25,3
Z3,33,10,720,17992.0,0.058981,305047.388142,310200.0,1.0,2,33.586203,260200.667813,260200.667813,5602062.851928101,15296415.366871802,755462.5120171,16910796.978387102,113854322.1278241,50,25,3
Z3,34,10,720,11464.0,0.074355,154179.275099,154912.0,1.0,2,33.586203,230027.045205,230027.045205,5602062.851928101,15296415.366871802,755462.5120171,16910796.978387102,113854322.1278241,50,25,3
Z3,35,10,720,22376.0,0.073293,305295.185079,306520.0,1.0,2,33.586203,260250.227201,260250.227201,5602062.851928101,15296415.366871802,755462.5120171,16910796.978387102,113854322.1278241,50,25,3
Z3,36,10,720,29088.0,0.062103,468383.169895,469160.0,1.0,2,33.586203,292867.824164,292867.824164,5602062.851928101,15296415.366871802,755462.5120171,16910796.978387102,113854322.1278241,50,25,3
Z3,37,10,720,17936.0,0.058249,307919.449261,309240.0,1.0,2,33.586203,260775.080037,260775.080037,5602062.851928101,15296415.366871802,755462.5120171,16910796.978387102,113854322.1278241,50,25,3
Z3,38,10,720,24920.0,0.053178,468614.840724,470184.0,1.0,2,33.586203,292914.15833,292914.15833,5602062.851928101,15296415.366871802,755462.5120171,16910796.978387102,113854322.1278241,50,25,3
