Zone, Tile_no, Seg_no, Reso, Seg_d_size, Seg_d_time, Bitrate, Bitrate1, Buf_lev, Buf_limit, Elapsed, Ref_vp, Local_avg
Z1, 0, 1, 720, 9960.000000, 0.194570, 51189.803156, 51336.000000, 1.000000, 2, 0.000061, 51189.803156, 51189.803156
Z2, 0, 1, 720, 8952.000000, 0.230734, 38797.923150, 38920.000000, 1.000000, 2, 0.000061, 19398.961575, 19398.961575
Z2, 1, 1, 720, 5424.000000, 0.044391, 122186.929783, 123272.000000, 1.000000, 2, 0.000061, 40728.976594, 40728.976594
Z2, 2, 1, 720, 7080.000000, 0.064035, 110564.535020, 110624.000000, 1.000000, 2, 0.000061, 27641.133755, 27641.133755
Z2, 3, 1, 720, 18976.000000, 0.059704, 317834.650945, 321624.000000, 1.000000, 2, 0.000061, 63566.930189, 63566.930189
Z2, 4, 1, 720, 8720.000000, 0.340277, 25626.181023, 25640.000000, 1.000000, 2, 0.000061, 5125.236205, 5125.236205
Z2, 5, 1, 720, 8336.000000, 0.338199, 24648.210077, 24656.000000, 1.000000, 2, 0.000061, 4929.642015, 4929.642015
Z2, 6, 1, 720, 6376.000000, 0.043079, 148007.149655, 148272.000000, 1.000000, 2, 0.000061, 29601.429931, 29601.429931
Z2, 7, 1, 720, 6872.000000, 0.046710, 147120.530936, 149384.000000, 1.000000, 2, 0.000061, 29424.106187, 29424.106187
Z3, 0, 1, 720, 7080.000000, 0.199549, 35480.007417, 35576.000000, 1.000000, 2, 0.000061, 7096.001483, 7096.001483
Z3, 1, 1, 720, 7080.000000, 0.060274, 117463.582971, 118000.000000, 1.000000, 2, 0.000061, 23492.716594, 23492.716594
Z3, 2, 1, 720, 5664.000000, 0.036757, 154093.097913, 157328.000000, 1.000000, 2, 0.000061, 30818.619583, 30818.619583
Z3, 3, 1, 720, 7080.000000, 0.053191, 133105.224568, 133584.000000, 1.000000, 2, 0.000061, 26621.044914, 26621.044914
Z3, 4, 1, 720, 7080.000000, 0.075528, 93740.069908, 94400.000000, 1.000000, 2, 0.000061, 18748.013982, 18748.013982
Z3, 5, 1, 720, 5664.000000, 0.060873, 93046.178109, 94400.000000, 1.000000, 2, 0.000061, 18609.235622, 18609.235622
Z3, 6, 1, 720, 7080.000000, 0.069441, 101957.057070, 102608.000000, 1.000000, 2, 0.000061, 20391.411414, 20391.411414
Z3, 7, 1, 720, 7080.000000, 0.036172, 195731.505032, 196664.000000, 1.000000, 2, 0.000061, 39146.301006, 39146.301006
Z3, 8, 1, 720, 5664.000000, 0.036965, 153226.024618, 157328.000000, 1.000000, 2, 0.000061, 30645.204924, 30645.204924
Z3, 9, 1, 720, 7080.000000, 0.036911, 191812.738750, 196664.000000, 1.000000, 2, 0.000061, 38362.547750, 38362.547750
Z3, 10, 1, 720, 12904.000000, 0.045144, 285840.864788, 286752.000000, 1.000000, 2, 0.000061, 57168.172958, 57168.172958
Z3, 11, 1, 720, 17344.000000, 0.028676, 604826.335612, 619424.000000, 1.000000, 2, 0.000061, 120965.267122, 120965.267122
Z3, 12, 1, 720, 16912.000000, 0.034610, 488644.900318, 497408.000000, 1.000000, 2, 0.000061, 97728.980064, 97728.980064
Z3, 13, 1, 720, 13240.000000, 0.055583, 238202.328050, 240720.000000, 1.000000, 2, 0.000061, 47640.465610, 47640.465610
Z3, 14, 1, 720, 28328.000000, 0.037115, 763249.360097, 765616.000000, 1.000000, 2, 0.000061, 152649.872019, 152649.872019
Z3, 15, 1, 720, 30528.000000, 0.054002, 565312.395837, 565328.000000, 1.000000, 2, 0.000061, 113062.479167, 113062.479167
Z3, 16, 1, 720, 16360.000000, 0.060409, 270820.573093, 272664.000000, 1.000000, 2, 0.000061, 54164.114619, 54164.114619
Z3, 17, 1, 720, 33216.000000, 0.068501, 484898.030686, 488464.000000, 1.000000, 2, 0.000061, 96979.606137, 96979.606137
Z3, 18, 1, 720, 28000.000000, 0.404839, 69163.297014, 69304.000000, 1.000000, 2, 0.000061, 13832.659403, 13832.659403
Z3, 19, 1, 720, 15744.000000, 0.035991, 437442.694007, 449824.000000, 1.000000, 2, 0.000061, 87488.538801, 87488.538801
Z3, 20, 1, 720, 16024.000000, 0.069908, 229215.540425, 232224.000000, 1.000000, 2, 0.000061, 45843.108085, 45843.108085
Z3, 21, 1, 720, 11576.000000, 0.026784, 432198.327360, 445224.000000, 1.000000, 2, 0.000061, 86439.665472, 86439.665472
Z3, 22, 1, 720, 10816.000000, 0.038373, 281864.852891, 284624.000000, 1.000000, 2, 0.000061, 56372.970578, 56372.970578
Z3, 23, 1, 720, 13224.000000, 0.045960, 287728.459530, 293864.000000, 1.000000, 2, 0.000061, 57545.691906, 57545.691906
Z3, 24, 1, 720, 17528.000000, 0.037675, 465242.203052, 473728.000000, 1.000000, 2, 0.000061, 93048.440610, 93048.440610
Z3, 25, 1, 720, 23824.000000, 0.055473, 429470.192706, 433160.000000, 1.000000, 2, 0.000061, 85894.038541, 85894.038541
Z3, 26, 1, 720, 11024.000000, 0.043245, 254919.643889, 256368.000000, 1.000000, 2, 0.000061, 50983.928778, 50983.928778
Z3, 27, 1, 720, 15112.000000, 0.074376, 203183.822739, 204216.000000, 1.000000, 2, 0.000061, 40636.764548, 40636.764548
Z3, 28, 1, 720, 24552.000000, 0.075585, 324826.354435, 327360.000000, 1.000000, 2, 0.000061, 64965.270887, 64965.270887
Z3, 29, 1, 720, 10824.000000, 0.034424, 314431.791773, 318352.000000, 1.000000, 2, 0.000061, 62886.358355, 62886.358355
Z3, 30, 1, 720, 6872.000000, 0.059818, 114881.808151, 116472.000000, 1.000000, 2, 0.000061, 22976.361630, 22976.361630
Z3, 31, 1, 720, 6872.000000, 0.069624, 98701.597150, 99592.000000, 1.000000, 2, 0.000061, 19740.319430, 19740.319430
Z3, 32, 1, 720, 6376.000000, 0.044008, 144882.748591, 144904.000000, 1.000000, 2, 0.000061, 28976.549718, 28976.549718
Z3, 33, 1, 720, 6872.000000, 0.051742, 132812.801979, 134744.000000, 1.000000, 2, 0.000061, 26562.560396, 26562.560396
Z3, 34, 1, 720, 6872.000000, 0.033572, 204694.388181, 208240.000000, 1.000000, 2, 0.000061, 40938.877636, 40938.877636
Z3, 35, 1, 720, 6376.000000, 0.035714, 178529.428235, 182168.000000, 1.000000, 2, 0.000061, 35705.885647, 35705.885647
Z3, 36, 1, 720, 6872.000000, 0.075526, 90988.533750, 91624.000000, 1.000000, 2, 0.000061, 18197.706750, 18197.706750
Z3, 37, 1, 720, 6872.000000, 0.072405, 94910.572474, 95440.000000, 1.000000, 2, 0.000061, 18982.114495, 18982.114495
Z3, 38, 1, 720, 6376.000000, 0.069232, 92096.140513, 92400.000000, 1.000000, 2, 0.000061, 18419.228103, 18419.228103
Z1, 0, 2, 720, 7080.000000, 0.150199, 47137.464297, 47200.000000, 1.000000, 2, 3.872436, 27846.720962, 27846.720962
Z2, 0, 2, 720, 6624.000000, 0.191444, 34600.196402, 34680.000000, 1.000000, 2, 3.872436, 25339.267383, 25339.267383
Z2, 1, 2, 720, 5424.000000, 0.033389, 162448.710653, 164360.000000, 1.000000, 2, 3.872436, 50908.970233, 50908.970233
Z2, 2, 2, 720, 7080.000000, 0.062669, 112974.516906, 114192.000000, 1.000000, 2, 3.872436, 41014.131484, 41014.131484
Z2, 3, 2, 720, 12648.000000, 0.030439, 415519.563718, 421600.000000, 1.000000, 2, 3.872436, 101523.140846, 101523.140846
Z2, 4, 2, 720, 15344.000000, 0.072609, 211323.665110, 213104.000000, 1.000000, 2, 3.872436, 60683.961125, 60683.961125
Z2, 5, 2, 720, 18392.000000, 0.056878, 323358.767889, 328424.000000, 1.000000, 2, 3.872436, 83090.981680, 83090.981680
Z2, 6, 2, 720, 9160.000000, 0.066625, 137485.928705, 138784.000000, 1.000000, 2, 3.872436, 45916.413844, 45916.413844
Z2, 7, 2, 720, 8048.000000, 0.041813, 192476.024203, 196288.000000, 1.000000, 2, 3.872436, 56914.432943, 56914.432943
Z3, 0, 2, 720, 7080.000000, 0.193442, 36600.117865, 36680.000000, 1.000000, 2, 3.872436, 25739.251676, 25739.251676
Z3, 1, 2, 720, 7080.000000, 0.067033, 105619.620187, 105664.000000, 1.000000, 2, 3.872436, 39543.152140, 39543.152140
Z3, 2, 2, 720, 5664.000000, 0.059338, 95453.166605, 96000.000000, 1.000000, 2, 3.872436, 37509.861424, 37509.861424
Z3, 3, 2, 720, 7080.000000, 0.034948, 202586.700240, 208232.000000, 1.000000, 2, 3.872436, 58936.568151, 58936.568151
Z3, 4, 2, 720, 7080.000000, 0.066175, 106989.044201, 107272.000000, 1.000000, 2, 3.872436, 39817.036943, 39817.036943
Z3, 5, 2, 720, 5664.000000, 0.323119, 17529.145609, 17528.000000, 1.000000, 2, 3.872436, 21925.057224, 21925.057224
Z3, 6, 2, 720, 7080.000000, 0.043462, 162900.924946, 164648.000000, 1.000000, 2, 3.872436, 50999.413092, 50999.413092
Z3, 7, 2, 720, 7080.000000, 0.031992, 221305.326332, 228384.000000, 1.000000, 2, 3.872436, 62680.293369, 62680.293369
Z3, 8, 2, 720, 5664.000000, 0.074741, 75781.699469, 76536.000000, 1.000000, 2, 3.872436, 33575.567996, 33575.567996
Z3, 9, 2, 720, 17112.000000, 0.071068, 240783.474982, 241008.000000, 1.000000, 2, 3.872436, 66575.923099, 66575.923099
Z3, 10, 2, 720, 15320.000000, 0.053451, 286617.649810, 289056.000000, 1.000000, 2, 3.872436, 75742.758065, 75742.758065
Z3, 11, 2, 720, 10704.000000, 0.064033, 167163.806162, 167248.000000, 1.000000, 2, 3.872436, 51851.989335, 51851.989335
Z3, 12, 2, 720, 18776.000000, 0.049528, 379098.691649, 383176.000000, 1.000000, 2, 3.872436, 94238.966432, 94238.966432
Z3, 13, 2, 720, 21848.000000, 0.373727, 58459.784816, 58568.000000, 1.000000, 2, 3.872436, 30111.185066, 30111.185066
Z3, 14, 2, 720, 12752.000000, 0.049476, 257741.127011, 260240.000000, 1.000000, 2, 3.872436, 69967.453505, 69967.453505
Z3, 15, 2, 720, 21856.000000, 0.064668, 337972.412940, 341496.000000, 1.000000, 2, 3.872436, 86013.710691, 86013.710691
Z3, 16, 2, 720, 16880.000000, 0.026286, 642166.932968, 649224.000000, 1.000000, 2, 3.872436, 146852.614696, 146852.614696
Z3, 17, 2, 720, 12128.000000, 0.071015, 170780.820953, 170816.000000, 1.000000, 2, 3.872436, 52575.392293, 52575.392293
Z3, 18, 2, 720, 11592.000000, 0.069373, 167096.709094, 168000.000000, 1.000000, 2, 3.872436, 51838.569921, 51838.569921
Z3, 19, 2, 720, 9952.000000, 0.051770, 192234.885069, 195136.000000, 1.000000, 2, 3.872436, 56866.205116, 56866.205116
Z3, 20, 2, 720, 11064.000000, 0.035742, 309551.787813, 316112.000000, 1.000000, 2, 3.872436, 80329.585665, 80329.585665
Z3, 21, 2, 720, 14728.000000, 0.046853, 314344.865857, 320168.000000, 1.000000, 2, 3.872436, 81288.201274, 81288.201274
Z3, 22, 2, 720, 16264.000000, 0.048955, 332223.470534, 338832.000000, 1.000000, 2, 3.872436, 84863.922209, 84863.922209
Z3, 23, 2, 720, 9504.000000, 0.064327, 147745.114804, 148496.000000, 1.000000, 2, 3.872436, 47968.251063, 47968.251063
Z3, 24, 2, 720, 12688.000000, 0.057232, 221694.157115, 222592.000000, 1.000000, 2, 3.872436, 62758.059526, 62758.059526
Z3, 25, 2, 720, 17320.000000, 0.043689, 396438.462771, 402784.000000, 1.000000, 2, 3.872436, 97706.920657, 97706.920657
Z3, 26, 2, 720, 10632.000000, 0.067478, 157562.464803, 158680.000000, 1.000000, 2, 3.872436, 49931.721063, 49931.721063
Z3, 27, 2, 720, 9320.000000, 0.030487, 305704.070587, 310664.000000, 1.000000, 2, 3.872436, 79560.042220, 79560.042220
Z3, 28, 2, 720, 6376.000000, 0.063911, 99763.733943, 101200.000000, 1.000000, 2, 3.872436, 38371.974891, 38371.974891
Z3, 29, 2, 720, 6872.000000, 0.070737, 97148.592674, 98168.000000, 1.000000, 2, 3.872436, 37848.946637, 37848.946637
Z3, 30, 2, 720, 6872.000000, 0.305156, 22519.629304, 22528.000000, 1.000000, 2, 3.872436, 22923.153963, 22923.153963
Z3, 31, 2, 720, 6376.000000, 0.321005, 19862.618962, 19856.000000, 1.000000, 2, 3.872436, 22391.751895, 22391.751895
Z3, 32, 2, 720, 6872.000000, 0.050211, 136862.440501, 137440.000000, 1.000000, 2, 3.872436, 45791.716203, 45791.716203
Z3, 33, 2, 720, 6872.000000, 0.072361, 94968.284020, 95440.000000, 1.000000, 2, 3.872436, 37412.884907, 37412.884907
Z3, 34, 2, 720, 6376.000000, 0.073821, 86371.086818, 87336.000000, 1.000000, 2, 3.872436, 35693.445466, 35693.445466
Z3, 35, 2, 720, 6872.000000, 0.039397, 174429.525091, 176200.000000, 1.000000, 2, 3.872436, 53305.133121, 53305.133121
Z3, 36, 2, 720, 6872.000000, 0.047309, 145257.773362, 146208.000000, 1.000000, 2, 3.872436, 47470.782775, 47470.782775
Z3, 37, 2, 720, 6376.000000, 0.030052, 212165.579662, 212528.000000, 1.000000, 2, 3.872436, 60852.344035, 60852.344035
Z3, 38, 2, 720, 6872.000000, 0.068798, 99886.624611, 101056.000000, 1.000000, 2, 3.872436, 38396.553025, 38396.553025
Z1, 0, 3, 720, 15304.000000, 0.182620, 83802.431278, 84080.000000, 1.000000, 2, 7.961800, 55157.039280, 55157.039280
Z2, 0, 3, 720, 6624.000000, 0.233963, 28312.169018, 28424.000000, 1.000000, 2, 7.961800, 44058.986828, 44058.986828
Z2, 1, 3, 720, 5664.000000, 0.043030, 131629.095980, 131720.000000, 1.000000, 2, 7.961800, 64722.372221, 64722.372221
Z2, 2, 3, 720, 7080.000000, 0.061202, 115682.494036, 116064.000000, 1.000000, 2, 7.961800, 61533.051832, 61533.051832
Z2, 3, 3, 720, 7080.000000, 0.069580, 101753.377407, 102608.000000, 1.000000, 2, 7.961800, 58747.228506, 58747.228506
Z2, 4, 3, 720, 12544.000000, 0.058133, 215781.053790, 216272.000000, 1.000000, 2, 7.961800, 81552.763783, 81552.763783
Z2, 5, 3, 720, 18632.000000, 0.029943, 622248.939652, 642480.000000, 1.000000, 2, 7.961800, 162846.340955, 162846.340955
Z2, 6, 3, 720, 10240.000000, 0.035862, 285539.010652, 292568.000000, 1.000000, 2, 7.961800, 95504.355155, 95504.355155
Z2, 7, 3, 720, 8424.000000, 0.041568, 202655.889145, 205456.000000, 1.000000, 2, 7.961800, 78927.730854, 78927.730854
Z3, 0, 3, 720, 5424.000000, 0.193536, 28025.793651, 28096.000000, 1.000000, 2, 7.961800, 44001.711755, 44001.711755
Z3, 1, 3, 720, 7080.000000, 0.040764, 173682.661172, 177000.000000, 1.000000, 2, 7.961800, 73133.085259, 73133.085259
Z3, 2, 3, 720, 7080.000000, 0.073624, 96164.294252, 96984.000000, 1.000000, 2, 7.961800, 57629.411875, 57629.411875
Z3, 3, 3, 720, 5664.000000, 0.044271, 127939.283052, 128720.000000, 1.000000, 2, 7.961800, 63984.409635, 63984.409635
Z3, 4, 3, 720, 7080.000000, 0.046803, 151272.354336, 153912.000000, 1.000000, 2, 7.961800, 68651.023892, 68651.023892
Z3, 5, 3, 720, 7080.000000, 0.055031, 128654.758227, 128720.000000, 1.000000, 2, 7.961800, 64127.504670, 64127.504670
Z3, 6, 3, 720, 5664.000000, 0.046530, 121727.917473, 123128.000000, 1.000000, 2, 7.961800, 62742.136519, 62742.136519
Z3, 7, 3, 720, 7080.000000, 0.051584, 137251.861042, 138816.000000, 1.000000, 2, 7.961800, 65846.925233, 65846.925233
Z3, 8, 3, 720, 7080.000000, 0.071340, 99243.061396, 99712.000000, 1.000000, 2, 7.961800, 58245.165304, 58245.165304
Z3, 9, 3, 720, 14120.000000, 0.063376, 222797.273416, 224120.000000, 1.000000, 2, 7.961800, 82956.007708, 82956.007708
Z3, 10, 3, 720, 17536.000000, 0.057536, 304783.092325, 307648.000000, 1.000000, 2, 7.961800, 99353.171490, 99353.171490
Z3, 11, 3, 720, 16008.000000, 0.059265, 270108.833207, 271320.000000, 1.000000, 2, 7.961800, 92418.319666, 92418.319666
Z3, 12, 3, 720, 10896.000000, 0.047407, 229839.475183, 231824.000000, 1.000000, 2, 7.961800, 84364.448061, 84364.448061
Z3, 13, 3, 720, 19720.000000, 0.053516, 368487.928844, 372072.000000, 1.000000, 2, 7.961800, 112094.138794, 112094.138794
Z3, 14, 3, 720, 20104.000000, 0.046996, 427781.087752, 437040.000000, 1.000000, 2, 7.961800, 123952.770575, 123952.770575
Z3, 15, 3, 720, 12504.000000, 0.060634, 206220.932150, 208400.000000, 1.000000, 2, 7.961800, 79640.739455, 79640.739455
Z3, 16, 3, 720, 23072.000000, 0.060605, 380694.662157, 384528.000000, 1.000000, 2, 7.961800, 114535.485456, 114535.485456
Z3, 17, 3, 720, 18112.000000, 0.042798, 423197.345670, 431232.000000, 1.000000, 2, 7.961800, 123036.022159, 123036.022159
Z3, 18, 3, 720, 9664.000000, 0.056539, 170926.263287, 172568.000000, 1.000000, 2, 7.961800, 72581.805682, 72581.805682
Z3, 19, 3, 720, 12280.000000, 0.067072, 183086.832061, 183280.000000, 1.000000, 2, 7.961800, 75013.919437, 75013.919437
Z3, 20, 3, 720, 10368.000000, 0.073682, 140712.792812, 142024.000000, 1.000000, 2, 7.961800, 66539.111587, 66539.111587
Z3, 21, 3, 720, 10520.000000, 0.048229, 218126.023762, 219160.000000, 1.000000, 2, 7.961800, 82021.757777, 82021.757777
Z3, 22, 3, 720, 15288.000000, 0.028060, 544832.501782, 546000.000000, 1.000000, 2, 7.961800, 147363.053381, 147363.053381
Z3, 23, 3, 720, 16344.000000, 0.066048, 247456.395349, 247632.000000, 1.000000, 2, 7.961800, 87887.832095, 87887.832095
Z3, 24, 3, 720, 9016.000000, 0.046810, 192608.417005, 196000.000000, 1.000000, 2, 7.961800, 76918.236426, 76918.236426
Z3, 25, 3, 720, 13800.000000, 0.052303, 263847.198057, 265384.000000, 1.000000, 2, 7.961800, 91165.992636, 91165.992636
Z3, 26, 3, 720, 17664.000000, 0.028659, 616350.884539, 630856.000000, 1.000000, 2, 7.961800, 161666.729933, 161666.729933
Z3, 27, 3, 720, 9896.000000, 0.065900, 150166.919575, 152240.000000, 1.000000, 2, 7.961800, 68429.936940, 68429.936940
Z3, 28, 3, 720, 6376.000000, 0.048950, 130255.362615, 132832.000000, 1.000000, 2, 7.961800, 64447.625548, 64447.625548
Z3, 29, 3, 720, 6872.000000, 0.075084, 91524.159608, 91624.000000, 1.000000, 2, 7.961800, 56701.384946, 56701.384946
Z3, 30, 3, 720, 6872.000000, 0.043040, 159665.427509, 159808.000000, 1.000000, 2, 7.961800, 70329.638527, 70329.638527
Z3, 31, 3, 720, 6376.000000, 0.036395, 175188.899574, 177104.000000, 1.000000, 2, 7.961800, 73434.332940, 73434.332940
Z3, 32, 3, 720, 6872.000000, 0.054266, 126635.462352, 127256.000000, 1.000000, 2, 7.961800, 63723.645495, 63723.645495
Z3, 33, 3, 720, 6872.000000, 0.041499, 165594.351671, 167608.000000, 1.000000, 2, 7.961800, 71515.423359, 71515.423359
Z3, 34, 3, 720, 6376.000000, 0.073112, 87208.666156, 87336.000000, 1.000000, 2, 7.961800, 55838.286256, 55838.286256
Z3, 35, 3, 720, 6872.000000, 0.029452, 233328.806193, 236960.000000, 1.000000, 2, 7.961800, 85062.314263, 85062.314263
Z3, 36, 3, 720, 6872.000000, 0.067173, 102303.008649, 102560.000000, 1.000000, 2, 7.961800, 58857.154755, 58857.154755
Z3, 37, 3, 720, 6376.000000, 0.043696, 145917.246430, 148272.000000, 1.000000, 2, 7.961800, 67580.002311, 67580.002311
Z3, 38, 3, 720, 6872.000000, 0.073718, 93220.109064, 94136.000000, 1.000000, 2, 7.961800, 57040.574838, 57040.574838
Z1, 0, 4, 720, 22592.000000, 0.202484, 111574.247842, 111840.000000, 1.000000, 2, 10.960443, 79355.424406, 79355.424406
Z2, 0, 4, 720, 6624.000000, 0.158135, 41888.260031, 41920.000000, 1.000000, 2, 10.960443, 65418.226844, 65418.226844
Z2, 1, 4, 720, 6648.000000, 0.037159, 178906.859711, 179672.000000, 1.000000, 2, 10.960443, 92821.946780, 92821.946780
Z2, 2, 4, 720, 7200.000000, 0.064931, 110886.941523, 112496.000000, 1.000000, 2, 10.960443, 79217.963142, 79217.963142
Z2, 3, 4, 720, 7296.000000, 0.035443, 205851.649127, 208456.000000, 1.000000, 2, 10.960443, 98210.904663, 98210.904663
Z2, 4, 4, 720, 17272.000000, 0.035810, 482323.373359, 493480.000000, 1.000000, 2, 10.960443, 153505.249510, 153505.249510
Z2, 5, 4, 720, 26240.000000, 0.072841, 360236.679892, 364440.000000, 1.000000, 2, 10.960443, 129087.910816, 129087.910816
Z2, 6, 4, 720, 12720.000000, 0.193875, 65609.284333, 65904.000000, 1.000000, 2, 10.960443, 70162.431704, 70162.431704
Z2, 7, 4, 720, 11496.000000, 0.045851, 250725.175023, 255464.000000, 1.000000, 2, 10.960443, 107185.609842, 107185.609842
Z3, 0, 4, 720, 6448.000000, 0.131512, 49029.746335, 49216.000000, 1.000000, 2, 10.960443, 66846.524105, 66846.524105
Z3, 1, 4, 720, 7448.000000, 0.031627, 235494.988459, 240256.000000, 1.000000, 2, 10.960443, 104139.572530, 104139.572530
Z3, 2, 4, 720, 7424.000000, 0.060227, 123266.973284, 123728.000000, 1.000000, 2, 10.960443, 81693.969495, 81693.969495
Z3, 3, 4, 720, 6648.000000, 0.069428, 95753.874517, 96344.000000, 1.000000, 2, 10.960443, 76191.349741, 76191.349741
Z3, 4, 4, 720, 7224.000000, 0.031102, 232268.021349, 233032.000000, 1.000000, 2, 10.960443, 103494.179108, 103494.179108
Z3, 5, 4, 720, 7240.000000, 0.061527, 117671.916394, 118688.000000, 1.000000, 2, 10.960443, 80574.958117, 80574.958117
Z3, 6, 4, 720, 6648.000000, 0.042443, 156633.602714, 158280.000000, 1.000000, 2, 10.960443, 88367.295381, 88367.295381
Z3, 7, 4, 720, 7232.000000, 0.053646, 134809.678261, 136448.000000, 1.000000, 2, 10.960443, 84002.510490, 84002.510490
Z3, 8, 4, 720, 7296.000000, 0.071275, 102364.082778, 102760.000000, 1.000000, 2, 10.960443, 77513.391393, 77513.391393
Z3, 9, 4, 720, 16456.000000, 0.059082, 278528.147321, 278912.000000, 1.000000, 2, 10.960443, 112746.204302, 112746.204302
Z3, 10, 4, 720, 25392.000000, 0.062261, 407831.547839, 409544.000000, 1.000000, 2, 10.960443, 138606.884405, 138606.884405
Z3, 11, 4, 720, 21592.000000, 0.074932, 288154.593498, 291776.000000, 1.000000, 2, 10.960443, 114671.493537, 114671.493537
Z3, 12, 4, 720, 13528.000000, 0.035417, 381963.463873, 386512.000000, 1.000000, 2, 10.960443, 133433.267612, 133433.267612
Z3, 13, 4, 720, 29512.000000, 0.074006, 398778.477421, 398808.000000, 1.000000, 2, 10.960443, 136796.270322, 136796.270322
Z3, 14, 4, 720, 29688.000000, 0.042437, 699578.198270, 706856.000000, 1.000000, 2, 10.960443, 196956.214492, 196956.214492
Z3, 15, 4, 720, 16760.000000, 0.052854, 317099.935672, 322304.000000, 1.000000, 2, 10.960443, 120460.561972, 120460.561972
Z3, 16, 4, 720, 33128.000000, 0.075044, 441447.684025, 441704.000000, 1.000000, 2, 10.960443, 145330.111643, 145330.111643
Z3, 17, 4, 720, 26248.000000, 0.061539, 426526.267895, 430288.000000, 1.000000, 2, 10.960443, 142345.828417, 142345.828417
Z3, 18, 4, 720, 14624.000000, 0.047295, 309208.161539, 311144.000000, 1.000000, 2, 10.960443, 118882.207146, 118882.207146
Z3, 19, 4, 720, 26816.000000, 0.034916, 768014.663764, 788704.000000, 1.000000, 2, 10.960443, 210643.507591, 210643.507591
Z3, 20, 4, 720, 23128.000000, 0.036966, 625656.008224, 642440.000000, 1.000000, 2, 10.960443, 182171.776482, 182171.776482
Z3, 21, 4, 720, 19440.000000, 0.052613, 369490.430122, 373840.000000, 1.000000, 2, 10.960443, 130938.660862, 130938.660862
Z3, 22, 4, 720, 29088.000000, 0.066571, 436947.018972, 440720.000000, 1.000000, 2, 10.960443, 144429.978632, 144429.978632
Z3, 23, 4, 720, 29840.000000, 0.042792, 697326.603103, 710472.000000, 1.000000, 2, 10.960443, 196505.895458, 196505.895458
Z3, 24, 4, 720, 17200.000000, 0.030222, 569121.831778, 573328.000000, 1.000000, 2, 10.960443, 170864.941193, 170864.941193
Z3, 25, 4, 720, 25664.000000, 0.058125, 441531.182796, 442480.000000, 1.000000, 2, 10.960443, 145346.811397, 145346.811397
Z3, 26, 4, 720, 26808.000000, 0.046091, 581631.988892, 582776.000000, 1.000000, 2, 10.960443, 173366.972616, 173366.972616
Z3, 27, 4, 720, 17472.000000, 0.040894, 427250.941458, 436800.000000, 1.000000, 2, 10.960443, 142490.763129, 142490.763129
Z3, 28, 4, 720, 6448.000000, 0.037600, 171489.361702, 174264.000000, 1.000000, 2, 10.960443, 91338.447178, 91338.447178
Z3, 29, 4, 720, 7200.000000, 0.038982, 184700.631060, 189472.000000, 1.000000, 2, 10.960443, 93980.701050, 93980.701050
Z3, 30, 4, 720, 7520.000000, 0.058766, 127965.149917, 129648.000000, 1.000000, 2, 10.960443, 82633.604821, 82633.604821
Z3, 31, 4, 720, 6728.000000, 0.053023, 126888.331479, 126936.000000, 1.000000, 2, 10.960443, 82418.241133, 82418.241133
Z3, 32, 4, 720, 7224.000000, 0.054462, 132642.943704, 133776.000000, 1.000000, 2, 10.960443, 83569.163578, 83569.163578
Z3, 33, 4, 720, 7256.000000, 0.296756, 24451.064174, 24512.000000, 1.000000, 2, 10.960443, 61930.787672, 61930.787672
Z3, 34, 4, 720, 6544.000000, 0.056067, 116717.498707, 116856.000000, 1.000000, 2, 10.960443, 80384.074579, 80384.074579
Z3, 35, 4, 720, 12272.000000, 0.060286, 203563.016289, 204528.000000, 1.000000, 2, 10.960443, 97753.178096, 97753.178096
Z3, 36, 4, 720, 8544.000000, 0.045011, 189820.266157, 189864.000000, 1.000000, 2, 10.960443, 95004.628069, 95004.628069
Z3, 37, 4, 720, 6424.000000, 0.066698, 96314.732076, 97328.000000, 1.000000, 2, 10.960443, 76303.521253, 76303.521253
Z3, 38, 4, 720, 6872.000000, 0.068874, 99776.403287, 101056.000000, 1.000000, 2, 10.960443, 76995.855495, 76995.855495
Z1, 0, 5, 720, 8792.000000, 0.175722, 50033.575762, 50240.000000, 1.000000, 2, 14.197542, 87002.570647, 87002.570647
Z2, 0, 5, 720, 6624.000000, 0.207730, 31887.546334, 32000.000000, 1.000000, 2, 14.197542, 83373.364762, 83373.364762
Z2, 1, 5, 720, 7616.000000, 0.051314, 148419.534630, 149328.000000, 1.000000, 2, 14.197542, 106679.762421, 106679.762421
Z2, 2, 5, 720, 8816.000000, 0.073119, 120570.576731, 120760.000000, 1.000000, 2, 14.197542, 101109.970841, 101109.970841
Z2, 3, 5, 720, 14976.000000, 0.230130, 65076.261244, 65112.000000, 1.000000, 2, 14.197542, 90011.107744, 90011.107744
Z2, 4, 5, 720, 20272.000000, 0.062217, 325827.346224, 326960.000000, 1.000000, 2, 14.197542, 142161.324740, 142161.324740
Z2, 5, 5, 720, 21272.000000, 0.066311, 320791.422238, 322296.000000, 1.000000, 2, 14.197542, 141154.139943, 141154.139943
Z2, 6, 5, 720, 9680.000000, 0.250062, 38710.399821, 38720.000000, 1.000000, 2, 14.197542, 84737.935459, 84737.935459
Z2, 7, 5, 720, 12888.000000, 0.041284, 312179.052417, 314336.000000, 1.000000, 2, 14.197542, 139431.665979, 139431.665979
Z3, 0, 5, 720, 7712.000000, 0.340807, 22628.643191, 22680.000000, 1.000000, 2, 14.197542, 81521.584133, 81521.584133
Z3, 1, 5, 720, 9624.000000, 0.039041, 246510.079148, 246768.000000, 1.000000, 2, 14.197542, 126297.871325, 126297.871325
Z3, 2, 5, 720, 9096.000000, 0.041742, 217910.018686, 221848.000000, 1.000000, 2, 14.197542, 120577.859232, 120577.859232
Z3, 3, 5, 720, 7632.000000, 0.053767, 141945.803188, 144000.000000, 1.000000, 2, 14.197542, 105385.016133, 105385.016133
Z3, 4, 5, 720, 8304.000000, 0.029931, 277438.107648, 286344.000000, 1.000000, 2, 14.197542, 132483.477025, 132483.477025
Z3, 5, 5, 720, 8504.000000, 0.064098, 132671.846235, 132872.000000, 1.000000, 2, 14.197542, 103530.224742, 103530.224742
Z3, 6, 5, 720, 7384.000000, 0.044243, 166896.458197, 167816.000000, 1.000000, 2, 14.197542, 110375.147134, 110375.147134
Z3, 7, 5, 720, 8968.000000, 0.034626, 258996.130076, 263760.000000, 1.000000, 2, 14.197542, 128795.081510, 128795.081510
Z3, 8, 5, 720, 8912.000000, 0.066524, 133966.688714, 135024.000000, 1.000000, 2, 14.197542, 103789.193238, 103789.193238
Z3, 9, 5, 720, 16688.000000, 0.051483, 324145.834547, 327208.000000, 1.000000, 2, 14.197542, 141825.022405, 141825.022405
Z3, 10, 5, 720, 23832.000000, 0.068014, 350398.447378, 350464.000000, 1.000000, 2, 14.197542, 147075.544971, 147075.544971
Z3, 11, 5, 720, 21144.000000, 0.059457, 355618.346032, 358368.000000, 1.000000, 2, 14.197542, 148119.524701, 148119.524701
Z3, 12, 5, 720, 14272.000000, 0.066293, 215286.681852, 216240.000000, 1.000000, 2, 14.197542, 120053.191865, 120053.191865
Z3, 13, 5, 720, 27640.000000, 0.068171, 405450.998225, 406464.000000, 1.000000, 2, 14.197542, 158086.055140, 158086.055140
Z3, 14, 5, 720, 33288.000000, 0.069397, 479674.913901, 482432.000000, 1.000000, 2, 14.197542, 172930.838275, 172930.838275
Z3, 15, 5, 720, 17576.000000, 0.059000, 297898.305085, 297896.000000, 1.000000, 2, 14.197542, 136575.516512, 136575.516512
Z3, 16, 5, 720, 34872.000000, 0.066141, 527237.265841, 528360.000000, 1.000000, 2, 14.197542, 182443.308663, 182443.308663
Z3, 17, 5, 720, 27336.000000, 0.075257, 363235.313659, 364480.000000, 1.000000, 2, 14.197542, 149642.918227, 149642.918227
Z3, 18, 5, 720, 25312.000000, 0.072233, 350421.552476, 351552.000000, 1.000000, 2, 14.197542, 147080.165990, 147080.165990
Z3, 19, 5, 720, 18312.000000, 0.026190, 699198.167239, 704304.000000, 1.000000, 2, 14.197542, 216835.488943, 216835.488943
Z3, 20, 5, 720, 41432.000000, 0.046544, 890168.442764, 900688.000000, 1.000000, 2, 14.197542, 255029.544048, 255029.544048
Z3, 21, 5, 720, 36760.000000, 0.048459, 758579.417652, 765832.000000, 1.000000, 2, 14.197542, 228711.739026, 228711.739026
Z3, 22, 5, 720, 21272.000000, 0.069834, 304608.070567, 308288.000000, 1.000000, 2, 14.197542, 137917.469609, 137917.469609
Z3, 23, 5, 720, 43464.000000, 0.062516, 695246.017020, 701032.000000, 1.000000, 2, 14.197542, 216045.058899, 216045.058899
Z3, 24, 5, 720, 42000.000000, 0.048358, 868522.271393, 875000.000000, 1.000000, 2, 14.197542, 250700.309774, 250700.309774
Z3, 25, 5, 720, 20304.000000, 0.044878, 452426.578725, 461448.000000, 1.000000, 2, 14.197542, 167481.171240, 167481.171240
Z3, 26, 5, 720, 32736.000000, 0.075638, 432798.328882, 436480.000000, 1.000000, 2, 14.197542, 163555.521272, 163555.521272
Z3, 27, 5, 720, 34608.000000, 0.061290, 564659.813999, 567344.000000, 1.000000, 2, 14.197542, 189927.818295, 189927.818295
Z3, 28, 5, 720, 13208.000000, 0.061393, 215138.533709, 216520.000000, 1.000000, 2, 14.197542, 120023.562237, 120023.562237
Z3, 29, 5, 720, 16320.000000, 0.068792, 237236.888010, 240000.000000, 1.000000, 2, 14.197542, 124443.233097, 124443.233097
Z3, 30, 5, 720, 8752.000000, 0.061702, 141843.052089, 143472.000000, 1.000000, 2, 14.197542, 105364.465913, 105364.465913
Z3, 31, 5, 720, 12760.000000, 0.036574, 348881.719254, 354440.000000, 1.000000, 2, 14.197542, 146772.199346, 146772.199346
Z3, 32, 5, 720, 15440.000000, 0.031482, 490438.981005, 498064.000000, 1.000000, 2, 14.197542, 175083.651696, 175083.651696
Z3, 33, 5, 720, 10000.000000, 0.032429, 308365.968732, 312496.000000, 1.000000, 2, 14.197542, 138669.049241, 138669.049241
Z3, 34, 5, 720, 15200.000000, 0.040157, 378514.331250, 380000.000000, 1.000000, 2, 14.197542, 152698.721745, 152698.721745
Z3, 35, 5, 720, 18352.000000, 0.051987, 353011.329756, 359840.000000, 1.000000, 2, 14.197542, 147598.121446, 147598.121446
Z3, 36, 5, 720, 11224.000000, 0.047691, 235348.388585, 238808.000000, 1.000000, 2, 14.197542, 124065.533212, 124065.533212
Z3, 37, 5, 720, 23240.000000, 0.074431, 312235.493276, 314048.000000, 1.000000, 2, 14.197542, 139442.954150, 139442.954150
Z3, 38, 5, 720, 16824.000000, 0.061443, 273814.755139, 275800.000000, 1.000000, 2, 14.197542, 131758.806523, 131758.806523
Z1, 0, 6, 720, 14912.000000, 0.205552, 72546.119717, 72736.000000, 1.000000, 2, 17.784977, 127848.802364, 127848.802364
Z2, 0, 6, 720, 6624.000000, 0.189048, 35038.720325, 35040.000000, 1.000000, 2, 17.784977, 120347.322485, 120347.322485
Z2, 1, 6, 720, 6768.000000, 0.050593, 133773.446920, 135360.000000, 1.000000, 2, 17.784977, 140094.267804, 140094.267804
Z2, 2, 6, 720, 7488.000000, 0.042596, 175791.154099, 178280.000000, 1.000000, 2, 17.784977, 148497.809240, 148497.809240
Z2, 3, 6, 720, 7752.000000, 0.058723, 132009.604414, 133648.000000, 1.000000, 2, 17.784977, 139741.499303, 139741.499303
Z2, 4, 6, 720, 10768.000000, 0.029514, 364843.802941, 371304.000000, 1.000000, 2, 17.784977, 186308.339009, 186308.339009
Z2, 5, 6, 720, 17456.000000, 0.070540, 247462.432662, 249368.000000, 1.000000, 2, 17.784977, 162832.064953, 162832.064953
Z2, 6, 6, 720, 9568.000000, 0.074235, 128887.990840, 129296.000000, 1.000000, 2, 17.784977, 139117.176588, 139117.176588
Z2, 7, 6, 720, 12800.000000, 0.253747, 50443.946135, 50592.000000, 1.000000, 2, 17.784977, 123428.367647, 123428.367647
Z3, 0, 6, 720, 6760.000000, 0.179082, 37748.070716, 37760.000000, 1.000000, 2, 17.784977, 120889.192564, 120889.192564
Z3, 1, 6, 720, 8320.000000, 0.061210, 135925.502369, 136392.000000, 1.000000, 2, 17.784977, 140524.678894, 140524.678894
Z3, 2, 6, 720, 7800.000000, 0.027449, 284163.357499, 288888.000000, 1.000000, 2, 17.784977, 170172.249920, 170172.249920
Z3, 3, 6, 720, 6928.000000, 0.050392, 137482.140022, 138560.000000, 1.000000, 2, 17.784977, 140836.006425, 140836.006425
Z3, 4, 6, 720, 7472.000000, 0.070403, 106131.840973, 106736.000000, 1.000000, 2, 17.784977, 134565.946615, 134565.946615
Z3, 5, 6, 720, 7416.000000, 0.059010, 125673.614642, 125688.000000, 1.000000, 2, 17.784977, 138474.301349, 138474.301349
Z3, 6, 6, 720, 6760.000000, 0.060289, 112126.590257, 112664.000000, 1.000000, 2, 17.784977, 135764.896472, 135764.896472
Z3, 7, 6, 720, 7600.000000, 0.040632, 187044.693837, 190000.000000, 1.000000, 2, 17.784977, 150748.517188, 150748.517188
Z3, 8, 6, 720, 7600.000000, 0.071365, 106494.780355, 107040.000000, 1.000000, 2, 17.784977, 134638.534491, 134638.534491
Z3, 9, 6, 720, 12912.000000, 0.071376, 180901.143241, 181856.000000, 1.000000, 2, 17.784977, 149519.807069, 149519.807069
Z3, 10, 6, 720, 17552.000000, 0.070775, 247997.174143, 250736.000000, 1.000000, 2, 17.784977, 162939.013249, 162939.013249
Z3, 11, 6, 720, 14968.000000, 0.067253, 222562.562265, 223400.000000, 1.000000, 2, 17.784977, 157852.090873, 157852.090873
Z3, 12, 6, 720, 10336.000000, 0.075833, 136299.500218, 137808.000000, 1.000000, 2, 17.784977, 140599.478464, 140599.478464
Z3, 13, 6, 720, 18344.000000, 0.035722, 513521.079447, 524112.000000, 1.000000, 2, 17.784977, 216043.794310, 216043.794310
Z3, 14, 6, 720, 20456.000000, 0.040488, 505236.119344, 511400.000000, 1.000000, 2, 17.784977, 214386.802289, 214386.802289
Z3, 15, 6, 720, 12480.000000, 0.061129, 204158.419081, 204584.000000, 1.000000, 2, 17.784977, 154171.262236, 154171.262236
Z3, 16, 6, 720, 18912.000000, 0.074518, 253791.030355, 255560.000000, 1.000000, 2, 17.784977, 164097.784491, 164097.784491
Z3, 17, 6, 720, 16112.000000, 0.038096, 422931.541369, 424000.000000, 1.000000, 2, 17.784977, 197925.886694, 197925.886694
Z3, 18, 6, 720, 16088.000000, 0.044560, 361041.292639, 365632.000000, 1.000000, 2, 17.784977, 185547.836948, 185547.836948
Z3, 19, 6, 720, 31984.000000, 0.047649, 671241.788915, 680504.000000, 1.000000, 2, 17.784977, 247587.936203, 247587.936203
Z3, 20, 6, 720, 21472.000000, 0.068485, 313528.509893, 315760.000000, 1.000000, 2, 17.784977, 176045.280399, 176045.280399
Z3, 21, 6, 720, 19320.000000, 0.206509, 93555.244566, 93784.000000, 1.000000, 2, 17.784977, 132050.627333, 132050.627333
Z3, 22, 6, 720, 33040.000000, 0.064405, 513003.648785, 516248.000000, 1.000000, 2, 17.784977, 215940.308177, 215940.308177
Z3, 23, 6, 720, 26472.000000, 0.072604, 364608.010578, 367664.000000, 1.000000, 2, 17.784977, 186261.180536, 186261.180536
Z3, 24, 6, 720, 12984.000000, 0.063089, 205804.498407, 206088.000000, 1.000000, 2, 17.784977, 154500.478102, 154500.478102
Z3, 25, 6, 720, 21128.000000, 0.050262, 420357.327603, 422560.000000, 1.000000, 2, 17.784977, 197411.043941, 197411.043941
Z3, 26, 6, 720, 21576.000000, 0.063921, 337541.652978, 342472.000000, 1.000000, 2, 17.784977, 180847.909016, 180847.909016
Z3, 27, 6, 720, 14376.000000, 0.032258, 445656.891314, 449248.000000, 1.000000, 2, 17.784977, 202470.956683, 202470.956683
Z3, 28, 6, 720, 7048.000000, 0.040576, 173698.738170, 176200.000000, 1.000000, 2, 17.784977, 148079.326054, 148079.326054
Z3, 29, 6, 720, 8656.000000, 0.065356, 132443.846013, 133168.000000, 1.000000, 2, 17.784977, 139828.347623, 139828.347623
Z3, 30, 6, 720, 9488.000000, 0.061030, 155464.525643, 155536.000000, 1.000000, 2, 17.784977, 144432.483549, 144432.483549
Z3, 31, 6, 720, 8424.000000, 0.035032, 240465.859785, 240680.000000, 1.000000, 2, 17.784977, 161432.750377, 161432.750377
Z3, 32, 6, 720, 9328.000000, 0.062957, 148164.620296, 150448.000000, 1.000000, 2, 17.784977, 142972.502480, 142972.502480
Z3, 33, 6, 720, 8680.000000, 0.035852, 242106.437577, 248000.000000, 1.000000, 2, 17.784977, 161760.865936, 161760.865936
Z3, 34, 6, 720, 7160.000000, 0.050305, 142331.776165, 143200.000000, 1.000000, 2, 17.784977, 141805.933653, 141805.933653
Z3, 35, 6, 720, 10360.000000, 0.071080, 145751.266179, 145912.000000, 1.000000, 2, 17.784977, 142489.831656, 142489.831656
Z3, 36, 6, 720, 9048.000000, 0.073462, 123165.718331, 123944.000000, 1.000000, 2, 17.784977, 137972.722086, 137972.722086
Z3, 37, 6, 720, 7176.000000, 0.030641, 234196.011880, 239200.000000, 1.000000, 2, 17.784977, 160178.780796, 160178.780796
Z3, 38, 6, 720, 8768.000000, 0.040428, 216879.390521, 219200.000000, 1.000000, 2, 17.784977, 156715.456525, 156715.456525
Z1, 0, 7, 720, 7408.000000, 0.172483, 42949.160207, 43064.000000, 1.000000, 2, 21.202662, 145327.963644, 145327.963644
Z2, 0, 7, 720, 6624.000000, 0.202623, 32691.254201, 32792.000000, 1.000000, 2, 21.202662, 143276.382443, 143276.382443
Z2, 1, 7, 720, 6792.000000, 0.038755, 175254.805832, 178736.000000, 1.000000, 2, 21.202662, 171789.092769, 171789.092769
Z2, 2, 7, 720, 7464.000000, 0.031714, 235353.471653, 240768.000000, 1.000000, 2, 21.202662, 183808.825933, 183808.825933
Z2, 3, 7, 720, 10144.000000, 0.062444, 162449.554801, 163608.000000, 1.000000, 2, 21.202662, 169228.042563, 169228.042563
Z2, 4, 7, 720, 14352.000000, 0.060549, 237031.164842, 239200.000000, 1.000000, 2, 21.202662, 184144.364571, 184144.364571
Z2, 5, 7, 720, 15008.000000, 0.045630, 328906.421214, 333504.000000, 1.000000, 2, 21.202662, 202519.415845, 202519.415845
Z2, 6, 7, 720, 7168.000000, 0.031191, 229809.881055, 231224.000000, 1.000000, 2, 21.202662, 182700.107813, 182700.107813
Z2, 7, 7, 720, 8160.000000, 0.033001, 247265.234387, 247272.000000, 1.000000, 2, 21.202662, 186191.178480, 186191.178480
Z3, 0, 7, 720, 6656.000000, 0.160573, 41451.551631, 41600.000000, 1.000000, 2, 21.202662, 145028.441928, 145028.441928
Z3, 1, 7, 720, 7664.000000, 0.069637, 110056.435516, 111072.000000, 1.000000, 2, 21.202662, 158749.418705, 158749.418705
Z3, 2, 7, 720, 7664.000000, 0.055882, 137146.129344, 139344.000000, 1.000000, 2, 21.202662, 164167.357471, 164167.357471
Z3, 3, 7, 720, 6920.000000, 0.029373, 235590.508290, 238616.000000, 1.000000, 2, 21.202662, 183856.233260, 183856.233260
Z3, 4, 7, 720, 7504.000000, 0.058012, 129352.547749, 129376.000000, 1.000000, 2, 21.202662, 162608.641152, 162608.641152
Z3, 5, 7, 720, 7480.000000, 0.045492, 164424.514200, 166216.000000, 1.000000, 2, 21.202662, 169623.034442, 169623.034442
Z3, 6, 7, 720, 6728.000000, 0.070306, 95695.957671, 96112.000000, 1.000000, 2, 21.202662, 155877.323137, 155877.323137
Z3, 7, 7, 720, 7632.000000, 0.065284, 116904.601434, 117408.000000, 1.000000, 2, 21.202662, 160119.051889, 160119.051889
Z3, 8, 7, 720, 7392.000000, 0.062129, 118978.254921, 119224.000000, 1.000000, 2, 21.202662, 160533.782587, 160533.782587
Z3, 9, 7, 720, 12800.000000, 0.029180, 438656.614119, 441376.000000, 1.000000, 2, 21.202662, 224469.454426, 224469.454426
Z3, 10, 7, 720, 16760.000000, 0.074794, 224082.145627, 226480.000000, 1.000000, 2, 21.202662, 181554.560728, 181554.560728
Z3, 11, 7, 720, 14104.000000, 0.050113, 281443.936703, 282080.000000, 1.000000, 2, 21.202662, 193026.918943, 193026.918943
Z3, 12, 7, 720, 9704.000000, 0.250480, 38741.616097, 38816.000000, 1.000000, 2, 21.202662, 144486.454822, 144486.454822
Z3, 13, 7, 720, 17248.000000, 0.055455, 311026.958795, 313600.000000, 1.000000, 2, 21.202662, 198943.523361, 198943.523361
Z3, 14, 7, 720, 21552.000000, 0.062216, 346406.069178, 347608.000000, 1.000000, 2, 21.202662, 206019.345438, 206019.345438
Z3, 15, 7, 720, 16688.000000, 0.048501, 344075.379889, 347664.000000, 1.000000, 2, 21.202662, 205553.207580, 205553.207580
Z3, 16, 7, 720, 23312.000000, 0.046069, 506023.573336, 506776.000000, 1.000000, 2, 21.202662, 237942.846269, 237942.846269
Z3, 17, 7, 720, 14952.000000, 0.027682, 540134.383354, 553776.000000, 1.000000, 2, 21.202662, 244765.008273, 244765.008273
Z3, 18, 7, 720, 16856.000000, 0.073435, 229536.324641, 230904.000000, 1.000000, 2, 21.202662, 182645.396531, 182645.396531
Z3, 19, 7, 720, 23928.000000, 0.030844, 775774.867073, 797600.000000, 1.000000, 2, 21.202662, 291893.105017, 291893.105017
Z3, 20, 7, 720, 29544.000000, 0.066723, 442785.845960, 447632.000000, 1.000000, 2, 21.202662, 225295.300794, 225295.300794
Z3, 21, 7, 720, 31920.000000, 0.050517, 631866.500386, 638400.000000, 1.000000, 2, 21.202662, 263111.431680, 263111.431680
Z3, 22, 7, 720, 15096.000000, 0.041038, 367854.183927, 368192.000000, 1.000000, 2, 21.202662, 210308.968388, 210308.968388
Z3, 23, 7, 720, 22296.000000, 0.061048, 365220.809855, 365504.000000, 1.000000, 2, 21.202662, 209782.293573, 209782.293573
Z3, 24, 7, 720, 24272.000000, 0.069852, 347477.523908, 351768.000000, 1.000000, 2, 21.202662, 206233.636384, 206233.636384
Z3, 25, 7, 720, 13368.000000, 0.038724, 345212.271460, 351784.000000, 1.000000, 2, 21.202662, 205780.585894, 205780.585894
Z3, 26, 7, 720, 21768.000000, 0.066699, 326361.714568, 329816.000000, 1.000000, 2, 21.202662, 202010.474516, 202010.474516
Z3, 27, 7, 720, 21680.000000, 0.042669, 508097.213434, 516184.000000, 1.000000, 2, 21.202662, 238357.574289, 238357.574289
Z3, 28, 7, 720, 9672.000000, 0.060565, 159696.194172, 161200.000000, 1.000000, 2, 21.202662, 168677.370437, 168677.370437
Z3, 29, 7, 720, 13368.000000, 0.037851, 353174.288658, 361296.000000, 1.000000, 2, 21.202662, 207372.989334, 207372.989334
Z3, 30, 7, 720, 13424.000000, 0.059343, 226210.336518, 227520.000000, 1.000000, 2, 21.202662, 181980.198906, 181980.198906
Z3, 31, 7, 720, 8064.000000, 0.069707, 115684.221097, 116864.000000, 1.000000, 2, 21.202662, 159874.975822, 159874.975822
Z3, 32, 7, 720, 9424.000000, 0.072108, 130692.849614, 130888.000000, 1.000000, 2, 21.202662, 162876.701525, 162876.701525
Z3, 33, 7, 720, 7368.000000, 0.030569, 241028.492918, 245600.000000, 1.000000, 2, 21.202662, 184943.830186, 184943.830186
Z3, 34, 7, 720, 8792.000000, 0.063338, 138810.824466, 139552.000000, 1.000000, 2, 21.202662, 164500.296495, 164500.296495
Z3, 35, 7, 720, 8568.000000, 0.063867, 134153.788341, 136000.000000, 1.000000, 2, 21.202662, 163568.889271, 163568.889271
Z3, 36, 7, 720, 7064.000000, 0.072622, 97270.799482, 98104.000000, 1.000000, 2, 21.202662, 156192.291499, 156192.291499
Z3, 37, 7, 720, 10104.000000, 0.066565, 151791.482010, 153088.000000, 1.000000, 2, 21.202662, 167096.428004, 167096.428004
Z3, 38, 7, 720, 8640.000000, 0.048119, 179554.853592, 180000.000000, 1.000000, 2, 21.202662, 172649.102321, 172649.102321
Z1, 0, 8, 720, 7744.000000, 0.881645, 8783.580693, 8784.000000, 1.000000, 2, 24.336071, 155761.796647, 155761.796647
Z2, 0, 8, 720, 6624.000000, 0.221877, 29854.378777, 29968.000000, 1.000000, 2, 24.336071, 159975.956263, 159975.956263
Z2, 1, 8, 720, 6968.000000, 0.060386, 115390.984665, 116128.000000, 1.000000, 2, 24.336071, 177083.277441, 177083.277441
Z2, 2, 8, 720, 7968.000000, 0.054360, 146578.366446, 147552.000000, 1.000000, 2, 24.336071, 183320.753797, 183320.753797
Z2, 3, 8, 720, 12752.000000, 0.049774, 256198.015028, 260240.000000, 1.000000, 2, 24.336071, 205244.683514, 205244.683514
Z2, 4, 8, 720, 18720.000000, 0.035840, 522321.428571, 534856.000000, 1.000000, 2, 24.336071, 258469.366222, 258469.366222
Z2, 5, 8, 720, 25648.000000, 0.067420, 380421.239988, 382800.000000, 1.000000, 2, 24.336071, 230089.328506, 230089.328506
Z2, 6, 8, 720, 9784.000000, 0.250321, 39085.813815, 39136.000000, 1.000000, 2, 24.336071, 161822.243271, 161822.243271
Z2, 7, 8, 720, 13192.000000, 0.042636, 309409.888357, 314088.000000, 1.000000, 2, 24.336071, 215887.058179, 215887.058179
Z3, 0, 8, 720, 6768.000000, 0.203309, 33289.229695, 33336.000000, 1.000000, 2, 24.336071, 160662.926447, 160662.926447
Z3, 1, 8, 720, 8032.000000, 0.061014, 131641.918248, 131672.000000, 1.000000, 2, 24.336071, 180333.464158, 180333.464158
Z3, 2, 8, 720, 7872.000000, 0.063270, 124419.155998, 124952.000000, 1.000000, 2, 24.336071, 178888.911708, 178888.911708
Z3, 3, 8, 720, 7024.000000, 0.047601, 147559.925212, 149440.000000, 1.000000, 2, 24.336071, 183517.065550, 183517.065550
Z3, 4, 8, 720, 7816.000000, 0.037597, 207888.927308, 211240.000000, 1.000000, 2, 24.336071, 195582.865970, 195582.865970
Z3, 5, 8, 720, 7936.000000, 0.050311, 157738.864264, 158720.000000, 1.000000, 2, 24.336071, 185552.853361, 185552.853361
Z3, 6, 8, 720, 6928.000000, 0.071710, 96611.351276, 97576.000000, 1.000000, 2, 24.336071, 173327.350763, 173327.350763
Z3, 7, 8, 720, 8048.000000, 0.074455, 108092.136190, 108752.000000, 1.000000, 2, 24.336071, 175623.507746, 175623.507746
Z3, 8, 8, 720, 7664.000000, 0.070119, 109299.904448, 109480.000000, 1.000000, 2, 24.336071, 175865.061398, 175865.061398
Z3, 9, 8, 720, 14248.000000, 0.060426, 235792.539635, 237464.000000, 1.000000, 2, 24.336071, 201163.588435, 201163.588435
Z3, 10, 8, 720, 19448.000000, 0.068876, 282362.506533, 286000.000000, 1.000000, 2, 24.336071, 210477.581815, 210477.581815
Z3, 11, 8, 720, 17344.000000, 0.043031, 403058.260324, 403344.000000, 1.000000, 2, 24.336071, 234616.732573, 234616.732573
Z3, 12, 8, 720, 11952.000000, 0.047676, 250692.172162, 254296.000000, 1.000000, 2, 24.336071, 204143.514940, 204143.514940
Z3, 13, 8, 720, 25224.000000, 0.073961, 341044.604589, 345528.000000, 1.000000, 2, 24.336071, 222214.001426, 222214.001426
Z3, 14, 8, 720, 35992.000000, 0.031897, 1128381.979497, 1161032.000000, 1.000000, 2, 24.336071, 379681.476407, 379681.476407
Z3, 15, 8, 720, 20016.000000, 0.070831, 282588.132315, 285936.000000, 1.000000, 2, 24.336071, 210522.706971, 210522.706971
Z3, 16, 8, 720, 36432.000000, 0.058805, 619539.154834, 628136.000000, 1.000000, 2, 24.336071, 277912.911475, 277912.911475
Z3, 17, 8, 720, 22472.000000, 0.053735, 418200.428026, 424000.000000, 1.000000, 2, 24.336071, 237645.166113, 237645.166113
Z3, 18, 8, 720, 21736.000000, 0.062408, 348288.680938, 350576.000000, 1.000000, 2, 24.336071, 223662.816696, 223662.816696
Z3, 19, 8, 720, 16848.000000, 0.068426, 246222.196241, 247760.000000, 1.000000, 2, 24.336071, 203249.519756, 203249.519756
Z3, 20, 8, 720, 47160.000000, 0.063483, 742876.045556, 748568.000000, 1.000000, 2, 24.336071, 302580.289619, 302580.289619
Z3, 21, 8, 720, 39472.000000, 0.053469, 738222.147413, 744752.000000, 1.000000, 2, 24.336071, 301649.509990, 301649.509990
Z3, 22, 8, 720, 26968.000000, 0.064216, 419957.642955, 421368.000000, 1.000000, 2, 24.336071, 237996.609099, 237996.609099
Z3, 23, 8, 720, 39776.000000, 0.059104, 672983.216026, 674168.000000, 1.000000, 2, 24.336071, 288601.723713, 288601.723713
Z3, 24, 8, 720, 34992.000000, 0.064509, 542435.939171, 546744.000000, 1.000000, 2, 24.336071, 262492.268342, 262492.268342
Z3, 25, 8, 720, 22464.000000, 0.070416, 319018.404908, 320912.000000, 1.000000, 2, 24.336071, 217808.761490, 217808.761490
Z3, 26, 8, 720, 43144.000000, 0.059479, 725365.254964, 731248.000000, 1.000000, 2, 24.336071, 299078.131501, 299078.131501
Z3, 27, 8, 720, 43672.000000, 0.054401, 802779.360674, 808736.000000, 1.000000, 2, 24.336071, 314560.952643, 314560.952643
Z3, 28, 8, 720, 18320.000000, 0.065711, 278796.548523, 281840.000000, 1.000000, 2, 24.336071, 209764.390213, 209764.390213
Z3, 29, 8, 720, 24560.000000, 0.060206, 407932.764176, 409328.000000, 1.000000, 2, 24.336071, 235591.633343, 235591.633343
Z3, 30, 8, 720, 19040.000000, 0.063464, 300012.605572, 302216.000000, 1.000000, 2, 24.336071, 214007.601622, 214007.601622
Z3, 31, 8, 720, 20160.000000, 0.048831, 412852.491245, 420000.000000, 1.000000, 2, 24.336071, 236575.578757, 236575.578757
Z3, 32, 8, 720, 16496.000000, 0.052943, 311580.378898, 317224.000000, 1.000000, 2, 24.336071, 216321.156288, 216321.156288
Z3, 33, 8, 720, 11624.000000, 0.067151, 173102.410984, 173488.000000, 1.000000, 2, 24.336071, 188625.562705, 188625.562705
Z3, 34, 8, 720, 21024.000000, 0.030843, 681645.754304, 700800.000000, 1.000000, 2, 24.336071, 290334.231369, 290334.231369
Z3, 35, 8, 720, 28496.000000, 0.070406, 404738.232537, 407080.000000, 1.000000, 2, 24.336071, 234952.727015, 234952.727015
Z3, 36, 8, 720, 12416.000000, 0.054885, 226218.456773, 229920.000000, 1.000000, 2, 24.336071, 199248.771863, 199248.771863
Z3, 37, 8, 720, 17312.000000, 0.045375, 381531.680441, 384704.000000, 1.000000, 2, 24.336071, 230311.416596, 230311.416596
Z3, 38, 8, 720, 14664.000000, 0.046511, 315280.256283, 318776.000000, 1.000000, 2, 24.336071, 217061.131765, 217061.131765
Z1, 0, 9, 720, 24464.000000, 0.204315, 119736.681105, 119920.000000, 1.000000, 2, 28.422175, 221053.187328, 221053.187328
Z2, 0, 9, 720, 6624.000000, 0.205809, 32185.181406, 32312.000000, 1.000000, 2, 28.422175, 203542.887388, 203542.887388
Z2, 1, 9, 720, 6776.000000, 0.067999, 99648.524243, 101128.000000, 1.000000, 2, 28.422175, 217035.555956, 217035.555956
Z2, 2, 9, 720, 7696.000000, 0.039678, 193961.389183, 197328.000000, 1.000000, 2, 28.422175, 235898.128944, 235898.128944
Z2, 3, 9, 720, 7496.000000, 0.075671, 99060.406232, 99944.000000, 1.000000, 2, 28.422175, 216917.932354, 216917.932354
Z2, 4, 9, 720, 16056.000000, 0.068867, 233145.047701, 236112.000000, 1.000000, 2, 28.422175, 243734.860647, 243734.860647
Z2, 5, 9, 720, 26344.000000, 0.034486, 763904.193006, 774816.000000, 1.000000, 2, 28.422175, 349886.689708, 349886.689708
Z2, 6, 9, 720, 23952.000000, 0.035147, 681480.638461, 684336.000000, 1.000000, 2, 28.422175, 333401.978799, 333401.978799
Z2, 7, 9, 720, 32816.000000, 0.038756, 846733.409021, 863576.000000, 1.000000, 2, 28.422175, 366452.532911, 366452.532911
Z3, 0, 9, 720, 6752.000000, 1.143904, 5902.593225, 5904.000000, 1.000000, 2, 28.422175, 198286.369752, 198286.369752
Z3, 1, 9, 720, 9824.000000, 0.041134, 238829.192396, 239608.000000, 1.000000, 2, 28.422175, 244871.689586, 244871.689586
Z3, 2, 9, 720, 8640.000000, 0.027968, 308924.485126, 320000.000000, 1.000000, 2, 28.422175, 258890.748132, 258890.748132
Z3, 3, 9, 720, 7248.000000, 0.063276, 114545.799355, 115040.000000, 1.000000, 2, 28.422175, 220015.010978, 220015.010978
Z3, 4, 9, 720, 8336.000000, 0.038275, 217792.292619, 219368.000000, 1.000000, 2, 28.422175, 240664.309631, 240664.309631
Z3, 5, 9, 720, 9640.000000, 0.052688, 182963.862739, 185384.000000, 1.000000, 2, 28.422175, 233698.623655, 233698.623655
Z3, 6, 9, 720, 10312.000000, 0.065382, 157719.249946, 158640.000000, 1.000000, 2, 28.422175, 228649.701096, 228649.701096
Z3, 7, 9, 720, 21208.000000, 0.056880, 372855.133615, 378712.000000, 1.000000, 2, 28.422175, 271676.877830, 271676.877830
Z3, 8, 9, 720, 8000.000000, 0.031713, 252262.479110, 258064.000000, 1.000000, 2, 28.422175, 247558.346929, 247558.346929
Z3, 9, 9, 720, 16880.000000, 0.033426, 504996.110812, 511512.000000, 1.000000, 2, 28.422175, 298105.073270, 298105.073270
Z3, 10, 9, 720, 23240.000000, 0.073282, 317131.082667, 318352.000000, 1.000000, 2, 28.422175, 260532.067641, 260532.067641
Z3, 11, 9, 720, 21680.000000, 0.072328, 299745.603362, 301104.000000, 1.000000, 2, 28.422175, 257054.971780, 257054.971780
Z3, 12, 9, 720, 16096.000000, 0.037776, 426090.639560, 435024.000000, 1.000000, 2, 28.422175, 282323.979019, 282323.979019
Z3, 13, 9, 720, 39872.000000, 0.066737, 597449.690576, 604120.000000, 1.000000, 2, 28.422175, 316595.789222, 316595.789222
Z3, 14, 9, 720, 46392.000000, 0.054110, 857364.627610, 859104.000000, 1.000000, 2, 28.422175, 368578.776629, 368578.776629
Z3, 15, 9, 720, 26168.000000, 0.075444, 346853.295159, 348904.000000, 1.000000, 2, 28.422175, 266476.510139, 266476.510139
Z3, 16, 9, 720, 48816.000000, 0.069586, 701520.420774, 707472.000000, 1.000000, 2, 28.422175, 337409.935262, 337409.935262
Z3, 17, 9, 720, 38664.000000, 0.047458, 814699.313077, 822632.000000, 1.000000, 2, 28.422175, 360045.713723, 360045.713723
Z3, 18, 9, 720, 19912.000000, 0.026047, 764464.237724, 765840.000000, 1.000000, 2, 28.422175, 349998.698652, 349998.698652
Z3, 19, 9, 720, 61688.000000, 0.040321, 1529922.372957, 1542200.000000, 1.000000, 2, 28.422175, 503090.325699, 503090.325699
Z3, 20, 9, 720, 59200.000000, 0.068287, 866929.283758, 870584.000000, 1.000000, 2, 28.422175, 370491.707859, 370491.707859
Z3, 21, 9, 720, 41064.000000, 0.072529, 566173.530588, 570328.000000, 1.000000, 2, 28.422175, 310340.557225, 310340.557225
Z3, 22, 9, 720, 55576.000000, 0.068511, 811198.201749, 817288.000000, 1.000000, 2, 28.422175, 359345.491457, 359345.491457
Z3, 23, 9, 720, 50200.000000, 0.075550, 664460.622105, 669328.000000, 1.000000, 2, 28.422175, 329997.975528, 329997.975528
Z3, 24, 9, 720, 30056.000000, 0.042203, 712176.859465, 715616.000000, 1.000000, 2, 28.422175, 339541.223000, 339541.223000
Z3, 25, 9, 720, 59504.000000, 0.064206, 926766.968819, 929744.000000, 1.000000, 2, 28.422175, 382459.244871, 382459.244871
Z3, 26, 9, 720, 65232.000000, 0.039075, 1669404.990403, 1672608.000000, 1.000000, 2, 28.422175, 530986.849188, 530986.849188
Z3, 27, 9, 720, 36648.000000, 0.051334, 713912.806327, 718584.000000, 1.000000, 2, 28.422175, 339888.412373, 339888.412373
Z3, 28, 9, 720, 8856.000000, 0.059867, 147927.906860, 150096.000000, 1.000000, 2, 28.422175, 226691.432479, 226691.432479
Z3, 29, 9, 720, 14088.000000, 0.072992, 193007.452872, 195664.000000, 1.000000, 2, 28.422175, 235707.341681, 235707.341681
Z3, 30, 9, 720, 15104.000000, 0.051147, 295305.687528, 296152.000000, 1.000000, 2, 28.422175, 256166.988613, 256166.988613
Z3, 31, 9, 720, 11784.000000, 0.033953, 347068.005773, 357088.000000, 1.000000, 2, 28.422175, 266519.452262, 266519.452262
Z3, 32, 9, 720, 18496.000000, 0.054222, 341116.152115, 342512.000000, 1.000000, 2, 28.422175, 265329.081530, 265329.081530
Z3, 33, 9, 720, 22376.000000, 0.059176, 378126.267406, 379248.000000, 1.000000, 2, 28.422175, 272731.104588, 272731.104588
Z3, 34, 9, 720, 8792.000000, 0.031477, 279315.055437, 283608.000000, 1.000000, 2, 28.422175, 252968.862195, 252968.862195
Z3, 35, 9, 720, 19464.000000, 0.054555, 356777.563926, 360440.000000, 1.000000, 2, 28.422175, 268461.363892, 268461.363892
Z3, 36, 9, 720, 20360.000000, 0.036753, 553968.383533, 565552.000000, 1.000000, 2, 28.422175, 307899.527814, 307899.527814
Z3, 37, 9, 720, 11344.000000, 0.074990, 151273.503134, 153296.000000, 1.000000, 2, 28.422175, 227360.551734, 227360.551734
Z3, 38, 9, 720, 15808.000000, 0.041513, 380796.377039, 385560.000000, 1.000000, 2, 28.422175, 273265.126515, 273265.126515
Z1, 0, 10, 720, 35840.000000, 0.181619, 197336.181787, 198008.000000, 1.000000, 2, 32.370772, 257969.411845, 257969.411845
Z2, 0, 10, 720, 6624.000000, 0.315700, 20981.944884, 21024.000000, 1.000000, 2, 32.370772, 222698.564464, 222698.564464
Z2, 1, 10, 720, 7008.000000, 0.067129, 104396.013645, 104592.000000, 1.000000, 2, 32.370772, 239381.378216, 239381.378216
Z2, 2, 10, 720, 7480.000000, 0.044955, 166388.610833, 170000.000000, 1.000000, 2, 32.370772, 251779.897654, 251779.897654
Z2, 3, 10, 720, 7832.000000, 0.029356, 266793.841123, 270064.000000, 1.000000, 2, 32.370772, 271860.943712, 271860.943712
Z2, 4, 10, 720, 29728.000000, 0.047729, 622849.839720, 632504.000000, 1.000000, 2, 32.370772, 343072.143431, 343072.143431
Z2, 5, 10, 720, 35136.000000, 0.049131, 715149.294743, 717056.000000, 1.000000, 2, 32.370772, 361532.034436, 361532.034436
Z2, 6, 10, 720, 23040.000000, 0.073361, 314063.330653, 315616.000000, 1.000000, 2, 32.370772, 281314.841618, 281314.841618
Z2, 7, 10, 720, 35840.000000, 0.068947, 519819.571555, 527056.000000, 1.000000, 2, 32.370772, 322466.089798, 322466.089798
Z3, 0, 10, 720, 6840.000000, 0.193206, 35402.627248, 35440.000000, 1.000000, 2, 32.370772, 225582.700937, 225582.700937
Z3, 1, 10, 720, 22064.000000, 0.072976, 302345.976759, 306440.000000, 1.000000, 2, 32.370772, 278971.370839, 278971.370839
Z3, 2, 10, 720, 15312.000000, 0.040884, 374523.040798, 382800.000000, 1.000000, 2, 32.370772, 293406.783647, 293406.783647
Z3, 3, 10, 720, 7752.000000, 0.071781, 107995.151920, 109176.000000, 1.000000, 2, 32.370772, 240101.205871, 240101.205871
Z3, 4, 10, 720, 11432.000000, 0.032295, 353986.685245, 357248.000000, 1.000000, 2, 32.370772, 289299.512536, 289299.512536
Z3, 5, 10, 720, 17232.000000, 0.031507, 546926.079919, 555864.000000, 1.000000, 2, 32.370772, 327887.391471, 327887.391471
Z3, 6, 10, 720, 23328.000000, 0.051119, 456346.955144, 457408.000000, 1.000000, 2, 32.370772, 309771.566516, 309771.566516
Z3, 7, 10, 720, 18496.000000, 0.059966, 308441.450155, 313488.000000, 1.000000, 2, 32.370772, 280190.465518, 280190.465518
Z3, 8, 10, 720, 7968.000000, 0.058663, 135826.670985, 137376.000000, 1.000000, 2, 32.370772, 245667.509684, 245667.509684
Z3, 9, 10, 720, 19568.000000, 0.067577, 289565.976590, 292056.000000, 1.000000, 2, 32.370772, 276415.370805, 276415.370805
Z3, 10, 10, 720, 36064.000000, 0.067904, 531102.733270, 538264.000000, 1.000000, 2, 32.370772, 324722.722141, 324722.722141
Z3, 11, 10, 720, 29248.000000, 0.054647, 535216.937801, 541624.000000, 1.000000, 2, 32.370772, 325545.563047, 325545.563047
Z3, 12, 10, 720, 24216.000000, 0.070640, 342808.607022, 345936.000000, 1.000000, 2, 32.370772, 287063.896891, 287063.896891
Z3, 13, 10, 720, 54424.000000, 0.076134, 714844.878766, 716104.000000, 1.000000, 2, 32.370772, 361471.151240, 361471.151240
Z3, 14, 10, 720, 56832.000000, 0.240835, 235978.989765, 236800.000000, 1.000000, 2, 32.370772, 265697.973440, 265697.973440
Z3, 15, 10, 720, 29576.000000, 0.051917, 569678.525339, 579920.000000, 1.000000, 2, 32.370772, 332437.880555, 332437.880555
Z3, 16, 10, 720, 52328.000000, 0.068943, 759003.814746, 769528.000000, 1.000000, 2, 32.370772, 370302.938436, 370302.938436
Z3, 17, 10, 720, 52840.000000, 0.482089, 109606.317506, 109624.000000, 1.000000, 2, 32.370772, 240423.438988, 240423.438988
Z3, 18, 10, 720, 23160.000000, 0.069799, 331809.911317, 335648.000000, 1.000000, 2, 32.370772, 284864.157750, 284864.157750
Z3, 19, 10, 720, 77048.000000, 0.088463, 870963.001481, 875544.000000, 1.000000, 2, 32.370772, 392694.775783, 392694.775783
Z3, 20, 10, 720, 68968.000000, 0.083899, 822036.019500, 830936.000000, 1.000000, 2, 32.370772, 382909.379387, 382909.379387
Z3, 21, 10, 720, 52224.000000, 0.075366, 692938.460314, 696320.000000, 1.000000, 2, 32.370772, 357089.867550, 357089.867550
Z3, 22, 10, 720, 76384.000000, 0.093616, 815928.901043, 821328.000000, 1.000000, 2, 32.370772, 381687.955696, 381687.955696
Z3, 23, 10, 720, 57512.000000, 0.056534, 1017299.324300, 1027000.000000, 1.000000, 2, 32.370772, 421962.040347, 421962.040347
Z3, 24, 10, 720, 35600.000000, 0.071909, 495070.158117, 501408.000000, 1.000000, 2, 32.370772, 317516.207110, 317516.207110
Z3, 25, 10, 720, 72816.000000, 0.070187, 1037457.078946, 1040224.000000, 1.000000, 2, 32.370772, 425993.591276, 425993.591276
Z3, 26, 10, 720, 93600.000000, 0.099967, 936308.981964, 945448.000000, 1.000000, 2, 32.370772, 405763.971880, 405763.971880
Z3, 27, 10, 720, 43888.000000, 0.074442, 589559.657183, 593080.000000, 1.000000, 2, 32.370772, 336414.106924, 336414.106924
Z3, 28, 10, 720, 13072.000000, 0.031798, 411095.037424, 421672.000000, 1.000000, 2, 32.370772, 300721.182972, 300721.182972
Z3, 29, 10, 720, 20608.000000, 0.070937, 290511.298758, 294400.000000, 1.000000, 2, 32.370772, 276604.435239, 276604.435239
Z3, 30, 10, 720, 22584.000000, 0.071557, 315608.535853, 318080.000000, 1.000000, 2, 32.370772, 281623.882658, 281623.882658
Z3, 31, 10, 720, 14712.000000, 0.041988, 350385.824521, 358824.000000, 1.000000, 2, 32.370772, 288579.340391, 288579.340391
Z3, 32, 10, 720, 20512.000000, 0.075177, 272849.408729, 273488.000000, 1.000000, 2, 32.370772, 273072.057233, 273072.057233
Z3, 33, 10, 720, 17992.000000, 0.052736, 341171.116505, 346000.000000, 1.000000, 2, 32.370772, 286736.398788, 286736.398788
Z3, 34, 10, 720, 11464.000000, 0.035506, 322875.007041, 327536.000000, 1.000000, 2, 32.370772, 283077.176895, 283077.176895
Z3, 35, 10, 720, 22376.000000, 0.069498, 321966.099744, 324288.000000, 1.000000, 2, 32.370772, 282895.395436, 282895.395436
Z3, 36, 10, 720, 29088.000000, 0.058492, 497298.775901, 501512.000000, 1.000000, 2, 32.370772, 317961.930667, 317961.930667
Z3, 37, 10, 720, 17936.000000, 0.059958, 299142.733247, 304000.000000, 1.000000, 2, 32.370772, 278330.722136, 278330.722136
Z3, 38, 10, 720, 24920.000000, 0.046921, 531105.475160, 541736.000000, 1.000000, 2, 32.370772, 324723.270519, 324723.270519
