Zone, Tile_no, Seg_no, Reso, Seg_d_size, Seg_d_time, Bitrate, Bitrate1, Buf_lev, Buf_limit, Elapsed, Ref_vp, Local_avg,QoE,QoE1,Z1,Z2,Z3,delay,jitter,loss
Z1,0,1,720,9960.0,0.316525,31466.708791,31512.0,1.0,2,6.1e-05,31466.708791,31466.708791,1577659.9628872,3981812.6809913004,180363.05533690003,4838019.4138379,28879546.594878897,100,25,3
Z2,0,1,720,8952.0,0.310156,28862.894801,28872.0,1.0,2,6.1e-05,14431.447401,14431.447401,1577659.9628872,3981812.6809913004,180363.05533690003,4838019.4138379,28879546.594878897,100,25,3
Z2,1,1,720,5424.0,0.105544,51390.889108,51656.0,1.0,2,6.1e-05,17130.296369,17130.296369,1577659.9628872,3981812.6809913004,180363.05533690003,4838019.4138379,28879546.594878897,100,25,3
Z2,2,1,720,7080.0,0.091999,76957.358232,77800.0,1.0,2,6.1e-05,19239.339558,19239.339558,1577659.9628872,3981812.6809913004,180363.05533690003,4838019.4138379,28879546.594878897,100,25,3
Z2,3,1,720,18976.0,0.076542,247916.17674,249680.0,1.0,2,6.1e-05,49583.235348,49583.235348,1577659.9628872,3981812.6809913004,180363.05533690003,4838019.4138379,28879546.594878897,100,25,3
Z2,4,1,720,8720.0,0.079714,109391.073086,110376.0,1.0,2,6.1e-05,21878.214617,21878.214617,1577659.9628872,3981812.6809913004,180363.05533690003,4838019.4138379,28879546.594878897,100,25,3
Z2,5,1,720,8336.0,0.097672,85346.875256,85936.0,1.0,2,6.1e-05,17069.375051,17069.375051,1577659.9628872,3981812.6809913004,180363.05533690003,4838019.4138379,28879546.594878897,100,25,3
Z2,6,1,720,6376.0,0.118848,53648.357566,54032.0,1.0,2,6.1e-05,10729.671513,10729.671513,1577659.9628872,3981812.6809913004,180363.05533690003,4838019.4138379,28879546.594878897,100,25,3
Z2,7,1,720,6872.0,0.112469,61101.281242,61352.0,1.0,2,6.1e-05,12220.256248,12220.256248,1577659.9628872,3981812.6809913004,180363.05533690003,4838019.4138379,28879546.594878897,100,25,3
Z3,0,1,720,7080.0,0.363225,19492.050382,19504.0,1.0,2,6.1e-05,3898.410076,3898.410076,1577659.9628872,3981812.6809913004,180363.05533690003,4838019.4138379,28879546.594878897,100,25,3
Z3,1,1,720,7080.0,0.105922,66841.638187,67424.0,1.0,2,6.1e-05,13368.327637,13368.327637,1577659.9628872,3981812.6809913004,180363.05533690003,4838019.4138379,28879546.594878897,100,25,3
Z3,2,1,720,5664.0,0.098041,57771.748554,57792.0,1.0,2,6.1e-05,11554.349711,11554.349711,1577659.9628872,3981812.6809913004,180363.05533690003,4838019.4138379,28879546.594878897,100,25,3
Z3,3,1,720,7080.0,0.106289,66610.84402,66792.0,1.0,2,6.1e-05,13322.168804,13322.168804,1577659.9628872,3981812.6809913004,180363.05533690003,4838019.4138379,28879546.594878897,100,25,3
Z3,4,1,720,7080.0,0.08319,85106.382979,85296.0,1.0,2,6.1e-05,17021.276596,17021.276596,1577659.9628872,3981812.6809913004,180363.05533690003,4838019.4138379,28879546.594878897,100,25,3
Z3,5,1,720,5664.0,0.095024,59605.994275,59616.0,1.0,2,6.1e-05,11921.198855,11921.198855,1577659.9628872,3981812.6809913004,180363.05533690003,4838019.4138379,28879546.594878897,100,25,3
Z3,6,1,720,7080.0,0.084195,84090.504187,84280.0,1.0,2,6.1e-05,16818.100837,16818.100837,1577659.9628872,3981812.6809913004,180363.05533690003,4838019.4138379,28879546.594878897,100,25,3
Z3,7,1,720,7080.0,0.113763,62234.645711,62648.0,1.0,2,6.1e-05,12446.929142,12446.929142,1577659.9628872,3981812.6809913004,180363.05533690003,4838019.4138379,28879546.594878897,100,25,3
Z3,8,1,720,5664.0,0.102761,55118.186861,55528.0,1.0,2,6.1e-05,11023.637372,11023.637372,1577659.9628872,3981812.6809913004,180363.05533690003,4838019.4138379,28879546.594878897,100,25,3
Z3,9,1,720,7080.0,0.106909,66224.546109,66792.0,1.0,2,6.1e-05,13244.909222,13244.909222,1577659.9628872,3981812.6809913004,180363.05533690003,4838019.4138379,28879546.594878897,100,25,3
Z3,10,1,720,12904.0,0.097414,132465.559365,133024.0,1.0,2,6.1e-05,26493.111873,26493.111873,1577659.9628872,3981812.6809913004,180363.05533690003,4838019.4138379,28879546.594878897,100,25,3
Z3,11,1,720,17344.0,0.090131,192431.017075,192704.0,1.0,2,6.1e-05,38486.203415,38486.203415,1577659.9628872,3981812.6809913004,180363.05533690003,4838019.4138379,28879546.594878897,100,25,3
Z3,12,1,720,16912.0,0.078981,214127.448374,216816.0,1.0,2,6.1e-05,42825.489675,42825.489675,1577659.9628872,3981812.6809913004,180363.05533690003,4838019.4138379,28879546.594878897,100,25,3
Z3,13,1,720,13240.0,0.078983,167631.009205,169736.0,1.0,2,6.1e-05,33526.201841,33526.201841,1577659.9628872,3981812.6809913004,180363.05533690003,4838019.4138379,28879546.594878897,100,25,3
Z3,14,1,720,28328.0,0.537686,52685.024345,52752.0,1.0,2,6.1e-05,10537.004869,10537.004869,1577659.9628872,3981812.6809913004,180363.05533690003,4838019.4138379,28879546.594878897,100,25,3
Z3,15,1,720,30528.0,0.112796,270647.895315,272568.0,1.0,2,6.1e-05,54129.579063,54129.579063,1577659.9628872,3981812.6809913004,180363.05533690003,4838019.4138379,28879546.594878897,100,25,3
Z3,16,1,720,16360.0,0.114194,143264.970139,143504.0,1.0,2,6.1e-05,28652.994028,28652.994028,1577659.9628872,3981812.6809913004,180363.05533690003,4838019.4138379,28879546.594878897,100,25,3
Z3,17,1,720,33216.0,0.124452,266898.081188,267864.0,1.0,2,6.1e-05,53379.616238,53379.616238,1577659.9628872,3981812.6809913004,180363.05533690003,4838019.4138379,28879546.594878897,100,25,3
Z3,18,1,720,28000.0,0.112139,249690.11673,250000.0,1.0,2,6.1e-05,49938.023346,49938.023346,1577659.9628872,3981812.6809913004,180363.05533690003,4838019.4138379,28879546.594878897,100,25,3
Z3,19,1,720,15744.0,0.110654,142281.345455,143120.0,1.0,2,6.1e-05,28456.269091,28456.269091,1577659.9628872,3981812.6809913004,180363.05533690003,4838019.4138379,28879546.594878897,100,25,3
Z3,20,1,720,16024.0,0.098416,162819.053812,163504.0,1.0,2,6.1e-05,32563.810762,32563.810762,1577659.9628872,3981812.6809913004,180363.05533690003,4838019.4138379,28879546.594878897,100,25,3
Z3,21,1,720,11576.0,0.085298,135712.443434,136184.0,1.0,2,6.1e-05,27142.488687,27142.488687,1577659.9628872,3981812.6809913004,180363.05533690003,4838019.4138379,28879546.594878897,100,25,3
Z3,22,1,720,10816.0,0.087086,124199.067588,124320.0,1.0,2,6.1e-05,24839.813518,24839.813518,1577659.9628872,3981812.6809913004,180363.05533690003,4838019.4138379,28879546.594878897,100,25,3
Z3,23,1,720,13224.0,0.423301,31240.181337,31256.0,1.0,2,6.1e-05,6248.036267,6248.036267,1577659.9628872,3981812.6809913004,180363.05533690003,4838019.4138379,28879546.594878897,100,25,3
Z3,24,1,720,17528.0,0.088794,197400.725274,199176.0,1.0,2,6.1e-05,39480.145055,39480.145055,1577659.9628872,3981812.6809913004,180363.05533690003,4838019.4138379,28879546.594878897,100,25,3
Z3,25,1,720,23824.0,0.122426,194599.186447,195272.0,1.0,2,6.1e-05,38919.837289,38919.837289,1577659.9628872,3981812.6809913004,180363.05533690003,4838019.4138379,28879546.594878897,100,25,3
Z3,26,1,720,11024.0,0.088457,124625.524266,125272.0,1.0,2,6.1e-05,24925.104853,24925.104853,1577659.9628872,3981812.6809913004,180363.05533690003,4838019.4138379,28879546.594878897,100,25,3
Z3,27,1,720,15112.0,0.101534,148836.842831,149616.0,1.0,2,6.1e-05,29767.368566,29767.368566,1577659.9628872,3981812.6809913004,180363.05533690003,4838019.4138379,28879546.594878897,100,25,3
Z3,28,1,720,24552.0,0.087991,279028.537009,282200.0,1.0,2,6.1e-05,55805.707402,55805.707402,1577659.9628872,3981812.6809913004,180363.05533690003,4838019.4138379,28879546.594878897,100,25,3
Z3,29,1,720,10824.0,0.11196,96677.38478,97512.0,1.0,2,6.1e-05,19335.476956,19335.476956,1577659.9628872,3981812.6809913004,180363.05533690003,4838019.4138379,28879546.594878897,100,25,3
Z3,30,1,720,6872.0,0.119626,57445.705783,57744.0,1.0,2,6.1e-05,11489.141157,11489.141157,1577659.9628872,3981812.6809913004,180363.05533690003,4838019.4138379,28879546.594878897,100,25,3
Z3,31,1,720,6872.0,0.095808,71726.786907,72336.0,1.0,2,6.1e-05,14345.357381,14345.357381,1577659.9628872,3981812.6809913004,180363.05533690003,4838019.4138379,28879546.594878897,100,25,3
Z3,32,1,720,6376.0,0.105226,60593.389466,60720.0,1.0,2,6.1e-05,12118.677893,12118.677893,1577659.9628872,3981812.6809913004,180363.05533690003,4838019.4138379,28879546.594878897,100,25,3
Z3,33,1,720,6872.0,0.106037,64807.56717,64824.0,1.0,2,6.1e-05,12961.513434,12961.513434,1577659.9628872,3981812.6809913004,180363.05533690003,4838019.4138379,28879546.594878897,100,25,3
Z3,34,1,720,6872.0,0.109898,62530.710295,63040.0,1.0,2,6.1e-05,12506.142059,12506.142059,1577659.9628872,3981812.6809913004,180363.05533690003,4838019.4138379,28879546.594878897,100,25,3
Z3,35,1,720,6376.0,0.105994,60154.348359,60720.0,1.0,2,6.1e-05,12030.869672,12030.869672,1577659.9628872,3981812.6809913004,180363.05533690003,4838019.4138379,28879546.594878897,100,25,3
Z3,36,1,720,6872.0,0.097425,70536.309982,70840.0,1.0,2,6.1e-05,14107.261996,14107.261996,1577659.9628872,3981812.6809913004,180363.05533690003,4838019.4138379,28879546.594878897,100,25,3
Z3,37,1,720,6872.0,0.110757,62045.739773,62472.0,1.0,2,6.1e-05,12409.147955,12409.147955,1577659.9628872,3981812.6809913004,180363.05533690003,4838019.4138379,28879546.594878897,100,25,3
Z3,38,1,720,6376.0,0.113804,56026.150223,56424.0,1.0,2,6.1e-05,11205.230045,11205.230045,1577659.9628872,3981812.6809913004,180363.05533690003,4838019.4138379,28879546.594878897,100,25,3
Z1,0,2,720,7080.0,0.318234,22247.779936,22264.0,1.0,2,6.292762,15654.786032,15654.786032,1577659.9628872,3981812.6809913004,180363.05533690003,4838019.4138379,28879546.594878897,100,25,3
Z2,0,2,720,6624.0,0.322271,20554.129909,20568.0,1.0,2,6.292762,15316.056026,15316.056026,1577659.9628872,3981812.6809913004,180363.05533690003,4838019.4138379,28879546.594878897,100,25,3
Z2,1,2,720,5664.0,0.085194,66483.55518,66632.0,1.0,2,6.292762,24501.941081,24501.941081,1577659.9628872,3981812.6809913004,180363.05533690003,4838019.4138379,28879546.594878897,100,25,3
Z2,2,2,720,7080.0,0.088262,80215.721375,80448.0,1.0,2,6.292762,27248.37432,27248.37432,1577659.9628872,3981812.6809913004,180363.05533690003,4838019.4138379,28879546.594878897,100,25,3
Z2,3,2,720,12128.0,0.086357,140440.26541,141016.0,1.0,2,6.292762,39293.283127,39293.283127,1577659.9628872,3981812.6809913004,180363.05533690003,4838019.4138379,28879546.594878897,100,25,3
Z2,4,2,720,15344.0,0.098185,156276.416968,156568.0,1.0,2,6.292762,42460.513438,42460.513438,1577659.9628872,3981812.6809913004,180363.05533690003,4838019.4138379,28879546.594878897,100,25,3
Z2,5,2,720,9320.0,0.078551,118649.030566,119480.0,1.0,2,6.292762,34935.036158,34935.036158,1577659.9628872,3981812.6809913004,180363.05533690003,4838019.4138379,28879546.594878897,100,25,3
Z2,6,2,720,6376.0,0.089848,70964.295254,71640.0,1.0,2,6.292762,25398.089095,25398.089095,1577659.9628872,3981812.6809913004,180363.05533690003,4838019.4138379,28879546.594878897,100,25,3
Z2,7,2,720,6872.0,0.086454,79487.357439,79904.0,1.0,2,6.292762,27102.701532,27102.701532,1577659.9628872,3981812.6809913004,180363.05533690003,4838019.4138379,28879546.594878897,100,25,3
Z3,0,2,720,5424.0,0.307867,17617.997382,17664.0,1.0,2,6.292762,14728.829521,14728.829521,1577659.9628872,3981812.6809913004,180363.05533690003,4838019.4138379,28879546.594878897,100,25,3
Z3,1,2,720,7080.0,0.104905,67489.633478,68072.0,1.0,2,6.292762,24703.15674,24703.15674,1577659.9628872,3981812.6809913004,180363.05533690003,4838019.4138379,28879546.594878897,100,25,3
Z3,2,2,720,7080.0,0.399933,17702.965247,17744.0,1.0,2,6.292762,14745.823094,14745.823094,1577659.9628872,3981812.6809913004,180363.05533690003,4838019.4138379,28879546.594878897,100,25,3
Z3,3,2,720,5664.0,0.109112,51909.964074,51960.0,1.0,2,6.292762,21587.222859,21587.222859,1577659.9628872,3981812.6809913004,180363.05533690003,4838019.4138379,28879546.594878897,100,25,3
Z3,4,2,720,7080.0,0.079464,89096.949562,89616.0,1.0,2,6.292762,29024.619957,29024.619957,1577659.9628872,3981812.6809913004,180363.05533690003,4838019.4138379,28879546.594878897,100,25,3
Z3,5,2,720,7080.0,0.122838,57636.887608,58032.0,1.0,2,6.292762,22732.607566,22732.607566,1577659.9628872,3981812.6809913004,180363.05533690003,4838019.4138379,28879546.594878897,100,25,3
Z3,6,2,720,5664.0,0.120998,46810.691086,47200.0,1.0,2,6.292762,20567.368262,20567.368262,1577659.9628872,3981812.6809913004,180363.05533690003,4838019.4138379,28879546.594878897,100,25,3
Z3,7,2,720,7080.0,0.096011,73741.550447,73744.0,1.0,2,6.292762,25953.540134,25953.540134,1577659.9628872,3981812.6809913004,180363.05533690003,4838019.4138379,28879546.594878897,100,25,3
Z3,8,2,720,7080.0,0.093516,75708.969588,76128.0,1.0,2,6.292762,26347.023962,26347.023962,1577659.9628872,3981812.6809913004,180363.05533690003,4838019.4138379,28879546.594878897,100,25,3
Z3,9,2,720,12648.0,0.085729,147534.673214,148800.0,1.0,2,6.292762,40712.164688,40712.164688,1577659.9628872,3981812.6809913004,180363.05533690003,4838019.4138379,28879546.594878897,100,25,3
Z3,10,2,720,17112.0,0.104325,164025.880661,164536.0,1.0,2,6.292762,44010.406177,44010.406177,1577659.9628872,3981812.6809913004,180363.05533690003,4838019.4138379,28879546.594878897,100,25,3
Z3,11,2,720,15320.0,0.105517,145189.874617,145904.0,1.0,2,6.292762,40243.204968,40243.204968,1577659.9628872,3981812.6809913004,180363.05533690003,4838019.4138379,28879546.594878897,100,25,3
Z3,12,2,720,10704.0,0.09593,111581.361409,112672.0,1.0,2,6.292762,33521.502327,33521.502327,1577659.9628872,3981812.6809913004,180363.05533690003,4838019.4138379,28879546.594878897,100,25,3
Z3,13,2,720,18776.0,0.079955,234832.093052,237664.0,1.0,2,6.292762,58171.648655,58171.648655,1577659.9628872,3981812.6809913004,180363.05533690003,4838019.4138379,28879546.594878897,100,25,3
Z3,14,2,720,21848.0,0.527872,41388.821532,41456.0,1.0,2,6.292762,19482.994351,19482.994351,1577659.9628872,3981812.6809913004,180363.05533690003,4838019.4138379,28879546.594878897,100,25,3
Z3,15,2,720,12752.0,0.112652,113198.167809,113856.0,1.0,2,6.292762,33844.863606,33844.863606,1577659.9628872,3981812.6809913004,180363.05533690003,4838019.4138379,28879546.594878897,100,25,3
Z3,16,2,720,21856.0,0.121534,179834.449619,180624.0,1.0,2,6.292762,47172.119968,47172.119968,1577659.9628872,3981812.6809913004,180363.05533690003,4838019.4138379,28879546.594878897,100,25,3
Z3,17,2,720,16880.0,0.089889,187787.159719,189656.0,1.0,2,6.292762,48762.661988,48762.661988,1577659.9628872,3981812.6809913004,180363.05533690003,4838019.4138379,28879546.594878897,100,25,3
Z3,18,2,720,18392.0,0.092367,199118.732881,199912.0,1.0,2,6.292762,51028.976621,51028.976621,1577659.9628872,3981812.6809913004,180363.05533690003,4838019.4138379,28879546.594878897,100,25,3
Z3,19,2,720,9160.0,0.086221,106238.619362,106504.0,1.0,2,6.292762,32452.953917,32452.953917,1577659.9628872,3981812.6809913004,180363.05533690003,4838019.4138379,28879546.594878897,100,25,3
Z3,20,2,720,11592.0,0.095918,120853.2288,122016.0,1.0,2,6.292762,35375.875805,35375.875805,1577659.9628872,3981812.6809913004,180363.05533690003,4838019.4138379,28879546.594878897,100,25,3
Z3,21,2,720,9952.0,0.085558,116318.754529,117080.0,1.0,2,6.292762,34468.98095,34468.98095,1577659.9628872,3981812.6809913004,180363.05533690003,4838019.4138379,28879546.594878897,100,25,3
Z3,22,2,720,11064.0,0.120064,92150.852878,92200.0,1.0,2,6.292762,29635.40062,29635.40062,1577659.9628872,3981812.6809913004,180363.05533690003,4838019.4138379,28879546.594878897,100,25,3
Z3,23,2,720,14728.0,0.11358,129670.716675,130336.0,1.0,2,6.292762,37139.37338,37139.37338,1577659.9628872,3981812.6809913004,180363.05533690003,4838019.4138379,28879546.594878897,100,25,3
Z3,24,2,720,16264.0,0.424927,38274.809556,38352.0,1.0,2,6.292762,18860.191956,18860.191956,1577659.9628872,3981812.6809913004,180363.05533690003,4838019.4138379,28879546.594878897,100,25,3
Z3,25,2,720,9504.0,0.106768,89015.435336,89656.0,1.0,2,6.292762,29008.317112,29008.317112,1577659.9628872,3981812.6809913004,180363.05533690003,4838019.4138379,28879546.594878897,100,25,3
Z3,26,2,720,12688.0,0.112493,112789.240219,113280.0,1.0,2,6.292762,33763.078089,33763.078089,1577659.9628872,3981812.6809913004,180363.05533690003,4838019.4138379,28879546.594878897,100,25,3
Z3,27,2,720,17320.0,0.115675,149729.846553,150608.0,1.0,2,6.292762,41151.199355,41151.199355,1577659.9628872,3981812.6809913004,180363.05533690003,4838019.4138379,28879546.594878897,100,25,3
Z3,28,2,720,10632.0,0.099816,106515.989421,107392.0,1.0,2,6.292762,32508.427929,32508.427929,1577659.9628872,3981812.6809913004,180363.05533690003,4838019.4138379,28879546.594878897,100,25,3
Z3,29,2,720,8048.0,0.114869,70062.418929,70592.0,1.0,2,6.292762,25217.713831,25217.713831,1577659.9628872,3981812.6809913004,180363.05533690003,4838019.4138379,28879546.594878897,100,25,3
Z3,30,2,720,6376.0,0.124314,51289.476648,51416.0,1.0,2,6.292762,21463.125374,21463.125374,1577659.9628872,3981812.6809913004,180363.05533690003,4838019.4138379,28879546.594878897,100,25,3
Z3,31,2,720,6872.0,0.07619,90195.563722,90416.0,1.0,2,6.292762,29244.342789,29244.342789,1577659.9628872,3981812.6809913004,180363.05533690003,4838019.4138379,28879546.594878897,100,25,3
Z3,32,2,720,6872.0,0.107195,64107.467699,64224.0,1.0,2,6.292762,24026.723584,24026.723584,1577659.9628872,3981812.6809913004,180363.05533690003,4838019.4138379,28879546.594878897,100,25,3
Z3,33,2,720,6376.0,0.12282,51913.369158,52256.0,1.0,2,6.292762,21587.903876,21587.903876,1577659.9628872,3981812.6809913004,180363.05533690003,4838019.4138379,28879546.594878897,100,25,3
Z3,34,2,720,6872.0,0.089837,76494.094861,77208.0,1.0,2,6.292762,26504.049017,26504.049017,1577659.9628872,3981812.6809913004,180363.05533690003,4838019.4138379,28879546.594878897,100,25,3
Z3,35,2,720,6872.0,0.086257,79668.896437,79904.0,1.0,2,6.292762,27139.009332,27139.009332,1577659.9628872,3981812.6809913004,180363.05533690003,4838019.4138379,28879546.594878897,100,25,3
Z3,36,2,720,6376.0,0.081524,78210.09764,78712.0,1.0,2,6.292762,26847.249573,26847.249573,1577659.9628872,3981812.6809913004,180363.05533690003,4838019.4138379,28879546.594878897,100,25,3
Z3,37,2,720,6872.0,0.097711,70329.850273,70840.0,1.0,2,6.292762,25271.200099,25271.200099,1577659.9628872,3981812.6809913004,180363.05533690003,4838019.4138379,28879546.594878897,100,25,3
Z3,38,2,720,6872.0,0.077909,88205.470485,89240.0,1.0,2,6.292762,28846.324142,28846.324142,1577659.9628872,3981812.6809913004,180363.05533690003,4838019.4138379,28879546.594878897,100,25,3
Z1,0,3,720,12544.0,0.324284,38682.142813,38712.0,1.0,2,12.742905,36582.752704,36582.752704,1577659.9628872,3981812.6809913004,180363.05533690003,4838019.4138379,28879546.594878897,100,25,3
Z2,0,3,720,7080.0,0.335116,21127.012736,21128.0,1.0,2,12.742905,33071.726689,33071.726689,1577659.9628872,3981812.6809913004,180363.05533690003,4838019.4138379,28879546.594878897,100,25,3
Z2,1,3,720,5664.0,0.109232,51852.936868,51960.0,1.0,2,12.742905,39216.911515,39216.911515,1577659.9628872,3981812.6809913004,180363.05533690003,4838019.4138379,28879546.594878897,100,25,3
Z2,2,3,720,7080.0,0.084669,83619.742763,84280.0,1.0,2,12.742905,45570.272694,45570.272694,1577659.9628872,3981812.6809913004,180363.05533690003,4838019.4138379,28879546.594878897,100,25,3
Z2,3,3,720,18112.0,0.113466,159624.909665,160280.0,1.0,2,12.742905,60771.306075,60771.306075,1577659.9628872,3981812.6809913004,180363.05533690003,4838019.4138379,28879546.594878897,100,25,3
Z2,4,3,720,15304.0,0.099474,153849.247039,154584.0,1.0,2,12.742905,59616.173549,59616.173549,1577659.9628872,3981812.6809913004,180363.05533690003,4838019.4138379,28879546.594878897,100,25,3
Z2,5,3,720,17664.0,0.09937,177759.88729,178424.0,1.0,2,12.742905,64398.3016,64398.3016,1577659.9628872,3981812.6809913004,180363.05533690003,4838019.4138379,28879546.594878897,100,25,3
Z2,6,3,720,10240.0,0.122134,83842.337105,83928.0,1.0,2,12.742905,45614.791563,45614.791563,1577659.9628872,3981812.6809913004,180363.05533690003,4838019.4138379,28879546.594878897,100,25,3
Z2,7,3,720,8424.0,0.124507,67658.846491,67928.0,1.0,2,12.742905,42378.09344,42378.09344,1577659.9628872,3981812.6809913004,180363.05533690003,4838019.4138379,28879546.594878897,100,25,3
Z3,0,3,720,6624.0,0.331301,19993.902826,20008.0,1.0,2,12.742905,32845.104707,32845.104707,1577659.9628872,3981812.6809913004,180363.05533690003,4838019.4138379,28879546.594878897,100,25,3
Z3,1,3,720,5424.0,0.094175,57594.903106,57696.0,1.0,2,12.742905,40365.304763,40365.304763,1577659.9628872,3981812.6809913004,180363.05533690003,4838019.4138379,28879546.594878897,100,25,3
Z3,2,3,720,7080.0,0.098923,71570.817707,72240.0,1.0,2,12.742905,43160.487683,43160.487683,1577659.9628872,3981812.6809913004,180363.05533690003,4838019.4138379,28879546.594878897,100,25,3
Z3,3,3,720,7080.0,0.12086,58580.17541,59000.0,1.0,2,12.742905,40562.359224,40562.359224,1577659.9628872,3981812.6809913004,180363.05533690003,4838019.4138379,28879546.594878897,100,25,3
Z3,4,3,720,5664.0,0.082062,69020.984134,69072.0,1.0,2,12.742905,42650.520968,42650.520968,1577659.9628872,3981812.6809913004,180363.05533690003,4838019.4138379,28879546.594878897,100,25,3
Z3,5,3,720,7080.0,0.102593,69010.556276,69408.0,1.0,2,12.742905,42648.435397,42648.435397,1577659.9628872,3981812.6809913004,180363.05533690003,4838019.4138379,28879546.594878897,100,25,3
Z3,6,3,720,7080.0,0.083879,84407.300993,85296.0,1.0,2,12.742905,45727.78434,45727.78434,1577659.9628872,3981812.6809913004,180363.05533690003,4838019.4138379,28879546.594878897,100,25,3
Z3,7,3,720,5664.0,0.093997,60257.242252,60896.0,1.0,2,12.742905,40897.772592,40897.772592,1577659.9628872,3981812.6809913004,180363.05533690003,4838019.4138379,28879546.594878897,100,25,3
Z3,8,3,720,7080.0,0.091562,77324.654333,77800.0,1.0,2,12.742905,44311.255008,44311.255008,1577659.9628872,3981812.6809913004,180363.05533690003,4838019.4138379,28879546.594878897,100,25,3
Z3,9,3,720,7080.0,0.087019,81361.541732,81376.0,1.0,2,12.742905,45118.632488,45118.632488,1577659.9628872,3981812.6809913004,180363.05533690003,4838019.4138379,28879546.594878897,100,25,3
Z3,10,3,720,14120.0,0.093147,151588.349598,151824.0,1.0,2,12.742905,59163.994061,59163.994061,1577659.9628872,3981812.6809913004,180363.05533690003,4838019.4138379,28879546.594878897,100,25,3
Z3,11,3,720,17536.0,0.109723,159820.639246,160880.0,1.0,2,12.742905,60810.451991,60810.451991,1577659.9628872,3981812.6809913004,180363.05533690003,4838019.4138379,28879546.594878897,100,25,3
Z3,12,3,720,16008.0,0.091794,174390.483038,175912.0,1.0,2,12.742905,63724.420749,63724.420749,1577659.9628872,3981812.6809913004,180363.05533690003,4838019.4138379,28879546.594878897,100,25,3
Z3,13,3,720,10896.0,0.089941,121146.084655,122424.0,1.0,2,12.742905,53075.541073,53075.541073,1577659.9628872,3981812.6809913004,180363.05533690003,4838019.4138379,28879546.594878897,100,25,3
Z3,14,3,720,19720.0,0.097392,202480.696566,203296.0,1.0,2,12.742905,69342.463455,69342.463455,1577659.9628872,3981812.6809913004,180363.05533690003,4838019.4138379,28879546.594878897,100,25,3
Z3,15,3,720,20104.0,0.403776,49789.982565,49880.0,1.0,2,12.742905,38804.320655,38804.320655,1577659.9628872,3981812.6809913004,180363.05533690003,4838019.4138379,28879546.594878897,100,25,3
Z3,16,3,720,12504.0,0.119581,104565.106497,105072.0,1.0,2,12.742905,49759.345441,49759.345441,1577659.9628872,3981812.6809913004,180363.05533690003,4838019.4138379,28879546.594878897,100,25,3
Z3,17,3,720,23072.0,0.120777,191029.749042,192264.0,1.0,2,12.742905,67052.27395,67052.27395,1577659.9628872,3981812.6809913004,180363.05533690003,4838019.4138379,28879546.594878897,100,25,3
Z3,18,3,720,18632.0,0.120148,155075.406998,155264.0,1.0,2,12.742905,59861.405541,59861.405541,1577659.9628872,3981812.6809913004,180363.05533690003,4838019.4138379,28879546.594878897,100,25,3
Z3,19,3,720,9664.0,0.117688,82115.423833,82592.0,1.0,2,12.742905,45269.408908,45269.408908,1577659.9628872,3981812.6809913004,180363.05533690003,4838019.4138379,28879546.594878897,100,25,3
Z3,20,3,720,12280.0,0.11798,104085.43821,104952.0,1.0,2,12.742905,49663.411784,49663.411784,1577659.9628872,3981812.6809913004,180363.05533690003,4838019.4138379,28879546.594878897,100,25,3
Z3,21,3,720,10368.0,0.11636,89102.784462,89376.0,1.0,2,12.742905,46666.881034,46666.881034,1577659.9628872,3981812.6809913004,180363.05533690003,4838019.4138379,28879546.594878897,100,25,3
Z3,22,3,720,10520.0,0.103765,101382.932588,102128.0,1.0,2,12.742905,49122.910659,49122.910659,1577659.9628872,3981812.6809913004,180363.05533690003,4838019.4138379,28879546.594878897,100,25,3
Z3,23,3,720,15288.0,0.11805,129504.447268,129552.0,1.0,2,12.742905,54747.213595,54747.213595,1577659.9628872,3981812.6809913004,180363.05533690003,4838019.4138379,28879546.594878897,100,25,3
Z3,24,3,720,16344.0,0.081217,201238.656931,201776.0,1.0,2,12.742905,69094.055528,69094.055528,1577659.9628872,3981812.6809913004,180363.05533690003,4838019.4138379,28879546.594878897,100,25,3
Z3,25,3,720,9016.0,0.110558,81549.955679,81960.0,1.0,2,12.742905,45156.315277,45156.315277,1577659.9628872,3981812.6809913004,180363.05533690003,4838019.4138379,28879546.594878897,100,25,3
Z3,26,3,720,13800.0,0.099647,138488.865696,139392.0,1.0,2,12.742905,56544.097281,56544.097281,1577659.9628872,3981812.6809913004,180363.05533690003,4838019.4138379,28879546.594878897,100,25,3
Z3,27,3,720,9896.0,0.122894,80524.679805,81112.0,1.0,2,12.742905,44951.260103,44951.260103,1577659.9628872,3981812.6809913004,180363.05533690003,4838019.4138379,28879546.594878897,100,25,3
Z3,28,3,720,6376.0,0.110201,57857.914175,57960.0,1.0,2,12.742905,40417.906977,40417.906977,1577659.9628872,3981812.6809913004,180363.05533690003,4838019.4138379,28879546.594878897,100,25,3
Z3,29,3,720,6872.0,0.112699,60976.583643,61352.0,1.0,2,12.742905,41041.64087,41041.64087,1577659.9628872,3981812.6809913004,180363.05533690003,4838019.4138379,28879546.594878897,100,25,3
Z3,30,3,720,6872.0,0.119935,57297.702922,57744.0,1.0,2,12.742905,40305.864726,40305.864726,1577659.9628872,3981812.6809913004,180363.05533690003,4838019.4138379,28879546.594878897,100,25,3
Z3,31,3,720,6376.0,0.077669,82091.954319,82800.0,1.0,2,12.742905,45264.715005,45264.715005,1577659.9628872,3981812.6809913004,180363.05533690003,4838019.4138379,28879546.594878897,100,25,3
Z3,32,3,720,6872.0,0.104224,65934.909426,66072.0,1.0,2,12.742905,42033.306027,42033.306027,1577659.9628872,3981812.6809913004,180363.05533690003,4838019.4138379,28879546.594878897,100,25,3
Z3,33,3,720,6872.0,0.099661,68953.753223,69408.0,1.0,2,12.742905,42637.074786,42637.074786,1577659.9628872,3981812.6809913004,180363.05533690003,4838019.4138379,28879546.594878897,100,25,3
Z3,34,3,720,6376.0,0.125211,50922.04359,51008.0,1.0,2,12.742905,39030.73286,39030.73286,1577659.9628872,3981812.6809913004,180363.05533690003,4838019.4138379,28879546.594878897,100,25,3
Z3,35,3,720,6872.0,0.104599,65698.524842,66072.0,1.0,2,12.742905,41986.02911,41986.02911,1577659.9628872,3981812.6809913004,180363.05533690003,4838019.4138379,28879546.594878897,100,25,3
Z3,36,3,720,6872.0,0.124255,55305.621504,55416.0,1.0,2,12.742905,39907.448442,39907.448442,1577659.9628872,3981812.6809913004,180363.05533690003,4838019.4138379,28879546.594878897,100,25,3
Z3,37,3,720,6376.0,0.116886,54548.876683,54960.0,1.0,2,12.742905,39756.099478,39756.099478,1577659.9628872,3981812.6809913004,180363.05533690003,4838019.4138379,28879546.594878897,100,25,3
Z3,38,3,720,6872.0,0.125487,54762.644736,54976.0,1.0,2,12.742905,39798.853089,39798.853089,1577659.9628872,3981812.6809913004,180363.05533690003,4838019.4138379,28879546.594878897,100,25,3
Z1,0,4,720,6648.0,0.351348,18921.41125,18936.0,1.0,2,18.803856,43583.135339,43583.135339,1577659.9628872,3981812.6809913004,180363.05533690003,4838019.4138379,28879546.594878897,100,25,3
Z2,0,4,720,7296.0,0.324141,22508.723056,22512.0,1.0,2,18.803856,44300.5977,44300.5977,1577659.9628872,3981812.6809913004,180363.05533690003,4838019.4138379,28879546.594878897,100,25,3
Z2,1,4,720,7200.0,0.087444,82338.410869,82752.0,1.0,2,18.803856,56266.535263,56266.535263,1577659.9628872,3981812.6809913004,180363.05533690003,4838019.4138379,28879546.594878897,100,25,3
Z2,2,4,720,26248.0,0.100134,262128.747478,262480.0,1.0,2,18.803856,92224.602584,92224.602584,1577659.9628872,3981812.6809913004,180363.05533690003,4838019.4138379,28879546.594878897,100,25,3
Z2,3,4,720,17272.0,0.104229,165712.037917,166072.0,1.0,2,18.803856,72941.260672,72941.260672,1577659.9628872,3981812.6809913004,180363.05533690003,4838019.4138379,28879546.594878897,100,25,3
Z2,4,4,720,22592.0,0.104095,217032.518373,217224.0,1.0,2,18.803856,83205.356763,83205.356763,1577659.9628872,3981812.6809913004,180363.05533690003,4838019.4138379,28879546.594878897,100,25,3
Z2,5,4,720,8544.0,0.097035,88050.703354,88080.0,1.0,2,18.803856,57408.99376,57408.99376,1577659.9628872,3981812.6809913004,180363.05533690003,4838019.4138379,28879546.594878897,100,25,3
Z2,6,4,720,6424.0,0.098834,64997.875225,65544.0,1.0,2,18.803856,52798.428134,52798.428134,1577659.9628872,3981812.6809913004,180363.05533690003,4838019.4138379,28879546.594878897,100,25,3
Z2,7,4,720,6872.0,0.091685,74952.282271,75512.0,1.0,2,18.803856,54789.309543,54789.309543,1577659.9628872,3981812.6809913004,180363.05533690003,4838019.4138379,28879546.594878897,100,25,3
Z3,0,4,720,6624.0,0.745381,8886.73041,8888.0,1.0,2,18.803856,41576.199171,41576.199171,1577659.9628872,3981812.6809913004,180363.05533690003,4838019.4138379,28879546.594878897,100,25,3
Z3,1,4,720,6448.0,0.077086,83646.836001,83736.0,1.0,2,18.803856,56528.220289,56528.220289,1577659.9628872,3981812.6809913004,180363.05533690003,4838019.4138379,28879546.594878897,100,25,3
Z3,2,4,720,7448.0,0.077451,96164.026288,96720.0,1.0,2,18.803856,59031.658346,59031.658346,1577659.9628872,3981812.6809913004,180363.05533690003,4838019.4138379,28879546.594878897,100,25,3
Z3,3,4,720,7424.0,0.081693,90876.819311,91648.0,1.0,2,18.803856,57974.216951,57974.216951,1577659.9628872,3981812.6809913004,180363.05533690003,4838019.4138379,28879546.594878897,100,25,3
Z3,4,4,720,6648.0,0.392432,16940.514535,16952.0,1.0,2,18.803856,43186.955996,43186.955996,1577659.9628872,3981812.6809913004,180363.05533690003,4838019.4138379,28879546.594878897,100,25,3
Z3,5,4,720,7224.0,0.102269,70637.241002,70816.0,1.0,2,18.803856,53926.301289,53926.301289,1577659.9628872,3981812.6809913004,180363.05533690003,4838019.4138379,28879546.594878897,100,25,3
Z3,6,4,720,7240.0,0.097587,74190.209762,74632.0,1.0,2,18.803856,54636.895041,54636.895041,1577659.9628872,3981812.6809913004,180363.05533690003,4838019.4138379,28879546.594878897,100,25,3
Z3,7,4,720,6648.0,0.122518,54261.414649,54488.0,1.0,2,18.803856,50651.136019,50651.136019,1577659.9628872,3981812.6809913004,180363.05533690003,4838019.4138379,28879546.594878897,100,25,3
Z3,8,4,720,7232.0,0.11966,60437.907404,60768.0,1.0,2,18.803856,51886.43457,51886.43457,1577659.9628872,3981812.6809913004,180363.05533690003,4838019.4138379,28879546.594878897,100,25,3
Z3,9,4,720,7296.0,0.432671,16862.697061,16888.0,1.0,2,18.803856,43171.392501,43171.392501,1577659.9628872,3981812.6809913004,180363.05533690003,4838019.4138379,28879546.594878897,100,25,3
Z3,10,4,720,16456.0,0.079644,206619.456582,208296.0,1.0,2,18.803856,81122.744405,81122.744405,1577659.9628872,3981812.6809913004,180363.05533690003,4838019.4138379,28879546.594878897,100,25,3
Z3,11,4,720,25392.0,0.212086,119725.01721,119768.0,1.0,2,18.803856,63743.856531,63743.856531,1577659.9628872,3981812.6809913004,180363.05533690003,4838019.4138379,28879546.594878897,100,25,3
Z3,12,4,720,21592.0,0.106503,202736.073162,203696.0,1.0,2,18.803856,80346.067721,80346.067721,1577659.9628872,3981812.6809913004,180363.05533690003,4838019.4138379,28879546.594878897,100,25,3
Z3,13,4,720,13528.0,0.081774,165431.555262,167008.0,1.0,2,18.803856,72885.164141,72885.164141,1577659.9628872,3981812.6809913004,180363.05533690003,4838019.4138379,28879546.594878897,100,25,3
Z3,14,4,720,29512.0,0.112691,261884.267599,263496.0,1.0,2,18.803856,92175.706609,92175.706609,1577659.9628872,3981812.6809913004,180363.05533690003,4838019.4138379,28879546.594878897,100,25,3
Z3,15,4,720,29688.0,0.124145,239139.715655,239416.0,1.0,2,18.803856,87626.79622,87626.79622,1577659.9628872,3981812.6809913004,180363.05533690003,4838019.4138379,28879546.594878897,100,25,3
Z3,16,4,720,16760.0,0.110829,151223.957628,152360.0,1.0,2,18.803856,70043.644615,70043.644615,1577659.9628872,3981812.6809913004,180363.05533690003,4838019.4138379,28879546.594878897,100,25,3
Z3,17,4,720,33128.0,0.195775,169214.659686,169880.0,1.0,2,18.803856,73641.785026,73641.785026,1577659.9628872,3981812.6809913004,180363.05533690003,4838019.4138379,28879546.594878897,100,25,3
Z3,18,4,720,26240.0,0.116828,224603.690896,226200.0,1.0,2,18.803856,84719.591268,84719.591268,1577659.9628872,3981812.6809913004,180363.05533690003,4838019.4138379,28879546.594878897,100,25,3
Z3,19,4,720,14624.0,0.112988,129429.673948,130568.0,1.0,2,18.803856,65684.787878,65684.787878,1577659.9628872,3981812.6809913004,180363.05533690003,4838019.4138379,28879546.594878897,100,25,3
Z3,20,4,720,26816.0,0.123218,217630.540992,218016.0,1.0,2,18.803856,83324.961287,83324.961287,1577659.9628872,3981812.6809913004,180363.05533690003,4838019.4138379,28879546.594878897,100,25,3
Z3,21,4,720,23128.0,0.32747,70626.316915,70720.0,1.0,2,18.803856,53924.116472,53924.116472,1577659.9628872,3981812.6809913004,180363.05533690003,4838019.4138379,28879546.594878897,100,25,3
Z3,22,4,720,19440.0,0.117741,165108.161133,166152.0,1.0,2,18.803856,72820.485315,72820.485315,1577659.9628872,3981812.6809913004,180363.05533690003,4838019.4138379,28879546.594878897,100,25,3
Z3,23,4,720,29088.0,0.105453,275838.52522,277024.0,1.0,2,18.803856,94966.558133,94966.558133,1577659.9628872,3981812.6809913004,180363.05533690003,4838019.4138379,28879546.594878897,100,25,3
Z3,24,4,720,29840.0,0.107888,276583.123239,278872.0,1.0,2,18.803856,95115.477737,95115.477737,1577659.9628872,3981812.6809913004,180363.05533690003,4838019.4138379,28879546.594878897,100,25,3
Z3,25,4,720,17200.0,0.094184,182621.252017,182976.0,1.0,2,18.803856,76323.103492,76323.103492,1577659.9628872,3981812.6809913004,180363.05533690003,4838019.4138379,28879546.594878897,100,25,3
Z3,26,4,720,25664.0,0.242275,105929.212672,106048.0,1.0,2,18.803856,60984.695623,60984.695623,1577659.9628872,3981812.6809913004,180363.05533690003,4838019.4138379,28879546.594878897,100,25,3
Z3,27,4,720,26808.0,0.175137,153068.740472,153184.0,1.0,2,18.803856,70412.601183,70412.601183,1577659.9628872,3981812.6809913004,180363.05533690003,4838019.4138379,28879546.594878897,100,25,3
Z3,28,4,720,12720.0,0.1099,115741.583258,116696.0,1.0,2,18.803856,62947.16974,62947.16974,1577659.9628872,3981812.6809913004,180363.05533690003,4838019.4138379,28879546.594878897,100,25,3
Z3,29,4,720,11496.0,0.121187,94861.660079,95008.0,1.0,2,18.803856,58771.185105,58771.185105,1577659.9628872,3981812.6809913004,180363.05533690003,4838019.4138379,28879546.594878897,100,25,3
Z3,30,4,720,17472.0,0.115096,151803.711684,151928.0,1.0,2,18.803856,70159.595426,70159.595426,1577659.9628872,3981812.6809913004,180363.05533690003,4838019.4138379,28879546.594878897,100,25,3
Z3,31,4,720,6448.0,0.103573,62255.607156,62600.0,1.0,2,18.803856,52249.97452,52249.97452,1577659.9628872,3981812.6809913004,180363.05533690003,4838019.4138379,28879546.594878897,100,25,3
Z3,32,4,720,7200.0,0.090089,79920.967044,80000.0,1.0,2,18.803856,55783.046498,55783.046498,1577659.9628872,3981812.6809913004,180363.05533690003,4838019.4138379,28879546.594878897,100,25,3
Z3,33,4,720,7520.0,0.105512,71271.514141,71616.0,1.0,2,18.803856,54053.155917,54053.155917,1577659.9628872,3981812.6809913004,180363.05533690003,4838019.4138379,28879546.594878897,100,25,3
Z3,34,4,720,6728.0,0.080217,83872.495855,84096.0,1.0,2,18.803856,56573.35226,56573.35226,1577659.9628872,3981812.6809913004,180363.05533690003,4838019.4138379,28879546.594878897,100,25,3
Z3,35,4,720,7224.0,0.112068,64460.863047,64496.0,1.0,2,18.803856,52691.025698,52691.025698,1577659.9628872,3981812.6809913004,180363.05533690003,4838019.4138379,28879546.594878897,100,25,3
Z3,36,4,720,7256.0,0.115081,63051.242169,63088.0,1.0,2,18.803856,52409.101523,52409.101523,1577659.9628872,3981812.6809913004,180363.05533690003,4838019.4138379,28879546.594878897,100,25,3
Z3,37,4,720,6544.0,0.095932,68214.985615,68880.0,1.0,2,18.803856,53441.850212,53441.850212,1577659.9628872,3981812.6809913004,180363.05533690003,4838019.4138379,28879546.594878897,100,25,3
Z3,38,4,720,12272.0,0.103106,119023.141233,119144.0,1.0,2,18.803856,63603.481335,63603.481335,1577659.9628872,3981812.6809913004,180363.05533690003,4838019.4138379,28879546.594878897,100,25,3
Z1,0,5,720,8792.0,0.335044,26241.329497,26240.0,1.0,2,26.117666,68851.747235,68851.747235,1577659.9628872,3981812.6809913004,180363.05533690003,4838019.4138379,28879546.594878897,100,25,3
Z2,0,5,720,6624.0,0.465518,14229.310145,14240.0,1.0,2,26.117666,66449.343364,66449.343364,1577659.9628872,3981812.6809913004,180363.05533690003,4838019.4138379,28879546.594878897,100,25,3
Z2,1,5,720,7616.0,0.089969,84651.37992,85568.0,1.0,2,26.117666,80533.757319,80533.757319,1577659.9628872,3981812.6809913004,180363.05533690003,4838019.4138379,28879546.594878897,100,25,3
Z2,2,5,720,8816.0,0.104082,84702.446148,84768.0,1.0,2,26.117666,80543.970565,80543.970565,1577659.9628872,3981812.6809913004,180363.05533690003,4838019.4138379,28879546.594878897,100,25,3
Z2,3,5,720,14976.0,0.124599,120193.581008,120768.0,1.0,2,26.117666,87642.197537,87642.197537,1577659.9628872,3981812.6809913004,180363.05533690003,4838019.4138379,28879546.594878897,100,25,3
Z2,4,5,720,20272.0,0.122802,165078.744646,166160.0,1.0,2,26.117666,96619.230265,96619.230265,1577659.9628872,3981812.6809913004,180363.05533690003,4838019.4138379,28879546.594878897,100,25,3
Z2,5,5,720,21272.0,0.11556,184077.535479,184968.0,1.0,2,26.117666,100418.988431,100418.988431,1577659.9628872,3981812.6809913004,180363.05533690003,4838019.4138379,28879546.594878897,100,25,3
Z2,6,5,720,9680.0,0.101069,95776.152925,95840.0,1.0,2,26.117666,82758.711921,82758.711921,1577659.9628872,3981812.6809913004,180363.05533690003,4838019.4138379,28879546.594878897,100,25,3
Z2,7,5,720,12888.0,0.089498,144003.217949,144808.0,1.0,2,26.117666,92404.124925,92404.124925,1577659.9628872,3981812.6809913004,180363.05533690003,4838019.4138379,28879546.594878897,100,25,3
Z3,0,5,720,7712.0,0.329082,23434.888569,23440.0,1.0,2,26.117666,68290.459049,68290.459049,1577659.9628872,3981812.6809913004,180363.05533690003,4838019.4138379,28879546.594878897,100,25,3
Z3,1,5,720,9624.0,0.620055,15521.203764,15520.0,1.0,2,26.117666,66707.722088,66707.722088,1577659.9628872,3981812.6809913004,180363.05533690003,4838019.4138379,28879546.594878897,100,25,3
Z3,2,5,720,9096.0,0.116974,77760.869937,78408.0,1.0,2,26.117666,79155.655323,79155.655323,1577659.9628872,3981812.6809913004,180363.05533690003,4838019.4138379,28879546.594878897,100,25,3
Z3,3,5,720,7632.0,0.089875,84917.941586,85752.0,1.0,2,26.117666,80587.069653,80587.069653,1577659.9628872,3981812.6809913004,180363.05533690003,4838019.4138379,28879546.594878897,100,25,3
Z3,4,5,720,8304.0,0.081469,101928.340841,102512.0,1.0,2,26.117666,83989.149504,83989.149504,1577659.9628872,3981812.6809913004,180363.05533690003,4838019.4138379,28879546.594878897,100,25,3
Z3,5,5,720,8504.0,0.100766,84393.545442,85040.0,1.0,2,26.117666,80482.190424,80482.190424,1577659.9628872,3981812.6809913004,180363.05533690003,4838019.4138379,28879546.594878897,100,25,3
Z3,6,5,720,7384.0,0.09692,76186.545605,76912.0,1.0,2,26.117666,78840.790456,78840.790456,1577659.9628872,3981812.6809913004,180363.05533690003,4838019.4138379,28879546.594878897,100,25,3
Z3,7,5,720,8968.0,0.079916,112217.82872,113512.0,1.0,2,26.117666,86047.04708,86047.04708,1577659.9628872,3981812.6809913004,180363.05533690003,4838019.4138379,28879546.594878897,100,25,3
Z3,8,5,720,8912.0,0.11055,80615.106287,81016.0,1.0,2,26.117666,79726.502593,79726.502593,1577659.9628872,3981812.6809913004,180363.05533690003,4838019.4138379,28879546.594878897,100,25,3
Z3,9,5,720,16688.0,0.110617,150862.88726,151704.0,1.0,2,26.117666,93776.058787,93776.058787,1577659.9628872,3981812.6809913004,180363.05533690003,4838019.4138379,28879546.594878897,100,25,3
Z3,10,5,720,23832.0,0.091175,261387.441733,261888.0,1.0,2,26.117666,115880.969682,115880.969682,1577659.9628872,3981812.6809913004,180363.05533690003,4838019.4138379,28879546.594878897,100,25,3
Z3,11,5,720,21144.0,0.085942,246026.389891,248752.0,1.0,2,26.117666,112808.759314,112808.759314,1577659.9628872,3981812.6809913004,180363.05533690003,4838019.4138379,28879546.594878897,100,25,3
Z3,12,5,720,14272.0,0.090528,157652.880877,158576.0,1.0,2,26.117666,95134.057511,95134.057511,1577659.9628872,3981812.6809913004,180363.05533690003,4838019.4138379,28879546.594878897,100,25,3
Z3,13,5,720,27640.0,0.111162,248646.120077,249008.0,1.0,2,26.117666,113332.705351,113332.705351,1577659.9628872,3981812.6809913004,180363.05533690003,4838019.4138379,28879546.594878897,100,25,3
Z3,14,5,720,33288.0,0.12411,268213.681412,268448.0,1.0,2,26.117666,117246.217618,117246.217618,1577659.9628872,3981812.6809913004,180363.05533690003,4838019.4138379,28879546.594878897,100,25,3
Z3,15,5,720,17576.0,0.125131,140460.797085,140608.0,1.0,2,26.117666,91695.640752,91695.640752,1577659.9628872,3981812.6809913004,180363.05533690003,4838019.4138379,28879546.594878897,100,25,3
Z3,16,5,720,34872.0,0.108172,322375.476094,322888.0,1.0,2,26.117666,128078.576554,128078.576554,1577659.9628872,3981812.6809913004,180363.05533690003,4838019.4138379,28879546.594878897,100,25,3
Z3,17,5,720,27336.0,0.094047,290663.179049,290808.0,1.0,2,26.117666,121736.117145,121736.117145,1577659.9628872,3981812.6809913004,180363.05533690003,4838019.4138379,28879546.594878897,100,25,3
Z3,18,5,720,25312.0,0.343202,73752.48396,73792.0,1.0,2,26.117666,78353.978127,78353.978127,1577659.9628872,3981812.6809913004,180363.05533690003,4838019.4138379,28879546.594878897,100,25,3
Z3,19,5,720,18312.0,0.08543,214350.930586,215432.0,1.0,2,26.117666,106473.667453,106473.667453,1577659.9628872,3981812.6809913004,180363.05533690003,4838019.4138379,28879546.594878897,100,25,3
Z3,20,5,720,41432.0,0.093362,443777.982477,445504.0,1.0,2,26.117666,152359.077831,152359.077831,1577659.9628872,3981812.6809913004,180363.05533690003,4838019.4138379,28879546.594878897,100,25,3
Z3,21,5,720,36760.0,0.12134,302950.387341,303800.0,1.0,2,26.117666,124193.558804,124193.558804,1577659.9628872,3981812.6809913004,180363.05533690003,4838019.4138379,28879546.594878897,100,25,3
Z3,22,5,720,21272.0,0.104203,204139.995969,204536.0,1.0,2,26.117666,104431.480529,104431.480529,1577659.9628872,3981812.6809913004,180363.05533690003,4838019.4138379,28879546.594878897,100,25,3
Z3,23,5,720,43464.0,0.111915,388366.170755,391560.0,1.0,2,26.117666,141276.715486,141276.715486,1577659.9628872,3981812.6809913004,180363.05533690003,4838019.4138379,28879546.594878897,100,25,3
Z3,24,5,720,42000.0,0.11684,359465.936323,362064.0,1.0,2,26.117666,135496.6686,135496.6686,1577659.9628872,3981812.6809913004,180363.05533690003,4838019.4138379,28879546.594878897,100,25,3
Z3,25,5,720,20304.0,0.11656,174193.548387,175032.0,1.0,2,26.117666,98442.191013,98442.191013,1577659.9628872,3981812.6809913004,180363.05533690003,4838019.4138379,28879546.594878897,100,25,3
Z3,26,5,720,32736.0,0.119362,274258.139106,275088.0,1.0,2,26.117666,118455.109157,118455.109157,1577659.9628872,3981812.6809913004,180363.05533690003,4838019.4138379,28879546.594878897,100,25,3
Z3,27,5,720,34608.0,0.110479,313254.10259,314616.0,1.0,2,26.117666,126254.301853,126254.301853,1577659.9628872,3981812.6809913004,180363.05533690003,4838019.4138379,28879546.594878897,100,25,3
Z3,28,5,720,13208.0,0.101724,129841.531989,130768.0,1.0,2,26.117666,89571.787733,89571.787733,1577659.9628872,3981812.6809913004,180363.05533690003,4838019.4138379,28879546.594878897,100,25,3
Z3,29,5,720,16320.0,0.079584,205066.344994,206576.0,1.0,2,26.117666,104616.750334,104616.750334,1577659.9628872,3981812.6809913004,180363.05533690003,4838019.4138379,28879546.594878897,100,25,3
Z3,30,5,720,8752.0,0.097774,89512.549348,90224.0,1.0,2,26.117666,81505.991205,81505.991205,1577659.9628872,3981812.6809913004,180363.05533690003,4838019.4138379,28879546.594878897,100,25,3
Z3,31,5,720,12760.0,0.097982,130228.001061,131544.0,1.0,2,26.117666,89649.081548,89649.081548,1577659.9628872,3981812.6809913004,180363.05533690003,4838019.4138379,28879546.594878897,100,25,3
Z3,32,5,720,15440.0,0.113283,136295.825499,136632.0,1.0,2,26.117666,90862.646435,90862.646435,1577659.9628872,3981812.6809913004,180363.05533690003,4838019.4138379,28879546.594878897,100,25,3
Z3,33,5,720,10000.0,0.119346,83789.988772,84032.0,1.0,2,26.117666,80361.47909,80361.47909,1577659.9628872,3981812.6809913004,180363.05533690003,4838019.4138379,28879546.594878897,100,25,3
Z3,34,5,720,15200.0,0.090589,167790.791376,168888.0,1.0,2,26.117666,97161.639611,97161.639611,1577659.9628872,3981812.6809913004,180363.05533690003,4838019.4138379,28879546.594878897,100,25,3
Z3,35,5,720,18352.0,0.125189,146594.349344,146816.0,1.0,2,26.117666,92922.351204,92922.351204,1577659.9628872,3981812.6809913004,180363.05533690003,4838019.4138379,28879546.594878897,100,25,3
Z3,36,5,720,11224.0,0.109279,102709.578236,102968.0,1.0,2,26.117666,84145.396983,84145.396983,1577659.9628872,3981812.6809913004,180363.05533690003,4838019.4138379,28879546.594878897,100,25,3
Z3,37,5,720,23240.0,0.105371,220554.042384,221328.0,1.0,2,26.117666,107714.289812,107714.289812,1577659.9628872,3981812.6809913004,180363.05533690003,4838019.4138379,28879546.594878897,100,25,3
Z3,38,5,720,16824.0,0.111836,150434.564899,151560.0,1.0,2,26.117666,93690.394315,93690.394315,1577659.9628872,3981812.6809913004,180363.05533690003,4838019.4138379,28879546.594878897,100,25,3
Z1,0,6,720,14912.0,0.347414,42922.85285,42968.0,1.0,2,32.713907,91069.734841,91069.734841,1577659.9628872,3981812.6809913004,180363.05533690003,4838019.4138379,28879546.594878897,100,25,3
Z2,0,6,720,6624.0,1.519886,4358.221603,4360.0,1.0,2,32.713907,83356.808591,83356.808591,1577659.9628872,3981812.6809913004,180363.05533690003,4838019.4138379,28879546.594878897,100,25,3
Z2,1,6,720,6768.0,0.092662,73039.649479,73560.0,1.0,2,32.713907,97093.094166,97093.094166,1577659.9628872,3981812.6809913004,180363.05533690003,4838019.4138379,28879546.594878897,100,25,3
Z2,2,6,720,7488.0,0.108256,69169.376293,69328.0,1.0,2,32.713907,96319.039529,96319.039529,1577659.9628872,3981812.6809913004,180363.05533690003,4838019.4138379,28879546.594878897,100,25,3
Z2,3,6,720,7752.0,0.084842,91369.840409,92280.0,1.0,2,32.713907,100759.132352,100759.132352,1577659.9628872,3981812.6809913004,180363.05533690003,4838019.4138379,28879546.594878897,100,25,3
Z2,4,6,720,10768.0,0.111968,96170.334381,97008.0,1.0,2,32.713907,101719.231147,101719.231147,1577659.9628872,3981812.6809913004,180363.05533690003,4838019.4138379,28879546.594878897,100,25,3
Z2,5,6,720,17456.0,0.102658,170040.32808,171136.0,1.0,2,32.713907,116493.229886,116493.229886,1577659.9628872,3981812.6809913004,180363.05533690003,4838019.4138379,28879546.594878897,100,25,3
Z2,6,6,720,9568.0,0.089308,107134.859139,107504.0,1.0,2,32.713907,103912.136098,103912.136098,1577659.9628872,3981812.6809913004,180363.05533690003,4838019.4138379,28879546.594878897,100,25,3
Z2,7,6,720,12800.0,0.117,109401.709402,109400.0,1.0,2,32.713907,104365.506151,104365.506151,1577659.9628872,3981812.6809913004,180363.05533690003,4838019.4138379,28879546.594878897,100,25,3
Z3,0,6,720,6760.0,0.306248,22073.613542,22088.0,1.0,2,32.713907,86899.886979,86899.886979,1577659.9628872,3981812.6809913004,180363.05533690003,4838019.4138379,28879546.594878897,100,25,3
Z3,1,6,720,8320.0,0.116965,71132.390031,71720.0,1.0,2,32.713907,96711.642277,96711.642277,1577659.9628872,3981812.6809913004,180363.05533690003,4838019.4138379,28879546.594878897,100,25,3
Z3,2,6,720,7800.0,0.089816,86844.214839,87640.0,1.0,2,32.713907,99854.007238,99854.007238,1577659.9628872,3981812.6809913004,180363.05533690003,4838019.4138379,28879546.594878897,100,25,3
Z3,3,6,720,6928.0,0.120444,57520.507456,57728.0,1.0,2,32.713907,93989.265762,93989.265762,1577659.9628872,3981812.6809913004,180363.05533690003,4838019.4138379,28879546.594878897,100,25,3
Z3,4,6,720,7472.0,0.089157,83807.216483,83952.0,1.0,2,32.713907,99246.607567,99246.607567,1577659.9628872,3981812.6809913004,180363.05533690003,4838019.4138379,28879546.594878897,100,25,3
Z3,5,6,720,7416.0,0.095964,77278.979617,78056.0,1.0,2,32.713907,97940.960194,97940.960194,1577659.9628872,3981812.6809913004,180363.05533690003,4838019.4138379,28879546.594878897,100,25,3
Z3,6,6,720,6760.0,0.107679,62779.186285,63176.0,1.0,2,32.713907,95041.001528,95041.001528,1577659.9628872,3981812.6809913004,180363.05533690003,4838019.4138379,28879546.594878897,100,25,3
Z3,7,6,720,7600.0,0.114974,66101.901299,66664.0,1.0,2,32.713907,95705.54453,95705.54453,1577659.9628872,3981812.6809913004,180363.05533690003,4838019.4138379,28879546.594878897,100,25,3
Z3,8,6,720,7600.0,0.123216,61680.30126,61784.0,1.0,2,32.713907,94821.224522,94821.224522,1577659.9628872,3981812.6809913004,180363.05533690003,4838019.4138379,28879546.594878897,100,25,3
Z3,9,6,720,12912.0,0.44505,29012.470509,29008.0,1.0,2,32.713907,88287.658372,88287.658372,1577659.9628872,3981812.6809913004,180363.05533690003,4838019.4138379,28879546.594878897,100,25,3
Z3,10,6,720,17552.0,0.111522,157385.986621,158120.0,1.0,2,32.713907,113962.361595,113962.361595,1577659.9628872,3981812.6809913004,180363.05533690003,4838019.4138379,28879546.594878897,100,25,3
Z3,11,6,720,14968.0,0.095528,156687.044636,157552.0,1.0,2,32.713907,113822.573198,113822.573198,1577659.9628872,3981812.6809913004,180363.05533690003,4838019.4138379,28879546.594878897,100,25,3
Z3,12,6,720,10336.0,0.080186,128900.306787,129200.0,1.0,2,32.713907,108265.225628,108265.225628,1577659.9628872,3981812.6809913004,180363.05533690003,4838019.4138379,28879546.594878897,100,25,3
Z3,13,6,720,18344.0,0.077059,238051.363241,238232.0,1.0,2,32.713907,130095.436919,130095.436919,1577659.9628872,3981812.6809913004,180363.05533690003,4838019.4138379,28879546.594878897,100,25,3
Z3,14,6,720,20456.0,0.107311,190623.514831,191176.0,1.0,2,32.713907,120609.867237,120609.867237,1577659.9628872,3981812.6809913004,180363.05533690003,4838019.4138379,28879546.594878897,100,25,3
Z3,15,6,720,12480.0,0.116441,107178.742883,107584.0,1.0,2,32.713907,103920.912847,103920.912847,1577659.9628872,3981812.6809913004,180363.05533690003,4838019.4138379,28879546.594878897,100,25,3
Z3,16,6,720,18912.0,0.119094,158798.931936,158920.0,1.0,2,32.713907,114244.950658,114244.950658,1577659.9628872,3981812.6809913004,180363.05533690003,4838019.4138379,28879546.594878897,100,25,3
Z3,17,6,720,16112.0,0.104383,154354.636291,154920.0,1.0,2,32.713907,113356.091529,113356.091529,1577659.9628872,3981812.6809913004,180363.05533690003,4838019.4138379,28879546.594878897,100,25,3
Z3,18,6,720,16088.0,0.100958,159353.394481,160880.0,1.0,2,32.713907,114355.843167,114355.843167,1577659.9628872,3981812.6809913004,180363.05533690003,4838019.4138379,28879546.594878897,100,25,3
Z3,19,6,720,31984.0,0.091784,348470.321625,351472.0,1.0,2,32.713907,152179.228595,152179.228595,1577659.9628872,3981812.6809913004,180363.05533690003,4838019.4138379,28879546.594878897,100,25,3
Z3,20,6,720,21472.0,0.084598,253812.146859,255616.0,1.0,2,32.713907,133247.593642,133247.593642,1577659.9628872,3981812.6809913004,180363.05533690003,4838019.4138379,28879546.594878897,100,25,3
Z3,21,6,720,19320.0,0.076373,252968.981184,254208.0,1.0,2,32.713907,133078.960507,133078.960507,1577659.9628872,3981812.6809913004,180363.05533690003,4838019.4138379,28879546.594878897,100,25,3
Z3,22,6,720,33040.0,0.101403,325828.6244,327128.0,1.0,2,32.713907,147650.88915,147650.88915,1577659.9628872,3981812.6809913004,180363.05533690003,4838019.4138379,28879546.594878897,100,25,3
Z3,23,6,720,26472.0,0.123905,213647.55256,215216.0,1.0,2,32.713907,125214.674783,125214.674783,1577659.9628872,3981812.6809913004,180363.05533690003,4838019.4138379,28879546.594878897,100,25,3
Z3,24,6,720,12984.0,0.12305,105518.08208,105560.0,1.0,2,32.713907,103588.780687,103588.780687,1577659.9628872,3981812.6809913004,180363.05533690003,4838019.4138379,28879546.594878897,100,25,3
Z3,25,6,720,21128.0,0.116573,181242.654817,182136.0,1.0,2,32.713907,118733.695234,118733.695234,1577659.9628872,3981812.6809913004,180363.05533690003,4838019.4138379,28879546.594878897,100,25,3
Z3,26,6,720,21576.0,0.117192,184108.130248,184408.0,1.0,2,32.713907,119306.79032,119306.79032,1577659.9628872,3981812.6809913004,180363.05533690003,4838019.4138379,28879546.594878897,100,25,3
Z3,27,6,720,14376.0,0.096852,148432.660141,149744.0,1.0,2,32.713907,112171.696299,112171.696299,1577659.9628872,3981812.6809913004,180363.05533690003,4838019.4138379,28879546.594878897,100,25,3
Z3,28,6,720,7048.0,0.116357,60572.204509,60752.0,1.0,2,32.713907,94599.605172,94599.605172,1577659.9628872,3981812.6809913004,180363.05533690003,4838019.4138379,28879546.594878897,100,25,3
Z3,29,6,720,8656.0,0.098253,88099.091122,88320.0,1.0,2,32.713907,100104.982495,100104.982495,1577659.9628872,3981812.6809913004,180363.05533690003,4838019.4138379,28879546.594878897,100,25,3
Z3,30,6,720,9488.0,0.1089,87125.803489,87848.0,1.0,2,32.713907,99910.324968,99910.324968,1577659.9628872,3981812.6809913004,180363.05533690003,4838019.4138379,28879546.594878897,100,25,3
Z3,31,6,720,8424.0,0.108423,77695.691873,78000.0,1.0,2,32.713907,98024.302645,98024.302645,1577659.9628872,3981812.6809913004,180363.05533690003,4838019.4138379,28879546.594878897,100,25,3
Z3,32,6,720,9328.0,0.089364,104382.077794,104808.0,1.0,2,32.713907,103361.579829,103361.579829,1577659.9628872,3981812.6809913004,180363.05533690003,4838019.4138379,28879546.594878897,100,25,3
Z3,33,6,720,8680.0,0.121287,71565.790233,71728.0,1.0,2,32.713907,96798.322317,96798.322317,1577659.9628872,3981812.6809913004,180363.05533690003,4838019.4138379,28879546.594878897,100,25,3
Z3,34,6,720,7160.0,0.097675,73304.325569,73808.0,1.0,2,32.713907,97146.029384,97146.029384,1577659.9628872,3981812.6809913004,180363.05533690003,4838019.4138379,28879546.594878897,100,25,3
Z3,35,6,720,10360.0,0.110437,93809.140053,94176.0,1.0,2,32.713907,101246.992281,101246.992281,1577659.9628872,3981812.6809913004,180363.05533690003,4838019.4138379,28879546.594878897,100,25,3
Z3,36,6,720,9048.0,0.094535,95710.583382,96248.0,1.0,2,32.713907,101627.280947,101627.280947,1577659.9628872,3981812.6809913004,180363.05533690003,4838019.4138379,28879546.594878897,100,25,3
Z3,37,6,720,7176.0,0.077991,92010.61661,93192.0,1.0,2,32.713907,100887.287592,100887.287592,1577659.9628872,3981812.6809913004,180363.05533690003,4838019.4138379,28879546.594878897,100,25,3
Z3,38,6,720,8768.0,0.12421,70590.129619,70704.0,1.0,2,32.713907,96603.190194,96603.190194,1577659.9628872,3981812.6809913004,180363.05533690003,4838019.4138379,28879546.594878897,100,25,3
