Zone, Tile_no, Seg_no, Reso, Seg_d_size, Seg_d_time, Bitrate, Bitrate1, Buf_lev, Buf_limit, Elapsed, Ref_vp, Local_avg
Z1, 0, 1, 720, 9960.000000, 0.018858, 528157.811009, 553328.000000, 1.000000, 2, 0.000060, 528157.811009, 528157.811009
Z2, 0, 1, 720, 8952.000000, 0.023107, 387415.069027, 389216.000000, 1.000000, 2, 0.000060, 193707.534513, 193707.534513
Z2, 1, 1, 720, 5424.000000, 0.000888, 6108108.108108, 5424000.000000, 1.000000, 2, 0.000060, 2036036.036036, 2036036.036036
Z2, 2, 1, 720, 7080.000000, 0.000911, 7771679.473106, 7080000.000000, 1.000000, 2, 0.000060, 1942919.868277, 1942919.868277
Z2, 3, 1, 720, 18976.000000, 0.001000, 18976000.000000, 18976000.000000, 1.000000, 2, 0.000060, 3795200.000000, 3795200.000000
Z2, 4, 1, 720, 8720.000000, 0.000953, 9150052.465897, 8720000.000000, 1.000000, 2, 0.000060, 1830010.493179, 1830010.493179
Z2, 5, 1, 720, 8336.000000, 0.000939, 8877529.286475, 8336000.000000, 1.000000, 2, 0.000060, 1775505.857295, 1775505.857295
Z2, 6, 1, 720, 6376.000000, 0.000929, 6863293.864370, 6376000.000000, 1.000000, 2, 0.000060, 1372658.772874, 1372658.772874
Z2, 7, 1, 720, 6872.000000, 0.000850, 8084705.882353, 6872000.000000, 1.000000, 2, 0.000060, 1616941.176471, 1616941.176471
Z3, 0, 1, 720, 7080.000000, 0.022811, 310376.572706, 321816.000000, 1.000000, 2, 0.000060, 62075.314541, 62075.314541
Z3, 1, 1, 720, 7080.000000, 0.000980, 7224489.795918, 7080000.000000, 1.000000, 2, 0.000060, 1444897.959184, 1444897.959184
Z3, 2, 1, 720, 5664.000000, 0.000874, 6480549.199085, 5664000.000000, 1.000000, 2, 0.000060, 1296109.839817, 1296109.839817
Z3, 3, 1, 720, 7080.000000, 0.000895, 7910614.525140, 7080000.000000, 1.000000, 2, 0.000060, 1582122.905028, 1582122.905028
Z3, 4, 1, 720, 7080.000000, 0.000968, 7314049.586777, 7080000.000000, 1.000000, 2, 0.000060, 1462809.917355, 1462809.917355
Z3, 5, 1, 720, 5664.000000, 0.000908, 6237885.462555, 5664000.000000, 1.000000, 2, 0.000060, 1247577.092511, 1247577.092511
Z3, 6, 1, 720, 7080.000000, 0.000884, 8009049.773756, 7080000.000000, 1.000000, 2, 0.000060, 1601809.954751, 1601809.954751
Z3, 7, 1, 720, 7080.000000, 0.000921, 7687296.416938, 7080000.000000, 1.000000, 2, 0.000060, 1537459.283388, 1537459.283388
Z3, 8, 1, 720, 5664.000000, 0.000895, 6328491.620112, 5664000.000000, 1.000000, 2, 0.000060, 1265698.324022, 1265698.324022
Z3, 9, 1, 720, 7080.000000, 0.000898, 7884187.082405, 7080000.000000, 1.000000, 2, 0.000060, 1576837.416481, 1576837.416481
Z3, 10, 1, 720, 12904.000000, 0.014408, 895613.548029, 921712.000000, 1.000000, 2, 0.000060, 179122.709606, 179122.709606
Z3, 11, 1, 720, 17344.000000, 0.001019, 17020608.439647, 17344000.000000, 1.000000, 2, 0.000060, 3404121.687929, 3404121.687929
Z3, 12, 1, 720, 16912.000000, 0.000964, 17543568.464730, 16912000.000000, 1.000000, 2, 0.000060, 3508713.692946, 3508713.692946
Z3, 13, 1, 720, 13240.000000, 0.000975, 13579487.179487, 13240000.000000, 1.000000, 2, 0.000060, 2715897.435897, 2715897.435897
Z3, 14, 1, 720, 28328.000000, 0.001048, 27030534.351145, 28328000.000000, 1.000000, 2, 0.000060, 5406106.870229, 5406106.870229
Z3, 15, 1, 720, 30528.000000, 0.001053, 28991452.991453, 30528000.000000, 1.000000, 2, 0.000060, 5798290.598291, 5798290.598291
Z3, 16, 1, 720, 16360.000000, 0.000975, 16779487.179487, 16360000.000000, 1.000000, 2, 0.000060, 3355897.435897, 3355897.435897
Z3, 17, 1, 720, 33216.000000, 0.000866, 38355658.198614, 33216000.000000, 1.000000, 2, 0.000060, 7671131.639723, 7671131.639723
Z3, 18, 1, 720, 28000.000000, 0.000986, 28397565.922921, 28000000.000000, 1.000000, 2, 0.000060, 5679513.184584, 5679513.184584
Z3, 19, 1, 720, 15744.000000, 0.000972, 16197530.864198, 15744000.000000, 1.000000, 2, 0.000060, 3239506.172840, 3239506.172840
Z3, 20, 1, 720, 16024.000000, 0.000900, 17804444.444444, 16024000.000000, 1.000000, 2, 0.000060, 3560888.888889, 3560888.888889
Z3, 21, 1, 720, 11576.000000, 0.000880, 13154545.454545, 11576000.000000, 1.000000, 2, 0.000060, 2630909.090909, 2630909.090909
Z3, 22, 1, 720, 10816.000000, 0.000901, 12004439.511654, 10816000.000000, 1.000000, 2, 0.000060, 2400887.902331, 2400887.902331
Z3, 23, 1, 720, 13224.000000, 0.000870, 15200000.000000, 13224000.000000, 1.000000, 2, 0.000060, 3040000.000000, 3040000.000000
Z3, 24, 1, 720, 17528.000000, 0.000881, 19895573.212259, 17528000.000000, 1.000000, 2, 0.000060, 3979114.642452, 3979114.642452
Z3, 25, 1, 720, 23824.000000, 0.000955, 24946596.858639, 23824000.000000, 1.000000, 2, 0.000060, 4989319.371728, 4989319.371728
Z3, 26, 1, 720, 11024.000000, 0.001007, 10947368.421053, 11024000.000000, 1.000000, 2, 0.000060, 2189473.684211, 2189473.684211
Z3, 27, 1, 720, 15112.000000, 0.000905, 16698342.541436, 15112000.000000, 1.000000, 2, 0.000060, 3339668.508287, 3339668.508287
Z3, 28, 1, 720, 24552.000000, 0.000846, 29021276.595745, 24552000.000000, 1.000000, 2, 0.000060, 5804255.319149, 5804255.319149
Z3, 29, 1, 720, 10824.000000, 0.000888, 12189189.189189, 10824000.000000, 1.000000, 2, 0.000060, 2437837.837838, 2437837.837838
Z3, 30, 1, 720, 6872.000000, 0.000846, 8122931.442080, 6872000.000000, 1.000000, 2, 0.000060, 1624586.288416, 1624586.288416
Z3, 31, 1, 720, 6872.000000, 0.000929, 7397201.291712, 6872000.000000, 1.000000, 2, 0.000060, 1479440.258342, 1479440.258342
Z3, 32, 1, 720, 6376.000000, 0.000871, 7320321.469575, 6376000.000000, 1.000000, 2, 0.000060, 1464064.293915, 1464064.293915
Z3, 33, 1, 720, 6872.000000, 0.000843, 8151838.671412, 6872000.000000, 1.000000, 2, 0.000060, 1630367.734282, 1630367.734282
Z3, 34, 1, 720, 6872.000000, 0.000843, 8151838.671412, 6872000.000000, 1.000000, 2, 0.000060, 1630367.734282, 1630367.734282
Z3, 35, 1, 720, 6376.000000, 0.000889, 7172103.487064, 6376000.000000, 1.000000, 2, 0.000060, 1434420.697413, 1434420.697413
Z3, 36, 1, 720, 6872.000000, 0.000957, 7180773.249739, 6872000.000000, 1.000000, 2, 0.000060, 1436154.649948, 1436154.649948
Z3, 37, 1, 720, 6872.000000, 0.000859, 8000000.000000, 6872000.000000, 1.000000, 2, 0.000060, 1600000.000000, 1600000.000000
Z3, 38, 1, 720, 6376.000000, 0.000845, 7545562.130178, 6376000.000000, 1.000000, 2, 0.000060, 1509112.426036, 1509112.426036
Z1, 0, 2, 4K, 33112.000000, 0.020746, 1596066.711655, 1655600.000000, 1.874471, 2, 0.125589, 1828325.768367, 1828325.768367
Z2, 0, 2, 4K, 6624.000000, 0.022861, 289751.104501, 301088.000000, 1.874471, 2, 0.125589, 1567062.646936, 1567062.646936
Z2, 1, 2, 4K, 9736.000000, 0.001033, 9424975.798645, 9736000.000000, 1.874471, 2, 0.125589, 3394107.585764, 3394107.585764
Z2, 2, 2, 4K, 9976.000000, 0.000952, 10478991.596639, 9976000.000000, 1.874471, 2, 0.125589, 3604910.745363, 3604910.745363
Z2, 3, 2, 4K, 38152.000000, 0.001059, 36026440.037771, 38152000.000000, 1.874471, 2, 0.125589, 8714400.433590, 8714400.433590
Z2, 4, 2, 4K, 53912.000000, 0.001115, 48351569.506726, 53912000.000000, 1.874471, 2, 0.125589, 11179426.327381, 11179426.327381
Z2, 5, 2, 4K, 24608.000000, 0.000981, 25084607.543323, 24608000.000000, 1.874471, 2, 0.125589, 6526033.934700, 6526033.934700
Z2, 6, 2, 4K, 10280.000000, 0.000855, 12023391.812865, 10280000.000000, 1.874471, 2, 0.125589, 3913790.788609, 3913790.788609
Z2, 7, 2, 4K, 10280.000000, 0.000871, 11802525.832377, 10280000.000000, 1.874471, 2, 0.125589, 3869617.592511, 3869617.592511
Z3, 0, 2, 4K, 9976.000000, 0.021536, 463224.368499, 475040.000000, 1.874471, 2, 0.125589, 1601757.299735, 1601757.299735
Z3, 1, 2, 4K, 9976.000000, 0.000921, 10831704.668838, 9976000.000000, 1.874471, 2, 0.125589, 3675453.359803, 3675453.359803
Z3, 2, 2, 4K, 9976.000000, 0.000940, 10612765.957447, 9976000.000000, 1.874471, 2, 0.125589, 3631665.617525, 3631665.617525
Z3, 3, 2, 4K, 9976.000000, 0.001000, 9976000.000000, 9976000.000000, 1.874471, 2, 0.125589, 3504312.426036, 3504312.426036
Z3, 4, 2, 4K, 9976.000000, 0.013844, 720600.982375, 767384.000000, 1.874471, 2, 0.125589, 1653232.622511, 1653232.622511
Z3, 5, 2, 4K, 9976.000000, 0.016004, 623344.163959, 623496.000000, 1.874471, 2, 0.125589, 1633781.258827, 1633781.258827
Z3, 6, 2, 4K, 9976.000000, 0.000981, 10169215.086646, 9976000.000000, 1.874471, 2, 0.125589, 3542955.443365, 3542955.443365
Z3, 7, 2, 4K, 9976.000000, 0.000988, 10097165.991903, 9976000.000000, 1.874471, 2, 0.125589, 3528545.624416, 3528545.624416
Z3, 8, 2, 4K, 9976.000000, 0.000872, 11440366.972477, 9976000.000000, 1.874471, 2, 0.125589, 3797185.820531, 3797185.820531
Z3, 9, 2, 4K, 9976.000000, 0.000920, 10843478.260870, 9976000.000000, 1.874471, 2, 0.125589, 3677808.078209, 3677808.078209
Z3, 10, 2, 4K, 40320.000000, 0.000988, 40809716.599190, 40320000.000000, 1.874471, 2, 0.125589, 9671055.745874, 9671055.745874
Z3, 11, 2, 4K, 25056.000000, 0.001004, 24956175.298805, 25056000.000000, 1.874471, 2, 0.125589, 6500347.485796, 6500347.485796
Z3, 12, 2, 4K, 28696.000000, 0.000942, 30462845.010616, 28696000.000000, 1.874471, 2, 0.125589, 7601681.428159, 7601681.428159
Z3, 13, 2, 4K, 25792.000000, 0.000967, 26672182.006205, 25792000.000000, 1.874471, 2, 0.125589, 6843548.827276, 6843548.827276
Z3, 14, 2, 4K, 40168.000000, 0.001006, 39928429.423459, 40168000.000000, 1.874471, 2, 0.125589, 9494798.310727, 9494798.310727
Z3, 15, 2, 4K, 41448.000000, 0.015247, 2718436.413721, 2763200.000000, 1.874471, 2, 0.125589, 2052799.708780, 2052799.708780
Z3, 16, 2, 4K, 44560.000000, 0.001716, 25967365.967366, 44560000.000000, 1.874471, 2, 0.125589, 6702585.619509, 6702585.619509
Z3, 17, 2, 4K, 39312.000000, 0.001041, 37763688.760807, 39312000.000000, 1.874471, 2, 0.125589, 9061850.178197, 9061850.178197
Z3, 18, 2, 4K, 31560.000000, 0.001050, 30057142.857143, 31560000.000000, 1.874471, 2, 0.125589, 7520540.997464, 7520540.997464
Z3, 19, 2, 4K, 29312.000000, 0.001049, 27942802.669209, 29312000.000000, 1.874471, 2, 0.125589, 7097672.959877, 7097672.959877
Z3, 20, 2, 4K, 35968.000000, 0.001018, 35332023.575639, 35968000.000000, 1.874471, 2, 0.125589, 8575517.141163, 8575517.141163
Z3, 21, 2, 4K, 35592.000000, 0.001017, 34997050.147493, 35592000.000000, 1.874471, 2, 0.125589, 8508522.455534, 8508522.455534
Z3, 22, 2, 4K, 42440.000000, 0.001093, 38828911.253431, 42440000.000000, 1.874471, 2, 0.125589, 9274894.676722, 9274894.676722
Z3, 23, 2, 4K, 61624.000000, 0.001708, 36079625.292740, 61624000.000000, 1.874471, 2, 0.125589, 8725037.484584, 8725037.484584
Z3, 24, 2, 4K, 64952.000000, 0.001684, 38570071.258907, 64952000.000000, 1.874471, 2, 0.125589, 9223126.677817, 9223126.677817
Z3, 25, 2, 4K, 73400.000000, 0.001813, 40485383.342526, 73400000.000000, 1.874471, 2, 0.125589, 9606189.094541, 9606189.094541
Z3, 26, 2, 4K, 52792.000000, 0.001669, 31630916.716597, 52792000.000000, 1.874471, 2, 0.125589, 7835295.769355, 7835295.769355
Z3, 27, 2, 4K, 67272.000000, 0.001834, 36680479.825518, 67272000.000000, 1.874471, 2, 0.125589, 8845208.391139, 8845208.391139
Z3, 28, 2, 4K, 64968.000000, 0.001780, 36498876.404494, 64968000.000000, 1.874471, 2, 0.125589, 8808887.706934, 8808887.706934
Z3, 29, 2, 4K, 52408.000000, 0.001745, 30033237.822350, 52408000.000000, 1.874471, 2, 0.125589, 7515759.990505, 7515759.990505
Z3, 30, 2, 4K, 10280.000000, 0.000939, 10947816.826411, 10280000.000000, 1.874471, 2, 0.125589, 3698675.791318, 3698675.791318
Z3, 31, 2, 4K, 10280.000000, 0.000946, 10866807.610994, 10280000.000000, 1.874471, 2, 0.125589, 3682473.948234, 3682473.948234
Z3, 32, 2, 4K, 10280.000000, 0.000842, 12209026.128266, 10280000.000000, 1.874471, 2, 0.125589, 3950917.651689, 3950917.651689
Z3, 33, 2, 4K, 10280.000000, 0.000975, 10543589.743590, 10280000.000000, 1.874471, 2, 0.125589, 3617830.374753, 3617830.374753
Z3, 34, 2, 4K, 10280.000000, 0.000906, 11346578.366446, 10280000.000000, 1.874471, 2, 0.125589, 3778428.099325, 3778428.099325
Z3, 35, 2, 4K, 10280.000000, 0.014629, 702713.787682, 734280.000000, 1.874471, 2, 0.125589, 1649655.183572, 1649655.183572
Z3, 36, 2, 4K, 10280.000000, 0.000973, 10565262.076053, 10280000.000000, 1.874471, 2, 0.125589, 3622164.841246, 3622164.841246
Z3, 37, 2, 4K, 10280.000000, 0.000854, 12037470.725995, 10280000.000000, 1.874471, 2, 0.125589, 3916606.571235, 3916606.571235
Z3, 38, 2, 4K, 10280.000000, 0.000829, 12400482.509047, 10280000.000000, 1.874471, 2, 0.125589, 3989208.927845, 3989208.927845
Z1, 0, 3, 4K, 37368.000000, 0.021518, 1736592.620132, 1779424.000000, 1.697902, 2, 0.302158, 4336527.451871, 4336527.451871
Z2, 0, 3, 4K, 6624.000000, 0.026601, 249013.194993, 254768.000000, 1.697902, 2, 0.302158, 4039011.566843, 4039011.566843
Z2, 1, 3, 4K, 9736.000000, 0.001035, 9406763.285024, 9736000.000000, 1.697902, 2, 0.302158, 5870561.584850, 5870561.584850
Z2, 2, 3, 4K, 9976.000000, 0.000882, 11310657.596372, 9976000.000000, 1.697902, 2, 0.302158, 6251340.447119, 6251340.447119
Z2, 3, 3, 4K, 41472.000000, 0.001127, 36798580.301686, 41472000.000000, 1.697902, 2, 0.302158, 11348924.988182, 11348924.988182
Z2, 4, 3, 4K, 64608.000000, 0.001169, 55267750.213858, 64608000.000000, 1.697902, 2, 0.302158, 15042758.970617, 15042758.970617
Z2, 5, 3, 4K, 26312.000000, 0.001142, 23040280.210158, 26312000.000000, 1.697902, 2, 0.302158, 8597264.969876, 8597264.969876
Z2, 6, 3, 4K, 10280.000000, 0.000845, 12165680.473373, 10280000.000000, 1.697902, 2, 0.302158, 6422345.022519, 6422345.022519
Z2, 7, 3, 4K, 10280.000000, 0.000895, 11486033.519553, 10280000.000000, 1.697902, 2, 0.302158, 6286415.631756, 6286415.631756
Z3, 0, 3, 4K, 9976.000000, 0.022351, 446333.497383, 453448.000000, 1.697902, 2, 0.302158, 4078475.627321, 4078475.627321
Z3, 1, 3, 4K, 9976.000000, 0.000906, 11011037.527594, 9976000.000000, 1.697902, 2, 0.302158, 6191416.433364, 6191416.433364
Z3, 2, 3, 4K, 9976.000000, 0.000829, 12033775.633293, 9976000.000000, 1.697902, 2, 0.302158, 6395964.054504, 6395964.054504
Z3, 3, 3, 4K, 9976.000000, 0.000846, 11791962.174941, 9976000.000000, 1.697902, 2, 0.302158, 6347601.362833, 6347601.362833
Z3, 4, 3, 4K, 9976.000000, 0.000884, 11285067.873303, 9976000.000000, 1.697902, 2, 0.302158, 6246222.502506, 6246222.502506
Z3, 5, 3, 4K, 9976.000000, 0.000850, 11736470.588235, 9976000.000000, 1.697902, 2, 0.302158, 6336503.045492, 6336503.045492
Z3, 6, 3, 4K, 9976.000000, 0.000779, 12806161.745828, 9976000.000000, 1.697902, 2, 0.302158, 6550441.277011, 6550441.277011
Z3, 7, 3, 4K, 9976.000000, 0.000826, 12077481.840194, 9976000.000000, 1.697902, 2, 0.302158, 6404705.295884, 6404705.295884
Z3, 8, 3, 4K, 9976.000000, 0.000832, 11990384.615385, 9976000.000000, 1.697902, 2, 0.302158, 6387285.850922, 6387285.850922
Z3, 9, 3, 4K, 9976.000000, 0.000734, 13591280.653951, 9976000.000000, 1.697902, 2, 0.302158, 6707465.058635, 6707465.058635
Z3, 10, 3, 4K, 46944.000000, 0.000787, 59649301.143583, 46944000.000000, 1.697902, 2, 0.302158, 15919069.156562, 15919069.156562
Z3, 11, 3, 4K, 25776.000000, 0.000724, 35602209.944751, 25776000.000000, 1.697902, 2, 0.302158, 11109650.916795, 11109650.916795
Z3, 12, 3, 4K, 29160.000000, 0.000844, 34549763.033175, 29160000.000000, 1.697902, 2, 0.302158, 10899161.534480, 10899161.534480
Z3, 13, 3, 4K, 27488.000000, 0.000918, 29943355.119826, 27488000.000000, 1.697902, 2, 0.302158, 9977879.951810, 9977879.951810
Z3, 14, 3, 4K, 44488.000000, 0.000801, 55540574.282147, 44488000.000000, 1.697902, 2, 0.302158, 15097323.784274, 15097323.784274
Z3, 15, 3, 4K, 39320.000000, 0.001004, 39163346.613546, 39320000.000000, 1.697902, 2, 0.302158, 11821878.250554, 11821878.250554
Z3, 16, 3, 4K, 43888.000000, 0.001150, 38163478.260870, 43888000.000000, 1.697902, 2, 0.302158, 11621904.580019, 11621904.580019
Z3, 17, 3, 4K, 44080.000000, 0.001033, 42671829.622459, 44080000.000000, 1.697902, 2, 0.302158, 12523574.852337, 12523574.852337
Z3, 18, 3, 4K, 34432.000000, 0.000815, 42247852.760736, 34432000.000000, 1.697902, 2, 0.302158, 12438779.479992, 12438779.479992
Z3, 19, 3, 4K, 31336.000000, 0.000796, 39366834.170854, 31336000.000000, 1.697902, 2, 0.302158, 11862575.762016, 11862575.762016
Z3, 20, 3, 4K, 37168.000000, 0.000878, 42332574.031891, 37168000.000000, 1.697902, 2, 0.302158, 12455723.734223, 12455723.734223
Z3, 21, 3, 4K, 36888.000000, 0.000778, 47413881.748072, 36888000.000000, 1.697902, 2, 0.302158, 13471985.277459, 13471985.277459
Z3, 22, 3, 4K, 45448.000000, 0.000963, 47194184.839045, 45448000.000000, 1.697902, 2, 0.302158, 13428045.895654, 13428045.895654
Z3, 23, 3, 4K, 60880.000000, 0.000845, 72047337.278107, 60880000.000000, 1.697902, 2, 0.302158, 18398676.383466, 18398676.383466
Z3, 24, 3, 4K, 64936.000000, 0.001057, 61434247.871334, 64936000.000000, 1.697902, 2, 0.302158, 16276058.502112, 16276058.502112
Z3, 25, 3, 4K, 68152.000000, 0.000951, 71663512.092534, 68152000.000000, 1.697902, 2, 0.302158, 18321911.346352, 18321911.346352
Z3, 26, 3, 4K, 51256.000000, 0.001013, 50598223.099704, 51256000.000000, 1.697902, 2, 0.302158, 14108853.547786, 14108853.547786
Z3, 27, 3, 4K, 77296.000000, 0.001084, 71306273.062731, 77296000.000000, 1.697902, 2, 0.302158, 18250463.540391, 18250463.540391
Z3, 28, 3, 4K, 69656.000000, 0.001026, 67890838.206628, 69656000.000000, 1.697902, 2, 0.302158, 17567376.569170, 17567376.569170
Z3, 29, 3, 4K, 53752.000000, 0.000919, 58489662.676823, 53752000.000000, 1.697902, 2, 0.302158, 15687141.463209, 15687141.463209
Z3, 30, 3, 4K, 10280.000000, 0.000809, 12707045.735476, 10280000.000000, 1.697902, 2, 0.302158, 6530618.074940, 6530618.074940
Z3, 31, 3, 4K, 10280.000000, 0.000689, 14920174.165457, 10280000.000000, 1.697902, 2, 0.302158, 6973243.760936, 6973243.760936
Z3, 32, 3, 4K, 10280.000000, 0.000667, 15412293.853073, 10280000.000000, 1.697902, 2, 0.302158, 7071667.698460, 7071667.698460
Z3, 33, 3, 4K, 10280.000000, 0.000682, 15073313.782991, 10280000.000000, 1.697902, 2, 0.302158, 7003871.684443, 7003871.684443
Z3, 34, 3, 4K, 10280.000000, 0.000700, 14685714.285714, 10280000.000000, 1.697902, 2, 0.302158, 6926351.784988, 6926351.784988
Z3, 35, 3, 4K, 10280.000000, 0.000736, 13967391.304348, 10280000.000000, 1.697902, 2, 0.302158, 6782687.188714, 6782687.188714
Z3, 36, 3, 4K, 10288.000000, 0.000629, 16356120.826709, 10288000.000000, 1.697902, 2, 0.302158, 7260433.093187, 7260433.093187
Z3, 37, 3, 4K, 10280.000000, 0.000646, 15913312.693498, 10280000.000000, 1.697902, 2, 0.302158, 7171871.466545, 7171871.466545
Z3, 38, 3, 4K, 10280.000000, 0.000583, 17632933.104631, 10280000.000000, 1.697902, 2, 0.302158, 7515795.548771, 7515795.548771
Z1, 0, 4, 4K, 78920.000000, 0.021457, 3678053.781983, 3758088.000000, 1.581634, 2, 1.418426, 8251406.305168, 8251406.305168
Z2, 0, 4, 4K, 6624.000000, 0.023653, 280049.042405, 288000.000000, 1.581634, 2, 1.418426, 7571805.357252, 7571805.357252
Z2, 1, 4, 4K, 9856.000000, 0.000963, 10234683.281412, 9856000.000000, 1.581634, 2, 1.418426, 9562732.205054, 9562732.205054
Z2, 2, 4, 4K, 10000.000000, 0.000976, 10245901.639344, 10000000.000000, 1.581634, 2, 1.418426, 9564975.876640, 9564975.876640
Z2, 3, 4, 4K, 61192.000000, 0.001065, 57457276.995305, 61192000.000000, 1.581634, 2, 1.418426, 19007250.947832, 19007250.947832
Z2, 4, 4, 4K, 105968.000000, 0.001424, 74415730.337079, 105968000.000000, 1.581634, 2, 1.418426, 22398941.616187, 22398941.616187
Z2, 5, 4, 4K, 53008.000000, 0.001126, 47076376.554174, 53008000.000000, 1.581634, 2, 1.418426, 16931070.859606, 16931070.859606
Z2, 6, 4, 4K, 17976.000000, 0.001022, 17589041.095890, 17976000.000000, 1.581634, 2, 1.418426, 11033603.767949, 11033603.767949
Z2, 7, 4, 4K, 11688.000000, 0.000917, 12745910.577972, 11688000.000000, 1.581634, 2, 1.418426, 10064977.664365, 10064977.664365
Z3, 0, 4, 4K, 10160.000000, 0.022803, 445555.409376, 461816.000000, 1.581634, 2, 1.418426, 7604906.630646, 7604906.630646
Z3, 1, 4, 4K, 10112.000000, 0.000873, 11583046.964490, 10112000.000000, 1.581634, 2, 1.418426, 9832404.941669, 9832404.941669
Z3, 2, 4, 4K, 10000.000000, 0.000888, 11261261.261261, 10000000.000000, 1.581634, 2, 1.418426, 9768047.801023, 9768047.801023
Z3, 3, 4, 4K, 10000.000000, 0.000773, 12936610.608021, 10000000.000000, 1.581634, 2, 1.418426, 10103117.670375, 10103117.670375
Z3, 4, 4, 4K, 10000.000000, 0.000817, 12239902.080783, 10000000.000000, 1.581634, 2, 1.418426, 9963775.964928, 9963775.964928
Z3, 5, 4, 4K, 10000.000000, 0.000879, 11376564.277588, 10000000.000000, 1.581634, 2, 1.418426, 9791108.404289, 9791108.404289
Z3, 6, 4, 4K, 10400.000000, 0.001030, 10097087.378641, 10400000.000000, 1.581634, 2, 1.418426, 9535213.024499, 9535213.024499
Z3, 7, 4, 4K, 10000.000000, 0.000961, 10405827.263267, 10000000.000000, 1.581634, 2, 1.418426, 9596961.001425, 9596961.001425
Z3, 8, 4, 4K, 10000.000000, 0.000873, 11454753.722795, 10000000.000000, 1.581634, 2, 1.418426, 9806746.293330, 9806746.293330
Z3, 9, 4, 4K, 10016.000000, 0.000792, 12646464.646465, 10016000.000000, 1.581634, 2, 1.418426, 10045088.478064, 10045088.478064
Z3, 10, 4, 4K, 69528.000000, 0.000965, 72049740.932642, 69528000.000000, 1.581634, 2, 1.418426, 21925743.735300, 21925743.735300
Z3, 11, 4, 4K, 50216.000000, 0.000988, 50825910.931174, 50216000.000000, 1.581634, 2, 1.418426, 17680977.735006, 17680977.735006
Z3, 12, 4, 4K, 53360.000000, 0.001097, 48641750.227894, 53360000.000000, 1.581634, 2, 1.418426, 17244145.594350, 17244145.594350
Z3, 13, 4, 4K, 45608.000000, 0.001102, 41386569.872958, 45608000.000000, 1.581634, 2, 1.418426, 15793109.523363, 15793109.523363
Z3, 14, 4, 4K, 88024.000000, 0.001409, 62472675.656494, 88024000.000000, 1.581634, 2, 1.418426, 20010330.680070, 20010330.680070
Z3, 15, 4, 4K, 65880.000000, 0.001245, 52915662.650602, 65880000.000000, 1.581634, 2, 1.418426, 18098928.078892, 18098928.078892
Z3, 16, 4, 4K, 81544.000000, 0.001230, 66295934.959350, 81544000.000000, 1.581634, 2, 1.418426, 20774982.540641, 20774982.540641
Z3, 17, 4, 4K, 79088.000000, 0.001281, 61739266.198283, 79088000.000000, 1.581634, 2, 1.418426, 19863648.788428, 19863648.788428
Z3, 18, 4, 4K, 60616.000000, 0.001005, 60314427.860697, 60616000.000000, 1.581634, 2, 1.418426, 19578681.120910, 19578681.120910
Z3, 19, 4, 4K, 55928.000000, 0.000996, 56152610.441767, 55928000.000000, 1.581634, 2, 1.418426, 18746317.637125, 18746317.637125
Z3, 20, 4, 4K, 60512.000000, 0.001094, 55312614.259598, 60512000.000000, 1.581634, 2, 1.418426, 18578318.400691, 18578318.400691
Z3, 21, 4, 4K, 116408.000000, 0.001818, 64030803.080308, 116408000.000000, 1.581634, 2, 1.418426, 20321956.164833, 20321956.164833
Z3, 22, 4, 4K, 104248.000000, 0.001370, 76093430.656934, 104248000.000000, 1.581634, 2, 1.418426, 22734481.680158, 22734481.680158
Z3, 23, 4, 4K, 138368.000000, 0.001991, 69496735.308890, 138368000.000000, 1.581634, 2, 1.418426, 21415142.610549, 21415142.610549
Z3, 24, 4, 4K, 139408.000000, 0.001867, 74669523.299411, 139408000.000000, 1.581634, 2, 1.418426, 22449700.208653, 22449700.208653
Z3, 25, 4, 4K, 141032.000000, 0.001664, 84754807.692308, 141032000.000000, 1.581634, 2, 1.418426, 24466757.087233, 24466757.087233
Z3, 26, 4, 4K, 125672.000000, 0.001364, 92134897.360704, 125672000.000000, 1.581634, 2, 1.418426, 25942775.020912, 25942775.020912
Z3, 27, 4, 4K, 147320.000000, 0.001643, 89665246.500304, 147320000.000000, 1.581634, 2, 1.418426, 25448844.848832, 25448844.848832
Z3, 28, 4, 4K, 120984.000000, 0.001360, 88958823.529412, 120984000.000000, 1.581634, 2, 1.418426, 25307560.254654, 25307560.254654
Z3, 29, 4, 4K, 87456.000000, 0.001350, 64782222.222222, 87456000.000000, 1.581634, 2, 1.418426, 20472239.993216, 20472239.993216
Z3, 30, 4, 4K, 19872.000000, 0.001018, 19520628.683694, 19872000.000000, 1.581634, 2, 1.418426, 11419921.285510, 11419921.285510
Z3, 31, 4, 4K, 17320.000000, 0.000980, 17673469.387755, 17320000.000000, 1.581634, 2, 1.418426, 11050489.426322, 11050489.426322
Z3, 32, 4, 4K, 20880.000000, 0.000849, 24593639.575972, 20880000.000000, 1.581634, 2, 1.418426, 12434523.463966, 12434523.463966
Z3, 33, 4, 4K, 18648.000000, 0.000922, 20225596.529284, 18648000.000000, 1.581634, 2, 1.418426, 11560914.854628, 11560914.854628
Z3, 34, 4, 4K, 15368.000000, 0.000953, 16125918.153200, 15368000.000000, 1.581634, 2, 1.418426, 10740979.179411, 10740979.179411
Z3, 35, 4, 4K, 17240.000000, 0.000881, 19568671.963678, 17240000.000000, 1.581634, 2, 1.418426, 11429529.941507, 11429529.941507
Z3, 36, 4, 4K, 34944.000000, 0.001035, 33762318.840580, 34944000.000000, 1.581634, 2, 1.418426, 14268259.316887, 14268259.316887
Z3, 37, 4, 4K, 16344.000000, 0.000940, 17387234.042553, 16344000.000000, 1.581634, 2, 1.418426, 10993242.357282, 10993242.357282
Z3, 38, 4, 4K, 11896.000000, 0.000873, 13626575.028637, 11896000.000000, 1.581634, 2, 1.418426, 10241110.554499, 10241110.554499
Z1, 0, 5, 4K, 86352.000000, 0.022299, 3872460.648460, 3925088.000000, 1.456766, 2, 1.543294, 11015602.684190, 11015602.684190
Z2, 0, 5, 4K, 6624.000000, 0.022782, 290755.859889, 301088.000000, 1.456766, 2, 1.543294, 10299261.726476, 10299261.726476
Z2, 1, 5, 4K, 15440.000000, 0.000974, 15852156.057495, 15440000.000000, 1.456766, 2, 1.543294, 13411541.765998, 13411541.765998
Z2, 2, 5, 4K, 14656.000000, 0.000960, 15266666.666667, 14656000.000000, 1.456766, 2, 1.543294, 13294443.887832, 13294443.887832
Z2, 3, 5, 4K, 59096.000000, 0.001046, 56497131.931166, 59096000.000000, 1.456766, 2, 1.543294, 21540536.940732, 21540536.940732
Z2, 4, 5, 4K, 117640.000000, 0.002103, 55939134.569662, 58820000.000000, 1.456766, 2, 1.543294, 21428937.468431, 21428937.468431
Z2, 5, 5, 4K, 68288.000000, 0.001167, 58515852.613539, 68288000.000000, 1.456766, 2, 1.543294, 21944281.077206, 21944281.077206
Z2, 6, 5, 4K, 47432.000000, 0.001077, 44040854.224698, 47432000.000000, 1.456766, 2, 1.543294, 19049281.399438, 19049281.399438
Z2, 7, 5, 4K, 40216.000000, 0.001059, 37975448.536355, 40216000.000000, 1.456766, 2, 1.543294, 17836200.261770, 17836200.261770
Z3, 0, 5, 4K, 16504.000000, 0.022912, 720321.229050, 750176.000000, 1.456766, 2, 1.543294, 10385174.800309, 10385174.800309
Z3, 1, 5, 4K, 16120.000000, 0.000900, 17911111.111111, 16120000.000000, 1.456766, 2, 1.543294, 13823332.776721, 13823332.776721
Z3, 2, 5, 4K, 15008.000000, 0.000796, 18854271.356784, 15008000.000000, 1.456766, 2, 1.543294, 14011964.825855, 14011964.825855
Z3, 3, 5, 4K, 15032.000000, 0.000796, 18884422.110553, 15032000.000000, 1.456766, 2, 1.543294, 14017994.976609, 14017994.976609
Z3, 4, 5, 4K, 12928.000000, 0.000869, 14876869.965478, 12928000.000000, 1.456766, 2, 1.543294, 13216484.547594, 13216484.547594
Z3, 5, 5, 4K, 13640.000000, 0.000848, 16084905.660377, 13640000.000000, 1.456766, 2, 1.543294, 13458091.686574, 13458091.686574
Z3, 6, 5, 4K, 14648.000000, 0.000810, 18083950.617284, 14648000.000000, 1.456766, 2, 1.543294, 13857900.677955, 13857900.677955
Z3, 7, 5, 4K, 15008.000000, 0.000784, 19142857.142857, 15008000.000000, 1.456766, 2, 1.543294, 14069681.983070, 14069681.983070
Z3, 8, 5, 4K, 14312.000000, 0.000801, 17867665.418227, 14312000.000000, 1.456766, 2, 1.543294, 13814643.638144, 13814643.638144
Z3, 9, 5, 4K, 14200.000000, 0.000823, 17253948.967193, 14200000.000000, 1.456766, 2, 1.543294, 13691900.347937, 13691900.347937
Z3, 10, 5, 4K, 67288.000000, 0.001091, 61675527.039413, 67288000.000000, 1.456766, 2, 1.543294, 22576215.962381, 22576215.962381
Z3, 11, 5, 4K, 52536.000000, 0.001082, 48554528.650647, 52536000.000000, 1.456766, 2, 1.543294, 19952016.284628, 19952016.284628
Z3, 12, 5, 4K, 52032.000000, 0.001109, 46917944.093778, 52032000.000000, 1.456766, 2, 1.543294, 19624699.373254, 19624699.373254
Z3, 13, 5, 4K, 44632.000000, 0.000928, 48094827.586207, 44632000.000000, 1.456766, 2, 1.543294, 19860076.071740, 19860076.071740
Z3, 14, 5, 4K, 76304.000000, 0.001105, 69053393.665158, 76304000.000000, 1.456766, 2, 1.543294, 24051789.287530, 24051789.287530
Z3, 15, 5, 4K, 71856.000000, 0.001140, 63031578.947368, 71856000.000000, 1.456766, 2, 1.543294, 22847426.343972, 22847426.343972
Z3, 16, 5, 4K, 82648.000000, 0.001390, 59458992.805755, 82648000.000000, 1.456766, 2, 1.543294, 22132909.115650, 22132909.115650
Z3, 17, 5, 4K, 76072.000000, 0.001243, 61200321.802092, 76072000.000000, 1.456766, 2, 1.543294, 22481174.914917, 22481174.914917
Z3, 18, 5, 4K, 59304.000000, 0.001020, 58141176.470588, 59304000.000000, 1.456766, 2, 1.543294, 21869345.848616, 21869345.848616
Z3, 19, 5, 4K, 43064.000000, 0.001014, 42469428.007890, 43064000.000000, 1.456766, 2, 1.543294, 18734996.156076, 18734996.156076
Z3, 20, 5, 4K, 54872.000000, 0.001009, 54382556.987116, 54872000.000000, 1.456766, 2, 1.543294, 21117621.951922, 21117621.951922
Z3, 21, 5, 4K, 135784.000000, 0.001820, 74606593.406593, 135784000.000000, 1.456766, 2, 1.543294, 25162429.235817, 25162429.235817
Z3, 22, 5, 4K, 118304.000000, 0.001857, 63707054.388799, 118304000.000000, 1.456766, 2, 1.543294, 22982521.432258, 22982521.432258
Z3, 23, 5, 4K, 147040.000000, 0.031098, 4728278.345874, 4743224.000000, 1.456766, 2, 1.543294, 11186766.223673, 11186766.223673
Z3, 24, 5, 4K, 179520.000000, 0.002468, 72739059.967585, 89760000.000000, 1.456766, 2, 1.543294, 24788922.548016, 24788922.548016
Z3, 25, 5, 4K, 172688.000000, 0.002921, 59119479.630264, 86344000.000000, 1.456766, 2, 1.543294, 22065006.480551, 22065006.480551
Z3, 26, 5, 4K, 145128.000000, 0.002072, 70042471.042471, 72564000.000000, 1.456766, 2, 1.543294, 24249604.762993, 24249604.762993
Z3, 27, 5, 4K, 179592.000000, 0.031946, 5621736.680649, 5793288.000000, 1.456766, 2, 1.543294, 11365457.890628, 11365457.890628
Z3, 28, 5, 4K, 140720.000000, 0.002628, 53546423.135464, 70360000.000000, 1.456766, 2, 1.543294, 20950395.181591, 20950395.181591
Z3, 29, 5, 4K, 83928.000000, 0.001791, 46860971.524288, 83928000.000000, 1.456766, 2, 1.543294, 19613304.859356, 19613304.859356
Z3, 30, 5, 4K, 82192.000000, 0.001820, 45160439.560440, 82192000.000000, 1.456766, 2, 1.543294, 19273198.466586, 19273198.466586
Z3, 31, 5, 4K, 68504.000000, 0.001141, 60038562.664330, 68504000.000000, 1.456766, 2, 1.543294, 22248823.087364, 22248823.087364
Z3, 32, 5, 4K, 53776.000000, 0.001130, 47589380.530973, 53776000.000000, 1.456766, 2, 1.543294, 19758986.660693, 19758986.660693
Z3, 33, 5, 4K, 72968.000000, 0.001194, 61112227.805695, 72968000.000000, 1.456766, 2, 1.543294, 22463556.115638, 22463556.115638
Z3, 34, 5, 4K, 78200.000000, 0.001733, 45124062.319677, 78200000.000000, 1.456766, 2, 1.543294, 19265923.018434, 19265923.018434
Z3, 35, 5, 4K, 63936.000000, 0.001714, 37302217.036173, 63936000.000000, 1.456766, 2, 1.543294, 17701553.961733, 17701553.961733
Z3, 36, 5, 4K, 86888.000000, 0.001865, 46588739.946381, 86888000.000000, 1.456766, 2, 1.543294, 19558858.543775, 19558858.543775
Z3, 37, 5, 4K, 53856.000000, 0.001674, 32172043.010753, 53856000.000000, 1.456766, 2, 1.543294, 16675519.156649, 16675519.156649
Z3, 38, 5, 4K, 42888.000000, 0.001107, 38742547.425474, 42888000.000000, 1.456766, 2, 1.543294, 17989620.039593, 17989620.039593
Z1, 0, 6, 4K, 32384.000000, 0.021650, 1495796.766744, 1542088.000000, 1.262994, 2, 2.737066, 16779666.966907, 16779666.966907
Z2, 0, 6, 4K, 11672.000000, 0.022893, 509850.172542, 530544.000000, 1.262994, 2, 2.737066, 16582477.648066, 16582477.648066
Z2, 1, 6, 4K, 36784.000000, 0.000980, 37534693.877551, 36784000.000000, 1.262994, 2, 2.737066, 23987446.389068, 23987446.389068
Z2, 2, 6, 4K, 30448.000000, 0.000875, 34797714.285714, 30448000.000000, 1.262994, 2, 2.737066, 23440050.470701, 23440050.470701
Z2, 3, 6, 4K, 89424.000000, 0.001340, 66734328.358209, 89424000.000000, 1.262994, 2, 2.737066, 29827373.285200, 29827373.285200
Z2, 4, 6, 4K, 37976.000000, 0.001054, 36030360.531309, 37976000.000000, 1.262994, 2, 2.737066, 23686579.719820, 23686579.719820
Z2, 5, 6, 4K, 44392.000000, 0.000911, 48728869.374314, 44392000.000000, 1.262994, 2, 2.737066, 26226281.488421, 26226281.488421
Z2, 6, 6, 4K, 23176.000000, 0.000940, 24655319.148936, 23176000.000000, 1.262994, 2, 2.737066, 21411571.443345, 21411571.443345
Z2, 7, 6, 4K, 20712.000000, 0.000987, 20984802.431611, 20712000.000000, 1.262994, 2, 2.737066, 20677468.099880, 20677468.099880
Z3, 0, 6, 4K, 6624.000000, 0.022812, 290373.487638, 301088.000000, 1.262994, 2, 2.737066, 16538582.311085, 16538582.311085
Z3, 1, 6, 4K, 12000.000000, 0.000964, 12448132.780083, 12000000.000000, 1.262994, 2, 2.737066, 18970134.169574, 18970134.169574
Z3, 2, 6, 4K, 12312.000000, 0.000940, 13097872.340426, 12312000.000000, 1.262994, 2, 2.737066, 19100082.081643, 19100082.081643
Z3, 3, 6, 4K, 11800.000000, 0.000767, 15384615.384615, 11800000.000000, 1.262994, 2, 2.737066, 19557430.690481, 19557430.690481
Z3, 4, 6, 4K, 11672.000000, 0.000832, 14028846.153846, 11672000.000000, 1.262994, 2, 2.737066, 19286276.844327, 19286276.844327
Z3, 5, 6, 4K, 11856.000000, 0.000814, 14565110.565111, 11856000.000000, 1.262994, 2, 2.737066, 19393529.726580, 19393529.726580
Z3, 6, 6, 4K, 11392.000000, 0.000862, 13215777.262181, 11392000.000000, 1.262994, 2, 2.737066, 19123663.065994, 19123663.065994
Z3, 7, 6, 4K, 11608.000000, 0.000810, 14330864.197531, 11608000.000000, 1.262994, 2, 2.737066, 19346680.453064, 19346680.453064
Z3, 8, 6, 4K, 11808.000000, 0.000762, 15496062.992126, 11808000.000000, 1.262994, 2, 2.737066, 19579720.211983, 19579720.211983
Z3, 9, 6, 4K, 11616.000000, 0.000899, 12921023.359288, 11616000.000000, 1.262994, 2, 2.737066, 19064712.285416, 19064712.285416
Z3, 10, 6, 4K, 11320.000000, 0.001050, 10780952.380952, 11320000.000000, 1.262994, 2, 2.737066, 18636698.089748, 18636698.089748
Z3, 11, 6, 4K, 11456.000000, 0.000792, 14464646.464646, 11456000.000000, 1.262994, 2, 2.737066, 19373436.906487, 19373436.906487
Z3, 12, 6, 4K, 30472.000000, 0.000881, 34587968.217934, 30472000.000000, 1.262994, 2, 2.737066, 23398101.257145, 23398101.257145
Z3, 13, 6, 4K, 27608.000000, 0.000886, 31160270.880361, 27608000.000000, 1.262994, 2, 2.737066, 22712561.789630, 22712561.789630
Z3, 14, 6, 4K, 24088.000000, 0.000803, 29997509.339975, 24088000.000000, 1.262994, 2, 2.737066, 22480009.481553, 22480009.481553
Z3, 15, 6, 4K, 38328.000000, 0.000889, 43113610.798650, 38328000.000000, 1.262994, 2, 2.737066, 25103229.773288, 25103229.773288
Z3, 16, 6, 4K, 32072.000000, 0.000892, 35955156.950673, 32072000.000000, 1.262994, 2, 2.737066, 23671539.003692, 23671539.003692
Z3, 17, 6, 4K, 42136.000000, 0.000904, 46610619.469027, 42136000.000000, 1.262994, 2, 2.737066, 25802631.507363, 25802631.507363
Z3, 18, 6, 4K, 36072.000000, 0.000961, 37535900.104058, 36072000.000000, 1.262994, 2, 2.737066, 23987687.634370, 23987687.634370
Z3, 19, 6, 4K, 27192.000000, 0.000862, 31545243.619490, 27192000.000000, 1.262994, 2, 2.737066, 22789556.337456, 22789556.337456
Z3, 20, 6, 4K, 23688.000000, 0.000841, 28166468.489893, 23688000.000000, 1.262994, 2, 2.737066, 22113801.311536, 22113801.311536
Z3, 21, 6, 4K, 86000.000000, 0.002066, 41626331.074540, 43000000.000000, 1.262994, 2, 2.737066, 24805773.828466, 24805773.828466
Z3, 22, 6, 4K, 62728.000000, 0.000969, 64734778.121775, 62728000.000000, 1.262994, 2, 2.737066, 29427463.237913, 29427463.237913
Z3, 23, 6, 4K, 65864.000000, 0.000917, 71825517.993457, 65864000.000000, 1.262994, 2, 2.737066, 30845611.212249, 30845611.212249
Z3, 24, 6, 4K, 82512.000000, 0.001229, 67137510.170871, 82512000.000000, 1.262994, 2, 2.737066, 29908009.647732, 29908009.647732
Z3, 25, 6, 4K, 102240.000000, 0.001637, 62455711.667685, 102240000.000000, 1.262994, 2, 2.737066, 28971649.947095, 28971649.947095
Z3, 26, 6, 4K, 69304.000000, 0.001063, 65196613.358420, 69304000.000000, 1.262994, 2, 2.737066, 29519830.285242, 29519830.285242
Z3, 27, 6, 4K, 73800.000000, 0.001117, 66069829.901522, 73800000.000000, 1.262994, 2, 2.737066, 29694473.593862, 29694473.593862
Z3, 28, 6, 4K, 59424.000000, 0.001184, 50189189.189189, 59424000.000000, 1.262994, 2, 2.737066, 26518345.451396, 26518345.451396
Z3, 29, 6, 4K, 38896.000000, 0.001229, 31648494.711147, 38896000.000000, 1.262994, 2, 2.737066, 22810206.555787, 22810206.555787
Z3, 30, 6, 4K, 30224.000000, 0.001219, 24794093.519278, 30224000.000000, 1.262994, 2, 2.737066, 21439326.317414, 21439326.317414
Z3, 31, 6, 4K, 34568.000000, 0.000962, 35933471.933472, 34568000.000000, 1.262994, 2, 2.737066, 23667202.000252, 23667202.000252
Z3, 32, 6, 4K, 62896.000000, 0.001070, 58781308.411215, 62896000.000000, 1.262994, 2, 2.737066, 28236769.295801, 28236769.295801
Z3, 33, 6, 4K, 50288.000000, 0.000979, 51366700.715015, 50288000.000000, 1.262994, 2, 2.737066, 26753847.756561, 26753847.756561
Z3, 34, 6, 4K, 37280.000000, 0.001095, 34045662.100457, 37280000.000000, 1.262994, 2, 2.737066, 23289640.033649, 23289640.033649
Z3, 35, 6, 4K, 26840.000000, 0.001149, 23359442.993908, 26840000.000000, 1.262994, 2, 2.737066, 21152396.212339, 21152396.212339
Z3, 36, 6, 4K, 30408.000000, 0.014893, 2041764.587390, 2172000.000000, 1.262994, 2, 2.737066, 16888860.531036, 16888860.531036
Z3, 37, 6, 4K, 24136.000000, 0.001129, 21378210.806023, 24136000.000000, 1.262994, 2, 2.737066, 20756149.774762, 20756149.774762
Z3, 38, 6, 4K, 21376.000000, 0.000805, 26554037.267081, 21376000.000000, 1.262994, 2, 2.737066, 21791315.066974, 21791315.066974
Z1, 0, 7, 4K, 11888.000000, 0.025906, 458889.832471, 475520.000000, 1.130488, 2, 2.869572, 19402996.531659, 19402996.531659
Z2, 0, 7, 4K, 6624.000000, 0.021882, 302714.559912, 315424.000000, 1.130488, 2, 2.869572, 19371761.477147, 19371761.477147
Z2, 1, 7, 4K, 12288.000000, 0.000821, 14967113.276492, 12288000.000000, 1.130488, 2, 2.869572, 22304641.220463, 22304641.220463
Z2, 2, 7, 4K, 11528.000000, 0.000764, 15089005.235602, 11528000.000000, 1.130488, 2, 2.869572, 22329019.612285, 22329019.612285
Z2, 3, 7, 4K, 40440.000000, 0.000958, 42212943.632568, 40440000.000000, 1.130488, 2, 2.869572, 27753807.291678, 27753807.291678
Z2, 4, 7, 4K, 30824.000000, 0.000920, 33504347.826087, 30824000.000000, 1.130488, 2, 2.869572, 26012088.130382, 26012088.130382
Z2, 5, 7, 4K, 33008.000000, 0.000869, 37983889.528193, 33008000.000000, 1.130488, 2, 2.869572, 26907996.470803, 26907996.470803
Z2, 6, 7, 4K, 76304.000000, 0.001052, 72532319.391635, 76304000.000000, 1.130488, 2, 2.869572, 33817682.443492, 33817682.443492
Z2, 7, 7, 4K, 40368.000000, 0.000962, 41962577.962578, 40368000.000000, 1.130488, 2, 2.869572, 27703734.157680, 27703734.157680
Z3, 0, 7, 4K, 12288.000000, 0.022479, 546643.533965, 558544.000000, 1.130488, 2, 2.869572, 19420547.271958, 19420547.271958
Z3, 1, 7, 4K, 12304.000000, 0.000754, 16318302.387268, 12304000.000000, 1.130488, 2, 2.869572, 22574879.042618, 22574879.042618
Z3, 2, 7, 4K, 11832.000000, 0.000774, 15286821.705426, 11832000.000000, 1.130488, 2, 2.869572, 22368582.906250, 22368582.906250
Z3, 3, 7, 4K, 12664.000000, 0.000747, 16953145.917001, 12664000.000000, 1.130488, 2, 2.869572, 22701847.748565, 22701847.748565
Z3, 4, 7, 4K, 11360.000000, 0.000852, 13333333.333333, 11360000.000000, 1.130488, 2, 2.869572, 21977885.231831, 21977885.231831
Z3, 5, 7, 4K, 11624.000000, 0.000851, 13659224.441833, 11624000.000000, 1.130488, 2, 2.869572, 22043063.453531, 22043063.453531
Z3, 6, 7, 4K, 12008.000000, 0.000815, 14733742.331288, 12008000.000000, 1.130488, 2, 2.869572, 22257967.031422, 22257967.031422
Z3, 7, 7, 4K, 11744.000000, 0.000774, 15173126.614987, 11744000.000000, 1.130488, 2, 2.869572, 22345843.888162, 22345843.888162
Z3, 8, 7, 4K, 11584.000000, 0.000745, 15548993.288591, 11584000.000000, 1.130488, 2, 2.869572, 22421017.222883, 22421017.222883
Z3, 9, 7, 4K, 32448.000000, 0.005312, 6108433.734940, 6489600.000000, 1.130488, 2, 2.869572, 20532905.312153, 20532905.312153
Z3, 10, 7, 4K, 29808.000000, 0.000973, 30635149.023638, 29808000.000000, 1.130488, 2, 2.869572, 25438248.369892, 25438248.369892
Z3, 11, 7, 4K, 26008.000000, 0.001350, 19265185.185185, 26008000.000000, 1.130488, 2, 2.869572, 23164255.602202, 23164255.602202
Z3, 12, 7, 4K, 43712.000000, 0.001120, 39028571.428571, 43712000.000000, 1.130488, 2, 2.869572, 27116932.850879, 27116932.850879
Z3, 13, 7, 4K, 42976.000000, 0.001023, 42009775.171065, 42976000.000000, 1.130488, 2, 2.869572, 27713173.599378, 27713173.599378
Z3, 14, 7, 4K, 80888.000000, 0.001242, 65127214.170692, 80888000.000000, 1.130488, 2, 2.869572, 32336661.399303, 32336661.399303
Z3, 15, 7, 4K, 51248.000000, 0.000971, 52778578.784758, 51248000.000000, 1.130488, 2, 2.869572, 29866934.322116, 29866934.322116
Z3, 16, 7, 4K, 29472.000000, 0.000884, 33339366.515837, 29472000.000000, 1.130488, 2, 2.869572, 25979091.868332, 25979091.868332
Z3, 17, 7, 4K, 23856.000000, 0.000825, 28916363.636364, 23856000.000000, 1.130488, 2, 2.869572, 25094491.292437, 25094491.292437
Z3, 18, 7, 4K, 78816.000000, 0.000981, 80342507.645260, 78816000.000000, 1.130488, 2, 2.869572, 35379720.094217, 35379720.094217
Z3, 19, 7, 4K, 66288.000000, 0.000951, 69703470.031546, 66288000.000000, 1.130488, 2, 2.869572, 33251912.571474, 33251912.571474
Z3, 20, 7, 4K, 69920.000000, 0.001025, 68214634.146341, 69920000.000000, 1.130488, 2, 2.869572, 32954145.394433, 32954145.394433
Z3, 21, 7, 4K, 81944.000000, 0.001218, 67277504.105090, 81944000.000000, 1.130488, 2, 2.869572, 32766719.386183, 32766719.386183
Z3, 22, 7, 4K, 102376.000000, 0.001279, 80043784.206411, 102376000.000000, 1.130488, 2, 2.869572, 35319975.406447, 35319975.406447
Z3, 23, 7, 4K, 76792.000000, 0.001226, 62636215.334421, 76792000.000000, 1.130488, 2, 2.869572, 31838461.632049, 31838461.632049
Z3, 24, 7, 4K, 81072.000000, 0.001124, 72128113.879004, 81072000.000000, 1.130488, 2, 2.869572, 33736841.340965, 33736841.340965
Z3, 25, 7, 4K, 62656.000000, 0.001002, 62530938.123752, 62656000.000000, 1.130488, 2, 2.869572, 31817406.189915, 31817406.189915
Z3, 26, 7, 4K, 41248.000000, 0.000906, 45527593.818985, 41248000.000000, 1.130488, 2, 2.869572, 28416737.328962, 28416737.328962
Z3, 27, 7, 4K, 46048.000000, 0.000881, 52267877.412032, 46048000.000000, 1.130488, 2, 2.869572, 29764794.047571, 29764794.047571
Z3, 28, 7, 4K, 66864.000000, 0.005039, 13269299.464179, 13372800.000000, 1.130488, 2, 2.869572, 21965078.458001, 21965078.458001
Z3, 29, 7, 4K, 51888.000000, 0.000942, 55082802.547771, 51888000.000000, 1.130488, 2, 2.869572, 30327779.074719, 30327779.074719
Z3, 30, 7, 4K, 60864.000000, 0.001054, 57745730.550285, 60864000.000000, 1.130488, 2, 2.869572, 30860364.675222, 30860364.675222
Z3, 31, 7, 4K, 30224.000000, 0.000848, 35641509.433962, 30224000.000000, 1.130488, 2, 2.869572, 26439520.451957, 26439520.451957
Z3, 32, 7, 4K, 29312.000000, 0.000716, 40938547.486034, 29312000.000000, 1.130488, 2, 2.869572, 27498928.062371, 27498928.062371
Z3, 33, 7, 4K, 25728.000000, 0.000784, 32816326.530612, 25728000.000000, 1.130488, 2, 2.869572, 25874483.871287, 25874483.871287
Z3, 34, 7, 4K, 27640.000000, 0.000897, 30813823.857302, 27640000.000000, 1.130488, 2, 2.869572, 25473983.336625, 25473983.336625
Z3, 35, 7, 4K, 32608.000000, 0.000834, 39098321.342926, 32608000.000000, 1.130488, 2, 2.869572, 27130882.833750, 27130882.833750
Z3, 36, 7, 4K, 25080.000000, 0.000845, 29680473.372781, 25080000.000000, 1.130488, 2, 2.869572, 25247313.239721, 25247313.239721
Z3, 37, 7, 4K, 21912.000000, 0.001147, 19103748.910201, 21912000.000000, 1.130488, 2, 2.869572, 23131968.347205, 23131968.347205
Z3, 38, 7, 4K, 21440.000000, 0.000932, 23004291.845494, 21440000.000000, 1.130488, 2, 2.869572, 23912076.934263, 23912076.934263
Z1, 0, 8, 4K, 99296.000000, 0.036490, 2721183.885996, 2758216.000000, 1.002607, 2, 3.997453, 20929727.090536, 20929727.090536
Z2, 0, 8, 4K, 6624.000000, 0.021408, 309417.040359, 315424.000000, 1.002607, 2, 3.997453, 20447373.721409, 20447373.721409
Z2, 1, 8, 4K, 12736.000000, 0.000932, 13665236.051502, 12736000.000000, 1.002607, 2, 3.997453, 23118537.523638, 23118537.523638
Z2, 2, 8, 4K, 12272.000000, 0.000935, 13125133.689840, 12272000.000000, 1.002607, 2, 3.997453, 23010517.051305, 23010517.051305
Z2, 3, 8, 4K, 46672.000000, 0.001018, 45846758.349705, 46672000.000000, 1.002607, 2, 3.997453, 29554841.983278, 29554841.983278
Z2, 4, 8, 4K, 116120.000000, 0.001716, 67668997.668998, 116120000.000000, 1.002607, 2, 3.997453, 33919289.847137, 33919289.847137
Z2, 5, 8, 4K, 109880.000000, 0.001699, 64673337.257210, 109880000.000000, 1.002607, 2, 3.997453, 33320157.764779, 33320157.764779
Z2, 6, 8, 4K, 81552.000000, 0.001077, 75721448.467967, 81552000.000000, 1.002607, 2, 3.997453, 35529780.006930, 35529780.006930
Z2, 7, 8, 4K, 48376.000000, 0.001107, 43700090.334237, 48376000.000000, 1.002607, 2, 3.997453, 29125508.380184, 29125508.380184
Z3, 0, 8, 4K, 13168.000000, 0.021066, 625083.072249, 627040.000000, 1.002607, 2, 3.997453, 20510506.927787, 20510506.927787
Z3, 1, 8, 4K, 12440.000000, 0.000756, 16455026.455026, 12440000.000000, 1.002607, 2, 3.997453, 23676495.604342, 23676495.604342
Z3, 2, 8, 4K, 12288.000000, 0.000798, 15398496.240602, 12288000.000000, 1.002607, 2, 3.997453, 23465189.561457, 23465189.561457
Z3, 3, 8, 4K, 13040.000000, 0.000884, 14751131.221719, 13040000.000000, 1.002607, 2, 3.997453, 23335716.557681, 23335716.557681
Z3, 4, 8, 4K, 11984.000000, 0.000829, 14455971.049457, 11984000.000000, 1.002607, 2, 3.997453, 23276684.523229, 23276684.523229
Z3, 5, 8, 4K, 12736.000000, 0.000781, 16307298.335467, 12736000.000000, 1.002607, 2, 3.997453, 23646949.980431, 23646949.980431
Z3, 6, 8, 4K, 12728.000000, 0.000826, 15409200.968523, 12728000.000000, 1.002607, 2, 3.997453, 23467330.507042, 23467330.507042
Z3, 7, 8, 4K, 13416.000000, 0.000843, 15914590.747331, 13416000.000000, 1.002607, 2, 3.997453, 23568408.462803, 23568408.462803
Z3, 8, 8, 4K, 12296.000000, 0.000805, 15274534.161491, 12296000.000000, 1.002607, 2, 3.997453, 23440397.145635, 23440397.145635
Z3, 9, 8, 4K, 12368.000000, 0.000768, 16104166.666667, 12368000.000000, 1.002607, 2, 3.997453, 23606323.646670, 23606323.646670
Z3, 10, 8, 4K, 47728.000000, 0.000949, 50292939.936776, 47728000.000000, 1.002607, 2, 3.997453, 30444078.300692, 30444078.300692
Z3, 11, 8, 4K, 36848.000000, 0.001081, 34086956.521739, 36848000.000000, 1.002607, 2, 3.997453, 27202881.617685, 27202881.617685
Z3, 12, 8, 4K, 37200.000000, 0.001080, 34444444.444444, 37200000.000000, 1.002607, 2, 3.997453, 27274379.202226, 27274379.202226
Z3, 13, 8, 4K, 36304.000000, 0.001029, 35280855.199223, 36304000.000000, 1.002607, 2, 3.997453, 27441661.353182, 27441661.353182
Z3, 14, 8, 4K, 72440.000000, 0.001275, 56815686.274510, 72440000.000000, 1.002607, 2, 3.997453, 31748627.568239, 31748627.568239
Z3, 15, 8, 4K, 94656.000000, 0.001341, 70586129.753915, 94656000.000000, 1.002607, 2, 3.997453, 34502716.264120, 34502716.264120
Z3, 16, 8, 4K, 126944.000000, 0.004614, 27512787.169484, 31736000.000000, 1.002607, 2, 3.997453, 25888047.747234, 25888047.747234
Z3, 17, 8, 4K, 91896.000000, 0.001236, 74349514.563107, 91896000.000000, 1.002607, 2, 3.997453, 35255393.225958, 35255393.225958
Z3, 18, 8, 4K, 51968.000000, 0.001082, 48029574.861368, 51968000.000000, 1.002607, 2, 3.997453, 29991405.285611, 29991405.285611
Z3, 19, 8, 4K, 33024.000000, 0.000986, 33492900.608519, 33024000.000000, 1.002607, 2, 3.997453, 27084070.435041, 27084070.435041
Z3, 20, 8, 4K, 47048.000000, 0.001061, 44343072.573044, 47048000.000000, 1.002607, 2, 3.997453, 29254104.827946, 29254104.827946
Z3, 21, 8, 4K, 183840.000000, 0.002022, 90919881.305638, 91920000.000000, 1.002607, 2, 3.997453, 38569466.574465, 38569466.574465
Z3, 22, 8, 4K, 154184.000000, 0.001903, 81021544.929059, 154184000.000000, 1.002607, 2, 3.997453, 36589799.299149, 36589799.299149
Z3, 23, 8, 4K, 155104.000000, 0.001908, 81291404.612159, 155104000.000000, 1.002607, 2, 3.997453, 36643771.235769, 36643771.235769
Z3, 24, 8, 4K, 164936.000000, 0.001481, 111367994.598244, 164936000.000000, 1.002607, 2, 3.997453, 42659089.232986, 42659089.232986
Z3, 25, 8, 4K, 148008.000000, 0.001567, 94453095.086152, 148008000.000000, 1.002607, 2, 3.997453, 39276109.330567, 39276109.330567
Z3, 26, 8, 4K, 158128.000000, 0.002403, 65804411.152726, 79064000.000000, 1.002607, 2, 3.997453, 33546372.543882, 33546372.543882
Z3, 27, 8, 4K, 212408.000000, 0.002240, 94825000.000000, 106204000.000000, 1.002607, 2, 3.997453, 39350490.313337, 39350490.313337
Z3, 28, 8, 4K, 148464.000000, 0.001915, 77526892.950392, 148464000.000000, 1.002607, 2, 3.997453, 35890868.903415, 35890868.903415
Z3, 29, 8, 4K, 105600.000000, 0.001379, 76577229.876722, 105600000.000000, 1.002607, 2, 3.997453, 35700936.288682, 35700936.288682
Z3, 30, 8, 4K, 74800.000000, 0.001505, 49700996.677741, 74800000.000000, 1.002607, 2, 3.997453, 30325689.648885, 30325689.648885
Z3, 31, 8, 4K, 60904.000000, 0.001141, 53377738.825592, 60904000.000000, 1.002607, 2, 3.997453, 31061038.078455, 31061038.078455
Z3, 32, 8, 4K, 56704.000000, 0.001239, 45765940.274415, 56704000.000000, 1.002607, 2, 3.997453, 29538678.368220, 29538678.368220
Z3, 33, 8, 4K, 77872.000000, 0.001188, 65548821.548822, 77872000.000000, 1.002607, 2, 3.997453, 33495254.623101, 33495254.623101
Z3, 34, 8, 4K, 87632.000000, 0.001222, 71711947.626841, 87632000.000000, 1.002607, 2, 3.997453, 34727879.838705, 34727879.838705
Z3, 35, 8, 4K, 57472.000000, 0.001084, 53018450.184502, 57472000.000000, 1.002607, 2, 3.997453, 30989180.350237, 30989180.350237
Z3, 36, 8, 4K, 71616.000000, 0.017958, 3987971.934514, 4212704.000000, 1.002607, 2, 3.997453, 21183084.700240, 21183084.700240
Z3, 37, 8, 4K, 59800.000000, 0.001138, 52548330.404218, 59800000.000000, 1.002607, 2, 3.997453, 30895156.394181, 30895156.394181
Z3, 38, 8, 4K, 54240.000000, 0.001129, 48042515.500443, 54240000.000000, 1.002607, 2, 3.997453, 29993993.413426, 29993993.413426
Z1, 0, 9, 4K, 143136.000000, 0.022208, 6445244.956772, 6506176.000000, 1.841706, 2, 4.158354, 28557727.399053, 28557727.399053
Z2, 0, 9, 4K, 6624.000000, 0.022126, 299376.299376, 301088.000000, 1.841706, 2, 4.158354, 27328553.667574, 27328553.667574
Z2, 1, 9, 4K, 13352.000000, 0.000869, 15364787.111623, 13352000.000000, 1.841706, 2, 4.158354, 30341635.830023, 30341635.830023
Z2, 2, 9, 4K, 12808.000000, 0.001012, 12656126.482213, 12808000.000000, 1.841706, 2, 4.158354, 29799903.704141, 29799903.704141
Z2, 3, 9, 4K, 62864.000000, 0.001160, 54193103.448276, 62864000.000000, 1.841706, 2, 4.158354, 38107299.097353, 38107299.097353
Z2, 4, 9, 4K, 158280.000000, 0.001956, 80920245.398773, 158280000.000000, 1.841706, 2, 4.158354, 43452727.487453, 43452727.487453
Z2, 5, 9, 4K, 143784.000000, 0.017531, 8201699.845987, 8457880.000000, 1.841706, 2, 4.158354, 28909018.376896, 28909018.376896
Z2, 6, 9, 4K, 59784.000000, 0.001060, 56400000.000000, 59784000.000000, 1.841706, 2, 4.158354, 38548678.407698, 38548678.407698
Z2, 7, 9, 4K, 59624.000000, 0.001187, 50230834.035383, 59624000.000000, 1.841706, 2, 4.158354, 37314845.214775, 37314845.214775
Z3, 0, 9, 4K, 19152.000000, 0.023101, 829055.019263, 832688.000000, 1.841706, 2, 4.158354, 27434489.411551, 27434489.411551
Z3, 1, 9, 4K, 15048.000000, 0.000840, 17914285.714286, 15048000.000000, 1.841706, 2, 4.158354, 30851535.550555, 30851535.550555
Z3, 2, 9, 4K, 13656.000000, 0.000776, 17597938.144330, 13656000.000000, 1.841706, 2, 4.158354, 30788266.036564, 30788266.036564
Z3, 3, 9, 4K, 15568.000000, 0.000815, 19101840.490798, 15568000.000000, 1.841706, 2, 4.158354, 31089046.505858, 31089046.505858
Z3, 4, 9, 4K, 19992.000000, 0.004624, 4323529.411765, 4998000.000000, 1.841706, 2, 4.158354, 28133384.290051, 28133384.290051
Z3, 5, 9, 4K, 43816.000000, 0.001040, 42130769.230769, 43816000.000000, 1.841706, 2, 4.158354, 35694832.253852, 35694832.253852
Z3, 6, 9, 4K, 32640.000000, 0.001075, 30362790.697674, 32640000.000000, 1.841706, 2, 4.158354, 33341236.547233, 33341236.547233
Z3, 7, 9, 4K, 13112.000000, 0.000725, 18085517.241379, 13112000.000000, 1.841706, 2, 4.158354, 30885781.855974, 30885781.855974
Z3, 8, 9, 4K, 12720.000000, 0.000873, 14570446.735395, 12720000.000000, 1.841706, 2, 4.158354, 30182767.754777, 30182767.754777
Z3, 9, 9, 4K, 11704.000000, 0.000726, 16121212.121212, 11704000.000000, 1.841706, 2, 4.158354, 30492920.831941, 30492920.831941
Z3, 10, 9, 4K, 56456.000000, 0.000905, 62382320.441989, 56456000.000000, 1.841706, 2, 4.158354, 39745142.496096, 39745142.496096
Z3, 11, 9, 4K, 42936.000000, 0.000923, 46517876.489707, 42936000.000000, 1.841706, 2, 4.158354, 36572253.705640, 36572253.705640
Z3, 12, 9, 4K, 49664.000000, 0.000987, 50318135.764944, 49664000.000000, 1.841706, 2, 4.158354, 37332305.560687, 37332305.560687
Z3, 13, 9, 4K, 55832.000000, 0.000968, 57677685.950413, 55832000.000000, 1.841706, 2, 4.158354, 38804215.597781, 38804215.597781
Z3, 14, 9, 4K, 101440.000000, 0.001274, 79623233.908948, 101440000.000000, 1.841706, 2, 4.158354, 43193325.189488, 43193325.189488
Z3, 15, 9, 4K, 127064.000000, 0.001541, 82455548.345230, 127064000.000000, 1.841706, 2, 4.158354, 43759788.076744, 43759788.076744
Z3, 16, 9, 4K, 186256.000000, 0.001903, 97874934.314241, 186256000.000000, 1.841706, 2, 4.158354, 46843665.270546, 46843665.270546
Z3, 17, 9, 4K, 117264.000000, 0.001438, 81546592.489569, 117264000.000000, 1.841706, 2, 4.158354, 43577996.905612, 43577996.905612
Z3, 18, 9, 4K, 90064.000000, 0.001351, 66664692.820133, 90064000.000000, 1.841706, 2, 4.158354, 40601616.971725, 40601616.971725
Z3, 19, 9, 4K, 46808.000000, 0.000994, 47090543.259557, 46808000.000000, 1.841706, 2, 4.158354, 36686787.059610, 36686787.059610
Z3, 20, 9, 4K, 65080.000000, 0.001100, 59163636.363636, 65080000.000000, 1.841706, 2, 4.158354, 39101405.680426, 39101405.680426
Z3, 21, 9, 4K, 210712.000000, 0.001896, 111135021.097046, 210712000.000000, 1.841706, 2, 4.158354, 49495682.627108, 49495682.627108
Z3, 22, 9, 4K, 212696.000000, 0.001725, 123302028.985507, 212696000.000000, 1.841706, 2, 4.158354, 51929084.204800, 51929084.204800
Z3, 23, 9, 4K, 204264.000000, 0.001598, 127824780.976220, 204264000.000000, 1.841706, 2, 4.158354, 52833634.602942, 52833634.602942
Z3, 24, 9, 4K, 225960.000000, 0.001949, 115936377.629554, 225960000.000000, 1.841706, 2, 4.158354, 50455953.933609, 50455953.933609
Z3, 25, 9, 4K, 199056.000000, 0.002123, 93761658.031088, 99528000.000000, 1.841706, 2, 4.158354, 46021010.013916, 46021010.013916
Z3, 26, 9, 4K, 204104.000000, 0.001872, 109029914.529915, 204104000.000000, 1.841706, 2, 4.158354, 49074661.313681, 49074661.313681
Z3, 27, 9, 4K, 264656.000000, 0.002425, 109136494.845361, 132328000.000000, 1.841706, 2, 4.158354, 49095977.376770, 49095977.376770
Z3, 28, 9, 4K, 229440.000000, 0.002671, 85900411.830775, 114720000.000000, 1.841706, 2, 4.158354, 44448760.773853, 44448760.773853
Z3, 29, 9, 4K, 144400.000000, 0.001629, 88643339.472069, 144400000.000000, 1.841706, 2, 4.158354, 44997346.302112, 44997346.302112
Z3, 30, 9, 4K, 71424.000000, 0.001090, 65526605.504587, 71424000.000000, 1.841706, 2, 4.158354, 40373999.508616, 40373999.508616
Z3, 31, 9, 4K, 71768.000000, 0.001046, 68611854.684512, 71768000.000000, 1.841706, 2, 4.158354, 40991049.344601, 40991049.344601
Z3, 32, 9, 4K, 78016.000000, 0.001347, 57918337.045286, 78016000.000000, 1.841706, 2, 4.158354, 38852345.816755, 38852345.816755
Z3, 33, 9, 4K, 85112.000000, 0.001187, 71703454.085931, 85112000.000000, 1.841706, 2, 4.158354, 41609369.224884, 41609369.224884
Z3, 34, 9, 4K, 105792.000000, 0.001434, 73774058.577406, 105792000.000000, 1.841706, 2, 4.158354, 42023490.123179, 42023490.123179
Z3, 35, 9, 4K, 59104.000000, 0.001014, 58287968.441815, 59104000.000000, 1.841706, 2, 4.158354, 38926272.096061, 38926272.096061
Z3, 36, 9, 4K, 89744.000000, 0.001322, 67885022.692890, 89744000.000000, 1.841706, 2, 4.158354, 40845682.946276, 40845682.946276
Z3, 37, 9, 4K, 82576.000000, 0.004548, 18156552.330695, 20644000.000000, 1.841706, 2, 4.158354, 30899988.873837, 30899988.873837
Z3, 38, 9, 4K, 72616.000000, 0.001864, 38957081.545064, 72616000.000000, 1.841706, 2, 4.158354, 35060094.716711, 35060094.716711
Z1, 0, 10, 4K, 171632.000000, 0.025032, 6856503.675296, 6865280.000000, 1.685456, 2, 4.314604, 28682885.966675, 28682885.966675
Z2, 0, 10, 4K, 6624.000000, 0.020809, 318323.802201, 331200.000000, 1.685456, 2, 4.314604, 27375249.992057, 27375249.992057
Z2, 1, 10, 4K, 21424.000000, 0.000861, 24882694.541231, 21424000.000000, 1.685456, 2, 4.314604, 32288124.139863, 32288124.139863
Z2, 2, 10, 4K, 11408.000000, 0.000894, 12760626.398210, 11408000.000000, 1.685456, 2, 4.314604, 29863710.511258, 29863710.511258
Z2, 3, 10, 4K, 91896.000000, 0.001225, 75017142.857143, 91896000.000000, 1.685456, 2, 4.314604, 42315013.803045, 42315013.803045
Z2, 4, 10, 4K, 176696.000000, 0.002182, 80978918.423465, 88348000.000000, 1.685456, 2, 4.314604, 43507368.916309, 43507368.916309
Z2, 5, 10, 4K, 150256.000000, 0.001691, 88856298.048492, 150256000.000000, 1.685456, 2, 4.314604, 45082844.841315, 45082844.841315
Z2, 6, 10, 4K, 75936.000000, 0.001272, 59698113.207547, 75936000.000000, 1.685456, 2, 4.314604, 39251207.873126, 39251207.873126
Z2, 7, 10, 4K, 96152.000000, 0.001288, 74652173.913043, 96152000.000000, 1.685456, 2, 4.314604, 42242020.014225, 42242020.014225
Z3, 0, 10, 4K, 61888.000000, 0.021617, 2862931.951705, 2947040.000000, 1.685456, 2, 4.314604, 27884171.621957, 27884171.621957
Z3, 1, 10, 4K, 32688.000000, 0.001091, 29961503.208066, 32688000.000000, 1.685456, 2, 4.314604, 33303885.873230, 33303885.873230
Z3, 2, 10, 4K, 21168.000000, 0.001406, 15055476.529161, 21168000.000000, 1.685456, 2, 4.314604, 30322680.537448, 30322680.537448
Z3, 3, 10, 4K, 28472.000000, 0.016839, 1690836.748025, 1779496.000000, 1.685456, 2, 4.314604, 27649752.581221, 27649752.581221
Z3, 4, 10, 4K, 45352.000000, 0.001533, 29583822.570124, 45352000.000000, 1.685456, 2, 4.314604, 33228349.745641, 33228349.745641
Z3, 5, 10, 4K, 72936.000000, 0.001600, 45585000.000000, 72936000.000000, 1.685456, 2, 4.314604, 36428585.231616, 36428585.231616
Z3, 6, 10, 4K, 27848.000000, 0.000974, 28591375.770021, 27848000.000000, 1.685456, 2, 4.314604, 33029860.385620, 33029860.385620
Z3, 7, 10, 4K, 13192.000000, 0.000838, 15742243.436754, 13192000.000000, 1.685456, 2, 4.314604, 30460033.918967, 30460033.918967
Z3, 8, 10, 4K, 11896.000000, 0.000801, 14851435.705368, 11896000.000000, 1.685456, 2, 4.314604, 30281872.372690, 30281872.372690
Z3, 9, 10, 4K, 11528.000000, 0.000838, 13756563.245823, 11528000.000000, 1.685456, 2, 4.314604, 30062897.880781, 30062897.880781
Z3, 10, 10, 4K, 75360.000000, 0.016825, 4479049.034175, 4710000.000000, 1.685456, 2, 4.314604, 28207395.038451, 28207395.038451
Z3, 11, 10, 4K, 100176.000000, 0.207634, 482464.336284, 483936.000000, 1.685456, 2, 4.314604, 27408078.098873, 27408078.098873
Z3, 12, 10, 4K, 71264.000000, 0.001946, 36620760.534430, 71264000.000000, 1.685456, 2, 4.314604, 34635737.338502, 34635737.338502
Z3, 13, 10, 4K, 87864.000000, 0.001719, 51113438.045375, 87864000.000000, 1.685456, 2, 4.314604, 37534272.840691, 37534272.840691
Z3, 14, 10, 4K, 125616.000000, 0.002142, 58644257.703081, 62808000.000000, 1.685456, 2, 4.314604, 39040436.772233, 39040436.772233
Z3, 15, 10, 4K, 148008.000000, 0.005199, 28468551.644547, 29601600.000000, 1.685456, 2, 4.314604, 33005295.560526, 33005295.560526
Z3, 16, 10, 4K, 196960.000000, 0.003101, 63514995.162851, 65653328.000000, 1.685456, 2, 4.314604, 40014584.264186, 40014584.264186
Z3, 17, 10, 4K, 128568.000000, 0.002710, 47442066.420664, 64284000.000000, 1.685456, 2, 4.314604, 36799998.515749, 36799998.515749
Z3, 18, 10, 4K, 101392.000000, 0.002366, 42853761.622992, 50696000.000000, 1.685456, 2, 4.314604, 35882337.556215, 35882337.556215
Z3, 19, 10, 4K, 96624.000000, 0.002059, 46927634.774162, 48312000.000000, 1.685456, 2, 4.314604, 36697112.186449, 36697112.186449
Z3, 20, 10, 4K, 99416.000000, 0.001938, 51298245.614035, 99416000.000000, 1.685456, 2, 4.314604, 37571234.354423, 37571234.354423
Z3, 21, 10, 4K, 235888.000000, 0.004235, 55699645.808737, 58972000.000000, 1.685456, 2, 4.314604, 38451514.393364, 38451514.393364
Z3, 22, 10, 4K, 238056.000000, 0.003483, 68347975.882860, 79352000.000000, 1.685456, 2, 4.314604, 40981180.408188, 40981180.408188
Z3, 23, 10, 4K, 231240.000000, 0.002246, 102956366.874443, 115620000.000000, 1.685456, 2, 4.314604, 47902858.606505, 47902858.606505
Z3, 24, 10, 4K, 299680.000000, 0.002434, 123122432.210353, 149840000.000000, 1.685456, 2, 4.314604, 51936071.673687, 51936071.673687
Z3, 25, 10, 4K, 228120.000000, 0.006961, 32771153.569889, 38020000.000000, 1.685456, 2, 4.314604, 33865815.945594, 33865815.945594
Z3, 26, 10, 4K, 227320.000000, 0.004005, 56759051.186017, 56830000.000000, 1.685456, 2, 4.314604, 38663395.468820, 38663395.468820
Z3, 27, 10, 4K, 304072.000000, 0.022088, 13766388.989497, 13821448.000000, 1.685456, 2, 4.314604, 30064863.029516, 30064863.029516
Z3, 28, 10, 4K, 353400.000000, 0.004573, 77279685.108244, 88350000.000000, 1.685456, 2, 4.314604, 42767522.253265, 42767522.253265
Z3, 29, 10, 4K, 172656.000000, 0.002605, 66278694.817658, 86328000.000000, 1.685456, 2, 4.314604, 40567324.195148, 40567324.195148
Z3, 30, 10, 4K, 98848.000000, 0.002012, 49129224.652087, 49424000.000000, 1.685456, 2, 4.314604, 37137430.162034, 37137430.162034
Z3, 31, 10, 4K, 91496.000000, 0.018348, 4986701.547853, 5083104.000000, 1.685456, 2, 4.314604, 28308925.541187, 28308925.541187
Z3, 32, 10, 4K, 97576.000000, 0.002079, 46934102.934103, 48788000.000000, 1.685456, 2, 4.314604, 36698405.818437, 36698405.818437
Z3, 33, 10, 4K, 97704.000000, 0.001942, 50311019.567456, 97704000.000000, 1.685456, 2, 4.314604, 37373789.145108, 37373789.145108
Z3, 34, 10, 4K, 88320.000000, 0.001887, 46804451.510334, 88320000.000000, 1.685456, 2, 4.314604, 36672475.533683, 36672475.533683
Z3, 35, 10, 4K, 87440.000000, 0.001821, 48017572.762219, 87440000.000000, 1.685456, 2, 4.314604, 36915099.784060, 36915099.784060
Z3, 36, 10, 4K, 104440.000000, 0.020128, 5188791.732909, 5222000.000000, 1.685456, 2, 4.314604, 28349343.578198, 28349343.578198
Z3, 37, 10, 4K, 121960.000000, 0.004070, 29965601.965602, 30490000.000000, 1.685456, 2, 4.314604, 33304705.624737, 33304705.624737
Z3, 38, 10, 4K, 101328.000000, 0.004920, 20595121.951220, 25332000.000000, 1.685456, 2, 4.314604, 31430609.621860, 31430609.621860
Z1, 0, 11, 4K, 187144.000000, 0.023003, 8135634.482459, 8136688.000000, 1.219271, 2, 5.780789, 27746929.064936, 27746929.064936
Z2, 0, 11, 4K, 6624.000000, 0.023787, 278471.433977, 288000.000000, 1.219271, 2, 5.780789, 26175496.455239, 26175496.455239
Z2, 1, 11, 4K, 30984.000000, 0.000843, 36754448.398577, 30984000.000000, 1.219271, 2, 5.780789, 33470691.848159, 33470691.848159
Z2, 2, 11, 4K, 15416.000000, 0.000803, 19198007.471980, 15416000.000000, 1.219271, 2, 5.780789, 29959403.662840, 29959403.662840
Z2, 3, 11, 4K, 106528.000000, 0.001616, 65920792.079208, 106528000.000000, 1.219271, 2, 5.780789, 39303960.584286, 39303960.584286
Z2, 4, 11, 4K, 207096.000000, 0.002311, 89613154.478581, 103548000.000000, 1.219271, 2, 5.780789, 44042433.064160, 44042433.064160
Z2, 5, 11, 4K, 144872.000000, 0.001786, 81115341.545353, 144872000.000000, 1.219271, 2, 5.780789, 42342870.477515, 42342870.477515
Z2, 6, 11, 4K, 96736.000000, 0.018793, 5147448.518065, 5374216.000000, 1.219271, 2, 5.780789, 27149291.872057, 27149291.872057
Z2, 7, 11, 4K, 148752.000000, 0.002338, 63623609.923011, 74376000.000000, 1.219271, 2, 5.780789, 38844524.153046, 38844524.153046
Z3, 0, 11, 4K, 34936.000000, 0.023630, 1478459.585273, 1518952.000000, 1.219271, 2, 5.780789, 26415494.085499, 26415494.085499
Z3, 1, 11, 4K, 27632.000000, 0.000813, 33987699.876999, 27632000.000000, 1.219271, 2, 5.780789, 32917342.143844, 32917342.143844
Z3, 2, 11, 4K, 23520.000000, 0.000835, 28167664.670659, 23520000.000000, 1.219271, 2, 5.780789, 31753335.102576, 31753335.102576
Z3, 3, 11, 4K, 31368.000000, 0.000926, 33874730.021598, 31368000.000000, 1.219271, 2, 5.780789, 32894748.172764, 32894748.172764
Z3, 4, 11, 4K, 54312.000000, 0.001006, 53988071.570577, 54312000.000000, 1.219271, 2, 5.780789, 36917416.482559, 36917416.482559
Z3, 5, 11, 4K, 40752.000000, 0.000914, 44586433.260394, 40752000.000000, 1.219271, 2, 5.780789, 35037088.820523, 35037088.820523
Z3, 6, 11, 4K, 38360.000000, 0.000840, 45666666.666667, 38360000.000000, 1.219271, 2, 5.780789, 35253135.501777, 35253135.501777
Z3, 7, 11, 4K, 36560.000000, 0.000880, 41545454.545455, 36560000.000000, 1.219271, 2, 5.780789, 34428893.077535, 34428893.077535
Z3, 8, 11, 4K, 21080.000000, 0.000845, 24946745.562130, 21080000.000000, 1.219271, 2, 5.780789, 31109151.280870, 31109151.280870
Z3, 9, 11, 4K, 20560.000000, 0.000789, 26058301.647655, 20560000.000000, 1.219271, 2, 5.780789, 31331462.497975, 31331462.497975
Z3, 10, 11, 4K, 91920.000000, 0.001105, 83185520.361991, 91920000.000000, 1.219271, 2, 5.780789, 42756906.240842, 42756906.240842
Z3, 11, 11, 4K, 138720.000000, 0.001598, 86808510.638298, 138720000.000000, 1.219271, 2, 5.780789, 43481504.296104, 43481504.296104
Z3, 12, 11, 4K, 120856.000000, 0.001682, 71852556.480381, 120856000.000000, 1.219271, 2, 5.780789, 40490313.464520, 40490313.464520
Z3, 13, 11, 4K, 114584.000000, 0.001321, 86740348.221045, 114584000.000000, 1.219271, 2, 5.780789, 43467871.812653, 43467871.812653
Z3, 14, 11, 4K, 144272.000000, 0.001844, 78238611.713666, 144272000.000000, 1.219271, 2, 5.780789, 41767524.511177, 41767524.511177
Z3, 15, 11, 4K, 138616.000000, 0.001480, 93659459.459459, 138616000.000000, 1.219271, 2, 5.780789, 44851694.060336, 44851694.060336
Z3, 16, 11, 4K, 211528.000000, 0.001931, 109543241.843604, 211528000.000000, 1.219271, 2, 5.780789, 48028450.537165, 48028450.537165
Z3, 17, 11, 4K, 135616.000000, 0.001317, 102973424.449506, 135616000.000000, 1.219271, 2, 5.780789, 46714487.058345, 46714487.058345
Z3, 18, 11, 4K, 99488.000000, 0.001203, 82699916.874480, 99488000.000000, 1.219271, 2, 5.780789, 42659785.543340, 42659785.543340
Z3, 19, 11, 4K, 90224.000000, 0.005307, 17000942.151875, 18044800.000000, 1.219271, 2, 5.780789, 29519990.598819, 29519990.598819
Z3, 20, 11, 4K, 89648.000000, 0.001533, 58478799.739074, 89648000.000000, 1.219271, 2, 5.780789, 37815562.116259, 37815562.116259
Z3, 21, 11, 4K, 254456.000000, 0.002185, 116455835.240275, 127228000.000000, 1.219271, 2, 5.780789, 49410969.216499, 49410969.216499
Z3, 22, 11, 4K, 295200.000000, 0.002077, 142128069.330766, 147600000.000000, 1.219271, 2, 5.780789, 54545416.034597, 54545416.034597
Z3, 23, 11, 4K, 337696.000000, 0.002148, 157214152.700186, 168848000.000000, 1.219271, 2, 5.780789, 57562632.708481, 57562632.708481
Z3, 24, 11, 4K, 372720.000000, 0.002238, 166541554.959786, 186360000.000000, 1.219271, 2, 5.780789, 59428113.160401, 59428113.160401
Z3, 25, 11, 4K, 225672.000000, 0.001705, 132358944.281525, 225672000.000000, 1.219271, 2, 5.780789, 52591591.024749, 52591591.024749
Z3, 26, 11, 4K, 265312.000000, 0.001801, 147313714.602998, 265312000.000000, 1.219271, 2, 5.780789, 55582545.089044, 55582545.089044
Z3, 27, 11, 4K, 373248.000000, 0.002200, 169658181.818182, 186624000.000000, 1.219271, 2, 5.780789, 60051438.532080, 60051438.532080
Z3, 28, 11, 4K, 513952.000000, 0.002608, 197067484.662577, 256976000.000000, 1.219271, 2, 5.780789, 65533299.100959, 65533299.100959
Z3, 29, 11, 4K, 265808.000000, 0.005597, 47491155.976416, 53161600.000000, 1.219271, 2, 5.780789, 35618033.363727, 35618033.363727
Z3, 30, 11, 4K, 102392.000000, 0.001260, 81263492.063492, 102392000.000000, 1.219271, 2, 5.780789, 42372500.581142, 42372500.581142
Z3, 31, 11, 4K, 91552.000000, 0.001097, 83456700.091158, 91552000.000000, 1.219271, 2, 5.780789, 42811142.186676, 42811142.186676
Z3, 32, 11, 4K, 101968.000000, 0.001123, 90799643.811220, 101968000.000000, 1.219271, 2, 5.780789, 44279730.930688, 44279730.930688
Z3, 33, 11, 4K, 107392.000000, 0.001333, 80564141.035259, 107392000.000000, 1.219271, 2, 5.780789, 42232630.375496, 42232630.375496
Z3, 34, 11, 4K, 80560.000000, 0.001071, 75219421.101774, 80560000.000000, 1.219271, 2, 5.780789, 41163686.388799, 41163686.388799
Z3, 35, 11, 4K, 93112.000000, 0.001080, 86214814.814815, 93112000.000000, 1.219271, 2, 5.780789, 43362765.131407, 43362765.131407
Z3, 36, 11, 4K, 90024.000000, 0.001336, 67383233.532934, 90024000.000000, 1.219271, 2, 5.780789, 39596448.875031, 39596448.875031
Z3, 37, 11, 4K, 76112.000000, 0.001290, 59001550.387597, 76112000.000000, 1.219271, 2, 5.780789, 37920112.245963, 37920112.245963
Z3, 38, 11, 4K, 104384.000000, 0.001123, 92951024.042743, 104384000.000000, 1.219271, 2, 5.780789, 44710006.976993, 44710006.976993
Z1, 0, 12, 4K, 177168.000000, 0.033722, 5253780.914537, 5368720.000000, 1.052032, 2, 5.948028, 41159904.790801, 41159904.790801
Z2, 0, 12, 4K, 6624.000000, 0.021685, 305464.606871, 315424.000000, 1.052032, 2, 5.948028, 40170241.529268, 40170241.529268
Z2, 1, 12, 4K, 20480.000000, 0.001265, 16189723.320158, 20480000.000000, 1.052032, 2, 5.948028, 43347093.271925, 43347093.271925
Z2, 2, 12, 4K, 11144.000000, 0.000762, 14624671.916010, 11144000.000000, 1.052032, 2, 5.948028, 43034082.991096, 43034082.991096
Z2, 3, 12, 4K, 104480.000000, 0.001358, 76936671.575847, 104480000.000000, 1.052032, 2, 5.948028, 55496482.923063, 55496482.923063
Z2, 4, 12, 4K, 214760.000000, 0.002380, 90235294.117647, 107380000.000000, 1.052032, 2, 5.948028, 58156207.431423, 58156207.431423
Z2, 5, 12, 4K, 256424.000000, 0.002094, 122456542.502388, 128212000.000000, 1.052032, 2, 5.948028, 64600457.108371, 64600457.108371
Z2, 6, 12, 4K, 80536.000000, 0.001220, 66013114.754098, 80536000.000000, 1.052032, 2, 5.948028, 53311771.558714, 53311771.558714
Z2, 7, 12, 4K, 97728.000000, 0.001146, 85277486.910995, 97728000.000000, 1.052032, 2, 5.948028, 57164645.990093, 57164645.990093
Z3, 0, 12, 4K, 19496.000000, 0.021582, 903345.380410, 928376.000000, 1.052032, 2, 5.948028, 40289817.683976, 40289817.683976
Z3, 1, 12, 4K, 41600.000000, 0.001038, 40077071.290944, 41600000.000000, 1.052032, 2, 5.948028, 48124562.866083, 48124562.866083
Z3, 2, 12, 4K, 26232.000000, 0.001210, 21679338.842975, 26232000.000000, 1.052032, 2, 5.948028, 44445016.376489, 44445016.376489
Z3, 3, 12, 4K, 35912.000000, 0.001057, 33975402.081362, 35912000.000000, 1.052032, 2, 5.948028, 46904229.024166, 46904229.024166
Z3, 4, 12, 4K, 31912.000000, 0.001019, 31316977.428852, 31912000.000000, 1.052032, 2, 5.948028, 46372544.093664, 46372544.093664
Z3, 5, 12, 4K, 19240.000000, 0.001070, 17981308.411215, 19240000.000000, 1.052032, 2, 5.948028, 43705410.290137, 43705410.290137
Z3, 6, 12, 4K, 15136.000000, 0.001278, 11843505.477308, 15136000.000000, 1.052032, 2, 5.948028, 42477849.703356, 42477849.703356
Z3, 7, 12, 4K, 11880.000000, 0.000894, 13288590.604027, 11880000.000000, 1.052032, 2, 5.948028, 42766866.728699, 42766866.728699
Z3, 8, 12, 4K, 11424.000000, 0.000814, 14034398.034398, 11424000.000000, 1.052032, 2, 5.948028, 42916028.214773, 42916028.214773
Z3, 9, 12, 4K, 12184.000000, 0.000921, 13229098.805646, 12184000.000000, 1.052032, 2, 5.948028, 42754968.369023, 42754968.369023
Z3, 10, 12, 4K, 110704.000000, 0.001760, 62900000.000000, 110704000.000000, 1.052032, 2, 5.948028, 52689148.607894, 52689148.607894
Z3, 11, 12, 4K, 129784.000000, 0.001659, 78230259.192285, 129784000.000000, 1.052032, 2, 5.948028, 55755200.446351, 55755200.446351
Z3, 12, 12, 4K, 166568.000000, 0.001666, 99980792.316927, 166568000.000000, 1.052032, 2, 5.948028, 60105307.071279, 60105307.071279
Z3, 13, 12, 4K, 122960.000000, 0.001362, 90279001.468429, 122960000.000000, 1.052032, 2, 5.948028, 58164948.901580, 58164948.901580
Z3, 14, 12, 4K, 171640.000000, 0.005374, 31938965.388910, 34328000.000000, 1.052032, 2, 5.948028, 46496941.685676, 46496941.685676
Z3, 15, 12, 4K, 164560.000000, 0.001692, 97257683.215130, 164560000.000000, 1.052032, 2, 5.948028, 59560685.250920, 59560685.250920
Z3, 16, 12, 4K, 200832.000000, 0.001919, 104654507.556019, 200832000.000000, 1.052032, 2, 5.948028, 61040050.119098, 61040050.119098
Z3, 17, 12, 4K, 163440.000000, 0.001555, 105106109.324759, 163440000.000000, 1.052032, 2, 5.948028, 61130370.472846, 61130370.472846
Z3, 18, 12, 4K, 195408.000000, 0.207713, 940759.605802, 944000.000000, 1.052032, 2, 5.948028, 40297300.529054, 40297300.529054
Z3, 19, 12, 4K, 141952.000000, 0.001706, 83207502.930832, 141952000.000000, 1.052032, 2, 5.948028, 56750649.194060, 56750649.194060
Z3, 20, 12, 4K, 115864.000000, 0.001443, 80293832.293832, 115864000.000000, 1.052032, 2, 5.948028, 56167915.066660, 56167915.066660
Z3, 21, 12, 4K, 248576.000000, 0.018437, 13482453.761458, 13809776.000000, 1.052032, 2, 5.948028, 42805639.360185, 42805639.360185
Z3, 22, 12, 4K, 345040.000000, 0.006188, 55759534.583064, 57506664.000000, 1.052032, 2, 5.948028, 51261055.524507, 51261055.524507
Z3, 23, 12, 4K, 295296.000000, 0.002588, 114102009.273570, 147648000.000000, 1.052032, 2, 5.948028, 62929550.462608, 62929550.462608
Z3, 24, 12, 4K, 385520.000000, 0.002928, 131666666.666667, 192760000.000000, 1.052032, 2, 5.948028, 66442481.941227, 66442481.941227
Z3, 25, 12, 4K, 219952.000000, 0.002060, 106772815.533981, 109976000.000000, 1.052032, 2, 5.948028, 61463711.714690, 61463711.714690
Z3, 26, 12, 4K, 323240.000000, 0.002734, 118229700.073153, 161620000.000000, 1.052032, 2, 5.948028, 63755088.622524, 63755088.622524
Z3, 27, 12, 4K, 481656.000000, 0.003674, 131098530.212303, 160552000.000000, 1.052032, 2, 5.948028, 66328854.650354, 66328854.650354
Z3, 28, 12, 4K, 552784.000000, 0.004057, 136254375.154055, 138196000.000000, 1.052032, 2, 5.948028, 67360023.638705, 67360023.638705
Z3, 29, 12, 4K, 439328.000000, 0.003284, 133778319.123021, 146442664.000000, 1.052032, 2, 5.948028, 66864812.432498, 66864812.432498
Z3, 30, 12, 4K, 78928.000000, 0.001297, 60854279.105628, 78928000.000000, 1.052032, 2, 5.948028, 52280004.429020, 52280004.429020
Z3, 31, 12, 4K, 90936.000000, 0.001325, 68630943.396226, 90936000.000000, 1.052032, 2, 5.948028, 53835337.287139, 53835337.287139
Z3, 32, 12, 4K, 108688.000000, 0.001353, 80331116.038433, 108688000.000000, 1.052032, 2, 5.948028, 56175371.815581, 56175371.815581
Z3, 33, 12, 4K, 106656.000000, 0.001548, 68899224.806202, 106656000.000000, 1.052032, 2, 5.948028, 53888993.569134, 53888993.569134
Z3, 34, 12, 4K, 105120.000000, 0.001608, 65373134.328358, 105120000.000000, 1.052032, 2, 5.948028, 53183775.473566, 53183775.473566
Z3, 35, 12, 4K, 114168.000000, 0.001447, 78899792.674499, 114168000.000000, 1.052032, 2, 5.948028, 55889107.142794, 55889107.142794
Z3, 36, 12, 4K, 172408.000000, 0.001893, 91076597.992604, 172408000.000000, 1.052032, 2, 5.948028, 58324468.206415, 58324468.206415
Z3, 37, 12, 4K, 121920.000000, 0.001547, 78810601.163542, 121920000.000000, 1.052032, 2, 5.948028, 55871268.840602, 55871268.840602
Z3, 38, 12, 4K, 90808.000000, 0.001370, 66283211.678832, 90808000.000000, 1.052032, 2, 5.948028, 53365790.943660, 53365790.943660
Z1, 0, 13, 4K, 231376.000000, 0.026334, 8786207.944103, 8899072.000000, 1.000000, 2, 7.338179, 45514529.432392, 45514529.432392
Z2, 0, 13, 4K, 6624.000000, 0.023175, 285825.242718, 288000.000000, 1.000000, 2, 7.338179, 43814452.892115, 43814452.892115
Z2, 1, 13, 4K, 14096.000000, 0.000930, 15156989.247312, 14096000.000000, 1.000000, 2, 7.338179, 46788685.693034, 46788685.693034
Z2, 2, 13, 4K, 12072.000000, 0.000876, 13780821.917808, 12072000.000000, 1.000000, 2, 7.338179, 46513452.227133, 46513452.227133
Z2, 3, 13, 4K, 11568.000000, 0.000999, 11579579.579580, 11568000.000000, 1.000000, 2, 7.338179, 46073203.759488, 46073203.759488
Z2, 4, 13, 4K, 265632.000000, 0.003336, 79625899.280576, 88544000.000000, 1.000000, 2, 7.338179, 59682467.699687, 59682467.699687
Z2, 5, 13, 4K, 183344.000000, 0.002563, 71534920.015607, 91672000.000000, 1.000000, 2, 7.338179, 58064271.846693, 58064271.846693
Z2, 6, 13, 4K, 344104.000000, 0.004017, 85661936.768733, 86026000.000000, 1.000000, 2, 7.338179, 60889675.197318, 60889675.197318
Z2, 7, 13, 4K, 316392.000000, 0.003682, 85929386.203150, 105464000.000000, 1.000000, 2, 7.338179, 60943165.084202, 60943165.084202
Z3, 0, 13, 4K, 18240.000000, 0.021386, 852894.416908, 868568.000000, 1.000000, 2, 7.338179, 43927866.726953, 43927866.726953
Z3, 1, 13, 4K, 19120.000000, 0.000791, 24171934.260430, 19120000.000000, 1.000000, 2, 7.338179, 48591674.695658, 48591674.695658
Z3, 2, 13, 4K, 17576.000000, 0.000839, 20948748.510131, 17576000.000000, 1.000000, 2, 7.338179, 47947037.545598, 47947037.545598
Z3, 3, 13, 4K, 13752.000000, 0.000829, 16588661.037394, 13752000.000000, 1.000000, 2, 7.338179, 47075020.051051, 47075020.051051
Z3, 4, 13, 4K, 20424.000000, 0.000835, 24459880.239521, 20424000.000000, 1.000000, 2, 7.338179, 48649263.891476, 48649263.891476
Z3, 5, 13, 4K, 31888.000000, 0.000879, 36277588.168373, 31888000.000000, 1.000000, 2, 7.338179, 51012805.477246, 51012805.477246
Z3, 6, 13, 4K, 34824.000000, 0.000873, 39890034.364261, 34824000.000000, 1.000000, 2, 7.338179, 51735294.716424, 51735294.716424
Z3, 7, 13, 4K, 27304.000000, 0.000955, 28590575.916230, 27304000.000000, 1.000000, 2, 7.338179, 49475403.026818, 49475403.026818
Z3, 8, 13, 4K, 24832.000000, 0.000913, 27198247.535597, 24832000.000000, 1.000000, 2, 7.338179, 49196937.350691, 49196937.350691
Z3, 9, 13, 4K, 102416.000000, 0.001245, 82261847.389558, 102416000.000000, 1.000000, 2, 7.338179, 60209657.321483, 60209657.321483
Z3, 10, 13, 4K, 123344.000000, 0.001430, 86254545.454545, 123344000.000000, 1.000000, 2, 7.338179, 61008196.934481, 61008196.934481
Z3, 11, 13, 4K, 125056.000000, 0.001317, 94955201.214882, 125056000.000000, 1.000000, 2, 7.338179, 62748328.086548, 62748328.086548
Z3, 12, 13, 4K, 117608.000000, 0.001286, 91452566.096423, 117608000.000000, 1.000000, 2, 7.338179, 62047801.062856, 62047801.062856
Z3, 13, 13, 4K, 166128.000000, 0.004817, 34487855.511729, 41532000.000000, 1.000000, 2, 7.338179, 50654858.945918, 50654858.945918
Z3, 14, 13, 4K, 184040.000000, 0.002630, 69977186.311787, 92020000.000000, 1.000000, 2, 7.338179, 57752725.105929, 57752725.105929
Z3, 15, 13, 4K, 326472.000000, 0.002474, 131961196.443007, 163236000.000000, 1.000000, 2, 7.338179, 70149527.132173, 70149527.132173
Z3, 16, 13, 4K, 315832.000000, 0.002245, 140682405.345212, 157916000.000000, 1.000000, 2, 7.338179, 71893768.912614, 71893768.912614
Z3, 17, 13, 4K, 278216.000000, 0.002100, 132483809.523810, 139108000.000000, 1.000000, 2, 7.338179, 70254049.748334, 70254049.748334
Z3, 18, 13, 4K, 213632.000000, 0.001899, 112497103.738810, 213632000.000000, 1.000000, 2, 7.338179, 66256708.591334, 66256708.591334
Z3, 19, 13, 4K, 248704.000000, 0.001905, 130553280.839895, 248704000.000000, 1.000000, 2, 7.338179, 69867944.011551, 69867944.011551
Z3, 20, 13, 4K, 291920.000000, 0.002370, 123172995.780591, 145960000.000000, 1.000000, 2, 7.338179, 68391886.999690, 68391886.999690
Z3, 21, 13, 4K, 272896.000000, 0.002175, 125469425.287356, 136448000.000000, 1.000000, 2, 7.338179, 68851172.901043, 68851172.901043
Z3, 22, 13, 4K, 353984.000000, 0.002138, 165567820.392891, 176992000.000000, 1.000000, 2, 7.338179, 76870851.922150, 76870851.922150
Z3, 23, 13, 4K, 187896.000000, 0.001707, 110073813.708260, 187896000.000000, 1.000000, 2, 7.338179, 65772050.585224, 65772050.585224
Z3, 24, 13, 4K, 267712.000000, 0.004891, 54735636.884073, 66928000.000000, 1.000000, 2, 7.338179, 54704415.220386, 54704415.220386
Z3, 25, 13, 4K, 360608.000000, 0.002264, 159279151.943463, 180304000.000000, 1.000000, 2, 7.338179, 75613118.232264, 75613118.232264
Z3, 26, 13, 4K, 316984.000000, 0.002216, 143043321.299639, 158492000.000000, 1.000000, 2, 7.338179, 72365952.103500, 72365952.103500
Z3, 27, 13, 4K, 217208.000000, 0.001925, 112835324.675325, 217208000.000000, 1.000000, 2, 7.338179, 66324352.778637, 66324352.778637
Z3, 28, 13, 4K, 94808.000000, 0.001281, 74010928.961749, 94808000.000000, 1.000000, 2, 7.338179, 58559473.635921, 58559473.635921
Z3, 29, 13, 4K, 89856.000000, 0.001352, 66461538.461538, 89856000.000000, 1.000000, 2, 7.338179, 57049595.535879, 57049595.535879
Z3, 30, 13, 4K, 76680.000000, 0.001072, 71529850.746269, 76680000.000000, 1.000000, 2, 7.338179, 58063257.992825, 58063257.992825
Z3, 31, 13, 4K, 75464.000000, 0.001055, 71529857.819905, 75464000.000000, 1.000000, 2, 7.338179, 58063259.407553, 58063259.407553
Z3, 32, 13, 4K, 75568.000000, 0.001452, 52044077.134986, 75568000.000000, 1.000000, 2, 7.338179, 54166103.270569, 54166103.270569
Z3, 33, 13, 4K, 53048.000000, 0.001175, 45147234.042553, 53048000.000000, 1.000000, 2, 7.338179, 52786734.652082, 52786734.652082
Z3, 34, 13, 4K, 71632.000000, 0.001653, 43334543.254688, 71632000.000000, 1.000000, 2, 7.338179, 52424196.494509, 52424196.494509
Z3, 35, 13, 4K, 124120.000000, 0.001483, 83695212.407283, 124120000.000000, 1.000000, 2, 7.338179, 60496330.325028, 60496330.325028
Z3, 36, 13, 4K, 159576.000000, 0.001454, 109749656.121045, 159576000.000000, 1.000000, 2, 7.338179, 65707219.067781, 65707219.067781
Z3, 37, 13, 4K, 162672.000000, 0.001668, 97525179.856115, 162672000.000000, 1.000000, 2, 7.338179, 63262323.814795, 63262323.814795
Z3, 38, 13, 4K, 176832.000000, 0.001635, 108154128.440367, 176832000.000000, 1.000000, 2, 7.338179, 65388113.531645, 65388113.531645
Z1, 0, 14, 4K, 310648.000000, 0.022558, 13771078.996365, 14120360.000000, 1.840443, 2, 7.497736, 60350913.021905, 60350913.021905
Z2, 0, 14, 4K, 6624.000000, 0.022375, 296044.692737, 301088.000000, 1.840443, 2, 7.497736, 57655906.161180, 57655906.161180
Z2, 1, 14, 4K, 65528.000000, 0.001220, 53711475.409836, 65528000.000000, 1.840443, 2, 7.497736, 68338992.304599, 68338992.304599
Z2, 2, 14, 4K, 36464.000000, 0.001005, 36282587.064677, 36464000.000000, 1.840443, 2, 7.497736, 64853214.635568, 64853214.635568
Z2, 3, 14, 4K, 26120.000000, 0.001264, 20664556.962025, 26120000.000000, 1.840443, 2, 7.497736, 61729608.615037, 61729608.615037
Z2, 4, 14, 4K, 276584.000000, 0.002278, 121415276.558385, 138292000.000000, 1.840443, 2, 7.497736, 81879752.534309, 81879752.534309
Z2, 5, 14, 4K, 275832.000000, 0.002267, 121672695.191884, 137916000.000000, 1.840443, 2, 7.497736, 81931236.261009, 81931236.261009
Z2, 6, 14, 4K, 392736.000000, 0.002731, 143806664.225558, 196368000.000000, 1.840443, 2, 7.497736, 86358030.067744, 86358030.067744
Z2, 7, 14, 4K, 324128.000000, 0.002254, 143801242.236025, 162064000.000000, 1.840443, 2, 7.497736, 86356945.669837, 86356945.669837
Z3, 0, 14, 4K, 19944.000000, 0.022968, 868338.557994, 906544.000000, 1.840443, 2, 7.497736, 57770364.934231, 57770364.934231
Z3, 1, 14, 4K, 27688.000000, 0.000922, 30030368.763557, 27688000.000000, 1.840443, 2, 7.497736, 63602770.975344, 63602770.975344
Z3, 2, 14, 4K, 29160.000000, 0.000989, 29484327.603640, 29160000.000000, 1.840443, 2, 7.497736, 63493562.743360, 63493562.743360
Z3, 3, 14, 4K, 17040.000000, 0.001025, 16624390.243902, 17040000.000000, 1.840443, 2, 7.497736, 60921575.271413, 60921575.271413
Z3, 4, 14, 4K, 29288.000000, 0.000995, 29435175.879397, 29288000.000000, 1.840443, 2, 7.497736, 63483732.398512, 63483732.398512
Z3, 5, 14, 4K, 29392.000000, 0.001054, 27886148.007590, 29392000.000000, 1.840443, 2, 7.497736, 63173926.824150, 63173926.824150
Z3, 6, 14, 4K, 19864.000000, 0.000980, 20269387.755102, 19864000.000000, 1.840443, 2, 7.497736, 61650574.773653, 61650574.773653
Z3, 7, 14, 4K, 46568.000000, 0.001111, 41915391.539154, 46568000.000000, 1.840443, 2, 7.497736, 65979775.530463, 65979775.530463
Z3, 8, 14, 4K, 77848.000000, 0.001341, 58052199.850858, 77848000.000000, 1.840443, 2, 7.497736, 69207137.192804, 69207137.192804
Z3, 9, 14, 4K, 121432.000000, 0.001582, 76758533.501896, 121432000.000000, 1.840443, 2, 7.497736, 72948403.923012, 72948403.923012
Z3, 10, 14, 4K, 178104.000000, 0.002189, 81363179.534034, 89052000.000000, 1.840443, 2, 7.497736, 73869333.129439, 73869333.129439
Z3, 11, 14, 4K, 144672.000000, 0.001545, 93638834.951456, 144672000.000000, 1.840443, 2, 7.497736, 76324464.212923, 76324464.212923
Z3, 12, 14, 4K, 153792.000000, 0.001808, 85061946.902655, 153792000.000000, 1.840443, 2, 7.497736, 74609086.603163, 74609086.603163
Z3, 13, 14, 4K, 193616.000000, 0.001897, 102064312.071692, 193616000.000000, 1.840443, 2, 7.497736, 78009559.636971, 78009559.636971
Z3, 14, 14, 4K, 215184.000000, 0.001975, 108953924.050633, 215184000.000000, 1.840443, 2, 7.497736, 79387482.032759, 79387482.032759
Z3, 15, 14, 4K, 391928.000000, 0.002767, 141643657.390676, 195964000.000000, 1.840443, 2, 7.497736, 85925428.700767, 85925428.700767
Z3, 16, 14, 4K, 320024.000000, 0.002509, 127550418.493424, 160012000.000000, 1.840443, 2, 7.497736, 83106780.921317, 83106780.921317
Z3, 17, 14, 4K, 268840.000000, 0.002318, 115979292.493529, 134420000.000000, 1.840443, 2, 7.497736, 80792555.721338, 80792555.721338
Z3, 18, 14, 4K, 163384.000000, 0.001598, 102242803.504380, 163384000.000000, 1.840443, 2, 7.497736, 78045257.923508, 78045257.923508
Z3, 19, 14, 4K, 193688.000000, 0.002530, 76556521.739130, 96844000.000000, 1.840443, 2, 7.497736, 72908001.570458, 72908001.570458
Z3, 20, 14, 4K, 225432.000000, 0.001949, 115665469.471524, 225432000.000000, 1.840443, 2, 7.497736, 80729791.116937, 80729791.116937
Z3, 21, 14, 4K, 248896.000000, 0.002295, 108451416.122004, 124448000.000000, 1.840443, 2, 7.497736, 79286980.447033, 79286980.447033
Z3, 22, 14, 4K, 266808.000000, 0.002198, 121386715.195632, 133404000.000000, 1.840443, 2, 7.497736, 81874040.261759, 81874040.261759
Z3, 23, 14, 4K, 164848.000000, 0.209329, 787506.747751, 788744.000000, 1.840443, 2, 7.497736, 57754198.572182, 57754198.572182
Z3, 24, 14, 4K, 188952.000000, 0.002526, 74802850.356295, 94476000.000000, 1.840443, 2, 7.497736, 72557267.293891, 72557267.293891
Z3, 25, 14, 4K, 335320.000000, 0.004070, 82388206.388206, 83830000.000000, 1.840443, 2, 7.497736, 74074338.500274, 74074338.500274
Z3, 26, 14, 4K, 365224.000000, 0.003558, 102648679.033165, 121741328.000000, 1.840443, 2, 7.497736, 78126433.029265, 78126433.029265
Z3, 27, 14, 4K, 211048.000000, 0.003511, 60110509.826260, 70349328.000000, 1.840443, 2, 7.497736, 69618799.187884, 69618799.187884
Z3, 28, 14, 4K, 37424.000000, 0.002798, 13375268.048606, 18712000.000000, 1.840443, 2, 7.497736, 60271750.832353, 60271750.832353
Z3, 29, 14, 4K, 36240.000000, 0.004865, 7449126.413155, 9060000.000000, 1.840443, 2, 7.497736, 59086522.505263, 59086522.505263
Z3, 30, 14, 4K, 32904.000000, 0.000879, 37433447.098976, 32904000.000000, 1.840443, 2, 7.497736, 65083386.642427, 65083386.642427
Z3, 31, 14, 4K, 33208.000000, 0.000898, 36979955.456570, 33208000.000000, 1.840443, 2, 7.497736, 64992688.313946, 64992688.313946
Z3, 32, 14, 4K, 27104.000000, 0.000766, 35383812.010444, 27104000.000000, 1.840443, 2, 7.497736, 64673459.624721, 64673459.624721
Z3, 33, 14, 4K, 27712.000000, 0.000862, 32148491.879350, 27712000.000000, 1.840443, 2, 7.497736, 64026395.598502, 64026395.598502
Z3, 34, 14, 4K, 69480.000000, 0.001642, 42314250.913520, 69480000.000000, 1.840443, 2, 7.497736, 66059547.405336, 66059547.405336
Z3, 35, 14, 4K, 104904.000000, 0.002004, 52347305.389222, 52452000.000000, 1.840443, 2, 7.497736, 68066158.300477, 68066158.300477
Z3, 36, 14, 4K, 111104.000000, 0.002239, 49622152.746762, 55552000.000000, 1.840443, 2, 7.497736, 67521127.771985, 67521127.771985
Z3, 37, 14, 4K, 102528.000000, 0.001741, 58890292.935095, 102528000.000000, 1.840443, 2, 7.497736, 69374755.809651, 69374755.809651
Z3, 38, 14, 4K, 101856.000000, 0.002093, 48665074.056378, 50928000.000000, 1.840443, 2, 7.497736, 67329712.033908, 67329712.033908
Z1, 0, 15, 4K, 278440.000000, 0.021135, 13174355.334753, 13259040.000000, 1.472463, 2, 7.865716, 65845558.710615, 65845558.710615
Z2, 0, 15, 4K, 6624.000000, 0.022376, 296031.462281, 301088.000000, 1.472463, 2, 7.865716, 63269893.936120, 63269893.936120
Z2, 1, 15, 4K, 92296.000000, 0.001244, 74192926.045016, 92296000.000000, 1.472463, 2, 7.865716, 78049272.852667, 78049272.852667
Z2, 2, 15, 4K, 97816.000000, 0.001286, 76062208.398134, 97816000.000000, 1.472463, 2, 7.865716, 78423129.323291, 78423129.323291
Z2, 3, 15, 4K, 40600.000000, 0.001315, 30874524.714829, 40600000.000000, 1.472463, 2, 7.865716, 69385592.586630, 69385592.586630
Z2, 4, 15, 4K, 232152.000000, 0.003173, 73164828.238260, 77384000.000000, 1.472463, 2, 7.865716, 77843653.291316, 77843653.291316
Z2, 5, 15, 4K, 255400.000000, 0.002918, 87525702.535984, 127700000.000000, 1.472463, 2, 7.865716, 80715828.150861, 80715828.150861
Z2, 6, 15, 4K, 249784.000000, 0.002711, 92137218.738473, 124892000.000000, 1.472463, 2, 7.865716, 81638131.391359, 81638131.391359
Z2, 7, 15, 4K, 288648.000000, 0.002600, 111018461.538462, 144324000.000000, 1.472463, 2, 7.865716, 85414379.951356, 85414379.951356
Z3, 0, 15, 4K, 12608.000000, 0.020153, 625614.052498, 630400.000000, 1.472463, 2, 7.865716, 63335810.454164, 63335810.454164
Z3, 1, 15, 4K, 14232.000000, 0.000955, 14902617.801047, 14232000.000000, 1.472463, 2, 7.865716, 66191211.203873, 66191211.203873
Z3, 2, 15, 4K, 18288.000000, 0.000967, 18912099.276112, 18288000.000000, 1.472463, 2, 7.865716, 66993107.498886, 66993107.498886
Z3, 3, 15, 4K, 17960.000000, 0.001054, 17039848.197343, 17960000.000000, 1.472463, 2, 7.865716, 66618657.283133, 66618657.283133
Z3, 4, 15, 4K, 30136.000000, 0.001156, 26069204.152249, 30136000.000000, 1.472463, 2, 7.865716, 68424528.474114, 68424528.474114
Z3, 5, 15, 4K, 38832.000000, 0.000908, 42766519.823789, 38832000.000000, 1.472463, 2, 7.865716, 71763991.608422, 71763991.608422
Z3, 6, 15, 4K, 80120.000000, 0.001396, 57392550.143266, 80120000.000000, 1.472463, 2, 7.865716, 74689197.672317, 74689197.672317
Z3, 7, 15, 4K, 115624.000000, 0.001751, 66033123.929183, 115624000.000000, 1.472463, 2, 7.865716, 76417312.429501, 76417312.429501
Z3, 8, 15, 4K, 91976.000000, 0.001411, 65184975.194897, 91976000.000000, 1.472463, 2, 7.865716, 76247682.682643, 76247682.682643
Z3, 9, 15, 4K, 131496.000000, 0.002158, 60934198.331789, 65748000.000000, 1.472463, 2, 7.865716, 75397527.310022, 75397527.310022
Z3, 10, 15, 4K, 151608.000000, 0.001934, 78390899.689762, 151608000.000000, 1.472463, 2, 7.865716, 78888867.581616, 78888867.581616
Z3, 11, 15, 4K, 133200.000000, 0.001924, 69230769.230769, 133200000.000000, 1.472463, 2, 7.865716, 77056841.489818, 77056841.489818
Z3, 12, 15, 4K, 197848.000000, 0.001662, 119042117.930205, 197848000.000000, 1.472463, 2, 7.865716, 87019111.229705, 87019111.229705
Z3, 13, 15, 4K, 216432.000000, 0.002038, 106198233.562316, 108216000.000000, 1.472463, 2, 7.865716, 84450334.356127, 84450334.356127
Z3, 14, 15, 4K, 250032.000000, 0.004685, 53368623.265742, 62508000.000000, 1.472463, 2, 7.865716, 73884412.296812, 73884412.296812
Z3, 15, 15, 4K, 238656.000000, 0.002581, 92466485.858195, 119328000.000000, 1.472463, 2, 7.865716, 81703984.815303, 81703984.815303
Z3, 16, 15, 4K, 165160.000000, 0.001961, 84222335.543090, 165160000.000000, 1.472463, 2, 7.865716, 80055154.752282, 80055154.752282
Z3, 17, 15, 4K, 167848.000000, 0.001693, 99142350.856468, 167848000.000000, 1.472463, 2, 7.865716, 83039157.814958, 83039157.814958
Z3, 18, 15, 4K, 132104.000000, 0.001724, 76626450.116009, 132104000.000000, 1.472463, 2, 7.865716, 78535977.666866, 78535977.666866
Z3, 19, 15, 4K, 143824.000000, 0.001851, 77700702.323069, 143824000.000000, 1.472463, 2, 7.865716, 78750828.108278, 78750828.108278
Z3, 20, 15, 4K, 175072.000000, 0.001988, 88064386.317907, 175072000.000000, 1.472463, 2, 7.865716, 80823564.907246, 80823564.907246
Z3, 21, 15, 4K, 170296.000000, 0.001572, 108330788.804071, 170296000.000000, 1.472463, 2, 7.865716, 84876845.404478, 84876845.404478
Z3, 22, 15, 4K, 193376.000000, 0.001971, 98110603.754439, 193376000.000000, 1.472463, 2, 7.865716, 82832808.394552, 82832808.394552
Z3, 23, 15, 4K, 150872.000000, 0.001563, 96527191.298784, 150872000.000000, 1.472463, 2, 7.865716, 82516125.903421, 82516125.903421
Z3, 24, 15, 4K, 172416.000000, 0.005323, 32390757.091865, 34483200.000000, 1.472463, 2, 7.865716, 69688839.062037, 69688839.062037
Z3, 25, 15, 4K, 210512.000000, 0.002221, 94782530.391715, 105256000.000000, 1.472463, 2, 7.865716, 82167193.722007, 82167193.722007
Z3, 26, 15, 4K, 202256.000000, 0.002026, 99830207.305035, 101128000.000000, 1.472463, 2, 7.865716, 83176729.104671, 83176729.104671
Z3, 27, 15, 4K, 207528.000000, 0.002099, 98869938.065746, 103764000.000000, 1.472463, 2, 7.865716, 82984675.256813, 82984675.256813
Z3, 28, 15, 4K, 46288.000000, 0.001384, 33445086.705202, 46288000.000000, 1.472463, 2, 7.865716, 69899704.984704, 69899704.984704
Z3, 29, 15, 4K, 38120.000000, 0.001135, 33585903.083700, 38120000.000000, 1.472463, 2, 7.865716, 69927868.260404, 69927868.260404
Z3, 30, 15, 4K, 29864.000000, 0.000950, 31435789.473684, 29864000.000000, 1.472463, 2, 7.865716, 69497845.538401, 69497845.538401
Z3, 31, 15, 4K, 29864.000000, 0.001031, 28966052.376334, 29864000.000000, 1.472463, 2, 7.865716, 69003898.118931, 69003898.118931
Z3, 32, 15, 4K, 42832.000000, 0.001042, 41105566.218810, 42832000.000000, 1.472463, 2, 7.865716, 71431800.887426, 71431800.887426
Z3, 33, 15, 4K, 53400.000000, 0.000985, 54213197.969543, 53400000.000000, 1.472463, 2, 7.865716, 74053327.237573, 74053327.237573
Z3, 34, 15, 4K, 54248.000000, 0.000978, 55468302.658487, 54248000.000000, 1.472463, 2, 7.865716, 74304348.175361, 74304348.175361
Z3, 35, 15, 4K, 56416.000000, 0.001026, 54986354.775828, 56416000.000000, 1.472463, 2, 7.865716, 74207958.598830, 74207958.598830
Z3, 36, 15, 4K, 63392.000000, 0.001086, 58372007.366483, 63392000.000000, 1.472463, 2, 7.865716, 74885089.116961, 74885089.116961
Z3, 37, 15, 4K, 78136.000000, 0.001128, 69269503.546099, 78136000.000000, 1.472463, 2, 7.865716, 77064588.352884, 77064588.352884
Z3, 38, 15, 4K, 85200.000000, 0.001062, 80225988.700565, 85200000.000000, 1.472463, 2, 7.865716, 79255885.383777, 79255885.383777
