Zone, Tile_no, Seg_no, Reso, Seg_d_size, Seg_d_time, Bitrate, Bitrate1, Buf_lev, Buf_limit, Elapsed, Ref_vp, Local_avg
Z1, 0, 1, 720, 9960.000000, 0.322738, 30860.946031, 30928.000000, 1.000000, 2, 0.000060, 30860.946031, 30860.946031
Z2, 0, 1, 720, 8952.000000, 0.326209, 27442.529176, 27456.000000, 1.000000, 2, 0.000060, 13721.264588, 13721.264588
Z2, 1, 1, 720, 5424.000000, 0.100974, 53716.798384, 54240.000000, 1.000000, 2, 0.000060, 17905.599461, 17905.599461
Z2, 2, 1, 720, 7080.000000, 0.101036, 70074.033018, 70096.000000, 1.000000, 2, 0.000060, 17518.508254, 17518.508254
Z2, 3, 1, 720, 18976.000000, 0.101207, 187496.912269, 187880.000000, 1.000000, 2, 0.000060, 37499.382454, 37499.382454
Z2, 4, 1, 720, 8720.000000, 0.100987, 86347.747730, 87200.000000, 1.000000, 2, 0.000060, 17269.549546, 17269.549546
Z2, 5, 1, 720, 8336.000000, 0.100996, 82537.922294, 83360.000000, 1.000000, 2, 0.000060, 16507.584459, 16507.584459
Z2, 6, 1, 720, 6376.000000, 0.100935, 63169.366424, 63760.000000, 1.000000, 2, 0.000060, 12633.873285, 12633.873285
Z2, 7, 1, 720, 6872.000000, 0.100963, 68064.538494, 68720.000000, 1.000000, 2, 0.000060, 13612.907699, 13612.907699
Z3, 0, 1, 720, 7080.000000, 0.323034, 21917.197571, 21912.000000, 1.000000, 2, 0.000060, 4383.439514, 4383.439514
Z3, 1, 1, 720, 7080.000000, 0.100944, 70137.898241, 70800.000000, 1.000000, 2, 0.000060, 14027.579648, 14027.579648
Z3, 2, 1, 720, 5664.000000, 0.100880, 56145.915940, 56640.000000, 1.000000, 2, 0.000060, 11229.183188, 11229.183188
Z3, 3, 1, 720, 7080.000000, 0.100882, 70181.003549, 70800.000000, 1.000000, 2, 0.000060, 14036.200710, 14036.200710
Z3, 4, 1, 720, 7080.000000, 0.100873, 70187.265175, 70800.000000, 1.000000, 2, 0.000060, 14037.453035, 14037.453035
Z3, 5, 1, 720, 5664.000000, 0.100870, 56151.482106, 56640.000000, 1.000000, 2, 0.000060, 11230.296421, 11230.296421
Z3, 6, 1, 720, 7080.000000, 0.100884, 70179.612228, 70800.000000, 1.000000, 2, 0.000060, 14035.922446, 14035.922446
Z3, 7, 1, 720, 7080.000000, 0.100868, 70190.744339, 70800.000000, 1.000000, 2, 0.000060, 14038.148868, 14038.148868
Z3, 8, 1, 720, 5664.000000, 0.100815, 56182.115757, 56640.000000, 1.000000, 2, 0.000060, 11236.423151, 11236.423151
Z3, 9, 1, 720, 7080.000000, 0.100890, 70175.438596, 70800.000000, 1.000000, 2, 0.000060, 14035.087719, 14035.087719
Z3, 10, 1, 720, 12904.000000, 0.100936, 127843.385908, 129040.000000, 1.000000, 2, 0.000060, 25568.677182, 25568.677182
Z3, 11, 1, 720, 17344.000000, 0.100909, 171877.632322, 173440.000000, 1.000000, 2, 0.000060, 34375.526464, 34375.526464
Z3, 12, 1, 720, 16912.000000, 0.100949, 167530.138981, 169120.000000, 1.000000, 2, 0.000060, 33506.027796, 33506.027796
Z3, 13, 1, 720, 13240.000000, 0.100932, 131177.426386, 132400.000000, 1.000000, 2, 0.000060, 26235.485277, 26235.485277
Z3, 14, 1, 720, 28328.000000, 0.100898, 280758.786101, 283280.000000, 1.000000, 2, 0.000060, 56151.757220, 56151.757220
Z3, 15, 1, 720, 30528.000000, 0.101034, 302155.709959, 302256.000000, 1.000000, 2, 0.000060, 60431.141992, 60431.141992
Z3, 16, 1, 720, 16360.000000, 0.100863, 162200.212169, 163600.000000, 1.000000, 2, 0.000060, 32440.042434, 32440.042434
Z3, 17, 1, 720, 33216.000000, 0.101039, 328744.346243, 328864.000000, 1.000000, 2, 0.000060, 65748.869249, 65748.869249
Z3, 18, 1, 720, 28000.000000, 0.101009, 277203.021513, 277224.000000, 1.000000, 2, 0.000060, 55440.604303, 55440.604303
Z3, 19, 1, 720, 15744.000000, 0.100987, 155901.254617, 157440.000000, 1.000000, 2, 0.000060, 31180.250923, 31180.250923
Z3, 20, 1, 720, 16024.000000, 0.101026, 158612.634371, 158648.000000, 1.000000, 2, 0.000060, 31722.526874, 31722.526874
Z3, 21, 1, 720, 11576.000000, 0.100983, 114633.156076, 115760.000000, 1.000000, 2, 0.000060, 22926.631215, 22926.631215
Z3, 22, 1, 720, 10816.000000, 0.100933, 107160.195377, 108160.000000, 1.000000, 2, 0.000060, 21432.039075, 21432.039075
Z3, 23, 1, 720, 13224.000000, 0.100932, 131018.903816, 132240.000000, 1.000000, 2, 0.000060, 26203.780763, 26203.780763
Z3, 24, 1, 720, 17528.000000, 0.101028, 173496.456428, 173544.000000, 1.000000, 2, 0.000060, 34699.291286, 34699.291286
Z3, 25, 1, 720, 23824.000000, 0.101088, 235675.846787, 235880.000000, 1.000000, 2, 0.000060, 47135.169357, 47135.169357
Z3, 26, 1, 720, 11024.000000, 0.100979, 109171.213817, 110240.000000, 1.000000, 2, 0.000060, 21834.242763, 21834.242763
Z3, 27, 1, 720, 15112.000000, 0.100969, 149669.700601, 151120.000000, 1.000000, 2, 0.000060, 29933.940120, 29933.940120
Z3, 28, 1, 720, 24552.000000, 0.100935, 243245.653143, 245520.000000, 1.000000, 2, 0.000060, 48649.130629, 48649.130629
Z3, 29, 1, 720, 10824.000000, 0.100974, 107195.911819, 108240.000000, 1.000000, 2, 0.000060, 21439.182364, 21439.182364
Z3, 30, 1, 720, 6872.000000, 0.100895, 68110.411814, 68720.000000, 1.000000, 2, 0.000060, 13622.082363, 13622.082363
Z3, 31, 1, 720, 6872.000000, 0.100951, 68072.629295, 68720.000000, 1.000000, 2, 0.000060, 13614.525859, 13614.525859
Z3, 32, 1, 720, 6376.000000, 0.100933, 63170.618133, 63760.000000, 1.000000, 2, 0.000060, 12634.123627, 12634.123627
Z3, 33, 1, 720, 6872.000000, 0.100964, 68063.864348, 68720.000000, 1.000000, 2, 0.000060, 13612.772870, 13612.772870
Z3, 34, 1, 720, 6872.000000, 0.100882, 68119.188755, 68720.000000, 1.000000, 2, 0.000060, 13623.837751, 13623.837751
Z3, 35, 1, 720, 6376.000000, 0.100792, 63258.988809, 63760.000000, 1.000000, 2, 0.000060, 12651.797762, 12651.797762
Z3, 36, 1, 720, 6872.000000, 0.100892, 68112.437061, 68720.000000, 1.000000, 2, 0.000060, 13622.487412, 13622.487412
Z3, 37, 1, 720, 6872.000000, 0.100853, 68138.776239, 68720.000000, 1.000000, 2, 0.000060, 13627.755248, 13627.755248
Z3, 38, 1, 720, 6376.000000, 0.100912, 63183.764072, 63760.000000, 1.000000, 2, 0.000060, 12636.752814, 12636.752814
Z1, 0, 2, 720, 9320.000000, 0.321850, 28957.588939, 29032.000000, 1.000000, 2, 5.520930, 18428.270602, 18428.270602
Z2, 0, 2, 720, 6624.000000, 0.325484, 20351.230782, 20376.000000, 1.000000, 2, 5.520930, 16706.998971, 16706.998971
Z2, 1, 2, 720, 5424.000000, 0.100968, 53719.990492, 54240.000000, 1.000000, 2, 5.520930, 23380.750913, 23380.750913
Z2, 2, 2, 720, 7080.000000, 0.100993, 70103.868585, 70800.000000, 1.000000, 2, 5.520930, 26657.526531, 26657.526531
Z2, 3, 2, 720, 18392.000000, 0.101070, 181972.890076, 182096.000000, 1.000000, 2, 5.520930, 49031.330830, 49031.330830
Z2, 4, 2, 720, 9160.000000, 0.101043, 90654.473838, 90688.000000, 1.000000, 2, 5.520930, 30767.647582, 30767.647582
Z2, 5, 2, 720, 8048.000000, 0.100954, 79719.476197, 80480.000000, 1.000000, 2, 5.520930, 28580.648054, 28580.648054
Z2, 6, 2, 720, 6376.000000, 0.100927, 63174.373557, 63760.000000, 1.000000, 2, 5.520930, 25271.627526, 25271.627526
Z2, 7, 2, 720, 6872.000000, 0.100949, 68073.977949, 68720.000000, 1.000000, 2, 5.520930, 26251.548404, 26251.548404
Z3, 0, 2, 720, 7080.000000, 0.323515, 21884.611224, 21912.000000, 1.000000, 2, 5.520930, 17013.675059, 17013.675059
Z3, 1, 2, 720, 7080.000000, 0.100921, 70153.882740, 70800.000000, 1.000000, 2, 5.520930, 26667.529362, 26667.529362
Z3, 2, 2, 720, 5664.000000, 0.100945, 56109.762742, 56640.000000, 1.000000, 2, 5.520930, 23858.705363, 23858.705363
Z3, 3, 2, 720, 7080.000000, 0.100931, 70146.932062, 70800.000000, 1.000000, 2, 5.520930, 26666.139227, 26666.139227
Z3, 4, 2, 720, 7080.000000, 0.100949, 70134.424313, 70800.000000, 1.000000, 2, 5.520930, 26663.637677, 26663.637677
Z3, 5, 2, 720, 5664.000000, 0.100919, 56124.218433, 56640.000000, 1.000000, 2, 5.520930, 23861.596501, 23861.596501
Z3, 6, 2, 720, 7080.000000, 0.100942, 70139.287908, 70800.000000, 1.000000, 2, 5.520930, 26664.610396, 26664.610396
Z3, 7, 2, 720, 7080.000000, 0.100873, 70187.265175, 70800.000000, 1.000000, 2, 5.520930, 26674.205849, 26674.205849
Z3, 8, 2, 720, 5664.000000, 0.100929, 56118.657670, 56640.000000, 1.000000, 2, 5.520930, 23860.484348, 23860.484348
Z3, 9, 2, 720, 7080.000000, 0.100938, 70142.067408, 70800.000000, 1.000000, 2, 5.520930, 26665.166296, 26665.166296
Z3, 10, 2, 720, 12648.000000, 0.100975, 125258.727408, 126480.000000, 1.000000, 2, 5.520930, 37688.498296, 37688.498296
Z3, 11, 2, 720, 17112.000000, 0.100862, 169657.551903, 171120.000000, 1.000000, 2, 5.520930, 46568.263195, 46568.263195
Z3, 12, 2, 720, 15320.000000, 0.100960, 151743.264659, 153200.000000, 1.000000, 2, 5.520930, 42985.405746, 42985.405746
Z3, 13, 2, 720, 10704.000000, 0.100942, 106041.092905, 107040.000000, 1.000000, 2, 5.520930, 33844.971395, 33844.971395
Z3, 14, 2, 720, 18776.000000, 0.101027, 185851.307076, 185896.000000, 1.000000, 2, 5.520930, 49807.014230, 49807.014230
Z3, 15, 2, 720, 21848.000000, 0.101046, 216218.355996, 216312.000000, 1.000000, 2, 5.520930, 55880.424014, 55880.424014
Z3, 16, 2, 720, 12752.000000, 0.100979, 126283.682746, 127520.000000, 1.000000, 2, 5.520930, 37893.489364, 37893.489364
Z3, 17, 2, 720, 21856.000000, 0.101025, 216342.489483, 216392.000000, 1.000000, 2, 5.520930, 55905.250711, 55905.250711
Z3, 18, 2, 720, 16880.000000, 0.101014, 167105.549726, 167128.000000, 1.000000, 2, 5.520930, 46057.862759, 46057.862759
Z3, 19, 2, 720, 12128.000000, 0.100997, 120082.774736, 121280.000000, 1.000000, 2, 5.520930, 36653.307762, 36653.307762
Z3, 20, 2, 720, 15344.000000, 0.101091, 151784.036165, 151920.000000, 1.000000, 2, 5.520930, 42993.560047, 42993.560047
Z3, 21, 2, 720, 11592.000000, 0.100958, 114820.024168, 115920.000000, 1.000000, 2, 5.520930, 35600.757648, 35600.757648
Z3, 22, 2, 720, 9952.000000, 0.100972, 98561.977578, 99520.000000, 1.000000, 2, 5.520930, 32349.148330, 32349.148330
Z3, 23, 2, 720, 11064.000000, 0.100882, 109672.686902, 110640.000000, 1.000000, 2, 5.520930, 34571.290195, 34571.290195
Z3, 24, 2, 720, 14728.000000, 0.100999, 145823.225973, 147280.000000, 1.000000, 2, 5.520930, 41801.398009, 41801.398009
Z3, 25, 2, 720, 16264.000000, 0.100999, 161031.297340, 162640.000000, 1.000000, 2, 5.520930, 44843.012282, 44843.012282
Z3, 26, 2, 720, 9504.000000, 0.100970, 94126.968406, 95040.000000, 1.000000, 2, 5.520930, 31462.146496, 31462.146496
Z3, 27, 2, 720, 12688.000000, 0.100900, 125748.265610, 126880.000000, 1.000000, 2, 5.520930, 37786.405936, 37786.405936
Z3, 28, 2, 720, 17320.000000, 0.101016, 171457.986854, 171480.000000, 1.000000, 2, 5.520930, 46928.350185, 46928.350185
Z3, 29, 2, 720, 10632.000000, 0.101000, 105267.326733, 105264.000000, 1.000000, 2, 5.520930, 33690.218161, 33690.218161
Z3, 30, 2, 720, 6872.000000, 0.100858, 68135.398283, 68720.000000, 1.000000, 2, 5.520930, 26263.832471, 26263.832471
Z3, 31, 2, 720, 6872.000000, 0.100939, 68080.722020, 68720.000000, 1.000000, 2, 5.520930, 26252.897218, 26252.897218
Z3, 32, 2, 720, 6376.000000, 0.100930, 63172.495789, 63760.000000, 1.000000, 2, 5.520930, 25271.251972, 25271.251972
Z3, 33, 2, 720, 6872.000000, 0.100938, 68081.396501, 68720.000000, 1.000000, 2, 5.520930, 26253.032114, 26253.032114
Z3, 34, 2, 720, 6872.000000, 0.100967, 68061.841988, 68720.000000, 1.000000, 2, 5.520930, 26249.121212, 26249.121212
Z3, 35, 2, 720, 6376.000000, 0.100929, 63173.121699, 63760.000000, 1.000000, 2, 5.520930, 25271.377154, 25271.377154
Z3, 36, 2, 720, 6872.000000, 0.100923, 68091.515314, 68720.000000, 1.000000, 2, 5.520930, 26255.055877, 26255.055877
Z3, 37, 2, 720, 6872.000000, 0.100932, 68085.443665, 68720.000000, 1.000000, 2, 5.520930, 26253.841547, 26253.841547
Z3, 38, 2, 720, 6376.000000, 0.100931, 63171.869891, 63760.000000, 1.000000, 2, 5.520930, 25271.126793, 25271.126793
Z1, 0, 3, 720, 15304.000000, 0.322487, 47456.176528, 47520.000000, 1.000000, 2, 11.042397, 34762.362098, 34762.362098
Z2, 0, 3, 720, 6624.000000, 0.323088, 20502.154212, 20504.000000, 1.000000, 2, 11.042397, 29371.557635, 29371.557635
Z2, 1, 3, 720, 5664.000000, 0.100724, 56232.873992, 56640.000000, 1.000000, 2, 11.042397, 36517.701591, 36517.701591
Z2, 2, 3, 720, 7080.000000, 0.100892, 70174.047496, 70800.000000, 1.000000, 2, 11.042397, 39305.936292, 39305.936292
Z2, 3, 3, 720, 7080.000000, 0.100846, 70206.056760, 70800.000000, 1.000000, 2, 11.042397, 39312.338145, 39312.338145
Z2, 4, 3, 720, 12544.000000, 0.100951, 124258.303533, 125440.000000, 1.000000, 2, 11.042397, 50122.787499, 50122.787499
Z2, 5, 3, 720, 18632.000000, 0.100865, 184722.153373, 186320.000000, 1.000000, 2, 11.042397, 62215.557467, 62215.557467
Z2, 6, 3, 720, 10240.000000, 0.100902, 101484.608828, 102400.000000, 1.000000, 2, 11.042397, 45568.048558, 45568.048558
Z2, 7, 3, 720, 8424.000000, 0.100875, 83509.293680, 84240.000000, 1.000000, 2, 11.042397, 41972.985529, 41972.985529
Z3, 0, 3, 720, 5424.000000, 0.323523, 16765.423169, 16792.000000, 1.000000, 2, 11.042397, 28624.211426, 28624.211426
Z3, 1, 3, 720, 7080.000000, 0.100974, 70117.059837, 70800.000000, 1.000000, 2, 11.042397, 39294.538760, 39294.538760
Z3, 2, 3, 720, 7080.000000, 0.101000, 70099.009901, 70096.000000, 1.000000, 2, 11.042397, 39290.928773, 39290.928773
Z3, 3, 3, 720, 5664.000000, 0.100948, 56108.095257, 56640.000000, 1.000000, 2, 11.042397, 36492.745844, 36492.745844
Z3, 4, 3, 720, 7080.000000, 0.100990, 70105.951084, 70800.000000, 1.000000, 2, 11.042397, 39292.317009, 39292.317009
Z3, 5, 3, 720, 7080.000000, 0.101021, 70084.437889, 70096.000000, 1.000000, 2, 11.042397, 39288.014370, 39288.014370
Z3, 6, 3, 720, 5664.000000, 0.100927, 56119.769735, 56640.000000, 1.000000, 2, 11.042397, 36495.080740, 36495.080740
Z3, 7, 3, 720, 7080.000000, 0.100990, 70105.951084, 70800.000000, 1.000000, 2, 11.042397, 39292.317009, 39292.317009
Z3, 8, 3, 720, 7080.000000, 0.101002, 70097.621829, 70096.000000, 1.000000, 2, 11.042397, 39290.651158, 39290.651158
Z3, 9, 3, 720, 14120.000000, 0.101027, 139764.617380, 139800.000000, 1.000000, 2, 11.042397, 53224.050268, 53224.050268
Z3, 10, 3, 720, 17536.000000, 0.101071, 173501.795767, 173616.000000, 1.000000, 2, 11.042397, 59971.485946, 59971.485946
Z3, 11, 3, 720, 16008.000000, 0.100994, 158504.465612, 160080.000000, 1.000000, 2, 11.042397, 56972.019915, 56972.019915
Z3, 12, 3, 720, 10896.000000, 0.101023, 107856.626709, 107880.000000, 1.000000, 2, 11.042397, 46842.452134, 46842.452134
Z3, 13, 3, 720, 19720.000000, 0.100955, 195334.555000, 197200.000000, 1.000000, 2, 11.042397, 64338.037793, 64338.037793
Z3, 14, 3, 720, 20104.000000, 0.101101, 198850.654296, 199048.000000, 1.000000, 2, 11.042397, 65041.257652, 65041.257652
Z3, 15, 3, 720, 12504.000000, 0.101066, 123721.132725, 123800.000000, 1.000000, 2, 11.042397, 50015.353338, 50015.353338
Z3, 16, 3, 720, 23072.000000, 0.101020, 228390.417739, 228432.000000, 1.000000, 2, 11.042397, 70949.210340, 70949.210340
Z3, 17, 3, 720, 18112.000000, 0.101020, 179291.229460, 179320.000000, 1.000000, 2, 11.042397, 61129.372684, 61129.372684
Z3, 18, 3, 720, 9664.000000, 0.101066, 95620.683514, 95680.000000, 1.000000, 2, 11.042397, 44395.263495, 44395.263495
Z3, 19, 3, 720, 12280.000000, 0.101041, 121534.822498, 121584.000000, 1.000000, 2, 11.042397, 49578.091292, 49578.091292
Z3, 20, 3, 720, 10368.000000, 0.101050, 102602.671945, 102648.000000, 1.000000, 2, 11.042397, 45791.661182, 45791.661182
Z3, 21, 3, 720, 10520.000000, 0.101076, 104080.098144, 104152.000000, 1.000000, 2, 11.042397, 46087.146421, 46087.146421
Z3, 22, 3, 720, 15288.000000, 0.101096, 151222.600301, 151360.000000, 1.000000, 2, 11.042397, 55515.646853, 55515.646853
Z3, 23, 3, 720, 16344.000000, 0.101084, 161687.309564, 161816.000000, 1.000000, 2, 11.042397, 57608.588705, 57608.588705
Z3, 24, 3, 720, 9016.000000, 0.100960, 89302.694136, 90160.000000, 1.000000, 2, 11.042397, 43131.665620, 43131.665620
Z3, 25, 3, 720, 13800.000000, 0.100925, 136735.199405, 138000.000000, 1.000000, 2, 11.042397, 52618.166674, 52618.166674
Z3, 26, 3, 720, 17664.000000, 0.101101, 174716.372736, 174888.000000, 1.000000, 2, 11.042397, 60214.401340, 60214.401340
Z3, 27, 3, 720, 9896.000000, 0.101039, 97942.378685, 97976.000000, 1.000000, 2, 11.042397, 44859.602530, 44859.602530
Z3, 28, 3, 720, 6376.000000, 0.100952, 63158.728901, 63760.000000, 1.000000, 2, 11.042397, 37902.872573, 37902.872573
Z3, 29, 3, 720, 6872.000000, 0.101019, 68026.806838, 68032.000000, 1.000000, 2, 11.042397, 38876.488160, 38876.488160
Z3, 30, 3, 720, 6872.000000, 0.101009, 68033.541566, 68032.000000, 1.000000, 2, 11.042397, 38877.835106, 38877.835106
Z3, 31, 3, 720, 6376.000000, 0.100980, 63141.216082, 63760.000000, 1.000000, 2, 11.042397, 37899.370009, 37899.370009
Z3, 32, 3, 720, 6872.000000, 0.100934, 68084.094557, 68720.000000, 1.000000, 2, 11.042397, 38887.945704, 38887.945704
Z3, 33, 3, 720, 6872.000000, 0.100971, 68059.145695, 68720.000000, 1.000000, 2, 11.042397, 38882.955932, 38882.955932
Z3, 34, 3, 720, 6376.000000, 0.100973, 63145.593376, 63760.000000, 1.000000, 2, 11.042397, 37900.245468, 37900.245468
Z3, 35, 3, 720, 6872.000000, 0.101004, 68036.909429, 68032.000000, 1.000000, 2, 11.042397, 38878.508678, 38878.508678
Z3, 36, 3, 720, 6872.000000, 0.101012, 68031.521007, 68032.000000, 1.000000, 2, 11.042397, 38877.430994, 38877.430994
Z3, 37, 3, 720, 6376.000000, 0.101094, 63070.014046, 63128.000000, 1.000000, 2, 11.042397, 37885.129602, 37885.129602
Z3, 38, 3, 720, 6872.000000, 0.100999, 68040.277627, 68720.000000, 1.000000, 2, 11.042397, 38879.182318, 38879.182318
Z1, 0, 4, 720, 7200.000000, 0.322002, 22360.109565, 22360.000000, 1.000000, 2, 16.563649, 43351.204231, 43351.204231
Z2, 0, 4, 720, 6624.000000, 0.322870, 20515.997151, 20568.000000, 1.000000, 2, 16.563649, 42982.381748, 42982.381748
Z2, 1, 4, 720, 6648.000000, 0.100946, 65856.992848, 66480.000000, 1.000000, 2, 16.563649, 52050.580887, 52050.580887
Z2, 2, 4, 720, 7296.000000, 0.100974, 72256.224375, 72960.000000, 1.000000, 2, 16.563649, 53330.427193, 53330.427193
Z2, 3, 4, 720, 17272.000000, 0.101106, 170830.613416, 171008.000000, 1.000000, 2, 16.563649, 73045.305001, 73045.305001
Z2, 4, 4, 720, 22592.000000, 0.101026, 223625.601330, 223680.000000, 1.000000, 2, 16.563649, 83604.302584, 83604.302584
Z2, 5, 4, 720, 17472.000000, 0.101014, 172966.123508, 172984.000000, 1.000000, 2, 16.563649, 73472.407019, 73472.407019
Z2, 6, 4, 720, 6424.000000, 0.100954, 63632.941736, 64240.000000, 1.000000, 2, 16.563649, 51605.770665, 51605.770665
Z2, 7, 4, 720, 6872.000000, 0.100939, 68080.722020, 68720.000000, 1.000000, 2, 16.563649, 52495.326722, 52495.326722
Z3, 0, 4, 720, 6448.000000, 0.322985, 19963.775408, 20024.000000, 1.000000, 2, 16.563649, 42871.937399, 42871.937399
Z3, 1, 4, 720, 7448.000000, 0.100980, 73757.179640, 74480.000000, 1.000000, 2, 16.563649, 53630.618246, 53630.618246
Z3, 2, 4, 720, 7424.000000, 0.100947, 73543.542651, 74240.000000, 1.000000, 2, 16.563649, 53587.890848, 53587.890848
Z3, 3, 4, 720, 6648.000000, 0.100908, 65881.793317, 66480.000000, 1.000000, 2, 16.563649, 52055.540981, 52055.540981
Z3, 4, 4, 720, 7224.000000, 0.100953, 71558.051767, 72240.000000, 1.000000, 2, 16.563649, 53190.792671, 53190.792671
Z3, 5, 4, 720, 7240.000000, 0.100944, 71722.935489, 72400.000000, 1.000000, 2, 16.563649, 53223.769416, 53223.769416
Z3, 6, 4, 720, 6648.000000, 0.100891, 65892.894312, 66480.000000, 1.000000, 2, 16.563649, 52057.761180, 52057.761180
Z3, 7, 4, 720, 7232.000000, 0.100923, 71658.591203, 72320.000000, 1.000000, 2, 16.563649, 53210.900559, 53210.900559
Z3, 8, 4, 720, 7296.000000, 0.100888, 72317.817778, 72960.000000, 1.000000, 2, 16.563649, 53342.745874, 53342.745874
Z3, 9, 4, 720, 16456.000000, 0.101031, 162880.699983, 162928.000000, 1.000000, 2, 16.563649, 71455.322315, 71455.322315
Z3, 10, 4, 720, 25392.000000, 0.101054, 251271.597364, 251400.000000, 1.000000, 2, 16.563649, 89133.501791, 89133.501791
Z3, 11, 4, 720, 21592.000000, 0.101025, 213729.274932, 213776.000000, 1.000000, 2, 16.563649, 81625.037304, 81625.037304
Z3, 12, 4, 720, 13528.000000, 0.100976, 133972.429092, 135280.000000, 1.000000, 2, 16.563649, 65673.668136, 65673.668136
Z3, 13, 4, 720, 29512.000000, 0.101105, 291894.565056, 292192.000000, 1.000000, 2, 16.563649, 97258.095329, 97258.095329
Z3, 14, 4, 720, 29688.000000, 0.101041, 293821.320058, 293936.000000, 1.000000, 2, 16.563649, 97643.446330, 97643.446330
Z3, 15, 4, 720, 16760.000000, 0.101008, 165927.451291, 165936.000000, 1.000000, 2, 16.563649, 72064.672576, 72064.672576
Z3, 16, 4, 720, 33128.000000, 0.101109, 327646.401408, 328000.000000, 1.000000, 2, 16.563649, 104408.462600, 104408.462600
Z3, 17, 4, 720, 26248.000000, 0.101029, 259806.590187, 259880.000000, 1.000000, 2, 16.563649, 90840.500355, 90840.500355
Z3, 18, 4, 720, 26240.000000, 0.101057, 259655.441978, 259800.000000, 1.000000, 2, 16.563649, 90810.270714, 90810.270714
Z3, 19, 4, 720, 14624.000000, 0.100946, 144869.534206, 146240.000000, 1.000000, 2, 16.563649, 67853.089159, 67853.089159
Z3, 20, 4, 720, 26816.000000, 0.101034, 265415.602668, 265504.000000, 1.000000, 2, 16.563649, 91962.302852, 91962.302852
Z3, 21, 4, 720, 23128.000000, 0.101065, 228842.823925, 228984.000000, 1.000000, 2, 16.563649, 84647.747103, 84647.747103
Z3, 22, 4, 720, 19440.000000, 0.101052, 192376.202351, 192472.000000, 1.000000, 2, 16.563649, 77354.422788, 77354.422788
Z3, 23, 4, 720, 29088.000000, 0.101067, 287809.077147, 288000.000000, 1.000000, 2, 16.563649, 96440.997747, 96440.997747
Z3, 24, 4, 720, 29840.000000, 0.101079, 295214.634098, 295440.000000, 1.000000, 2, 16.563649, 97922.109138, 97922.109138
Z3, 25, 4, 720, 17200.000000, 0.101023, 170258.258020, 170296.000000, 1.000000, 2, 16.563649, 72930.833922, 72930.833922
Z3, 26, 4, 720, 25664.000000, 0.100946, 254234.937491, 256640.000000, 1.000000, 2, 16.563649, 89726.169816, 89726.169816
Z3, 27, 4, 720, 26808.000000, 0.101058, 265273.407350, 265424.000000, 1.000000, 2, 16.563649, 91933.863788, 91933.863788
Z3, 28, 4, 720, 12720.000000, 0.100937, 126019.200095, 127200.000000, 1.000000, 2, 16.563649, 64083.022337, 64083.022337
Z3, 29, 4, 720, 11496.000000, 0.100910, 113923.297988, 114960.000000, 1.000000, 2, 16.563649, 61663.841916, 61663.841916
Z3, 30, 4, 720, 6448.000000, 0.100791, 63973.965929, 64480.000000, 1.000000, 2, 16.563649, 51673.975504, 51673.975504
Z3, 31, 4, 720, 7200.000000, 0.100885, 71368.389751, 72000.000000, 1.000000, 2, 16.563649, 53152.860268, 53152.860268
Z3, 32, 4, 720, 7520.000000, 0.100874, 74548.446577, 75200.000000, 1.000000, 2, 16.563649, 53788.871633, 53788.871633
Z3, 33, 4, 720, 6728.000000, 0.100806, 66742.059004, 67280.000000, 1.000000, 2, 16.563649, 52227.594119, 52227.594119
Z3, 34, 4, 720, 7224.000000, 0.100875, 71613.382900, 72240.000000, 1.000000, 2, 16.563649, 53201.858898, 53201.858898
Z3, 35, 4, 720, 7256.000000, 0.100907, 71907.796288, 72560.000000, 1.000000, 2, 16.563649, 53260.741575, 53260.741575
Z3, 36, 4, 720, 6544.000000, 0.100831, 64900.675388, 65440.000000, 1.000000, 2, 16.563649, 51859.317395, 51859.317395
Z3, 37, 4, 720, 12272.000000, 0.100909, 121614.523977, 122720.000000, 1.000000, 2, 16.563649, 63202.087113, 63202.087113
Z3, 38, 4, 720, 8544.000000, 0.100776, 84782.090974, 85440.000000, 1.000000, 2, 16.563649, 55835.600513, 55835.600513
Z1, 0, 5, 720, 8792.000000, 0.322275, 27281.048794, 27304.000000, 1.000000, 2, 22.082874, 61291.810271, 61291.810271
Z2, 0, 5, 720, 6624.000000, 0.323063, 20503.740756, 20504.000000, 1.000000, 2, 22.082874, 59936.348664, 59936.348664
Z2, 1, 5, 720, 7616.000000, 0.100997, 75408.180441, 76160.000000, 1.000000, 2, 22.082874, 70917.236601, 70917.236601
Z2, 2, 5, 720, 8816.000000, 0.100960, 87321.711569, 88160.000000, 1.000000, 2, 22.082874, 73299.942826, 73299.942826
Z2, 3, 5, 720, 14976.000000, 0.101001, 148275.759646, 148272.000000, 1.000000, 2, 22.082874, 85490.752442, 85490.752442
Z2, 4, 5, 720, 20272.000000, 0.101037, 200639.369736, 200712.000000, 1.000000, 2, 22.082874, 95963.474460, 95963.474460
Z2, 5, 5, 720, 21272.000000, 0.101041, 210528.399363, 210608.000000, 1.000000, 2, 22.082874, 97941.280385, 97941.280385
Z2, 6, 5, 720, 9680.000000, 0.100961, 95878.606591, 96800.000000, 1.000000, 2, 22.082874, 75011.321831, 75011.321831
Z2, 7, 5, 720, 12888.000000, 0.100882, 127753.216629, 128880.000000, 1.000000, 2, 22.082874, 81386.243839, 81386.243839
Z3, 0, 5, 720, 7712.000000, 0.324375, 23774.951830, 23800.000000, 1.000000, 2, 22.082874, 60590.590879, 60590.590879
Z3, 1, 5, 720, 9624.000000, 0.100980, 95306.001188, 96240.000000, 1.000000, 2, 22.082874, 74896.800750, 74896.800750
Z3, 2, 5, 720, 9096.000000, 0.100938, 90114.723890, 90960.000000, 1.000000, 2, 22.082874, 73858.545291, 73858.545291
Z3, 3, 5, 720, 7632.000000, 0.100844, 75681.250248, 76320.000000, 1.000000, 2, 22.082874, 70971.850562, 70971.850562
Z3, 4, 5, 720, 8304.000000, 0.100878, 82317.254505, 83040.000000, 1.000000, 2, 22.082874, 72299.051414, 72299.051414
Z3, 5, 5, 720, 8504.000000, 0.100879, 84299.011687, 85040.000000, 1.000000, 2, 22.082874, 72695.402850, 72695.402850
Z3, 6, 5, 720, 7384.000000, 0.100918, 73168.314869, 73840.000000, 1.000000, 2, 22.082874, 70469.263487, 70469.263487
Z3, 7, 5, 720, 8968.000000, 0.100901, 88879.198422, 89680.000000, 1.000000, 2, 22.082874, 73611.440197, 73611.440197
Z3, 8, 5, 720, 8912.000000, 0.100900, 88325.074331, 89120.000000, 1.000000, 2, 22.082874, 73500.615379, 73500.615379
Z3, 9, 5, 720, 16688.000000, 0.100953, 165304.646717, 166880.000000, 1.000000, 2, 22.082874, 88896.529856, 88896.529856
Z3, 10, 5, 720, 23832.000000, 0.100937, 236107.671122, 238320.000000, 1.000000, 2, 22.082874, 103057.134737, 103057.134737
Z3, 11, 5, 720, 21144.000000, 0.100972, 209404.587410, 211440.000000, 1.000000, 2, 22.082874, 97716.517995, 97716.517995
Z3, 12, 5, 720, 14272.000000, 0.100865, 141496.059089, 142720.000000, 1.000000, 2, 22.082874, 84134.812330, 84134.812330
Z3, 13, 5, 720, 27640.000000, 0.100950, 273798.910352, 276400.000000, 1.000000, 2, 22.082874, 110595.382583, 110595.382583
Z3, 14, 5, 720, 33288.000000, 0.101033, 329476.507676, 329584.000000, 1.000000, 2, 22.082874, 121730.902048, 121730.902048
Z3, 15, 5, 720, 17576.000000, 0.100916, 174164.651790, 175760.000000, 1.000000, 2, 22.082874, 90668.530871, 90668.530871
Z3, 16, 5, 720, 34872.000000, 0.100960, 345404.120444, 348720.000000, 1.000000, 2, 22.082874, 124916.424601, 124916.424601
Z3, 17, 5, 720, 27336.000000, 0.100993, 270672.224808, 273360.000000, 1.000000, 2, 22.082874, 109970.045474, 109970.045474
Z3, 18, 5, 720, 25312.000000, 0.100976, 250673.427349, 253120.000000, 1.000000, 2, 22.082874, 105970.285983, 105970.285983
Z3, 19, 5, 720, 18312.000000, 0.100973, 181355.411843, 183120.000000, 1.000000, 2, 22.082874, 92106.682881, 92106.682881
Z3, 20, 5, 720, 41432.000000, 0.101045, 410035.132862, 410216.000000, 1.000000, 2, 22.082874, 137842.627085, 137842.627085
Z3, 21, 5, 720, 36760.000000, 0.101027, 363863.125699, 363960.000000, 1.000000, 2, 22.082874, 128608.225653, 128608.225653
Z3, 22, 5, 720, 21272.000000, 0.100929, 210762.020827, 212720.000000, 1.000000, 2, 22.082874, 97988.004678, 97988.004678
Z3, 23, 5, 720, 43464.000000, 0.101082, 429987.534873, 430336.000000, 1.000000, 2, 22.082874, 141833.107487, 141833.107487
Z3, 24, 5, 720, 42000.000000, 0.101073, 415541.242468, 415840.000000, 1.000000, 2, 22.082874, 138943.849006, 138943.849006
Z3, 25, 5, 720, 20304.000000, 0.100967, 201095.407410, 203040.000000, 1.000000, 2, 22.082874, 96054.681995, 96054.681995
Z3, 26, 5, 720, 32736.000000, 0.101010, 324086.724087, 324112.000000, 1.000000, 2, 22.082874, 120652.945330, 120652.945330
Z3, 27, 5, 720, 34608.000000, 0.101015, 342602.583775, 342648.000000, 1.000000, 2, 22.082874, 124356.117268, 124356.117268
Z3, 28, 5, 720, 13208.000000, 0.100932, 130860.381247, 132080.000000, 1.000000, 2, 22.082874, 82007.676762, 82007.676762
Z3, 29, 5, 720, 16320.000000, 0.100981, 161614.561155, 163200.000000, 1.000000, 2, 22.082874, 88158.512744, 88158.512744
Z3, 30, 5, 720, 8752.000000, 0.100889, 86748.803140, 87520.000000, 1.000000, 2, 22.082874, 73185.361141, 73185.361141
Z3, 31, 5, 720, 12760.000000, 0.100935, 126417.991777, 127600.000000, 1.000000, 2, 22.082874, 81119.198868, 81119.198868
Z3, 32, 5, 720, 15440.000000, 0.100958, 152934.883813, 154400.000000, 1.000000, 2, 22.082874, 86422.577275, 86422.577275
Z3, 33, 5, 720, 10000.000000, 0.100910, 99098.206322, 100000.000000, 1.000000, 2, 22.082874, 75655.241777, 75655.241777
Z3, 34, 5, 720, 15200.000000, 0.100868, 150691.993496, 152000.000000, 1.000000, 2, 22.082874, 85973.999212, 85973.999212
Z3, 35, 5, 720, 18352.000000, 0.100906, 181872.237528, 183520.000000, 1.000000, 2, 22.082874, 92210.048018, 92210.048018
Z3, 36, 5, 720, 11224.000000, 0.100972, 111159.529374, 112240.000000, 1.000000, 2, 22.082874, 78067.506388, 78067.506388
Z3, 37, 5, 720, 23240.000000, 0.100913, 230297.384876, 232400.000000, 1.000000, 2, 22.082874, 101895.077488, 101895.077488
Z3, 38, 5, 720, 16824.000000, 0.100899, 166740.998424, 168240.000000, 1.000000, 2, 22.082874, 89183.800198, 89183.800198
Z1, 0, 6, 720, 7488.000000, 0.322273, 23234.959181, 23248.000000, 1.000000, 2, 27.602986, 81194.039219, 81194.039219
Z2, 0, 6, 720, 6624.000000, 0.324044, 20441.668415, 20440.000000, 1.000000, 2, 27.602986, 80635.381066, 80635.381066
Z2, 1, 6, 720, 6768.000000, 0.100690, 67216.208164, 67680.000000, 1.000000, 2, 27.602986, 89990.289016, 89990.289016
Z2, 2, 6, 720, 7752.000000, 0.100971, 76774.519416, 77520.000000, 1.000000, 2, 27.602986, 91901.951266, 91901.951266
Z2, 3, 6, 720, 10768.000000, 0.101065, 106545.292633, 106608.000000, 1.000000, 2, 27.602986, 97856.105910, 97856.105910
Z2, 4, 6, 720, 14912.000000, 0.101043, 147580.732955, 147640.000000, 1.000000, 2, 27.602986, 106063.193974, 106063.193974
Z2, 5, 6, 720, 14376.000000, 0.101088, 142212.725546, 142336.000000, 1.000000, 2, 27.602986, 104989.592492, 104989.592492
Z2, 6, 6, 720, 7176.000000, 0.100990, 71056.540252, 71760.000000, 1.000000, 2, 27.602986, 90758.355434, 90758.355434
Z2, 7, 6, 720, 8768.000000, 0.101030, 86786.103138, 86808.000000, 1.000000, 2, 27.602986, 93904.268011, 93904.268011
Z3, 0, 6, 720, 6760.000000, 0.323715, 20882.566455, 20928.000000, 1.000000, 2, 27.602986, 80723.560674, 80723.560674
Z3, 1, 6, 720, 8320.000000, 0.100988, 82386.026063, 83200.000000, 1.000000, 2, 27.602986, 93024.252596, 93024.252596
Z3, 2, 6, 720, 7800.000000, 0.101020, 77212.433182, 77224.000000, 1.000000, 2, 27.602986, 91989.534020, 91989.534020
Z3, 3, 6, 720, 6928.000000, 0.100914, 68652.516004, 69280.000000, 1.000000, 2, 27.602986, 90277.550584, 90277.550584
Z3, 4, 6, 720, 7472.000000, 0.101036, 73953.838236, 73976.000000, 1.000000, 2, 27.602986, 91337.815030, 91337.815030
Z3, 5, 6, 720, 7416.000000, 0.101011, 73417.746582, 73424.000000, 1.000000, 2, 27.602986, 91230.596700, 91230.596700
Z3, 6, 6, 720, 6760.000000, 0.100999, 66931.355756, 67600.000000, 1.000000, 2, 27.602986, 89933.318534, 89933.318534
Z3, 7, 6, 720, 7600.000000, 0.101027, 75227.414454, 75240.000000, 1.000000, 2, 27.602986, 91592.530274, 91592.530274
Z3, 8, 6, 720, 7600.000000, 0.101063, 75200.617437, 75240.000000, 1.000000, 2, 27.602986, 91587.170871, 91587.170871
Z3, 9, 6, 720, 12912.000000, 0.101062, 127763.155291, 127840.000000, 1.000000, 2, 27.602986, 102099.678441, 102099.678441
Z3, 10, 6, 720, 17552.000000, 0.101076, 173651.509755, 173776.000000, 1.000000, 2, 27.602986, 111277.349334, 111277.349334
Z3, 11, 6, 720, 14968.000000, 0.101059, 148111.499223, 148192.000000, 1.000000, 2, 27.602986, 106169.347228, 106169.347228
Z3, 12, 6, 720, 10336.000000, 0.101010, 102326.502327, 102336.000000, 1.000000, 2, 27.602986, 97012.347849, 97012.347849
Z3, 13, 6, 720, 18344.000000, 0.101040, 181551.860649, 181616.000000, 1.000000, 2, 27.602986, 112857.419513, 112857.419513
Z3, 14, 6, 720, 20456.000000, 0.101104, 202326.317455, 202528.000000, 1.000000, 2, 27.602986, 117012.310874, 117012.310874
Z3, 15, 6, 720, 12480.000000, 0.101062, 123488.551582, 123560.000000, 1.000000, 2, 27.602986, 101244.757700, 101244.757700
Z3, 16, 6, 720, 18912.000000, 0.101062, 187132.651244, 187240.000000, 1.000000, 2, 27.602986, 113973.577632, 113973.577632
Z3, 17, 6, 720, 16112.000000, 0.101047, 159450.552713, 159520.000000, 1.000000, 2, 27.602986, 108437.157926, 108437.157926
Z3, 18, 6, 720, 17456.000000, 0.101082, 172691.478206, 172824.000000, 1.000000, 2, 27.602986, 111085.343024, 111085.343024
Z3, 19, 6, 720, 16088.000000, 0.101057, 159197.284701, 159280.000000, 1.000000, 2, 27.602986, 108386.504323, 108386.504323
Z3, 20, 6, 720, 31984.000000, 0.101121, 316294.340444, 316672.000000, 1.000000, 2, 27.602986, 139805.915472, 139805.915472
Z3, 21, 6, 720, 21472.000000, 0.101046, 212497.278467, 212592.000000, 1.000000, 2, 27.602986, 119046.503077, 119046.503077
Z3, 22, 6, 720, 19320.000000, 0.101070, 191154.645295, 191280.000000, 1.000000, 2, 27.602986, 114777.976442, 114777.976442
Z3, 23, 6, 720, 33040.000000, 0.101094, 326824.539537, 327128.000000, 1.000000, 2, 27.602986, 141911.955291, 141911.955291
Z3, 24, 6, 720, 26472.000000, 0.101140, 261736.207237, 262096.000000, 1.000000, 2, 27.602986, 128894.288831, 128894.288831
Z3, 25, 6, 720, 12984.000000, 0.101062, 128475.589242, 128552.000000, 1.000000, 2, 27.602986, 102242.165232, 102242.165232
Z3, 26, 6, 720, 21128.000000, 0.101051, 209082.542479, 209184.000000, 1.000000, 2, 27.602986, 118363.555879, 118363.555879
Z3, 27, 6, 720, 21576.000000, 0.101042, 213534.965658, 213616.000000, 1.000000, 2, 27.602986, 119254.040515, 119254.040515
Z3, 28, 6, 720, 9568.000000, 0.100964, 94766.451408, 95680.000000, 1.000000, 2, 27.602986, 95500.337665, 95500.337665
Z3, 29, 6, 720, 12800.000000, 0.101080, 126632.370400, 126728.000000, 1.000000, 2, 27.602986, 101873.521463, 101873.521463
Z3, 30, 6, 720, 7048.000000, 0.100972, 69801.529137, 70480.000000, 1.000000, 2, 27.602986, 90507.353211, 90507.353211
Z3, 31, 6, 720, 8656.000000, 0.101018, 85687.699222, 85696.000000, 1.000000, 2, 27.602986, 93684.587228, 93684.587228
Z3, 32, 6, 720, 9488.000000, 0.101038, 93905.263366, 93936.000000, 1.000000, 2, 27.602986, 95328.100056, 95328.100056
Z3, 33, 6, 720, 8424.000000, 0.100873, 83510.949412, 84240.000000, 1.000000, 2, 27.602986, 93249.237266, 93249.237266
Z3, 34, 6, 720, 9328.000000, 0.101031, 92328.097317, 92352.000000, 1.000000, 2, 27.602986, 95012.666847, 95012.666847
Z3, 35, 6, 720, 8680.000000, 0.101032, 85913.373981, 85936.000000, 1.000000, 2, 27.602986, 93729.722179, 93729.722179
Z3, 36, 6, 720, 7160.000000, 0.100988, 70899.512813, 71600.000000, 1.000000, 2, 27.602986, 90726.949946, 90726.949946
Z3, 37, 6, 720, 10360.000000, 0.101056, 102517.416086, 102568.000000, 1.000000, 2, 27.602986, 97050.530600, 97050.530600
Z3, 38, 6, 720, 9048.000000, 0.100957, 89622.314451, 90480.000000, 1.000000, 2, 27.602986, 94471.510273, 94471.510273
Z1, 0, 7, 720, 14352.000000, 0.322645, 44482.325776, 44568.000000, 1.000000, 2, 33.126383, 90733.601450, 90733.601450
Z2, 0, 7, 720, 6624.000000, 0.323176, 20496.571528, 20504.000000, 1.000000, 2, 33.126383, 85936.450601, 85936.450601
Z2, 1, 7, 720, 6792.000000, 0.100853, 67345.542522, 67920.000000, 1.000000, 2, 33.126383, 95306.244800, 95306.244800
Z2, 2, 7, 720, 7408.000000, 0.100864, 73445.431472, 74080.000000, 1.000000, 2, 33.126383, 96526.222590, 96526.222590
Z2, 3, 7, 720, 7464.000000, 0.100886, 73984.497353, 74640.000000, 1.000000, 2, 33.126383, 96634.035766, 96634.035766
Z2, 4, 7, 720, 10144.000000, 0.100906, 100529.205399, 101440.000000, 1.000000, 2, 33.126383, 101942.977375, 101942.977375
Z2, 5, 7, 720, 16856.000000, 0.100877, 167094.580529, 168560.000000, 1.000000, 2, 33.126383, 115256.052401, 115256.052401
Z2, 6, 7, 720, 9672.000000, 0.100755, 95995.235968, 96720.000000, 1.000000, 2, 33.126383, 101036.183489, 101036.183489
Z2, 7, 7, 720, 13368.000000, 0.100826, 132584.849146, 133680.000000, 1.000000, 2, 33.126383, 108354.106124, 108354.106124
Z3, 0, 7, 720, 6656.000000, 0.322059, 20667.020639, 20664.000000, 1.000000, 2, 33.126383, 85970.540423, 85970.540423
Z3, 1, 7, 720, 7664.000000, 0.100925, 75937.577409, 76640.000000, 1.000000, 2, 33.126383, 97024.651777, 97024.651777
Z3, 2, 7, 720, 7664.000000, 0.100876, 75974.463698, 76640.000000, 1.000000, 2, 33.126383, 97032.029035, 97032.029035
Z3, 3, 7, 720, 6920.000000, 0.100886, 68592.272466, 69200.000000, 1.000000, 2, 33.126383, 95555.590788, 95555.590788
Z3, 4, 7, 720, 7504.000000, 0.100880, 74385.408406, 75040.000000, 1.000000, 2, 33.126383, 96714.217976, 96714.217976
Z3, 5, 7, 720, 7480.000000, 0.100885, 74143.827130, 74800.000000, 1.000000, 2, 33.126383, 96665.901721, 96665.901721
Z3, 6, 7, 720, 6728.000000, 0.100850, 66712.940010, 67280.000000, 1.000000, 2, 33.126383, 95179.724297, 95179.724297
Z3, 7, 7, 720, 7632.000000, 0.100873, 75659.492629, 76320.000000, 1.000000, 2, 33.126383, 96969.034821, 96969.034821
Z3, 8, 7, 720, 7392.000000, 0.100954, 73221.467203, 73920.000000, 1.000000, 2, 33.126383, 96481.429736, 96481.429736
Z3, 9, 7, 720, 12800.000000, 0.101007, 126723.890423, 126728.000000, 1.000000, 2, 33.126383, 107181.914380, 107181.914380
Z3, 10, 7, 720, 16760.000000, 0.100986, 165963.598915, 167600.000000, 1.000000, 2, 33.126383, 115029.856078, 115029.856078
Z3, 11, 7, 720, 14104.000000, 0.101008, 139632.504356, 139640.000000, 1.000000, 2, 33.126383, 109763.637166, 109763.637166
Z3, 12, 7, 720, 9704.000000, 0.100890, 96183.962732, 97040.000000, 1.000000, 2, 33.126383, 101073.928841, 101073.928841
Z3, 13, 7, 720, 17248.000000, 0.100875, 170983.890954, 172480.000000, 1.000000, 2, 33.126383, 116033.914486, 116033.914486
Z3, 14, 7, 720, 21552.000000, 0.101040, 213301.662708, 213384.000000, 1.000000, 2, 33.126383, 124497.468837, 124497.468837
Z3, 15, 7, 720, 16688.000000, 0.101015, 165203.187645, 165224.000000, 1.000000, 2, 33.126383, 114877.773824, 114877.773824
Z3, 16, 7, 720, 23312.000000, 0.100972, 230875.886384, 233120.000000, 1.000000, 2, 33.126383, 128012.313572, 128012.313572
Z3, 17, 7, 720, 14952.000000, 0.100964, 148092.389367, 149520.000000, 1.000000, 2, 33.126383, 111455.614168, 111455.614168
Z3, 18, 7, 720, 23928.000000, 0.101006, 236896.818011, 236904.000000, 1.000000, 2, 33.126383, 129216.499897, 129216.499897
Z3, 19, 7, 720, 29544.000000, 0.100911, 292772.839433, 295440.000000, 1.000000, 2, 33.126383, 140391.704182, 140391.704182
Z3, 20, 7, 720, 31920.000000, 0.101027, 315955.140705, 316032.000000, 1.000000, 2, 33.126383, 145028.164436, 145028.164436
Z3, 21, 7, 720, 15096.000000, 0.101034, 149415.048400, 149464.000000, 1.000000, 2, 33.126383, 111720.145975, 111720.145975
Z3, 22, 7, 720, 22296.000000, 0.100967, 220824.625868, 222960.000000, 1.000000, 2, 33.126383, 126002.061469, 126002.061469
Z3, 23, 7, 720, 24272.000000, 0.101047, 240205.053094, 240312.000000, 1.000000, 2, 33.126383, 129878.146914, 129878.146914
Z3, 24, 7, 720, 13368.000000, 0.100932, 132445.606943, 133680.000000, 1.000000, 2, 33.126383, 108326.257684, 108326.257684
Z3, 25, 7, 720, 21768.000000, 0.101048, 215422.373525, 215520.000000, 1.000000, 2, 33.126383, 124921.611000, 124921.611000
Z3, 26, 7, 720, 21680.000000, 0.101040, 214568.487728, 214648.000000, 1.000000, 2, 33.126383, 124750.833841, 124750.833841
Z3, 27, 7, 720, 15008.000000, 0.100882, 148767.867409, 150080.000000, 1.000000, 2, 33.126383, 111590.709777, 111590.709777
Z3, 28, 7, 720, 13424.000000, 0.100940, 132989.894987, 134240.000000, 1.000000, 2, 33.126383, 108435.115293, 108435.115293
Z3, 29, 7, 720, 8064.000000, 0.100901, 79919.921507, 80640.000000, 1.000000, 2, 33.126383, 97821.120597, 97821.120597
Z3, 30, 7, 720, 9424.000000, 0.100989, 93317.093941, 94240.000000, 1.000000, 2, 33.126383, 100500.555083, 100500.555083
Z3, 31, 7, 720, 7368.000000, 0.100921, 73007.600004, 73680.000000, 1.000000, 2, 33.126383, 96438.656296, 96438.656296
Z3, 32, 7, 720, 8792.000000, 0.100963, 87081.406060, 87920.000000, 1.000000, 2, 33.126383, 99253.417507, 99253.417507
Z3, 33, 7, 720, 8568.000000, 0.100886, 84927.541978, 85680.000000, 1.000000, 2, 33.126383, 98822.644691, 98822.644691
Z3, 34, 7, 720, 7064.000000, 0.100864, 70034.898477, 70640.000000, 1.000000, 2, 33.126383, 95844.115991, 95844.115991
Z3, 35, 7, 720, 10104.000000, 0.101012, 100027.719479, 100032.000000, 1.000000, 2, 33.126383, 101842.680191, 101842.680191
Z3, 36, 7, 720, 8640.000000, 0.100928, 85605.580216, 86400.000000, 1.000000, 2, 33.126383, 98958.252338, 98958.252338
Z3, 37, 7, 720, 7168.000000, 0.100884, 71051.901193, 71680.000000, 1.000000, 2, 33.126383, 96047.516534, 96047.516534
Z3, 38, 7, 720, 8160.000000, 0.100915, 80860.129812, 81600.000000, 1.000000, 2, 33.126383, 98009.162258, 98009.162258
